6 21 11 2 50 13 30 41 42 39 0 28 23 34 44 32 29 45 24 19 37 9 27 12 20 43 1 35 15 18 17 38 25 36 8 48 47 46 31 5 10 49 22 4 7 26 3 40 51 16 33 14
49 34 47 31 43 6 37 25 23 19 45 36 18 1 40 21 46 24 8 10 48 17 38 9 12 13 22 7 30 3 14 26 0 42 2 44 35 32 39 50 29 5 41 28 51 11 4 16 33 20 15 27
21 51 2 8 9 30 36 37 14 12 43 26 38 4 16 45 39 25 35 48 17 1 31 50 13 18 3 27 47 49 32 28 7 34 6 44 19 29 11 24 33 0 40 46 41 20 5 22 42 10 15 23
23 24 16 21 33 27 11 40 17 30 20 6 46 39 34 5 7 37 15 4 0 8 35 31 36 45 13 47 51 1 3 9 50 26 32 29 10 42 49 44 38 43 14 2 19 12 25 18 48 41 28 22
50 8 27 49 2 40 4 5 44 28 46 3 12 1 41 30 10 18 22 42 29 35 23 26 33 47 24 21 6 45 17 48 38 37 43 39 15 20 9 14 36 11 32 16 34 51 19 31 0 7 25 13
13 17 26 4 37 14 0 39 7 50 19 18 3 40 23 15 46 51 33 45 31 35 16 22 24 41 29 25 42 6 43 44 28 47 21 5 20 34 32 10 49 8 27 48 1 9 30 2 36 38 12 11
47 31 10 46 17 33 9 45 49 2 23 30 7 1 5 19 8 42 51 29 32 39 22 44 21 28 27 25 4 13 41 11 16 14 15 35 38 24 37 0 12 50 20 43 26 48 18 3 36 40 34 6
46 2 6 19 8 38 12 37 20 14 11 28 23 42 26 21 51 41 1 25 45 33 22 10 4 32 18 15 29 30 48 40 17 13 35 3 36 39 7 31 47 16 44 0 27 5 50 24 49 34 9 43
28 41 42 36 4 17 12 5 9 51 19 16 20 22 34 13 33 8 25 6 11 40 24 35 29 1 27 37 10 46 26 45 14 39 7 32 48 44 0 18 3 38 2 15 50 49 31 21 47 23 43 30
32 45 12 11 40 21 27 19 38 13 17 36 6 31 33 1 14 10 29 2 44 42 3 22 25 46 0 20 37 43 39 47 34 50 23 51 16 4 8 49 9 48 24 7 5 26 28 15 35 41 30 18
44 39 5 29 0 22 30 50 26 43 14 23 33 18 2 38 12 21 11 34 42 3 16 13 7 41 46 51 37 24 28 8 1 49 27 31 15 10 40 9 17 19 32 48 25 47 20 6 35 36 4 45
0 11 29 28 41 40 31 33 10 36 42 47 18 45 22 38 51 4 3 34 5 44 1 50 49 37 23 8 35 43 24 19 13 46 32 17 20 12 9 21 30 7 2 39 16 15 14 26 48 6 25 27
45 23 1 18 37 6 19 20 42 50 38 36 35 11 22 33 28 10 3 14 34 5 41 47 31 0 15 32 16 46 24 21 4 26 43 48 17 49 51 40 13 8 30 9 29 7 39 44 25 27 12 2
11 28 36 38 2 10 18 3 33 47 23 24 41 43 5 21 42 7 27 40 9 1 4 44 26 16 8 29 19 34 30 20 37 32 17 35 50 48 13 49 46 12 51 14 22 15 25 0 39 31 6 45
16 12 6 32 44 45 25 46 26 15 38 11 47 39 2 35 22 0 20 3 8 31 48 1 40 34 43 5 14 7 51 13 9 18 24 19 37 33 41 49 21 50 4 28 27 23 36 17 29 10 30 42
29 37 8 21 45 15 47 6 36 39 13 17 46 34 24 48 31 26 35 4 25 14 30 42 0 51 12 40 22 44 3 5 20 16 19 27 50 41 1 49 7 28 38 32 10 18 43 9 33 11 2 23
36 48 13 37 25 24 16 8 14 38 26 42 34 0 23 40 30 45 51 46 28 31 27 12 10 21 32 19 5 3 29 43 20 15 17 6 44 33 22 4 35 18 39 11 1 2 50 49 41 47 9 7
35 11 46 4 19 25 22 14 21 6 8 23 3 36 43 27 2 7 24 1 29 0 10 51 30 40 44 42 5 39 31 38 17 28 13 26 37 12 41 45 32 33 16 49 48 50 20 15 34 18 47 9
31 35 21 36 25 29 44 46 7 48 18 37 9 28 2 0 23 34 3 13 12 47 39 51 4 24 45 30 8 6 17 50 49 27 5 32 20 33 43 1 42 22 15 16 41 19 14 11 40 26 38 10
10 45 2 34 31 44 17 38 29 27 1 9 21 15 41 19 4 47 26 50 32 20 30 6 16 35 0 43 48 39 18 12 49 40 36 24 42 51 23 28 7 25 13 3 22 8 37 33 11 46 5 14
22 18 26 38 36 4 46 32 25 5 7 30 33 40 1 29 6 37 28 3 0 2 43 42 24 17 12 41 34 23 35 50 8 13 21 48 45 49 20 16 15 27 39 19 9 51 10 11 47 31 14 44
22 3 51 46 20 24 34 17 38 10 11 0 33 30 4 32 43 40 42 25 44 14 16 39 36 8 26 9 27 49 7 29 21 15 19 28 50 18 31 41 5 1 13 6 35 12 45 47 37 2 23 48
22 1 18 21 34 44 30 3 50 46 40 29 11 27 47 41 37 43 32 20 10 36 17 0 14 19 8 15 2 9 39 42 38 35 12 23 45 26 31 48 28 4 33 51 25 7 16 24 6 49 13 5
47 31 14 51 7 20 39 21 19 40 42 33 26 38 34 6 24 35 5 13 11 43 17 30 50 23 22 25 8 45 36 18 41 48 1 32 29 28 2 37 16 10 12 0 3 9 4 46 15 27 44 49
5 1 33 51 26 25 9 44 15 49 2 23 6 29 4 22 8 11 7 13 3 46 32 10 12 34 21 40 31 39 41 45 28 48 38 27 43 36 14 18 30 16 37 42 0 19 20 17 50 35 24 47
20 25 4 38 42 43 49 8 22 21 39 5 48 35 33 19 32 27 28 10 7 36 47 16 12 3 34 23 14 30 46 1 50 29 6 15 2 17 24 40 51 26 9 37 41 31 45 44 11 13 0 18
38 8 40 29 39 50 30 33 43 14 28 3 48 12 20 5 42 13 37 6 16 23 0 22 32 4 25 19 9 1 36 35 34 21 46 49 18 2 10 44 41 31 17 11 51 7 24 26 47 15 27 45
36 45 40 6 37 49 33 25 32 17 44 23 15 34 21 31 5 16 20 13 28 8 41 24 26 51 27 12 38 47 43 29 50 48 3 0 2 42 11 22 1 35 30 7 19 4 18 14 9 39 10 46
29 23 30 6 28 37 51 5 39 32 14 18 2 35 19 33 48 34 45 7 3 10 16 1 9 40 0 24 4 41 15 12 11 20 44 43 50 8 31 27 47 26 13 49 21 22 38 36 25 17 46 42
2 21 13 43 7 16 35 30 3 5 33 29 46 17 19 50 27 41 42 40 32 48 44 45 37 10 28 6 9 20 12 25 34 18 38 4 22 26 23 39 51 47 36 1 14 8 24 49 11 0 31 15
25 12 36 6 21 40 9 34 3 38 23 10 37 24 48 7 42 35 8 19 26 14 32 28 30 41 5 46 11 16 29 39 2 20 45 27 0 1 18 43 51 33 44 47 13 31 50 17 22 15 4 49
2 0 42 26 45 14 51 13 43 4 40 37 23 35 7 36 15 21 50 44 27 33 3 18 38 1 12 10 17 19 16 46 48 31 22 11 8 24 39 29 32 6 49 34 47 25 20 30 9 28 41 5
25 23 17 50 51 7 2 37 12 13 44 32 24 46 41 43 42 29 47 1 20 3 36 19 33 28 11 5 48 21 30 39 16 34 31 45 4 38 22 8 9 6 40 18 27 26 35 10 49 0 15 14
24 33 8 4 6 28 50 40 0 48 18 17 26 7 3 13 46 25 32 12 49 22 37 47 39 1 27 5 51 31 38 45 21 10 19 35 30 9 20 23 41 43 11 2 36 42 15 44 14 34 29 16
11 3 50 49 17 29 4 30 7 36 2 13 9 26 28 15 20 21 22 25 48 27 23 42 0 39 33 1 34 12 32 35 19 45 46 37 5 38 6 44 41 10 18 16 24 40 43 31 8 47 51 14
2 32 12 47 11 13 24 31 51 42 27 35 25 30 19 37 45 14 18 28 39 26 17 49 41 34 23 48 3 9 44 16 21 6 40 20 8 1 50 33 0 5 15 22 7 36 46 10 4 43 29 38
7 23 1 26 5 25 18 27 6 32 3 4 24 11 9 28 49 30 12 15 20 16 45 44 22 34 21 14 0 39 46 38 10 33 35 41 13 48 31 29 8 51 19 47 42 2 17 50 43 37 36 40
25 42 13 47 7 20 4 37 3 9 33 5 0 36 40 51 16 28 2 32 41 18 27 44 17 50 10 14 30 31 15 8 34 26 38 23 43 49 29 39 11 19 21 35 24 45 6 12 22 46 1 48
19 47 40 33 21 35 46 17 38 48 34 20 2 50 23 9 6 42 15 28 1 13 32 8 37 0 29 24 45 30 3 49 43 26 44 22 31 39 5 4 27 11 18 25 41 7 36 16 51 14 12 10
38 23 39 28 17 47 49 21 43 25 36 44 34 33 19 22 16 46 13 27 32 15 10 31 51 37 42 41 18 30 11 12 45 2 5 8 20 0 3 40 14 50 1 9 6 7 24 4 35 48 29 26
5 20 7 50 3 29 11 16 42 43 8 45 14 48 39 47 6 2 0 27 23 51 17 49 24 35 41 15 30 4 10 40 28 21 22 44 25 31 38 18 19 37 34 9 33 12 13 32 1 46 26 36
31 2 43 23 15 37 35 41 22 25 38 24 26 19 28 11 10 27 51 20 3 36 29 7 40 18 33 1 42 47 8 44 49 46 39 14 34 0 12 4 21 17 30 16 50 9 6 13 48 45 5 32
37 19 41 49 5 25 3 15 42 9 24 7 30 27 8 51 31 13 6 38 43 1 21 34 18 23 22 20 32 29 45 46 10 35 36 0 4 11 39 28 47 17 16 14 33 40 12 48 26 2 44 50
35 44 3 34 8 11 49 24 23 13 38 16 0 30 29 18 41 37 21 2 4 27 47 32 14 22 50 46 43 1 12 20 48 51 45 15 40 7 31 42 5 10 36 26 28 6 39 33 19 17 25 9
40 42 2 17 48 13 46 27 18 6 10 23 34 11 51 44 37 21 39 32 28 3 16 43 31 22 30 45 50 49 33 0 24 26 5 14 29 4 1 12 9 41 20 7 36 15 38 47 8 25 35 19
15 9 1 48 28 41 47 26 11 8 27 39 25 45 22 23 7 19 51 38 32 24 30 0 21 46 12 31 33 34 20 43 6 29 5 44 35 40 16 36 2 50 49 42 4 10 13 18 3 17 14 37
18 38 45 33 3 34 32 2 16 28 24 51 22 11 8 15 36 4 1 6 41 44 21 27 23 10 37 12 30 50 47 13 0 17 29 49 40 26 25 9 42 7 20 31 14 39 5 43 35 19 46 48
28 1 22 12 36 20 26 7 6 23 21 27 25 16 29 10 24 15 0 45 44 43 40 4 41 47 51 3 13 30 39 49 5 34 42 17 35 37 33 46 32 38 14 2 31 19 18 11 50 9 48 8
14 29 8 35 43 40 18 15 27 9 23 34 7 20 1 24 5 42 6 28 32 11 3 50 51 26 31 47 45 4 37 49 44 41 17 25 12 16 46 13 30 21 39 38 33 0 48 36 22 19 2 10
0 38 37 41 15 45 27 23 24 25 12 22 40 14 51 46 5 2 50 10 36 28 47 35 48 4 33 31 17 13 34 11 21 44 19 18 49 32 42 9 3 1 20 16 7 8 26 30 29 39 6 43
41 37 4 33 21 29 27 23 42 6 24 39 7 8 49 11 50 1 15 14 16 17 47 28 3 26 5 51 48 10 0 43 44 36 25 19 35 2 13 20 30 38 9 32 46 40 45 34 22 18 31 12
35 4 41 23 32 42 31 39 6 5 19 45 24 20 33 30 22 21 27 15 38 51 11 13 37 40 48 8 43 12 44 47 3 10 0 9 18 17 49 26 1 28 25 50 46 14 16 2 36 29 34 7
4 23 14 17 24 21 13 50 15 37 6 43 0 40 45 25 47 42 11 33 10 30 20 39 31 27 8 44 5 7 22 36 49 2 34 19 38 1 9 16 32 41 46 26 29 51 18 35 28 3 48 12
7 49 32 39 45 47 51 18 9 11 38 44 20 14 4 24 3 33 13 46 21 5 50 0 42 22 17 43 27 30 36 35 16 23 15 31 8 29 1 19 10 48 40 25 6 28 2 26 37 34 12 41
18 1 42 10 25 34 15 51 31 38 28 47 0 30 33 44 45 37 49 5 6 32 36 17 9 26 27 46 11 50 41 16 8 24 4 3 2 21 12 39 20 7 35 19 40 29 48 22 14 43 23 13
11 8 42 46 14 10 7 28 2 19 31 35 30 9 27 33 23 34 51 40 0 26 15 32 13 29 16 37 48 50 20 24 47 36 38 17 41 43 4 21 49 6 18 39 1 25 5 45 44 12 3 22
10 14 30 22 17 31 16 34 43 42 6 27 29 12 18 9 7 50 3 20 40 37 25 2 49 36 41 19 38 32 11 51 15 28 23 44 8 13 24 5 46 47 39 26 21 45 4 33 48 1 0 35
5 30 18 41 44 50 36 7 26 22 6 46 45 13 31 19 3 25 14 42 8 24 47 21 9 20 49 17 0 35 28 23 16 12 27 11 48 51 29 38 34 43 39 33 2 10 40 32 1 37 4 15
48 25 40 36 32 12 9 16 43 37 23 17 1 27 39 42 49 18 8 20 46 38 22 24 19 47 45 6 50 29 34 0 2 33 30 13 51 35 41 31 3 21 7 5 4 15 10 14 11 26 44 28
36 45 16 25 20 47 19 48 7 18 46 10 28 42 24 14 43 29 3 40 13 49 11 4 9 30 2 41 8 22 31 32 34 12 5 50 51 33 37 38 17 23 1 44 26 39 21 6 0 27 15 35
47 11 26 42 15 14 33 24 49 39 17 23 22 40 27 34 29 28 51 48 50 10 20 0 36 31 9 16 3 7 5 8 1 25 45 35 13 12 6 19 38 30 44 21 43 4 32 18 2 37 46 41
33 10 12 51 40 49 26 32 34 2 20 39 41 23 17 48 7 21 25 35 28 43 5 47 14 15 27 38 16 29 8 24 13 6 30 37 36 4 22 9 19 18 46 1 11 50 3 31 45 42 0 44
2 37 39 36 27 17 47 25 45 22 1 4 35 23 14 9 5 28 15 29 12 3 46 20 40 0 8 31 33 32 10 19 26 51 21 16 18 24 7 50 38 6 13 30 43 11 44 48 49 41 34 42
24 1 12 15 41 51 35 37 22 10 45 4 19 0 44 47 48 14 42 20 33 21 8 32 43 29 9 39 30 5 31 50 25 46 34 2 36 40 26 7 3 6 23 16 27 38 18 17 13 11 49 28
6 43 4 33 40 47 36 34 10 27 3 18 25 8 28 35 38 19 39 13 12 30 41 31 22 11 51 5 37 21 0 24 2 23 29 14 1 15 45 42 20 48 17 49 50 44 46 7 9 32 26 16
11 8 24 16 26 33 34 29 27 20 17 18 23 14 39 40 37 38 2 5 45 9 6 10 21 3 0 4 41 15 28 48 36 32 13 43 50 49 25 19 1 44 31 12 7 22 47 51 30 46 42 35
43 33 2 38 12 24 40 13 46 5 20 6 29 11 17 47 48 28 51 34 27 16 50 26 49 39 14 9 44 0 25 30 42 10 15 36 8 31 19 37 3 21 32 22 1 4 7 18 23 41 45 35
51 6 43 36 31 50 48 42 15 10 0 29 30 1 24 21 26 12 45 23 3 28 46 16 33 18 7 39 14 44 41 11 40 19 34 38 27 5 47 4 25 20 17 22 2 49 32 9 8 13 35 37
15 4 13 30 20 25 46 42 37 38 32 7 27 3 41 51 8 47 35 24 22 21 6 43 39 33 14 49 50 26 48 16 12 34 10 11 18 9 5 2 29 19 36 1 17 44 28 0 31 40 23 45
13 46 43 35 26 21 0 3 8 36 49 10 30 1 15 5 17 9 11 23 51 22 12 24 20 2 4 7 16 40 45 33 50 32 39 41 27 44 19 47 28 6 38 48 18 34 37 29 25 31 14 42
36 2 9 48 16 41 29 50 45 32 24 4 13 14 51 28 47 22 0 19 18 49 43 37 31 21 35 25 20 12 33 39 26 44 6 11 5 40 42 7 38 34 23 15 8 1 3 10 46 17 30 27
22 51 44 26 15 40 46 32 9 11 13 10 41 27 18 29 45 30 14 48 50 39 47 42 49 31 20 34 24 28 17 4 1 0 3 43 37 35 36 2 38 19 33 6 12 25 23 7 16 21 8 5
39 24 34 7 47 4 40 2 12 30 5 14 26 37 22 46 16 0 44 3 8 32 1 18 29 31 41 10 21 23 48 15 38 42 27 45 20 33 11 6 17 51 43 28 19 25 13 49 36 50 9 35
15 7 1 18 27 33 22 20 23 11 39 36 6 26 21 35 37 30 3 31 44 25 9 46 4 19 50 13 48 17 41 24 2 16 47 34 43 38 5 28 45 10 8 29 40 51 49 0 32 42 14 12
9 42 51 15 25 18 28 47 0 22 27 37 8 24 31 7 33 12 41 20 16 39 21 45 38 43 50 5 2 46 3 6 11 1 19 34 40 13 32 44 14 23 49 26 48 29 4 30 36 17 10 35
25 4 38 34 0 46 16 18 40 37 29 5 9 14 7 31 33 43 42 20 11 27 45 47 13 12 51 23 21 39 19 17 10 41 49 48 36 50 22 30 44 8 26 1 24 28 32 3 6 35 2 15
28 10 33 36 9 29 34 43 50 15 48 5 25 16 32 42 37 30 21 11 45 13 38 12 3 6 4 31 14 17 20 7 19 18 35 44 2 39 1 51 8 49 46 26 40 24 47 0 41 27 22 23
33 5 32 22 15 1 42 7 17 9 20 27 13 16 35 29 49 51 40 44 26 25 30 4 46 50 6 0 47 2 45 23 43 3 10 18 8 38 21 37 12 31 48 39 34 19 24 36 14 28 41 11
6 7 42 38 4 2 9 11 5 50 27 21 0 32 40 16 29 19 24 47 43 12 22 51 49 13 37 20 23 30 39 14 3 25 28 36 45 15 26 34 1 46 10 44 35 18 8 31 41 33 17 48
17 40 18 31 2 47 45 34 39 16 33 38 5 0 8 20 11 7 12 37 51 25 24 48 44 30 32 6 13 42 3 29 1 41 50 10 49 27 9 21 28 15 14 19 26 23 43 36 46 22 35 4
10 9 51 47 45 25 23 4 8 40 39 32 5 1 24 28 14 50 48 12 34 7 16 21 6 31 3 2 36 11 29 41 18 38 15 26 19 13 22 35 46 17 0 42 49 43 37 33 44 27 20 30
5 38 41 22 10 27 28 9 13 45 33 43 21 1 50 44 20 8 48 46 12 4 18 49 3 37 36 7 35 6 47 34 26 2 16 0 25 14 42 39 19 29 40 15 11 24 31 17 23 30 32 51
7 0 22 19 35 43 36 6 15 33 24 9 12 50 10 49 44 27 3 45 8 29 18 23 51 39 14 2 17 48 11 28 30 21 37 41 4 20 1 47 5 16 46 31 38 32 42 26 25 34 40 13
7 37 40 26 17 23 50 39 16 42 12 43 13 49 41 30 46 45 2 21 35 0 33 14 22 34 51 29 47 27 5 38 1 4 19 48 20 25 11 31 18 15 24 36 6 9 8 28 32 44 3 10
48 3 39 35 16 10 8 12 28 22 4 30 41 6 33 1 37 15 18 40 26 36 24 46 9 14 2 21 17 51 34 45 29 32 27 19 0 11 44 31 50 47 49 42 25 38 5 20 23 13 7 43
8 27 34 21 36 42 51 10 41 12 14 44 28 2 1 24 11 5 32 0 18 35 4 16 46 31 25 50 40 49 33 30 29 48 26 7 45 23 37 22 9 20 6 17 13 3 38 15 19 47 43 39
17 21 36 26 9 15 20 44 45 49 3 35 27 24 8 46 6 7 14 31 47 19 40 48 33 18 29 34 10 51 4 5 23 11 16 43 0 28 39 22 13 42 12 50 2 1 41 25 38 37 30 32
29 8 32 24 40 16 51 7 28 18 14 25 39 33 43 21 37 12 11 44 38 0 48 42 6 34 2 45 26 19 31 10 22 36 20 1 27 15 3 46 4 49 9 13 30 5 47 23 17 41 35 50
11 39 43 51 17 24 36 28 37 32 22 20 23 6 46 4 47 30 31 15 2 25 18 16 48 34 5 42 50 10 9 13 45 41 26 12 40 19 35 49 8 0 1 14 38 7 21 44 27 33 3 29
42 26 12 34 45 22 44 37 36 38 27 50 9 40 46 30 7 13 1 10 51 4 48 2 19 3 15 20 28 49 31 6 14 32 41 17 43 0 24 33 29 35 11 16 5 47 18 8 23 21 25 39
23 13 46 12 41 17 24 14 49 22 9 37 0 21 33 11 30 10 38 31 20 36 8 39 5 51 44 1 27 7 34 15 29 25 16 2 43 32 48 6 26 47 3 4 35 40 28 50 42 19 18 45
35 21 12 9 36 30 34 17 26 49 13 24 23 29 5 20 28 4 10 27 25 1 48 43 44 42 3 32 7 33 0 51 16 15 6 8 45 18 22 46 50 14 37 2 31 41 38 11 40 19 47 39
11 41 26 44 14 49 37 9 36 31 5 20 48 34 30 0 27 47 35 17 4 42 3 38 12 7 28 21 39 46 10 15 16 32 19 51 18 24 23 8 43 2 50 33 13 1 6 29 22 40 45 25
6 38 15 0 1 39 31 12 35 18 9 10 13 34 3 22 50 24 41 51 4 37 7 8 25 26 36 14 49 40 43 42 47 46 44 48 30 11 20 29 2 32 27 23 28 45 19 33 17 16 5 21
49 0 13 24 23 4 30 36 12 21 43 16 11 7 32 51 35 46 40 50 22 5 19 17 20 38 33 47 27 31 25 10 8 9 28 41 42 2 45 44 39 6 14 26 37 3 48 18 34 29 1 15
25 0 16 36 26 6 18 1 50 32 11 29 49 7 40 14 21 10 8 34 30 20 13 47 48 19 31 39 38 35 23 17 12 43 2 41 9 22 51 27 33 4 45 3 24 15 46 28 44 37 5 42
16 13 51 28 43 50 19 47 45 0 14 12 40 37 41 4 21 26 9 30 5 42 8 22 10 48 2 1 34 24 36 6 32 31 29 20 7 11 27 17 44 33 25 23 39 15 49 35 3 18 38 46
35 32 15 0 6 38 34 46 4 30 11 22 47 19 5 40 44 9 10 2 45 18 33 51 29 12 37 1 49 23 17 21 39 25 8 43 28 42 16 48 24 36 31 20 27 26 50 3 41 14 7 13
0 19 30 21 11 25 36 48 42 31 6 9 35 38 14 51 15 46 2 33 12 37 10 23 27 28 17 22 41 34 32 40 1 5 49 29 44 18 8 43 50 39 16 13 26 45 20 24 3 4 47 7
23 21 42 9 19 29 18 5 8 7 49 30 20 48 50 35 25 32 2 6 0 41 34 3 27 37 45 38 31 4 46 36 51 33 14 16 40 22 26 17 15 1 28 44 39 13 47 12 11 10 43 24
