2 38 50 51 18 30 22 19 5 24 20 21 11 25 23 28 6 40 7 31 13 45 9 48 16 3 17 39 14 36 46 37 27 4 42 44 35 34 8 1 32 12 26 33 29 41 15 0 47 10 49 43
49 10 7 50 30 32 22 8 2 24 26 36 40 42 23 15 48 35 31 18 37 0 34 16 51 25 44 1 38 3 17 11 6 27 46 20 19 41 12 13 21 28 5 29 43 45 33 4 14 39 47 9
22 35 29 0 15 47 31 5 9 24 1 10 13 12 41 3 19 2 17 37 43 4 36 39 48 42 26 8 27 11 33 6 16 20 28 18 45 51 44 21 14 7 32 23 38 46 30 40 34 49 25 50
26 34 29 21 45 35 28 47 0 9 5 38 23 2 13 18 32 15 41 49 19 37 44 42 51 24 4 14 16 40 39 36 3 7 6 12 10 25 50 20 33 27 11 48 1 43 8 22 30 46 31 17
27 28 39 44 46 38 24 48 0 29 4 10 7 49 25 18 19 9 31 21 12 36 8 20 34 22 17 6 23 32 37 42 11 51 16 15 33 5 14 41 35 1 30 50 47 43 2 3 40 13 26 45
40 26 18 23 31 0 30 9 46 8 38 20 6 1 51 34 13 21 29 3 24 5 41 25 37 32 4 2 39 33 36 28 48 42 35 49 10 19 11 47 16 27 50 12 22 44 45 17 14 15 7 43
29 11 43 51 12 40 34 38 33 25 48 9 39 47 5 30 10 26 18 45 49 24 28 14 3 1 22 13 27 44 4 15 16 8 2 0 6 7 31 37 17 21 32 35 50 23 42 19 20 41 46 36
18 0 3 10 27 38 49 23 16 32 51 42 6 39 13 19 47 44 40 2 36 29 46 50 8 5 37 48 35 4 17 31 22 28 15 34 20 30 21 14 41 12 25 1 9 43 24 45 11 33 26 7
45 34 0 3 29 37 12 31 38 19 46 24 25 8 17 35 51 1 50 33 13 36 30 15 23 10 41 6 22 7 2 28 40 47 42 21 43 32 9 49 48 20 26 18 44 14 27 5 11 4 16 39
34 24 35 13 27 6 39 17 51 3 48 19 9 46 2 25 37 42 44 1 49 50 7 30 29 40 43 23 15 10 26 41 36 11 31 38 12 21 20 22 18 47 45 28 14 32 0 8 4 5 16 33
51 17 11 18 2 26 45 12 19 20 15 43 9 24 34 44 49 48 1 39 46 13 36 37 8 40 22 32 29 5 25 14 10 23 31 41 0 38 50 30 33 3 16 4 6 28 35 42 7 21 47 27
6 42 48 2 36 47 29 1 40 7 3 32 51 20 12 39 30 18 23 50 26 44 17 25 49 35 33 21 46 38 31 9 16 5 34 11 10 14 37 19 41 43 4 0 15 28 27 24 8 45 13 22
40 9 21 27 10 17 37 4 24 41 47 3 48 2 33 14 42 11 28 50 18 49 36 20 0 19 22 45 16 30 23 7 6 51 5 12 31 13 25 32 29 26 1 44 15 38 34 46 35 39 8 43
35 18 28 22 0 50 31 14 7 43 45 16 21 32 20 30 44 51 23 26 48 25 49 29 40 38 3 41 42 34 24 36 6 12 19 2 39 10 8 27 5 15 9 37 13 1 4 46 33 17 47 11
14 12 13 38 35 31 15 47 18 3 19 46 6 28 20 11 43 40 22 33 41 26 27 48 37 16 10 29 25 2 30 50 17 39 7 42 32 44 36 45 8 24 21 4 5 34 0 1 9 23 51 49
43 10 25 4 47 51 34 42 1 15 9 30 24 28 37 20 14 49 3 35 21 18 13 50 29 41 11 32 2 19 40 26 17 31 36 22 27 16 39 38 46 23 8 48 0 45 5 12 6 7 44 33
11 36 4 5 47 34 23 38 33 28 0 27 37 45 46 20 3 32 39 7 48 19 21 15 8 2 31 29 43 24 6 25 14 22 35 50 9 44 18 41 10 26 42 30 17 12 51 49 1 40 13 16
45 35 27 29 0 44 37 50 48 47 2 25 31 14 24 3 1 40 10 51 9 41 32 5 36 4 39 38 18 49 11 8 21 22 17 23 12 20 46 43 16 34 19 42 6 28 33 26 30 15 13 7
12 39 38 34 25 13 45 42 8 47 37 29 43 48 51 7 33 32 35 14 46 21 49 11 17 1 19 31 20 10 5 30 40 23 4 3 6 28 15 44 24 26 22 2 0 50 9 36 18 27 16 41
8 18 15 27 39 36 10 0 22 26 1 24 23 40 47 6 34 43 41 7 48 11 20 33 16 2 29 35 45 14 21 17 49 13 19 30 50 38 51 12 42 25 28 37 9 32 46 5 31 44 3 4
23 32 25 31 48 30 16 35 42 49 13 40 45 22 4 37 15 7 0 43 27 2 19 11 41 46 10 24 47 44 29 6 36 34 26 5 38 33 21 17 18 8 12 14 20 3 39 50 51 9 28 1
22 45 10 50 23 7 26 35 21 40 11 42 29 36 6 1 13 41 33 32 30 20 49 43 9 3 2 46 44 18 28 19 38 24 27 15 4 8 39 37 51 16 48 0 5 31 14 25 47 12 34 17
44 15 37 51 35 49 24 26 5 2 36 30 1 33 17 41 38 16 8 32 19 48 39 31 23 14 27 40 12 28 0 50 29 7 21 18 20 6 34 3 43 42 9 22 4 10 11 45 46 25 13 47
5 18 29 3 21 23 25 8 12 36 48 20 32 19 37 49 16 13 34 46 35 30 6 31 28 10 40 24 38 1 17 47 0 27 44 43 7 51 15 42 45 22 39 11 4 9 33 14 41 26 2 50
4 17 11 25 48 28 50 0 1 27 36 10 49 2 30 20 3 8 44 29 31 47 5 16 34 46 23 22 14 9 6 32 38 21 35 42 19 24 12 43 33 15 45 40 39 37 41 7 13 51 26 18
39 14 5 47 3 44 38 25 27 20 49 24 4 46 37 26 33 32 45 17 42 29 41 6 10 40 15 36 16 9 22 13 31 18 11 0 21 30 8 23 7 48 50 43 1 2 35 19 34 51 28 12
11 23 24 5 20 29 10 8 22 17 25 16 49 37 42 27 44 2 31 47 35 9 0 46 1 15 40 7 13 39 26 36 41 18 14 6 34 3 4 19 48 45 21 43 28 50 51 38 33 12 30 32
30 22 17 6 7 42 12 36 44 28 38 40 20 33 27 14 23 5 34 1 51 49 32 4 46 31 3 43 0 10 26 16 50 11 24 41 35 21 8 25 18 2 15 19 37 39 47 9 45 29 48 13
27 33 12 39 15 48 14 45 18 44 17 24 29 37 13 21 49 26 36 47 16 3 4 51 35 40 2 5 20 50 7 9 31 30 23 41 8 25 1 46 22 28 0 19 32 38 6 34 42 10 11 43
34 50 11 42 9 5 32 3 48 18 13 23 16 12 26 10 0 33 37 27 35 14 6 38 46 36 51 15 30 25 45 24 47 31 22 28 41 17 29 43 49 19 7 2 4 39 8 1 40 44 20 21
23 5 46 30 4 35 21 11 47 3 13 51 37 39 24 10 31 50 28 7 19 0 12 17 18 44 32 8 6 9 2 15 29 34 27 14 25 45 36 33 22 41 42 20 40 16 26 48 43 49 38 1
38 19 48 14 34 43 45 2 22 3 41 40 27 10 42 26 46 50 29 35 25 13 28 47 33 4 7 5 6 21 8 12 23 36 20 11 17 51 18 37 16 44 49 31 24 1 39 0 15 9 32 30
11 33 6 14 12 31 40 47 16 24 17 38 21 10 51 35 43 41 44 19 18 46 1 8 15 27 3 34 9 42 7 5 28 23 26 0 45 32 50 30 39 4 48 13 36 29 22 25 2 49 37 20
47 12 36 14 26 2 24 29 44 22 1 21 0 16 48 37 35 33 46 23 7 43 50 25 27 17 20 13 31 30 51 28 40 19 49 15 8 41 11 42 32 38 45 4 5 34 6 18 39 10 3 9
4 10 41 20 51 39 1 49 33 0 11 44 7 12 36 37 42 23 24 17 30 29 2 32 6 27 31 5 19 3 45 35 16 26 47 25 9 8 34 43 21 48 50 14 18 46 40 13 38 28 15 22
38 33 39 11 8 19 14 26 5 18 45 49 51 36 16 24 0 35 42 37 31 3 30 32 23 10 22 27 28 15 6 21 2 7 46 25 20 4 1 12 34 13 48 44 50 17 43 9 40 29 47 41
47 24 44 11 29 28 6 46 30 37 12 26 14 33 16 0 5 50 34 1 9 8 31 32 7 4 13 27 35 38 22 51 25 40 36 17 42 48 15 20 41 39 18 3 43 2 49 10 19 21 23 45
36 3 30 5 17 34 33 46 26 14 25 41 32 40 19 47 11 49 6 9 45 29 28 15 50 21 35 23 2 37 0 24 20 13 8 44 39 10 12 18 48 42 22 1 51 16 38 7 43 4 27 31
39 41 13 35 38 18 46 23 27 3 6 11 50 31 2 45 28 29 43 26 33 15 8 34 42 47 0 25 7 37 20 49 44 40 12 36 30 9 17 24 16 51 10 21 5 22 14 48 19 1 32 4
32 13 15 28 10 12 8 18 39 27 20 25 46 21 3 23 45 2 26 24 22 41 37 44 1 38 9 11 48 17 29 16 33 19 51 34 6 31 5 49 4 43 7 14 47 50 36 40 30 42 0 35
9 18 5 50 48 29 13 23 24 19 33 30 15 12 51 27 28 46 47 41 36 25 45 11 7 49 16 32 20 10 14 31 8 2 21 0 3 37 38 34 26 1 4 6 17 43 42 39 44 40 22 35
13 16 35 32 38 39 7 18 33 0 19 3 11 37 42 34 17 27 22 43 30 1 36 20 4 29 45 50 28 9 41 48 6 26 2 40 49 25 15 21 44 8 23 47 10 24 46 12 31 5 14 51
33 6 29 11 8 39 7 32 49 42 18 15 16 31 30 50 25 48 9 40 22 34 19 47 35 37 2 13 21 3 23 1 10 24 0 17 51 5 4 36 27 38 43 45 46 44 28 41 26 12 14 20
37 11 21 17 1 44 2 22 47 19 42 20 8 26 33 45 23 7 40 35 48 39 16 41 43 6 25 3 51 34 32 29 27 49 30 5 15 28 13 38 12 18 50 4 14 24 9 10 0 31 46 36
31 47 18 8 40 28 26 3 16 5 14 42 12 17 6 32 30 44 36 9 25 46 48 15 23 27 39 7 34 51 11 38 20 35 45 0 13 22 2 29 19 50 49 10 1 4 41 24 37 33 21 43
2 19 13 25 43 4 44 10 3 30 31 17 36 8 33 11 12 39 28 14 5 16 35 49 29 15 7 40 1 9 41 37 50 21 18 51 0 34 27 38 32 45 46 26 48 22 47 23 42 24 6 20
16 22 18 44 38 10 28 37 29 50 33 0 45 5 32 3 24 21 11 23 40 15 2 19 1 26 39 27 7 25 14 4 8 13 51 12 20 41 31 36 30 35 34 48 9 6 49 42 46 47 43 17
22 25 49 35 7 29 30 20 3 4 0 50 47 43 16 28 48 15 11 26 12 9 36 40 32 41 34 10 37 51 13 18 14 39 8 24 42 27 31 5 45 44 19 6 1 17 21 38 2 46 23 33
27 26 18 31 15 0 41 28 12 19 9 50 39 43 22 51 24 35 34 37 6 32 14 13 16 23 33 8 49 48 21 2 29 4 11 44 47 7 46 1 3 20 17 36 40 45 10 42 30 38 5 25
17 1 40 33 37 30 26 2 32 43 11 47 41 14 46 35 5 19 31 9 24 50 0 21 3 18 22 34 16 25 39 44 51 49 23 15 36 13 8 12 6 4 38 48 45 10 42 27 29 7 20 28
5 14 39 48 25 37 46 16 29 7 4 6 41 21 44 10 36 30 12 28 20 9 23 2 47 26 43 15 13 27 1 34 32 22 17 38 18 35 49 3 24 8 31 45 50 11 51 42 40 19 0 33
5 13 36 35 0 26 10 16 38 17 32 49 18 25 42 7 37 40 45 19 24 22 14 20 9 3 6 31 23 43 15 33 51 41 29 1 28 44 8 39 48 27 12 46 34 30 47 2 11 4 50 21
47 36 49 46 20 37 6 21 27 35 32 45 29 48 39 25 40 12 43 16 8 7 51 3 4 2 13 24 34 38 41 1 9 11 22 23 31 5 10 0 14 28 33 18 50 15 26 17 19 30 42 44
14 29 7 47 5 30 16 43 19 33 48 38 21 49 1 42 9 8 28 51 22 26 24 46 18 39 0 50 17 2 37 15 36 45 27 13 34 40 25 20 6 12 3 41 35 23 31 4 11 32 10 44
26 49 44 45 2 5 50 28 51 9 19 17 41 7 15 14 27 25 38 6 30 39 46 40 1 18 20 36 8 34 35 42 0 29 32 3 37 33 13 48 11 23 47 31 43 4 21 10 24 22 16 12
19 18 5 17 25 14 6 26 39 11 9 45 33 1 13 43 2 42 34 30 49 35 40 12 50 28 41 46 38 8 21 32 48 23 27 22 31 16 15 3 37 10 29 4 44 51 20 24 7 0 36 47
27 28 22 10 24 30 2 1 0 49 20 50 51 7 23 14 11 9 39 34 25 32 46 26 13 4 5 17 15 21 38 44 16 41 48 45 33 40 8 47 12 31 18 19 37 6 36 43 3 35 42 29
5 43 50 49 10 29 38 21 19 15 46 28 7 41 14 6 13 48 45 31 26 39 20 12 11 27 8 4 22 0 18 37 36 9 17 1 24 42 40 3 25 32 47 34 33 51 23 2 35 30 44 16
51 31 13 7 24 36 27 2 16 50 10 39 20 1 40 28 33 29 3 49 14 22 17 41 38 6 46 15 32 43 11 23 34 37 21 26 12 9 42 44 8 35 0 4 30 48 5 18 19 45 25 47
35 21 39 12 19 20 45 41 31 13 28 24 22 38 40 43 33 4 7 16 8 46 5 0 14 51 10 26 29 11 48 49 42 37 18 47 6 44 17 25 2 9 23 50 15 27 32 1 36 34 3 30
25 43 48 24 20 47 30 38 33 46 26 5 44 11 51 41 31 40 3 34 9 45 19 12 28 4 39 8 15 13 10 7 0 27 1 22 14 37 36 6 29 17 42 50 2 16 21 18 35 49 32 23
36 30 32 4 24 25 45 39 42 38 6 27 3 33 19 43 51 34 10 16 40 14 35 28 26 11 1 15 12 46 22 49 50 0 5 48 29 20 21 17 37 47 44 41 23 13 18 2 8 9 31 7
1 49 35 9 11 15 10 21 22 46 50 4 44 3 37 23 0 38 7 5 12 45 31 48 25 20 19 24 34 17 26 32 28 42 18 27 8 51 16 33 40 36 2 43 13 47 14 30 29 39 41 6
11 43 32 30 4 37 22 35 1 6 31 24 36 28 21 8 16 44 29 13 2 3 0 33 47 10 45 15 25 9 51 23 27 38 18 39 46 26 49 5 7 41 42 40 50 34 48 19 12 20 14 17
31 23 26 33 25 14 49 51 4 13 22 32 10 27 39 50 15 8 11 48 7 44 38 40 0 1 45 12 6 24 46 3 5 16 9 34 2 20 37 17 43 36 28 41 29 47 35 21 30 19 18 42
32 48 46 22 7 15 19 0 3 12 2 27 9 35 40 36 17 45 38 39 34 42 1 20 37 26 8 31 4 24 25 33 41 6 47 23 16 29 14 18 50 44 51 10 43 11 49 21 28 30 13 5
23 31 14 49 20 28 34 11 32 6 51 15 44 10 36 21 29 5 18 1 50 27 47 42 33 22 8 0 16 26 13 38 12 3 17 2 4 40 48 46 24 37 39 9 35 7 19 43 30 41 25 45
31 51 24 6 44 47 21 12 2 34 30 39 18 41 45 15 19 43 27 3 0 8 46 32 25 36 26 42 9 38 40 14 35 22 49 10 1 29 4 37 7 23 17 5 48 16 50 20 28 13 33 11
26 8 32 2 31 16 49 27 42 38 51 0 17 19 1 7 47 30 44 37 29 5 10 3 12 43 21 40 9 18 22 15 28 24 11 23 25 36 39 41 6 14 45 34 35 4 46 50 13 33 48 20
20 41 7 0 36 9 34 29 15 8 3 32 22 42 16 17 2 28 23 13 26 19 5 14 27 48 12 49 43 45 11 25 30 6 24 33 37 4 47 40 31 46 39 10 1 51 50 38 44 35 18 21
35 28 42 37 33 18 41 30 12 0 4 11 5 16 45 48 31 7 50 27 3 14 40 21 15 19 32 49 17 51 26 29 46 24 39 36 10 47 38 8 25 20 1 2 44 9 13 23 43 22 6 34
45 50 18 25 22 27 17 47 37 4 34 19 1 33 49 43 41 42 36 8 11 23 29 7 3 24 10 16 30 51 35 48 13 21 9 32 6 2 44 39 28 15 12 40 38 31 0 5 26 46 14 20
28 13 46 34 36 26 15 43 2 18 16 0 42 7 11 17 49 5 40 8 10 50 41 12 38 24 23 47 14 3 48 25 30 45 22 1 37 39 20 33 19 51 6 4 35 44 32 9 21 27 29 31
51 5 4 36 44 15 29 38 3 34 39 20 28 50 0 33 22 49 18 26 40 13 2 1 10 46 37 21 31 42 19 7 47 25 8 35 6 12 17 14 9 24 43 41 32 30 27 23 16 11 48 45
13 38 7 37 41 15 50 32 51 12 43 2 24 26 18 28 19 11 4 40 6 23 21 25 1 3 39 5 36 29 35 30 45 20 49 16 47 14 27 22 48 46 0 10 34 17 8 44 31 9 42 33
5 2 23 10 7 18 51 43 34 28 20 37 47 41 17 3 0 32 9 15 11 22 48 50 27 19 46 49 33 6 40 29 26 12 16 24 36 21 14 42 30 31 39 8 35 4 13 44 45 38 25 1
7 20 50 25 23 40 18 26 38 11 8 4 3 35 47 51 30 13 46 33 24 49 22 44 10 14 17 19 21 32 39 6 28 15 2 36 42 1 9 41 16 43 34 0 29 12 37 31 45 27 48 5
36 26 0 9 8 51 25 34 44 14 37 43 42 19 31 24 48 4 21 45 32 22 41 49 11 15 2 3 50 18 17 12 13 46 23 16 29 1 10 20 35 6 47 40 33 5 27 30 39 38 7 28
13 21 42 24 44 19 25 48 51 46 30 34 29 49 27 33 47 3 10 0 39 4 16 20 22 31 36 32 14 38 18 35 11 26 17 1 40 9 28 8 43 50 45 6 12 7 41 2 5 15 23 37
46 34 5 27 51 17 15 48 38 28 26 0 3 33 35 49 7 40 22 31 36 2 10 9 43 11 4 8 39 24 42 41 12 1 21 14 18 29 13 25 32 45 37 16 19 6 23 44 47 50 30 20
15 11 1 44 50 24 49 35 46 40 48 34 18 21 31 22 14 27 3 45 16 29 17 39 23 43 7 32 28 37 51 42 47 41 38 26 13 5 8 20 10 36 0 6 30 9 19 12 2 4 33 25
16 36 47 27 40 31 42 10 25 21 1 41 26 11 2 6 14 44 33 3 43 18 8 50 24 7 19 17 29 23 15 20 0 4 37 22 32 45 12 34 9 5 49 35 48 39 30 51 46 38 28 13
11 48 29 23 24 15 22 0 21 3 7 32 49 47 6 33 12 44 40 45 35 16 34 13 43 37 20 36 9 2 31 25 17 51 8 5 50 26 42 4 39 14 1 10 46 38 27 41 19 30 28 18
7 19 8 41 35 40 31 25 20 28 29 44 2 21 9 48 22 15 13 27 43 47 18 5 6 46 51 26 39 33 4 30 50 17 10 11 23 0 24 12 34 42 36 49 1 37 16 32 14 3 45 38
49 40 13 47 2 42 0 25 51 33 20 28 31 1 5 24 12 19 16 17 32 10 21 3 9 15 7 43 8 37 48 11 44 38 18 23 6 39 36 27 46 45 50 14 41 30 4 29 22 34 26 35
47 50 1 10 23 39 4 20 2 22 37 40 38 24 0 36 14 16 41 21 3 44 29 9 12 19 35 26 17 42 49 45 11 6 30 46 43 33 31 51 13 27 18 8 7 15 32 48 25 5 28 34
3 10 28 1 9 6 8 19 46 16 37 13 39 17 27 41 31 22 43 51 15 4 26 48 20 21 23 12 40 11 0 47 14 29 30 35 24 38 5 44 25 7 36 45 49 33 34 32 42 50 2 18
51 16 43 48 21 17 25 18 7 27 15 29 47 45 37 22 6 2 40 26 31 38 30 1 42 35 24 39 28 0 33 5 14 3 41 34 32 23 8 11 9 12 4 49 10 44 50 46 13 20 36 19
14 46 28 31 47 29 50 42 1 32 8 3 35 44 11 27 48 26 40 30 33 25 24 19 22 9 16 36 45 51 13 4 41 21 5 2 23 43 18 37 12 38 34 20 49 17 0 6 7 10 15 39
37 14 9 22 6 51 49 46 35 45 11 8 34 24 32 2 44 20 39 0 33 3 15 19 47 29 4 42 17 36 25 30 48 5 28 23 21 43 26 13 27 41 16 40 10 38 31 1 18 50 7 12
12 45 11 30 14 41 22 17 15 49 0 50 3 16 47 36 40 29 31 10 5 39 20 26 13 33 6 19 46 4 34 28 18 7 37 42 8 35 23 48 51 2 32 1 24 25 44 38 21 43 9 27
31 36 35 51 34 50 45 46 41 15 22 24 37 17 33 28 43 11 30 1 10 2 20 5 47 19 12 44 29 25 16 49 21 18 40 13 39 9 23 32 14 26 42 27 3 48 38 6 8 7 0 4
18 36 24 35 0 8 21 37 22 32 27 41 2 6 20 31 9 11 5 39 48 29 4 14 40 23 51 50 42 34 38 43 30 12 1 46 3 25 10 26 19 16 28 15 33 17 13 47 44 49 45 7
5 28 10 31 8 25 37 34 49 11 46 33 24 32 27 18 13 1 40 29 21 14 12 42 23 39 43 7 41 20 15 45 17 4 22 36 19 6 50 38 0 48 47 9 30 2 44 51 35 26 16 3
29 18 40 23 19 8 1 15 10 25 34 4 27 41 2 51 49 38 24 33 9 47 42 39 5 37 44 28 17 14 35 22 20 21 50 16 26 46 12 30 43 0 32 45 7 11 31 6 48 3 36 13
18 8 1 24 21 41 17 43 50 6 25 0 49 3 30 13 34 20 37 36 19 29 9 33 27 40 39 15 31 26 14 23 44 46 22 10 11 42 45 32 47 4 5 28 12 35 51 48 16 38 7 2
39 24 38 13 42 19 43 6 14 15 4 20 33 46 34 32 44 16 12 27 49 17 31 51 35 3 50 10 22 2 9 18 37 26 0 40 30 8 28 36 5 45 7 11 25 41 1 48 23 29 21 47
21 47 6 32 37 49 18 38 23 44 31 41 51 22 36 2 29 19 8 10 1 3 13 5 16 46 34 9 27 17 12 26 39 50 24 15 20 45 40 0 48 14 4 25 43 33 42 35 7 30 11 28
39 41 12 17 5 3 10 35 29 33 7 20 50 43 38 36 30 19 25 18 32 47 22 49 42 31 23 13 51 26 2 46 4 48 0 37 11 34 15 24 27 40 45 6 28 9 14 21 8 44 16 1
11 13 31 20 46 32 37 29 18 42 23 25 24 41 15 14 44 45 28 39 16 10 4 51 1 40 3 7 50 2 9 17 12 27 34 48 35 36 33 22 5 0 43 19 8 21 49 38 26 6 30 47
