48 34 15 51 43 40 44 17 23 7 3 30 20 12 21 9 31 45 33 22 18 25 47 38 24 42 39 0 36 27 35 1 46 16 8 37 6 49 11 28 5 50 13 26 2 10 29 41 32 19 14 4
17 10 50 31 16 46 25 40 47 15 51 35 43 14 26 38 3 37 45 42 20 39 6 7 8 23 24 28 4 5 11 18 29 49 13 2 44 33 36 41 21 30 34 27 19 9 48 12 32 0 1 22
49 20 28 22 2 31 16 39 15 4 46 51 47 36 29 19 24 44 42 30 32 13 27 0 10 45 43 25 40 1 37 6 9 18 26 33 17 3 21 38 14 50 12 34 7 11 35 5 23 41 48 8
8 20 45 7 3 36 40 22 49 29 39 18 48 50 21 37 14 35 41 51 11 23 24 5 16 0 31 17 15 46 2 42 43 33 27 19 6 44 25 10 4 26 28 13 38 34 12 30 47 32 1 9
37 11 6 40 21 31 14 47 36 25 12 27 28 41 24 44 29 20 50 16 26 51 49 19 39 4 38 3 10 35 22 9 8 45 46 17 34 2 30 7 42 5 33 43 13 23 18 48 1 15 32 0
5 26 14 48 46 22 36 31 7 34 2 32 38 12 43 6 29 0 47 44 28 20 11 35 9 49 41 16 10 18 37 13 15 17 3 51 23 39 1 4 33 50 40 25 21 24 42 45 30 27 19 8
34 18 13 11 0 46 8 35 5 3 4 9 33 21 19 10 45 17 12 41 24 37 42 47 25 31 49 6 22 39 26 29 36 50 2 43 23 51 15 48 44 1 20 28 7 30 14 40 38 32 16 27
24 16 33 15 29 34 31 7 39 49 38 21 11 1 19 45 43 13 23 47 44 51 10 28 17 8 27 26 3 50 32 0 48 42 6 37 2 35 22 9 12 4 36 20 14 40 30 18 5 25 41 46
2 32 50 39 13 17 1 21 48 42 18 26 5 51 6 20 34 40 23 37 35 7 16 11 41 24 12 8 38 27 43 47 36 14 28 22 25 4 31 46 10 33 3 9 15 30 19 29 0 49 44 45
51 6 3 28 32 9 30 1 47 17 11 2 38 33 49 37 10 8 26 4 24 41 5 19 16 45 0 34 21 27 25 46 36 40 20 23 50 31 15 44 39 12 22 7 29 48 18 43 13 14 42 35
5 14 51 23 7 2 3 35 41 50 0 25 9 19 6 33 18 8 28 46 30 29 44 34 17 20 39 47 27 12 49 4 48 15 21 36 45 1 42 38 31 32 24 40 11 16 37 13 43 26 10 22
33 20 51 19 35 3 2 39 5 13 36 43 45 40 30 21 22 17 27 23 46 1 9 26 7 47 34 14 16 11 31 28 15 50 44 41 32 18 8 10 0 48 37 49 29 4 38 25 6 42 24 12
7 43 26 49 12 17 9 24 46 5 25 10 19 27 21 0 51 38 31 16 2 18 22 4 40 35 32 28 8 50 6 44 36 30 13 45 20 29 41 15 47 11 1 39 42 3 48 33 23 14 34 37
1 40 17 41 6 21 23 14 32 4 28 46 34 11 37 12 29 43 3 42 20 22 49 48 51 36 18 39 19 50 9 27 10 47 2 38 30 45 44 8 0 7 5 25 35 24 13 26 31 33 15 16
2 15 16 7 3 29 44 32 48 21 50 26 25 14 5 51 40 28 22 46 27 35 31 1 9 19 6 12 33 13 17 0 18 41 34 42 20 24 49 39 38 11 30 36 47 43 23 4 37 8 45 10
37 7 10 50 38 8 49 41 5 31 48 32 2 27 12 3 35 29 9 15 21 43 19 40 39 6 25 34 51 0 4 24 14 13 26 28 18 33 1 22 16 47 30 17 23 20 11 36 46 44 42 45
14 7 20 0 11 16 35 48 50 32 19 41 9 45 49 4 38 27 17 43 22 36 29 15 2 18 42 28 23 30 37 24 5 31 3 44 21 26 51 10 8 6 47 34 46 33 25 39 13 40 1 12
36 39 22 9 15 26 14 19 8 18 2 20 30 13 4 35 12 17 32 11 10 7 5 42 31 3 28 40 43 23 33 49 45 48 50 27 46 24 0 34 41 16 38 25 6 51 21 44 1 37 29 47
15 2 27 24 41 4 31 23 34 17 36 25 26 42 18 35 48 33 0 45 16 37 29 22 49 44 10 47 51 3 11 21 1 28 38 19 40 6 39 8 5 14 13 50 32 12 7 43 30 9 20 46
42 31 11 16 27 12 50 46 28 38 9 47 13 5 30 37 19 21 8 43 34 2 17 15 10 36 3 6 45 39 20 48 26 29 24 1 35 23 4 33 49 44 7 51 0 18 41 25 14 40 22 32
44 10 23 20 37 50 11 43 36 41 0 2 1 17 42 38 5 46 30 15 27 32 8 45 13 40 14 49 7 35 25 12 4 6 9 51 39 47 29 34 19 21 28 3 48 33 26 24 31 18 22 16
8 41 5 13 0 47 24 2 3 16 30 9 20 4 17 22 26 1 42 37 19 11 7 14 28 32 29 12 50 6 49 48 31 18 46 10 38 45 21 43 27 35 39 15 44 51 40 25 33 23 34 36
36 32 40 4 23 21 10 45 38 8 20 15 2 29 12 14 43 18 3 22 9 28 44 25 24 30 51 7 16 34 33 1 50 42 11 27 6 0 31 37 49 13 19 41 46 5 47 35 26 17 48 39
39 3 51 48 35 50 16 31 34 49 30 6 44 47 0 25 41 36 21 37 19 5 43 17 46 32 45 1 20 40 27 33 28 38 23 4 14 18 7 9 15 8 26 42 12 2 22 13 10 11 24 29
25 27 29 51 20 7 14 24 9 37 35 33 34 28 23 17 3 12 36 32 38 31 22 49 44 18 13 16 50 39 48 40 10 47 43 2 46 0 8 41 6 26 1 42 30 45 21 11 4 5 15 19
17 44 47 6 46 11 10 41 16 37 13 19 24 15 33 49 48 4 25 27 45 14 30 29 39 7 40 35 20 50 42 28 0 12 18 26 31 38 3 9 43 1 32 34 23 21 8 36 22 51 2 5
44 5 42 43 46 20 16 35 50 47 48 27 7 15 11 3 9 18 40 33 6 39 0 51 49 2 31 21 19 38 29 8 28 36 14 1 4 17 13 34 23 22 45 26 30 25 10 32 41 37 24 12
17 38 18 39 51 6 41 33 50 8 32 13 25 43 23 35 26 20 42 44 30 12 45 28 24 37 2 31 7 4 5 1 22 29 3 46 0 48 47 40 27 49 9 15 16 10 11 19 14 34 36 21
4 47 15 28 2 19 20 26 29 36 33 13 51 46 5 17 27 10 44 6 45 43 31 23 50 3 32 16 41 30 49 11 42 22 34 21 8 35 39 9 40 38 1 25 0 37 48 12 24 7 18 14
19 33 15 7 13 48 17 40 35 16 21 49 47 31 4 11 14 32 8 41 24 6 9 10 20 25 46 38 1 26 50 37 51 29 34 42 5 2 22 23 28 45 27 3 44 0 18 12 36 43 39 30
33 43 51 24 31 38 39 4 41 28 5 19 6 15 1 50 26 22 27 17 11 49 23 10 12 47 18 30 20 3 13 32 7 46 16 40 48 29 36 42 21 45 8 34 2 0 14 37 35 9 44 25
47 49 30 15 5 10 12 45 34 38 0 46 43 23 16 11 2 26 50 41 37 32 4 21 51 20 35 8 29 40 33 28 1 39 27 18 17 25 13 3 44 36 22 24 6 9 19 42 31 7 48 14
30 41 22 36 15 23 0 9 2 24 28 44 49 47 37 19 4 31 38 12 25 6 27 10 3 21 8 32 18 1 50 13 45 20 11 40 34 5 26 42 33 51 14 35 39 29 48 7 43 17 16 46
51 44 20 41 8 39 6 35 21 40 7 47 0 16 2 10 37 15 3 29 34 23 43 32 26 48 50 9 27 31 46 33 14 45 28 30 17 49 1 13 19 36 24 25 12 38 4 22 5 42 18 11
37 46 5 33 1 42 22 39 20 34 2 25 11 38 51 50 13 7 3 21 12 48 19 4 16 0 6 36 32 15 45 17 31 29 18 14 43 44 24 49 41 47 8 30 10 26 35 28 27 9 23 40
26 7 3 6 20 23 18 31 10 47 33 38 8 50 14 45 11 46 37 29 1 4 25 40 2 19 39 43 36 41 34 24 28 27 42 49 12 22 16 30 5 44 48 0 9 35 13 51 21 17 15 32
27 0 37 21 8 5 10 50 42 17 11 41 29 6 35 4 20 23 18 2 32 45 43 16 49 12 34 28 39 36 38 48 22 30 25 3 1 19 31 26 40 14 7 15 24 9 47 44 13 46 51 33
40 20 36 25 24 44 13 6 31 50 16 29 43 5 22 2 12 4 49 51 39 26 23 46 10 45 48 47 0 30 17 32 14 37 42 1 34 8 28 11 15 7 41 3 18 27 9 33 35 19 38 21
27 35 5 47 28 14 49 37 23 2 36 11 25 3 20 12 1 10 32 51 15 17 6 7 40 24 43 31 39 16 13 8 48 4 44 29 41 9 42 22 33 45 26 18 46 21 34 19 30 38 0 50
39 30 0 11 1 49 15 46 5 19 7 42 3 21 14 32 4 50 16 9 34 13 18 28 24 48 51 38 36 17 6 35 12 43 23 37 26 47 31 25 27 8 22 40 45 33 44 2 41 29 10 20
51 27 6 29 7 12 20 48 39 13 35 0 33 31 43 38 46 23 32 10 11 17 5 44 9 14 34 47 3 1 8 28 21 45 4 2 50 41 49 25 42 19 16 26 22 40 37 15 18 36 30 24
18 35 9 27 7 12 39 10 36 41 0 40 3 4 33 21 14 37 15 30 32 1 34 24 44 17 8 31 2 20 28 51 38 11 47 13 45 5 6 49 26 29 25 42 46 16 43 22 48 50 19 23
44 32 48 19 7 30 4 12 13 34 26 51 5 11 9 17 38 10 25 20 24 16 49 8 41 1 29 45 0 42 33 37 40 39 43 21 22 36 23 15 47 27 35 14 18 31 28 46 6 2 50 3
21 16 17 47 0 24 19 37 33 23 10 6 44 31 49 51 2 9 15 12 26 35 14 30 45 18 46 48 1 4 34 40 7 36 38 41 29 25 8 11 39 22 5 27 42 20 13 28 43 3 50 32
21 50 12 15 40 51 37 33 26 3 43 0 27 35 36 31 24 25 16 4 34 13 45 29 11 8 18 1 38 41 22 48 23 28 2 30 46 42 10 17 44 7 47 9 20 49 6 5 32 14 19 39
9 21 12 27 44 24 49 45 23 11 13 7 34 42 19 29 3 14 10 41 51 30 35 31 28 26 46 16 8 17 50 47 32 20 40 33 1 5 22 43 25 6 39 2 38 18 15 36 37 4 0 48
41 19 3 12 38 16 31 2 35 8 25 9 6 10 18 5 46 34 24 29 17 47 44 49 50 32 14 43 42 28 39 37 48 36 0 1 40 23 11 51 27 13 21 15 33 4 20 45 7 22 26 30
1 12 7 0 23 42 51 21 33 5 31 25 15 41 34 3 37 47 18 30 20 45 48 36 17 29 27 19 26 22 40 46 16 39 28 8 44 24 2 38 4 9 11 43 14 32 6 35 10 50 49 13
36 46 38 10 48 42 23 50 17 7 2 3 20 22 29 33 45 1 26 8 43 41 34 31 51 4 35 11 12 19 5 47 6 49 25 16 37 30 32 44 13 15 24 39 21 9 27 40 0 28 14 18
44 1 34 38 0 25 12 19 49 33 46 32 50 16 9 18 45 51 15 13 37 28 5 14 35 24 43 10 2 29 21 11 20 30 36 4 47 48 3 42 7 22 8 39 41 26 17 6 31 40 23 27
20 43 17 9 15 16 22 46 29 31 14 41 24 32 50 27 8 18 11 23 5 6 42 2 40 25 28 3 4 48 38 44 49 51 33 7 47 39 45 26 19 37 12 10 36 21 30 1 0 35 34 13
24 34 37 21 35 41 46 4 7 11 49 17 47 6 19 0 25 51 26 23 27 42 29 22 16 8 45 1 13 30 20 15 44 18 39 32 10 38 40 12 3 43 2 14 50 28 33 36 5 48 31 9
35 26 20 10 3 12 50 51 39 34 18 30 5 27 42 24 22 8 4 23 46 48 40 9 38 16 44 21 36 47 19 45 1 14 29 37 41 33 6 11 13 31 28 7 49 15 25 2 0 43 17 32
12 22 7 39 6 34 0 36 4 23 42 29 26 11 9 32 28 50 35 21 20 30 1 40 46 51 19 14 15 37 41 25 18 27 43 24 49 3 10 38 48 5 16 2 33 8 17 13 44 31 47 45
33 16 32 24 35 42 49 12 4 2 7 22 31 30 15 23 14 18 43 11 29 17 0 37 44 21 47 40 51 19 1 28 39 27 10 41 13 25 46 50 8 34 9 6 3 36 26 38 48 20 45 5
7 44 31 38 42 40 37 29 39 19 9 4 26 50 41 22 13 28 49 45 6 46 18 16 47 36 33 35 5 24 20 8 51 3 0 30 2 10 48 1 23 12 43 17 34 21 25 32 15 27 11 14
24 6 45 34 35 46 40 27 16 36 22 3 1 11 5 29 43 2 18 38 26 4 19 47 39 51 41 8 30 31 32 49 21 28 33 48 13 42 9 44 25 0 50 20 7 15 37 12 17 23 14 10
12 27 31 46 38 14 7 18 28 17 43 47 34 40 10 3 22 50 37 29 36 5 9 42 35 26 48 13 1 33 23 19 44 16 15 39 51 11 30 41 25 49 8 32 4 45 2 20 24 21 0 6
27 32 44 12 19 34 6 9 28 36 20 10 16 43 31 50 26 37 0 3 41 2 33 25 18 17 1 29 47 42 5 13 21 8 22 4 51 40 38 23 49 46 45 39 48 7 24 11 15 14 35 30
50 15 23 9 37 29 28 3 30 17 14 5 39 34 35 1 21 51 22 12 6 33 31 44 42 40 41 45 47 43 24 20 19 36 7 48 49 16 27 8 11 4 46 18 25 13 38 0 10 2 26 32
2 22 3 27 24 8 45 48 44 41 13 16 32 26 1 30 14 6 39 42 11 51 20 23 43 34 40 47 49 31 12 38 33 19 50 18 46 35 7 9 17 37 21 15 29 28 0 5 4 36 25 10
25 45 4 23 19 10 20 35 40 36 37 28 26 47 27 1 42 30 31 41 21 8 3 15 33 14 34 50 13 11 51 32 18 39 22 9 44 48 7 17 5 16 49 0 46 6 43 38 29 12 2 24
31 2 30 26 38 43 7 4 23 50 41 16 35 24 17 39 13 0 34 44 33 37 11 46 32 12 15 14 40 36 1 3 49 29 8 28 20 9 45 42 27 5 22 6 25 21 51 47 18 19 10 48
23 16 15 34 22 45 40 25 36 6 35 18 32 41 47 11 39 13 4 1 42 3 26 43 28 29 14 17 31 27 24 20 30 9 46 38 21 2 49 8 10 12 50 7 0 44 48 19 5 33 37 51
40 16 39 5 20 35 51 19 6 27 28 31 25 29 38 0 15 24 21 32 10 13 42 45 46 49 44 9 37 23 47 22 34 48 3 18 26 11 43 36 4 14 1 17 30 12 2 8 33 7 50 41
19 31 48 13 20 10 42 43 35 50 45 15 33 32 49 24 1 51 30 47 22 8 7 23 4 12 9 16 14 38 44 11 28 46 26 25 17 36 6 29 3 0 18 2 40 34 37 21 27 5 39 41
11 9 29 51 7 24 13 12 23 21 4 5 40 26 43 20 1 22 34 16 18 25 45 49 35 42 50 28 3 10 27 6 46 44 38 48 31 8 39 32 15 33 2 0 37 19 36 17 47 41 30 14
2 32 1 11 15 30 20 12 4 17 46 34 22 45 3 18 49 36 26 48 33 5 42 51 31 25 37 35 43 13 10 21 50 24 14 9 44 28 7 41 27 19 39 8 16 29 6 38 23 47 0 40
20 8 14 32 39 29 3 9 49 18 41 21 51 6 5 42 31 24 15 22 38 17 16 27 40 1 45 4 34 25 36 10 37 44 28 23 46 2 30 19 13 43 11 48 47 0 26 12 33 7 35 50
25 2 22 49 15 43 48 32 39 13 7 8 35 29 42 17 4 21 37 33 0 12 16 41 46 14 45 47 3 19 27 6 23 9 31 11 44 24 34 30 26 20 38 28 10 18 51 5 36 40 1 50
40 17 49 41 0 9 31 43 3 36 14 33 2 30 5 23 44 47 4 1 39 25 19 34 15 46 27 18 50 29 11 13 42 21 45 38 6 26 7 28 48 16 32 10 20 12 8 51 35 22 24 37
49 35 10 41 12 30 40 24 46 13 11 8 50 27 0 6 2 14 15 18 1 31 39 22 28 7 51 17 34 33 32 4 25 26 48 23 5 16 37 3 38 29 43 44 36 47 19 42 9 20 45 21
22 15 50 43 10 41 37 39 0 9 11 47 21 34 26 4 31 48 16 18 13 20 45 51 30 28 29 33 42 7 40 23 25 46 17 5 27 49 19 8 12 2 14 36 44 24 38 3 35 6 1 32
18 36 26 10 20 25 15 11 29 45 23 32 8 22 24 1 3 38 12 51 27 14 4 13 48 19 17 33 28 21 0 46 37 40 34 50 16 31 43 2 41 49 35 39 30 47 44 42 7 5 9 6
47 29 32 42 18 13 45 4 39 41 22 1 46 27 11 5 48 34 10 23 3 14 16 12 31 2 28 38 20 40 19 49 0 24 25 8 36 26 50 35 17 6 7 9 43 37 30 15 44 33 51 21
6 42 13 36 48 18 16 44 2 22 4 45 35 10 21 32 46 47 5 30 49 9 3 19 7 25 26 15 11 14 34 0 1 37 24 23 41 33 39 50 38 27 29 20 31 40 12 51 28 43 17 8
7 35 36 11 51 28 22 44 33 34 39 43 15 21 24 16 20 26 30 40 9 48 27 18 10 1 31 19 46 47 42 14 0 45 25 50 29 8 3 32 37 6 49 17 23 38 12 4 41 13 2 5
15 7 6 21 50 47 16 3 39 48 49 17 30 0 46 25 2 9 45 42 18 14 10 40 35 19 33 23 51 38 28 44 24 31 34 12 29 32 1 11 5 41 26 36 4 20 27 13 43 37 8 22
25 42 33 3 21 34 18 41 7 28 32 27 51 50 12 37 26 8 15 24 13 36 5 47 9 2 31 10 14 4 30 38 45 44 39 0 22 1 49 17 48 23 40 19 43 46 11 6 29 20 35 16
23 27 41 34 49 51 5 12 1 46 47 19 43 11 38 22 0 28 40 6 48 13 26 15 37 8 17 29 39 42 4 2 35 31 50 9 24 7 3 45 14 10 30 20 21 32 25 36 16 33 44 18
12 23 22 17 2 38 46 40 0 49 30 47 11 41 9 6 26 39 44 51 29 34 21 33 42 19 31 8 25 13 50 43 28 18 48 10 15 24 45 32 4 20 36 3 27 16 1 14 7 5 37 35
34 26 39 46 45 22 4 42 33 2 28 9 11 48 10 25 41 0 24 29 20 16 1 50 14 31 18 44 35 43 30 17 51 23 49 8 32 40 13 3 12 47 19 27 15 21 38 37 6 7 5 36
44 2 23 9 16 7 33 51 31 3 45 18 27 4 1 12 36 20 0 19 48 21 47 5 28 40 50 26 46 17 15 37 42 41 6 34 10 32 35 38 39 22 49 11 8 14 30 13 25 24 43 29
30 14 43 40 5 28 35 1 0 9 47 18 50 45 33 15 21 10 37 2 26 34 36 46 4 8 44 7 23 48 38 31 12 16 20 39 27 42 49 19 11 41 6 22 25 32 51 29 17 24 3 13
5 14 39 44 30 7 0 50 45 43 41 1 11 35 37 46 36 26 28 9 10 47 18 3 6 25 21 17 23 33 24 4 12 20 16 29 38 48 8 22 27 15 40 42 51 2 31 32 19 49 13 34
32 28 19 24 33 47 2 44 50 12 6 39 49 23 1 40 26 7 38 48 51 16 46 0 13 27 17 41 42 45 8 25 18 22 36 30 21 4 31 14 29 37 35 15 5 3 43 11 10 34 20 9
8 29 37 42 25 14 39 43 4 24 9 17 7 22 28 45 34 40 16 11 30 6 50 41 15 27 47 35 19 33 44 26 13 32 1 12 23 49 36 3 20 10 51 48 46 31 5 21 2 0 38 18
17 50 36 47 23 12 48 34 6 22 5 37 15 25 10 16 13 44 45 38 27 14 20 8 30 32 35 42 21 26 43 18 40 9 28 29 7 51 3 24 31 19 33 0 41 49 46 11 39 4 2 1
25 27 3 40 48 34 44 37 42 15 36 39 2 50 7 18 26 29 23 16 11 24 22 28 20 5 41 35 17 43 19 0 12 1 51 4 6 9 32 10 45 46 21 14 33 30 47 49 38 8 13 31
32 24 29 10 0 11 36 18 30 22 47 23 45 39 14 34 44 49 33 4 17 7 5 38 35 37 48 13 12 2 6 8 9 20 21 3 15 50 1 51 28 31 43 27 25 16 40 42 26 46 41 19
18 19 38 51 26 8 17 44 50 37 3 11 30 25 23 40 28 48 12 1 9 49 24 35 47 13 7 31 20 34 6 43 4 2 22 46 45 29 10 5 0 32 42 27 39 16 21 15 33 14 36 41
5 0 38 11 32 42 6 10 40 39 47 20 17 44 22 33 9 21 3 1 35 43 12 41 49 34 28 24 36 45 26 2 31 13 23 14 48 37 16 51 15 4 8 29 18 19 25 30 50 27 46 7
32 16 31 43 41 34 35 38 28 26 33 15 23 20 39 21 8 24 0 29 36 49 3 6 44 17 50 19 5 10 9 14 48 42 47 45 1 13 4 22 12 37 40 7 46 25 30 2 27 11 18 51
7 12 8 5 22 3 6 32 4 41 18 13 2 21 24 44 9 39 1 37 10 38 11 35 49 25 0 33 26 23 36 14 51 50 28 30 47 20 27 43 34 48 42 40 29 15 16 45 46 19 31 17
1 49 10 37 9 48 51 6 39 7 27 38 29 35 50 17 32 0 44 14 41 21 15 30 3 25 23 42 13 43 34 22 33 28 8 19 20 5 47 12 31 4 40 45 36 24 2 46 11 26 16 18
12 7 17 20 6 40 10 19 32 38 44 33 47 25 43 28 49 46 9 39 14 16 3 0 1 45 51 15 48 2 22 8 30 31 4 5 23 26 11 42 21 36 24 35 18 34 37 41 13 29 50 27
28 20 45 19 5 42 24 49 10 47 1 8 34 36 32 21 43 11 16 38 30 12 4 40 39 27 33 15 35 37 48 13 0 9 14 51 31 46 22 44 3 7 18 2 29 6 23 26 17 41 50 25
27 45 46 8 9 12 40 6 13 39 49 24 37 18 2 16 19 48 42 1 0 28 32 34 47 15 35 29 20 51 4 7 11 50 30 10 41 17 22 5 3 33 38 44 26 31 36 43 14 25 21 23
31 43 27 37 19 46 18 14 22 16 49 51 47 35 40 20 30 6 17 41 13 15 0 24 8 29 39 44 33 21 38 10 3 36 11 28 23 25 48 9 42 12 4 1 7 50 2 5 34 45 26 32
21 10 7 24 17 39 16 1 48 6 41 37 43 36 34 35 27 13 5 8 0 14 19 47 51 15 18 25 3 50 32 11 40 26 42 31 45 49 38 46 33 23 28 9 22 12 29 20 2 44 4 30
