15 35 31 48 14 3 30 42 13 34 28 47 21 2 27 41 12 38 8 51 9 5 26 44 11 6 25 45 10 0 24 39 20 36 33 49 17 4 29 43 19 7 22 46 18 1 23 40 16 37 32 50
20 5 28 44 15 7 31 46 14 0 26 39 13 36 30 49 12 3 27 42 21 35 25 48 9 2 24 41 11 38 10 51 17 6 32 45 16 8 34 47 19 1 23 40 18 37 29 50 22 4 33 43
15 34 31 47 14 1 28 40 12 37 13 50 21 4 30 43 9 6 26 45 8 0 27 39 11 36 25 49 10 3 24 42 16 35 33 48 20 2 23 41 17 38 19 51 18 5 29 44 22 7 32 46
15 1 31 40 12 37 29 50 14 5 28 44 21 8 30 47 9 2 27 41 13 38 26 51 11 6 25 45 10 7 24 46 16 0 33 39 20 36 34 49 19 4 22 43 18 35 23 48 17 3 32 42
15 38 22 51 12 5 29 44 14 7 28 46 21 1 31 40 9 36 27 49 13 3 26 42 11 8 25 47 10 2 24 41 20 37 16 50 17 4 34 43 19 6 33 45 18 0 30 39 23 35 32 48
15 3 31 42 14 35 28 48 20 2 30 41 13 38 21 51 9 6 26 45 12 7 27 46 11 0 25 39 10 36 24 49 22 4 32 43 16 8 34 47 17 1 29 40 19 37 18 50 23 5 33 44
12 6 28 45 15 0 31 39 14 36 26 49 13 3 30 42 8 35 27 48 21 2 25 41 9 38 11 51 10 5 24 44 17 7 29 46 20 1 33 40 19 37 22 50 18 4 23 43 16 34 32 47
15 2 28 41 21 37 20 50 14 5 31 44 13 7 30 46 12 0 27 39 9 36 26 49 11 4 25 43 10 35 24 48 16 3 32 42 22 38 17 51 19 6 34 45 18 8 29 47 23 1 33 40
15 36 31 49 12 4 29 43 14 7 28 46 13 1 30 40 8 37 27 50 9 5 26 44 11 6 25 45 10 0 24 39 20 35 33 48 21 3 32 42 19 34 22 47 18 2 23 41 16 38 17 51
20 6 28 45 15 8 31 47 14 1 26 40 13 37 30 50 12 4 27 43 21 35 25 48 9 2 24 41 11 38 10 51 17 5 32 44 16 7 34 46 19 0 23 39 18 36 29 49 22 3 33 42
15 35 31 48 14 2 28 41 20 38 13 51 21 5 30 44 9 7 26 46 12 0 27 39 11 36 25 49 10 3 24 42 17 8 32 47 16 1 34 40 19 37 23 50 18 4 29 43 22 6 33 45
15 0 31 39 14 36 30 49 13 4 28 43 21 35 27 48 12 3 26 42 8 38 9 51 11 6 25 45 10 7 24 46 16 1 33 40 20 37 29 50 19 5 22 44 18 34 23 47 17 2 32 41
15 37 21 50 12 4 28 43 14 6 31 45 13 0 30 39 8 35 27 48 9 3 26 42 11 34 25 47 10 2 24 41 20 38 16 51 17 5 29 44 19 7 33 46 18 1 23 40 22 36 32 49
12 4 29 43 15 8 31 47 14 1 28 40 21 37 30 50 13 5 26 44 9 7 27 46 11 0 25 39 10 36 24 49 16 3 33 42 20 35 23 48 17 2 34 41 19 38 18 51 22 6 32 45
22 7 29 46 15 1 31 40 14 37 28 50 21 4 27 43 9 8 26 47 12 2 25 41 13 38 11 51 10 5 24 44 17 6 34 45 20 0 33 39 19 36 30 49 18 3 23 42 16 35 32 48
15 3 29 42 22 38 20 51 14 6 28 45 21 8 31 47 12 1 27 40 13 36 26 49 11 4 25 43 10 9 24 48 16 2 35 41 17 37 32 50 19 5 30 44 18 7 34 46 23 0 33 39
15 35 31 48 14 3 30 42 7 34 28 47 13 2 27 41 12 38 8 51 9 5 26 44 11 6 25 45 10 0 24 39 20 36 32 49 21 4 29 43 19 33 22 46 18 1 23 40 16 37 17 50
20 5 28 44 15 7 31 46 14 0 26 39 13 36 30 49 12 3 27 42 21 35 25 48 9 2 24 41 11 38 10 51 17 6 32 45 16 8 34 47 19 1 23 40 18 37 29 50 22 4 33 43
12 8 29 47 15 1 31 40 14 37 28 50 21 4 30 43 13 6 26 45 9 0 27 39 11 36 25 49 10 3 24 42 16 35 33 48 20 2 23 41 17 38 19 51 18 5 34 44 22 7 32 46
15 1 31 40 14 37 30 50 13 5 28 44 21 34 27 47 12 2 26 41 8 38 9 51 11 6 25 45 10 7 24 46 16 0 33 39 20 36 29 49 19 4 22 43 18 35 23 48 17 3 32 42
15 38 22 51 12 5 29 44 14 7 28 46 21 1 31 40 9 36 27 49 13 3 26 42 11 8 25 47 10 2 24 41 20 37 33 50 17 4 34 43 19 6 30 45 18 0 23 39 16 35 32 48
15 3 31 42 14 35 28 48 12 2 30 41 13 38 21 51 9 6 26 45 8 7 27 46 11 0 25 39 10 36 24 49 16 4 33 43 20 34 23 47 17 1 29 40 19 37 18 50 22 5 32 44
20 6 28 45 15 0 31 39 14 36 26 49 13 3 30 42 12 35 27 48 21 2 25 41 9 38 11 51 10 5 24 44 17 7 32 46 16 1 34 40 19 37 23 50 18 4 29 43 22 8 33 47
15 2 31 41 20 37 28 50 14 5 29 44 13 7 30 46 12 0 27 39 9 36 26 49 11 4 25 43 10 35 24 48 16 3 32 42 22 38 17 51 19 6 34 45 18 8 23 47 21 1 33 40
15 36 31 49 22 4 29 43 14 7 28 46 13 1 27 40 12 37 8 50 9 5 26 44 11 6 25 45 10 0 24 39 20 35 33 48 21 3 32 42 19 34 30 47 18 2 23 41 16 38 17 51
22 6 29 45 15 8 31 47 14 1 28 40 21 37 27 50 12 4 26 43 20 9 25 48 13 2 24 41 11 38 10 51 17 5 32 44 16 7 35 46 19 0 30 39 18 36 34 49 23 3 33 42
15 35 31 48 14 2 28 41 12 38 13 51 21 5 30 44 9 7 26 46 8 0 27 39 11 36 25 49 10 3 24 42 16 34 33 47 20 1 23 40 17 37 19 50 18 4 29 43 22 6 32 45
15 0 31 39 14 36 30 49 13 4 28 43 21 35 27 48 20 3 26 42 12 38 9 51 11 6 25 45 10 7 24 46 16 1 34 40 17 37 32 50 19 5 23 44 18 8 29 47 22 2 33 41
15 37 31 50 12 4 28 43 14 6 29 45 13 0 30 39 8 35 27 48 9 3 26 42 11 34 25 47 10 2 24 41 20 38 16 51 17 5 23 44 19 7 33 46 18 1 22 40 21 36 32 49
15 4 31 43 14 34 28 47 12 1 30 40 13 37 21 50 9 5 26 44 8 7 27 46 11 0 25 39 10 36 24 49 16 3 33 42 20 35 23 48 17 2 29 41 19 38 18 51 22 6 32 45
12 7 29 46 15 1 31 40 14 37 28 50 21 4 30 43 13 8 26 47 9 2 27 41 11 38 25 51 10 5 24 44 17 6 34 45 20 0 33 39 19 36 22 49 18 3 23 42 16 35 32 48
15 3 28 42 21 38 20 51 14 6 31 45 13 8 30 47 12 1 27 40 9 36 26 49 11 4 25 43 10 35 24 48 16 2 32 41 22 37 17 50 19 5 34 44 18 7 29 46 23 0 33 39
15 35 31 48 14 3 30 42 13 34 28 47 21 2 27 41 12 38 8 51 9 5 26 44 11 6 25 45 10 0 24 39 20 36 33 49 17 4 29 43 19 7 22 46 18 1 23 40 16 37 32 50
20 5 28 44 15 7 31 46 14 0 26 39 13 36 30 49 12 3 27 42 21 35 25 48 9 2 24 41 11 38 10 51 17 6 32 45 16 8 34 47 19 1 23 40 18 37 29 50 22 4 33 43
22 8 29 47 15 1 28 40 12 37 14 50 21 4 31 43 13 6 26 45 9 0 27 39 11 36 25 49 10 3 24 42 16 35 33 48 20 2 30 41 17 38 19 51 18 5 34 44 23 7 32 46
15 1 31 40 22 37 29 50 14 5 28 44 21 8 27 47 12 2 26 41 9 38 13 51 11 6 25 45 10 7 24 46 16 0 33 39 20 36 34 49 19 4 30 43 18 35 23 48 17 3 32 42
15 38 21 51 12 5 28 44 14 7 31 46 13 1 30 40 8 36 27 49 9 3 26 42 11 34 25 47 10 2 24 41 20 37 16 50 17 4 29 43 19 6 33 45 18 0 23 39 22 35 32 48
15 3 31 42 14 35 28 48 20 2 30 41 13 38 21 51 9 6 26 45 12 7 27 46 11 0 25 39 10 36 24 49 17 4 32 43 16 8 34 47 19 1 23 40 18 37 29 50 22 5 33 44
12 6 28 45 15 0 31 39 14 36 26 49 13 3 30 42 8 35 27 48 21 2 25 41 9 38 11 51 10 5 24 44 17 7 29 46 20 1 33 40 19 37 22 50 18 4 23 43 16 34 32 47
15 2 28 41 21 37 20 50 14 5 31 44 13 7 30 46 12 0 27 39 9 36 26 49 11 4 25 43 10 35 24 48 16 3 32 42 22 38 17 51 19 6 34 45 18 8 29 47 23 1 33 40
15 36 31 49 12 4 29 43 14 7 28 46 13 1 30 40 8 37 27 50 9 5 26 44 11 6 25 45 10 0 24 39 20 35 33 48 21 3 32 42 19 34 22 47 18 2 23 41 16 38 17 51
20 6 28 45 15 8 31 47 14 1 26 40 13 37 30 50 12 4 27 43 21 35 25 48 9 2 24 41 11 38 10 51 17 5 32 44 16 7 34 46 19 0 23 39 18 36 29 49 22 3 33 42
15 35 31 48 14 2 28 41 20 38 13 51 21 5 30 44 9 7 26 46 12 0 27 39 11 36 25 49 10 3 24 42 17 8 32 47 16 1 34 40 19 37 23 50 18 4 29 43 22 6 33 45
15 0 31 39 14 36 30 49 13 4 28 43 21 35 27 48 20 3 26 42 12 38 9 51 11 6 25 45 10 7 24 46 16 1 34 40 17 37 32 50 19 5 23 44 18 8 29 47 22 2 33 41
15 37 21 50 12 4 28 43 14 6 31 45 13 0 30 39 8 35 27 48 9 3 26 42 11 34 25 47 10 2 24 41 20 38 16 51 17 5 29 44 19 7 33 46 18 1 23 40 22 36 32 49
22 4 29 43 15 8 28 47 12 1 31 40 14 37 21 50 13 5 26 44 9 7 27 46 11 0 25 39 10 36 24 49 16 3 33 42 20 35 30 48 17 2 34 41 19 38 18 51 23 6 32 45
12 7 28 46 15 1 31 40 14 37 26 50 13 4 30 43 8 34 27 47 21 2 25 41 9 38 11 51 10 5 24 44 17 6 29 45 20 0 33 39 19 36 22 49 18 3 23 42 16 35 32 48
15 3 29 42 22 38 20 51 14 6 28 45 21 8 31 47 12 1 27 40 13 36 26 49 11 4 25 43 10 9 24 48 16 2 35 41 17 37 32 50 19 5 30 44 18 7 34 46 23 0 33 39
15 35 31 48 14 3 30 42 7 34 28 47 13 2 27 41 12 38 8 51 9 5 26 44 11 6 25 45 10 0 24 39 20 36 32 49 21 4 29 43 19 33 22 46 18 1 23 40 16 37 17 50
20 5 28 44 15 7 31 46 14 0 26 39 13 36 30 49 12 3 27 42 21 35 25 48 9 2 24 41 11 38 10 51 17 6 32 45 16 8 34 47 19 1 23 40 18 37 29 50 22 4 33 43
12 8 29 47 15 1 31 40 14 37 28 50 21 4 30 43 13 6 26 45 9 0 27 39 11 36 25 49 10 3 24 42 16 35 33 48 20 2 23 41 17 38 19 51 18 5 34 44 22 7 32 46
15 1 31 40 14 37 30 50 13 5 28 44 21 34 27 47 12 2 26 41 8 38 9 51 11 6 25 45 10 7 24 46 16 0 33 39 20 36 29 49 19 4 22 43 18 35 23 48 17 3 32 42
15 38 22 51 12 5 29 44 14 7 28 46 21 1 31 40 9 36 27 49 13 3 26 42 11 8 25 47 10 2 24 41 20 37 33 50 17 4 34 43 19 6 30 45 18 0 23 39 16 35 32 48
15 3 31 42 14 35 28 48 20 2 30 41 13 38 21 51 9 6 26 45 12 7 27 46 11 0 25 39 10 36 24 49 22 4 32 43 16 8 34 47 17 1 29 40 19 37 18 50 23 5 33 44
20 6 28 45 15 0 31 39 14 36 26 49 13 3 30 42 12 35 27 48 21 2 25 41 9 38 11 51 10 5 24 44 17 7 32 46 16 1 34 40 19 37 23 50 18 4 29 43 22 8 33 47
15 2 31 41 20 37 28 50 14 5 29 44 13 7 30 46 12 0 27 39 9 36 26 49 11 4 25 43 10 35 24 48 16 3 32 42 22 38 17 51 19 6 34 45 18 8 23 47 21 1 33 40
15 36 31 49 14 4 30 43 7 33 28 46 13 1 27 40 12 37 8 50 9 5 26 44 11 6 25 45 10 0 24 39 20 35 32 48 21 3 29 42 19 34 22 47 18 2 23 41 16 38 17 51
20 6 29 45 15 8 31 47 14 1 28 40 21 37 30 50 13 4 26 43 12 9 27 48 11 2 25 41 10 38 24 51 17 5 32 44 16 7 35 46 19 0 23 39 18 36 34 49 22 3 33 42
15 35 31 48 14 2 28 41 20 38 13 51 21 5 30 44 9 7 26 46 12 0 27 39 11 36 25 49 10 3 24 42 22 8 32 47 16 1 34 40 17 37 19 50 18 4 29 43 23 6 33 45
15 0 31 39 14 36 30 49 13 4 28 43 21 35 27 48 20 3 26 42 12 38 9 51 11 6 25 45 10 7 24 46 16 1 34 40 17 37 32 50 19 5 23 44 18 8 29 47 22 2 33 41
15 37 31 50 12 4 28 43 14 6 29 45 13 0 30 39 8 35 27 48 9 3 26 42 11 34 25 47 10 2 24 41 20 38 16 51 17 5 23 44 19 7 33 46 18 1 22 40 21 36 32 49
15 4 31 43 14 34 28 47 12 1 30 40 13 37 21 50 9 5 26 44 8 7 27 46 11 0 25 39 10 36 24 49 16 3 33 42 20 35 23 48 17 2 29 41 19 38 18 51 22 6 32 45
12 7 29 46 15 1 31 40 14 37 28 50 21 4 30 43 13 8 26 47 9 2 27 41 11 38 25 51 10 5 24 44 17 6 34 45 20 0 33 39 19 36 22 49 18 3 23 42 16 35 32 48
15 3 29 42 24 38 20 51 14 6 28 45 21 8 31 47 12 1 27 40 13 36 30 49 11 4 25 43 10 9 26 48 16 2 32 41 22 37 17 50 19 5 35 44 18 7 34 46 23 0 33 39
15 35 31 48 14 3 30 42 13 34 28 47 21 2 27 41 12 38 8 51 9 5 26 44 11 6 25 45 10 0 24 39 20 36 33 49 17 4 32 43 19 7 23 46 18 1 29 40 16 37 22 50
20 5 28 44 15 7 31 46 14 0 26 39 13 36 30 49 12 3 27 42 21 35 25 48 9 2 24 41 11 38 10 51 17 6 32 45 16 8 34 47 19 1 23 40 18 37 29 50 22 4 33 43
15 34 31 47 14 1 28 40 12 37 13 50 21 4 30 43 9 6 26 45 8 0 27 39 11 36 25 49 10 3 24 42 16 35 33 48 20 2 23 41 17 38 19 51 18 5 29 44 22 7 32 46
15 1 31 40 12 37 29 50 14 5 28 44 21 8 30 47 9 2 27 41 13 38 26 51 11 6 25 45 10 7 24 46 16 0 33 39 20 36 34 49 19 4 22 43 18 35 23 48 17 3 32 42
15 38 21 51 12 5 28 44 14 7 31 46 13 1 30 40 8 36 27 49 9 3 26 42 11 34 25 47 10 2 24 41 20 37 16 50 17 4 29 43 19 6 33 45 18 0 23 39 22 35 32 48
15 3 31 42 14 35 28 48 20 2 30 41 13 38 21 51 9 6 26 45 12 7 27 46 11 0 25 39 10 36 24 49 17 4 32 43 16 8 34 47 19 1 23 40 18 37 29 50 22 5 33 44
12 6 28 45 15 0 31 39 14 36 26 49 13 3 30 42 8 35 27 48 21 2 25 41 9 38 11 51 10 5 24 44 17 7 29 46 20 1 33 40 19 37 22 50 18 4 23 43 16 34 32 47
15 2 28 41 21 37 20 50 14 5 31 44 13 7 30 46 12 0 27 39 9 36 26 49 11 4 25 43 10 35 24 48 16 3 32 42 22 38 17 51 19 6 34 45 18 8 29 47 23 1 33 40
15 36 31 49 12 4 29 43 14 7 28 46 13 1 30 40 8 37 27 50 9 5 26 44 11 6 25 45 10 0 24 39 20 35 33 48 21 3 32 42 19 34 22 47 18 2 23 41 16 38 17 51
22 6 29 45 15 8 31 47 14 1 28 40 21 37 27 50 12 4 26 43 20 9 25 48 13 2 24 41 11 38 10 51 17 5 32 44 16 7 35 46 19 0 30 39 18 36 34 49 23 3 33 42
15 35 31 48 14 2 28 41 20 38 13 51 21 5 30 44 9 7 26 46 12 0 27 39 11 36 25 49 10 3 24 42 17 8 32 47 16 1 34 40 19 37 23 50 18 4 29 43 22 6 33 45
15 0 31 39 14 36 30 49 13 4 28 43 21 35 27 48 12 3 26 42 8 38 9 51 11 6 25 45 10 7 24 46 16 1 33 40 20 37 29 50 19 5 22 44 18 34 23 47 17 2 32 41
15 37 21 50 12 4 28 43 14 6 31 45 13 0 30 39 8 35 27 48 9 3 26 42 11 34 25 47 10 2 24 41 20 38 16 51 17 5 29 44 19 7 33 46 18 1 23 40 22 36 32 49
12 4 29 43 15 8 31 47 14 1 28 40 21 37 30 50 13 5 26 44 9 7 27 46 11 0 25 39 10 36 24 49 16 3 33 42 20 35 23 48 17 2 34 41 19 38 18 51 22 6 32 45
12 7 28 46 15 1 31 40 14 37 26 50 13 4 30 43 8 34 27 47 21 2 25 41 9 38 11 51 10 5 24 44 17 6 29 45 20 0 33 39 19 36 22 49 18 3 23 42 16 35 32 48
15 3 29 42 22 38 20 51 14 6 28 45 21 8 31 47 12 1 27 40 13 36 26 49 11 4 25 43 10 9 24 48 16 2 35 41 17 37 32 50 19 5 30 44 18 7 34 46 23 0 33 39
15 35 31 48 14 3 30 42 7 34 28 47 13 2 27 41 12 38 8 51 9 5 26 44 11 6 25 45 10 0 24 39 20 36 32 49 21 4 29 43 19 33 22 46 18 1 23 40 16 37 17 50
20 5 28 44 15 7 31 46 14 0 26 39 13 36 30 49 12 3 27 42 21 35 25 48 9 2 24 41 11 38 10 51 17 6 32 45 16 8 34 47 19 1 23 40 18 37 29 50 22 4 33 43
12 8 29 47 15 1 31 40 14 37 28 50 21 4 30 43 13 6 26 45 9 0 27 39 11 36 25 49 10 3 24 42 16 35 33 48 20 2 23 41 17 38 19 51 18 5 34 44 22 7 32 46
15 1 31 40 22 37 29 50 14 5 28 44 21 8 27 47 12 2 26 41 9 38 13 51 11 6 25 45 10 7 24 46 16 0 33 39 20 36 34 49 19 4 30 43 18 35 23 48 17 3 32 42
15 38 22 51 12 5 29 44 14 7 28 46 21 1 31 40 9 36 27 49 13 3 26 42 11 8 25 47 10 2 24 41 20 37 16 50 17 4 34 43 19 6 33 45 18 0 30 39 23 35 32 48
15 3 31 42 14 35 28 48 12 2 30 41 13 38 21 51 9 6 26 45 8 7 27 46 11 0 25 39 10 36 24 49 16 4 33 43 20 34 23 47 17 1 29 40 19 37 18 50 22 5 32 44
20 6 28 45 15 0 31 39 14 36 26 49 13 3 30 42 12 35 27 48 21 2 25 41 9 38 11 51 10 5 24 44 17 7 32 46 16 1 34 40 19 37 23 50 18 4 29 43 22 8 33 47
15 2 31 41 20 37 28 50 14 5 29 44 13 7 30 46 12 0 27 39 9 36 26 49 11 4 25 43 10 35 24 48 16 3 32 42 22 38 17 51 19 6 34 45 18 8 23 47 21 1 33 40
15 36 31 49 14 4 30 43 7 33 28 46 13 1 27 40 12 37 8 50 9 5 26 44 11 6 25 45 10 0 24 39 20 35 32 48 21 3 29 42 19 34 22 47 18 2 23 41 16 38 17 51
20 6 29 45 15 8 31 47 14 1 28 40 21 37 30 50 13 4 26 43 12 9 27 48 11 2 25 41 10 38 24 51 17 5 32 44 16 7 35 46 19 0 23 39 18 36 34 49 22 3 33 42
15 35 31 48 14 2 28 41 12 38 13 51 21 5 30 44 9 7 26 46 8 0 27 39 11 36 25 49 10 3 24 42 16 34 33 47 20 1 23 40 17 37 19 50 18 4 29 43 22 6 32 45
15 0 31 39 14 36 30 49 13 4 28 43 21 35 27 48 20 3 26 42 12 38 9 51 11 6 25 45 10 7 24 46 16 1 34 40 17 37 32 50 19 5 23 44 18 8 29 47 22 2 33 41
15 37 31 50 12 4 28 43 14 6 29 45 13 0 30 39 8 35 27 48 9 3 26 42 11 34 25 47 10 2 24 41 20 38 16 51 17 5 23 44 19 7 33 46 18 1 22 40 21 36 32 49
22 4 29 43 15 8 28 47 12 1 31 40 14 37 21 50 13 5 26 44 9 7 27 46 11 0 25 39 10 36 24 49 16 3 33 42 20 35 30 48 17 2 34 41 19 38 18 51 23 6 32 45
12 7 29 46 15 1 31 40 14 37 28 50 21 4 30 43 13 8 26 47 9 2 27 41 11 38 25 51 10 5 24 44 17 6 34 45 20 0 33 39 19 36 22 49 18 3 23 42 16 35 32 48
15 3 28 42 21 38 20 51 14 6 31 45 13 8 30 47 12 1 27 40 9 36 26 49 11 4 25 43 10 35 24 48 16 2 32 41 22 37 17 50 19 5 34 44 18 7 29 46 23 0 33 39
15 35 31 48 14 3 30 42 13 34 28 47 21 2 27 41 12 38 8 51 9 5 26 44 11 6 25 45 10 0 24 39 20 36 33 49 17 4 29 43 19 7 22 46 18 1 23 40 16 37 32 50
20 5 28 44 15 7 31 46 14 0 26 39 13 36 30 49 12 3 27 42 21 35 25 48 9 2 24 41 11 38 10 51 17 6 32 45 16 8 34 47 19 1 23 40 18 37 29 50 22 4 33 43
15 34 31 47 14 1 28 40 12 37 13 50 21 4 30 43 9 6 26 45 8 0 27 39 11 36 25 49 10 3 24 42 16 35 33 48 20 2 23 41 17 38 19 51 18 5 29 44 22 7 32 46
15 1 31 40 12 37 29 50 14 5 28 44 21 8 30 47 9 2 27 41 13 38 26 51 11 6 25 45 10 7 24 46 16 0 33 39 20 36 34 49 19 4 22 43 18 35 23 48 17 3 32 42
