-86 -1 -44 69 -19 -84 -29 3 55 39
16 96 56 -15 -57 -52 97 72 -60 -69
86 -4 49 -39 -37 -66 -68 67 -92 96
27 -87 -1 5 -11 -36 54 -83 -46 22
12 89 70 34 63 -97 32 43 -41 14
8 -16 -51 -8 19 47 24 76 98 95
18 73 -81 62 -46 -94 39 30 -66 79
-13 -63 38 -81 -72 42 73 48 9 76
74 23 87 -59 -11 83 -21 -59 52 -99
-16 86 4 -26 -67 49 61 79 -77 -4
-85 39 46 -3 21 -15 27 -69 75 43
83 -14 6 -1 -10 -16 35 -81 51 -45
55 64 -86 -27 74 24 -19 -34 -81 -47
91 0 -81 69 -9 -24 -35 -63 -56 -88
-25 -77 -93 43 -57 28 -76 8 -95 24
-20 58 90 26 89 -76 61 8 -16 99
-4 -7 84 -4 -17 19 -37 86 49 87
-66 90 -78 -27 -95 96 -30 30 -81 75
14 55 13 -59 62 0 95 -88 -23 66
61 70 9 -85 8 21 -32 -7 41 4
16 -56 -8 -41 -20 22 23 29 60 48
71 0 20 -61 -40 -96 76 78 9 -4
-95 -74 17 -34 -38 -87 90 -73 -38 -21
-97 84 43 44 6 79 72 -29 -38 -4
-66 58 -45 -4 -88 27 79 60 -12 4
24 33 -19 -14 94 29 -46 91 47 -67
-12 -75 -9 -36 -84 96 16 5 -92 -84
13 40 -54 -62 68 -58 -80 -83 22 -64
6 -76 0 20 -74 -50 46 93 82 -83
-23 -50 -3 73 -54 18 70 94 -31 85
-90 30 -7 -22 7 -20 87 97 -15 -89
48 -70 9 38 54 81 53 -29 58 -74
-46 -52 -13 22 59 -64 -75 -13 42 -30
1 -14 54 26 -80 -12 -79 -53 -43 79
-75 15 63 -23 -70 -50 18 -23 37 66
-100 8 -54 -56 -86 13 -81 96 -7 99
60 88 59 -60 12 72 80 -59 93 60
-93 -48 -33 -66 -90 -67 70 97 29 68
-17 -2 22 33 -7 -67 -46 51 -38 40
17 69 -80 -56 -40 37 66 71 -98 -24
-10 -54 64 94 -10 -96 -95 31 75 92
33 37 -52 -14 -43 -35 53 43 -14 -75
-57 -15 96 -3 -70 -87 -94 -93 -29 -20
-62 -47 35 -35 0 -60 -35 -73 50 73
36 61 -20 59 -31 53 -81 2 -42 -98
38 -68 -82 41 35 86 -76 -67 -7 54
2 -32 24 -30 51 94 -87 42 -74 -91
10 -15 25 -74 -98 12 -87 99 -2 -16
-76 -37 -46 -19 22 -52 6 57 53 -37
38 -61 62 80 -15 39 13 76 -52 -6
33 -69 -7 -93 -85 80 -55 90 32 29
10 75 48 -94 2 -91 29 -75 99 -10
33 74 38 24 -67 11 -78 91 -21 44
-65 9 71 41 -35 88 -28 8 0 31
70 -12 -36 70 87 -45 -93 -72 -79 -70
-42 -27 -22 52 0 -18 -88 51 57 48
-98 40 -86 94 95 -52 -31 39 -1 -47
76 -42 36 13 29 -56 -52 -30 -96 90
-56 17 50 9 30 53 -55 -7 31 30
9 9 37 -94 -95 -32 -43 -35 -59 25
-25 -7 92 -75 -60 -87 -78 1 -40 -52
-78 -97 51 40 -30 80 30 43 -96 86
72 -65 40 -48 -75 -86 -31 -39 -60 45
77 72 -71 71 -43 -38 -40 59 34 -68
56 -49 -60 -30 11 55 25 -80 79 82
-67 -69 47 21 88 -24 -97 -63 0 -83
-10 -99 70 -70 -2 55 -34 76 -45 59
-68 -71 57 -55 -11 -96 63 95 61 -68
51 -81 -2 1 89 9 88 63 -43 -26
-54 97 -82 77 -60 -36 -39 13 13 54
95 -87 55 -12 -15 -34 30 -15 -6 -33
-39 -37 39 -68 -99 -85 -75 75 -61 15
79 -42 14 25 63 4 -98 -26 -15 -13
44 -18 -13 95 42 -47 -67 -76 -92 -58
-68 -10 16 -97 15 40 -93 97 -8 -77
6 84 -60 -33 20 61 43 18 49 73
-38 -84 -61 22 39 -17 -83 22 -5 -7
-44 31 -68 0 -86 -60 -5 0 14 0
-18 61 -7 47 -15 4 2 85 -43 0
13 -30 -1 4 53 27 -97 62 -45 73
-69 -76 -42 -44 6 -83 -65 91 85 -16
22 95 0 52 65 20 -70 0 -28 62
34 83 27 -18 51 -55 -13 -72 12 84
47 -69 -10 43 -43 18 -48 -67 -65 -39
90 -28 40 15 13 79 -97 -14 42 34
47 -45 15 -68 67 -72 5 -83 39 1
30 55 89 12 -69 5 -22 -61 71 27
-85 81 14 74 -31 22 98 -35 -45 -86
9 -38 77 47 68 34 19 -6 -82 6
51 -86 -23 85 43 -40 -6 50 -64 -50
-71 -32 1 70 -2 -96 -42 18 8 43
8 -74 28 62 -47 98 57 -84 11 -79
21 78 36 57 73 -8 57 -83 -76 -46
-34 -27 -73 -55 71 85 67 -51 64 -40
-14 -75 82 -38 5 82 -74 -44 7 69
-52 38 -2 -25 91 -84 28 -24 -59 -46
-2 47 -86 86 -27 -44 -25 -77 -89 -24
16 97 20 20 -96 44 -41 9 50 -18
-29 -23 13 -75 -36 78 43 90 97 -15
86 -63 -72 91 92 -12 86 61 -89 79
