-11 -99 -81 19 1 31 77 36 -86 -62
69 4 -68 -50 -44 -5 67 -69 78 -66
46 33 37 -72 57 44 9 0 19 -66
-35 44 -68 -66 44 23 93 -41 -36 -86
-68 -24 -82 -19 -44 -64 30 12 -47 -75
-98 77 26 6 -54 44 27 -70 92 -84
-65 33 -96 -16 -19 -92 -85 23 71 -19
15 -58 -40 66 -26 -36 47 48 15 58
90 -88 -35 57 39 -32 -61 86 -83 67
59 -5 12 -53 36 -19 37 -5 -55 52
-56 52 81 2 74 41 20 76 -39 24
26 -36 -6 -15 69 87 61 64 -58 -65
-66 54 -38 40 -26 60 81 55 -35 82
65 -63 -33 90 68 99 -93 -8 41 -79
-70 90 70 66 -11 -60 40 36 -83 -37
-12 93 -91 62 92 -17 -35 -20 77 -32
-53 11 42 -61 -70 -87 78 77 -69 -81
-73 -5 -31 -72 -48 84 -89 -70 34 26
12 90 -25 64 81 -32 19 -61 -36 -27
-57 -89 44 41 99 51 -17 -14 69 78
93 -97 8 77 45 55 -99 92 93 72
40 -53 24 95 -35 7 28 -95 28 95
36 26 -4 -68 -49 2 -59 75 -50 -49
16 88 -18 19 78 -93 49 99 85 -19
-33 50 88 -73 -15 -58 -82 52 33 -58
-4 -50 15 -53 71 -19 41 55 -92 -34
-28 61 -72 -93 -81 -54 -23 20 35 4
24 50 30 -59 -62 -25 43 -34 -38 -79
44 78 89 -2 10 -43 -58 -64 17 -43
91 67 30 -98 30 -10 -79 -29 62 94
-94 40 71 0 34 81 21 49 84 50
28 -12 80 -88 82 -74 72 -78 -53 -40
49 -29 -47 60 -68 -54 65 27 35 35
-25 7 80 7 -37 13 36 -24 12 -64
83 70 -5 24 -46 77 45 -56 -15 94
-25 39 -57 -92 -48 -7 -93 54 73 -97
70 -95 84 -8 37 19 -47 -39 -12 97
-50 54 -63 -82 35 -61 0 -49 7 40
70 78 -95 -23 -25 -13 92 -37 15 -82
-23 -13 40 -79 0 15 78 29 -76 32
-46 -55 -54 -73 -44 -53 -46 47 57 9
82 82 -65 -8 75 64 91 61 -23 -44
-47 -74 -97 19 96 33 5 78 60 -28
29 19 -43 76 -77 62 29 57 -8 71
-36 35 18 5 39 90 -78 21 33 -75
-11 51 -1 -59 -92 60 -12 18 -20 -82
79 -24 -59 73 42 -3 -11 -79 -59 65
-25 55 -37 -73 -84 -7 -31 93 6 51
-66 -30 -38 17 8 -28 87 11 -99 -23
-71 20 -28 -9 -13 30 12 -22 10 96
69 61 -16 77 -34 14 77 89 -94 17
87 -89 79 32 -73 74 -14 60 -99 91
60 -74 -29 32 -57 10 -19 -86 -72 -59
-35 -13 53 61 -14 -25 -14 -15 64 -3
49 -45 56 -32 -7 89 15 64 8 -50
-46 -54 8 -71 -79 78 31 -30 -99 -73
92 61 54 69 -60 45 63 83 67 -19
7 -86 -53 -17 -55 33 79 -48 40 -79
-69 78 -34 37 -21 44 17 -84 -98 -13
32 35 -67 70 -13 65 -15 -40 97 -42
93 -57 -30 38 -2 62 -63 73 56 30
-45 64 73 -72 90 -11 3 7 84 -30
-85 -62 -3 -85 -6 69 59 38 -82 32
-98 39 30 10 -18 -4 -78 -95 5 -1
-12 -32 40 -67 33 -88 35 19 -22 6
-48 77 67 0 57 -77 19 -15 -29 -6
-91 83 97 21 87 35 4 79 -36 -47
-21 95 96 31 62 68 7 54 44 3
-53 7 -75 -32 -14 -71 -35 -94 -31 -74
-9 -11 14 53 12 -8 91 40 22 70
-37 84 -74 39 73 24 33 4 -56 9
-8 25 -74 -47 49 -70 -75 0 -47 -58
24 4 -46 -53 -63 -57 -21 57 -95 51
71 -57 -79 29 -10 -79 -50 -54 -88 49
-5 -99 -8 -90 -54 -52 -55 67 96 98
-25 -82 -48 81 37 79 -2 78 75 -28
10 50 -25 91 63 14 59 -26 11 57
91 -38 69 54 -30 -64 -39 54 -46 84
48 -42 13 65 8 -37 60 88 -17 73
26 -52 -26 50 52 30 97 -6 9 -91
-4 -97 93 80 35 95 -82 -96 -98 -81
55 47 5 89 -86 49 90 80 23 19
-18 76 0 -30 -30 89 51 -67 -75 72
-52 41 -98 -80 4 -30 -8 72 81 -7
-48 -25 7 7 -88 31 -41 -74 88 72
-84 -76 1 -68 98 40 -31 22 -66 -53
-90 82 -40 52 -17 -37 26 59 5 -75
-60 44 -3 -10 95 -28 -18 -60 39 65
7 -59 -52 58 52 -31 16 8 -69 -36
72 18 -48 36 -23 -57 -77 20 72 -49
-55 93 55 60 -89 35 -76 24 98 32
-14 -78 -76 -55 93 50 41 -36 -27 -69
-88 89 27 -78 7 32 91 -35 -39 34
84 -64 47 8 50 -69 43 83 -84 -59
-94 39 13 80 -33 23 -98 54 93 75
-62 3 63 -20 36 71 -64 -45 -6 -55
-95 -61 -96 -66 -23 -87 86 -14 -82 -79
-22 -38 -43 -6 -71 52 9 -81 73 -61
-96 -66 67 9 -66 -37 76 17 9 -88
68 0 43 30 -65 19 90 -34 33 -95
