-3 26 82 84 90 25 -9 18 25 -70
-81 28 66 81 -64 -40 99 -44 -30 78
-81 76 49 60 75 -8 -69 59 77 -54
5 -96 -34 62 21 8 54 -15 74 -1
-90 99 -40 -64 -87 -24 40 -3 34 -41
2 90 32 -90 9 70 20 61 87 50
18 92 10 -54 78 -92 57 0 -94 -32
-71 -38 -87 -16 3 -54 -69 -79 -89 2
-10 -78 -31 -18 -56 93 -54 35 43 11
-78 0 -63 60 43 -21 -63 -76 74 -36
12 -55 88 -31 28 -58 77 -90 80 -55
-37 92 71 23 -90 -70 9 12 -78 43
36 80 59 27 -80 38 88 75 -75 -64
-75 58 -23 -54 27 62 22 -33 11 -63
53 21 89 73 65 -48 66 -93 -52 2
1 88 -22 -95 72 5 -10 -93 -46 -86
-14 1 -4 0 13 -27 -66 54 0 78
86 19 -97 -34 -22 93 -14 42 98 -1
91 71 16 -17 -35 -99 76 -70 -19 -39
88 47 4 -52 -27 -92 -30 -64 29 53
8 -2 0 0 60 -15 -73 -95 71 -86
83 39 -91 -75 -63 -39 48 58 -33 36
74 31 25 69 -83 92 61 24 51 -64
-59 -25 53 -85 79 -32 -91 -56 -1 59
-36 -61 -19 -70 72 -58 26 -65 9 -1
77 -47 85 19 55 74 -62 -74 -46 -27
-36 79 -68 87 -29 39 26 84 -57 -41
94 -47 33 -31 87 78 -92 65 -61 -75
0 -94 -75 -56 -96 -7 56 18 12 -64
-74 51 66 -21 -73 29 1 95 94 -42
98 53 -20 -22 27 -66 30 85 76 71
26 1 -14 -50 -48 -2 30 1 -52 -69
-53 45 -73 89 -49 -50 73 64 -67 -24
-91 6 19 68 -28 -90 -49 -55 4 -56
96 60 83 -34 94 42 -33 47 50 -44
-67 8 52 -99 -56 93 -92 31 -88 -39
-86 -74 -38 -23 -11 79 -11 26 21 35
87 -58 2 50 18 73 50 10 16 37
64 -23 -58 -42 81 21 -88 58 20 59
-33 8 4 -12 98 -97 26 23 53 -44
-33 -65 -77 0 47 64 -49 49 43 28
-64 13 97 -71 38 -6 -47 -89 -9 -68
-95 -49 91 -10 84 26 -75 -48 -27 59
48 -3 63 -94 4 16 23 -1 -60 40
7 64 14 42 -47 -91 -18 -40 96 -26
89 10 -17 -93 -30 -6 -73 83 3 -42
-62 11 -11 -33 -89 -65 -46 66 7 -87
41 3 24 40 25 -38 -88 38 -83 -53
-70 -6 -56 -67 -15 14 89 68 -15 15
-84 14 9 88 -60 51 98 45 -98 25
55 30 52 42 -93 82 13 7 -11 -51
56 7 38 95 5 -75 -15 -41 27 21
79 -50 67 75 -90 86 7 -17 5 -68
27 -64 58 32 55 62 -91 95 -5 95
44 -15 -51 12 -82 -46 4 -53 66 73
-25 -14 38 50 71 85 74 -81 -47 48
0 -60 -36 -72 47 18 -44 0 46 55
-41 -34 15 -23 29 24 90 -65 -87 -31
59 -5 -50 0 -25 -25 17 66 19 81
-55 13 -18 76 83 -76 43 39 45 -61
-98 61 52 51 35 35 8 80 9 -88
96 7 35 -76 -4 -50 -76 78 -37 49
38 -36 -2 68 -97 32 74 -6 53 -12
-37 -29 84 34 -60 18 26 -61 -49 -38
-28 21 44 -13 83 -38 -9 57 92 6
-73 -77 -47 -2 -62 79 -55 -39 88 94
23 69 -52 -10 -20 -67 -18 -76 34 7
-4 45 -81 -91 72 -67 22 -8 94 42
79 -7 -66 6 36 7 2 63 71 -7
51 -31 2 43 -96 -6 -50 43 33 -70
58 14 50 -74 -53 61 -10 -31 28 -67
-80 83 54 -72 -53 4 73 8 43 -79
-88 6 -60 90 -78 6 47 -19 40 -9
41 89 80 44 -61 -29 -5 -31 -47 -40
-41 73 -46 3 -37 61 22 1 86 -36
85 51 34 -93 59 -59 31 -97 28 3
-9 -59 36 40 28 -44 31 -15 89 -75
-15 -3 14 38 68 91 73 -22 -70 76
-51 95 14 -39 -1 -62 -42 -44 -78 45
-46 -40 -77 79 -39 -45 -22 -97 99 99
32 -97 6 24 73 56 92 -36 11 73
3 36 27 -68 83 -83 -93 -47 72 7
36 -51 -85 71 -82 -9 -29 -47 2 -62
54 32 -73 94 -63 -60 65 28 -51 69
7 53 -92 40 -45 -15 99 72 -4 11
39 47 92 50 -86 -96 -34 25 40 -98
-84 40 -15 -56 68 -47 48 -74 -20 45
48 -18 -51 89 80 90 79 35 12 78
-96 72 -86 11 53 59 94 -70 -1 -34
25 53 -41 -77 -70 96 -23 95 45 29
39 19 25 -26 -60 -11 -54 -81 62 -92
-1 25 -93 14 -59 39 13 75 -38 -38
-56 -85 93 67 -22 51 91 -81 10 47
68 -90 46 14 91 -54 95 -59 74 -19
84 -55 -68 74 -47 -43 46 -93 -41 -17
-60 63 59 84 16 14 -73 -53 -20 -67
-48 -72 16 66 20 79 -9 98 -77 -30
16 -13 93 -97 -2 -91 97 -98 -65 15
15 97 31 -16 -65 -73 -18 -93 62 32
-60 -50 72 8 72 59 41 25 -44 65
