53 -94 37 -48 -53 53 34 -43 -46 30
85 99 27 78 40 39 49 56 -61 -86
-43 -5 76 -3 -34 -83 -70 14 45 -23
-5 7 -65 73 73 46 -12 -4 54 -53
95 75 -69 29 -84 78 -97 63 -24 -29
70 -96 76 -50 75 -9 19 93 17 64
33 -52 1 -35 84 -94 -93 66 -95 -40
-53 -77 90 -94 48 16 23 -80 43 17
77 -6 3 -44 -89 -99 -22 -23 37 -32
-71 59 -26 69 4 30 -72 -80 -7 5
-27 97 -69 24 29 -45 28 18 -55 55
-20 -5 95 84 21 -76 -69 -73 1 61
-48 53 63 -82 44 -30 40 -61 -48 -40
-38 78 -66 -34 -37 -50 81 -46 -6 62
-82 -10 41 86 -23 77 42 42 88 63
-36 -34 93 -21 49 97 23 -57 -84 -99
79 -50 -59 16 93 80 12 -91 81 -83
-43 -38 -12 92 -50 -17 -7 74 -18 -7
-49 49 -22 63 49 78 -37 77 -68 -19
93 -70 -62 79 -39 9 -41 81 -96 -8
6 48 16 81 -95 36 61 -86 -75 14
-35 -93 83 42 -2 72 0 -68 -36 -18
8 73 35 32 -4 -41 -26 -87 -84 43
10 69 12 -97 61 24 64 -44 -54 53
-57 -32 -39 -69 -64 39 -58 15 12 81
4 -34 5 -26 25 -61 33 64 44 74
17 -8 52 -97 -16 -19 45 -75 80 40
55 84 -5 -21 -84 -18 98 -15 8 -4
8 -88 -47 -20 24 -43 -34 23 -36 -34
-3 26 99 73 41 42 -91 -55 -88 -13
86 49 84 14 26 30 -86 -1 -12 27
55 -81 41 -22 6 -31 -78 -56 57 -8
89 88 -27 3 -49 -39 -8 -34 -7 93
-28 -5 64 21 -36 44 -6 32 -96 -64
9 23 -7 72 37 -85 -55 81 -36 -10
-11 -64 23 -95 -13 -78 -92 -4 -32 67
84 81 73 4 64 -48 -34 17 22 -36
18 -37 47 -37 38 73 4 66 -96 -43
-80 28 -11 -58 21 13 17 -36 16 92
-86 92 66 -11 -78 -42 -50 -21 18 -7
-18 52 -97 -42 79 -81 -21 -70 77 83
74 -93 51 14 50 79 77 -16 9 -8
-39 44 1 -45 31 -67 76 -41 -85 -49
-62 -40 8 84 85 43 77 -20 3 -63
-96 67 -83 -38 -18 6 -73 68 38 15
-56 -47 -22 -6 -77 -44 54 -73 14 27
5 45 39 -42 1 15 92 11 -52 93
42 -87 51 -31 41 52 51 -94 80 -34
-84 -55 58 -68 7 41 83 0 8 -58
2 70 35 -32 54 -36 -82 -90 -69 -88
75 -54 -69 91 99 62 -44 13 -32 -83
-76 -40 46 51 -72 -98 78 0 63 -75
-15 29 -72 52 6 88 76 57 29 66
47 82 48 -63 95 98 -1 87 -27 -70
21 49 53 64 -29 -18 42 -18 38 77
-39 31 -6 96 -67 96 -13 22 -7 -46
32 84 10 40 -64 27 -18 0 -73 22
-35 37 -22 18 81 -38 -91 44 -94 -57
-12 39 -40 91 -81 88 63 39 26 -43
77 25 0 98 23 -94 -84 50 11 -92
96 1 -94 44 50 -92 16 -99 -28 -82
83 -70 -44 -34 -49 48 42 -47 -87 1
-12 -86 98 -48 -45 -50 28 -85 9 -96
84 22 72 83 64 -45 96 -27 -39 65
-75 68 27 -99 -27 -65 48 40 -59 64
-6 64 21 -82 -93 40 98 6 -86 -63
-71 24 25 -66 -41 79 -33 53 -57 50
2 -10 30 3 99 -29 54 51 56 21
-88 -72 69 -94 -13 9 13 10 -38 38
-29 0 -88 -51 -72 -32 -15 -57 64 -72
-97 -26 13 66 23 -57 85 -39 -71 -68
99 -31 91 -7 96 -15 -67 26 29 65
40 -6 -21 24 -88 36 82 49 -94 13
90 29 -30 95 -31 -65 11 40 -2 -61
16 61 78 67 -18 61 77 89 -52 96
-62 85 74 -17 42 -49 -38 78 36 54
12 -6 -8 68 81 72 13 96 23 43
-8 -95 -32 56 -40 36 81 55 -17 -80
-67 24 70 36 59 16 -80 -27 31 -89
-85 -71 -35 -17 71 -78 5 98 -26 -37
-90 11 -52 -12 31 5 -32 -15 -7 -66
31 -10 -51 -95 -4 85 -56 -95 27 -75
-16 2 -74 41 -71 37 35 -85 -61 57
87 -93 -15 -75 -55 12 98 -80 -10 68
28 12 -88 63 -90 13 46 -16 77 -87
-52 74 30 -15 14 -62 97 -13 26 92
49 -32 -61 95 -7 97 58 48 64 10
-34 9 -86 -20 18 -86 14 -70 -8 60
50 -1 -55 -14 -75 41 62 -78 -96 82
-41 -92 21 17 41 85 44 -22 35 -76
86 39 53 -51 -33 -62 -7 -71 -78 86
-7 17 53 -16 -92 68 4 -75 26 -27
48 -25 -7 5 -27 -97 91 97 -47 -77
83 -18 -51 87 60 75 -69 -11 -90 20
22 -95 -53 42 -3 34 -65 -27 -75 85
-96 27 -2 -69 -32 83 57 -33 -95 -67
47 21 56 82 -38 10 42 -67 55 -31
41 -43 -37 -81 -6 45 -84 -8 -42 -34
-67 53 92 -49 92 38 10 -19 48 79
8 22 93 -68 88 -81 -17 54 -99 79
