76 -59 76 40 76 -47 76 52 76 -97
76 2 76 -22 76 77 76 -72 76 27
76 -28 76 71 76 -78 76 21 76 -3
76 96 76 -53 76 46 76 -40 76 59
76 -90 76 9 76 -15 76 84 76 -65
76 34 76 -31 76 68 76 -81 76 18
76 -6 76 93 76 -56 76 43 76 -44
76 55 76 -94 76 5 76 -19 76 80
76 -69 76 30 76 -25 76 74 76 -75
76 24 76 0 76 99 76 -50 76 49
76 -37 76 62 76 -87 76 12 76 -12
76 87 76 -62 76 37 76 -36 76 63
76 -86 76 13 76 -11 76 88 76 -61
76 38 76 -48 76 51 76 -98 76 1
76 -23 76 76 76 -73 76 26 76 -30
76 69 76 -80 76 19 76 -5 76 94
76 -55 76 44 76 -42 76 57 76 -92
76 7 76 -17 76 82 76 -67 76 32
76 -33 76 66 76 -83 76 16 76 -8
76 91 76 -58 76 41 76 -45 76 54
76 -95 76 4 76 -20 76 79 76 -70
76 29 76 -26 76 73 76 -76 76 23
76 -1 76 98 76 -51 76 48 76 -39
76 60 76 -89 76 10 76 -14 76 85
76 -64 76 35 76 -35 76 64 76 -85
76 14 76 -10 76 89 76 -60 76 39
76 -48 76 51 76 -98 76 1 76 -23
76 76 76 -73 76 26 76 -29 76 70
76 -79 76 20 76 -4 76 95 76 -54
76 45 76 -41 76 58 76 -91 76 8
76 -16 76 83 76 -66 76 33 76 -32
76 67 76 -82 76 17 76 -7 76 92
76 -57 76 42 76 -45 76 54 76 -95
76 4 76 -20 76 79 76 -70 76 29
76 -26 76 73 76 -76 76 23 76 -1
76 98 76 -51 76 48 76 -38 76 61
76 -88 76 11 76 -13 76 86 76 -63
76 36 76 -37 76 62 76 -87 76 12
76 -12 76 87 76 -62 76 37 76 -49
76 50 76 -99 76 0 76 -24 76 75
76 -74 76 25 76 -30 76 69 76 -80
76 19 76 -5 76 94 76 -55 76 44
76 -43 76 56 76 -93 76 6 76 -18
76 81 76 -68 76 31 76 -34 76 65
76 -84 76 15 76 -9 76 90 76 -59
76 40 76 -46 76 53 76 -96 76 3
76 -21 76 78 76 -71 76 28 76 -27
76 72 76 -77 76 22 76 -2 76 97
76 -52 76 47 76 -40 76 59 76 -90
76 9 76 -15 76 84 76 -65 76 34
76 -34 76 65 76 -84 76 15 76 -9
76 90 76 -59 76 40 76 -47 76 52
76 -97 76 2 76 -22 76 77 76 -72
76 27 76 -28 76 71 76 -78 76 21
76 -3 76 96 76 -53 76 46 76 -41
76 58 76 -91 76 8 76 -16 76 83
76 -66 76 33 76 -31 76 68 76 -81
76 18 76 -6 76 93 76 -56 76 43
76 -44 76 55 76 -94 76 5 76 -19
76 80 76 -69 76 30 76 -25 76 74
76 -75 76 24 76 0 76 99 76 -50
76 49 76 -38 76 61 76 -88 76 11
76 -13 76 86 76 -63 76 36 76 -36
76 63 76 -86 76 13 76 -11 76 88
76 -61 76 38 76 -48 76 51 76 -98
76 1 76 -23 76 76 76 -73 76 26
76 -30 76 69 76 -80 76 19 76 -5
76 94 76 -55 76 44 76 -42 76 57
76 -92 76 7 76 -17 76 82 76 -67
76 32 76 -33 76 66 76 -83 76 16
76 -8 76 91 76 -58 76 41 76 -45
76 54 76 -95 76 4 76 -20 76 79
76 -70 76 29 76 -27 76 72 76 -77
76 22 76 -2 76 97 76 -52 76 47
76 -39 76 60 76 -89 76 10 76 -14
76 85 76 -64 76 35 76 -35 76 64
76 -85 76 14 76 -10 76 89 76 -60
76 39 76 -47 76 52 76 -97 76 2
76 -22 76 77 76 -72 76 27 76 -29
76 70 76 -79 76 20 76 -4 76 95
76 -54 76 45 76 -41 76 58 76 -91
76 8 76 -16 76 83 76 -66 76 33
76 -32 76 67 76 -82 76 17 76 -7
76 92 76 -57 76 42 76 -44 76 55
76 -94 76 5 76 -19 76 80 76 -69
76 30 76 -25 76 74 76 -75 76 24
76 0 76 99 76 -50 76 49 76 -38
76 61 76 -88 76 11 76 -13 76 86
76 -63 76 36 76 -36 76 63 76 -86
76 13 76 -11 76 88 76 -61 76 38
76 -49 76 50 76 -99 76 0 76 -24
76 75 76 -74 76 25 76 -30 76 69
76 -80 76 19 76 -5 76 94 76 -55
76 44 76 -43 76 56 76 -93 76 6
76 -18 76 81 76 -68 76 31 76 -33
76 66 76 -83 76 16 76 -8 76 91
76 -58 76 41 76 -46 76 53 76 -96
76 3 76 -21 76 78 76 -71 76 28
76 -27 76 72 76 -77 76 22 76 -2
76 97 76 -52 76 47 76 -39 76 60
