7 -35 7 64 7 -85 7 14 7 -10
7 89 7 -60 7 39 7 -48 7 52
7 -98 7 2 7 -22 7 77 7 -73
7 27 7 -29 7 70 7 -79 7 20
7 -4 7 95 7 -54 7 45 7 -41
7 58 7 -91 7 8 7 -16 7 83
7 -66 7 33 7 -32 7 67 7 -82
7 17 7 -7 7 92 7 -57 7 42
7 -44 7 55 7 -94 7 5 7 -19
7 80 7 -69 7 30 7 -26 7 73
7 -76 7 23 7 -1 7 98 7 -51
7 48 7 -38 7 61 7 -88 7 11
7 -13 7 86 7 -63 7 36 7 -37
7 62 7 -87 7 12 7 -12 7 87
7 -62 7 37 7 -49 7 50 7 -99
7 0 7 -24 7 75 7 -74 7 25
7 -30 7 69 7 -80 7 19 7 -5
7 94 7 -55 7 44 7 -43 7 56
7 -93 7 6 7 -18 7 81 7 -68
7 31 7 -33 7 66 7 -83 7 16
7 -8 7 91 7 -58 7 41 7 -46
7 53 7 -96 7 3 7 -21 7 78
7 -71 7 28 7 -27 7 72 7 -77
7 22 7 -2 7 97 7 -52 7 47
7 -40 7 59 7 -90 7 9 7 -15
7 84 7 -65 7 34 7 -34 7 65
7 -84 7 15 7 -9 7 90 7 -59
7 40 7 -47 7 52 7 -97 7 2
7 -22 7 77 7 -72 7 27 7 -28
7 71 7 -78 7 21 7 -3 7 96
7 -53 7 46 7 -40 7 59 7 -90
7 9 7 -15 7 84 7 -65 7 34
7 -31 7 68 7 -81 7 18 7 -6
7 93 7 -56 7 43 7 -44 7 55
7 -94 7 5 7 -19 7 80 7 -69
7 30 7 -25 7 74 7 -75 7 24
7 0 7 99 7 -50 7 49 7 -37
7 62 7 -87 7 12 7 -12 7 87
7 -62 7 37 7 -36 7 63 7 -86
7 13 7 -11 7 88 7 -61 7 38
7 -48 7 51 7 -98 7 1 7 -23
7 76 7 -73 7 26 7 -30 7 69
7 -80 7 19 7 -5 7 94 7 -55
7 44 7 -42 7 57 7 -92 7 7
7 -17 7 82 7 -67 7 32 7 -33
7 66 7 -83 7 16 7 -8 7 91
7 -58 7 41 7 -45 7 54 7 -95
7 4 7 -20 7 79 7 -70 7 29
7 -26 7 73 7 -76 7 23 7 -1
7 98 7 -51 7 48 7 -39 7 60
7 -89 7 10 7 -14 7 85 7 -64
7 35 7 -35 7 64 7 -85 7 14
7 -10 7 89 7 -60 7 39 7 -48
7 51 7 -98 7 1 7 -23 7 76
7 -73 7 26 7 -29 7 70 7 -79
7 20 7 -4 7 95 7 -54 7 45
7 -41 7 58 7 -91 7 8 7 -16
7 83 7 -66 7 33 7 -32 7 67
7 -82 7 17 7 -7 7 92 7 -57
7 42 7 -45 7 54 7 -95 7 4
7 -20 7 79 7 -70 7 29 7 -26
7 73 7 -76 7 23 7 -1 7 98
7 -51 7 48 7 -38 7 61 7 -88
7 11 7 -13 7 86 7 -63 7 36
7 -37 7 62 7 -87 7 12 7 -12
7 87 7 -62 7 37 7 -49 7 50
7 -99 7 0 7 -24 7 75 7 -74
7 25 7 -31 7 68 7 -81 7 18
7 -6 7 93 7 -56 7 43 7 -43
7 56 7 -93 7 6 7 -18 7 81
7 -68 7 31 7 -34 7 65 7 -84
7 15 7 -9 7 90 7 -59 7 40
7 -46 7 53 7 -96 7 3 7 -21
7 78 7 -71 7 28 7 -27 7 72
7 -77 7 22 7 -2 7 97 7 -52
7 47 7 -40 7 59 7 -90 7 9
7 -15 7 84 7 -65 7 34 7 -34
7 65 7 -84 7 15 7 -9 7 90
7 -59 7 40 7 -47 7 52 7 -97
7 2 7 -22 7 77 7 -72 7 27
7 -28 7 71 7 -78 7 21 7 -3
7 96 7 -53 7 46 7 -41 7 58
7 -91 7 8 7 -16 7 83 7 -66
7 33 7 -31 7 68 7 -81 7 18
7 -6 7 93 7 -56 7 43 7 -44
7 55 7 -94 7 5 7 -19 7 80
7 -69 7 30 7 -25 7 74 7 -75
7 24 7 0 7 99 7 -50 7 49
7 -38 7 61 7 -88 7 11 7 -13
7 86 7 -63 7 36 7 -36 7 63
7 -86 7 13 7 -11 7 88 7 -61
7 38 7 -48 7 51 7 -98 7 1
7 -23 7 76 7 -73 7 26 7 -30
7 69 7 -80 7 19 7 -5 7 94
7 -55 7 44 7 -42 7 57 7 -92
7 7 7 -17 7 82 7 -67 7 32
7 -33 7 66 7 -83 7 16 7 -8
7 91 7 -58 7 41 7 -45 7 54
7 -95 7 4 7 -20 7 79 7 -70
7 29 7 -27 7 72 7 -77 7 22
