-62 -93 -64 53 -76 3 -58 -51 -80 40
9 77 52 21 -68 -56 -52 11 59 -93
40 53 75 -45 -67 -81 -7 28 -82 -22
39 -75 31 -94 -14 -16 -55 -25 -91 79
-28 -80 -18 -43 -30 -35 -67 31 30 -42
18 22 45 28 58 -11 -10 -76 49 70
-22 6 19 24 11 -18 -56 61 -71 62
91 93 18 55 32 -54 -3 -19 -2 56
-97 39 -57 -32 -61 45 -72 75 -36 -41
-41 56 60 91 -22 -86 -70 15 -70 -51
69 -43 87 -79 7 -89 7 -60 -61 -77
44 60 45 45 -20 -2 -71 -86 -42 5
13 6 15 -13 37 -93 72 -68 31 64
5 -89 30 42 50 -59 80 -10 -34 65
-50 -45 -70 33 -98 -52 59 -54 -66 -30
-43 -2 15 -88 66 -1 46 76 79 -27
42 -13 62 -54 -79 -20 4 -53 41 -41
33 36 40 93 -59 -31 -22 67 84 83
60 61 63 -87 28 -13 -33 -30 -27 -69
10 66 11 64 -85 -65 -41 81 16 26
64 -29 60 5 -11 -47 -54 90 -97 73
-37 -99 -99 3 -29 86 69 -69 -38 -93
-69 22 -28 -88 -7 45 82 73 84 87
-33 88 -97 -53 68 -78 24 -99 71 32
-14 61 58 -36 -65 46 27 5 18 60
-98 28 72 55 -45 96 -72 23 -95 17
59 -54 59 86 97 0 71 36 32 19
32 -78 -10 -20 -27 -28 86 -62 -87 67
-89 56 -94 -71 -53 -21 63 65 -88 -28
63 44 52 -13 96 74 57 60 -29 -94
-2 76 -86 40 36 -3 -77 3 25 8
19 46 -6 -97 41 -71 30 -23 -98 74
45 15 84 -35 9 38 -81 61 54 55
22 94 32 87 -96 -46 -26 20 44 -30
62 98 -44 -58 -28 53 69 37 -82 -21
71 35 94 91 -36 60 35 31 -28 -66
21 13 95 -91 30 -3 97 -7 -86 9
23 -75 -56 61 41 1 -50 86 61 -19
-94 -19 63 -10 -14 -70 -63 25 24 61
-49 -4 10 -74 63 -43 7 -96 71 -55
72 55 -22 79 32 -26 -92 41 -33 -86
-90 -25 3 -21 40 34 -55 -78 92 74
-71 6 94 -55 87 -78 96 -31 -1 -29
64 54 -88 -54 10 -44 -46 54 -35 -45
-54 -12 -61 -66 -36 -29 -75 16 97 -12
-47 -30 13 -41 91 -30 98 -88 -90 37
-17 82 -75 -60 -40 49 11 -89 90 -60
-41 -28 54 -86 13 -37 -57 -59 -15 26
60 62 91 -30 -63 35 -73 -73 -27 -46
59 14 66 4 -47 -54 -97 58 12 67
8 -63 -28 95 82 -33 84 -36 -78 -89
-6 84 -39 -92 2 92 15 -37 -23 -82
84 -33 79 98 -90 49 43 -81 48 -76
36 72 -89 -85 -41 -21 60 61 -26 -81
26 -78 -48 -27 -45 4 25 -71 61 57
90 46 -65 -39 30 -39 39 65 79 21
43 37 -54 -20 -93 95 -4 20 -19 -2
42 -47 13 -45 80 85 24 -16 46 81
29 -88 6 74 32 -90 97 -50 -44 24
81 -18 -21 -41 8 -75 -98 -90 -55 52
87 0 70 -27 -60 -51 64 68 31 -22
22 12 -25 -93 -62 -46 17 -72 -63 25
-83 -96 -45 24 7 -93 71 -63 97 -50
63 41 15 91 0 -12 68 -93 -4 81
98 15 -67 81 39 0 -97 -34 -25 73
-99 22 -85 -77 -27 58 80 -32 -47 15
99 52 39 62 93 43 -40 -68 83 45
-50 63 -41 -94 -40 -78 95 49 -3 83
-40 -40 64 99 -38 -60 43 5 -44 -78
-30 -55 95 0 12 -72 66 -91 75 -89
-1 -90 75 -49 -66 81 -52 -97 29 -38
-16 24 -93 71 -97 -42 25 47 48 71
-74 -77 -55 -3 1 -81 -41 -24 -7 60
80 88 -34 -62 -33 -35 -94 -20 32 6
76 39 -14 75 -90 -52 -99 -8 -82 -38
2 -94 -42 2 76 56 44 -17 -80 33
0 45 -65 -76 39 21 14 -49 -72 5
39 -8 -82 -97 -20 93 87 -40 31 -5
-62 -55 94 -59 -15 -1 -76 -5 30 -30
-42 -99 16 0 85 2 -62 54 -55 97
89 66 -53 37 -20 92 -42 -9 10 -87
-88 54 -41 -90 7 -72 -77 23 0 -97
-39 -29 37 -91 6 10 -10 41 67 -30
84 40 -41 -92 -64 -46 -49 -33 -91 34
47 -43 -43 -9 10 18 -68 -24 -4 74
-61 85 -33 11 24 -22 -39 16 64 -21
45 -60 -94 34 81 -69 84 43 -77 28
-35 40 -64 -42 -30 -87 -43 88 41 5
-4 -20 12 54 -95 -8 25 74 -63 25
93 76 76 22 19 -55 -5 89 67 92
-51 52 90 98 80 -94 -70 63 -3 -64
6 20 18 19 73 -77 42 77 11 -75
-23 23 -11 -36 83 -15 81 65 -16 16
-10 -70 -46 -23 25 -74 -23 36 44 91
6 34 -63 -13 -74 36 -83 90 94 86
64 95 -99 -39 -33 69 -45 -4 51 34
-42 -26 -1 9 -28 42 3 90 82 -42
89 5 -47 -22 -72 -96 85 95 34 97
33 -9 87 -66 -84 38 -3 -42 -5 3
2 -94 90 -49 -86 16 -16 77 -17 -64
