90 26 39 7 80 80 61 -16 -74 -15
-14 35 91 32 11 56 43 -3 -15 -57
72 -82 9 94 1 -75 85 -96 -42 38
-93 71 34 -60 28 62 41 -68 -51 44
2 -35 33 10 -86 -85 -2 44 28 -62
69 -24 55 0 -53 37 -23 0 -58 99
-24 -96 -51 35 62 -72 93 2 44 -21
-27 -16 -17 -79 2 18 38 -4 -73 37
40 -51 -64 -14 41 50 -63 3 -21 -20
-96 52 89 66 83 78 -94 6 -61 67
37 99 39 39 -25 -52 80 3 -61 93
4 -30 33 18 47 50 -41 -11 -39 -81
72 0 -74 -11 99 -41 2 -96 -69 1
-49 -33 -93 55 -80 -50 88 -49 0 -88
31 -56 -38 89 96 -49 -72 63 -19 68
50 49 -69 -37 -1 -73 19 89 -21 -87
72 -41 -7 -78 92 52 -91 91 -92 15
-59 -46 -2 1 92 -58 75 -94 -62 60
-96 -69 99 59 8 -92 -68 48 -27 -78
-49 11 56 29 -19 17 -54 -69 -22 -33
59 -64 66 -42 16 0 -60 45 -58 -82
74 -23 -20 70 96 10 37 -85 68 47
47 -41 -75 4 -49 71 39 96 98 -46
52 -49 64 -33 0 -66 63 31 -23 -56
38 30 31 -78 -83 -84 -15 4 36 60
-67 -20 55 -31 87 -75 -49 -45 57 35
88 -47 96 87 -98 -64 -8 22 8 -20
65 78 94 -73 -68 -56 92 -15 -2 35
63 83 -44 83 -38 -29 -90 10 -66 -4
7 86 -76 -20 -5 -7 37 53 -35 -48
92 56 81 -51 95 -62 -54 96 38 -27
-43 -25 17 58 -57 -63 -3 -42 4 98
-80 -43 20 12 -54 -42 -68 -47 -79 -30
-77 -88 6 -37 16 12 62 6 -93 41
68 41 -95 -27 24 -99 -8 -74 -91 23
-50 -18 71 49 54 -37 61 33 -8 93
30 -22 -22 -37 30 -77 -37 -8 21 36
-62 43 -31 -36 -89 -12 -88 5 37 44
35 -68 -5 64 55 -59 89 -82 -65 -96
65 19 84 -95 -57 -8 -85 -30 51 84
-23 17 66 9 77 40 -38 2 16 -40
85 41 -64 -2 69 76 -77 88 83 27
36 -58 -82 -61 40 34 37 98 64 8
53 0 76 -57 43 -40 -33 57 -32 -40
-33 -79 92 -79 -52 -33 9 73 52 74
-27 15 78 42 19 5 -75 -57 98 38
44 21 -57 87 83 -88 -5 59 -22 94
-19 -66 -52 -34 54 19 -77 -3 19 20
-62 -57 12 -76 3 -48 -94 -94 80 77
0 34 20 89 58 -2 -19 -85 -69 -70
72 50 -4 58 36 51 -6 92 -74 67
-55 50 -60 -94 66 81 -26 18 -20 26
-76 -38 36 0 32 82 43 1 62 -63
-18 28 -36 -68 -60 -91 -69 -76 -42 -18
45 -98 -63 -61 61 -2 97 10 55 -16
-58 49 72 -80 79 2 24 58 15 72
-49 -90 51 -6 -40 -36 -16 -16 30 1
-43 24 -16 39 -49 -64 -25 -25 -16 32
91 54 -93 21 -21 -18 10 -47 -7 5
18 -90 64 99 3 27 42 57 -64 8
47 60 -90 79 80 59 5 -69 -10 40
29 66 48 39 -74 35 96 -11 13 -91
73 70 -16 6 65 80 -33 34 82 -57
-65 -78 -93 -62 79 -89 69 -82 78 19
-59 -56 43 81 -25 -76 -18 81 -4 -57
70 55 99 95 -57 -25 -60 -8 78 79
-60 15 57 58 78 8 -18 -75 -59 -15
-16 80 -19 -36 4 91 51 65 -56 -46
-66 84 -90 -21 -13 25 18 88 17 54
30 61 -89 -52 22 -97 45 24 98 41
6 6 8 -61 30 81 -70 -13 -4 -11
39 -10 47 -45 -34 57 21 -22 -86 0
59 -99 75 97 23 -19 6 91 61 48
68 26 -64 -18 -56 45 37 90 32 -81
46 -55 48 41 28 -28 -47 -70 99 -92
98 15 -73 84 67 86 -61 -3 78 26
84 -40 -70 62 51 74 11 82 46 47
0 -58 41 -54 91 -5 92 -61 -45 -60
85 -30 38 19 -8 28 -10 45 18 -61
11 58 3 -44 -73 -26 -11 45 -44 -49
-92 95 15 17 -35 85 5 84 43 88
87 -43 -26 80 -44 -35 12 -3 4 -81
-52 60 -69 78 -61 76 -40 10 51 99
-21 -82 28 0 3 47 70 -4 87 63
74 28 -22 19 -44 -9 21 54 76 59
82 -63 -44 -78 -19 0 -88 -85 59 -5
-81 -81 -81 -96 75 -32 77 33 -15 -25
-98 -35 0 92 -62 -73 71 94 41 17
-76 -41 73 88 20 2 -19 -63 73 8
80 -85 -12 14 95 -84 -63 0 -64 -25
-14 60 -20 59 80 10 39 55 99 -55
-94 17 47 52 22 -51 30 -69 -14 -23
-5 -48 82 26 -63 79 -5 52 -87 54
-88 10 23 -38 56 0 93 4 -95 53
70 -74 -32 -34 -60 71 -17 -60 -16 -64
29 -23 -29 -78 16 23 -39 57 -25 -64
-8 -96 86 -14 59 42 -83 -46 9 -83
78 -36 5 18 94 51 -7 62 90 10
-15 -81 -77 -26 -99 93 6 -78 30 -99
-39 33 63 -59 73 -41 7 -40 -95 -90
