67 49 62 -35 -52 26 73 8 -81 -41
-34 68 14 27 55 -2 -45 -53 -87 -62
-23 47 -87 -67 88 7 90 -7 -41 -28
-98 -16 -8 66 -44 21 -63 32 55 -78
34 -51 48 77 75 5 74 50 7 -69
42 93 -26 -24 87 48 -21 71 -99 -46
88 29 99 29 41 -73 77 55 73 -39
36 -92 -31 -23 -33 -15 62 -51 -36 -87
-13 57 -75 17 59 31 -83 67 68 -18
-10 60 36 -43 56 -19 77 16 -29 28
89 -95 -72 -32 -95 78 -30 -42 63 -41
-83 12 -36 -57 60 48 0 72 63 -41
56 70 -13 78 -56 -67 -28 48 83 31
-70 56 62 -31 39 39 -13 47 65 35
23 -33 -86 59 -8 -13 -36 81 12 -2
-7 -36 48 16 6 -11 -1 -35 -71 -76
-20 -52 -23 -73 31 -21 -79 20 -80 -95
76 -21 45 6 -71 -38 13 82 -37 -61
98 30 94 96 47 -34 -57 -98 -64 -37
-21 -25 3 73 -49 74 -9 72 -77 -59
37 -6 2 -42 64 30 -68 -18 -67 36
-23 50 -64 -14 24 55 -13 12 -66 -61
73 14 -62 66 -8 -47 -15 38 -88 -99
97 -71 -86 95 -3 95 -63 -72 -21 -93
96 -42 34 -64 -71 -46 -42 94 93 77
-28 -43 -69 87 -63 81 37 92 -78 46
0 -67 62 9 -49 -58 -17 -10 92 45
55 74 -59 -96 -78 -71 8 29 15 36
22 38 21 59 81 82 6 88 17 -10
-17 99 21 81 -37 96 17 18 -4 30
50 -98 30 -52 -46 40 93 -13 -41 0
-87 57 98 22 -70 30 -27 57 57 96
-73 -36 12 84 90 -16 -61 -94 48 91
-52 60 -80 -84 -19 39 92 -25 23 85
-44 -43 -23 -64 -3 -41 3 57 77 72
89 -86 -17 -24 7 -68 88 -71 10 -58
31 46 72 97 -9 66 34 28 -37 -86
71 -95 45 -34 86 -7 -89 23 -60 19
-11 0 38 -53 57 81 28 33 75 34
-11 -18 -62 -65 -11 -58 98 57 77 90
3 9 57 -19 3 -46 77 -92 9 67
-18 -61 -32 -75 -78 -80 63 6 71 8
-13 -21 -83 13 -65 -68 97 -20 42 -8
-46 11 60 89 -57 69 -28 79 78 45
-73 22 -56 79 94 11 -68 46 -70 82
51 21 16 -9 -99 23 57 -2 -3 79
82 8 -80 70 84 -85 -95 59 -89 49
-48 -59 -55 -66 -42 56 -16 -8 41 -17
59 45 -92 -82 97 0 37 3 9 42
-37 -86 -32 -5 -85 29 81 -88 -86 58
21 -89 46 55 -42 -13 85 64 96 -80
-48 -79 -13 25 68 -59 -17 8 -81 15
-50 26 50 39 -52 -6 24 6 -70 41
0 -34 48 5 -77 0 99 98 36 75
-24 -26 27 -40 68 -11 81 7 -16 -91
7 -41 -23 -4 94 34 -69 53 -65 41
27 -27 -96 -64 -81 81 99 54 36 -21
-88 20 40 -12 -93 -13 40 -53 -60 -73
-20 -66 93 25 64 14 28 56 -5 -51
-73 -78 -91 97 -65 -86 45 1 90 43
-40 -73 -98 -27 42 8 -35 -36 0 -77
-69 52 -39 -63 14 56 4 61 -91 -5
52 -47 -72 42 31 18 21 33 -41 -85
-6 -61 -44 97 15 75 71 26 0 76
79 -12 69 -80 59 35 79 -70 13 22
80 -93 42 98 -50 -24 23 -4 -73 -56
-77 15 63 64 -21 -97 8 -66 39 -84
-59 -70 -3 91 -46 18 -11 -99 -17 0
-39 -49 -97 -52 -50 -92 76 -86 -21 25
-72 18 -60 -70 -7 21 -40 53 -34 43
42 97 -1 -10 61 -81 23 -30 -27 -32
-72 58 -54 15 37 -23 90 -29 32 60
-89 -70 -58 16 -42 59 33 33 -38 86
97 92 30 94 48 -85 -64 32 -39 65
-39 -94 99 77 30 -80 -37 28 -13 44
70 67 64 47 -96 42 -80 74 50 2
-58 -9 -61 62 -69 -89 93 -40 31 98
-47 10 36 -39 -4 63 1 40 -64 -76
30 -45 -36 65 -62 -70 -36 42 76 -47
-24 -15 -11 -69 6 8 53 56 88 31
14 72 -86 58 -67 -38 -65 -41 0 80
75 40 86 26 -71 56 -51 67 80 -6
-34 59 -60 -62 36 -45 -93 -45 -56 94
-19 -72 71 78 -16 -94 -25 -9 66 95
-87 -19 -40 6 89 86 58 -67 -1 94
-68 -86 94 38 -1 11 -23 8 -65 31
-33 -10 21 28 -83 6 -16 17 -41 46
-43 40 -31 -92 76 33 8 -91 -54 -96
-71 98 -50 -21 20 49 34 33 65 80
54 10 -98 -38 36 -99 56 -21 98 76
-75 72 -6 -57 -90 48 -18 -5 -57 89
99 -45 -94 14 75 -98 19 10 -92 -68
-17 -54 -1 -44 20 -4 75 58 80 -39
89 -47 64 -60 -29 -77 -12 62 -26 -76
29 86 -53 -71 -59 -33 -87 -71 72 -16
64 -2 -11 -42 71 -62 -80 -25 14 -64
-94 -27 87 -3 -23 89 -6 -81 1 55
-18 97 -35 47 72 14 1 55 -48 -36
-41 -83 77 -2 -47 -5 77 -57 -60 84
-31 -44 5 33 73 -43 25 73 -32 97
