44 -36 54 73 -29 13 -83 89 -54 -25
61 82 88 25 26 -96 53 41 86 18
92 -14 -23 13 25 -14 47 -61 78 77
53 15 91 74 89 -14 -86 -60 74 77
33 14 -70 -13 21 99 -10 -30 26 86
48 85 -15 -82 63 38 32 22 92 -71
97 17 -79 -87 3 5 -86 -61 13 5
-14 37 95 21 77 -26 52 33 -51 -98
5 65 5 -67 86 79 30 -30 -83 67
-18 -17 38 -48 1 -39 22 -60 17 74
13 -26 -58 -95 -85 -12 38 -87 42 6
89 54 17 7 0 -24 66 -76 -98 81
15 -23 66 -43 40 38 72 -11 -52 65
30 -81 17 89 -46 -97 -43 -78 -26 13
99 -32 -62 -75 -95 89 32 -77 82 84
-19 49 -2 65 41 -14 -59 76 29 -17
-92 2 8 -43 61 0 -28 51 -20 -11
68 -28 79 -50 -65 -89 64 39 99 84
-65 -54 59 -2 -6 98 -84 89 -43 -21
-16 -33 -33 -41 90 8 -40 82 -25 26
-64 -33 -6 -29 11 -29 -9 -93 -48 -90
-82 -29 -9 93 -53 50 25 42 -3 32
-83 -57 -38 40 -82 -24 46 0 64 -39
-61 -4 16 37 3 -50 -99 -38 -41 72
86 -4 -93 95 48 -34 12 -7 59 60
-23 23 50 -70 -18 -53 22 -53 -91 32
2 91 -57 -42 14 -27 -80 37 99 75
33 45 -32 0 7 68 13 98 70 29
-18 36 -2 52 -11 70 87 -29 76 -48
-91 -4 68 -79 -83 -55 37 64 42 -90
84 45 -36 -53 -91 83 31 -75 -93 -4
-59 54 11 -82 26 -44 -65 89 76 -37
-71 18 55 -97 -8 -37 -28 -53 -49 -52
92 -97 24 74 12 60 -69 5 39 -90
-85 22 73 87 87 19 81 50 74 -46
10 -31 -17 -21 -36 57 9 18 -16 93
-25 72 -86 88 46 42 30 -15 -18 -37
-43 54 -23 4 -89 52 57 -82 2 17
60 -75 72 50 45 71 97 -71 -19 -9
-17 37 67 57 -73 -13 -57 47 -19 66
95 97 9 -25 -61 4 8 -63 29 51
78 82 -82 68 -23 -21 61 22 -25 -71
-3 76 -24 63 46 84 31 63 -24 95
-17 72 -2 31 -8 -87 80 -58 -58 -19
89 -63 39 -60 -30 74 -22 -61 41 -54
-85 -85 -62 10 98 3 -3 -8 -4 -49
45 -41 29 -41 -69 -44 38 -8 53 -3
90 -5 -49 94 -18 86 82 -60 74 24
-85 46 -26 -76 -34 34 75 54 7 -89
-64 10 60 -17 -19 -75 61 -4 -53 85
2 17 63 14 25 84 -70 79 34 -41
12 3 81 -44 47 70 92 -47 -88 90
17 -10 -64 -55 -89 -58 -24 -79 -95 -60
-90 -14 47 0 -41 -57 20 -55 60 -22
-35 6 72 -61 54 48 -73 -71 69 -36
96 -90 71 42 56 -86 68 0 -10 85
34 23 44 -88 76 33 -57 62 -13 -14
42 -94 -66 16 -51 -62 -94 -85 -5 -94
87 -78 -19 77 -36 -62 -40 -78 12 91
-40 41 50 19 22 -13 69 72 -55 -87
15 83 21 -25 -56 60 -80 -91 -81 95
-84 -84 68 6 -57 -97 57 19 -9 -82
-60 95 -72 87 -10 -11 9 -84 79 -4
-54 81 60 37 37 -24 82 -78 82 -22
77 -64 -92 -44 85 -97 -57 73 -31 -78
-56 -44 -85 11 89 -40 -22 53 -91 64
-65 0 -5 -82 79 60 91 38 -81 63
35 -17 -3 76 -55 -96 -63 28 -49 67
-28 -16 34 28 63 34 -29 -93 -67 69
-84 -36 -11 -75 34 -42 1 37 -87 -67
98 -43 78 5 -10 -60 84 27 -28 3
97 -13 -96 -4 -4 -52 -55 24 66 -41
-46 65 -48 71 -58 50 53 77 -83 -93
17 17 -11 -37 85 56 -91 -15 40 96
-92 -11 84 -48 -78 -35 -16 -47 -19 24
41 -78 8 90 41 -7 -54 -66 75 41
69 -58 -3 87 -47 83 35 -16 28 -53
98 -55 -58 0 -90 7 47 -66 -88 -14
-75 -67 28 -89 -70 -19 82 8 41 86
-64 30 -31 -99 -79 -27 -68 71 -99 79
97 26 -89 70 -54 20 -7 -79 -76 47
54 21 42 95 -84 98 87 37 -62 39
0 -80 -77 67 -36 70 14 51 87 43
81 18 85 47 -9 -73 -41 37 -94 51
-43 97 -12 98 84 -83 -70 -67 -15 -60
-55 65 -58 55 -30 23 72 -37 -71 -89
81 17 95 35 76 -91 22 -92 99 68
-69 -94 -67 25 68 35 53 -47 -11 77
26 -51 47 0 59 39 -3 38 66 -22
-78 -18 97 6 -68 91 13 -83 -79 -83
96 -2 -31 -59 -79 51 54 38 9 -5
-96 65 97 -74 -78 49 85 88 -19 -14
-8 -35 -35 -68 -8 -38 -77 -21 33 -22
62 -5 -15 -23 -10 14 -88 36 -62 -92
16 11 -56 -4 99 -37 -34 -22 7 99
77 -87 -9 11 -8 81 34 -58 25 44
49 31 94 7 52 45 31 -57 30 -22
43 -76 -50 25 46 -62 41 -11 -5 -12
-27 82 -19 62 17 -21 -68 90 -58 81
-54 82 -30 66 37 -33 84 57 -12 -38
