-65 -3 34 -3 -34 -3 65 -3 -84 -3
15 -3 -9 -3 90 -3 -59 -3 40 -3
-47 -3 52 -3 -97 -3 2 -3 -22 -3
77 -3 -72 -3 27 -3 -28 -3 71 -3
-78 -3 21 -3 -3 -3 96 -3 -53 -3
46 -3 -41 -3 58 -3 -91 -3 8 -3
-16 -3 83 -3 -66 -3 33 -3 -31 -3
68 -3 -81 -3 18 -3 -6 -3 93 -3
-56 -3 43 -3 -44 -3 55 -3 -94 -3
5 -3 -19 -3 80 -3 -69 -3 30 -3
-25 -3 74 -3 -75 -3 24 -3 0 -3
99 -3 -50 -3 49 -3 -38 -3 61 -3
-88 -3 11 -3 -13 -3 86 -3 -63 -3
36 -3 -36 -3 63 -3 -86 -3 13 -3
-11 -3 88 -3 -61 -3 38 -3 -49 -3
50 -3 -99 -3 0 -3 -24 -3 75 -3
-74 -3 25 -3 -30 -3 69 -3 -80 -3
19 -3 -5 -3 94 -3 -55 -3 44 -3
-42 -3 57 -3 -92 -3 7 -3 -17 -3
82 -3 -67 -3 32 -3 -33 -3 66 -3
-83 -3 16 -3 -8 -3 91 -3 -58 -3
41 -3 -45 -3 54 -3 -95 -3 4 -3
-20 -3 79 -3 -70 -3 29 -3 -27 -3
72 -3 -77 -3 22 -3 -2 -3 97 -3
-52 -3 47 -3 -39 -3 60 -3 -89 -3
10 -3 -14 -3 85 -3 -64 -3 35 -3
-35 -3 64 -3 -85 -3 14 -3 -10 -3
89 -3 -60 -3 39 -3 -47 -3 52 -3
-97 -3 2 -3 -22 -3 77 -3 -72 -3
27 -3 -29 -3 70 -3 -79 -3 20 -3
-4 -3 95 -3 -54 -3 45 -3 -41 -3
58 -3 -91 -3 8 -3 -16 -3 83 -3
-66 -3 33 -3 -32 -3 67 -3 -82 -3
17 -3 -7 -3 92 -3 -57 -3 42 -3
-44 -3 55 -3 -94 -3 5 -3 -19 -3
80 -3 -69 -3 30 -3 -25 -3 74 -3
-75 -3 24 -3 0 -3 99 -3 -50 -3
49 -3 -38 -3 61 -3 -88 -3 11 -3
-13 -3 86 -3 -63 -3 36 -3 -36 -3
63 -3 -86 -3 13 -3 -11 -3 88 -3
-61 -3 38 -3 -49 -3 50 -3 -99 -3
0 -3 -24 -3 75 -3 -74 -3 25 -3
-30 -3 69 -3 -80 -3 19 -3 -5 -3
94 -3 -55 -3 44 -3 -43 -3 56 -3
-93 -3 6 -3 -18 -3 81 -3 -68 -3
31 -3 -33 -3 66 -3 -83 -3 16 -3
-8 -3 91 -3 -58 -3 41 -3 -46 -3
53 -3 -96 -3 3 -3 -21 -3 78 -3
-71 -3 28 -3 -27 -3 72 -3 -77 -3
22 -3 -2 -3 97 -3 -52 -3 47 -3
-40 -3 59 -3 -90 -3 9 -3 -15 -3
84 -3 -65 -3 34 -3 -34 -3 65 -3
-84 -3 15 -3 -9 -3 90 -3 -59 -3
40 -3 -47 -3 52 -3 -97 -3 2 -3
-22 -3 77 -3 -72 -3 27 -3 -28 -3
71 -3 -78 -3 21 -3 -3 -3 96 -3
-53 -3 46 -3 -40 -3 59 -3 -90 -3
9 -3 -15 -3 84 -3 -65 -3 34 -3
-31 -3 68 -3 -81 -3 18 -3 -6 -3
93 -3 -56 -3 43 -3 -43 -3 56 -3
-93 -3 6 -3 -18 -3 81 -3 -68 -3
31 -3 -25 -3 74 -3 -75 -3 24 -3
0 -3 99 -3 -50 -3 49 -3 -37 -3
62 -3 -87 -3 12 -3 -12 -3 87 -3
-62 -3 37 -3 -36 -3 63 -3 -86 -3
13 -3 -11 -3 88 -3 -61 -3 38 -3
-48 -3 51 -3 -98 -3 1 -3 -23 -3
76 -3 -73 -3 26 -3 -29 -3 70 -3
-79 -3 20 -3 -4 -3 95 -3 -54 -3
45 -3 -42 -3 57 -3 -92 -3 7 -3
-17 -3 82 -3 -67 -3 32 -3 -33 -3
66 -3 -83 -3 16 -3 -8 -3 91 -3
-58 -3 41 -3 -45 -3 54 -3 -95 -3
4 -3 -20 -3 79 -3 -70 -3 29 -3
-26 -3 73 -3 -76 -3 23 -3 -1 -3
98 -3 -51 -3 48 -3 -39 -3 60 -3
-89 -3 10 -3 -14 -3 85 -3 -64 -3
35 -3 -35 -3 64 -3 -85 -3 14 -3
-10 -3 89 -3 -60 -3 39 -3 -48 -3
51 -3 -98 -3 1 -3 -23 -3 76 -3
-73 -3 26 -3 -29 -3 70 -3 -79 -3
20 -3 -4 -3 95 -3 -54 -3 45 -3
-41 -3 58 -3 -91 -3 8 -3 -16 -3
83 -3 -66 -3 33 -3 -32 -3 67 -3
-82 -3 17 -3 -7 -3 92 -3 -57 -3
42 -3 -44 -3 55 -3 -94 -3 5 -3
-19 -3 80 -3 -69 -3 30 -3 -26 -3
73 -3 -76 -3 23 -3 -1 -3 98 -3
-51 -3 48 -3 -38 -3 61 -3 -88 -3
11 -3 -13 -3 86 -3 -63 -3 36 -3
-37 -3 62 -3 -87 -3 12 -3 -12 -3
87 -3 -62 -3 37 -3 -49 -3 50 -3
-99 -3 0 -3 -24 -3 75 -3 -74 -3
25 -3 -30 -3 69 -3 -80 -3 19 -3
-5 -3 94 -3 -55 -3 44 -3 -43 -3
56 -3 -93 -3 6 -3 -18 -3 81 -3
-68 -3 31 -3 -33 -3 66 -3 -83 -3
16 -3 -8 -3 91 -3 -58 -3 41 -3
-46 -3 53 -3 -96 -3 3 -3 -21 -3
78 -3 -71 -3 28 -3 -27 -3 72 -3
