1 13 72 10 46 3 32 21 33 7 63 16 39 51 23 52 5 28 36 18 61 48 66 25 58 64 55 14 50 6 12 22 56 54 34 47 74 42 26 60 2 11 17 75 62 38 20 71 29 35 40 27 45 73 37 43 41 31 9 4 30 70 57 65 8 67 24 19 44 59 0 49 68 69 53 15
26 50 67 65 73 22 54 24 55 14 47 6 2 57 62 64 42 1 46 74 37 25 9 61 59 33 13 60 32 49 10 75 69 5 3 44 45 35 36 43 16 18 72 52 29 68 0 4 53 51 21 71 31 30 70 8 41 12 39 48 15 40 23 38 7 66 19 63 28 20 56 27 11 58 34 17
65 29 48 49 18 20 59 24 61 23 68 70 45 0 33 5 60 37 6 73 27 67 1 43 74 69 53 72 57 63 35 15 11 39 22 40 8 26 51 41 17 10 55 7 31 21 64 3 50 56 25 52 38 16 14 58 12 19 34 42 71 54 47 36 46 4 75 32 30 44 9 13 66 28 2 62
5 63 27 22 48 18 29 45 42 49 34 21 6 46 50 28 39 65 8 11 54 44 62 33 36 14 69 9 75 71 57 25 13 74 7 66 53 37 38 60 43 17 41 32 30 72 23 59 15 26 24 68 58 55 35 67 73 47 3 51 31 52 2 16 70 19 12 40 1 20 10 0 4 56 61 64
45 38 39 52 20 60 17 24 55 18 58 70 11 9 21 42 29 8 74 72 48 62 37 4 7 34 44 75 23 14 57 33 51 35 61 19 31 16 25 53 46 30 50 3 68 63 73 69 43 47 2 59 71 54 28 10 5 27 6 36 41 40 1 64 0 32 13 67 49 65 22 12 26 66 56 15
43 46 44 41 71 14 56 15 12 51 13 2 39 65 49 37 40 53 9 28 19 4 50 16 48 60 20 3 26 21 33 23 22 6 67 10 8 47 70 38 31 64 18 27 57 25 17 75 62 66 63 36 0 29 68 58 45 30 11 54 72 59 7 35 42 74 55 34 61 5 1 73 32 52 24 69
24 0 61 45 10 44 42 73 13 40 26 54 69 46 57 68 4 47 74 34 37 21 39 6 18 29 51 75 27 48 8 43 3 23 22 53 62 59 65 25 55 30 19 38 33 7 17 56 15 60 20 28 49 5 58 35 31 52 9 41 2 66 11 1 64 67 36 32 63 14 12 70 71 16 72 50
1 39 35 52 57 69 24 40 9 15 36 7 65 17 14 72 49 70 11 6 31 3 37 56 32 28 74 29 26 64 55 61 25 22 73 54 59 42 44 5 23 20 48 33 51 12 45 38 0 60 53 2 41 71 10 68 58 21 66 63 50 27 75 19 67 16 47 34 13 43 30 46 18 8 62 4
16 14 71 24 4 64 53 68 75 12 39 46 25 41 17 70 72 27 43 65 22 26 67 23 2 61 33 74 21 50 63 3 38 62 28 29 66 31 37 54 1 56 8 57 32 73 60 36 19 10 20 5 30 47 9 55 13 7 44 11 51 35 0 18 15 6 40 59 69 52 45 58 48 49 34 42
34 56 11 15 6 72 30 10 73 47 4 18 32 48 51 50 5 33 65 52 71 54 57 25 24 58 2 70 19 61 55 20 45 69 59 9 74 7 38 39 68 49 23 35 44 60 46 31 40 43 21 26 64 0 16 63 41 42 37 53 75 22 66 62 3 1 36 8 17 28 13 29 67 12 14 27
66 50 45 53 68 40 37 44 59 38 23 57 55 31 12 8 62 22 32 24 1 63 49 73 39 16 11 41 2 3 26 5 70 28 29 4 71 48 52 30 13 43 46 51 42 67 47 17 20 35 60 10 36 74 33 21 18 54 56 25 75 34 0 58 65 69 61 19 27 72 15 7 64 6 9 14
58 34 48 13 35 6 26 30 55 75 64 66 31 9 15 32 28 16 46 11 54 63 17 47 25 71 67 18 23 4 72 22 39 24 70 2 37 44 50 56 62 10 51 61 69 52 12 73 5 45 3 19 59 53 40 1 74 21 41 20 33 49 14 57 27 38 29 43 0 42 60 68 36 8 7 65
27 24 6 25 39 72 66 56 57 14 7 2 10 31 41 54 22 32 16 61 3 48 17 45 37 35 13 9 29 60 19 38 34 30 40 11 71 53 15 44 70 21 74 51 33 59 67 75 46 20 26 63 5 42 69 23 52 62 4 43 36 58 50 47 8 64 0 55 68 1 28 73 49 65 12 18
53 7 65 62 59 18 66 40 37 21 31 49 45 8 20 11 25 55 54 74 16 32 63 2 56 70 58 46 4 9 28 50 41 33 57 43 14 12 22 67 3 64 48 60 10 13 75 30 23 73 39 35 26 47 36 27 1 38 24 6 17 0 5 69 68 15 29 61 44 42 72 51 52 71 19 34
48 53 38 46 16 29 60 34 65 1 66 58 21 71 3 52 7 41 11 45 44 61 31 55 18 47 64 40 68 28 14 72 27 50 23 20 0 57 10 70 67 37 69 8 36 32 9 51 63 6 49 59 62 43 33 73 5 30 15 24 35 2 26 22 17 54 25 39 13 56 19 74 75 12 42 4
21 39 29 60 61 4 45 74 12 65 25 42 48 73 26 15 9 1 38 63 50 5 30 34 64 7 53 46 8 70 2 24 20 56 17 75 3 47 71 31 58 11 67 51 54 69 62 33 19 10 22 57 32 0 49 18 41 27 68 72 35 28 36 23 59 16 37 40 43 6 13 44 66 52 14 55
64 69 25 62 17 21 47 1 10 71 52 34 30 59 53 16 7 67 24 48 66 5 63 18 60 50 19 57 75 55 0 41 38 39 68 14 42 33 4 32 73 37 27 51 36 40 72 23 12 58 13 15 22 2 3 26 35 6 61 56 44 9 65 49 31 70 54 46 29 28 20 74 43 45 8 11
16 11 33 22 37 9 49 26 13 69 39 74 14 64 28 61 42 0 7 6 53 66 10 15 67 30 70 56 58 43 71 21 50 54 59 17 48 2 34 45 23 31 24 5 75 40 1 12 68 29 44 52 8 38 60 46 36 41 35 32 57 65 55 20 63 18 4 27 73 19 72 47 25 51 3 62
6 42 17 66 59 12 11 19 34 61 41 47 5 30 8 14 36 13 38 46 7 55 73 68 37 18 45 2 22 74 35 4 56 58 64 26 29 51 44 50 32 1 23 9 57 0 25 40 31 43 54 27 15 67 24 75 21 69 39 10 33 53 65 52 60 63 62 70 71 16 72 49 48 3 20 28
13 24 52 65 2 63 45 67 55 16 56 49 23 69 74 37 64 12 26 32 6 8 22 17 5 72 35 19 48 36 60 14 7 9 54 0 58 59 46 50 11 73 43 41 71 21 38 18 3 15 68 61 4 40 1 33 62 27 29 20 10 44 25 53 39 30 42 47 28 31 57 51 34 66 75 70
32 46 48 15 58 49 70 12 68 63 41 27 18 67 59 61 62 9 23 20 39 72 43 1 69 74 2 52 30 3 56 36 55 31 33 26 50 21 0 11 45 47 53 25 16 75 64 17 54 38 28 73 5 29 40 44 65 24 10 19 37 71 35 14 34 13 60 4 6 66 51 7 8 42 22 57
34 61 30 18 60 32 43 20 47 41 15 53 50 6 45 65 54 7 22 13 38 11 64 42 36 26 14 70 5 40 75 8 10 33 57 66 67 27 9 17 55 1 24 21 56 62 16 0 29 35 58 19 52 59 37 51 72 39 44 3 63 12 31 73 23 2 74 71 69 68 28 49 4 46 48 25
64 25 1 72 26 34 52 11 0 66 69 23 20 39 15 74 60 53 9 36 75 48 7 46 37 8 57 73 35 6 58 4 10 18 45 32 56 38 55 70 33 13 44 61 19 29 71 49 68 14 41 22 17 42 30 3 51 27 59 28 40 63 47 50 31 54 2 16 12 62 65 5 67 21 43 24
0 74 44 51 32 58 49 21 73 39 72 8 22 19 15 57 47 27 75 40 12 48 14 54 68 31 45 50 60 53 69 1 11 55 56 4 24 52 29 36 9 2 5 13 28 25 70 62 71 43 41 20 34 23 3 7 10 18 38 17 59 37 6 16 65 42 35 46 30 63 66 61 67 26 64 33
8 35 58 20 48 3 23 36 39 28 16 34 27 70 68 67 31 22 56 41 54 38 2 50 13 53 51 63 19 18 64 45 65 69 44 32 60 25 55 26 11 52 7 14 42 40 75 30 59 43 9 61 12 62 6 57 47 37 33 0 24 15 4 49 46 29 72 1 10 66 5 17 74 71 21 73
22 38 55 5 50 40 73 72 53 66 7 43 70 20 74 71 42 34 25 67 11 57 75 18 56 60 69 16 24 61 64 12 6 36 37 46 32 48 27 23 17 41 13 59 47 44 62 51 14 29 33 26 4 28 54 0 3 19 68 21 49 65 35 9 45 8 1 52 39 30 10 15 31 2 63 58
52 20 10 43 70 49 58 2 14 13 51 30 67 53 15 9 0 60 61 27 63 40 8 65 41 26 12 5 69 22 42 47 25 11 74 7 23 3 57 50 72 19 73 36 75 64 38 39 56 24 6 29 34 1 4 21 68 18 66 46 54 32 45 17 28 31 71 59 55 37 16 48 62 33 35 44
9 66 4 30 18 12 43 75 19 20 49 52 42 37 13 53 47 55 7 59 14 44 17 71 56 25 26 21 74 11 27 2 50 15 38 61 58 24 64 5 73 0 29 3 48 36 63 35 10 51 62 16 28 41 46 31 60 72 68 70 8 33 39 54 1 22 65 40 45 23 6 67 69 57 32 34
46 15 37 20 51 47 16 1 2 36 53 18 67 13 61 24 32 35 11 71 64 44 42 48 73 39 74 56 17 23 6 7 10 3 72 63 28 66 27 21 9 43 75 59 4 29 50 38 41 14 55 8 31 69 5 45 12 62 58 0 65 34 52 22 70 68 57 40 26 30 33 60 54 25 19 49
27 70 9 44 52 12 72 29 16 7 25 15 46 68 47 51 22 38 10 42 60 11 71 39 23 50 32 3 56 74 6 48 33 64 21 2 54 67 0 35 30 28 17 1 43 75 40 59 19 45 61 53 8 4 62 18 55 58 20 13 31 26 57 65 63 49 69 5 14 36 34 41 66 37 24 73
3 8 24 63 31 14 25 68 2 55 40 59 28 32 69 29 61 72 52 35 49 30 0 23 64 16 33 34 17 19 37 36 60 12 43 10 6 58 5 66 70 71 21 46 75 50 4 62 39 73 1 51 47 7 65 26 74 11 38 18 15 67 20 27 41 44 9 48 57 53 42 56 45 54 13 22
61 42 39 56 6 38 1 74 68 33 67 57 51 14 43 13 27 11 58 36 62 37 65 73 16 49 31 4 26 2 64 53 44 34 54 29 47 24 63 10 59 50 18 5 72 20 7 69 45 28 32 52 25 22 41 48 46 19 71 40 30 70 8 55 0 35 75 17 3 15 66 23 9 21 12 60
25 57 63 64 21 70 20 42 28 35 73 1 12 3 13 16 62 30 65 51 50 68 49 47 15 18 17 52 41 43 7 71 60 36 69 14 23 27 4 56 2 46 61 54 53 38 0 5 37 11 48 26 44 72 58 19 67 45 6 55 31 40 32 9 8 29 10 66 74 33 22 59 34 75 24 39
51 23 43 61 34 2 67 19 4 46 45 32 69 17 10 59 71 21 37 56 65 14 66 36 3 68 75 50 1 42 54 9 5 64 62 41 0 27 58 74 63 18 20 33 53 39 72 31 25 7 44 49 12 26 11 60 15 13 29 22 52 55 38 16 70 73 48 30 6 8 35 57 47 28 24 40
33 1 39 3 31 67 62 20 61 49 38 51 34 70 74 53 59 32 24 9 14 55 42 54 4 30 48 17 37 57 60 35 27 18 50 36 29 21 25 45 12 64 47 44 13 10 75 15 40 73 65 23 56 7 52 46 2 69 8 58 19 66 11 41 5 26 6 0 72 63 28 68 43 71 16 22
41 32 16 63 66 13 43 24 58 2 74 69 11 47 68 75 40 1 53 46 72 71 17 73 4 35 54 44 70 10 45 34 62 42 49 26 51 19 33 3 25 65 6 27 28 8 15 39 9 22 60 12 59 29 50 30 48 57 56 37 23 52 67 7 14 55 61 36 31 21 64 5 0 38 20 18
75 1 9 24 20 58 60 71 29 16 27 8 39 73 18 48 3 7 13 49 28 67 53 61 36 57 51 33 31 66 50 11 22 44 64 0 65 2 72 10 14 45 37 63 34 35 52 70 21 42 12 41 55 25 68 23 17 15 69 5 47 62 59 6 54 19 38 56 26 40 74 32 30 4 46 43
5 8 45 27 64 59 63 69 1 57 17 30 53 71 61 52 74 21 12 13 48 58 33 6 34 9 43 23 35 38 31 42 54 36 37 55 66 39 2 68 14 40 47 56 32 25 28 72 46 20 0 62 22 19 10 65 49 41 11 3 67 7 26 51 75 73 4 44 70 15 29 24 16 18 60 50
51 22 67 20 17 55 11 25 37 72 45 2 5 33 52 43 26 50 44 53 8 13 49 73 57 0 39 75 31 40 59 32 35 1 29 63 48 58 30 19 64 47 6 46 69 41 12 23 71 34 4 68 10 21 18 74 66 60 61 54 3 24 14 27 65 16 9 7 56 36 38 28 15 42 70 62
37 6 14 49 74 17 68 73 27 67 57 44 40 62 19 41 33 72 10 69 3 0 63 1 53 13 23 46 21 52 38 26 65 45 9 35 28 39 18 15 5 34 25 71 43 24 2 20 75 16 36 11 30 47 12 31 56 4 64 70 7 32 29 55 61 50 54 59 60 66 22 48 58 42 8 51
29 73 27 44 1 62 42 9 48 11 54 12 35 28 51 66 61 59 13 36 50 45 14 17 65 20 6 58 55 19 63 4 64 32 39 72 71 52 2 3 60 7 16 15 5 37 10 24 26 57 23 30 0 49 31 53 47 43 68 41 40 75 38 67 34 69 18 56 8 25 33 74 22 46 21 70
70 52 22 15 25 48 9 38 49 47 21 66 72 56 19 71 61 24 62 45 8 16 35 28 6 30 55 34 74 31 46 57 75 59 41 73 51 40 65 11 0 58 37 69 14 32 7 36 13 33 54 44 17 20 50 60 27 64 10 42 68 29 53 26 39 43 23 12 5 4 2 63 1 18 3 67
63 44 57 8 53 32 72 25 52 48 38 40 17 12 10 36 64 24 62 13 46 9 67 1 39 31 68 23 55 42 20 35 2 34 65 69 33 7 30 29 59 73 4 19 28 41 26 54 22 61 16 43 21 58 15 0 56 27 49 60 74 66 51 50 3 18 5 11 6 75 14 47 70 45 37 71
4 40 60 69 25 59 19 67 16 41 29 75 3 24 57 27 39 62 50 46 21 0 14 9 35 71 18 32 8 58 55 73 2 37 65 38 48 31 52 51 70 45 7 12 13 61 23 43 36 49 44 28 54 1 34 74 47 56 42 53 33 64 26 30 15 5 6 10 20 63 66 72 11 17 68 22
13 46 58 9 7 27 33 8 37 52 12 3 29 1 34 10 63 38 56 74 49 22 26 0 40 45 55 70 30 73 47 4 24 54 39 2 72 20 18 32 69 5 23 25 21 35 57 62 53 36 42 31 75 66 51 28 64 71 14 41 65 48 16 59 19 68 6 43 61 50 11 67 60 44 17 15
54 34 41 59 31 74 16 65 29 39 51 40 70 22 61 30 35 55 56 66 64 23 69 45 58 60 62 6 25 50 17 21 3 20 8 75 18 48 57 14 44 63 49 19 52 38 1 33 43 67 10 0 11 71 2 68 72 24 42 7 12 73 15 4 13 27 36 47 26 5 9 46 28 32 37 53
52 13 69 16 30 3 46 63 68 44 40 33 15 11 19 21 59 49 51 45 5 64 26 37 23 7 10 53 74 60 14 32 2 31 75 0 55 35 8 50 17 56 34 70 67 54 36 29 27 73 28 58 25 38 72 6 47 9 41 62 43 61 66 71 24 39 48 20 12 4 65 18 42 1 22 57
14 18 36 19 35 49 17 45 7 21 15 16 44 41 43 53 9 5 3 64 23 28 2 34 71 52 37 0 1 32 56 20 48 57 6 38 22 54 58 8 24 27 51 74 33 62 26 65 10 75 73 63 59 40 67 68 60 55 61 12 50 70 4 31 39 47 11 30 46 29 13 42 69 72 66 25
43 21 53 0 67 5 61 73 7 33 37 12 16 65 8 23 41 39 29 6 2 58 38 52 44 3 18 25 68 4 50 62 30 72 75 15 32 55 66 10 60 71 63 1 13 36 74 24 54 28 27 45 49 22 51 26 56 59 69 20 9 42 64 19 47 31 11 48 34 46 57 14 70 17 35 40
18 26 65 51 25 73 29 44 56 68 37 40 17 50 60 48 27 0 12 53 67 2 34 52 46 10 55 49 13 11 71 16 58 33 3 20 57 23 19 32 66 38 62 24 4 74 21 5 8 30 14 42 47 63 31 45 70 6 39 1 61 15 43 28 36 41 22 59 9 69 54 7 75 64 72 35
65 62 66 21 18 19 46 9 67 24 3 63 25 36 73 20 11 8 49 5 50 33 28 57 61 0 37 32 16 69 60 59 17 71 56 53 52 64 39 72 29 41 45 27 44 26 6 35 22 10 47 12 70 4 7 40 75 38 31 55 51 30 48 23 34 1 13 2 58 43 42 54 74 15 14 68
40 69 57 52 71 61 24 17 56 11 25 31 15 32 10 39 73 62 63 51 28 26 48 70 18 23 53 60 54 49 21 75 5 36 58 34 4 66 13 38 0 59 65 55 1 35 68 45 9 20 8 16 33 43 67 44 46 29 22 64 3 12 6 2 27 74 7 41 42 30 37 19 47 14 50 72
67 56 53 33 52 26 13 25 1 57 49 63 61 42 68 16 3 55 22 30 11 23 74 34 58 43 39 64 10 12 60 54 69 66 2 51 32 21 50 14 38 9 29 37 47 4 46 75 17 62 41 24 35 8 48 65 0 18 45 71 27 73 15 44 59 19 7 5 28 31 20 70 40 36 72 6
45 64 39 25 21 55 2 5 27 32 40 73 74 51 29 1 30 14 0 72 52 66 31 48 35 41 15 62 12 24 10 8 7 37 17 53 44 42 54 57 6 49 34 28 61 65 60 67 70 43 33 19 18 71 9 20 26 23 59 69 68 46 4 38 16 36 56 3 22 63 50 13 47 75 11 58
19 49 65 71 8 3 24 20 21 36 43 34 2 32 11 7 56 38 1 68 16 18 14 28 31 70 57 42 60 67 73 46 37 55 39 4 62 69 9 33 5 25 41 52 29 0 51 26 12 59 6 27 61 72 22 17 44 64 35 13 75 23 63 54 10 74 53 50 66 48 45 40 47 15 30 58
49 33 13 14 48 9 43 26 51 63 37 32 42 56 29 67 4 34 20 17 50 10 44 53 59 65 71 64 70 21 5 72 45 18 28 74 57 40 25 47 36 46 19 22 73 7 24 3 27 11 8 54 1 31 41 15 6 30 60 39 0 35 52 62 23 75 12 2 38 69 61 55 66 68 16 58
21 31 59 12 14 47 42 49 34 0 66 48 57 38 53 13 39 36 62 16 56 45 73 70 4 67 7 50 64 44 61 60 40 35 30 63 32 65 10 6 2 72 25 74 19 68 46 15 20 69 75 11 17 58 27 22 71 28 24 1 43 54 33 26 5 9 55 23 29 37 3 8 52 18 51 41
17 12 51 70 43 0 40 34 28 64 6 65 7 42 29 24 9 39 35 60 3 2 36 25 69 20 45 54 55 1 13 75 44 68 11 37 57 41 32 59 58 5 73 14 49 53 71 4 61 38 18 67 26 72 62 47 23 52 66 19 48 27 33 50 31 46 21 10 30 15 8 56 22 16 63 74
63 53 46 30 19 26 40 35 66 25 43 6 74 12 62 58 32 7 33 18 23 24 72 49 69 10 5 2 47 45 36 9 37 50 55 75 61 54 21 31 68 52 3 57 48 27 44 60 28 71 39 20 42 1 34 59 17 16 13 15 51 22 41 56 11 70 64 29 65 67 38 4 14 0 73 8
6 27 69 38 50 36 60 59 2 67 9 20 17 15 66 65 58 26 74 34 44 61 1 70 42 25 64 7 13 48 53 28 19 73 32 55 16 40 30 72 8 3 71 14 21 35 10 12 18 47 0 51 29 39 5 54 43 31 63 23 45 49 33 24 46 37 22 75 57 11 62 52 68 4 56 41
65 47 62 32 27 11 30 64 14 56 22 2 55 41 63 73 57 40 53 61 24 7 60 26 36 0 39 28 34 21 10 51 37 72 9 50 52 15 13 58 42 70 67 49 59 71 35 6 48 74 16 31 1 33 46 12 45 19 43 44 68 8 4 25 66 20 23 29 38 54 5 3 18 69 17 75
50 48 35 64 60 36 18 55 23 61 14 6 46 33 57 7 58 62 13 68 49 0 11 38 65 9 53 43 73 24 15 27 1 72 70 3 2 69 39 16 71 4 32 25 47 19 52 29 34 74 51 63 44 59 17 45 26 41 56 22 28 12 67 75 40 37 66 5 31 42 10 54 30 20 8 21
13 70 67 15 51 19 41 11 55 18 61 39 63 7 47 32 27 28 71 21 16 2 26 30 46 45 49 65 38 57 59 31 3 52 33 53 75 1 14 29 50 20 9 37 43 24 58 6 25 0 42 34 62 12 64 73 66 56 40 69 36 23 74 48 44 5 17 68 4 10 22 54 35 60 8 72
41 44 32 56 60 13 49 50 47 8 23 66 42 57 51 9 61 46 40 2 11 45 5 15 1 71 67 52 18 43 19 25 14 54 59 53 35 20 37 3 17 64 4 55 26 38 68 0 7 33 31 34 16 30 73 72 29 62 74 70 75 6 10 21 48 22 63 28 65 58 39 12 24 36 69 27
71 40 67 13 10 30 35 28 4 26 38 46 32 5 27 12 39 66 16 1 63 25 42 45 6 73 59 48 72 75 51 31 22 29 58 15 60 0 62 14 19 11 64 23 50 17 56 44 55 37 18 33 9 21 8 24 61 47 49 70 3 36 2 53 57 43 7 65 69 68 41 20 52 54 74 34
49 23 61 34 10 22 72 46 7 16 24 13 35 60 65 50 44 28 66 53 59 51 9 33 0 58 3 37 5 57 71 70 18 45 11 55 39 75 4 14 41 67 56 54 73 6 20 8 21 32 52 15 68 47 1 40 19 74 48 64 43 26 12 25 63 69 27 30 17 2 36 42 62 29 31 38
69 41 64 33 75 36 67 55 35 0 59 4 9 38 24 65 16 56 15 8 23 48 34 43 10 20 42 61 26 14 73 58 25 62 50 39 46 47 37 63 68 32 12 21 18 29 2 66 49 19 51 6 53 11 27 44 45 31 54 60 40 28 22 17 74 57 72 30 70 52 1 7 13 5 3 71
57 28 65 61 55 22 50 29 7 41 60 16 35 47 48 44 43 38 56 69 30 63 21 74 34 13 20 66 17 27 12 40 71 18 4 11 62 75 42 31 14 68 58 23 10 2 52 37 32 54 5 46 6 26 73 49 51 53 0 39 45 70 36 15 8 3 9 64 72 19 25 24 59 33 1 67
30 5 75 47 8 59 21 39 46 41 10 0 7 2 45 26 73 20 40 61 43 31 50 57 56 74 36 62 28 60 13 53 16 34 72 66 29 27 14 32 63 19 15 67 70 65 42 22 1 51 64 24 18 49 71 68 69 12 6 35 25 17 54 52 9 58 55 48 4 11 23 37 3 44 33 38
61 71 68 57 49 74 10 6 30 18 1 24 44 63 65 36 7 52 34 20 70 47 3 69 21 12 50 62 0 73 17 53 13 11 28 37 56 27 58 33 75 29 14 19 72 35 42 60 15 67 31 23 45 59 48 55 51 64 22 66 9 26 38 43 5 46 8 16 4 41 40 25 54 2 39 32
63 9 39 35 32 44 74 10 25 31 67 68 33 8 57 26 42 45 59 38 49 20 36 37 7 40 30 29 58 73 56 75 18 70 16 53 15 34 12 27 0 17 71 60 54 24 64 41 6 19 61 5 52 21 1 46 3 65 28 62 22 51 2 72 48 47 4 13 11 14 43 66 55 69 50 23
39 69 74 45 71 29 20 28 7 44 19 49 2 70 33 57 59 17 56 22 54 67 66 43 14 60 27 35 21 37 4 58 72 30 36 6 18 13 75 48 42 34 47 25 8 15 62 0 26 23 50 51 5 40 63 53 16 11 31 9 12 55 41 52 46 32 38 65 68 64 24 61 1 3 73 10
65 7 28 32 69 57 15 47 4 20 12 13 29 1 54 5 66 19 18 70 8 46 16 21 40 50 23 33 51 43 72 31 22 30 37 49 17 55 42 74 0 59 6 58 62 45 2 10 63 26 38 71 61 53 64 34 60 35 48 73 25 67 39 52 36 44 68 11 14 75 24 41 27 56 9 3
20 54 60 0 41 72 70 19 24 75 68 27 25 34 6 36 46 39 52 30 37 62 63 49 59 58 67 8 21 9 18 1 10 65 15 50 12 16 32 14 74 23 43 29 61 69 17 38 33 42 56 11 13 45 73 35 5 22 28 40 66 53 2 26 4 7 71 51 44 31 47 55 3 57 48 64
25 56 54 15 16 44 26 11 66 31 49 29 33 39 41 19 63 65 10 21 35 13 53 60 38 1 73 47 43 75 58 45 62 9 50 42 20 18 72 32 28 4 0 74 37 40 14 30 46 12 70 2 69 22 71 36 8 17 24 6 23 55 67 61 7 34 57 52 3 27 68 48 59 64 5 51
71 1 74 51 64 9 14 75 57 48 55 54 37 17 44 43 39 65 61 10 34 8 69 38 4 26 60 24 58 73 11 23 29 0 19 42 30 59 25 67 66 50 41 49 47 15 72 40 6 7 28 56 20 12 22 68 5 63 70 27 2 18 32 13 3 46 62 33 52 53 21 45 16 35 31 36
44 38 24 13 12 2 30 69 1 72 75 16 46 59 71 52 61 35 26 37 31 28 0 15 23 66 55 50 7 41 25 49 17 53 45 67 4 10 14 34 27 20 21 11 9 3 57 42 8 22 6 47 43 70 56 33 54 74 29 62 73 64 48 19 39 68 58 5 36 65 18 63 51 60 32 40
36 56 34 39 61 32 13 42 67 54 62 48 30 17 9 57 24 33 21 7 44 37 28 22 35 47 65 58 41 20 14 3 71 49 19 29 75 74 68 40 27 4 45 63 64 1 16 51 72 66 8 15 73 10 0 6 26 12 59 52 53 23 5 31 11 2 55 46 38 60 18 25 50 69 43 70
48 43 60 36 41 24 50 4 66 49 73 7 62 55 61 52 18 21 16 75 40 6 28 39 11 68 30 64 35 72 51 69 14 74 34 20 27 57 63 44 32 33 54 1 13 0 71 67 38 37 46 26 10 58 56 70 9 45 65 29 23 15 53 12 19 42 8 17 5 47 31 2 22 3 59 25
56 15 52 65 18 54 48 3 38 17 66 40 7 73 2 61 16 53 50 32 45 30 42 47 67 31 58 70 20 24 9 41 59 19 46 27 69 43 5 63 74 29 72 8 71 57 6 75 68 44 28 22 14 64 49 4 34 26 25 51 23 36 0 37 60 10 33 13 21 35 55 62 11 12 39 1
12 20 5 60 58 62 29 53 17 30 34 11 43 46 44 74 68 40 22 38 7 3 57 49 41 10 27 39 35 36 73 24 56 65 0 66 48 33 67 51 47 26 21 54 71 28 19 8 61 55 52 2 4 18 45 25 69 23 42 9 64 32 15 63 14 50 75 72 16 13 37 59 31 70 6 1
66 48 63 67 19 35 57 44 29 10 62 12 5 38 37 13 65 43 51 53 45 59 17 18 22 72 54 9 16 26 68 6 28 58 2 7 15 55 61 30 34 42 32 40 27 3 46 11 39 1 4 56 75 0 64 47 52 14 25 24 74 20 70 73 23 69 33 36 60 21 71 50 31 49 41 8
56 42 69 35 67 25 50 41 38 28 26 62 54 10 0 17 36 31 22 39 23 15 43 21 74 59 3 30 47 4 18 55 1 48 20 19 27 40 45 63 9 75 68 72 49 53 37 61 73 7 24 64 32 5 46 57 29 33 16 6 11 12 65 70 66 58 52 14 8 60 51 34 13 44 71 2
36 11 8 23 42 45 61 0 65 29 58 55 14 13 67 56 52 2 12 21 34 44 18 51 30 75 3 26 70 38 31 74 68 40 37 33 9 46 57 66 48 39 7 41 63 47 16 72 60 28 53 62 22 5 24 6 43 17 10 73 59 20 4 19 32 1 69 25 49 27 15 35 50 64 54 71
18 60 4 65 6 28 21 75 40 2 62 50 13 74 19 44 9 69 34 27 20 73 29 58 47 36 33 71 35 30 15 5 52 63 53 7 72 67 32 61 8 41 66 11 43 0 26 14 38 64 22 16 51 3 56 25 12 31 1 46 48 17 55 49 57 42 10 23 37 70 54 39 59 45 68 24
54 33 69 55 60 74 56 31 12 13 2 25 42 36 30 41 24 17 64 16 20 61 28 67 0 63 49 62 26 43 10 72 4 47 21 18 46 37 57 44 45 3 48 71 50 8 53 29 52 14 51 27 22 70 73 5 59 66 7 65 68 35 1 11 34 15 39 9 58 19 38 23 75 32 40 6
32 23 45 34 42 22 58 10 52 37 6 47 40 27 69 17 16 2 60 3 13 59 70 74 5 12 28 57 26 67 44 21 8 18 43 66 31 50 33 75 41 1 29 72 9 39 4 24 14 51 54 53 36 62 71 56 63 65 0 49 11 35 19 73 30 68 46 55 61 38 15 25 20 7 64 48
67 46 27 26 12 35 75 42 5 3 34 11 56 24 66 31 53 69 19 25 38 9 14 16 73 0 22 32 74 50 64 59 21 51 41 7 33 43 30 23 44 4 62 40 29 48 18 65 61 20 68 13 8 63 57 72 60 70 45 55 47 17 10 36 71 6 1 37 28 58 39 15 52 54 2 49
53 66 59 48 41 72 14 50 26 13 39 20 64 54 51 6 19 29 61 21 32 55 22 49 25 52 57 38 15 73 44 36 62 71 4 24 63 31 40 30 34 1 33 2 75 27 3 10 68 17 37 65 60 69 45 46 43 58 18 11 0 9 5 42 56 16 23 35 28 74 70 12 7 67 8 47
55 37 69 65 3 2 43 71 56 61 6 75 45 51 19 35 7 15 22 73 30 62 40 54 31 14 12 29 38 25 9 17 50 28 36 13 32 68 70 21 4 27 74 63 46 41 57 52 23 48 5 10 60 20 64 44 72 34 49 8 42 59 24 33 53 47 16 67 66 0 11 26 18 1 58 39
41 74 51 30 7 28 24 10 14 72 63 35 68 42 36 15 9 62 69 71 54 59 52 58 2 46 21 20 34 56 61 75 27 40 8 16 65 73 22 45 5 4 37 25 39 64 11 12 26 29 18 32 47 55 17 57 48 43 6 53 31 3 44 66 1 33 49 60 19 13 67 70 23 0 38 50
2 20 65 24 16 32 54 1 74 68 71 6 29 59 38 69 48 21 46 8 58 10 39 63 30 25 7 9 43 73 11 61 72 19 45 26 33 52 13 55 56 27 4 49 22 5 67 42 60 17 35 23 44 64 15 37 18 40 62 75 28 51 41 12 66 14 70 57 3 36 47 50 31 53 0 34
52 17 22 15 67 72 20 8 50 11 18 31 64 68 54 5 29 48 13 39 62 25 7 71 56 46 49 35 74 41 38 57 63 44 37 47 21 73 2 28 3 32 23 61 36 12 24 70 4 43 34 55 6 51 53 14 16 42 59 0 26 19 58 30 45 75 65 66 69 1 10 27 40 60 9 33
58 15 56 60 59 68 72 48 35 55 11 16 67 14 2 64 22 7 18 34 66 36 49 21 51 9 6 39 75 17 8 33 27 73 52 61 50 20 45 31 28 53 46 47 44 70 12 25 30 42 69 24 43 23 26 10 57 29 5 74 3 41 40 4 71 62 32 19 38 37 54 65 63 1 0 13
1 34 42 68 10 4 16 32 6 44 14 45 55 24 60 72 29 50 22 9 20 17 66 48 7 2 43 56 39 31 30 5 64 52 26 18 21 37 38 63 57 36 11 70 47 25 8 12 62 54 65 41 69 0 13 75 67 61 49 46 53 23 19 28 40 51 74 33 73 35 58 59 27 71 3 15
13 6 8 42 11 34 36 27 4 69 10 64 58 51 72 52 37 70 17 61 45 48 59 3 33 9 38 23 63 71 21 20 2 26 15 39 46 5 14 53 62 74 57 54 41 35 43 1 0 32 28 56 19 30 60 29 18 7 50 44 22 12 25 73 67 16 40 49 65 55 24 66 75 47 31 68
7 41 71 22 66 29 54 31 44 16 68 42 12 57 55 36 10 65 63 0 5 3 43 15 49 60 6 40 62 72 56 2 14 25 11 74 23 9 8 45 1 59 73 30 35 58 26 53 34 21 33 19 67 48 46 70 27 37 61 32 13 18 64 75 69 17 47 38 52 50 4 51 20 28 24 39
28 14 43 12 45 50 70 68 30 49 57 55 23 8 61 58 53 60 9 46 62 6 73 37 71 13 63 36 35 5 22 27 24 40 16 75 52 66 54 44 10 15 26 0 7 51 47 72 69 67 64 39 25 18 21 11 59 20 48 19 31 42 74 41 33 34 56 2 3 38 65 4 29 32 17 1
72 55 9 23 38 71 61 14 35 11 2 68 45 49 39 5 12 36 6 3 33 40 29 65 31 64 48 51 27 0 44 20 42 63 10 60 67 26 62 17 16 54 47 69 15 58 73 18 28 53 32 8 4 74 43 37 66 24 46 52 30 22 19 7 21 34 56 41 70 1 13 75 57 25 59 50
15 38 69 0 28 30 39 48 43 22 14 18 20 1 41 4 5 74 45 71 7 17 40 61 42 36 49 59 8 72 33 9 24 23 75 21 67 51 73 53 35 31 26 29 46 19 16 34 3 66 60 56 57 50 11 10 65 6 68 44 70 32 37 63 12 62 47 25 27 55 52 58 13 64 2 54
