21 53 49 7 41 15 55 61 8 48 42 39 19 29 23 24 64 46 34 25 33 12 22 32 67 75 17 27 37 5 60 28 56 65 10 20 30 13 40 66 16 68 52 26 69 73 72 74 57 2 31 4 9 47 6 14 58 54 1 3 62 50 18 36 59 38 44 70 71 51 63 11 45 43 0 35
28 0 39 62 37 71 73 38 72 48 4 14 64 12 29 20 63 6 1 53 7 21 34 36 70 30 47 18 46 5 42 75 9 10 45 8 58 35 23 40 22 13 61 26 68 31 69 32 44 19 17 59 41 27 24 67 2 52 51 15 25 50 60 54 49 3 11 57 74 16 43 56 55 66 33 65
61 47 50 52 54 25 45 40 59 3 69 7 64 56 57 1 6 60 27 53 16 75 38 73 37 13 48 26 43 33 28 32 68 23 30 18 34 46 65 10 55 4 19 62 49 39 51 24 2 44 35 42 70 66 72 5 14 12 0 58 29 20 17 74 63 9 71 11 21 41 67 31 22 15 36 8
4 24 71 0 31 53 29 8 5 54 47 15 17 72 36 44 6 68 51 66 30 45 73 50 32 52 3 34 11 16 1 48 56 2 55 12 37 65 67 21 19 25 22 60 62 43 64 13 46 26 38 41 23 58 42 69 9 28 7 49 10 75 74 18 33 40 57 59 61 70 39 14 35 27 20 63
30 19 14 32 67 55 12 25 31 49 42 3 16 7 24 26 36 9 43 20 11 53 8 61 21 58 15 56 59 51 63 39 1 62 68 54 73 69 48 45 47 28 40 72 50 23 57 38 70 29 33 5 17 46 75 74 6 4 18 27 66 52 60 65 34 44 0 13 37 22 35 71 41 10 2 64
29 25 28 54 57 11 32 43 23 0 36 52 9 22 63 49 59 2 40 19 47 16 61 41 46 45 8 75 35 58 42 65 69 20 50 51 34 62 60 71 37 24 67 18 38 7 26 27 13 72 21 10 31 30 55 12 66 33 3 14 44 56 39 48 5 70 53 17 64 15 6 68 1 4 74 73
57 73 12 17 40 38 29 55 49 22 70 64 25 1 8 0 60 24 48 62 74 56 4 69 9 75 59 58 27 61 39 71 20 54 15 65 5 18 21 53 41 36 10 68 30 50 14 42 46 32 13 31 23 7 6 19 26 52 3 33 16 47 34 67 28 45 44 11 72 66 63 43 51 2 37 35
42 39 47 25 57 7 61 13 6 4 41 46 14 44 64 17 35 73 43 26 18 30 67 52 9 58 0 45 49 38 68 2 10 34 29 50 48 22 23 12 54 28 60 32 40 27 15 8 21 56 62 20 19 37 16 74 66 70 59 5 53 69 36 63 55 11 51 31 65 71 33 1 24 3 75 72
48 23 2 54 63 25 13 42 33 70 52 39 16 65 73 53 26 58 1 72 31 35 40 21 75 4 15 34 45 68 17 71 61 62 37 24 44 67 14 7 10 38 0 28 11 50 64 19 9 5 3 55 57 56 66 59 36 41 18 51 74 30 27 12 49 32 46 29 43 47 69 60 20 8 6 22
54 13 52 44 74 33 12 15 73 58 24 56 8 4 39 23 27 66 42 47 25 38 62 14 18 9 21 16 69 32 70 75 36 1 41 40 6 50 68 63 7 61 48 64 57 19 31 30 2 37 65 29 53 72 20 55 26 67 0 11 10 46 49 35 22 71 43 60 28 59 51 34 5 3 17 45
31 20 58 36 51 44 21 32 57 62 5 43 49 56 29 40 23 46 4 13 11 7 61 16 24 34 47 70 27 0 66 39 74 12 42 38 10 52 59 2 65 8 73 19 3 22 14 1 64 28 15 71 69 72 41 48 63 6 35 17 67 75 30 18 60 54 33 55 9 37 25 53 26 50 45 68
30 1 36 70 58 55 66 61 56 5 38 60 32 9 46 28 50 47 72 75 14 65 62 8 17 18 35 41 71 0 51 26 67 52 12 40 29 2 74 23 37 4 22 34 59 44 54 43 11 48 16 25 15 57 73 49 69 33 20 45 39 27 19 21 6 7 31 64 63 10 53 42 24 68 3 13
58 36 56 48 73 17 30 6 15 19 57 13 20 70 23 3 14 55 5 67 41 24 37 7 68 28 74 8 50 69 60 43 53 2 49 65 31 27 44 40 25 1 62 52 16 11 38 33 42 54 18 63 64 4 22 0 34 75 10 12 71 59 39 61 45 21 26 32 35 9 72 51 46 47 66 29
4 16 25 31 44 69 36 27 37 58 68 60 28 72 15 73 59 32 42 74 41 13 48 9 5 22 19 70 30 67 46 12 6 1 57 21 11 66 18 63 34 38 10 47 35 29 62 26 40 52 33 53 8 3 50 54 2 64 23 0 17 71 24 75 43 61 20 39 45 51 7 49 65 14 56 55
54 1 28 73 60 14 17 37 32 53 72 12 66 5 13 57 21 8 40 41 16 26 36 20 67 15 51 65 39 34 75 10 64 46 44 23 30 9 22 61 24 42 70 27 3 29 69 49 56 11 19 38 71 62 18 31 4 43 45 55 68 6 47 50 35 48 74 2 25 52 33 58 0 63 7 59
1 33 45 24 58 42 34 9 56 38 67 69 63 39 20 55 28 21 72 75 7 0 66 40 57 12 31 52 65 26 4 64 30 23 47 49 41 16 35 36 29 61 15 54 48 70 22 27 3 46 68 8 59 11 18 71 53 5 2 62 10 51 17 74 14 73 6 25 32 60 37 43 19 50 13 44
12 45 55 49 33 58 73 16 57 23 40 48 46 75 68 54 71 8 37 34 30 31 22 50 29 74 17 44 51 70 38 4 10 13 63 42 66 9 35 32 6 60 61 43 52 21 2 20 65 47 67 5 27 36 64 59 18 0 72 11 56 25 14 3 7 69 1 41 62 15 39 24 19 26 28 53
34 73 35 56 37 46 57 53 13 32 6 58 3 18 8 7 60 11 45 16 41 67 71 25 75 62 26 59 10 19 54 1 64 61 43 36 12 65 74 68 14 33 17 24 15 70 49 42 31 29 39 72 40 0 63 69 50 44 21 9 23 20 22 51 47 66 2 48 30 38 27 5 55 4 52 28
19 42 49 4 48 0 15 53 27 2 30 6 28 66 72 18 57 11 43 37 70 71 35 33 69 7 22 34 58 17 32 13 14 52 31 62 41 73 45 74 20 39 60 9 24 1 50 67 12 51 75 36 46 64 25 61 44 54 10 63 23 16 8 59 40 55 26 56 5 47 21 68 65 29 3 38
13 56 45 61 23 47 54 14 15 26 6 36 7 59 22 5 62 48 18 3 16 33 71 29 69 53 38 66 17 9 12 37 25 34 64 4 72 24 28 39 70 1 20 0 55 21 40 73 8 50 75 74 49 44 43 35 30 68 2 58 32 10 42 46 51 31 11 19 57 27 52 41 60 63 67 65
33 50 44 75 65 45 17 53 63 26 59 72 34 28 57 8 46 64 15 51 62 67 2 30 22 47 73 12 0 23 60 35 58 54 74 38 42 6 37 66 14 68 41 71 61 55 56 5 7 10 31 27 4 11 69 29 43 16 3 36 49 19 70 52 24 1 21 13 20 40 25 48 9 39 32 18
15 41 6 52 57 61 12 74 69 36 33 53 24 25 42 3 56 13 4 40 16 75 60 20 21 67 7 34 58 62 38 1 10 8 48 45 14 32 44 51 64 5 29 54 28 0 18 9 65 17 11 50 2 39 55 43 47 72 22 30 63 23 31 59 66 49 70 71 46 27 37 19 68 35 26 73
5 31 28 13 47 54 74 46 42 48 21 15 66 43 19 34 12 40 59 22 67 61 6 23 72 37 11 0 14 45 57 69 2 71 39 36 30 32 17 29 44 51 10 7 64 55 35 38 24 63 50 68 26 9 56 33 8 1 18 73 53 20 65 60 62 16 4 41 27 75 52 49 70 58 25 3
72 32 66 21 39 28 49 60 3 64 53 40 16 65 74 73 70 48 59 11 35 38 22 36 29 30 68 19 0 9 12 61 2 71 42 45 75 31 15 54 57 5 56 52 37 55 67 10 25 62 8 34 23 41 1 44 18 58 17 4 26 43 7 14 69 24 47 20 51 6 63 46 50 33 13 27
27 65 36 61 30 3 11 49 43 46 17 8 66 47 4 25 10 21 33 6 34 39 0 14 48 29 26 42 44 15 37 55 68 24 50 2 59 63 41 32 13 53 40 64 54 18 28 16 56 73 45 9 58 38 31 57 69 7 70 5 22 35 51 52 67 74 12 23 60 20 71 62 75 72 19 1
40 5 34 25 55 22 11 75 60 58 2 73 70 53 63 14 66 8 44 28 27 17 56 74 72 37 67 9 48 0 43 10 7 6 21 61 65 62 57 36 42 31 50 46 16 12 68 51 49 1 29 35 13 41 39 45 26 15 59 20 30 52 23 69 19 64 54 24 71 4 47 3 32 33 38 18
46 6 33 55 74 66 40 9 21 35 57 12 7 13 47 58 67 30 41 36 70 10 71 37 32 49 65 17 72 50 44 16 75 19 56 45 53 23 15 31 2 38 68 11 34 42 48 27 43 4 63 22 64 52 60 25 1 61 18 3 59 24 5 51 20 14 69 28 0 8 29 62 54 26 73 39
17 25 48 61 22 27 32 45 67 68 44 38 21 37 5 62 66 0 6 2 33 14 75 74 58 55 47 69 11 42 56 26 3 19 30 54 12 23 24 4 34 46 8 65 18 28 72 71 7 43 50 64 59 52 35 53 51 10 39 29 70 15 41 1 16 73 20 31 36 60 9 63 40 13 49 57
39 69 71 68 54 14 49 64 55 8 31 6 32 46 2 11 10 7 35 1 61 65 34 4 29 23 36 48 53 30 67 19 75 33 20 42 26 17 72 18 16 59 25 38 63 9 12 43 27 3 57 47 15 60 66 52 0 24 37 56 40 13 51 28 50 58 45 70 41 74 5 44 21 22 73 62
49 73 46 68 60 28 43 33 52 44 25 70 55 61 66 45 22 39 23 57 1 10 74 59 2 48 14 37 19 72 15 63 18 27 47 6 50 67 24 53 32 41 5 34 38 58 4 11 31 21 69 20 29 54 16 36 3 51 56 0 35 7 40 65 13 64 71 17 42 75 12 9 30 26 62 8
66 28 52 41 73 23 70 42 38 75 25 12 65 2 40 62 48 31 0 29 18 35 27 59 17 7 60 49 33 63 43 46 10 68 11 24 21 5 19 74 61 50 15 13 20 57 67 4 14 54 3 26 71 36 34 6 30 64 56 72 1 9 58 53 47 32 69 39 22 16 37 8 55 45 51 44
49 68 59 37 5 25 10 11 62 60 24 55 31 74 69 72 16 46 20 73 70 39 75 65 21 57 35 17 71 44 0 36 8 13 51 45 67 54 53 56 64 41 2 15 3 58 26 47 66 33 40 43 61 52 22 1 6 63 18 30 28 48 29 12 19 14 27 32 42 34 23 7 50 9 38 4
39 65 23 71 61 40 13 36 72 30 46 54 69 49 33 63 31 32 9 55 41 37 64 45 56 75 47 35 74 25 12 59 0 43 3 19 70 4 60 34 68 18 50 5 38 11 10 28 1 48 51 15 58 22 27 8 7 57 16 42 20 44 67 2 52 62 14 24 21 6 17 73 66 26 53 29
49 8 72 2 22 11 74 54 1 43 63 53 3 13 73 69 19 57 16 50 35 31 29 5 33 18 40 65 66 23 24 15 36 67 55 58 30 39 59 48 62 14 60 6 68 7 12 34 52 44 70 64 20 71 26 32 4 38 27 17 45 21 46 0 10 28 61 56 41 42 37 9 51 25 75 47
9 48 72 0 13 49 29 47 53 75 55 70 58 3 4 64 37 14 32 12 8 68 52 1 30 61 20 42 67 62 46 69 57 19 23 54 26 74 35 41 60 56 18 17 36 65 16 24 43 31 44 25 22 15 71 28 6 45 2 11 59 33 38 39 40 27 7 51 73 63 34 21 5 66 10 50
14 58 23 41 48 45 31 59 39 50 30 9 29 32 6 0 40 34 10 70 17 46 18 35 61 72 5 71 27 55 66 44 75 7 11 49 69 25 28 65 16 24 1 3 37 33 42 19 67 4 57 53 68 63 54 8 64 26 47 60 21 22 43 13 12 2 38 62 73 56 20 51 36 15 74 52
6 73 43 1 16 52 54 56 30 63 8 29 53 50 20 38 26 11 66 68 35 0 31 32 47 4 39 72 41 36 58 27 70 60 22 19 45 33 59 75 46 67 25 40 61 62 65 12 51 17 13 37 14 5 21 10 57 48 24 7 64 49 9 74 44 42 71 23 3 2 34 15 28 18 69 55
39 45 20 0 31 5 34 44 68 21 23 63 49 19 69 24 55 3 35 75 37 32 26 71 29 65 6 17 7 46 11 51 36 27 72 2 74 38 70 53 1 60 54 57 8 58 56 43 48 66 64 52 15 59 22 50 33 4 30 10 61 67 42 47 9 41 14 28 16 12 73 40 18 62 25 13
16 22 64 72 75 18 34 28 15 24 74 43 53 14 46 50 40 19 5 32 62 21 49 71 11 39 36 52 55 61 17 56 1 63 2 58 69 47 65 35 66 13 45 37 59 26 4 73 54 25 70 29 20 38 8 0 48 68 7 12 60 44 3 57 30 27 33 31 10 42 9 51 23 6 67 41
64 33 9 73 7 6 70 50 44 29 20 1 43 58 14 49 63 27 19 48 16 34 22 46 65 41 5 32 60 38 11 35 45 52 75 0 28 12 24 10 56 62 54 3 53 55 67 69 18 47 31 37 40 21 74 23 39 57 72 15 4 26 42 25 2 13 17 59 8 36 68 66 30 61 71 51
38 0 66 44 68 10 73 31 74 67 61 8 64 21 62 23 40 71 65 43 26 22 60 6 52 41 56 57 50 14 32 19 25 75 59 47 53 69 9 58 37 2 29 42 55 46 72 49 20 30 36 3 1 34 7 70 54 51 11 4 18 12 33 45 27 16 5 13 48 24 17 63 28 35 39 15
64 33 1 40 57 26 14 28 8 22 23 16 75 65 58 37 39 67 18 54 61 70 51 63 56 66 6 53 59 2 62 24 31 68 47 46 25 49 48 35 12 30 42 34 10 60 29 43 0 52 44 69 9 19 7 4 73 5 32 38 45 13 21 36 74 3 11 55 50 17 72 27 15 20 71 41
3 15 69 39 17 44 26 74 45 64 27 33 29 67 5 52 56 0 58 2 63 31 21 43 47 34 72 48 24 60 6 9 12 66 40 71 10 11 65 55 25 32 28 1 35 42 70 61 73 19 37 51 57 18 59 50 41 68 38 54 36 30 49 23 46 13 8 16 62 22 14 4 7 53 20 75
34 59 23 33 39 20 40 75 73 25 8 67 35 5 43 6 63 46 71 50 14 41 4 60 31 54 37 69 10 16 52 22 58 38 47 7 48 68 12 19 61 1 21 13 3 56 24 9 62 66 72 2 65 57 28 45 42 74 27 49 44 26 18 53 32 11 51 55 30 36 29 15 17 64 70 0
13 5 4 49 43 68 12 56 24 28 46 16 37 22 39 26 65 17 54 30 3 35 59 48 2 66 41 15 6 70 14 38 21 20 69 60 36 64 71 51 9 40 11 53 44 0 45 23 42 10 67 18 47 75 58 33 72 32 74 50 55 73 29 27 62 63 34 25 19 52 57 31 8 61 1 7
56 54 0 49 72 39 58 37 60 45 33 42 57 71 38 32 18 20 16 21 50 75 52 63 3 41 61 28 26 65 30 27 35 73 17 46 53 23 43 34 2 4 51 5 7 62 24 25 9 11 70 22 64 8 55 13 31 19 15 14 68 74 12 36 29 6 1 40 59 47 69 66 44 10 48 67
12 41 0 2 8 57 21 7 50 18 23 58 43 60 30 22 54 63 66 65 39 53 13 11 14 73 4 31 49 48 52 42 55 71 46 74 25 47 24 16 61 17 20 33 6 68 72 34 5 75 62 64 26 29 51 32 36 27 37 45 59 9 56 35 19 28 3 69 1 15 40 67 38 70 10 44
21 24 7 29 61 20 51 30 72 13 1 58 57 5 74 55 59 23 14 3 12 63 40 38 73 39 6 49 43 31 16 19 35 70 64 69 11 25 67 0 34 68 2 71 26 8 22 18 62 52 32 15 50 9 41 10 47 33 4 37 27 36 56 46 66 45 65 44 53 42 17 48 54 75 28 60
43 29 64 35 52 27 26 18 32 61 55 45 62 31 34 51 13 68 63 75 6 3 38 22 0 23 65 7 25 60 15 16 37 11 5 57 59 28 72 10 50 49 9 19 47 46 21 41 58 17 39 67 66 53 8 4 12 69 24 42 30 54 20 73 36 48 14 33 40 74 2 56 1 44 71 70
22 43 12 50 65 53 16 56 67 46 17 41 15 28 73 61 6 51 69 62 26 33 75 70 4 66 71 7 14 2 25 23 9 55 27 40 38 1 68 21 48 47 64 63 45 8 30 60 52 59 34 44 3 19 54 35 29 39 10 18 36 72 74 58 37 11 49 24 32 42 31 0 5 20 13 57
31 66 53 35 61 5 64 26 38 47 10 28 73 21 20 55 57 44 13 19 74 68 30 23 49 8 72 58 14 43 4 75 69 39 48 9 67 22 71 24 63 60 51 0 3 41 15 56 11 46 52 37 17 16 25 62 54 6 29 65 2 34 1 7 12 59 40 18 27 33 42 70 36 45 32 50
42 34 70 64 20 13 61 19 45 26 33 17 37 2 24 40 0 22 29 8 12 52 69 56 35 25 6 51 60 62 66 11 50 74 10 32 59 47 7 44 75 31 48 21 71 28 63 41 3 14 16 55 1 68 38 57 72 5 27 73 15 39 36 9 46 4 43 67 53 49 18 58 30 54 65 23
9 28 47 22 54 69 36 33 43 7 61 8 2 46 44 72 13 39 35 5 16 58 49 56 3 45 50 64 70 52 42 26 67 18 19 75 66 6 4 11 30 41 31 59 53 74 38 17 73 55 24 29 0 63 40 48 34 37 32 12 68 71 60 51 14 57 23 62 65 25 27 15 21 1 10 20
17 72 32 54 7 51 13 37 45 5 2 30 65 28 68 74 3 23 40 71 18 26 8 0 63 14 49 67 34 66 44 38 73 36 29 35 69 16 1 70 61 41 60 4 48 25 59 39 19 21 62 50 24 43 52 58 53 56 46 9 10 31 57 15 64 55 27 20 47 75 6 42 11 12 22 33
41 16 58 24 55 8 60 27 71 9 31 21 48 22 45 42 3 4 7 20 36 54 10 46 19 56 25 5 66 52 63 37 32 12 70 38 61 29 69 26 57 50 14 67 40 65 43 33 11 1 17 44 74 18 0 51 23 62 35 68 30 64 13 49 73 2 72 47 53 75 34 59 15 39 28 6
4 8 25 65 74 72 35 7 21 73 37 3 51 2 31 52 58 28 55 71 38 60 24 42 50 75 22 70 16 33 59 48 63 20 62 11 56 67 1 14 6 47 57 53 13 18 23 41 61 69 9 36 32 17 30 0 12 66 15 45 68 19 64 10 27 40 43 46 54 34 44 49 26 39 5 29
10 13 28 75 1 55 54 41 74 20 51 56 7 67 59 68 72 64 8 11 24 43 19 61 58 36 33 16 2 71 39 70 38 35 15 69 5 18 45 73 49 57 31 21 50 29 3 60 9 63 6 32 66 65 12 22 37 25 48 34 14 23 44 4 47 52 27 40 26 62 17 42 53 0 30 46
47 58 19 64 24 13 21 18 46 23 10 73 8 4 62 1 12 70 48 2 34 26 5 61 27 53 22 31 15 3 37 67 66 54 68 75 32 72 35 42 41 51 28 50 6 7 63 9 55 30 11 59 57 33 44 74 52 69 43 25 39 65 36 29 16 17 60 71 0 40 14 49 20 56 38 45
74 32 59 75 38 57 23 49 55 37 22 40 41 12 70 1 30 53 52 13 24 0 35 2 43 31 63 28 19 73 69 6 66 29 3 33 56 42 25 48 67 45 60 14 26 46 17 51 9 5 8 68 4 61 15 58 65 34 16 47 20 18 72 62 50 7 64 11 10 44 21 36 71 54 39 27
3 6 7 29 36 48 28 14 56 51 54 4 1 19 2 22 53 27 64 43 23 10 33 59 50 37 25 9 12 31 49 41 24 26 52 71 60 46 34 69 20 5 66 15 62 67 21 11 44 18 0 72 58 68 74 16 32 65 35 40 17 63 55 47 45 42 13 73 61 8 38 30 75 39 57 70
14 51 50 36 29 42 27 56 44 40 67 65 38 28 41 34 64 16 5 39 59 73 3 26 6 22 71 18 49 35 17 45 61 25 52 63 19 8 57 68 74 69 11 30 4 48 23 58 37 33 66 60 9 32 20 75 53 70 13 31 43 21 15 46 0 47 24 1 7 72 12 2 55 10 54 62
18 53 46 55 30 45 17 26 69 25 56 60 68 33 38 11 47 44 19 7 0 74 22 4 70 64 29 62 1 6 59 52 51 16 42 41 8 40 15 5 54 12 67 58 14 13 73 20 10 24 63 75 72 21 65 32 43 2 50 71 3 34 37 49 61 9 31 36 39 23 48 57 35 28 27 66
24 11 0 33 32 29 58 73 63 64 14 55 12 46 7 15 4 71 53 30 28 74 45 17 25 31 59 61 62 56 22 10 8 3 16 38 47 27 48 2 34 66 69 36 37 9 50 6 54 70 23 49 67 51 18 5 13 39 21 44 52 1 75 57 60 20 35 68 41 40 43 42 26 72 19 65
57 72 20 10 68 73 40 35 53 17 47 29 7 74 71 0 69 3 24 23 50 75 59 61 51 21 48 52 14 28 30 56 2 42 1 41 31 9 45 43 5 32 26 36 60 44 66 22 8 19 33 65 70 16 12 11 34 38 4 27 46 25 62 39 67 6 13 18 55 15 49 63 37 64 54 58
39 74 46 53 51 3 38 65 75 27 31 0 36 9 47 54 30 62 1 8 12 19 18 66 20 24 57 37 50 35 26 52 22 67 60 64 10 61 25 29 70 59 2 32 7 13 14 44 15 40 41 56 6 63 55 73 58 28 11 16 5 33 42 49 48 43 45 4 17 72 21 68 34 23 69 71
32 18 26 16 10 13 58 75 61 54 0 29 31 39 68 6 21 43 60 51 17 42 74 63 55 67 9 41 62 34 35 4 70 24 11 37 3 48 2 71 53 56 46 49 66 44 50 25 47 28 23 59 8 30 73 1 36 27 12 15 7 52 65 64 33 38 72 22 40 14 19 5 20 69 45 57
20 16 44 64 25 12 30 56 17 47 75 4 18 10 3 63 0 50 61 31 71 53 46 58 37 33 29 41 8 38 59 36 15 55 34 48 24 2 11 73 51 23 60 14 45 22 26 52 39 13 5 66 49 28 42 35 1 7 6 70 40 27 19 74 9 32 67 54 72 43 21 68 69 57 65 62
49 17 22 25 23 30 48 63 51 42 39 44 11 33 64 1 27 52 57 46 14 54 18 55 24 20 37 59 19 31 4 10 62 8 68 26 53 61 0 5 32 70 58 35 43 66 60 56 50 6 36 40 2 67 13 15 65 73 74 7 69 9 72 71 45 41 47 75 12 21 38 34 3 28 16 29
38 74 18 25 47 53 73 29 66 48 31 30 7 36 14 3 34 45 13 44 49 60 69 17 41 9 23 33 27 4 46 70 22 37 57 42 43 40 62 58 10 21 61 68 20 75 71 32 67 28 19 51 2 12 72 64 56 26 5 15 35 1 6 16 54 55 65 0 52 50 8 59 24 63 11 39
58 2 59 51 0 26 10 35 3 8 63 75 12 17 41 34 54 21 16 28 6 42 68 60 48 44 15 32 19 47 37 38 5 31 71 22 23 49 18 69 61 40 66 27 14 29 4 65 73 33 72 25 52 57 74 11 62 13 50 24 9 30 7 36 53 46 56 39 43 45 20 55 1 70 64 67
27 46 10 55 12 49 56 38 72 44 66 20 36 73 13 48 61 64 31 29 74 21 35 30 15 63 68 75 65 14 70 53 16 1 22 60 40 58 19 9 41 6 17 57 24 69 23 47 8 32 42 7 26 43 34 4 25 18 51 39 2 52 59 62 3 54 33 0 28 11 50 5 71 37 67 45
35 52 62 41 38 42 0 53 50 6 27 14 75 43 36 46 33 24 31 68 44 25 8 20 48 58 16 56 45 60 63 15 51 49 17 30 34 57 66 13 18 71 39 23 29 65 54 61 10 69 7 64 37 2 11 72 12 3 73 55 32 67 22 9 40 26 70 19 5 21 1 74 47 4 59 28
68 18 12 46 6 40 47 65 66 39 38 51 54 14 29 71 37 7 55 23 4 24 1 11 57 20 19 63 34 50 8 73 16 75 0 48 15 3 32 64 36 26 28 45 67 9 33 59 41 21 58 69 56 25 44 43 31 5 2 22 30 49 35 42 17 61 74 10 27 60 13 70 52 53 72 62
7 22 35 26 42 21 62 23 40 44 48 63 24 46 33 32 66 72 54 38 51 13 27 67 28 4 45 50 29 20 30 59 41 6 39 49 43 70 19 11 55 57 3 47 73 36 34 71 74 5 9 37 68 52 2 53 15 10 69 18 58 16 14 56 60 65 0 8 31 64 75 17 25 12 61 1
70 62 34 41 30 74 64 5 28 25 52 17 69 49 47 18 56 19 39 9 45 12 21 46 42 61 23 60 11 50 40 51 10 48 68 53 44 54 20 29 43 38 58 26 16 71 8 1 75 6 22 31 63 14 72 36 57 27 67 32 24 7 37 33 13 55 0 2 3 65 66 73 35 4 59 15
43 35 46 41 62 29 25 20 28 70 34 21 12 66 3 48 73 67 52 5 17 39 38 7 58 32 61 22 72 55 6 30 27 75 24 40 69 53 37 13 10 51 31 65 45 49 59 74 4 57 47 23 50 42 18 1 15 2 44 54 33 16 68 26 60 63 9 71 56 8 36 0 14 11 64 19
2 20 28 13 41 10 57 35 18 3 31 68 63 17 56 60 44 23 54 24 32 70 51 37 27 66 12 29 69 25 40 15 21 38 0 49 48 19 36 74 14 59 42 45 6 75 22 64 73 26 71 9 47 30 55 50 52 11 72 58 53 61 39 67 8 16 46 62 4 34 5 43 7 65 1 33
15 36 40 43 59 42 11 63 48 50 20 7 71 29 62 65 46 70 67 6 64 2 52 21 0 72 55 8 12 3 47 13 4 53 17 25 31 18 27 54 28 68 24 19 45 10 44 5 39 51 73 26 9 38 1 75 41 14 32 61 49 34 37 69 30 56 58 16 22 33 57 74 66 23 60 35
34 64 75 40 6 47 55 4 72 45 22 70 56 62 54 9 24 20 52 16 17 26 50 21 23 7 43 33 38 29 25 42 44 46 67 49 11 10 57 2 37 69 68 15 8 58 65 27 74 39 30 41 73 36 0 28 63 31 14 13 32 66 12 71 1 3 60 59 51 5 53 19 35 61 18 48
2 0 5 15 7 38 10 59 11 41 22 65 40 31 56 16 68 27 21 18 43 32 39 46 14 71 24 17 25 55 61 70 3 23 49 64 51 74 60 52 9 69 26 72 63 28 12 37 36 19 1 13 50 57 29 42 30 47 8 34 4 66 44 62 45 67 48 54 20 58 6 75 33 73 35 53
35 0 31 22 56 43 37 58 53 74 72 52 64 29 51 21 17 16 71 14 70 5 55 3 57 6 20 28 12 4 2 61 67 11 59 44 18 69 49 33 30 23 25 34 60 73 26 10 1 46 13 27 38 9 54 66 50 47 68 62 63 36 41 8 40 42 32 15 39 48 65 24 7 75 45 19
74 23 72 28 43 4 39 29 18 1 46 53 26 52 69 9 60 38 55 7 34 41 70 68 16 5 22 56 20 30 50 21 32 65 37 31 27 33 42 25 13 8 47 71 73 45 64 17 36 58 24 48 51 63 62 2 75 19 61 66 35 57 49 54 6 15 3 59 11 67 40 0 10 44 14 12
60 70 56 33 72 42 40 20 67 24 74 22 34 8 46 31 39 47 58 17 0 11 73 32 7 49 62 29 1 61 18 44 5 54 64 68 71 65 75 2 9 48 21 51 10 3 28 19 55 45 36 14 53 50 69 16 27 59 25 4 26 52 63 13 35 30 66 57 6 41 12 43 38 23 15 37
10 40 72 33 27 19 8 31 47 15 75 2 32 22 71 1 26 74 68 17 66 44 5 28 54 69 36 56 4 57 42 59 37 41 20 16 11 9 52 53 45 18 38 6 30 39 12 23 35 49 0 51 67 43 13 63 34 24 65 29 48 62 55 64 61 3 70 73 58 60 25 7 46 14 50 21
39 66 10 32 55 5 23 28 44 34 41 75 30 64 8 1 22 70 36 24 35 15 4 72 21 40 26 2 46 71 17 54 61 7 65 42 38 19 60 14 52 9 33 67 27 56 73 29 68 13 45 59 49 16 43 48 51 20 57 69 12 50 37 62 25 11 3 74 58 53 47 63 18 0 31 6
62 70 71 67 72 18 39 50 38 22 46 32 54 13 11 65 7 74 55 40 25 14 47 8 56 57 34 5 29 45 26 6 36 16 10 53 68 52 35 9 60 0 20 43 30 64 4 75 1 69 63 44 37 28 27 48 73 17 3 59 15 49 42 61 2 12 51 66 58 33 31 24 21 41 19 23
9 62 17 15 57 48 43 3 45 40 21 50 19 5 72 26 7 11 55 36 31 22 32 12 44 1 35 30 18 63 64 53 39 25 75 0 54 70 58 42 2 56 51 67 46 38 41 66 27 33 68 59 52 65 61 37 24 73 71 60 29 10 8 69 4 20 34 13 74 49 6 28 14 23 16 47
59 41 8 2 26 51 67 45 43 63 52 3 29 75 40 21 32 53 56 17 65 47 24 9 35 22 58 25 15 34 44 64 62 39 16 46 42 54 30 36 7 1 50 71 68 31 4 33 61 5 27 66 20 70 14 73 6 23 72 49 69 48 12 18 37 74 19 13 0 57 11 28 10 60 55 38
19 2 55 24 37 65 18 22 35 60 59 48 39 34 45 23 69 4 52 11 51 44 7 66 42 43 41 75 9 3 20 5 49 14 25 6 54 30 58 31 26 64 27 8 74 67 15 0 10 50 47 68 32 63 13 38 61 40 16 29 28 73 1 56 17 57 21 53 33 71 46 72 62 36 70 12
40 62 60 15 33 1 48 45 18 6 56 39 0 50 70 66 27 16 4 2 14 3 20 24 49 51 53 22 8 43 72 13 31 67 64 69 21 11 30 47 26 29 46 57 12 38 32 25 59 36 35 52 42 61 10 23 65 41 71 54 55 58 9 7 19 37 44 74 68 17 63 75 73 28 34 5
27 43 9 68 24 62 19 70 23 72 52 18 57 37 56 59 39 58 46 22 5 30 16 48 60 15 7 64 71 45 13 69 40 17 29 33 32 3 14 0 8 35 41 75 67 25 12 2 11 73 55 63 65 28 21 34 38 53 47 6 66 49 51 74 44 1 26 42 36 61 31 4 50 54 10 20
46 18 51 40 52 53 45 17 73 72 7 16 29 21 36 47 54 33 0 42 59 12 43 49 14 32 27 66 1 57 64 35 3 2 10 44 38 8 31 55 23 56 4 74 9 41 69 24 11 5 22 62 34 58 25 48 50 68 60 61 71 6 65 63 30 28 70 13 39 19 26 75 15 20 67 37
17 16 30 34 7 21 72 58 36 33 22 50 48 70 41 35 75 56 6 10 60 74 38 67 8 26 57 63 64 14 20 23 32 66 29 13 1 15 55 69 62 61 71 43 3 0 31 28 45 52 24 39 18 68 40 2 73 44 25 65 37 59 54 53 9 46 19 12 49 4 51 27 5 11 42 47
40 17 2 60 47 27 59 8 41 3 12 68 45 0 20 53 11 37 5 64 24 35 1 63 43 56 49 61 16 65 10 66 50 31 6 62 15 33 30 75 26 19 21 73 55 4 46 36 25 54 13 14 34 29 71 7 57 9 42 70 22 44 18 69 51 52 72 48 28 23 67 32 58 39 74 38
56 47 39 74 34 43 24 13 11 5 57 67 53 0 42 63 6 59 7 44 23 61 68 69 40 14 62 19 45 27 22 15 12 54 48 55 41 16 71 35 10 64 20 8 66 31 38 33 21 50 73 36 17 30 29 28 18 65 9 4 72 25 46 51 60 2 32 52 70 26 1 49 58 75 37 3
51 34 38 13 67 17 44 48 21 68 39 61 64 22 41 59 36 0 45 55 35 57 14 33 9 18 62 29 27 19 10 23 2 25 5 12 73 69 31 26 43 71 16 66 72 54 47 74 49 24 40 32 58 70 42 7 8 28 37 11 20 75 50 52 63 53 65 3 6 60 56 46 1 30 15 4
7 71 55 75 14 65 0 32 35 6 26 10 50 46 54 73 58 56 4 74 37 8 22 1 66 2 16 51 20 49 48 59 62 9 15 64 68 27 34 43 41 72 17 23 44 31 3 70 52 5 11 39 18 36 47 29 67 60 28 25 38 45 19 57 53 42 33 69 40 30 21 13 24 63 12 61
28 59 3 33 53 32 30 44 43 26 47 62 71 37 55 6 24 4 52 70 64 23 17 34 12 0 5 35 1 11 65 48 2 31 36 21 45 27 61 51 57 29 20 10 9 13 25 54 56 74 38 18 49 40 42 66 69 14 58 22 7 8 41 50 67 63 73 68 60 75 39 46 72 19 16 15
30 29 4 70 8 39 14 67 5 34 38 42 57 75 17 32 46 40 63 12 18 60 19 13 45 65 31 71 66 69 24 3 1 44 11 2 27 20 47 53 68 36 64 62 0 50 15 21 49 6 35 59 16 58 25 10 43 51 7 26 22 72 73 54 52 48 55 28 33 56 23 37 74 9 41 61
63 39 1 11 62 41 31 47 0 14 38 12 57 48 15 26 24 28 74 61 60 20 42 6 64 66 70 72 18 22 33 17 34 8 52 58 25 73 40 19 5 16 21 23 49 65 55 51 44 46 53 67 54 30 69 13 10 2 59 7 9 45 4 27 71 50 32 36 75 29 35 43 3 56 68 37
