8 50 65 37 11 51 68 38 1 41 58 28 16 40 73 33 6 53 63 31 13 52 70 25 3 54 60 27 17 26 74 18 7 45 64 32 10 44 67 21 0 46 57 24 15 47 72 22 5 42 62 23 14 43 71 19 4 39 61 30 56 20 75 29 9 48 66 34 12 49 69 36 2 55 59 35
16 50 73 37 6 51 63 36 11 41 68 28 2 40 59 33 17 53 74 31 7 52 64 25 9 54 66 27 0 47 57 26 14 45 71 18 4 44 61 21 13 46 70 24 3 43 60 22 56 19 75 23 8 42 65 30 10 39 67 20 1 38 58 29 15 48 72 34 5 49 62 32 12 55 69 35
3 50 60 37 17 38 74 28 8 51 65 31 10 41 67 33 0 53 57 18 14 40 71 25 5 52 62 27 13 54 70 26 4 45 61 24 56 32 75 21 9 44 66 19 11 46 68 22 1 42 58 23 15 47 72 30 6 43 63 20 12 39 69 29 2 48 59 34 16 49 73 36 7 55 64 35
9 50 66 37 0 51 57 38 14 41 71 31 5 40 62 33 13 53 70 24 4 52 61 28 56 25 75 27 8 54 65 26 11 45 68 18 2 44 59 21 16 46 73 19 6 47 63 22 12 42 69 23 3 43 60 30 17 20 74 29 7 39 64 32 10 48 67 34 1 49 58 36 15 55 72 35
6 50 63 37 14 51 71 31 4 41 61 36 56 28 75 33 9 53 66 24 11 40 68 25 1 52 58 27 16 54 73 26 7 45 64 18 12 44 69 21 2 46 59 19 17 47 74 22 8 42 65 23 10 43 67 30 0 39 57 20 15 38 72 29 5 48 62 34 13 49 70 32 3 55 60 35
55 31 74 37 7 50 64 38 10 51 67 28 1 41 58 29 15 53 72 24 5 40 62 25 12 52 69 27 2 54 59 26 16 18 73 17 6 45 63 19 9 44 66 23 0 46 57 22 14 42 71 32 4 47 61 30 13 43 70 20 3 39 60 21 56 36 75 34 8 49 65 33 11 48 68 35
2 50 59 37 16 51 73 36 7 41 64 28 12 40 69 33 3 53 60 31 17 52 74 25 8 54 65 27 10 47 67 26 0 45 57 18 14 44 71 21 5 46 62 24 13 43 70 22 4 42 61 19 56 23 75 30 9 39 66 20 11 38 68 29 1 48 58 34 15 49 72 32 6 55 63 35
12 50 69 37 3 51 60 38 17 28 74 33 7 41 64 31 9 53 66 18 0 40 57 25 14 52 71 27 5 54 62 26 13 45 70 32 4 44 61 24 56 21 75 19 8 46 65 22 10 42 67 23 1 47 58 30 15 43 72 20 6 39 63 29 11 48 68 34 2 49 59 36 16 55 73 35
7 50 64 37 10 51 67 38 0 41 57 31 15 40 72 33 5 53 62 24 14 52 71 28 4 54 61 25 56 27 75 26 9 45 66 18 12 44 69 21 2 46 59 19 16 47 73 22 6 42 63 23 13 43 70 30 3 39 60 20 17 29 74 32 8 48 65 34 11 49 68 36 1 55 58 35
15 50 72 37 5 51 62 38 13 41 70 31 3 40 60 33 56 28 75 24 8 53 65 25 10 52 67 27 1 54 58 26 16 45 73 18 6 44 63 21 11 46 68 19 2 47 59 22 17 23 74 30 7 42 64 20 9 43 66 32 0 39 57 29 14 48 71 34 4 49 61 36 12 55 69 35
3 50 60 31 55 37 74 36 8 51 65 28 11 41 68 29 1 53 58 30 15 40 72 25 6 52 63 27 12 47 69 26 2 45 59 24 54 16 73 17 7 44 64 19 10 46 67 18 0 42 57 23 14 43 71 22 5 39 62 20 13 38 70 21 4 49 61 32 56 34 75 33 9 48 66 35
11 50 68 37 2 51 59 36 16 41 73 28 6 40 63 33 12 53 69 31 3 52 60 25 17 54 74 27 7 47 64 26 9 45 66 18 0 44 57 21 14 46 71 24 5 43 62 22 13 42 70 23 4 39 61 19 56 30 75 20 8 38 65 29 10 48 67 34 1 49 58 32 15 55 72 35
6 50 63 37 13 51 70 38 3 41 60 28 17 33 74 31 8 53 65 18 10 40 67 25 0 52 57 27 15 54 72 26 5 45 62 32 14 44 71 24 4 46 61 21 56 19 75 22 9 42 66 23 11 47 68 30 1 43 58 20 16 39 73 29 7 48 64 34 12 49 69 36 2 55 59 35
16 50 73 38 6 51 63 36 9 49 66 28 0 40 57 37 14 53 71 31 4 52 61 25 13 54 70 27 3 47 60 26 56 24 75 18 8 45 65 21 11 44 68 19 1 46 58 22 15 42 72 23 5 43 62 30 12 41 69 20 2 39 59 29 17 34 74 32 7 48 64 35 10 55 67 33
1 50 58 37 15 51 72 36 6 41 63 31 13 40 70 33 4 53 61 28 56 24 75 25 9 52 66 27 11 54 68 26 2 45 59 18 16 44 73 21 7 46 64 19 12 47 69 22 3 42 60 23 17 43 74 30 8 39 65 20 10 38 67 29 0 48 57 34 14 49 71 32 5 55 62 35
12 50 69 37 3 51 60 31 55 38 74 28 8 41 65 29 10 53 67 24 1 40 58 25 15 52 72 27 6 54 63 26 11 45 68 18 2 44 59 17 16 19 73 22 7 46 64 23 9 42 66 32 0 47 57 30 14 43 71 20 5 39 62 21 13 48 70 36 4 49 61 33 56 34 75 35
9 50 66 37 12 51 69 36 2 41 59 28 16 40 73 33 6 53 63 31 13 52 70 25 3 54 60 27 17 47 74 26 7 45 64 18 10 44 67 21 0 46 57 24 15 43 72 22 5 42 62 23 14 39 71 19 4 38 61 30 56 20 75 29 8 48 65 34 11 49 68 32 1 55 58 35
15 50 72 37 5 51 62 38 12 41 69 28 2 40 59 33 17 31 74 25 7 53 64 27 9 52 66 18 0 54 57 26 14 45 71 32 4 44 61 21 13 46 70 24 3 47 60 22 56 19 75 23 8 42 65 30 10 43 67 20 1 39 58 29 16 48 73 34 6 49 63 36 11 55 68 35
2 50 59 38 16 51 73 36 7 49 64 28 10 40 67 37 0 53 57 31 14 52 71 25 5 54 62 27 13 47 70 26 4 45 61 24 56 18 75 21 9 44 66 19 11 46 68 22 1 42 58 23 15 43 72 30 6 41 63 20 12 39 69 29 3 48 60 34 17 32 74 35 8 55 65 33
10 50 67 37 1 51 58 36 15 41 72 31 5 40 62 33 13 53 70 24 4 52 61 28 56 25 75 27 8 54 65 26 11 45 68 18 2 44 59 21 16 46 73 19 6 47 63 22 12 42 69 23 3 43 60 30 17 39 74 20 7 38 64 29 9 48 66 34 0 49 57 32 14 55 71 35
5 50 62 37 13 51 70 31 3 41 60 38 56 28 75 33 9 53 66 24 11 40 68 25 1 52 58 27 16 54 73 26 7 45 64 18 12 44 69 21 2 46 59 19 17 22 74 23 8 42 65 32 10 47 67 30 0 43 57 20 15 39 72 29 6 48 63 34 14 49 71 36 4 55 61 35
56 31 75 37 8 50 65 36 11 51 68 28 1 41 58 29 15 53 72 24 5 40 62 25 12 52 69 27 2 54 59 26 16 45 73 18 6 44 63 17 9 46 66 19 0 47 57 22 14 42 71 23 4 43 61 30 13 39 70 20 3 38 60 21 55 32 74 34 7 49 64 33 10 48 67 35
1 50 58 37 15 51 72 38 6 41 63 28 12 40 69 33 3 53 60 31 17 25 74 27 8 52 65 18 10 54 67 26 0 45 57 32 14 44 71 21 5 46 62 24 13 47 70 22 4 42 61 19 56 23 75 30 9 43 66 20 11 39 68 29 2 48 59 34 16 49 73 36 7 55 64 35
11 50 68 37 2 51 59 38 16 28 73 29 7 41 64 31 9 53 66 18 0 40 57 25 14 52 71 27 5 54 62 26 13 45 70 32 4 44 61 24 56 17 75 19 8 46 65 22 10 42 67 23 1 47 58 30 15 43 72 20 6 39 63 21 12 48 69 36 3 49 60 33 55 34 74 35
8 50 65 37 11 51 68 36 1 41 58 31 15 40 72 33 5 53 62 24 14 52 71 28 4 54 61 25 56 27 75 26 9 45 66 18 12 44 69 21 2 46 59 19 16 47 73 22 6 42 63 23 13 43 70 30 3 39 60 20 17 38 74 29 7 48 64 34 10 49 67 32 0 55 57 35
14 50 71 37 4 51 61 38 12 41 69 31 3 40 60 33 56 28 75 24 8 53 65 25 10 52 67 27 1 54 58 26 16 45 73 18 6 44 63 21 11 46 68 19 2 47 59 22 17 23 74 30 7 42 64 20 9 43 66 32 0 39 57 29 15 48 72 34 5 49 62 36 13 55 70 35
4 50 61 31 56 37 75 36 9 51 66 28 11 41 68 29 1 53 58 24 15 40 72 25 6 52 63 27 12 54 69 26 2 45 59 18 16 44 73 17 7 46 64 19 10 47 67 22 0 42 57 23 14 43 71 30 5 39 62 20 13 38 70 21 3 49 60 32 55 34 74 33 8 48 65 35
10 50 67 37 1 51 58 38 15 41 72 28 6 40 63 33 12 53 69 31 3 52 60 25 17 27 74 26 7 54 64 18 9 45 66 32 0 44 57 21 14 46 71 24 5 47 62 22 13 42 70 23 4 43 61 19 56 30 75 20 8 39 65 29 11 48 68 34 2 49 59 36 16 55 73 35
7 50 64 37 12 51 69 36 2 41 59 28 17 40 74 33 8 53 65 31 10 52 67 25 0 54 57 27 15 47 72 26 5 45 62 18 14 44 71 24 4 46 61 21 56 19 75 22 9 42 66 23 11 43 68 30 1 39 58 20 16 38 73 29 6 48 63 34 13 49 70 32 3 55 60 35
17 39 74 38 7 50 64 28 10 51 67 31 0 49 57 37 14 53 71 18 4 40 61 25 13 52 70 27 3 54 60 26 56 24 75 32 8 45 65 21 11 44 68 19 1 46 58 22 15 42 72 23 5 47 62 30 12 43 69 20 2 41 59 29 16 34 73 36 6 48 63 35 9 55 66 33
0 50 57 37 14 51 71 38 5 41 62 31 13 40 70 33 4 53 61 28 56 24 75 25 9 52 66 27 11 54 68 26 2 45 59 18 16 44 73 21 7 46 64 19 12 47 69 22 3 42 60 23 17 30 74 20 8 43 65 32 10 39 67 29 1 48 58 34 15 49 72 36 6 55 63 35
13 50 70 37 4 51 61 31 56 36 75 28 8 41 65 29 10 53 67 24 1 40 58 25 15 52 72 27 6 54 63 26 11 45 68 18 2 44 59 17 16 46 73 19 7 47 64 22 9 42 66 23 0 43 57 30 14 39 71 20 5 38 62 21 12 48 69 32 3 49 60 33 55 34 74 35
8 50 65 37 11 51 68 38 1 41 58 28 16 40 73 33 6 53 63 31 13 52 70 25 3 54 60 27 17 26 74 18 7 45 64 32 10 44 67 21 0 46 57 24 15 47 72 22 5 42 62 23 14 43 71 19 4 39 61 30 56 20 75 29 9 48 66 34 12 49 69 36 2 55 59 35
16 50 73 37 6 51 63 36 11 41 68 28 2 40 59 33 17 53 74 31 7 52 64 25 9 54 66 27 0 47 57 26 14 45 71 18 4 44 61 21 13 46 70 24 3 43 60 22 56 19 75 23 8 42 65 30 10 39 67 20 1 38 58 29 15 48 72 34 5 49 62 32 12 55 69 35
3 50 60 37 17 38 74 28 8 51 65 31 10 41 67 33 0 53 57 18 14 40 71 25 5 52 62 27 13 54 70 26 4 45 61 24 56 32 75 21 9 44 66 19 11 46 68 22 1 42 58 23 15 47 72 30 6 43 63 20 12 39 69 29 2 48 59 34 16 49 73 36 7 55 64 35
9 50 66 37 0 51 57 38 14 41 71 31 5 40 62 33 13 53 70 24 4 52 61 28 56 25 75 27 8 54 65 26 11 45 68 18 2 44 59 21 16 46 73 19 6 47 63 22 12 42 69 23 3 43 60 30 17 20 74 29 7 39 64 32 10 48 67 34 1 49 58 36 15 55 72 35
6 50 63 37 14 51 71 31 4 41 61 38 56 28 75 33 9 53 66 24 11 40 68 25 1 52 58 27 16 54 73 26 7 45 64 18 12 44 69 21 2 46 59 19 17 22 74 23 8 42 65 32 10 47 67 30 0 43 57 20 15 39 72 29 5 48 62 34 13 49 70 36 3 55 60 35
55 31 74 37 7 50 64 36 10 51 67 28 1 41 58 29 15 53 72 30 5 40 62 25 12 52 69 27 2 47 59 26 54 24 73 16 6 45 63 17 9 44 66 19 0 46 57 18 14 42 71 23 4 43 61 22 13 39 70 20 3 38 60 21 56 32 75 34 8 49 65 33 11 48 68 35
2 50 59 37 16 51 73 36 7 41 64 28 12 40 69 33 3 53 60 31 17 52 74 25 8 54 65 27 10 47 67 26 0 45 57 18 14 44 71 21 5 46 62 24 13 43 70 22 4 42 61 19 56 23 75 30 9 39 66 20 11 38 68 29 1 48 58 34 15 49 72 32 6 55 63 35
12 50 69 37 3 51 60 38 17 28 74 33 7 41 64 31 9 53 66 18 0 40 57 25 14 52 71 27 5 54 62 26 13 45 70 32 4 44 61 24 56 21 75 19 8 46 65 22 10 42 67 23 1 47 58 30 15 43 72 20 6 39 63 29 11 48 68 34 2 49 59 36 16 55 73 35
7 50 64 37 10 51 67 38 0 41 57 31 15 40 72 33 5 53 62 24 14 52 71 28 4 54 61 25 56 27 75 26 9 45 66 18 12 44 69 21 2 46 59 19 16 47 73 22 6 42 63 23 13 43 70 30 3 39 60 20 17 29 74 32 8 48 65 34 11 49 68 36 1 55 58 35
15 50 72 37 5 51 62 36 13 41 70 31 3 40 60 33 56 28 75 24 8 53 65 25 10 52 67 27 1 54 58 26 16 45 73 18 6 44 63 21 11 46 68 19 2 47 59 22 17 42 74 23 7 43 64 30 9 39 66 20 0 38 57 29 14 48 71 34 4 49 61 32 12 55 69 35
3 50 60 31 55 37 74 38 8 51 65 28 11 41 68 29 1 53 58 24 15 40 72 25 6 52 63 27 12 54 69 26 2 45 59 18 16 17 73 19 7 44 64 23 10 46 67 22 0 42 57 32 14 47 71 30 5 43 62 20 13 39 70 21 4 49 61 36 56 34 75 33 9 48 66 35
11 50 68 37 2 51 59 36 16 41 73 28 6 40 63 33 12 53 69 31 3 52 60 25 17 54 74 27 7 47 64 26 9 45 66 18 0 44 57 21 14 46 71 24 5 43 62 22 13 42 70 23 4 39 61 19 56 30 75 20 8 38 65 29 10 48 67 34 1 49 58 32 15 55 72 35
6 50 63 37 13 51 70 38 3 41 60 28 17 33 74 31 8 53 65 18 10 40 67 25 0 52 57 27 15 54 72 26 5 45 62 32 14 44 71 24 4 46 61 21 56 19 75 22 9 42 66 23 11 47 68 30 1 43 58 20 16 39 73 29 7 48 64 34 12 49 69 36 2 55 59 35
16 50 73 38 6 51 63 36 9 49 66 28 0 40 57 37 14 53 71 31 4 52 61 25 13 54 70 27 3 47 60 26 56 24 75 18 8 45 65 21 11 44 68 19 1 46 58 22 15 42 72 23 5 43 62 30 12 41 69 20 2 39 59 29 17 34 74 32 7 48 64 35 10 55 67 33
1 50 58 37 15 51 72 36 6 41 63 31 13 40 70 33 4 53 61 28 56 24 75 25 9 52 66 27 11 54 68 26 2 45 59 18 16 44 73 21 7 46 64 19 12 47 69 22 3 42 60 23 17 43 74 30 8 39 65 20 10 38 67 29 0 48 57 34 14 49 71 32 5 55 62 35
12 50 69 37 3 51 60 31 55 38 74 28 8 41 65 29 10 53 67 24 1 40 58 25 15 52 72 27 6 54 63 26 11 45 68 18 2 44 59 17 16 19 73 22 7 46 64 23 9 42 66 32 0 47 57 30 14 43 71 20 5 39 62 21 13 48 70 36 4 49 61 33 56 34 75 35
9 50 66 37 12 51 69 36 2 41 59 28 16 40 73 33 6 53 63 31 13 52 70 25 3 54 60 27 17 47 74 26 7 45 64 18 10 44 67 21 0 46 57 24 15 43 72 22 5 42 62 23 14 39 71 19 4 38 61 30 56 20 75 29 8 48 65 34 11 49 68 32 1 55 58 35
15 50 72 37 5 51 62 38 12 41 69 28 2 40 59 33 17 31 74 25 7 53 64 27 9 52 66 18 0 54 57 26 14 45 71 32 4 44 61 21 13 46 70 24 3 47 60 22 56 19 75 23 8 42 65 30 10 43 67 20 1 39 58 29 16 48 73 34 6 49 63 36 11 55 68 35
2 50 59 39 16 38 73 28 7 51 64 31 10 49 67 37 0 53 57 18 14 40 71 25 5 52 62 27 13 54 70 26 4 45 61 24 56 32 75 21 9 44 66 19 11 46 68 22 1 42 58 23 15 47 72 30 6 43 63 20 12 41 69 29 3 48 60 34 17 36 74 35 8 55 65 33
10 50 67 37 1 51 58 36 15 41 72 31 5 40 62 33 13 53 70 24 4 52 61 28 56 25 75 27 8 54 65 26 11 45 68 18 2 44 59 21 16 46 73 19 6 47 63 22 12 42 69 23 3 43 60 30 17 39 74 20 7 38 64 29 9 48 66 34 0 49 57 32 14 55 71 35
5 50 62 37 13 51 70 31 3 41 60 38 56 28 75 33 9 53 66 24 11 40 68 25 1 52 58 27 16 54 73 26 7 45 64 18 12 44 69 21 2 46 59 19 17 22 74 23 8 42 65 32 10 47 67 30 0 43 57 20 15 39 72 29 6 48 63 34 14 49 71 36 4 55 61 35
56 31 75 37 8 50 65 36 11 51 68 28 1 41 58 29 15 53 72 24 5 40 62 25 12 52 69 27 2 54 59 26 16 45 73 18 6 44 63 17 9 46 66 19 0 47 57 22 14 42 71 23 4 43 61 30 13 39 70 20 3 38 60 21 55 32 74 34 7 49 64 33 10 48 67 35
1 50 58 37 15 51 72 38 6 41 63 28 12 40 69 33 3 53 60 31 17 25 74 27 8 52 65 18 10 54 67 26 0 45 57 32 14 44 71 21 5 46 62 24 13 47 70 22 4 42 61 19 56 23 75 30 9 43 66 20 11 39 68 29 2 48 59 34 16 49 73 36 7 55 64 35
11 50 68 38 2 51 59 36 16 49 73 28 7 40 64 37 9 53 66 31 0 52 57 25 14 54 71 27 5 47 62 26 13 45 70 18 4 44 61 24 56 21 75 19 8 46 65 22 10 42 67 23 1 43 58 30 15 41 72 20 6 39 63 29 12 55 69 33 3 48 60 32 17 35 74 34
8 50 65 37 11 51 68 36 1 41 58 31 15 40 72 33 5 53 62 24 14 52 71 28 4 54 61 25 56 27 75 26 9 45 66 18 12 44 69 21 2 46 59 19 16 47 73 22 6 42 63 23 13 43 70 30 3 39 60 20 17 38 74 29 7 48 64 34 10 49 67 32 0 55 57 35
14 50 71 37 4 51 61 38 12 41 69 31 3 40 60 33 56 28 75 24 8 53 65 25 10 52 67 27 1 54 58 26 16 45 73 18 6 44 63 21 11 46 68 19 2 47 59 22 17 23 74 30 7 42 64 20 9 43 66 32 0 39 57 29 15 48 72 34 5 49 62 36 13 55 70 35
4 50 61 31 56 37 75 36 9 51 66 28 11 41 68 29 1 53 58 24 15 40 72 25 6 52 63 27 12 54 69 26 2 45 59 18 16 44 73 17 7 46 64 19 10 47 67 22 0 42 57 23 14 43 71 30 5 39 62 20 13 38 70 21 3 49 60 32 55 34 74 33 8 48 65 35
10 50 67 37 1 51 58 38 15 41 72 28 6 40 63 33 12 53 69 31 3 52 60 25 17 27 74 26 7 54 64 18 9 45 66 32 0 44 57 21 14 46 71 24 5 47 62 22 13 42 70 23 4 43 61 19 56 30 75 20 8 39 65 29 11 48 68 34 2 49 59 36 16 55 73 35
7 50 64 37 12 51 69 36 2 41 59 28 17 40 74 33 8 53 65 31 10 52 67 25 0 54 57 27 15 47 72 26 5 45 62 18 14 44 71 24 4 46 61 21 56 19 75 22 9 42 66 23 11 43 68 30 1 39 58 20 16 38 73 29 6 48 63 34 13 49 70 32 3 55 60 35
17 37 74 38 7 50 64 28 10 51 67 31 0 41 57 33 14 53 71 18 4 40 61 25 13 52 70 27 3 54 60 26 56 24 75 32 8 45 65 21 11 44 68 19 1 46 58 22 15 42 72 23 5 47 62 30 12 43 69 20 2 39 59 29 16 48 73 34 6 49 63 36 9 55 66 35
0 50 57 37 14 51 71 38 5 41 62 31 13 40 70 33 4 53 61 28 56 24 75 25 9 52 66 27 11 54 68 26 2 45 59 18 16 44 73 21 7 46 64 19 12 47 69 22 3 42 60 23 17 30 74 20 8 43 65 32 10 39 67 29 1 48 58 34 15 49 72 36 6 55 63 35
13 50 70 37 4 51 61 31 56 38 75 28 8 41 65 29 10 53 67 24 1 40 58 25 15 52 72 27 6 54 63 26 11 45 68 18 2 44 59 17 16 19 73 22 7 46 64 23 9 42 66 32 0 47 57 30 14 43 71 20 5 39 62 21 12 48 69 36 3 49 60 33 55 34 74 35
8 50 65 37 11 51 68 36 1 41 58 31 16 40 73 33 6 53 63 30 13 52 70 28 3 47 60 25 55 27 74 26 7 45 64 17 10 44 67 21 0 46 57 24 15 43 72 18 5 42 62 23 14 39 71 19 4 38 61 22 56 20 75 29 9 48 66 34 12 49 69 32 2 54 59 35
16 50 73 37 6 51 63 36 11 41 68 28 2 40 59 33 17 53 74 31 7 52 64 25 9 54 66 27 0 47 57 26 14 45 71 18 4 44 61 21 13 46 70 24 3 43 60 22 56 19 75 23 8 42 65 30 10 39 67 20 1 38 58 29 15 48 72 34 5 49 62 32 12 55 69 35
3 50 60 37 17 38 74 28 8 51 65 31 10 41 67 33 0 53 57 18 14 40 71 25 5 52 62 27 13 54 70 26 4 45 61 24 56 32 75 21 9 44 66 19 11 46 68 22 1 42 58 23 15 47 72 30 6 43 63 20 12 39 69 29 2 48 59 34 16 49 73 36 7 55 64 35
9 50 66 37 0 51 57 38 14 41 71 31 5 40 62 33 13 53 70 24 4 52 61 28 56 25 75 27 8 54 65 26 11 45 68 18 2 44 59 21 16 46 73 19 6 47 63 22 12 42 69 23 3 43 60 30 17 20 74 29 7 39 64 32 10 48 67 34 1 49 58 36 15 55 72 35
6 50 63 37 14 51 71 31 4 41 61 36 56 28 75 33 9 53 66 24 11 40 68 25 1 52 58 27 16 54 73 26 7 45 64 18 12 44 69 21 2 46 59 19 17 47 74 22 8 42 65 23 10 43 67 30 0 39 57 20 15 38 72 29 5 48 62 34 13 49 70 32 3 55 60 35
55 31 74 37 7 50 64 38 10 51 67 28 1 41 58 29 15 53 72 24 5 40 62 25 12 52 69 27 2 54 59 26 16 18 73 17 6 45 63 19 9 44 66 23 0 46 57 22 14 42 71 32 4 47 61 30 13 43 70 20 3 39 60 21 56 36 75 34 8 49 65 33 11 48 68 35
2 50 59 37 16 51 73 36 7 41 64 28 12 40 69 33 3 53 60 31 17 52 74 25 8 54 65 27 10 47 67 26 0 45 57 18 14 44 71 21 5 46 62 24 13 43 70 22 4 42 61 19 56 23 75 30 9 39 66 20 11 38 68 29 1 48 58 34 15 49 72 32 6 55 63 35
12 50 69 37 3 51 60 38 17 28 74 33 7 41 64 31 9 53 66 18 0 40 57 25 14 52 71 27 5 54 62 26 13 45 70 32 4 44 61 24 56 21 75 19 8 46 65 22 10 42 67 23 1 47 58 30 15 43 72 20 6 39 63 29 11 48 68 34 2 49 59 36 16 55 73 35
7 50 64 37 10 51 67 38 0 41 57 31 15 40 72 33 5 53 62 24 14 52 71 28 4 54 61 25 56 27 75 26 9 45 66 18 12 44 69 21 2 46 59 19 16 47 73 22 6 42 63 23 13 43 70 30 3 39 60 20 17 29 74 32 8 48 65 34 11 49 68 36 1 55 58 35
15 50 72 37 5 51 62 36 13 41 70 31 3 40 60 33 56 28 75 24 8 53 65 25 10 52 67 27 1 54 58 26 16 45 73 18 6 44 63 21 11 46 68 19 2 47 59 22 17 42 74 23 7 43 64 30 9 39 66 20 0 38 57 29 14 48 71 34 4 49 61 32 12 55 69 35
3 50 60 31 55 37 74 38 8 51 65 28 11 41 68 29 1 53 58 24 15 40 72 25 6 52 63 27 12 54 69 26 2 45 59 18 16 17 73 19 7 44 64 23 10 46 67 22 0 42 57 32 14 47 71 30 5 43 62 20 13 39 70 21 4 49 61 36 56 34 75 33 9 48 66 35
11 50 68 37 2 51 59 36 16 41 73 28 6 40 63 33 12 53 69 31 3 52 60 25 17 54 74 27 7 47 64 26 9 45 66 18 0 44 57 21 14 46 71 24 5 43 62 22 13 42 70 23 4 39 61 19 56 30 75 20 8 38 65 29 10 48 67 34 1 49 58 32 15 55 72 35
6 50 63 37 13 51 70 38 3 41 60 28 17 33 74 31 8 53 65 18 10 40 67 25 0 52 57 27 15 54 72 26 5 45 62 32 14 44 71 24 4 46 61 21 56 19 75 22 9 42 66 23 11 47 68 30 1 43 58 20 16 39 73 29 7 48 64 34 12 49 69 36 2 55 59 35
16 37 73 38 6 50 63 28 9 51 66 31 0 41 57 29 14 53 71 18 4 40 61 25 13 52 70 27 3 54 60 26 56 24 75 32 8 45 65 17 11 44 68 19 1 46 58 22 15 42 72 23 5 47 62 30 12 43 69 20 2 39 59 21 55 36 74 34 7 49 64 33 10 48 67 35
1 50 58 37 15 51 72 36 6 41 63 31 13 40 70 33 4 53 61 28 56 24 75 25 9 52 66 27 11 54 68 26 2 45 59 18 16 44 73 21 7 46 64 19 12 47 69 22 3 42 60 23 17 43 74 30 8 39 65 20 10 38 67 29 0 48 57 34 14 49 71 32 5 55 62 35
12 50 69 37 3 51 60 31 55 38 74 28 8 41 65 29 10 53 67 24 1 40 58 25 15 52 72 27 6 54 63 26 11 45 68 18 2 44 59 17 16 19 73 22 7 46 64 23 9 42 66 32 0 47 57 30 14 43 71 20 5 39 62 21 13 48 70 36 4 49 61 33 56 34 75 35
9 50 66 37 12 51 69 36 2 41 59 28 16 40 73 33 6 53 63 31 13 52 70 25 3 54 60 27 17 47 74 26 7 45 64 18 10 44 67 21 0 46 57 24 15 43 72 22 5 42 62 23 14 39 71 19 4 38 61 30 56 20 75 29 8 48 65 34 11 49 68 32 1 55 58 35
15 50 72 37 5 51 62 38 12 41 69 28 2 40 59 33 17 31 74 25 7 53 64 27 9 52 66 18 0 54 57 26 14 45 71 32 4 44 61 21 13 46 70 24 3 47 60 22 56 19 75 23 8 42 65 30 10 43 67 20 1 39 58 29 16 48 73 34 6 49 63 36 11 55 68 35
2 50 59 38 16 51 73 36 7 49 64 28 10 40 67 37 0 53 57 31 14 52 71 25 5 54 62 27 13 47 70 26 4 45 61 24 56 18 75 21 9 44 66 19 11 46 68 22 1 42 58 23 15 43 72 30 6 41 63 20 12 39 69 29 3 48 60 34 17 32 74 35 8 55 65 33
10 50 67 37 1 51 58 36 15 41 72 31 5 40 62 33 13 53 70 24 4 52 61 28 56 25 75 27 8 54 65 26 11 45 68 18 2 44 59 21 16 46 73 19 6 47 63 22 12 42 69 23 3 43 60 30 17 39 74 20 7 38 64 29 9 48 66 34 0 49 57 32 14 55 71 35
5 50 62 37 13 51 70 31 3 41 60 38 56 28 75 33 9 53 66 24 11 40 68 25 1 52 58 27 16 54 73 26 7 45 64 18 12 44 69 21 2 46 59 19 17 22 74 23 8 42 65 32 10 47 67 30 0 43 57 20 15 39 72 29 6 48 63 34 14 49 71 36 4 55 61 35
56 31 75 37 8 50 65 36 11 51 68 28 1 41 58 29 15 53 72 24 5 40 62 25 12 52 69 27 2 54 59 26 16 45 73 18 6 44 63 17 9 46 66 19 0 47 57 22 14 42 71 23 4 43 61 30 13 39 70 20 3 38 60 21 55 32 74 34 7 49 64 33 10 48 67 35
1 50 58 37 15 51 72 38 6 41 63 28 12 40 69 33 3 53 60 31 17 25 74 27 8 52 65 18 10 54 67 26 0 45 57 32 14 44 71 21 5 46 62 24 13 47 70 22 4 42 61 19 56 23 75 30 9 43 66 20 11 39 68 29 2 48 59 34 16 49 73 36 7 55 64 35
11 50 68 38 2 51 59 36 16 49 73 28 7 40 64 37 9 53 66 31 0 52 57 25 14 54 71 27 5 47 62 26 13 45 70 18 4 44 61 24 56 21 75 19 8 46 65 22 10 42 67 23 1 43 58 30 15 41 72 20 6 39 63 29 12 55 69 33 3 48 60 32 17 35 74 34
8 50 65 37 11 51 68 36 1 41 58 31 15 40 72 33 5 53 62 24 14 52 71 28 4 54 61 25 56 27 75 26 9 45 66 18 12 44 69 21 2 46 59 19 16 47 73 22 6 42 63 23 13 43 70 30 3 39 60 20 17 38 74 29 7 48 64 34 10 49 67 32 0 55 57 35
14 50 71 37 4 51 61 38 12 41 69 31 3 40 60 33 56 28 75 24 8 53 65 25 10 52 67 27 1 54 58 26 16 45 73 18 6 44 63 21 11 46 68 19 2 47 59 22 17 23 74 30 7 42 64 20 9 43 66 32 0 39 57 29 15 48 72 34 5 49 62 36 13 55 70 35
4 50 61 31 56 37 75 38 9 51 66 28 11 41 68 29 1 53 58 24 15 40 72 25 6 52 63 27 12 54 69 26 2 45 59 18 16 17 73 19 7 44 64 23 10 46 67 22 0 42 57 32 14 47 71 30 5 43 62 20 13 39 70 21 3 49 60 36 55 34 74 33 8 48 65 35
10 50 67 37 1 51 58 36 15 41 72 31 6 40 63 33 12 53 69 30 3 52 60 28 55 25 74 27 7 47 64 26 9 45 66 17 0 44 57 21 14 46 71 24 5 43 62 18 13 42 70 23 4 39 61 19 56 22 75 20 8 38 65 29 11 48 68 34 2 49 59 32 16 54 73 35
7 50 64 37 12 51 69 36 2 41 59 28 17 40 74 33 8 53 65 31 10 52 67 25 0 54 57 27 15 47 72 26 5 45 62 18 14 44 71 24 4 46 61 21 56 19 75 22 9 42 66 23 11 43 68 30 1 39 58 20 16 38 73 29 6 48 63 34 13 49 70 32 3 55 60 35
17 37 74 38 7 50 64 28 10 51 67 31 0 41 57 33 14 53 71 18 4 40 61 25 13 52 70 27 3 54 60 26 56 24 75 32 8 45 65 21 11 44 68 19 1 46 58 22 15 42 72 23 5 47 62 30 12 43 69 20 2 39 59 29 16 48 73 34 6 49 63 36 9 55 66 35
0 50 57 37 14 51 71 38 5 41 62 31 13 40 70 33 4 53 61 28 56 24 75 25 9 52 66 27 11 54 68 26 2 45 59 18 16 44 73 21 7 46 64 19 12 47 69 22 3 42 60 23 17 30 74 20 8 43 65 32 10 39 67 29 1 48 58 34 15 49 72 36 6 55 63 35
13 50 70 37 4 51 61 31 56 36 75 28 8 41 65 29 10 53 67 24 1 40 58 25 15 52 72 27 6 54 63 26 11 45 68 18 2 44 59 17 16 46 73 19 7 47 64 22 9 42 66 23 0 43 57 30 14 39 71 20 5 38 62 21 12 48 69 32 3 49 60 33 55 34 74 35
8 50 65 37 11 51 68 38 1 41 58 28 16 40 73 33 6 53 63 31 13 52 70 25 3 54 60 27 17 26 74 18 7 45 64 32 10 44 67 21 0 46 57 24 15 47 72 22 5 42 62 23 14 43 71 19 4 39 61 30 56 20 75 29 9 48 66 34 12 49 69 36 2 55 59 35
16 50 73 37 6 51 63 36 11 41 68 28 2 40 59 33 17 53 74 31 7 52 64 25 9 54 66 27 0 47 57 26 14 45 71 18 4 44 61 21 13 46 70 24 3 43 60 22 56 19 75 23 8 42 65 30 10 39 67 20 1 38 58 29 15 48 72 34 5 49 62 32 12 55 69 35
3 50 60 37 17 38 74 28 8 51 65 31 10 41 67 33 0 53 57 18 14 40 71 25 5 52 62 27 13 54 70 26 4 45 61 24 56 32 75 21 9 44 66 19 11 46 68 22 1 42 58 23 15 47 72 30 6 43 63 20 12 39 69 29 2 48 59 34 16 49 73 36 7 55 64 35
9 50 66 37 0 51 57 38 14 41 71 31 5 40 62 33 13 53 70 24 4 52 61 28 56 25 75 27 8 54 65 26 11 45 68 18 2 44 59 21 16 46 73 19 6 47 63 22 12 42 69 23 3 43 60 30 17 20 74 29 7 39 64 32 10 48 67 34 1 49 58 36 15 55 72 35
