-22 61 -19 3 93 40 53 46 86 59
55 -36 73 12 15 -23 62 71 95 -75
66 -37 -99 2 57 98 -20 88 -41 73
-53 -48 -21 -59 47 33 1 91 -85 71
12 -30 -10 93 -81 58 74 -55 66 77
68 37 54 69 12 91 68 1 -17 -66
71 1 -94 46 74 -39 36 -88 -23 -34
0 86 81 55 -69 -98 5 55 56 38
-22 0 -81 29 -28 22 -87 -26 -52 18
-85 25 -13 15 -53 -83 29 7 1 81
-79 -83 -9 91 -41 -39 98 -63 -32 -47
-24 -36 91 54 -1 -57 34 -19 60 83
65 29 53 -89 -83 -91 91 -44 35 23
-60 50 -29 50 99 -99 -64 -41 -32 -58
78 -41 92 86 83 34 92 4 -79 79
-24 77 56 36 1 -19 85 43 61 58
85 -5 32 53 37 95 99 -98 42 -58
-20 -73 -93 70 -55 -96 40 71 78 10
9 -87 -75 -68 -93 -10 -37 -52 13 23
18 -24 23 -10 -9 -96 44 -73 -45 -82
48 -53 64 39 30 7 -60 32 -76 32
42 90 -55 14 26 47 59 -5 -90 -80
-77 90 -23 63 -84 66 -48 -7 99 -80
96 49 7 1 -78 34 61 -15 -32 -70
23 -54 -71 5 -2 -75 -89 -84 -19 -32
68 39 -35 17 -67 74 93 22 -81 -84
87 -12 92 -47 -45 -51 -42 16 -90 59
96 -16 -5 75 -86 73 -21 -56 -97 -66
-68 14 64 -31 -57 -60 45 45 -44 -90
-71 27 -2 -71 -43 -21 96 65 19 75
-41 43 -34 -20 -11 35 77 -75 -10 56
-94 24 -60 -54 -85 44 -37 62 46 46
13 26 32 42 -29 56 51 -81 87 75
-86 -65 -20 26 36 -9 91 41 -21 -66
-19 -21 31 -7 -40 -98 77 -92 12 30
-43 45 28 44 -89 0 -26 -26 -33 -8
71 -71 55 48 96 1 81 23 66 23
27 75 73 -12 84 -53 48 15 -58 1
55 10 30 15 -50 22 -30 -87 -97 -33
4 -7 6 -55 40 -95 15 -58 85 -55
-72 -27 60 -27 -76 76 15 -64 19 -44
4 -17 65 91 -18 -67 52 -53 -45 10
78 9 -57 -4 -46 89 1 18 -47 49
3 -59 79 -78 77 -97 -74 -91 -61 58
37 -69 -76 -50 -23 78 21 -97 15 75
72 -2 50 -39 13 -67 -19 29 99 -43
-46 53 -38 -21 35 33 -73 -88 88 93
-20 -5 -59 -5 15 21 -83 61 -59 -22
21 -44 84 42 41 -2 65 10 -43 -10
6 90 -71 -4 -41 -92 -4 -35 55 18
-86 91 -6 -50 99 24 85 -26 -55 74
23 71 70 77 77 4 38 -80 -96 39
-12 87 -76 87 90 -50 -13 38 26 -8
24 -30 -55 -4 24 -95 52 54 67 73
-36 -52 67 98 98 5 -89 -66 72 -83
14 63 -95 97 -96 -83 12 63 35 26
-81 59 -33 61 10 46 22 -52 -13 39
-98 43 -12 -33 -30 -22 -32 87 36 22
-21 19 -62 -20 -62 -15 -33 63 -13 52
77 86 -62 -50 -39 36 19 55 69 -35
-77 -33 58 1 67 -78 69 -22 14 -77
79 -63 -98 34 34 -10 -90 -44 15 83
62 -77 -76 -27 -83 -82 -56 -51 25 98
82 80 58 -65 50 -73 47 20 77 32
-91 29 28 29 -19 -73 52 -53 60 84
31 -40 -5 -74 -89 92 -34 -93 -82 -59
-32 6 -72 49 -47 -12 2 -88 -97 52
-41 -64 89 38 -90 96 -45 -75 -30 -11
38 -55 95 89 68 -6 86 84 17 3
62 80 6 -70 29 34 19 -59 75 -56
-75 90 -76 39 31 20 -40 60 89 -93
19 1 -88 -33 -96 -94 86 37 -98 59
93 42 78 -15 -26 -33 95 -52 78 68
97 -71 -49 -48 -60 8 -63 -70 49 89
49 -64 -25 52 -70 59 42 92 -25 -77
-98 20 -47 40 -56 -35 -32 -83 -58 26
-81 -92 -24 71 83 -29 20 92 -55 -50
46 -42 -84 19 32 56 7 76 97 -32
53 41 -89 -2 96 16 44 21 -78 34
33 9 -45 -15 -85 61 30 40 -45 -37
19 74 -10 -96 29 36 89 -71 30 92
54 54 37 -34 40 -22 34 87 -30 -77
-22 -25 -25 -7 52 -41 -80 -72 22 61
73 -5 -40 -30 97 -7 -56 -2 -96 74
96 60 -63 60 -4 -16 53 95 -20 -21
2 -18 -86 -1 66 -40 -44 -26 76 31
-15 -39 64 50 65 21 -47 27 80 32
-4 24 63 9 31 -94 -89 -1 51 -89
72 12 88 96 43 26 -54 66 -53 -69
77 94 -40 -77 -43 36 86 -2 -88 -97
-73 41 -3 24 -80 95 -84 91 76 -42
49 -52 -24 -99 46 5 -89 -70 -9 90
-1 64 73 1 77 29 87 -44 -30 -87
-35 54 98 15 -84 -80 65 26 20 -68
11 30 -25 5 -19 -19 18 -86 57 3
90 38 63 94 49 21 55 -79 -23 41
47 -18 73 60 17 -59 25 -71 -1 -59
-38 -55 10 24 9 -79 35 -21 -78 -99
87 -51 96 58 -54 -22 62 82 91 -60
61 -65 57 -45 -78 -19 79 -99 -82 29
