15 87 52 -83 13 -78 41 -71 -91 56
16 36 -53 -49 -97 34 -56 44 -46 23
95 75 -42 -98 -25 -1 -37 -8 71 8
-62 61 2 5 34 43 -77 87 -44 -55
-27 82 62 47 -6 87 -75 -82 -66 16
29 48 -12 -66 90 -74 26 18 -9 47
-1 -14 58 99 0 -2 44 70 99 -46
-92 -20 -99 -14 9 -69 36 64 4 -16
4 -80 -36 -60 47 -6 69 16 -83 19
16 79 45 17 8 98 12 -18 -43 18
34 -58 -33 87 -43 -45 92 -79 -70 -21
-63 30 -59 -44 -87 -39 86 -78 23 -23
64 -32 88 63 -38 -18 -90 27 21 -95
-81 73 -91 95 -60 96 70 78 -3 -75
-11 -60 45 -77 -81 68 41 -42 1 54
58 -77 -60 31 74 29 25 -17 25 93
24 -50 -97 -88 -44 55 -38 -78 53 14
-41 74 0 4 39 60 21 30 -39 -32
59 -43 -49 -53 49 75 -13 -87 0 92
19 -95 23 2 -62 21 74 -34 -5 -79
20 79 -30 -64 -15 12 8 26 77 -92
-96 60 72 40 36 56 -66 -44 -16 -4
-17 -51 -98 -47 74 6 97 -22 -48 -18
-35 66 95 -91 92 55 -10 98 -7 -3
76 70 57 57 -3 97 79 5 -4 -97
-28 -61 85 85 94 66 -32 9 -90 48
-94 87 -33 12 -33 6 -86 -29 24 -97
-3 -18 83 45 -9 -44 44 -99 -9 73
-33 -22 55 -56 28 91 -4 40 6 62
95 77 -97 -94 -7 -78 -61 83 54 26
-90 -86 -58 77 -19 35 -57 -48 -21 -45
87 76 -47 -35 56 96 -66 -43 -13 -70
33 -15 -92 -68 84 57 -50 84 66 91
24 -53 84 77 86 79 25 30 -49 32
-72 1 39 3 -55 1 78 58 79 3
97 69 -32 -64 91 77 71 3 27 -35
18 -81 -43 -39 -85 -45 88 90 -85 80
-4 -17 78 88 -18 -75 27 -77 23 2
-50 29 14 -58 -31 86 31 14 -45 10
93 -28 -74 -1 -55 1 78 -15 37 91
72 29 29 87 -74 5 -88 87 -32 83
-66 -70 62 49 68 37 95 53 -99 -86
-61 -26 -5 -85 -73 51 -25 91 -55 79
-78 -46 -65 39 46 -8 -80 93 33 41
37 41 -49 46 -45 -9 48 25 31 -82
-64 -88 -46 -45 49 72 -88 -95 -70 39
53 -57 75 34 -52 49 -81 -31 21 -66
-22 96 -84 54 -27 7 92 -41 -46 -62
-86 -65 53 -34 49 -52 -25 -33 44 81
80 1 52 46 -14 -41 85 40 97 12
12 -36 -20 32 47 -38 75 -45 -17 38
15 38 63 67 -33 31 63 -2 -94 -90
40 -87 -66 -9 -61 50 -80 -49 -72 -31
53 81 69 89 13 -93 85 -69 48 -59
-25 -4 -10 63 40 80 -20 -54 -51 18
-9 -82 20 -77 94 32 -9 94 49 -11
69 -41 -33 -56 11 -76 28 76 -4 72
42 78 49 75 21 83 -39 7 59 53
31 -6 -25 -86 -47 -54 88 -79 88 -29
-27 -11 -95 -71 -18 -68 -38 -8 3 2
67 7 -18 -91 -82 -44 -10 -4 -98 48
75 -66 65 -86 14 -39 25 75 -18 -66
-52 25 53 -23 51 -11 99 -70 -54 -12
0 -77 -99 -77 -81 -47 -33 33 -83 3
27 74 -79 -89 96 -23 43 16 78 -34
91 -84 -8 53 -44 12 -28 53 51 65
-23 -21 90 16 81 -27 -32 96 44 50
-97 49 -69 48 -1 -46 73 -29 -65 65
13 -94 75 91 7 21 92 -21 62 -91
71 -21 33 -38 65 60 -50 73 -23 -1
-33 35 -96 57 89 -50 -14 41 24 -50
42 10 -65 42 -35 24 3 -29 13 -52
20 76 -2 77 -70 90 -30 56 -81 -29
-89 -53 -83 -84 -22 -34 -35 47 -93 -86
-17 42 47 67 -8 82 -17 65 75 -43
87 5 -39 43 -3 81 -85 -3 -65 -30
-53 -5 14 36 14 27 89 -15 -71 0
-36 -42 53 22 -39 -3 64 -50 -87 47
41 -75 80 -77 32 80 -82 57 46 82
40 79 -33 42 -66 -35 -18 -71 -64 41
21 -46 -1 -70 32 -68 -86 90 -27 12
-84 -79 24 -71 81 79 58 13 85 70
-16 28 -7 -66 -15 84 70 -89 32 95
64 8 -8 92 -46 -56 53 -68 58 80
-6 3 16 -48 79 11 89 82 -92 -57
91 77 -45 -35 -20 -12 -32 51 91 -68
-41 -30 36 -84 -89 -78 -37 -88 -89 -26
26 62 89 -17 84 48 75 0 -81 18
1 -89 -92 94 -28 8 -53 44 -7 18
-94 53 -97 -55 -28 62 -7 -66 9 71
-35 63 -10 54 88 40 -16 37 -96 28
62 -66 -43 24 57 4 -22 -41 -70 57
75 -92 -75 92 89 78 -77 14 82 12
29 66 -74 77 -4 95 -87 88 85 99
97 68 -98 35 -95 99 53 -33 97 18
93 -10 -65 -83 -6 77 67 3 15 -10
40 -36 -96 -51 6 80 32 -73 -7 -97
-96 -16 87 47 78 5 -58 24 92 -29
67 -39 -12 56 -15 -35 -80 29 92 57
-93 -59 -35 -29 25 -69 -87 -24 -36 -36
