39 -51 55 -36 61 -51 56 16 -16 13
34 -89 48 67 62 -17 -30 -24 0 43
49 54 -87 58 -22 79 -33 71 51 26
21 69 39 -11 -60 -34 -43 -65 -83 -70
-42 -9 48 -87 -34 55 70 -57 19 3
8 57 61 -96 90 -38 38 21 8 -48
-73 -69 19 22 85 -33 -24 -79 91 81
84 30 -15 -15 -5 97 9 -68 74 -33
-28 -14 52 34 -43 -47 10 -51 -10 99
1 9 -23 21 45 3 -24 -38 54 54
72 -27 -49 -79 -75 32 90 96 54 -45
23 30 -33 -23 -97 -74 -21 -65 7 80
56 -10 26 24 -92 3 -43 89 -18 55
26 23 -67 45 2 21 76 -97 -12 -26
-93 -19 -53 61 -88 -33 -81 17 -36 -23
-71 6 79 -76 45 15 -70 -61 -92 -12
72 81 77 -6 71 87 -39 -34 -64 -17
94 -39 70 30 -71 -21 90 -33 -14 14
-19 -74 13 -64 -97 44 -62 -92 94 -8
-77 19 -88 -45 -16 43 63 -51 -98 -47
63 14 -62 -45 -58 -2 3 59 -85 15
90 46 50 62 3 62 -24 -39 15 -77
42 -30 -84 37 84 71 87 87 39 81
95 -18 -48 -19 90 66 -95 -65 -27 81
8 75 36 92 -86 -3 18 37 65 -20
-3 39 -13 92 51 17 -93 40 -54 -28
-22 -92 -3 62 -34 -93 66 -9 -55 42
-55 -20 -19 -43 83 -13 -75 54 -27 -44
-86 86 -76 54 38 64 -56 35 -10 95
-67 12 19 -90 -24 46 41 -17 21 48
66 42 31 15 -47 -63 -46 29 -60 -23
-26 68 -74 -77 -93 -42 16 -66 -75 81
-5 -58 -14 -99 95 1 35 4 -74 24
-14 -36 79 29 -1 -24 -21 1 38 50
80 -6 -85 31 -46 -40 -86 -33 42 8
46 25 -77 65 4 30 -22 -44 66 -35
77 -51 78 -47 42 37 4 84 15 -85
10 26 32 -50 -41 -39 -98 0 -72 -36
14 77 -36 -82 -94 -67 -83 -52 69 -55
19 -87 -63 82 -54 48 -44 19 -69 -89
-37 94 52 74 -83 -55 -12 70 -45 66
89 -90 49 83 6 1 5 -18 -4 -95
-57 -64 -21 73 83 99 94 39 -99 34
-76 -3 -91 67 -24 58 -18 89 44 -82
78 -2 -57 -75 -34 -31 -1 -9 56 -94
5 -37 -82 86 -6 65 62 24 -64 -30
-47 -56 -74 -70 44 -28 -30 65 44 74
-28 -19 -94 -92 -29 40 78 77 0 19
54 66 -81 -50 -20 -24 -66 -66 59 -5
73 77 94 -33 44 -55 61 21 66 -76
95 -65 19 0 96 -95 -18 53 -52 36
9 -14 -78 -21 62 -28 -16 -58 47 8
-41 11 -90 93 -53 94 -19 80 -10 -86
84 75 61 -27 59 80 15 -58 -95 -80
85 -47 50 94 41 -66 -56 -55 94 53
50 -94 18 8 -24 32 -98 -93 36 -48
-6 17 16 61 -20 93 59 86 82 18
65 -8 -98 41 -25 -99 -98 39 -80 -7
-18 27 30 83 32 94 94 75 -96 -57
-13 -99 -52 -6 39 84 -58 64 41 -79
-87 -83 79 -41 41 -33 92 21 74 95
-9 84 -40 -5 -45 -19 -22 -69 -30 -89
-78 -61 30 -56 36 -18 59 -81 -86 11
-54 -44 35 4 -42 -27 85 -89 16 -50
-63 20 -30 -87 -31 55 -37 75 -94 -11
57 -77 25 18 -13 -33 42 -76 37 60
-55 40 -12 -30 -56 -35 -53 -78 27 97
85 -61 -34 -96 7 -27 -76 72 -49 -20
-64 38 -39 23 -75 21 7 43 0 64
40 5 -99 -13 52 91 -34 3 1 -39
8 86 36 -87 -39 80 83 66 -70 -16
-54 55 31 22 -9 76 91 -77 -17 40
-32 50 -80 43 48 11 76 -72 -12 64
94 0 -94 -81 -58 -27 -84 -37 91 -42
-49 -89 -56 -10 6 98 -68 -67 46 24
94 25 82 -58 38 88 -7 16 -19 -90
-37 -47 -8 61 -70 -39 32 -61 0 60
-66 -59 -71 -93 93 30 -32 73 -43 -26
88 -16 -50 26 -46 13 21 -18 -33 -25
47 -42 -19 -41 15 -62 78 -1 -62 -51
-31 -98 -40 -24 -67 85 95 -31 83 -93
1 -13 -44 -10 7 -21 74 46 27 44
14 50 -82 42 61 -8 88 2 -76 8
40 -28 -96 97 -16 -47 13 -64 99 -80
93 -94 50 87 -83 17 -36 5 -4 87
-97 -56 18 -49 -12 -5 30 -78 -76 -8
-62 -75 39 40 -33 48 58 86 35 20
-90 -4 0 24 -37 51 -26 35 -56 24
-3 18 5 68 -81 -68 -81 69 -36 57
60 -38 -90 -34 44 94 -71 66 38 -43
-68 -78 -99 36 -46 -41 77 5 -63 -8
65 90 -99 -32 -84 -24 -1 -76 -25 -50
55 39 77 -49 -62 71 82 41 28 -20
-57 -12 89 -98 76 70 98 59 6 -37
-29 26 72 85 -17 -73 91 -28 -77 -63
-81 -17 30 95 -62 70 -67 -22 -9 -96
20 9 -71 -43 -8 -70 -69 -16 97 -79
82 -92 67 -50 -75 -63 -41 80 38 -54
87 64 70 49 -27 -46 1 -35 -56 -82
-47 13 37 -58 55 90 63 -47 -67 3
