-56 -75 -57 -22 -5 12 42 -87 -29 90
-36 -65 28 0 -87 46 28 -78 -76 20
87 29 -34 25 -5 -53 -9 91 -65 48
73 -23 28 -20 81 -34 -96 0 -86 -75
-61 42 -70 51 15 6 -88 13 9 72
-46 34 17 69 -3 -81 -1 -1 -83 -36
-59 -75 27 79 36 -22 -86 -94 -22 -55
-54 96 -52 42 30 56 3 -11 -18 85
54 -11 -60 7 -26 79 4 -88 48 -59
-48 29 -40 -65 -37 -60 20 -75 55 43
-64 -50 -80 38 78 14 -93 95 -99 13
-13 23 -85 -8 -18 -85 -93 57 15 83
79 2 -73 75 -60 48 -21 33 -13 49
-5 -78 27 -47 58 -54 57 -79 -91 -94
-85 2 99 82 -71 63 -72 23 31 -23
52 -13 67 0 -77 78 -24 5 -92 -90
64 42 -58 -96 -19 -13 -72 -72 -32 53
19 36 37 43 -71 85 97 -56 -67 -87
59 -42 2 79 -63 -35 -97 30 -81 4
-64 48 -85 27 -9 28 -96 -61 -96 -38
36 20 54 -84 35 68 -32 75 -83 19
-11 -22 64 -67 16 77 55 -60 -78 -23
20 36 -75 53 -27 -5 -1 -30 29 -47
-50 -60 -11 -71 -52 76 78 -56 -54 39
-69 31 0 70 75 32 50 19 25 -25
-8 -63 11 54 -2 17 -25 4 57 -9
-1 56 -76 74 -64 -71 26 39 -88 -71
19 52 -45 63 93 -6 58 -87 70 11
43 -82 -38 90 -40 11 26 -26 36 -39
-94 -20 -37 -20 63 -8 -88 -50 49 -28
-67 -36 -52 33 -7 38 6 -58 67 -23
-91 -30 86 -13 -27 -54 84 -31 -89 85
-72 39 47 -13 13 65 -1 -62 20 32
-66 54 34 40 52 -26 2 -96 -27 60
-74 -33 17 3 -4 0 -15 98 -28 -12
24 -48 54 17 86 -30 -80 24 -70 93
-1 17 60 56 -58 -21 61 87 88 -95
13 31 9 -15 83 71 -44 36 -48 -35
-79 -36 -33 40 63 3 91 -26 87 16
-5 17 -8 -93 -86 41 0 11 -1 -91
-63 83 -43 28 24 14 -60 33 -79 92
-82 -89 53 -11 -59 80 36 -43 58 41
-30 -4 11 17 24 -10 -85 14 -12 34
-28 93 -43 -5 74 -50 67 -71 53 -96
-8 -39 -82 95 -74 42 -21 63 76 56
73 27 -22 97 78 -38 24 72 -62 -62
-74 -37 -39 -49 -10 -57 -70 89 -91 34
14 -48 -84 29 -14 -36 -63 95 -76 -33
-45 82 -2 13 29 -86 57 -13 -81 22
-2 -12 12 -2 65 7 55 -49 -73 -67
-90 -69 39 -45 44 -67 99 81 -21 -47
-50 12 87 67 -1 -69 -64 0 -72 71
-73 49 84 26 -42 9 -82 -6 -80 -3
-66 30 55 13 70 74 1 -1 -62 -2
11 -73 40 16 63 -94 -96 28 -97 -21
-25 7 -30 -90 -1 19 -59 -65 89 62
63 -30 -61 28 -55 68 -40 38 -27 60
46 79 -70 63 77 70 88 58 -69 55
7 61 21 74 -53 -42 73 -50 58 64
-79 -26 -11 -32 -38 -56 5 60 -89 5
-67 -30 -32 -65 -63 76 48 9 -86 80
-33 5 -7 -64 -5 67 34 -64 60 -55
-39 42 96 37 -15 -76 57 29 -47 -3
3 -38 -48 -95 0 18 -79 -53 82 82
-27 39 24 77 -40 -15 40 91 -52 47
80 78 39 -75 91 -5 70 -89 38 90
40 -74 65 -17 84 -4 18 -15 43 49
42 53 -54 -74 -97 -62 -89 56 -62 93
25 -25 -27 -2 -98 3 -81 38 86 65
-19 -92 -85 48 55 34 25 -93 -8 26
69 -15 -2 -17 26 -78 -36 -87 -24 -6
-77 49 -80 -77 52 52 62 31 -77 -59
66 -25 -85 38 -61 -49 67 -27 49 18
-78 -95 40 1 45 16 73 72 -6 87
51 -39 -6 97 -97 -62 34 -23 60 -56
58 -51 81 -58 61 57 -73 90 78 -64
2 23 -34 -77 -87 29 -58 15 92 -33
-19 7 80 10 -85 -5 88 21 22 -29
-46 1 -91 69 89 3 44 -3 18 -6
-16 -64 51 -70 -9 -70 53 65 88 12
-41 -9 81 -66 -41 12 -45 93 45 -4
45 -47 -69 61 -43 -22 -36 -98 -44 84
9 57 77 69 1 -87 -53 3 -66 -26
-10 -18 10 -39 54 24 -48 -46 50 63
-86 79 32 -76 28 89 -62 44 -6 74
34 -57 47 74 -39 67 63 -62 70 77
-49 43 18 -33 77 82 -14 -13 -17 81
51 65 -85 -38 33 -67 -88 5 -26 81
-64 35 -72 64 30 -35 -8 47 48 -73
-76 0 -14 -45 -16 -57 9 -32 73 77
25 0 72 51 -56 -78 22 46 -61 78
99 80 7 -60 42 6 54 -62 -99 84
-78 -83 56 -61 -29 53 -44 82 -32 47
-76 -95 -50 96 -8 -97 50 -35 -81 48
23 63 -72 90 31 -1 -31 -2 23 31
12 -66 75 49 31 64 -2 63 -79 69
38 -23 -18 -71 65 -59 -22 -8 -57 -35
29 95 -56 3 29 -92 6 94 -40 28
-4 17 -83 -43 -75 -67 31 -61 13 66
73 -13 32 -32 -87 -91 -43 -47 -37 -96
