-14 93 -53 -91 40 -75 16 75 50 2
-56 91 -52 48 68 -31 76 0 44 27
-42 78 -21 -69 -72 2 -97 -19 0 -46
-29 19 37 -36 79 39 75 85 28 -2
-3 -43 71 -91 -40 -78 -63 -63 57 82
28 43 27 -43 83 -3 0 65 -31 49
-72 64 -82 49 49 -76 0 -69 -91 -73
71 86 55 -80 91 -12 38 76 -25 -74
31 15 -36 -98 71 -64 38 -21 -8 -44
-77 -88 23 -81 -32 15 67 1 -16 -57
-67 -54 33 74 70 83 43 -78 -21 -95
33 9 17 -2 45 43 -1 83 -16 -37
-67 25 69 32 -10 -38 44 -76 -17 -40
-2 -34 1 22 -93 0 66 68 96 22
3 29 74 -27 12 -31 65 62 -86 -32
79 -50 29 92 -9 88 -87 -5 -65 37
-62 83 -16 81 -62 73 -13 89 51 22
26 60 -23 7 -75 47 6 29 3 97
89 -62 -18 81 -86 78 -35 92 68 79
-57 14 11 29 -39 7 71 -51 -51 -52
46 -42 -39 -86 -6 51 -88 -11 57 -57
56 37 42 -5 -35 -28 74 -40 -16 -67
-32 3 61 -33 -73 -90 9 73 22 -94
-50 2 -61 73 -33 74 -84 14 -61 -92
-46 48 54 -76 85 17 25 17 52 -2
-7 -92 -73 34 -1 -36 39 -69 67 39
11 -79 0 -45 49 48 61 -53 -27 -86
85 80 31 55 48 -54 -21 34 31 24
-2 54 -20 11 -74 -44 46 42 -34 -27
-25 -35 -56 -94 19 90 92 -33 99 19
-86 79 -95 10 48 69 -14 -45 99 86
-59 90 96 68 -59 1 75 91 42 -81
31 44 87 -65 46 -93 -3 -34 -42 -71
84 19 -17 -96 91 -99 56 24 -28 -59
57 88 90 -61 48 -19 -37 -78 4 32
-7 -90 -69 17 95 -41 71 -22 -7 0
-47 -5 87 -25 -79 -33 39 -68 68 59
-79 73 47 -54 83 -94 72 33 -68 -8
-24 -21 -39 -80 -19 98 6 47 -8 0
-32 39 -65 18 -59 -37 -70 45 -93 -39
-76 -62 -36 57 -45 -96 82 -88 23 17
91 76 19 -49 8 -95 -38 -76 -88 28
-77 24 -31 21 16 -50 -90 84 88 6
6 -16 -3 -54 51 -42 96 -88 24 -9
-17 66 90 -48 96 60 -72 17 77 84
-59 -22 -19 -82 51 83 24 58 -45 -18
-84 -19 61 64 -19 46 -81 36 -6 99
66 -11 93 60 40 48 -42 -94 57 -6
-90 -50 93 77 45 -61 20 99 68 38
63 0 -6 -22 84 75 16 -99 36 -33
-36 77 55 -6 94 42 -62 10 56 -72
34 27 -16 -77 61 55 71 43 53 77
-68 -97 -4 -54 64 -63 -56 94 -84 -7
-13 15 54 16 55 -67 -14 78 -86 29
-29 -49 5 -17 -76 40 -76 -90 60 -71
65 85 -46 30 -81 -87 98 70 -85 51
58 -10 -26 -99 84 74 -75 4 3 -95
69 -6 -51 88 55 -31 -30 -56 22 29
79 65 77 -52 18 -66 -55 -16 -30 -80
72 -55 -66 -28 5 20 69 75 -84 47
29 -27 46 -59 90 -78 -88 -62 16 98
-64 -32 62 8 85 67 83 66 22 48
12 -97 40 91 -68 55 -96 57 41 -76
-84 65 -13 -99 35 27 73 37 3 5
91 32 -91 -41 21 74 -80 74 -96 84
-55 -47 73 -13 35 7 -48 13 27 -1
-5 -82 13 -79 10 -63 62 18 -79 -7
-67 -70 69 2 -74 -11 -88 81 3 -7
-57 -7 32 61 9 40 25 27 -75 -53
-54 -81 74 75 -31 -55 -9 -27 -5 -25
74 -2 -94 32 71 -39 34 68 -64 4
40 -41 20 22 -92 83 -8 -1 29 66
-1 -1 29 -79 0 -53 -6 42 66 -32
-83 -99 -41 96 56 -79 -42 26 -78 14
-80 -1 73 6 77 53 39 46 85 -54
68 -76 10 91 61 31 -85 57 -64 51
80 53 99 -97 80 36 35 73 4 9
-94 -50 92 -53 12 30 36 91 58 83
-45 28 14 -64 98 42 -5 -27 -3 61
57 -78 63 15 52 -74 -2 -55 -18 -41
-75 -31 -65 27 -4 95 96 86 71 72
-92 -23 -5 -82 56 65 -35 23 -82 26
47 50 -86 27 -29 58 -64 -60 50 2
-96 -53 55 1 -60 -69 0 -82 16 44
-28 67 -60 -66 76 -20 91 -89 -77 85
9 -7 52 -76 86 36 59 -61 63 99
-77 62 53 -34 61 -80 69 -19 67 -35
51 89 -25 95 -74 95 31 24 92 35
-69 -22 -84 0 93 -74 8 74 -52 -91
-96 2 14 85 2 -85 -92 69 -1 61
47 -36 -13 -95 44 -67 -41 28 24 -53
26 -86 88 97 49 11 -86 -15 -94 84
-26 71 -5 -35 -11 46 -1 -97 78 -58
-14 -69 84 27 -29 -48 13 8 -55 -37
12 -81 72 29 32 -93 -32 58 53 96
21 47 52 -79 -44 -78 63 -55 34 -95
-92 -81 46 -15 -65 63 72 -69 99 -40
-61 -89 52 -1 -62 -37 90 47 -97 -24
-54 -60 94 83 7 -51 -92 86 92 4
77 49 43 74 56 85 68 96 -55 -40
