64 -55 -71 90 12 -96 42 -67 94 -30
-96 45 0 38 42 -4 7 -44 -49 31
-40 -44 -85 82 35 71 -96 -1 -27 29
-15 -86 -98 76 20 -39 78 -87 64 15
-42 -8 -90 32 9 86 64 -26 54 31
40 -45 3 -15 83 -98 -93 -65 -4 -95
82 -18 49 7 28 -2 82 -9 58 -5
97 -32 30 -44 -70 -16 53 -58 -41 47
6 -24 -98 21 22 41 62 20 30 90
99 21 -55 -37 -6 16 -91 -4 -76 -19
-15 53 -24 27 -61 42 5 83 64 -15
11 -71 49 -1 40 48 49 41 2 99
-25 69 98 -82 -79 -22 -94 10 43 75
-15 -46 35 27 9 62 1 76 7 92
-30 -98 -52 -36 -21 -83 -21 -57 -21 -18
-33 14 2 26 87 -1 -3 -6 -67 -14
95 -14 -15 46 -66 -72 78 99 88 79
-64 -20 98 75 -9 -82 -98 -54 78 32
61 33 -74 21 66 -65 66 57 51 -97
-41 -32 -37 -20 -98 -87 -66 -34 -73 0
73 -57 55 65 8 -50 8 -5 -47 20
16 41 -36 58 -61 -93 -16 48 -48 64
80 -82 50 31 66 54 53 15 -3 -98
28 14 81 -63 83 67 -27 -21 -46 32
15 9 65 45 -37 -12 -97 -37 -83 33
26 62 -31 60 -21 -25 -20 -52 0 -84
54 -46 -99 -5 -89 -33 -49 -97 -33 -73
-90 -87 72 -24 2 10 -51 78 -96 47
33 -91 53 40 -15 80 46 -24 98 -13
-71 -62 -26 35 -95 54 -94 -3 -45 7
-18 31 99 -27 54 98 48 -79 7 86
-60 14 86 -68 41 51 77 95 -42 13
76 42 -62 98 46 -13 -97 -55 65 -31
81 4 7 21 15 78 31 -35 84 -76
-21 -46 -3 78 0 -99 0 -16 -62 98
-63 -31 -75 -39 64 81 55 37 65 46
-88 94 90 22 -69 -28 -17 -71 86 87
26 -71 71 20 78 59 29 -84 31 3
-78 96 -8 -43 -72 -60 45 -85 46 18
-46 -20 50 -92 -33 66 -60 67 53 59
17 -34 62 -48 -6 -10 93 -79 74 -10
29 -39 -47 63 -19 33 28 28 -81 -28
-92 -52 -33 -29 65 -87 76 -43 -41 -72
-88 98 -59 77 92 41 -57 -33 50 85
-39 -29 -7 25 34 -51 -93 -82 30 -64
-51 71 21 -24 34 95 31 -1 43 -6
-14 9 26 64 -58 -99 52 79 -1 -11
-95 -58 -79 -3 -77 -98 -64 40 -66 40
26 76 42 2 0 -78 -76 -54 29 -6
82 -26 -93 90 -51 -68 6 -26 94 2
-33 10 98 -43 -72 -25 -34 92 90 -34
-80 -28 26 34 57 43 -7 14 -75 -32
-48 0 28 1 -89 31 -84 72 80 -10
-59 52 -78 13 96 -86 50 60 39 1
97 2 35 39 -78 -53 -1 -72 19 -56
62 37 -13 -24 -44 -79 -55 99 -80 -23
69 69 60 -2 -24 -60 30 -11 -4 -37
-19 25 15 96 -37 -90 -90 88 49 -29
42 35 -50 -67 81 50 25 -45 -83 -19
-70 -48 2 -31 -33 62 -98 -74 86 44
45 85 40 68 53 -53 73 99 2 49
15 -91 1 -93 -55 -97 -60 -56 -18 89
6 -4 3 -55 -79 -41 39 -58 -13 -86
83 38 -77 -93 -60 12 -88 -14 3 -12
-30 -53 55 85 97 -3 -45 2 -99 19
-1 -43 43 93 49 -53 1 68 82 -5
-31 -81 -11 -44 92 -42 80 6 50 36
72 -88 -23 -38 64 -52 -50 4 79 31
26 7 38 59 37 -61 -56 25 4 -88
97 -8 -12 -25 -93 44 3 -15 -24 21
57 -28 83 -59 54 41 -56 -85 53 -38
15 -36 -34 0 24 49 2 -3 -73 64
76 -39 83 -93 -80 68 87 38 -59 71
62 -86 -14 14 -92 46 -14 72 18 15
-79 -39 -12 31 -19 -85 15 -22 44 58
-28 2 -9 57 43 39 98 -4 91 -57
25 -86 -62 60 57 55 98 -45 -41 28
-65 -85 -28 43 -58 14 -43 -58 -80 48
53 -83 12 81 65 10 -98 -14 64 22
-58 -74 10 -49 -28 8 70 -50 -49 -77
21 -93 -12 29 -51 19 -64 -64 47 66
-16 16 -30 -63 -97 -89 -72 -19 -38 -37
67 -16 -19 -48 -87 -50 31 69 86 -61
73 -56 -7 -52 10 -48 56 -90 35 -8
2 -80 -61 -76 -85 -42 47 71 58 95
98 49 -74 6 -26 46 41 -91 -44 -44
66 -40 79 -14 82 -62 17 44 75 35
11 10 -63 51 -4 44 34 -64 63 8
-75 85 -95 -50 -3 91 52 -78 48 -58
-50 -90 24 58 -2 -68 27 -46 -30 66
81 -21 53 -92 52 -96 11 74 94 -3
-55 82 -21 74 -48 21 34 71 92 92
40 -6 -38 40 11 27 -53 -81 78 58
70 9 -33 -30 -56 -92 -93 12 -16 20
49 -78 73 -11 -31 57 34 -71 78 -69
93 -31 59 59 -49 -23 -35 -38 9 20
-36 -40 -62 43 83 7 -75 89 -87 65
-20 -58 -68 7 -35 -32 -89 -82 14 -26
35 16 42 89 51 56 64 91 -31 23
-99 -98 -15 15 -23 -85 -5 72 -90 -4
