35 3 35 -21 35 78 35 -71 35 28
35 -27 35 72 35 -77 35 22 35 -2
35 97 35 -52 35 47 35 -39 35 60
35 -89 35 10 35 -14 35 85 35 -64
35 35 35 -34 35 65 35 -84 35 15
35 -9 35 90 35 -59 35 40 35 -47
35 52 35 -97 35 2 35 -22 35 77
35 -72 35 27 35 -28 35 71 35 -78
35 21 35 -3 35 96 35 -53 35 46
35 -40 35 59 35 -90 35 9 35 -15
35 84 35 -65 35 34 35 -31 35 68
35 -81 35 18 35 -6 35 93 35 -56
35 43 35 -43 35 56 35 -93 35 6
35 -18 35 81 35 -68 35 31 35 -25
35 74 35 -75 35 24 35 0 35 99
35 -50 35 49 35 -37 35 62 35 -87
35 12 35 -12 35 87 35 -62 35 37
35 -36 35 63 35 -86 35 13 35 -11
35 88 35 -61 35 38 35 -48 35 51
35 -98 35 1 35 -23 35 76 35 -73
35 26 35 -29 35 70 35 -79 35 20
35 -4 35 95 35 -54 35 45 35 -42
35 57 35 -92 35 7 35 -17 35 82
35 -67 35 32 35 -32 35 67 35 -82
35 17 35 -7 35 92 35 -57 35 42
35 -45 35 54 35 -95 35 4 35 -20
35 79 35 -70 35 29 35 -26 35 73
35 -76 35 23 35 -1 35 98 35 -51
35 48 35 -39 35 60 35 -89 35 10
35 -14 35 85 35 -64 35 35 35 -35
35 64 35 -85 35 14 35 -10 35 89
35 -60 35 39 35 -48 35 51 35 -98
35 1 35 -23 35 76 35 -73 35 26
35 -29 35 70 35 -79 35 20 35 -4
35 95 35 -54 35 45 35 -42 35 57
35 -92 35 7 35 -17 35 82 35 -67
35 32 35 -32 35 67 35 -82 35 17
35 -7 35 92 35 -57 35 42 35 -45
35 54 35 -95 35 4 35 -20 35 79
35 -70 35 29 35 -26 35 73 35 -76
35 23 35 -1 35 98 35 -51 35 48
35 -38 35 61 35 -88 35 11 35 -13
35 86 35 -63 35 36 35 -37 35 62
35 -87 35 12 35 -12 35 87 35 -62
35 37 35 -49 35 50 35 -99 35 0
35 -24 35 75 35 -74 35 25 35 -31
35 68 35 -81 35 18 35 -6 35 93
35 -56 35 43 35 -43 35 56 35 -93
35 6 35 -18 35 81 35 -68 35 31
35 -34 35 65 35 -84 35 15 35 -9
35 90 35 -59 35 40 35 -46 35 53
35 -96 35 3 35 -21 35 78 35 -71
35 28 35 -27 35 72 35 -77 35 22
35 -2 35 97 35 -52 35 47 35 -40
35 59 35 -90 35 9 35 -15 35 84
35 -65 35 34 35 -34 35 65 35 -84
35 15 35 -9 35 90 35 -59 35 40
35 -47 35 52 35 -97 35 2 35 -22
35 77 35 -72 35 27 35 -28 35 71
35 -78 35 21 35 -3 35 96 35 -53
35 46 35 -41 35 58 35 -91 35 8
35 -16 35 83 35 -66 35 33 35 -31
35 68 35 -81 35 18 35 -6 35 93
35 -56 35 43 35 -44 35 55 35 -94
35 5 35 -19 35 80 35 -69 35 30
35 -25 35 74 35 -75 35 24 35 0
35 99 35 -50 35 49 35 -38 35 61
35 -88 35 11 35 -13 35 86 35 -63
35 36 35 -36 35 63 35 -86 35 13
35 -11 35 88 35 -61 35 38 35 -49
35 50 35 -99 35 0 35 -24 35 75
35 -74 35 25 35 -30 35 69 35 -80
35 19 35 -5 35 94 35 -55 35 44
35 -42 35 57 35 -92 35 7 35 -17
35 82 35 -67 35 32 35 -33 35 66
35 -83 35 16 35 -8 35 91 35 -58
35 41 35 -45 35 54 35 -95 35 4
35 -20 35 79 35 -70 35 29 35 -27
35 72 35 -77 35 22 35 -2 35 97
35 -52 35 47 35 -39 35 60 35 -89
35 10 35 -14 35 85 35 -64 35 35
35 -35 35 64 35 -85 35 14 35 -10
35 89 35 -60 35 39 35 -47 35 52
35 -97 35 2 35 -22 35 77 35 -72
35 27 35 -29 35 70 35 -79 35 20
35 -4 35 95 35 -54 35 45 35 -41
35 58 35 -91 35 8 35 -16 35 83
35 -66 35 33 35 -32 35 67 35 -82
35 17 35 -7 35 92 35 -57 35 42
35 -44 35 55 35 -94 35 5 35 -19
35 80 35 -69 35 30 35 -26 35 73
35 -76 35 23 35 -1 35 98 35 -51
35 48 35 -38 35 61 35 -88 35 11
35 -13 35 86 35 -63 35 36 35 -36
35 63 35 -86 35 13 35 -11 35 88
35 -61 35 38 35 -49 35 50 35 -99
35 0 35 -24 35 75 35 -74 35 25
35 -30 35 69 35 -80 35 19 35 -5
35 94 35 -55 35 44 35 -43 35 56
35 -93 35 6 35 -18 35 81 35 -68
