-11 71 -13 59 -99 15 46 -18 44 70
-56 -7 96 -99 1 17 -29 -61 1 34
70 -18 75 34 93 -55 -68 -9 -29 -7
-59 33 -14 -65 0 26 -34 23 -91 -56
-87 -34 -83 -68 -1 -52 41 -71 -28 -34
69 -54 24 -89 24 -75 -82 96 -62 72
96 -48 28 -7 16 -96 -67 -96 -15 9
90 69 -63 -86 68 8 -72 45 64 4
62 -3 -78 35 81 -29 70 11 -24 36
96 -85 62 92 66 -90 43 -87 70 -81
80 -71 -99 -42 -10 -11 58 94 -20 90
32 85 -5 14 92 6 -17 -79 -34 96
-74 -89 33 -64 5 -22 -96 78 72 56
94 27 3 16 -70 -67 -49 -51 -16 -85
98 17 -29 26 -4 -63 -92 3 -79 -70
97 -70 -58 93 56 91 -9 -46 -11 -4
22 -37 88 -98 -16 64 -62 12 -51 -85
-59 22 32 43 -8 -14 59 -36 -68 73
-9 -67 24 -86 20 24 21 -24 41 -9
-16 -3 2 70 50 87 27 80 3 -26
65 85 -1 -32 -92 44 46 74 84 -46
-87 3 -30 -80 50 10 -17 18 98 -49
84 53 -75 90 51 -17 -28 81 -71 99
23 59 19 84 65 95 18 -16 18 20
-62 -17 69 69 78 -27 -96 89 -41 -57
2 -59 22 -27 21 -63 -27 40 -61 -27
26 -38 76 90 -55 -20 -23 51 -22 -60
24 95 13 -98 0 -38 8 81 -53 3
-62 36 89 -76 83 -90 -5 30 74 75
-56 44 14 -57 70 51 -29 38 12 49
-66 49 -30 -67 82 1 90 88 32 64
-97 47 -90 -59 -49 -55 -38 1 67 -47
-92 54 59 65 -17 22 -21 -82 69 78
70 2 23 -12 -8 41 -33 -49 -67 68
38 9 7 -13 28 -17 -21 72 2 -37
86 -20 -8 -26 4 72 11 -94 -61 -65
-19 52 19 48 -99 70 79 -43 48 -66
-53 -93 -49 -58 87 61 70 29 -92 89
-82 -38 -90 75 65 8 -93 -17 -3 -20
21 -95 -26 92 -39 45 -11 67 -47 57
50 -63 33 -86 -9 83 44 50 -35 30
-2 27 35 39 -57 38 -89 89 -10 -55
-16 -72 -8 -10 50 -75 84 -95 67 94
27 -72 6 -44 66 24 44 -33 43 32
27 30 26 59 -94 4 54 -1 69 74
-76 -39 0 -27 67 10 -82 -53 -6 -51
99 -71 -32 -44 -23 -6 85 3 -96 -8
-21 -16 25 -7 88 28 87 22 -16 -33
-59 -80 23 -83 -79 53 15 35 30 32
-36 -87 -95 97 -92 55 -71 -3 -70 10
-41 -20 25 -39 -45 72 -34 86 91 54
20 -6 44 -73 78 -35 -62 -35 68 95
53 -58 -35 -97 39 -51 -47 -7 -8 -95
72 -3 -33 -12 -57 -16 75 86 36 99
-27 15 -65 71 40 13 -34 54 -65 -42
34 -31 -16 -67 -40 -84 40 -44 35 -49
94 -27 32 95 65 -55 10 -2 -25 -83
-61 -2 8 -60 52 85 39 38 -83 18
-86 64 -23 62 -73 72 -47 -87 30 0
27 -77 99 -85 17 51 1 -40 -69 90
-18 -12 -26 52 -59 5 49 8 33 47
-90 63 -47 1 57 -17 40 42 47 -68
-75 -82 82 -46 -48 91 -98 -54 -60 20
13 -98 51 48 -13 65 -4 -43 -13 -82
51 -36 0 58 -7 -72 82 20 -66 -70
-10 -94 -81 -96 34 -7 -43 -85 -20 -5
38 84 -61 29 -78 -54 38 99 77 63
54 -81 -40 -38 -41 -4 -64 44 83 -43
78 42 -25 -59 -12 95 -4 -65 -17 20
-8 56 -47 -91 53 93 -67 55 -33 -45
53 -97 -41 -80 89 -92 40 3 -91 -61
-22 48 18 72 36 -13 -98 69 38 77
67 73 -11 98 -22 36 -73 -75 -24 -42
-48 58 40 -93 62 -33 -64 76 43 84
-57 20 0 -75 -66 -30 -67 -6 -21 77
-52 55 -84 91 81 63 -9 -64 -61 -72
-66 35 47 -19 46 -94 -49 94 62 -94
-95 -29 -79 -66 83 59 -57 -8 -87 -77
-58 63 -64 82 -11 -72 38 95 -48 -25
80 -68 90 -33 -10 40 -42 -40 19 89
47 -77 -26 -17 -42 -78 1 -49 55 4
31 -67 -8 -37 -24 41 16 82 26 65
10 -35 -35 -44 76 49 61 -14 20 -28
56 -60 67 -96 91 19 99 -86 -23 -89
25 23 19 22 67 76 -40 -16 78 65
-82 72 -37 77 -64 -70 71 -32 92 2
86 92 -25 21 -52 -63 -11 -19 -79 -54
-88 7 53 -42 -30 82 -40 0 59 -96
-90 52 -87 -70 -13 16 28 -2 -11 46
23 -40 66 -42 33 -55 52 76 -97 -9
81 -97 44 11 -76 90 30 13 -71 97
39 -4 85 -61 88 45 65 7 -39 -56
-15 38 -13 -16 60 -53 -52 -29 -88 -18
-85 -49 21 -25 -85 62 -44 6 -4 -27
-41 19 0 49 20 -92 -46 4 -31 10
-50 83 12 93 38 -80 27 -13 -41 -44
-78 61 33 -95 -33 87 -10 83 -31 -26
33 51 -66 43 -98 16 29 4 97 38
-76 -49 73 30 -72 71 24 -58 44 69
-77 62 -18 54 -89 -52 49 53 -85 21
