27 4 45 49 51 61 12 67 55 70 59 14 20 44 17 21 65 48 43 8 33 11 30 62 23 46 52 63 35 32 64 40 31 53 19 69 38 36 75 41 15 60 22 58 26 24 7 54 56 34 9 16 25 2 37 5 0 10 68 29 71 39 66 47 18 50 72 28 6 42 74 1 3 57 73 13
28 33 59 17 50 20 45 22 62 31 3 54 36 16 8 51 26 74 53 4 42 48 37 23 27 13 68 47 63 24 25 52 61 44 30 72 18 55 43 1 21 6 19 57 73 46 7 69 34 65 11 32 9 71 5 40 67 58 15 56 10 12 35 39 49 60 75 66 41 2 14 29 0 70 64 38
6 31 27 35 7 54 4 24 22 11 75 23 1 50 38 5 65 68 61 73 8 42 56 39 51 59 67 72 63 33 69 12 71 20 37 49 28 70 74 2 60 0 18 17 52 21 48 10 55 15 45 58 19 64 57 36 16 9 26 43 34 30 3 25 44 29 13 62 40 46 41 32 66 14 47 53
42 73 44 60 43 54 53 28 49 35 15 20 56 59 52 14 74 37 31 24 38 4 66 17 16 48 67 27 8 34 72 23 61 1 19 13 71 7 45 51 64 47 68 40 29 69 25 36 63 30 12 26 41 33 58 9 21 39 50 70 10 3 62 18 5 32 75 65 6 57 46 11 2 55 0 22
56 52 67 19 60 50 28 48 43 66 8 33 17 16 10 21 6 65 27 36 11 26 70 31 37 38 24 12 40 25 44 55 51 41 34 13 63 71 14 64 23 75 4 45 1 29 15 46 53 2 62 39 20 54 22 30 73 7 59 5 9 57 35 18 32 42 47 49 68 0 74 3 69 58 72 61
24 55 62 54 40 6 73 65 63 32 11 8 5 58 66 41 38 69 3 57 67 53 60 9 1 7 2 34 19 14 12 0 37 68 4 49 39 23 21 15 64 29 50 70 44 18 52 48 47 51 25 59 42 36 13 35 43 27 71 20 72 10 56 28 74 33 31 75 30 17 45 22 16 46 26 61
32 70 51 34 28 20 43 64 74 58 73 37 25 61 65 24 12 15 30 52 1 48 13 66 2 4 16 72 23 22 9 44 47 33 53 41 36 45 17 6 8 46 5 21 42 18 55 35 29 38 19 40 68 39 56 63 3 49 69 27 67 50 54 26 31 62 14 57 59 0 7 75 11 10 60 71
64 52 72 1 28 44 54 58 37 20 13 42 35 60 38 69 4 55 66 10 33 70 23 14 47 51 12 65 3 11 17 30 56 21 73 41 74 61 36 71 8 22 6 50 9 0 62 63 39 46 26 40 16 31 34 29 24 57 43 2 68 15 49 75 7 27 59 18 25 67 45 48 53 32 5 19
3 62 28 48 61 73 57 38 49 34 6 72 74 47 45 69 14 64 67 65 54 35 22 24 46 26 56 75 58 59 4 13 12 29 11 53 44 1 36 37 71 18 16 51 68 30 10 17 31 66 41 21 43 9 20 63 52 33 8 42 2 5 55 19 60 40 0 25 70 32 50 7 23 15 27 39
43 64 60 68 20 18 5 3 6 33 31 74 49 46 38 11 26 62 21 54 23 67 19 22 32 9 58 57 34 39 59 40 55 10 28 4 72 69 61 15 2 0 73 56 51 42 66 63 41 53 12 30 50 47 70 29 8 25 48 24 45 35 71 52 44 14 37 17 13 36 65 16 27 1 75 7
61 28 60 53 24 70 21 37 56 1 23 11 52 54 42 19 51 62 68 65 26 59 3 57 43 34 66 41 73 36 45 29 75 38 17 58 10 14 2 27 31 4 20 22 47 5 25 13 18 39 55 44 32 0 40 33 30 72 46 12 50 35 16 64 71 49 69 9 48 15 6 8 74 67 63 7
32 20 52 5 33 4 26 23 30 28 17 75 27 43 59 69 51 46 64 11 19 57 2 63 47 60 44 70 14 40 68 73 0 7 34 3 16 42 41 45 62 72 48 39 22 50 65 12 49 53 8 15 54 9 10 13 67 56 36 1 38 25 6 74 58 37 71 61 21 29 18 35 31 24 55 66
70 24 8 67 74 64 18 21 35 49 13 2 29 54 45 33 47 26 19 62 44 69 73 11 66 20 27 10 40 39 52 4 36 1 34 37 59 41 43 55 56 12 22 46 9 15 28 60 51 31 61 48 71 38 14 30 53 23 0 5 75 65 32 6 7 17 3 50 63 68 16 72 25 42 58 57
62 26 5 65 60 40 47 37 12 53 70 73 41 75 39 45 24 64 22 23 50 52 1 25 3 38 66 6 59 29 35 67 49 19 46 44 74 54 4 58 33 51 21 31 63 36 34 32 7 2 61 57 72 28 18 9 55 0 11 14 8 27 15 48 20 42 16 17 13 69 56 68 30 10 43 71
0 25 9 40 46 7 32 44 41 64 31 69 24 4 65 28 63 13 18 8 3 52 70 19 26 16 39 54 58 1 53 51 67 59 35 74 68 60 5 17 56 2 72 27 49 48 14 57 21 37 36 23 20 50 61 73 29 15 11 10 55 47 66 6 33 34 75 71 38 62 12 43 45 30 22 42
66 72 38 24 16 62 43 71 50 17 1 9 34 60 55 15 48 56 19 41 32 25 33 23 28 70 4 42 67 51 47 14 65 10 68 2 39 40 26 73 45 53 35 27 63 52 46 44 11 6 21 30 49 58 3 59 61 8 54 5 37 36 7 12 20 29 75 18 0 64 31 13 74 22 57 69
21 36 44 48 43 34 61 32 33 30 68 69 70 54 46 55 50 40 6 63 47 16 41 56 14 73 58 71 22 11 49 2 19 45 52 27 12 42 3 39 65 5 59 18 72 17 60 9 57 25 23 28 4 75 10 13 66 31 20 29 35 74 26 53 1 7 24 51 62 38 37 0 67 8 15 64
26 18 21 12 53 1 58 52 27 69 62 45 9 71 36 0 66 10 23 43 44 39 56 46 11 49 22 55 63 14 17 65 34 20 70 35 3 41 19 13 59 57 42 68 5 50 54 51 30 60 61 64 37 32 24 74 48 67 33 73 25 38 72 7 28 16 6 29 8 2 40 47 31 4 15 75
59 20 13 35 9 2 63 66 28 21 49 75 56 37 51 8 60 73 39 36 70 62 41 42 67 27 33 57 3 58 10 15 31 40 43 50 22 12 64 52 61 29 17 4 74 24 30 65 11 38 32 7 5 45 48 71 16 26 0 69 6 47 14 44 1 53 54 68 25 18 55 46 72 19 23 34
54 21 41 40 34 74 44 43 22 28 8 17 58 3 39 73 69 27 56 7 20 10 26 71 12 60 4 55 0 14 49 68 53 46 25 72 42 9 11 15 30 33 38 5 37 66 31 36 51 23 6 24 1 32 45 47 19 50 16 13 35 62 63 59 2 64 61 29 18 57 52 65 48 75 70 67
71 54 50 46 5 12 26 4 42 58 32 69 21 45 0 7 41 34 6 47 20 38 27 70 24 30 61 37 62 31 17 29 18 3 67 72 52 43 39 59 11 36 2 23 13 8 53 57 15 60 28 74 44 19 56 75 35 9 65 33 22 51 40 16 49 25 55 66 10 1 48 73 14 68 64 63
51 52 12 21 62 70 31 19 11 56 28 48 64 63 34 4 47 73 68 26 50 65 49 35 54 72 33 66 40 42 23 37 3 60 2 29 74 25 14 5 16 10 69 1 20 30 55 38 24 27 43 7 13 6 8 15 41 75 71 53 44 18 22 59 9 57 0 67 45 32 17 36 61 46 39 58
9 18 2 27 31 60 58 19 29 73 46 32 51 75 43 45 53 3 47 37 8 38 6 48 23 0 54 15 20 66 30 36 62 16 57 56 14 68 4 22 41 67 70 33 5 24 39 49 63 71 44 61 17 7 42 28 64 55 11 50 10 21 25 52 35 65 12 74 26 69 40 72 34 13 59 1
50 13 34 11 74 18 61 16 36 1 25 30 2 53 28 73 56 51 65 70 4 62 31 9 55 41 39 71 7 5 3 66 47 17 54 15 27 69 64 38 21 63 33 46 0 45 24 57 43 49 32 67 42 8 58 68 26 20 6 22 72 75 59 44 19 23 35 29 10 14 37 48 40 52 12 60
58 24 73 28 64 14 59 52 74 43 46 16 60 67 69 20 41 53 68 37 56 44 45 8 66 62 29 3 49 26 6 25 54 0 13 12 1 65 11 36 19 2 9 42 35 21 5 48 51 71 7 75 70 17 32 47 72 18 23 39 38 33 55 34 61 15 50 30 31 22 63 57 27 4 40 10
65 53 66 39 67 6 61 31 12 45 69 3 36 34 52 75 54 10 50 8 22 25 29 51 19 64 2 20 16 59 47 62 37 74 27 24 46 63 55 9 56 32 11 57 0 60 18 70 30 41 49 1 13 71 58 43 21 73 68 26 44 33 4 38 28 5 35 48 72 40 7 15 17 42 14 23
50 5 26 36 9 60 31 3 15 45 53 42 8 46 75 2 57 1 14 49 19 29 69 74 23 28 20 62 34 65 41 70 24 10 32 25 13 16 7 67 27 35 52 64 68 30 21 63 51 72 22 61 59 40 54 33 11 0 71 37 6 73 56 4 38 43 18 39 58 17 12 47 55 48 44 66
27 64 49 54 1 10 46 35 32 56 0 22 58 74 6 34 31 25 75 61 62 59 23 71 24 55 36 68 60 8 69 39 20 15 18 4 72 38 67 48 5 9 66 51 57 43 26 63 45 12 41 70 29 7 47 44 11 33 52 17 21 37 19 65 50 40 30 3 16 13 73 53 2 42 14 28
52 74 15 64 37 59 66 19 24 36 38 69 41 56 73 50 55 42 48 17 43 32 60 10 67 1 7 34 49 47 68 12 44 57 31 28 46 0 9 23 61 65 18 5 45 4 58 27 63 30 54 72 8 14 25 51 29 11 22 39 16 21 40 20 26 33 6 13 71 75 2 35 53 3 70 62
75 68 66 25 67 53 30 23 71 13 33 9 36 29 54 2 38 69 11 44 28 64 52 46 55 22 14 45 8 6 17 49 62 47 10 74 27 72 15 35 16 3 18 34 50 19 26 59 73 40 43 57 65 39 32 5 0 56 1 21 48 70 37 61 7 31 60 12 58 51 42 24 41 63 20 4
54 63 73 52 33 32 23 30 35 75 28 60 71 2 26 20 15 69 44 58 1 66 34 5 16 29 24 8 19 13 47 45 27 72 61 39 55 50 22 10 59 0 74 51 6 18 38 56 17 68 42 31 67 41 21 25 11 14 7 9 64 48 12 37 40 49 65 43 3 57 4 62 53 36 70 46
65 74 6 56 28 75 22 48 70 41 33 59 21 34 67 3 60 8 38 15 58 66 72 5 49 7 17 43 47 62 26 11 32 16 2 9 31 46 69 35 23 19 10 18 54 63 53 45 14 50 12 30 39 73 64 4 25 13 24 37 51 68 40 20 52 29 57 61 27 71 1 0 42 36 44 55
42 53 7 73 12 9 50 71 74 6 48 14 5 24 66 28 34 15 45 47 13 11 54 75 30 36 64 10 0 44 68 26 32 35 25 57 51 55 52 72 37 27 46 3 61 70 49 20 16 69 2 21 4 23 62 17 40 33 56 60 38 29 31 59 18 8 43 19 39 67 65 63 58 41 22 1
37 44 49 28 72 66 31 29 43 16 1 73 23 60 54 30 19 9 27 38 56 42 17 26 39 14 45 12 53 22 70 3 68 0 65 6 41 58 63 57 36 67 18 13 64 24 4 34 50 15 59 40 5 46 32 69 33 2 62 11 8 48 61 55 21 75 51 20 74 52 10 47 25 7 71 35
28 1 44 5 55 38 48 72 65 10 19 61 20 70 57 47 67 39 64 23 46 18 2 54 36 7 15 26 73 66 14 3 4 16 75 40 53 62 9 31 60 25 24 33 49 59 43 52 6 68 50 34 27 8 56 0 58 17 12 74 71 42 29 37 13 51 21 41 30 45 69 11 22 35 63 32
71 3 5 15 50 70 8 59 49 69 72 7 26 35 20 31 67 75 66 28 38 34 73 47 37 19 65 29 60 64 48 2 33 61 14 43 1 27 58 24 56 53 16 30 9 46 63 18 44 41 45 54 22 13 10 57 62 32 11 6 52 40 42 51 4 36 55 17 68 21 23 25 74 12 39 0
58 38 27 22 68 7 62 53 74 48 29 31 42 1 12 66 64 54 59 75 40 49 61 36 41 32 67 57 21 63 55 51 60 72 46 24 9 73 44 20 15 10 13 35 45 56 3 26 17 25 39 43 70 5 16 4 14 18 34 23 47 65 0 52 28 6 11 30 37 71 50 2 69 33 8 19
66 44 1 34 12 57 38 43 51 53 68 2 46 33 40 39 27 42 49 58 5 29 75 50 45 20 56 30 10 14 73 21 61 70 26 22 64 31 6 67 69 60 16 11 0 74 19 62 41 24 13 28 25 47 7 23 63 15 72 71 17 55 52 65 32 3 9 59 48 37 35 8 4 36 18 54
11 41 7 70 63 40 38 15 37 12 13 34 39 55 32 64 9 25 74 0 30 28 71 2 3 18 66 33 75 61 26 59 20 56 8 58 44 46 43 73 17 5 27 57 42 54 6 68 45 29 31 4 50 36 65 10 24 22 23 62 69 47 67 21 72 49 51 53 35 19 1 60 48 14 16 52
2 22 10 3 75 24 9 59 18 45 51 1 31 50 21 6 52 70 35 73 57 46 7 58 64 44 66 16 39 60 19 20 72 33 63 29 55 43 26 36 34 62 42 5 40 56 68 67 23 14 11 41 25 27 15 74 71 54 32 0 69 53 48 12 65 37 61 38 30 28 49 13 47 17 4 8
26 53 25 3 31 46 28 55 11 73 67 35 7 69 19 2 37 14 63 30 32 49 29 50 52 17 27 42 4 71 74 45 24 23 8 1 36 20 68 22 44 21 70 75 65 16 41 9 47 48 57 40 59 54 10 56 72 62 33 43 66 6 39 5 64 15 12 34 58 61 38 13 51 60 0 18
62 19 6 25 24 29 64 57 1 9 41 34 51 72 63 38 61 73 17 56 7 47 67 49 54 74 55 69 5 44 3 2 15 23 10 14 43 26 42 36 48 31 4 59 13 8 68 70 45 16 46 71 21 0 39 22 37 65 35 18 60 66 52 20 32 58 50 28 11 40 30 27 12 53 75 33
36 57 35 37 58 73 40 16 42 29 13 26 3 67 28 32 63 74 0 8 46 44 53 45 41 38 75 21 14 43 61 48 31 7 68 51 33 55 71 39 64 4 60 11 56 47 54 10 1 72 50 9 34 69 5 70 2 66 62 15 24 49 12 18 65 30 25 23 22 27 17 59 20 6 19 52
27 73 5 32 33 29 69 45 7 70 58 0 38 34 62 65 3 21 55 47 53 64 41 75 11 63 48 19 1 71 23 12 22 40 26 10 59 72 6 14 66 39 68 49 50 24 42 57 18 44 46 16 30 61 60 28 43 17 31 8 20 54 36 25 67 15 74 51 9 37 52 4 56 13 2 35
21 13 49 73 44 36 17 43 32 30 69 5 72 54 2 27 24 34 70 67 35 71 66 42 26 64 3 63 23 58 68 19 38 31 62 61 0 41 50 52 45 8 18 1 15 57 74 65 25 7 51 47 11 12 6 28 14 40 60 16 59 39 33 9 20 48 56 22 37 53 55 29 46 4 10 75
71 18 32 41 44 26 57 21 47 27 43 12 42 49 2 56 68 33 15 39 14 50 22 53 46 74 70 9 67 1 54 0 31 16 52 3 63 66 51 7 6 25 69 37 8 45 60 38 23 40 29 58 34 62 20 35 24 64 5 28 75 65 73 36 48 59 19 10 13 72 4 11 17 55 30 61
63 41 20 19 47 38 58 32 49 64 69 6 31 60 65 45 66 73 46 74 36 48 59 30 0 2 9 71 42 13 17 28 25 3 61 50 1 39 40 57 11 23 18 8 68 12 37 51 35 55 62 10 33 24 5 44 27 15 16 26 4 53 21 70 14 22 7 56 52 29 75 54 43 34 67 72
37 32 58 60 62 61 36 51 49 0 19 47 5 54 6 21 43 24 14 33 70 22 74 29 50 68 53 27 34 55 9 23 15 11 35 67 4 71 59 18 66 1 63 56 38 20 12 46 26 3 13 31 42 8 73 41 16 2 7 44 30 52 40 10 64 28 39 17 75 72 45 69 57 65 48 25
18 61 38 26 29 6 1 57 3 66 24 55 67 31 9 58 22 47 52 69 74 20 59 7 0 63 45 23 53 60 42 43 48 50 30 71 72 27 75 35 62 28 33 44 15 2 36 13 16 40 5 73 54 14 12 4 51 49 56 11 68 34 21 65 39 19 32 25 64 70 37 46 10 41 8 17
55 19 73 41 52 29 27 56 66 58 59 69 49 1 34 40 24 0 39 7 28 20 75 68 72 38 16 17 67 32 64 43 13 74 18 30 47 54 25 60 2 22 44 36 21 35 9 50 23 63 51 46 65 62 14 42 6 8 57 11 53 15 26 5 10 45 61 48 3 12 37 71 70 4 31 33
69 9 68 59 11 30 33 65 60 8 19 64 73 71 46 61 12 6 72 13 21 55 58 67 56 42 29 15 22 10 47 28 52 49 41 4 18 63 57 7 24 31 2 27 14 48 3 75 36 39 37 16 70 23 50 44 45 1 26 53 5 43 62 38 20 51 66 32 17 34 35 25 74 0 40 54
41 20 32 45 44 75 42 57 50 66 21 52 36 0 22 37 4 43 69 33 18 14 70 61 10 17 38 8 63 73 68 46 29 40 27 5 7 65 48 9 56 30 3 53 23 11 34 47 13 35 24 19 12 2 72 39 31 26 51 58 25 16 67 49 28 1 6 71 74 55 15 60 54 64 59 62
75 15 70 74 65 11 58 49 52 1 54 61 64 37 43 42 13 3 50 56 57 22 40 31 28 34 9 29 19 46 6 2 51 0 67 48 38 18 55 25 53 17 72 23 12 4 71 41 66 5 47 45 33 14 26 62 21 30 24 69 59 60 8 32 10 20 27 7 63 73 35 39 44 36 68 16
55 8 6 74 25 65 50 24 17 20 40 30 4 48 45 54 13 15 67 69 32 9 7 47 14 42 70 27 53 58 68 63 52 33 2 3 41 29 44 18 46 43 49 23 26 1 57 73 37 71 19 22 10 38 36 28 31 0 5 35 66 34 16 75 56 11 21 12 61 64 51 62 39 59 60 72
14 21 56 50 62 54 39 45 30 74 43 9 37 6 31 52 70 48 34 25 26 11 13 60 28 19 51 64 10 16 46 27 20 41 5 67 4 69 18 7 59 40 17 0 33 3 72 42 61 29 32 57 22 47 38 73 65 53 75 8 36 15 68 35 55 63 66 1 58 2 23 71 12 44 24 49
36 15 5 30 66 40 48 7 71 0 34 25 70 60 13 65 18 58 35 50 73 64 9 22 20 52 59 26 72 57 55 28 62 41 42 6 75 14 23 54 1 2 32 39 44 37 43 21 10 63 11 68 4 24 33 56 53 3 51 38 17 47 12 31 49 8 27 67 61 29 19 46 45 74 69 16
29 74 50 70 49 66 53 56 8 42 63 14 27 11 10 40 7 51 21 35 34 30 73 68 25 69 15 12 67 43 19 32 20 58 2 17 64 33 52 5 57 31 37 22 61 60 3 4 36 24 44 1 13 41 47 6 28 45 26 18 48 65 46 62 54 0 71 9 59 23 16 38 55 72 39 75
32 2 12 3 67 24 72 15 43 56 63 9 49 50 1 23 21 30 4 29 62 69 13 5 42 44 14 41 48 45 71 18 53 66 20 54 36 35 61 8 28 60 70 55 22 51 17 11 0 26 7 64 65 25 52 31 57 68 27 16 40 75 10 33 6 73 34 46 39 58 74 59 37 47 38 19
74 3 52 72 49 11 44 16 22 14 63 19 57 32 0 73 46 29 55 42 12 28 67 1 43 69 24 37 20 39 5 41 62 7 21 6 34 23 38 56 2 58 45 71 65 27 68 66 13 30 17 33 60 25 64 47 54 8 4 75 59 53 50 36 10 18 26 40 9 35 70 51 48 31 15 61
27 75 41 40 73 24 62 45 8 65 69 35 74 54 67 0 64 13 11 2 51 46 43 16 30 36 70 48 68 72 44 5 55 52 66 47 23 60 49 61 1 32 53 9 22 56 58 50 38 12 17 26 15 14 20 18 6 10 63 34 4 25 71 7 29 39 28 57 31 21 59 3 19 37 33 42
26 18 16 73 67 74 69 35 33 5 8 40 4 19 39 57 44 11 20 38 37 60 31 61 32 42 71 15 70 14 9 58 50 6 63 23 1 68 66 54 46 34 49 52 64 30 75 2 56 24 10 36 43 3 27 25 17 0 41 59 51 13 53 72 29 28 55 22 21 7 12 65 62 47 48 45
37 38 29 51 16 5 57 15 74 73 10 72 44 52 45 53 18 6 7 19 60 49 11 32 30 4 50 17 58 8 13 14 59 28 56 47 36 63 43 65 62 27 26 71 42 9 46 70 54 66 1 25 33 40 22 2 0 21 12 24 69 61 48 67 39 41 34 55 31 35 3 75 20 23 64 68
0 23 51 2 72 57 7 68 47 61 36 17 8 4 27 1 52 6 11 50 46 70 43 32 49 35 44 53 19 40 30 48 38 69 39 24 3 54 28 65 33 59 15 75 22 62 56 18 42 74 58 29 20 55 71 63 31 9 26 60 12 45 34 10 14 21 66 41 73 16 13 5 64 67 25 37
58 69 18 19 11 53 39 54 62 15 16 49 10 66 12 1 27 31 23 70 44 61 4 8 71 47 65 63 45 43 29 6 26 42 51 59 21 74 67 64 20 46 3 22 60 25 52 40 75 9 68 14 36 28 2 33 56 7 55 72 57 48 38 50 32 41 34 17 35 0 73 24 30 37 5 13
25 70 6 40 3 62 51 71 20 54 50 57 39 74 67 72 14 32 18 11 17 66 5 47 2 44 38 10 34 69 4 65 13 43 12 45 75 60 37 16 48 56 23 31 26 0 33 41 59 7 30 9 53 61 1 19 68 46 21 58 36 42 15 73 29 22 55 27 8 35 63 24 64 28 52 49
56 26 63 44 5 70 3 75 13 65 30 17 46 49 53 36 68 45 2 7 61 72 6 43 71 31 16 33 64 19 51 41 28 42 8 34 11 58 0 69 23 52 57 20 35 40 4 66 27 32 25 22 50 54 62 55 59 15 73 60 47 10 24 39 67 1 74 21 18 14 48 29 12 38 37 9
21 26 34 13 60 0 59 48 40 71 51 63 2 29 12 58 61 54 74 5 49 66 9 37 65 18 23 10 30 20 43 38 64 70 52 33 19 11 4 17 44 36 39 46 47 16 69 32 72 50 45 15 1 27 28 67 42 3 73 8 57 62 22 75 41 68 14 24 25 53 7 55 6 35 56 31
68 58 38 63 61 0 20 44 2 6 74 9 16 43 32 50 7 25 12 64 14 33 55 30 28 35 39 21 13 31 51 45 3 17 34 4 15 19 70 62 60 52 56 54 73 40 69 36 26 37 65 29 67 22 47 72 41 18 42 24 48 5 49 71 10 53 57 46 1 66 11 75 27 23 8 59
73 42 14 43 48 67 23 11 22 33 18 68 0 1 37 62 8 74 35 3 16 20 34 45 55 63 54 41 26 71 13 70 39 58 7 59 69 12 38 40 57 51 5 66 21 49 19 65 10 52 64 60 27 6 75 46 56 4 24 2 47 9 28 29 30 25 61 72 32 44 15 17 31 50 36 53
7 33 68 18 41 67 36 71 34 9 60 65 29 6 21 28 26 70 54 51 32 45 47 57 64 35 42 19 12 55 16 74 48 46 63 15 58 5 50 14 52 73 62 75 4 49 8 22 37 53 72 10 13 59 3 56 17 27 43 38 30 44 39 25 40 20 0 61 69 31 24 1 66 2 11 23
33 70 18 55 71 67 64 74 10 12 53 7 24 20 72 15 48 11 73 61 58 65 37 28 57 31 54 35 8 32 43 39 63 17 40 60 68 47 0 4 22 5 50 29 46 6 1 23 75 49 51 41 44 56 62 30 3 36 59 42 19 45 26 69 66 9 38 25 13 27 34 16 52 2 14 21
40 75 25 65 49 44 24 13 55 62 3 74 47 45 66 58 50 18 51 57 61 37 38 39 10 41 35 42 32 59 20 22 16 33 31 28 4 69 73 63 1 5 29 48 30 0 34 8 46 60 21 54 53 68 7 26 17 11 70 36 72 19 52 12 14 71 15 27 43 67 9 56 2 64 6 23
35 9 14 63 44 43 42 32 16 23 54 34 28 11 10 47 25 37 19 5 33 4 60 73 39 45 53 72 67 7 21 61 41 1 38 51 64 50 62 46 20 0 70 2 71 69 49 66 29 58 12 3 40 30 15 17 26 36 22 75 24 74 65 6 13 52 27 56 59 8 18 55 31 57 48 68
26 41 32 31 3 49 47 70 51 19 39 68 23 11 45 24 37 8 2 50 35 0 22 27 72 56 43 74 17 36 14 4 44 33 42 75 48 53 67 21 55 15 59 60 73 46 64 63 30 12 40 61 5 57 71 52 34 38 69 29 13 20 28 18 54 10 25 16 7 66 58 1 6 62 65 9
50 33 32 29 36 39 75 40 24 19 8 23 13 47 25 1 20 38 17 11 21 74 15 56 64 30 63 42 71 55 72 73 70 16 6 3 31 66 49 41 37 18 54 14 48 27 52 45 43 67 59 51 57 28 34 35 61 0 22 46 62 69 12 2 5 9 44 7 26 60 4 10 68 65 53 58
3 21 61 72 38 35 19 62 64 40 57 66 14 10 52 71 75 55 4 69 30 20 67 2 12 63 24 56 50 34 59 18 16 47 27 9 6 23 1 15 58 46 17 37 42 29 5 32 73 0 7 68 45 13 74 25 43 33 54 31 39 22 51 36 41 26 28 48 70 65 60 11 8 49 44 53
22 46 37 47 30 70 10 33 1 62 28 14 11 5 49 18 68 45 6 51 74 54 8 43 55 44 26 15 65 29 9 23 41 73 21 25 32 27 71 42 60 2 7 72 36 57 13 38 67 58 69 61 48 31 35 52 39 50 12 24 40 16 0 53 63 66 20 56 4 19 59 64 34 75 3 17
10 47 44 34 71 12 0 9 63 32 8 69 70 67 13 22 43 51 57 26 61 3 54 50 24 21 36 60 75 55 16 49 45 59 56 65 5 27 30 1 39 29 64 62 52 68 38 23 25 48 4 14 19 15 72 31 28 33 46 18 6 41 53 37 66 42 7 58 74 17 11 73 35 40 20 2
75 51 1 54 7 19 56 50 48 66 52 34 3 71 41 37 69 17 43 65 12 4 63 0 2 74 61 60 38 72 45 53 28 68 27 6 36 49 29 23 20 73 15 16 67 18 57 26 64 44 33 25 47 35 5 14 31 13 42 40 24 55 10 21 8 46 62 58 59 11 32 22 9 39 30 70
30 47 59 65 2 57 4 35 64 43 22 28 71 66 39 24 69 46 23 12 41 60 63 25 5 13 1 15 58 56 19 75 52 54 73 14 34 29 31 0 11 20 10 37 44 27 48 53 8 70 6 67 62 17 9 26 40 21 7 74 38 61 51 18 55 42 32 16 36 33 3 72 50 49 45 68
63 73 37 17 12 27 57 8 32 53 14 20 26 29 43 45 66 13 3 71 4 28 41 35 69 68 47 60 48 19 74 25 67 36 1 65 34 42 40 33 52 50 51 9 31 39 0 44 49 62 75 6 22 21 54 61 18 2 59 30 56 24 10 70 55 58 38 23 7 11 46 16 72 5 64 15
43 36 25 39 66 14 42 74 46 22 3 35 18 41 47 72 5 48 27 30 37 31 12 8 2 59 4 26 60 1 75 53 69 19 33 65 45 29 20 52 17 40 44 15 73 38 54 11 67 13 32 63 7 62 51 16 34 70 50 58 28 71 55 6 57 64 21 0 23 10 68 9 61 24 56 49
52 30 23 37 32 56 36 72 2 14 25 16 70 61 20 3 18 27 58 8 60 13 74 24 38 1 65 45 62 7 4 22 59 43 5 34 48 17 15 19 64 31 69 41 10 0 12 63 49 44 57 47 71 6 11 68 39 67 28 42 33 55 46 54 35 66 75 29 40 26 50 9 53 73 21 51
74 63 24 27 53 31 37 1 70 5 39 52 13 75 44 10 12 49 6 26 73 36 64 34 42 17 61 58 68 66 40 18 11 29 3 19 54 48 67 8 71 4 43 62 23 25 51 33 72 69 38 9 15 0 22 55 47 21 46 16 30 65 56 57 41 28 60 50 20 7 59 35 14 32 2 45
34 23 12 54 41 6 72 8 35 60 29 27 53 75 26 5 66 42 67 43 61 57 25 22 45 17 1 49 9 39 15 33 69 46 37 4 21 58 11 64 18 48 31 2 13 73 10 7 70 24 55 71 30 50 19 56 68 44 74 38 52 51 59 62 14 47 63 20 65 0 36 16 3 40 32 28
16 12 13 21 73 14 31 9 63 7 17 34 10 35 62 28 1 11 74 51 45 2 70 52 39 56 42 65 4 47 54 44 58 22 18 20 40 60 53 67 64 69 0 61 55 6 66 8 50 37 46 33 71 15 36 29 23 48 49 26 57 68 25 32 43 38 5 27 41 19 72 75 30 59 24 3
45 11 57 65 21 37 9 23 49 70 54 52 59 19 51 71 27 3 10 25 5 68 22 55 41 48 60 20 66 44 56 63 28 24 30 50 46 35 72 47 69 33 2 16 74 8 26 17 39 1 73 32 75 31 42 14 58 34 7 38 67 18 61 4 29 62 53 13 0 64 12 43 6 36 15 40
6 42 28 19 3 9 55 51 61 21 11 63 22 38 34 49 48 40 29 66 13 65 24 4 26 70 67 0 52 74 5 10 71 31 59 39 17 15 69 68 72 47 73 27 36 53 41 60 33 23 44 35 14 7 1 62 25 16 56 75 57 50 43 12 46 32 8 58 45 18 2 20 37 64 30 54
37 75 19 44 7 61 39 35 11 53 28 48 72 67 68 25 31 5 17 51 52 64 4 15 50 63 22 36 41 6 60 12 55 13 70 56 3 43 54 49 33 65 16 14 47 20 40 45 66 32 58 9 1 24 42 18 73 23 27 10 71 69 21 30 46 0 59 74 62 57 2 34 8 29 26 38
0 60 29 16 55 40 36 11 20 50 30 44 1 57 24 69 61 23 26 43 73 59 53 67 28 27 52 21 70 72 5 10 75 17 13 34 37 9 3 4 42 19 41 14 56 48 25 6 62 18 51 22 33 15 49 2 7 54 66 8 39 74 35 45 64 38 12 68 58 47 46 31 32 63 71 65
48 25 3 1 71 61 52 8 63 35 43 20 75 54 69 9 57 66 65 4 62 27 23 29 36 13 56 42 24 45 18 7 38 58 34 68 50 73 64 28 15 32 2 5 26 12 74 10 51 41 14 11 37 31 49 46 70 30 0 67 33 17 60 59 47 40 19 72 53 6 16 39 21 55 44 22
49 0 57 3 1 4 22 71 46 63 50 44 10 7 27 69 47 64 54 38 41 12 11 32 14 43 67 23 48 52 72 62 53 18 58 5 66 39 30 25 42 24 51 56 65 29 73 55 36 35 45 9 31 34 20 75 8 17 37 26 33 74 60 59 19 21 16 28 13 40 6 68 70 61 2 15
24 34 14 46 15 40 61 53 66 0 68 44 73 54 12 55 29 16 35 74 20 75 47 8 10 37 17 51 36 6 41 9 1 4 28 5 67 71 18 22 57 48 56 69 64 25 30 19 60 31 72 11 13 49 58 70 42 59 63 32 50 33 7 2 27 3 38 52 43 26 23 45 39 65 62 21
55 30 49 67 14 33 11 20 29 26 21 6 27 1 74 53 69 73 32 39 75 47 35 17 57 2 7 18 60 61 43 38 54 68 46 44 45 48 4 8 66 22 3 31 59 40 70 41 0 71 9 25 37 52 36 64 34 63 50 24 13 65 56 19 16 72 23 42 10 12 58 62 15 28 5 51
67 26 70 7 14 39 62 5 20 54 11 12 3 34 13 19 71 42 68 15 59 27 17 10 64 72 18 58 2 56 0 44 47 48 69 66 32 53 36 35 38 4 63 21 73 30 57 23 55 8 50 60 33 49 1 45 6 9 22 40 41 37 25 51 74 24 43 52 16 65 31 61 29 28 75 46
51 11 6 44 58 59 5 57 27 53 50 30 56 35 74 31 73 75 16 37 47 46 4 9 38 32 62 28 43 8 3 54 1 2 36 61 70 55 12 33 41 22 25 34 13 63 65 72 39 69 52 45 20 14 17 7 40 49 18 19 66 15 64 29 67 68 23 24 48 42 60 71 26 21 0 10
70 45 28 50 69 25 54 34 36 59 14 63 49 13 19 20 62 9 7 58 29 55 39 23 74 18 67 16 32 41 37 66 5 2 61 44 53 46 33 6 21 47 57 52 35 8 73 75 4 56 3 38 12 22 42 17 71 27 31 40 60 43 30 24 11 65 1 0 68 48 10 15 72 26 64 51
45 67 26 47 70 33 50 34 3 72 14 25 5 13 49 65 35 73 19 10 15 20 39 2 0 64 30 63 62 27 71 57 23 6 56 66 1 37 74 22 40 48 29 41 52 32 54 17 16 44 69 59 9 4 38 18 43 46 36 21 11 42 55 28 7 60 8 31 68 51 53 58 24 12 75 61
16 63 47 44 64 59 19 49 50 27 18 46 51 3 72 36 20 45 58 31 40 71 2 56 60 61 65 29 14 55 48 0 41 7 11 62 5 53 12 15 69 6 34 17 74 54 30 42 43 38 52 32 73 39 26 70 9 68 22 1 21 28 25 75 24 13 4 35 67 8 33 66 57 37 23 10
64 4 14 69 26 62 32 15 40 11 21 63 30 44 39 28 19 75 55 45 72 6 56 46 61 57 37 24 71 12 31 1 17 2 52 48 65 67 73 18 66 41 27 50 53 58 35 5 10 59 47 25 51 54 68 42 0 16 38 34 36 9 33 3 13 70 23 43 74 22 7 60 29 20 49 8
