43 66 40 75 54 65 31 7 1 23 53 3 4 13 57 17 14 45 44 74 41 56 59 68 29 22 69 61 52 50 51 60 19 24 32 48 34 2 46 42 20 33 27 30 67 16 15 36 55 37 63 49 71 47 0 10 28 72 73 21 9 39 70 64 6 62 35 11 25 12 38 8 18 26 58 5
69 28 8 29 52 33 15 19 36 26 0 68 17 16 7 49 50 21 40 2 35 23 5 59 47 11 42 32 74 12 60 20 9 73 18 67 75 1 34 70 57 43 39 22 37 41 46 45 65 72 4 56 58 71 13 61 25 55 44 24 53 63 31 48 38 62 64 27 10 6 66 54 30 3 51 14
28 40 56 23 42 12 73 71 3 35 6 74 61 20 0 75 15 11 63 57 32 2 13 21 48 69 10 14 31 24 18 67 62 50 25 36 70 54 27 9 68 53 44 26 30 41 22 60 59 17 51 34 4 1 65 45 38 16 52 39 37 72 49 29 46 19 66 55 64 47 8 7 5 43 58 33
0 11 46 9 51 26 57 38 10 33 44 8 59 37 24 47 17 45 21 70 60 69 48 35 75 13 4 27 18 67 30 19 61 6 39 71 43 63 56 40 7 23 42 53 3 73 58 22 5 31 16 65 32 36 72 64 29 1 62 41 15 52 54 49 20 55 68 14 50 12 74 28 34 25 2 66
16 13 1 30 52 36 40 12 26 64 10 0 4 39 73 71 37 56 6 44 46 7 2 29 9 61 60 43 19 23 55 14 17 51 63 28 54 67 70 34 25 27 58 3 38 5 35 74 69 68 11 75 31 32 48 65 59 22 18 41 45 24 57 42 8 15 21 47 62 53 50 49 20 66 72 33
7 3 46 74 12 73 43 63 31 18 49 48 67 35 15 13 8 66 27 23 39 51 40 38 28 52 11 70 53 56 24 16 14 47 32 59 0 1 36 72 9 29 65 2 6 54 68 44 34 60 61 71 20 62 55 5 45 21 17 30 37 33 10 58 19 22 64 26 25 41 4 50 69 42 57 75
69 68 58 31 23 8 27 47 37 21 20 25 41 53 59 75 32 57 55 4 2 26 74 45 66 34 50 1 14 13 54 49 19 46 72 44 71 29 15 67 0 60 11 36 73 40 33 6 39 9 7 42 28 3 38 64 48 17 12 51 10 24 5 63 56 30 62 18 43 65 61 52 70 22 35 16
64 23 56 9 35 43 47 42 36 59 25 5 18 69 45 74 26 66 54 27 46 67 28 21 55 1 49 32 15 10 0 50 75 24 63 62 33 31 61 58 8 12 14 41 4 7 53 29 68 19 13 44 6 30 73 51 48 34 72 2 70 60 16 17 57 65 20 52 22 39 37 11 40 38 3 71
43 1 36 75 12 19 25 54 62 39 11 22 70 9 65 8 68 21 0 13 74 45 55 17 52 28 48 49 53 26 15 32 71 4 37 24 3 51 29 41 38 57 23 33 66 64 7 47 16 63 40 69 35 60 5 27 20 6 18 46 34 58 42 2 56 59 30 73 14 10 67 61 50 31 72 44
35 26 43 51 30 27 22 11 50 37 75 52 34 6 64 7 21 44 24 71 31 38 25 1 74 62 23 48 42 68 65 4 66 58 46 70 16 20 8 41 12 72 39 10 45 60 18 54 3 56 17 67 73 40 36 14 55 61 29 53 0 47 2 63 19 49 59 13 9 15 57 5 28 32 33 69
9 70 7 8 15 33 30 21 45 14 43 67 31 20 61 73 59 38 39 35 71 66 44 11 64 68 26 55 22 41 4 48 1 63 25 58 51 29 42 24 60 36 17 16 18 56 46 13 53 40 37 57 49 19 32 50 54 6 75 12 74 65 62 2 52 47 72 3 23 69 34 0 28 5 10 27
68 52 53 26 45 16 70 67 18 56 3 40 61 42 47 2 29 14 74 60 9 54 58 44 46 7 0 49 66 32 31 64 13 48 65 73 55 36 35 43 1 72 25 4 33 8 75 41 38 63 12 27 24 5 50 17 71 69 22 20 37 34 30 39 51 62 28 59 23 6 11 10 15 19 21 57
66 42 69 35 63 28 45 75 32 62 67 11 17 16 44 47 61 25 18 56 43 65 71 7 36 72 57 70 30 15 13 8 53 2 26 3 24 29 22 64 23 0 37 52 1 34 55 49 54 9 51 50 60 6 58 33 38 41 21 74 19 27 73 39 12 68 14 31 5 10 46 48 4 20 40 59
37 48 60 54 24 40 33 5 0 74 45 38 55 31 67 63 75 49 30 71 11 3 39 42 7 43 35 53 12 46 69 1 61 2 70 56 6 50 59 44 13 65 4 10 28 17 8 66 27 22 64 52 68 32 57 36 23 20 47 21 73 16 41 15 58 18 51 29 9 19 72 26 14 25 34 62
34 41 56 59 19 0 38 10 12 69 43 15 22 51 54 25 46 26 53 68 45 48 28 57 31 66 67 21 52 27 2 7 60 73 32 4 50 16 44 35 29 75 14 47 30 9 5 13 62 72 23 6 3 17 63 65 64 55 8 49 39 37 1 33 58 40 24 36 74 11 70 18 42 20 71 61
50 5 35 45 23 2 74 68 65 52 55 7 31 4 64 16 19 44 17 34 21 14 25 1 22 49 3 61 39 28 66 20 42 33 53 75 32 8 60 47 26 27 12 56 41 62 10 59 51 57 58 6 69 38 29 37 46 0 30 24 54 71 73 40 9 48 13 72 67 36 43 18 63 70 11 15
52 68 25 53 62 63 39 72 32 26 67 57 3 2 50 61 44 54 31 74 35 49 19 9 21 51 24 48 28 70 60 38 4 6 37 30 69 41 7 47 5 46 29 18 17 58 56 22 1 14 8 20 65 15 12 40 10 42 33 73 71 55 13 64 59 34 23 11 45 36 66 16 75 43 0 27
70 2 49 55 10 42 72 40 74 21 69 18 33 0 17 29 43 5 24 67 51 48 62 16 37 39 1 68 8 23 35 60 38 36 57 53 15 66 46 71 4 47 61 3 13 75 22 59 52 73 28 34 27 14 64 41 26 44 25 20 54 63 31 58 19 11 7 32 65 9 12 30 45 6 50 56
18 51 17 45 28 4 31 16 68 44 64 8 46 55 29 11 33 75 13 38 15 70 72 9 19 42 3 49 1 66 43 60 58 74 39 35 59 50 27 25 2 63 71 37 36 69 34 73 26 23 12 47 65 22 24 41 53 62 56 57 52 10 14 40 32 6 67 54 0 5 48 21 20 7 30 61
17 75 71 31 46 70 21 38 47 48 54 73 68 33 9 39 32 29 16 35 56 59 69 58 45 19 3 28 26 13 7 34 62 65 11 72 36 14 50 8 18 61 0 10 49 37 5 52 44 57 42 74 22 23 64 41 1 4 66 25 51 53 63 67 27 40 24 55 15 2 60 20 43 30 12 6
70 52 68 75 58 59 45 3 32 15 44 19 10 16 18 46 63 6 31 54 39 36 12 55 72 11 28 40 48 71 9 57 1 69 65 29 0 7 43 23 20 22 25 38 66 56 64 26 51 8 42 53 24 5 27 14 49 13 60 35 47 74 73 41 30 21 34 67 33 37 62 2 17 61 4 50
4 18 57 65 47 33 54 45 16 48 64 49 12 41 24 68 44 37 15 1 43 58 70 26 40 6 14 61 21 46 31 67 55 74 20 3 71 42 7 53 11 13 2 72 30 35 59 17 8 0 5 56 69 28 39 63 25 29 62 10 9 50 75 51 19 38 60 34 23 66 27 32 36 73 52 22
74 38 44 75 31 12 49 63 40 14 29 27 9 24 54 61 7 72 15 66 60 64 33 43 6 34 39 3 57 68 65 20 56 19 37 62 32 4 25 10 21 18 53 2 5 11 55 52 35 47 30 0 13 58 48 8 16 59 70 67 23 42 17 51 26 22 36 1 71 28 69 50 73 46 41 45
37 75 49 7 61 17 59 40 73 45 27 33 35 24 74 44 19 0 53 18 4 58 42 54 70 1 12 69 29 28 72 32 8 38 50 21 20 23 25 64 34 16 46 56 31 52 60 51 66 48 65 68 13 57 22 71 2 5 6 47 9 26 15 63 41 11 55 30 62 39 36 3 10 67 14 43
29 69 56 59 18 37 74 15 26 32 14 10 49 22 71 4 21 27 55 28 36 2 42 45 11 48 57 1 70 50 68 67 60 65 17 63 35 13 0 43 75 9 3 30 38 54 5 23 46 33 64 6 39 62 58 51 25 52 19 73 7 40 61 41 12 47 16 72 24 44 53 34 66 8 31 20
15 66 12 50 22 21 67 60 33 38 63 35 18 26 62 51 11 55 41 68 40 59 72 54 14 57 5 74 56 53 69 8 42 0 52 6 7 37 2 19 31 24 73 65 30 20 23 44 1 27 48 36 10 47 43 4 16 64 13 29 45 71 3 61 75 32 70 58 25 17 28 34 49 46 39 9
47 33 46 34 7 25 70 26 61 49 58 9 65 69 36 66 13 37 73 39 8 35 52 28 11 59 43 60 23 16 20 4 5 17 41 18 27 15 29 51 62 31 50 30 75 2 38 55 67 22 0 1 48 45 68 44 56 10 54 74 71 42 6 24 72 3 57 32 14 12 53 40 64 19 21 63
40 72 53 67 27 10 25 21 50 55 75 6 64 23 29 65 42 36 5 73 39 48 49 66 13 45 60 1 68 26 51 31 28 61 20 33 71 11 4 24 69 22 17 37 0 58 16 9 30 2 52 74 56 70 44 3 12 14 63 8 32 59 15 41 46 19 34 54 62 7 35 47 57 43 18 38
6 12 0 69 18 33 2 66 63 50 27 39 44 15 52 41 14 36 3 67 58 40 42 57 53 71 47 26 73 74 17 38 46 9 30 62 31 20 4 22 54 35 28 49 48 16 1 19 13 64 34 29 37 60 51 11 61 45 25 65 5 75 32 43 55 68 23 56 72 24 70 10 8 59 21 7
14 37 46 6 44 54 1 42 68 60 41 67 10 64 34 12 45 70 28 53 32 19 23 27 5 35 36 8 48 71 18 49 24 51 26 59 73 52 56 72 30 74 20 2 66 55 63 21 38 39 57 11 43 31 25 33 13 58 50 40 65 9 47 61 4 7 0 75 62 29 3 15 69 22 16 17
2 37 74 9 48 0 20 75 49 67 53 32 39 16 35 62 54 61 70 15 42 55 23 51 34 66 25 10 56 13 50 29 47 40 69 58 11 12 18 44 4 52 1 27 33 71 3 45 60 17 21 5 19 65 68 64 14 24 8 6 26 41 31 7 59 72 73 46 28 57 43 63 22 38 36 30
28 45 44 73 22 35 17 0 1 7 50 72 6 5 4 37 2 15 47 63 62 19 9 33 21 40 10 53 68 70 65 69 75 30 46 34 59 74 3 39 12 54 71 51 31 11 58 41 38 29 49 55 25 43 18 64 61 13 8 67 52 27 48 16 66 26 60 36 57 14 42 24 20 23 32 56
71 64 53 5 35 14 60 67 3 19 28 62 38 13 55 7 34 57 25 46 68 52 36 10 72 75 41 20 45 15 66 44 59 48 2 27 21 61 17 70 37 23 4 73 31 26 22 12 40 32 1 29 54 33 11 50 63 24 0 74 65 9 56 43 42 16 6 8 47 58 30 51 18 49 69 39
61 26 69 2 0 24 66 14 62 74 52 10 27 40 38 54 36 11 17 20 65 16 21 75 19 18 6 28 15 3 4 5 25 56 34 37 70 32 33 9 51 45 35 22 63 67 53 29 31 72 39 1 44 8 73 43 7 46 68 13 55 41 42 23 12 71 57 60 59 30 47 48 49 50 64 58
47 19 57 0 26 52 7 5 35 41 68 38 23 60 51 24 22 45 40 13 4 33 65 30 74 66 71 75 6 55 10 25 15 54 61 18 27 53 3 64 58 12 21 39 16 8 43 72 17 67 63 62 32 31 29 9 59 34 46 70 1 36 11 2 42 37 49 44 48 50 69 73 28 20 14 56
55 57 59 31 36 69 0 39 72 34 32 24 52 71 54 3 14 53 27 5 45 1 23 38 7 60 73 50 4 20 56 9 70 40 49 46 64 15 66 42 48 65 33 37 58 30 62 61 17 10 22 19 43 8 47 26 75 67 16 2 28 74 12 35 51 25 41 21 68 63 18 13 29 6 11 44
1 71 23 63 14 45 34 65 54 3 69 18 43 64 42 37 28 21 67 30 32 39 70 62 26 52 10 59 9 5 19 57 61 6 31 33 27 25 74 29 53 15 20 2 46 4 56 36 66 73 16 35 75 48 12 7 51 8 40 22 13 47 72 17 24 58 68 44 38 50 41 55 49 11 0 60
28 31 32 63 23 68 40 2 51 42 11 34 4 5 53 8 6 36 30 24 61 33 27 64 21 66 59 60 54 22 74 37 70 14 38 55 44 18 19 49 57 65 7 17 41 35 73 58 1 12 39 52 71 47 29 45 46 0 25 67 62 56 69 48 75 16 15 50 72 13 43 26 3 10 9 20
6 62 58 69 49 50 29 13 67 39 36 68 2 48 25 65 61 32 38 5 45 57 59 30 40 72 75 19 20 43 73 35 9 22 44 12 51 74 24 53 34 41 28 15 3 1 0 23 70 16 21 54 26 7 8 63 18 71 37 55 17 42 33 64 60 47 14 10 31 11 66 46 4 27 56 52
37 16 65 49 38 34 12 53 73 69 18 14 39 19 52 63 68 29 51 58 66 30 31 59 64 20 56 45 23 27 35 70 3 26 25 42 44 7 4 24 8 6 1 10 22 32 28 57 54 48 2 11 21 67 60 74 36 75 50 62 5 9 46 72 55 41 71 15 17 13 0 33 47 43 61 40
3 31 63 45 38 25 6 75 27 1 39 12 23 7 62 40 57 74 51 24 53 2 59 5 22 16 9 42 41 19 8 70 11 33 73 56 66 36 20 71 10 68 30 18 0 34 72 58 50 4 14 13 67 21 55 65 46 48 64 44 60 32 15 37 29 69 28 35 49 52 54 26 61 47 17 43
14 66 19 40 32 21 18 55 33 23 37 44 60 15 62 38 58 61 4 50 70 67 74 65 57 3 75 12 49 56 68 71 22 6 69 20 17 0 2 45 13 42 34 54 31 35 11 8 28 41 5 1 46 39 64 25 26 63 73 10 72 53 7 59 24 36 48 47 16 27 29 9 52 51 43 30
2 70 52 44 24 0 11 34 3 12 27 50 51 66 62 64 54 40 7 36 37 22 73 72 49 20 25 69 29 60 9 5 46 30 55 18 14 10 16 15 48 63 4 21 1 58 19 8 57 31 75 38 47 26 65 17 42 35 23 67 6 61 28 39 74 13 41 71 45 53 59 68 43 56 33 32
25 68 64 31 28 5 52 58 3 47 40 36 69 15 39 63 0 16 67 73 6 27 12 7 56 18 37 2 22 4 71 1 61 44 50 26 8 17 30 53 59 55 54 13 21 9 32 41 42 24 14 66 34 45 70 72 19 51 74 29 62 43 20 23 57 65 46 75 11 60 35 10 33 38 49 48
59 19 16 27 63 56 65 44 75 38 34 17 64 39 33 47 29 11 15 55 20 42 10 67 66 48 14 40 72 68 18 50 5 35 8 23 57 3 45 36 61 60 24 51 32 1 6 22 49 73 54 71 13 21 28 2 31 37 69 46 52 9 62 0 4 7 58 25 70 26 12 41 30 74 43 53
39 44 63 10 45 14 73 36 34 15 0 29 74 7 13 21 31 9 69 4 17 55 16 46 40 27 5 41 48 62 32 61 64 75 37 6 71 50 23 58 11 66 70 3 51 54 1 53 22 20 52 59 12 47 26 38 68 30 19 67 8 42 43 25 18 72 49 33 60 57 35 28 2 56 24 65
66 9 29 43 53 56 64 52 25 67 27 48 16 34 39 35 59 10 40 31 75 41 32 46 23 3 55 12 60 58 6 69 8 13 7 72 70 38 14 57 33 73 1 51 45 50 61 37 11 44 18 5 71 15 21 4 36 28 2 26 0 42 65 74 68 47 49 24 54 22 20 62 30 19 63 17
26 15 21 4 6 22 66 56 42 28 5 18 59 3 2 69 36 16 11 31 25 1 70 10 72 73 0 49 48 52 44 41 74 46 61 68 24 33 64 17 65 32 23 63 53 62 8 30 38 55 71 43 35 67 19 7 20 37 9 60 45 39 14 54 58 34 40 50 29 57 51 12 75 47 27 13
17 7 49 6 20 16 43 62 8 75 21 44 72 64 45 63 58 57 4 48 60 66 56 42 18 52 11 10 23 69 26 38 59 3 67 27 73 34 37 55 22 15 36 12 70 30 71 0 40 54 24 50 35 14 31 13 51 39 46 2 29 74 61 1 53 25 65 47 9 32 68 33 41 19 28 5
53 35 39 3 71 26 69 16 44 17 31 57 24 63 75 51 54 37 72 65 32 14 66 41 2 49 29 10 11 38 61 22 7 15 59 40 68 56 50 23 0 46 30 5 19 42 73 9 8 74 52 47 27 33 28 64 70 21 60 45 25 48 12 58 18 36 43 55 67 62 13 4 34 20 1 6
31 49 42 55 66 65 63 26 56 72 71 69 15 75 25 14 62 61 67 21 19 2 36 34 6 18 32 9 3 29 74 53 20 57 44 39 45 4 5 41 64 70 17 52 68 37 28 24 33 51 60 46 12 43 40 22 23 1 27 8 48 13 47 30 73 50 10 38 7 0 35 59 58 54 16 11
34 5 23 38 64 66 46 29 48 4 57 52 43 30 10 49 18 70 12 53 74 65 6 11 36 51 75 16 9 61 62 42 50 20 24 14 13 32 60 37 58 39 35 71 67 73 44 72 0 3 56 54 26 21 47 59 17 1 31 2 55 27 15 68 22 7 41 28 33 63 25 69 40 19 45 8
29 2 64 38 69 54 1 28 33 32 5 61 0 13 48 41 42 22 67 24 53 55 36 19 3 18 37 71 16 20 12 14 47 56 74 49 51 57 73 52 45 6 50 7 44 21 10 65 23 31 58 9 63 25 75 30 66 43 15 59 62 26 11 60 17 68 4 39 72 40 70 27 8 46 35 34
21 3 43 30 46 47 18 70 0 59 35 9 48 73 54 52 44 67 64 14 60 31 41 75 28 72 66 51 42 4 2 17 74 38 20 68 16 6 62 65 27 11 53 34 29 57 58 33 45 61 50 26 24 23 8 55 36 39 15 37 69 32 63 40 56 22 25 10 7 49 13 71 5 19 1 12
48 68 58 66 9 34 21 15 56 10 24 16 54 11 41 22 61 57 64 69 8 32 13 46 67 1 49 43 51 75 39 27 38 55 2 28 26 18 50 71 62 4 31 5 70 17 65 45 44 63 73 25 37 33 14 60 40 47 7 29 72 42 6 30 12 74 3 0 19 36 23 52 35 20 59 53
61 22 9 50 71 13 16 20 57 18 14 10 72 74 66 8 65 29 49 17 32 0 7 37 55 62 52 19 40 31 2 38 26 5 64 27 39 54 6 42 53 43 24 30 21 34 47 25 45 67 3 59 1 11 46 63 23 12 48 70 73 56 41 68 33 15 44 75 60 51 36 28 4 69 58 35
38 33 32 3 55 54 28 36 2 29 25 51 30 46 24 50 7 1 37 47 14 11 68 23 67 27 56 40 15 21 0 31 62 43 63 19 12 44 75 49 9 57 5 53 58 71 17 22 42 45 6 66 59 20 26 4 8 69 61 34 60 72 74 48 13 35 39 64 10 16 41 70 65 52 73 18
63 1 7 3 54 31 72 11 53 74 66 30 21 38 26 4 52 70 14 42 18 25 34 65 13 36 32 35 19 59 44 55 12 41 6 17 20 56 33 68 8 45 60 58 23 46 51 57 43 62 2 49 0 22 40 39 29 61 24 48 47 73 75 71 10 67 16 9 5 28 50 64 15 37 69 27
55 37 29 9 32 70 34 57 28 21 5 64 12 14 63 15 19 41 50 61 72 0 52 69 56 18 36 17 27 11 25 10 7 35 66 16 58 73 22 43 8 68 44 20 54 60 53 59 4 48 62 74 3 38 6 49 65 45 46 71 23 13 39 1 30 33 42 24 40 67 26 51 75 31 2 47
55 28 43 8 12 1 0 24 57 26 49 25 19 34 29 6 45 44 51 37 74 4 66 40 14 70 59 67 53 31 72 46 63 20 75 16 54 32 10 35 27 23 68 64 5 58 7 2 18 38 73 41 65 71 13 48 69 15 39 61 60 22 21 56 33 3 50 9 17 52 47 36 42 11 30 62
61 42 56 74 26 65 38 62 51 0 67 13 2 1 68 37 12 36 23 44 52 63 43 9 57 14 21 28 4 59 73 8 22 55 40 30 41 31 54 35 53 10 66 19 20 27 50 71 15 34 33 11 48 60 45 24 49 17 47 16 39 29 72 46 64 6 7 18 69 75 58 25 5 70 32 3
5 10 15 61 20 6 7 52 73 34 29 33 1 36 48 16 21 25 53 3 64 14 63 38 74 51 50 71 49 2 66 0 55 42 68 9 65 70 24 58 35 46 22 31 8 67 41 23 62 56 28 45 19 69 57 43 18 17 26 32 11 4 40 47 12 30 44 13 37 75 39 54 72 60 27 59
47 60 62 57 49 1 69 41 35 68 26 34 51 56 14 48 18 13 32 33 70 39 8 28 30 52 37 42 3 23 29 4 17 11 50 15 19 54 22 71 65 63 45 16 75 6 73 9 25 61 46 58 66 20 7 12 21 44 36 43 38 74 59 67 72 2 24 55 40 53 5 10 64 31 27 0
40 49 60 21 15 6 23 8 17 32 69 47 28 74 68 16 34 13 7 72 70 14 39 25 27 73 64 51 46 75 38 67 50 31 45 57 66 54 0 62 44 33 22 5 41 48 11 59 43 24 63 56 10 9 58 37 19 3 42 35 12 55 36 18 29 26 71 65 52 30 1 4 2 20 53 61
12 63 5 53 74 9 67 25 24 14 37 65 58 61 27 46 44 56 22 55 2 29 36 26 1 33 71 28 69 39 47 0 32 3 43 31 20 62 45 59 75 42 10 54 72 15 4 48 52 51 34 64 40 6 23 68 35 13 8 66 41 16 38 49 60 30 70 19 50 7 21 17 73 57 18 11
50 48 25 29 57 5 34 9 4 36 56 0 60 47 24 26 63 71 54 1 45 51 10 30 72 58 19 14 37 74 66 41 64 52 61 75 17 7 11 62 31 27 32 22 33 28 2 20 68 15 13 21 43 23 73 38 6 53 35 65 18 3 46 59 39 16 40 44 55 69 70 12 67 8 49 42
9 41 3 72 26 19 10 45 52 18 70 15 27 63 65 75 14 13 43 57 2 35 23 37 74 73 12 34 20 36 8 6 24 71 25 53 31 33 39 50 42 5 32 68 51 47 54 1 16 69 40 21 30 17 64 61 62 49 59 58 38 55 44 11 4 0 60 66 46 29 22 7 56 48 67 28
7 30 57 42 2 23 44 48 65 49 3 0 29 31 60 47 6 73 14 62 43 56 26 67 4 10 8 58 66 40 38 50 63 71 39 74 11 27 33 12 70 19 72 54 32 41 28 13 75 36 55 35 46 1 24 21 16 9 15 51 37 34 64 5 20 52 18 68 17 59 69 53 45 61 22 25
20 4 55 12 45 73 44 18 65 9 63 19 66 23 41 5 13 32 39 50 48 27 70 17 33 0 52 6 22 53 15 69 36 3 29 37 26 68 21 46 34 51 49 16 7 35 25 11 38 57 75 54 24 61 56 72 43 42 30 64 47 62 28 67 2 58 14 1 40 10 8 71 31 59 74 60
9 55 2 0 14 27 40 64 24 18 30 57 49 38 35 37 41 42 7 73 46 34 5 4 61 25 20 56 66 60 33 36 58 62 65 12 71 3 59 74 13 16 53 45 28 15 63 19 8 6 23 72 31 54 69 11 51 47 39 43 44 17 50 21 75 22 29 32 52 70 67 68 48 26 10 1
8 5 0 59 3 38 47 10 71 35 72 14 36 48 18 13 15 4 73 75 32 40 54 11 17 58 66 70 74 46 20 52 24 49 16 42 1 55 61 60 50 23 27 19 68 65 31 22 45 2 39 21 29 30 67 41 28 43 62 64 53 7 26 9 57 44 25 33 69 56 51 63 34 6 37 12
56 63 41 65 64 14 44 52 74 47 75 21 24 25 26 1 10 0 23 36 69 5 3 33 12 48 19 50 18 68 35 9 49 57 7 11 67 31 46 45 73 22 38 37 43 70 53 62 71 20 6 58 28 29 30 42 17 32 60 13 66 8 4 27 2 40 39 72 16 61 59 15 51 34 55 54
71 30 36 62 38 24 42 47 12 74 54 18 50 25 45 64 0 21 11 55 6 37 43 69 26 58 44 28 1 72 41 40 75 51 60 8 33 15 20 3 46 57 4 29 39 56 61 65 53 7 49 59 70 67 23 73 27 16 34 31 63 35 13 9 5 68 14 48 2 66 10 19 52 17 22 32
9 75 53 4 51 65 60 11 56 49 13 41 5 68 32 0 28 55 35 19 47 2 42 15 50 25 71 12 26 29 23 18 31 39 20 54 8 72 33 16 24 22 17 57 43 10 1 62 36 52 59 61 14 3 73 66 37 48 38 70 44 69 34 46 27 7 6 64 45 21 74 40 67 63 30 58
29 8 21 69 24 64 19 0 44 36 1 50 68 7 34 40 48 72 6 14 23 43 71 75 67 11 28 60 17 13 41 15 31 4 47 22 70 18 61 65 27 51 57 58 35 54 3 66 38 2 20 53 5 37 9 62 32 12 46 74 39 42 59 45 63 55 52 33 73 25 16 26 49 10 30 56
16 36 72 19 44 40 18 17 54 65 45 62 66 61 24 59 73 12 9 49 0 20 37 28 42 30 15 6 63 11 52 69 35 47 33 29 55 68 56 51 8 74 46 57 14 21 58 53 3 13 67 43 2 70 38 25 60 10 1 48 26 22 27 23 64 32 39 75 4 5 71 31 34 41 50 7
33 31 59 13 36 23 65 25 43 37 53 50 69 18 61 72 2 22 68 0 73 10 7 67 66 45 28 14 56 47 55 58 63 49 8 11 71 44 29 1 27 35 21 39 6 38 34 17 64 40 74 46 70 26 32 52 42 75 3 5 51 9 12 62 57 4 48 20 41 16 15 19 60 54 24 30
41 46 64 24 75 26 6 38 12 65 60 72 61 59 50 63 35 4 30 21 19 68 25 9 13 36 1 51 32 73 8 67 66 74 62 20 15 7 27 57 23 14 70 39 0 37 22 48 56 55 44 28 58 3 42 49 40 52 29 5 45 33 53 10 43 16 17 2 18 11 31 34 69 54 71 47
44 21 43 36 45 50 22 52 37 25 18 73 51 14 71 69 39 59 53 38 48 64 66 62 49 40 24 31 17 47 11 60 1 28 74 56 70 35 54 13 41 4 42 32 16 8 72 58 10 19 26 46 75 20 30 9 33 7 15 5 27 63 61 0 29 65 68 67 57 23 3 2 34 12 55 6
50 73 13 18 51 36 5 56 17 69 65 30 42 23 52 48 22 20 68 3 63 34 35 61 15 2 1 7 47 71 4 55 37 21 53 64 11 43 59 10 75 8 40 46 14 9 54 49 60 12 24 67 41 45 16 27 0 44 31 62 38 70 74 32 57 28 19 58 39 72 66 6 26 33 29 25
40 8 43 70 38 72 27 24 56 4 62 50 60 46 73 31 7 68 11 5 63 18 16 9 22 48 12 23 51 42 1 32 69 28 33 13 58 19 71 59 14 39 57 75 52 6 49 20 30 36 61 54 21 26 10 53 64 74 47 29 3 41 45 2 65 0 17 44 25 55 66 34 35 37 15 67
16 31 21 65 18 25 50 37 53 0 43 57 14 35 27 36 30 72 6 66 1 41 13 23 42 56 67 60 39 10 12 28 33 34 9 22 45 71 32 73 24 3 59 4 62 68 19 7 47 46 48 64 75 20 29 44 17 70 49 58 52 38 15 55 26 5 40 74 63 69 11 51 8 54 61 2
59 49 28 12 34 19 33 58 68 7 31 17 73 67 69 51 54 75 71 25 11 6 4 13 36 66 0 16 62 29 37 5 61 8 74 32 3 45 46 56 43 55 44 23 9 21 72 22 52 40 18 41 70 30 57 48 24 38 50 65 60 14 2 35 53 20 26 47 10 39 1 42 63 27 64 15
17 35 44 26 11 28 29 67 5 27 18 2 33 53 54 51 74 32 66 65 34 41 68 45 6 38 55 40 43 7 22 39 52 70 12 64 72 9 30 37 13 8 50 71 75 62 23 48 0 15 24 73 61 36 25 14 69 46 21 19 56 57 47 16 59 20 60 1 63 10 49 3 42 4 58 31
12 25 60 71 38 75 4 0 52 39 2 44 45 10 64 68 23 69 65 7 13 61 43 1 62 41 22 55 50 67 29 46 32 11 8 58 27 17 53 70 33 51 16 36 47 9 56 37 73 21 19 74 31 42 63 59 66 26 5 20 24 34 15 18 14 48 54 57 6 3 30 49 40 28 72 35
1 33 51 19 75 42 70 35 49 22 68 43 32 9 12 38 34 74 41 67 63 54 0 50 61 71 55 15 62 10 13 25 5 31 72 56 14 46 69 73 21 66 47 8 60 3 58 29 40 6 52 39 11 57 30 20 53 64 26 18 44 48 28 36 16 2 17 65 59 27 45 4 37 7 24 23
50 31 15 53 37 38 75 0 5 12 55 21 63 59 18 40 49 19 64 73 33 7 3 70 34 74 24 62 27 16 13 32 52 20 36 44 23 8 48 65 26 43 51 41 9 56 39 54 28 61 30 4 58 67 11 47 71 46 22 10 57 29 6 69 68 45 17 42 66 35 2 25 72 14 1 60
35 60 5 28 4 6 9 41 69 74 43 57 55 45 33 59 2 52 37 29 22 27 12 20 70 56 11 25 44 53 42 18 63 75 15 0 65 24 51 68 47 62 46 8 72 49 21 39 19 58 67 66 13 14 54 10 23 71 30 3 16 73 38 64 50 7 26 32 31 34 61 17 36 40 1 48
62 16 7 6 37 48 69 23 64 25 31 50 14 21 74 65 47 61 67 72 53 55 20 10 24 18 17 52 9 43 33 60 49 73 41 30 66 28 1 36 42 29 68 70 13 5 19 58 22 0 3 12 34 32 40 11 63 4 46 57 54 51 8 39 71 35 27 38 44 75 26 59 2 45 15 56
60 15 23 4 52 65 35 2 11 41 8 42 5 50 58 25 61 71 24 37 17 75 33 49 16 59 0 55 34 14 74 32 19 12 44 27 6 38 66 1 9 48 53 30 21 73 3 39 62 51 46 47 36 56 29 64 18 13 72 26 7 45 54 20 31 63 28 68 43 10 40 70 69 57 22 67
14 23 62 53 63 59 39 73 68 34 45 71 43 24 46 19 21 9 42 27 72 4 57 69 58 61 10 55 11 75 28 48 7 18 22 0 41 35 52 50 16 12 13 36 49 17 56 32 15 25 8 31 5 33 38 51 47 30 54 74 2 64 65 20 3 40 37 44 67 60 1 70 66 29 6 26
70 31 0 16 2 37 64 39 30 21 53 20 8 27 19 58 23 73 17 63 46 26 29 4 1 72 71 66 45 41 38 7 44 51 22 50 56 34 54 36 35 40 32 3 62 59 10 68 65 18 6 24 67 11 12 9 15 60 69 74 13 5 55 48 49 47 28 61 25 14 43 33 52 42 57 75
62 46 27 65 55 10 72 64 23 50 33 7 22 30 51 0 68 35 66 25 38 26 48 24 16 67 58 29 36 18 3 21 4 49 73 53 71 2 32 47 14 19 1 42 44 31 9 5 75 15 69 56 74 41 59 63 39 52 61 11 40 43 28 20 70 17 34 8 45 54 37 12 13 60 6 57
34 57 73 2 69 18 64 12 30 36 38 33 11 27 42 45 58 17 63 20 47 71 62 28 31 65 56 0 19 25 67 49 22 16 60 43 4 53 55 41 5 14 8 10 26 21 48 24 44 1 37 29 50 35 32 51 15 7 40 3 74 13 68 46 52 61 39 72 75 70 54 6 66 23 9 59
8 41 63 28 57 52 65 9 0 58 4 69 39 64 53 62 75 20 13 70 44 26 32 16 71 50 5 54 56 36 30 72 60 47 48 1 7 59 45 19 33 6 74 25 22 29 37 68 43 49 46 38 61 40 17 2 24 23 10 18 27 14 31 42 66 11 67 35 51 21 73 34 12 15 3 55
54 28 75 12 26 10 67 7 5 41 65 72 53 14 16 57 20 64 22 19 33 36 17 51 46 34 44 25 69 56 59 52 11 23 42 3 48 4 24 32 61 29 37 27 70 40 50 21 45 15 13 0 74 31 38 58 35 73 1 30 55 60 39 47 49 62 68 71 63 18 2 66 8 9 43 6
32 35 37 41 66 8 46 53 22 67 2 75 4 49 0 15 17 40 10 48 70 43 73 51 24 38 74 7 44 29 71 3 68 20 39 63 5 42 45 36 34 52 18 50 11 31 62 61 26 27 28 16 55 13 21 47 57 30 65 6 9 23 64 59 56 1 60 14 72 25 19 54 12 69 58 33
50 22 66 13 5 27 8 18 68 17 61 33 15 70 16 52 9 26 65 30 2 57 23 44 42 63 56 35 24 37 21 62 75 41 14 11 0 45 54 49 58 71 53 10 36 51 72 38 25 69 74 29 39 48 20 7 64 34 1 19 28 3 6 59 12 31 47 73 32 60 4 40 55 46 43 67
45 75 51 27 64 60 38 4 53 13 12 44 58 20 70 41 3 56 22 63 32 36 29 7 71 57 33 6 69 16 43 5 23 62 25 21 68 66 17 54 11 55 18 10 67 72 28 59 2 15 14 47 48 46 49 0 40 65 8 1 35 37 73 31 26 34 30 74 42 9 24 39 50 52 19 61
55 72 26 20 18 25 6 2 47 70 75 37 33 12 46 5 19 4 50 40 29 62 32 65 60 14 17 43 35 52 24 45 58 13 67 27 54 15 71 44 39 1 66 10 0 7 53 49 69 21 57 34 36 41 73 31 68 38 30 64 42 63 74 8 28 59 56 61 16 51 48 11 3 23 9 22
