52 -42 45 -14 -48 50 -94 -20 -71 -56
18 76 -41 88 -5 -6 67 7 -74 85
-21 -74 -86 16 -43 28 -39 9 87 -30
-9 -86 -59 13 4 28 -94 0 62 -50
85 -58 -76 -18 64 -74 88 -59 87 -47
-70 -63 -67 -81 83 -47 -29 -45 -23 -43
-90 -34 -79 82 -10 -42 -53 -16 96 -94
-26 -54 -95 71 -90 44 -10 -88 28 -21
58 86 6 -99 38 41 20 -47 -50 28
77 38 -59 4 49 37 12 58 40 -42
-10 79 65 74 -9 81 6 -41 14 -8
85 39 -59 -52 23 20 -3 60 -38 -57
-92 -7 40 7 14 -70 -4 29 -86 -74
-34 72 -89 -1 -87 54 -25 -10 56 -54
49 6 32 -31 -16 57 -3 -22 -72 -90
-22 -35 -78 44 -45 -7 2 33 0 9
87 14 81 -51 24 38 -39 -86 61 51
-3 -20 -75 55 80 -15 2 12 -64 59
-94 -51 97 -52 88 33 25 -82 -52 0
-26 82 -59 -49 64 45 75 -61 -19 -97
-77 -59 -33 -87 -92 85 2 50 0 21
-83 64 55 59 -10 -25 -89 -94 65 63
-58 -42 16 -73 -22 89 67 -86 -6 2
54 44 46 3 -73 61 -99 -57 -69 -47
12 20 -71 -44 76 -56 -3 60 -87 -73
30 -66 -42 16 94 -79 23 -13 -51 96
-60 12 18 8 -40 -89 4 -3 78 -73
-73 94 58 -22 21 62 -43 98 54 -93
19 52 48 -16 -87 -95 -50 -64 -9 21
-53 -64 28 -35 -84 76 -15 96 -44 -85
-85 -84 -39 1 87 12 -4 15 -58 43
-58 16 14 -69 -82 39 37 75 2 -20
93 -30 -4 84 47 -80 -22 -11 -48 -53
-51 96 80 -62 65 95 69 70 -47 -29
84 -89 55 -81 -22 -95 -63 -90 44 66
16 32 -79 -86 -14 32 39 83 -65 75
47 27 -64 -26 24 -83 32 73 18 -16
66 29 14 23 -91 14 -17 -48 -58 20
45 16 63 31 67 84 48 -29 -10 -66
92 76 -65 -49 27 -57 11 -95 30 87
-62 92 -53 -95 -1 25 24 56 93 21
70 28 48 37 3 -19 -26 -67 73 87
-4 85 -45 13 -72 95 41 59 50 49
28 -1 -44 10 46 -6 78 92 58 -50
36 -36 -92 39 51 23 -19 -60 98 -9
-88 92 94 -96 49 -68 -79 -56 0 26
-43 -4 56 -85 81 -33 -84 -93 -51 75
29 -29 39 88 39 -68 32 -11 -26 70
67 -46 -78 -34 -85 48 23 20 36 -17
-85 67 -42 73 -2 -34 -97 -68 90 95
33 23 -65 74 -14 -83 23 98 -13 9
-67 46 62 15 50 -72 -68 39 21 92
20 -74 -50 -84 -43 85 -92 -92 -30 45
-78 34 69 -54 -81 -17 96 -76 53 -80
87 60 -12 -52 61 29 -22 -79 -77 72
-83 32 96 -98 26 -37 -1 77 -50 -79
-2 -92 -63 21 23 -8 -1 75 -21 73
-79 -24 91 68 42 -95 -49 -75 -13 -40
-36 69 11 22 56 -22 62 -62 35 46
28 -86 91 66 -90 63 -21 61 -64 -3
8 -45 -11 53 -23 -18 -22 -85 41 -63
7 -45 15 -80 -77 -6 -48 -63 27 1
-50 99 15 35 -92 -19 74 88 26 -29
-74 -56 1 -82 -50 20 67 48 -48 91
-61 -73 6 -14 2 -56 -47 43 -98 59
40 63 16 33 63 -94 23 -62 -14 6
15 49 89 -28 73 61 -35 75 25 81
-87 -26 99 61 61 -69 39 42 -7 30
12 88 -14 0 83 69 91 -16 45 65
-33 -65 -9 -53 44 38 13 81 21 17
38 8 79 -32 2 98 -83 49 89 -19
4 46 62 -5 77 -47 44 -92 -22 -36
50 -16 79 -68 55 49 37 77 89 -8
-27 63 91 59 82 -61 84 34 -11 59
-82 -22 -24 5 94 -32 -89 -18 -11 72
-63 63 -65 80 47 -22 -55 63 22 -27
39 -77 -83 -43 -3 -36 95 91 82 -18
-4 72 13 41 49 -76 -15 27 -60 38
-36 -41 -3 -25 -78 91 -23 -64 -66 -97
81 -32 -14 -76 -41 65 -29 -43 -89 97
-76 -2 94 -45 -85 -88 -67 66 49 -47
-78 43 45 -15 -73 -42 94 46 -10 2
95 -26 10 35 95 -44 57 44 -29 -86
40 3 44 49 88 19 -93 -58 36 61
-26 -70 59 -78 -39 88 -58 -56 -4 91
-17 -68 46 -45 -65 36 36 -68 15 26
66 -63 53 93 9 -99 48 -91 -64 -22
-25 -51 -81 -61 -60 -69 68 -34 -38 85
-81 42 36 47 75 -36 -97 49 -13 -68
3 -72 -49 90 28 -88 -49 29 97 25
27 26 -53 -33 -31 -77 23 -73 -32 -5
-84 -80 -87 72 -70 23 -55 14 -95 12
22 -25 -63 -9 61 -26 -79 4 -50 50
69 87 84 -33 72 -39 20 42 11 23
22 -74 -50 29 35 51 -48 34 11 -84
-17 -31 48 90 -96 49 46 42 -70 -22
-71 -90 -74 -9 -74 70 67 27 80 -39
-18 -37 -2 20 -72 62 65 -54 -11 10
76 -17 28 49 58 47 -69 7 -82 18
56 -92 57 51 83 51 73 -96 75 -31
