-85 28 18 33 68 21 96 -42 68 73
29 -17 -32 58 0 -42 6 -1 -67 -47
64 22 3 -58 -42 98 46 -5 -73 17
88 -23 -73 -65 -58 -40 20 33 -28 -82
-40 -29 81 46 62 63 -28 73 -68 77
0 -46 -19 13 37 -76 -22 -97 92 -84
-9 -95 2 -52 41 -40 -47 -18 86 -71
-36 39 -16 -53 -16 -95 -92 46 -31 50
67 25 -17 -14 -13 41 -2 24 -51 63
-93 -32 80 -56 47 -26 14 -19 -91 -66
-51 17 -22 -63 -69 -96 -7 15 -94 85
-77 30 -11 -65 77 77 52 -3 -56 -45
97 -82 -89 -93 71 34 -31 -65 -60 87
-41 33 47 -16 45 -34 87 73 -62 74
-44 74 88 -93 89 16 -48 -85 -6 -74
74 -18 93 46 -33 87 -65 51 79 61
75 32 -24 12 16 -26 -19 65 51 -7
13 -24 20 79 4 -12 88 -80 41 68
25 -78 72 -27 -20 71 -78 -25 -2 -31
-98 -32 -93 -54 -9 92 3 -92 -55 80
0 93 60 -64 -80 24 -46 54 -90 -11
-19 6 28 -87 0 37 -80 53 13 72
53 -24 -18 -76 55 -38 57 -82 -2 -67
85 17 51 40 -34 80 -67 -48 -66 47
-4 42 99 82 -21 -8 -20 13 -58 65
-56 91 43 -91 91 -20 -47 -23 73 -35
-64 -69 -67 -91 18 48 -24 98 20 -82
-78 45 -1 -87 -95 -41 55 -38 -90 75
-80 -52 83 -73 44 55 -30 72 -53 -98
28 53 -32 62 71 63 -10 -54 18 64
91 53 13 -63 74 1 37 -93 81 -54
14 8 45 -3 -82 -23 92 -5 -44 -44
11 6 -88 -14 55 12 -96 -53 16 -87
96 -42 2 33 59 -59 84 70 -36 -76
-6 -71 85 -96 98 51 -51 6 79 -23
52 90 -47 -22 -1 -50 -72 -15 41 73
-71 -90 22 23 -97 84 50 -94 -56 24
48 -95 -44 22 47 55 -61 40 -23 47
42 -24 18 -25 -71 -28 -58 -71 -87 -13
63 -82 -90 55 84 -71 65 -71 -55 9
-86 -24 99 54 -92 -61 8 -80 51 -6
-88 -39 -62 -42 97 -6 8 52 -79 82
-30 80 59 77 90 25 -96 -39 47 -76
-19 14 30 -23 -45 -6 -83 47 -20 96
-5 8 42 -36 -62 -27 -88 -52 35 -44
98 -13 22 -2 -31 -10 -29 57 36 84
21 65 23 87 39 -75 64 -26 -7 -11
-35 56 86 -6 -39 61 -92 23 43 48
69 -28 55 -27 -76 -43 -11 23 77 38
5 -88 -32 5 77 -58 45 73 -28 -3
66 64 42 -75 -10 14 -23 13 -97 13
-54 -41 -18 24 -83 59 0 -14 69 -49
83 -32 -2 38 24 -40 -62 -85 -65 36
56 -44 15 -44 -44 -97 18 -47 76 -52
46 -14 32 -86 94 -90 -40 -30 72 1
-36 14 -25 -4 -40 46 -25 99 51 95
-29 -83 -27 -64 8 -33 -91 23 -34 -53
73 -1 2 -72 -46 45 48 -9 52 -90
73 33 -35 -52 -25 -17 -31 70 70 -62
26 -51 38 -12 -50 96 75 0 34 -99
-6 9 -68 55 89 -64 -25 -38 93 63
31 52 -19 96 -67 -41 23 -12 -94 96
7 -69 70 -20 -52 86 -63 -47 -87 36
86 6 45 60 0 -22 -13 -28 -68 33
-32 -58 81 5 -43 -2 -74 47 39 23
78 -66 -33 -49 -54 -57 0 -42 -43 68
77 -77 89 -90 -2 82 -11 79 67 35
-68 -19 -93 -11 -42 -98 16 52 -75 -67
-44 -9 35 -62 -92 83 53 42 50 -96
-32 -36 26 64 -92 -23 -56 39 -41 33
-65 -11 3 51 -15 -46 -55 -93 12 -85
6 -63 88 -38 72 -15 55 99 78 -94
38 26 -50 0 -42 -38 -7 -59 41 13
92 -30 22 -2 -64 -17 55 -30 30 52
19 13 54 80 79 66 -86 9 -74 -46
51 -39 26 13 53 0 -86 34 26 -92
51 42 -40 58 -10 -89 -13 -9 69 59
-90 94 -59 61 -31 99 -95 26 20 -35
73 -5 -99 53 52 -97 69 25 98 86
-26 91 67 7 59 -86 86 -86 46 74
27 -58 -16 95 -28 40 -94 -53 92 -62
-88 -27 0 79 -61 -44 81 -34 76 -42
2 -3 -58 -1 16 -68 87 -86 -22 50
87 76 0 43 -94 96 -13 80 76 81
-87 97 16 27 5 58 -78 54 81 33
35 -38 64 -67 64 14 91 66 -68 -64
-33 -89 89 84 47 -19 76 48 -27 -63
-94 -92 10 -35 -63 48 -75 55 20 54
28 -10 -74 -78 36 -92 89 -30 -65 18
-56 49 88 7 -68 -11 56 -8 -92 -66
93 81 -2 25 -42 46 80 97 -49 -66
97 86 -56 95 80 -53 -21 48 -70 -77
87 -99 70 -14 11 -33 36 -87 50 80
-88 0 -35 67 55 -39 94 21 -25 72
-83 -14 45 66 94 83 7 -35 26 26
-13 5 -1 36 98 -88 -91 -20 45 -53
-13 97 -23 -31 94 -79 -64 43 -11 99
31 33 -68 46 97 -7 73 -94 9 -36
-53 -51 28 -8 -72 48 27 62 75 64
-68 33 -5 -61 -6 93 4 98 -56 74
