22 -72 -23 94 43 -43 92 38 -42 -38
4 -76 56 -52 -27 83 98 -26 98 -18
18 41 -97 69 -34 54 45 3 -65 9
81 -25 79 -69 -34 -90 69 -80 -70 -27
64 28 -40 59 32 -37 -82 0 -83 21
20 -29 -71 -55 -12 -65 54 -24 89 -27
-31 -66 -93 -16 -13 94 46 94 53 50
-7 54 10 -35 76 71 -46 -5 78 -2
-48 83 -18 45 -41 -4 82 88 80 -44
66 44 -1 13 -62 64 90 -38 7 -59
-66 -64 -98 2 33 -92 -4 15 -62 -74
-6 -97 34 -19 89 86 1 8 98 51
-89 -13 5 -26 85 -77 94 24 -11 -79
-72 99 -70 -36 97 3 -26 -51 -3 44
-30 25 59 74 -85 75 8 -20 43 74
-69 10 85 -88 -81 -18 -23 -46 50 -3
-7 -7 -73 -44 77 -40 92 -86 55 37
61 16 68 23 0 18 -1 -18 -32 -39
-18 72 19 52 46 73 81 -29 89 -97
90 -27 1 50 -10 96 -24 43 -21 -7
59 31 18 14 -29 9 -23 92 97 -20
-77 71 -69 87 -23 15 73 84 40 51
90 1 -62 31 71 -31 79 37 84 38
-37 43 0 24 -74 25 -38 -66 -78 27
-20 25 95 -18 9 -56 -73 -79 61 65
12 19 -37 28 47 -51 21 -15 15 -69
98 -52 -44 5 -74 -90 67 -88 -79 44
-47 -87 -5 -58 84 96 56 93 -40 -72
-34 -87 3 -21 -77 1 16 81 -75 -86
1 -74 -46 32 61 26 98 7 -65 -15
-6 -70 -16 32 -38 47 90 17 73 -98
3 67 -51 -77 7 8 54 55 -15 -51
-65 -15 -25 -39 -78 -60 17 76 19 93
-71 -60 -22 18 -83 61 11 -92 -85 -96
-8 -80 18 28 -73 58 40 99 63 -40
0 92 34 25 -34 -40 -24 -55 -23 93
37 -66 -17 53 -42 -68 47 -45 -37 96
98 -89 51 54 -87 -40 29 44 0 45
-76 75 -49 -62 78 -23 -24 93 -58 89
23 31 50 -54 -34 26 58 -6 17 95
-86 18 -13 -50 -14 -68 -30 -52 84 -53
-37 78 58 48 2 8 -99 -47 -81 -84
36 93 -5 87 40 84 6 35 -76 -79
37 99 22 89 28 -42 -17 -14 -99 90
34 75 62 -7 14 22 92 -3 -6 -76
-34 80 -70 -99 -15 84 -50 19 -79 -97
8 56 -14 -90 -87 28 -49 -68 45 58
-5 36 -37 0 -3 -22 -74 -90 -70 73
-98 14 -83 19 -49 -95 3 -6 42 49
69 41 -60 -43 76 1 -97 -48 -95 44
1 77 5 -19 -54 -21 -14 -86 98 9
82 26 -44 56 94 -44 -51 21 90 -47
-76 36 71 -67 -42 73 13 56 65 -22
-55 80 71 -78 25 92 -84 -43 76 30
63 -54 90 -88 -96 -36 46 -21 7 94
-43 -30 97 91 45 29 -21 -53 39 -29
-79 -73 -33 -46 34 -62 70 0 15 -43
98 84 -61 6 63 -38 -89 53 35 38
-3 -56 -35 39 -99 36 5 -20 -95 47
-28 -13 95 96 -91 -28 86 47 -31 -84
-69 75 -63 -20 -93 -14 -66 58 87 -52
-84 -75 -21 -80 -91 80 -68 75 69 -95
57 63 51 -78 23 -49 -38 -80 -13 52
-82 -88 -27 11 -50 33 25 -99 88 -29
-91 51 29 -94 97 48 -95 70 44 -15
31 43 -11 -72 66 72 -82 30 -32 -29
-40 -30 -15 -93 51 75 -47 -59 -35 58
25 17 -95 80 24 -85 -61 -79 0 -23
2 54 18 -67 -70 -79 -83 -91 -30 -28
51 65 -12 31 47 -5 47 -56 61 38
77 12 53 11 30 -96 31 -10 53 3
-9 60 36 3 -41 0 -66 -77 94 47
-13 35 -29 -26 -74 32 79 26 20 68
-3 -46 71 -55 -28 -21 5 59 -29 13
45 -61 -67 -24 -80 38 -33 12 -99 -69
68 67 -92 -62 81 79 52 66 -31 -42
87 50 -99 -80 63 -48 0 73 -57 -28
-74 26 -6 26 85 12 -29 -32 99 -65
71 -71 99 -52 79 -99 -52 64 -80 23
-91 34 7 -43 56 -7 -36 -57 34 -64
-74 46 22 -8 -20 42 -54 81 -30 55
60 20 21 79 20 -42 -85 -32 -13 -71
47 43 98 14 25 -50 0 -80 -95 -38
15 -68 -17 86 -58 -77 84 50 8 23
-5 -72 -23 -76 -65 -35 -62 -49 -2 -17
0 33 13 -65 99 10 45 57 3 -21
22 13 96 1 -73 -82 37 -91 -65 -63
-55 20 84 5 79 72 -48 0 -74 16
-23 -53 -58 90 -68 -5 -4 62 15 -59
-39 7 -4 -99 -88 33 -38 -90 -46 63
-31 70 50 -86 -55 16 12 99 65 -90
-79 -79 96 44 47 80 11 -71 -69 -58
21 -31 33 -69 54 -57 -15 37 59 -55
7 -26 -82 -18 -42 -52 50 87 -80 75
-78 75 -48 2 -1 90 -73 -98 47 51
-59 -66 16 -84 37 35 -23 82 -35 75
40 -61 67 -41 17 -21 -55 37 10 -5
-89 39 17 55 -42 11 55 83 11 6
63 83 0 -84 94 -55 7 24 -52 -13
3 61 -66 -68 97 -80 23 30 -1 -41
