76 -13 -54 16 23 34 30 49 12 53
-43 -94 77 43 26 -54 5 89 26 -29
23 86 6 3 -95 -22 93 86 -13 20
-47 22 73 -6 12 -3 -93 -8 -93 -19
90 70 55 -6 30 -40 -40 11 94 63
-80 -40 -32 68 -17 -4 -72 2 4 81
50 -94 0 49 -97 -34 -98 61 14 -57
-30 30 29 -53 38 -91 -40 59 76 83
-31 65 -19 85 53 93 -59 -53 -8 -46
-52 41 -33 -16 -65 51 -46 -25 42 -33
64 -24 -53 0 -42 55 -12 -37 17 72
-44 -47 77 87 75 61 87 73 39 32
-95 88 -38 9 92 -41 -39 8 67 -4
-41 -74 51 -31 -62 43 15 -18 26 -55
9 -84 -90 -89 -32 -91 -90 51 13 -38
-68 35 -98 -38 50 -93 -49 -21 74 -76
64 66 -19 42 -72 -99 65 -97 -82 88
44 44 41 26 -45 42 -52 2 -63 84
1 25 14 -29 97 45 -36 85 51 88
-35 -53 45 66 5 -42 30 62 43 48
-1 61 33 -94 -93 -44 -7 93 -53 59
47 -9 7 27 72 68 -83 90 8 -22
4 -68 -11 -82 -18 -4 52 -80 -78 -50
71 -7 -59 -51 46 -44 -41 -87 -27 7
17 -11 36 58 -77 24 -77 32 24 -21
93 12 -61 9 -36 0 22 87 39 -88
63 65 0 59 -3 79 51 -45 7 37
-9 44 60 -29 37 -19 67 30 96 97
-35 -28 50 -10 26 0 19 77 58 86
70 -81 20 95 -87 -77 66 -25 -26 15
-6 0 -35 82 95 -92 -16 95 74 94
-18 18 -45 0 -57 96 -76 -29 71 83
-1 -52 -69 -5 62 83 -40 -69 -34 82
30 31 -48 89 -98 -36 -5 -54 -9 -90
-62 17 49 -48 99 54 29 98 30 26
55 40 -2 -18 27 -57 -88 0 -55 72
80 -49 -78 5 7 -37 90 17 -10 25
-90 33 84 -19 -71 -52 24 24 53 -11
5 -53 67 -47 33 -58 78 52 44 35
99 -28 -10 -57 100 -58 -36 35 -2 70
-62 41 1 82 -73 -36 -88 53 -30 42
92 -56 42 5 -26 87 52 -18 32 58
-34 81 0 -95 97 51 98 -48 -87 -64
21 -64 -84 9 71 -40 -17 -50 -72 -86
38 79 -4 -87 -2 -7 73 -86 -32 82
36 -44 -11 33 -18 62 -85 -56 0 -64
4 69 -43 53 -99 7 -32 -46 90 -25
65 -46 22 0 -43 -79 -3 83 97 72
-75 -60 -47 91 -85 12 -34 -68 38 60
41 -17 18 -72 -50 83 -16 -97 83 0
79 66 -61 -48 -33 -34 82 95 74 8
-94 51 83 75 37 -57 16 -89 -35 -75
78 91 54 14 31 31 -96 -58 -31 -7
-9 -69 -42 51 -35 -72 25 -93 -79 0
10 -58 41 -56 57 23 -17 97 -92 -24
-8 4 77 -17 59 86 0 -92 62 -65
99 19 -87 -44 36 70 42 95 60 -34
-43 -10 -28 72 -58 57 28 79 -95 -24
-38 -44 -24 45 14 -87 11 -62 26 86
22 -18 36 46 43 -13 -52 66 15 90
26 -81 -84 46 -80 -35 -42 38 40 55
-26 -83 -24 -9 91 99 60 32 -74 80
78 -35 44 -45 24 45 90 82 -23 90
37 -18 -74 -40 11 91 -37 -95 -86 -42
-48 64 96 94 16 46 43 31 3 47
-14 -46 -25 86 84 54 -27 62 -68 5
-83 -62 -89 -65 61 -21 -99 -48 17 33
97 -57 -63 56 68 -23 2 -75 87 31
62 0 -38 -93 25 16 -2 -55 -55 80
-49 -81 -65 -42 27 -22 -72 78 78 18
-47 8 -11 97 -19 -39 47 59 75 48
-81 13 -34 -94 71 -40 -29 -45 56 -4
-32 28 -69 -6 37 50 -19 -68 2 -19
-52 81 -51 82 65 -55 -63 89 64 -57
-79 13 -8 53 -55 -58 -16 20 99 41
0 45 -93 -64 -50 65 -9 -31 57 78
-5 -96 18 -91 -98 -7 -48 -19 -3 -57
-30 7 -21 88 37 79 -23 6 -96 -87
-38 -61 74 -40 77 26 20 -33 -43 92
27 -94 75 27 76 -55 99 21 -55 -33
-47 -67 59 3 -43 50 48 58 44 -14
30 -52 -23 35 8 -83 55 -97 30 -30
-85 3 9 72 -12 99 -48 72 -18 -47
-80 87 10 -63 83 -9 -91 -54 48 -48
23 -40 -64 35 -49 80 -20 -90 52 -67
-65 12 -21 26 -43 55 11 -90 -22 14
99 -45 72 28 -26 -83 -36 -66 -67 10
-70 -4 33 29 66 22 -26 74 -65 -31
77 1 63 55 -60 53 -86 74 64 -64
72 -1 -5 -22 -53 82 9 24 86 -34
-57 -6 -70 52 96 89 -47 73 -64 70
-45 59 3 40 2 -95 40 -7 67 30
36 25 -42 49 -47 -15 37 12 47 78
42 -69 -46 24 11 -77 -92 -52 -26 95
54 17 -57 57 -80 65 54 73 21 -25
32 -77 49 -78 47 -83 99 94 -54 -89
-50 78 40 13 93 -62 -75 36 16 -78
47 -75 61 -14 41 -36 -43 -40 76 -31
39 -62 -65 87 46 -46 29 -51 70 -90
-69 92 39 -41 87 -87 -49 -52 27 85
