-75 -8 -13 -41 -38 7 -53 14 -91 12
-95 10 90 34 -64 29 65 70 -26 76
85 97 30 38 -5 10 30 4 -8 63
26 38 89 70 -21 -70 57 -11 71 -67
76 -18 -87 44 -47 -23 95 40 76 59
46 99 12 -79 84 -57 90 37 -44 -74
-94 51 -31 5 86 54 29 45 56 -13
-12 52 97 48 -36 4 31 -89 -2 52
83 74 12 24 -67 31 87 -13 93 83
-52 91 88 60 -58 -19 84 -54 -9 27
-69 -18 -88 42 -46 -72 -86 4 -68 -56
9 0 4 -29 71 16 85 0 78 -99
-44 54 35 92 19 -38 12 17 22 34
16 49 1 83 36 -2 -56 80 -27 -76
-39 15 95 -17 -56 -12 -55 71 -97 40
9 -37 -29 -12 -93 -21 -67 41 -39 92
72 -44 -66 67 98 -15 65 -23 64 0
43 83 13 65 -70 9 39 58 20 76
40 -99 90 -44 -82 47 -23 -34 53 -96
60 69 11 90 61 25 46 20 53 96
-81 -10 12 68 -83 83 -34 -63 -48 -56
-48 -54 34 -99 67 17 75 64 44 -6
-8 85 -88 -48 -26 -41 12 98 -76 71
42 26 63 19 -62 17 -8 6 -79 -44
92 32 -27 -59 -39 35 88 96 -90 51
26 45 22 57 -62 -28 77 41 89 34
-86 52 -2 -42 -64 16 -53 55 77 -46
-19 -84 58 -33 -22 49 -56 82 17 85
92 75 -21 -93 13 -34 -29 -25 89 73
38 -5 75 -9 65 79 46 26 71 39
92 25 50 -16 6 -76 21 -59 -69 65
52 52 -83 93 67 68 5 40 -72 14
36 -39 -7 -57 84 11 -70 -37 -32 59
88 69 5 -79 82 -72 -18 -80 -52 0
-48 -5 -1 41 -9 64 -45 -49 -49 -14
30 19 63 -46 -8 -94 1 4 -51 5
-92 9 -71 -48 -36 -83 22 66 75 95
88 10 68 -56 20 97 -77 14 -34 -4
-28 -31 -69 -75 -93 49 39 -33 31 66
40 -21 59 -34 -70 -60 -83 27 -87 62
18 25 -10 56 90 79 -60 -17 17 35
-60 39 -41 -89 -72 35 -32 10 52 -79
39 -31 42 30 7 74 31 10 -93 -21
98 52 -89 77 17 -67 -22 54 53 -94
70 -95 49 -46 94 -35 -81 -44 -89 85
-45 35 12 -35 88 84 96 -41 87 15
-9 75 -4 -62 -58 -44 64 -7 44 25
-18 15 93 -57 45 -91 -25 -59 -9 99
53 16 -24 -71 20 18 11 54 -31 -25
-3 -89 66 91 44 45 85 -2 -42 -42
8 -43 93 -71 -9 78 26 84 88 -23
97 -97 -87 -23 24 -10 -31 23 -50 39
-52 77 -25 -29 -83 52 85 -7 -49 96
-52 30 -25 33 28 -8 7 -13 -15 -97
-96 21 5 7 -96 -5 -27 61 -23 -19
60 59 -93 42 -42 38 91 98 74 51
5 96 40 3 92 44 -58 -91 -21 60
-14 85 -93 -90 57 15 68 4 -30 47
-9 20 -34 -9 -99 -72 -85 55 -54 60
-30 -53 43 92 20 36 96 -63 -8 43
-90 60 28 6 -65 -30 84 -17 -77 -35
60 92 51 -84 55 -9 -78 -3 -97 -82
-75 0 -82 -53 -31 -3 57 -75 39 -65
4 0 88 -56 -26 45 99 6 0 -85
-48 -11 -46 86 -83 38 -19 6 27 -83
-97 -12 84 67 -88 -29 49 9 39 -18
54 -67 -72 -5 -39 -59 -62 -87 52 10
-34 -95 56 -7 82 10 29 93 -89 -38
76 -39 47 -69 -48 -49 -70 18 21 -88
-16 -15 5 -80 91 54 44 62 92 -7
24 -24 -77 40 -21 -2 46 -36 -67 -8
74 -55 85 72 -9 -28 -28 -35 1 -15
78 -71 63 88 -77 -50 62 18 46 0
20 -69 24 29 38 -18 72 88 -40 -41
-27 -3 -34 52 68 -88 -21 82 29 -77
7 -18 -41 -7 26 26 26 58 -99 15
-97 -16 27 1 -47 -39 -44 -63 -59 -53
98 -32 50 -39 64 -71 28 14 66 92
73 62 -25 -94 -43 -89 -72 -77 36 -33
-10 -58 19 -63 93 65 -48 2 -45 6
-20 83 61 -35 37 48 -51 -8 -80 -62
27 79 82 -58 43 1 72 -91 64 -64
-90 -79 92 77 -85 6 67 79 -15 -65
82 19 -54 -37 59 -33 39 -96 70 -91
-68 -92 -82 55 -38 86 -27 -52 63 70
60 43 -64 -20 -19 -14 56 -69 -59 52
78 36 -23 14 -3 -59 59 -82 76 -78
-92 -71 -36 -77 -79 18 97 59 22 32
85 18 26 -92 66 -84 -63 8 4 3
-15 -95 11 15 -59 -21 57 36 -76 -68
58 38 82 8 -40 0 43 96 14 57
-25 46 -76 80 -85 -61 -57 81 70 -54
-94 0 -55 -55 -15 -30 -24 51 88 94
74 -44 34 39 -55 -75 31 -96 -2 26
60 50 10 4 -91 43 38 -94 40 -64
71 -83 -92 45 47 83 -13 -70 -41 -92
16 -25 -18 -69 -50 -23 -35 -70 8 39
-46 72 -34 -58 84 -14 58 78 72 47
59 3 80 -24 -21 60 92 -2 29 85
68 74 -25 70 45 86 3 -45 -88 -29
