14 -25 87 24 65 56 28 11 56 -79
-44 38 -44 -24 61 -69 -35 57 45 38
56 18 -33 45 0 11 56 67 -71 -96
-25 -71 -28 -77 0 -48 -19 93 40 -97
4 -95 -30 -38 -50 90 -13 -72 -68 43
-70 38 65 70 93 -27 -46 68 -41 -31
85 -26 -95 66 50 17 -92 -14 85 82
-4 -28 -38 14 92 -22 73 36 -12 10
73 45 -75 -38 -63 34 -43 13 33 -1
-33 59 -69 93 86 -21 64 -32 -35 -53
-43 53 39 25 -71 43 -79 -74 45 49
-47 -14 -76 51 -82 27 -59 90 70 72
-30 29 50 -77 48 58 -4 -5 -63 54
49 4 27 -45 -67 -21 -47 -82 59 -60
-29 78 -52 40 -56 -31 0 21 -98 11
-94 -21 89 54 -56 -2 79 24 -54 45
-46 -28 -89 24 19 10 73 -5 -2 -60
-77 8 84 54 93 22 10 5 -59 57
-4 -73 -60 10 -86 -14 7 96 89 16
39 89 71 -64 11 -39 -6 78 -7 14
-51 -44 -57 -10 -6 -97 -98 -16 96 -88
58 99 -92 -58 27 25 98 -94 49 92
75 -97 -15 81 99 42 -87 0 -40 1
-13 54 -42 63 -36 -26 1 55 82 -61
32 -26 31 -17 -51 -55 -76 27 -49 -74
-21 67 67 -86 1 -49 70 60 -8 -10
23 -47 -65 61 52 -47 -7 60 -84 88
4 37 91 -53 -99 47 -73 58 38 -60
-96 18 -62 55 -95 -64 -74 58 -16 72
-22 -61 76 24 91 -76 55 63 -99 29
-95 -10 4 -66 -37 79 88 -99 -57 5
31 -81 79 -31 -60 91 -62 54 -21 -20
-25 99 -64 51 45 62 40 23 0 64
27 -94 62 28 93 33 -7 -43 94 -58
-42 97 -32 -34 96 -66 -22 85 52 -17
76 -24 43 84 89 -28 85 3 -83 -16
13 24 94 -79 -79 85 26 62 -47 -98
31 -7 -5 62 -75 72 55 -88 -78 -9
18 96 65 -35 -46 52 60 -65 -30 17
11 35 -45 53 -44 79 87 -91 97 35
-79 23 -67 12 64 24 -49 61 42 -49
72 34 -24 -65 29 -85 2 -62 46 -37
32 7 67 -65 -49 74 16 17 -72 -58
35 -80 92 20 40 72 73 95 10 85
53 51 -81 12 91 -1 -35 4 83 -68
16 2 -41 76 71 0 -50 -85 -87 -42
6 -92 97 -86 -71 -13 60 -34 -99 97
-73 -89 91 -28 -34 91 60 -76 37 -46
-83 -89 -75 7 -57 -61 -11 -12 -57 2
75 91 32 -45 -53 -13 -60 -73 -95 77
-51 53 29 59 -75 96 -63 -82 75 3
32 4 -95 -84 67 29 36 46 21 -37
42 80 -8 -20 -89 40 85 5 -60 26
92 4 39 -72 -96 82 -93 -46 -68 53
-79 90 -86 -46 -40 -84 -76 0 -79 84
97 -79 -63 33 41 -90 22 62 23 -64
96 94 99 95 47 65 -90 -21 -62 -24
-20 -70 28 -27 -74 44 -97 -73 30 -73
-31 35 -46 -64 87 12 77 -87 -59 49
-64 7 -91 27 -16 -21 94 53 -52 29
-29 26 -24 -23 -95 99 -78 -38 -34 19
-31 69 -61 2 -57 -28 -14 -28 -44 28
35 10 -5 -22 45 13 -29 21 -46 72
18 -60 -81 -40 27 91 82 -78 57 0
37 -70 -44 60 -71 97 65 -64 -60 -43
-22 25 -45 -35 46 57 -31 -14 -96 87
-53 -34 98 -68 7 19 -58 -21 0 -69
19 -97 62 -49 -75 2 69 73 -2 -21
87 65 -91 79 89 -55 82 -51 -34 67
83 -67 76 42 93 6 36 94 33 -7
-20 62 48 30 21 44 65 -91 68 0
-89 29 41 -71 -74 -42 3 10 83 69
18 -28 57 32 68 52 61 -22 47 43
53 -77 -22 -42 -33 -84 96 -31 -16 1
30 7 -76 13 0 -72 -4 24 91 -76
-37 53 61 -33 38 13 -38 -11 -81 -78
77 86 71 24 72 29 -54 13 25 -12
74 86 94 -35 37 48 10 -73 92 -15
-13 -79 71 -34 61 1 44 -49 64 31
75 -60 -17 -34 90 -13 -7 0 84 36
-97 73 78 44 45 10 43 -94 6 -7
-90 -30 80 -41 30 38 -59 59 -45 -64
-15 -12 -74 49 98 38 36 -23 67 -74
-72 -54 -60 -69 -71 -88 5 -27 -92 -56
48 56 86 -15 28 58 26 -24 -57 9
82 -21 86 -92 -66 -77 -9 -95 54 34
83 -33 45 -27 65 99 -8 -51 -42 5
15 -5 69 -9 4 -9 64 -82 -86 9
-37 65 -30 -66 -28 84 62 -22 -66 85
-69 -82 18 98 -79 25 -46 10 49 -82
89 -42 37 74 56 53 84 46 26 22
-39 -67 -31 41 -14 -42 56 47 -35 0
-57 -85 31 -82 -62 0 -98 29 -31 36
-37 -99 -66 36 -62 21 -75 63 -80 -63
-32 35 43 -36 24 60 26 27 14 70
-3 70 -38 -21 11 39 23 -52 79 53
19 -90 -17 -27 -59 61 -91 49 45 42
-23 92 -41 18 -14 -17 66 -90 -40 43
63 72 -53 76 75 -8 -25 -63 52 48
45 -3 -2 58 -89 -72 -90 16 -97 -29
