30 38 66 11 95 82 -1 -25 -88 86
-19 -70 22 46 -51 47 -42 38 18 -77
52 -76 -22 35 -73 16 -28 -35 1 64
42 77 98 58 -63 54 -52 41 14 -31
80 48 40 -47 -63 -36 -60 -61 -26 32
19 9 -97 77 -55 -64 36 -82 50 50
6 53 -98 97 -67 -90 66 -32 -68 73
81 57 35 57 11 -30 -58 -37 53 -13
-71 -78 -89 72 24 31 43 35 -22 15
54 44 58 32 -81 42 -98 9 -43 -99
40 14 -49 9 98 -24 -65 -85 -43 90
11 24 -52 63 -51 -9 34 97 39 73
88 -8 54 64 41 -29 15 32 63 -36
4 -54 77 -10 56 42 -35 58 15 83
98 45 -83 27 18 28 -91 22 -80 -57
-93 60 -24 46 -8 -4 37 -78 25 75
13 -70 -36 -16 -59 33 -59 -97 85 -22
63 -19 50 -39 7 -69 -42 53 26 25
-27 -52 66 26 -44 -26 76 -30 66 -74
36 -6 38 10 -13 -57 -8 7 -49 -20
38 19 -46 -57 88 -61 -42 36 31 -69
-11 -70 -69 70 -33 28 -84 16 -94 9
-32 15 -50 46 -25 16 -77 -20 47 -21
89 -23 -34 19 -93 22 40 -38 -4 95
-43 39 42 98 -15 -48 98 11 3 23
72 -84 50 7 -83 -7 32 -89 -19 88
-85 -15 -14 38 -29 5 -31 83 32 58
-22 -99 -60 -82 -49 1 -36 41 29 59
68 50 -6 16 63 -12 28 75 -73 -84
83 8 -55 36 55 -71 -65 88 -53 49
37 -90 -15 59 58 83 -7 25 61 -64
-21 83 3 -2 82 86 -42 -78 88 -96
-15 -83 -89 54 97 40 59 -26 -25 57
-19 -86 86 -49 -97 -23 -40 -61 -11 47
-77 -60 -3 37 91 52 32 20 -17 34
-10 82 96 -44 -50 -20 -24 -7 -85 30
63 -69 -87 -29 81 4 -77 57 -36 6
-13 -66 32 -9 12 2 -89 73 93 0
-81 65 -68 -25 73 97 -35 24 -4 -97
-23 5 53 -44 -56 89 -70 -71 -79 15
-8 -63 11 14 -3 46 35 96 43 -46
40 96 74 -88 -88 33 18 91 -20 -72
51 -73 -59 28 4 85 55 -75 -63 -31
-44 -98 -33 35 -27 -17 -5 10 -73 -43
-31 -37 65 32 23 30 -90 -63 -41 57
-82 11 85 39 84 -83 -98 10 -33 -40
53 -96 38 85 9 -27 34 -9 48 0
-9 -59 72 3 9 92 -3 48 -19 -59
0 11 35 -81 54 -52 91 -75 54 -21
12 -69 16 -31 -17 -92 -24 -3 33 60
64 4 59 57 -64 -68 -39 75 -48 82
88 60 -24 -54 -24 -63 -76 26 24 7
-13 0 34 -91 83 32 -21 66 26 -43
1 6 78 88 -54 1 40 -74 98 96
0 67 60 67 34 24 -6 93 32 -84
-21 -29 22 -64 16 8 12 0 -72 -22
23 -27 -85 -79 74 57 -86 13 57 -99
-59 46 -19 91 10 -84 87 -66 77 -16
21 83 -44 7 41 -52 20 -50 -96 14
-71 -74 13 21 75 44 -52 67 -93 49
43 85 90 -31 -68 -89 -76 -69 -87 46
-20 68 36 21 66 -69 -45 -1 1 -46
-20 -55 9 -16 -29 -42 34 -43 -96 46
-15 98 -41 -34 49 3 -46 17 16 35
-21 65 34 -83 12 66 -6 -84 73 -41
60 60 -39 -45 68 -19 40 38 -23 -25
64 48 -4 -84 54 53 -52 -78 -28 -2
-77 2 -62 -71 -9 33 88 -75 55 -46
-3 -14 74 -42 97 -39 97 -97 70 -24
41 98 31 29 84 61 26 -29 1 22
35 51 37 -27 -90 73 65 61 -4 -92
-25 -11 10 0 17 23 -65 -1 78 -53
88 -21 78 6 36 -17 60 63 -65 -18
43 1 57 81 7 -28 34 -89 -93 97
-93 78 98 -77 90 97 36 -3 -59 93
-3 8 17 -62 10 97 24 82 -61 -67
4 -52 45 -78 75 -10 44 57 -6 20
-23 -9 89 -75 -18 7 44 47 61 45
46 -16 20 -23 59 -76 83 46 95 74
-33 3 -17 45 -21 -81 38 -55 -42 35
2 11 -65 95 -41 80 63 -34 -99 -74
-10 10 -73 31 91 -29 33 -2 89 -78
36 73 94 -55 -63 -31 -34 -5 73 98
61 0 -96 8 -29 51 57 -73 70 -62
-73 39 39 -5 2 23 81 -51 -66 -37
62 -46 -49 -47 -4 9 -25 -30 -83 -2
-1 83 -12 -88 8 -75 48 -62 -81 -15
53 -74 79 -63 97 35 -26 30 47 11
62 -20 7 -58 98 14 85 -52 -53 -34
5 6 -57 96 -77 62 -12 -46 -65 92
-11 -98 -43 -92 -49 42 99 -12 92 -32
21 70 10 -59 -1 53 -77 -35 -78 -39
77 -77 62 -70 4 19 -87 -38 89 -73
-11 71 -66 -68 64 87 -91 7 -32 -15
48 -36 50 29 94 -81 17 60 65 65
-29 -37 -87 26 -3 -28 -73 -10 -10 35
-32 25 -50 1 68 -24 93 -70 73 -83
-31 71 9 94 88 21 -42 91 -36 -72
23 74 -23 -36 -89 36 71 28 -86 71
9 75 20 -37 -84 -29 22 -74 16 -76
