-20 -54 79 -54 -70 -54 29 -54 -27 -54
72 -54 -77 -54 22 -54 -2 -54 97 -54
-52 -54 47 -54 -39 -54 60 -54 -89 -54
10 -54 -14 -54 85 -54 -64 -54 35 -54
-35 -54 64 -54 -85 -54 14 -54 -10 -54
89 -54 -60 -54 39 -54 -47 -54 52 -54
-97 -54 2 -54 -22 -54 77 -54 -72 -54
27 -54 -28 -54 71 -54 -78 -54 21 -54
-3 -54 96 -54 -53 -54 46 -54 -41 -54
58 -54 -91 -54 8 -54 -16 -54 83 -54
-66 -54 33 -54 -32 -54 67 -54 -82 -54
17 -54 -7 -54 92 -54 -57 -54 42 -54
-44 -54 55 -54 -94 -54 5 -54 -19 -54
80 -54 -69 -54 30 -54 -25 -54 74 -54
-75 -54 24 -54 0 -54 99 -54 -50 -54
49 -54 -38 -54 61 -54 -88 -54 11 -54
-13 -54 86 -54 -63 -54 36 -54 -36 -54
63 -54 -86 -54 13 -54 -11 -54 88 -54
-61 -54 38 -54 -49 -54 50 -54 -99 -54
0 -54 -24 -54 75 -54 -74 -54 25 -54
-30 -54 69 -54 -80 -54 19 -54 -5 -54
94 -54 -55 -54 44 -54 -43 -54 56 -54
-93 -54 6 -54 -18 -54 81 -54 -68 -54
31 -54 -33 -54 66 -54 -83 -54 16 -54
-8 -54 91 -54 -58 -54 41 -54 -46 -54
53 -54 -96 -54 3 -54 -21 -54 78 -54
-71 -54 28 -54 -27 -54 72 -54 -77 -54
22 -54 -2 -54 97 -54 -52 -54 47 -54
-39 -54 60 -54 -89 -54 10 -54 -14 -54
85 -54 -64 -54 35 -54 -34 -54 65 -54
-84 -54 15 -54 -9 -54 90 -54 -59 -54
40 -54 -46 -54 53 -54 -96 -54 3 -54
-21 -54 78 -54 -71 -54 28 -54 -28 -54
71 -54 -78 -54 21 -54 -3 -54 96 -54
-53 -54 46 -54 -40 -54 59 -54 -90 -54
9 -54 -15 -54 84 -54 -65 -54 34 -54
-31 -54 68 -54 -81 -54 18 -54 -6 -54
93 -54 -56 -54 43 -54 -43 -54 56 -54
-93 -54 6 -54 -18 -54 81 -54 -68 -54
31 -54 -25 -54 74 -54 -75 -54 24 -54
0 -54 99 -54 -50 -54 49 -54 -37 -54
62 -54 -87 -54 12 -54 -12 -54 87 -54
-62 -54 37 -54 -35 -54 64 -54 -85 -54
14 -54 -10 -54 89 -54 -60 -54 39 -54
-48 -54 51 -54 -98 -54 1 -54 -23 -54
76 -54 -73 -54 26 -54 -29 -54 70 -54
-79 -54 20 -54 -4 -54 95 -54 -54 -54
45 -54 -42 -54 57 -54 -92 -54 7 -54
-17 -54 82 -54 -67 -54 32 -54 -32 -54
67 -54 -82 -54 17 -54 -7 -54 92 -54
-57 -54 42 -54 -45 -54 54 -54 -95 -54
4 -54 -20 -54 79 -54 -70 -54 29 -54
-26 -54 73 -54 -76 -54 23 -54 -1 -54
98 -54 -51 -54 48 -54 -39 -54 60 -54
-89 -54 10 -54 -14 -54 85 -54 -64 -54
35 -54 -35 -54 64 -54 -85 -54 14 -54
-10 -54 89 -54 -60 -54 39 -54 -48 -54
51 -54 -98 -54 1 -54 -23 -54 76 -54
-73 -54 26 -54 -29 -54 70 -54 -79 -54
20 -54 -4 -54 95 -54 -54 -54 45 -54
-42 -54 57 -54 -92 -54 7 -54 -17 -54
82 -54 -67 -54 32 -54 -32 -54 67 -54
-82 -54 17 -54 -7 -54 92 -54 -57 -54
42 -54 -45 -54 54 -54 -95 -54 4 -54
-20 -54 79 -54 -70 -54 29 -54 -26 -54
73 -54 -76 -54 23 -54 -1 -54 98 -54
-51 -54 48 -54 -38 -54 61 -54 -88 -54
11 -54 -13 -54 86 -54 -63 -54 36 -54
-37 -54 62 -54 -87 -54 12 -54 -12 -54
87 -54 -62 -54 37 -54 -49 -54 50 -54
-99 -54 0 -54 -24 -54 75 -54 -74 -54
25 -54 -31 -54 68 -54 -81 -54 18 -54
-6 -54 93 -54 -56 -54 43 -54 -43 -54
56 -54 -93 -54 6 -54 -18 -54 81 -54
-68 -54 31 -54 -34 -54 65 -54 -84 -54
15 -54 -9 -54 90 -54 -59 -54 40 -54
-46 -54 53 -54 -96 -54 3 -54 -21 -54
78 -54 -71 -54 28 -54 -28 -54 71 -54
-78 -54 21 -54 -3 -54 96 -54 -53 -54
46 -54 -40 -54 59 -54 -90 -54 9 -54
-15 -54 84 -54 -65 -54 34 -54 -35 -54
64 -54 -85 -54 14 -54 -10 -54 89 -54
-60 -54 39 -54 -47 -54 52 -54 -97 -54
2 -54 -22 -54 77 -54 -72 -54 27 -54
-28 -54 71 -54 -78 -54 21 -54 -3 -54
96 -54 -53 -54 46 -54 -41 -54 58 -54
-91 -54 8 -54 -16 -54 83 -54 -66 -54
33 -54 -31 -54 68 -54 -81 -54 18 -54
-6 -54 93 -54 -56 -54 43 -54 -44 -54
55 -54 -94 -54 5 -54 -19 -54 80 -54
-69 -54 30 -54 -25 -54 74 -54 -75 -54
24 -54 0 -54 99 -54 -50 -54 49 -54
-38 -54 61 -54 -88 -54 11 -54 -13 -54
86 -54 -63 -54 36 -54 -36 -54 63 -54
-86 -54 13 -54 -11 -54 88 -54 -61 -54
38 -54 -49 -54 50 -54 -99 -54 0 -54
-24 -54 75 -54 -74 -54 25 -54 -30 -54
69 -54 -80 -54 19 -54 -5 -54 94 -54
-55 -54 44 -54 -42 -54 57 -54 -92 -54
7 -54 -17 -54 82 -54 -67 -54 32 -54
