70 -45 -65 -76 -60 87 81 -91 65 60
-64 -90 44 71 -33 70 -23 -23 -76 9
48 7 -3 -29 31 -60 46 -23 -48 96
83 -74 -26 20 6 -73 57 25 -2 76
68 -51 -92 56 -1 9 -19 97 -4 8
59 56 97 -94 99 18 -48 -87 -9 -77
-69 34 2 26 52 -41 -19 -2 -26 -81
64 13 77 -93 69 -7 -24 75 43 70
-41 79 -18 -69 -4 -69 -96 8 87 60
-4 -85 84 -3 79 35 77 35 7 -47
12 -45 7 69 2 7 17 -50 -92 33
71 59 -58 89 -40 -77 91 -87 -2 39
-53 -85 -90 -1 15 83 -61 -8 46 44
94 88 15 -60 -71 72 89 -56 54 -9
11 -90 47 -48 -30 -43 5 58 41 -28
-57 8 53 47 25 82 51 -70 71 -7
44 4 66 55 -17 83 -30 -44 76 -54
50 75 62 -91 24 72 -34 -73 76 -10
-70 -59 -6 32 0 -58 -83 71 6 5
-68 71 -29 39 -80 28 -3 -98 -2 -81
23 -51 33 45 -15 12 6 -93 -87 36
78 -15 93 -87 -73 -2 55 -40 -6 -98
-30 -92 54 21 21 34 62 71 6 -94
2 -34 -98 -54 -29 92 -3 36 15 24
-7 17 64 79 -5 21 -93 -88 99 6
20 22 90 75 32 79 -70 0 -14 -81
9 98 88 77 91 -6 8 36 39 22
-99 5 45 82 39 27 -9 18 -95 74
13 -51 -22 -34 9 -46 18 43 91 -67
-13 -30 20 96 52 -37 -96 -87 94 56
54 -71 -77 -51 -20 36 95 98 -80 -26
-36 -19 -37 30 -1 -79 -45 -15 -86 -51
97 72 -91 70 -51 -43 58 -53 -24 41
87 -38 -83 98 -55 76 47 52 12 -69
-56 -92 25 -83 -50 98 11 87 0 86
-5 -41 58 -44 -15 -99 24 -92 -74 25
-19 -38 65 80 -42 -38 -82 -81 -49 -29
75 -81 91 32 85 -9 19 46 56 16
36 58 51 70 -83 -90 -90 -39 -48 -28
53 -23 73 -4 87 -3 46 -18 -60 -40
9 -91 80 43 23 91 83 54 57 -84
89 85 98 -19 14 47 39 6 3 70
12 -71 -29 89 81 0 96 6 77 -38
83 -34 34 -13 1 15 -5 59 -46 -52
24 20 -51 9 -66 4 -59 -98 65 57
-40 -9 56 73 -65 -36 -75 -85 27 -10
55 74 -86 -80 -81 98 90 -17 -88 12
72 34 17 -21 61 89 -61 -36 -8 95
22 -38 -5 -48 -93 -18 8 -53 96 93
4 -35 -42 15 -23 -96 -76 -38 65 -44
71 -12 -46 -15 -97 -85 49 17 99 76
-78 45 36 -17 -78 -45 -12 -98 -35 -95
-33 -61 25 -20 28 -52 -65 20 -15 -10
-47 -54 79 60 -15 58 81 58 -74 91
10 -70 58 1 -96 -53 85 -12 -6 -84
-40 -40 -15 -66 -90 -34 -84 -67 -59 0
-22 -88 -13 -14 -66 -75 -12 92 36 63
66 72 26 -86 -52 -55 -28 88 9 95
-63 -68 -8 93 17 -4 81 74 -63 40
-62 50 -18 -77 -86 37 8 -4 51 88
12 50 -46 -12 -96 10 25 -68 0 -87
69 -82 44 37 87 63 49 86 94 -9
-93 71 23 43 -75 10 -28 -98 88 22
-81 -89 -11 -26 2 35 -50 69 -84 -51
-80 65 -52 -86 -68 85 -19 73 65 -14
44 -20 44 66 4 73 -91 38 -87 32
34 -90 58 7 34 -82 -72 41 96 -45
-70 -46 69 76 -31 4 -3 14 48 91
62 -21 -75 -79 -23 -73 -67 87 38 -13
-67 90 39 46 42 92 43 -86 37 25
-24 -22 18 88 95 51 21 -49 -95 -27
96 71 26 24 51 80 63 34 -23 -89
-83 -17 70 -78 90 -3 -31 30 -72 27
-82 95 48 90 -75 -3 -20 -98 -84 -55
31 20 -77 -58 -97 82 -33 21 -23 -74
-99 76 -14 -36 70 -50 -93 -7 73 -74
-30 9 -11 -81 30 -98 56 70 41 -70
40 -82 -48 -21 23 36 -94 11 60 93
-2 90 -44 -40 3 -12 -10 -49 0 57
-86 -62 -20 83 -86 -74 -76 -73 -92 -41
-89 89 -34 11 14 57 -61 -97 -32 74
16 -69 -28 -31 6 -82 54 -4 95 39
64 21 72 -66 41 61 -1 76 23 98
98 -35 -40 -62 56 26 77 -68 -57 -7
21 -34 5 -1 -29 80 -88 7 43 22
81 20 -6 78 91 -57 36 30 -4 77
-6 -86 -6 93 -37 -69 18 23 24 -7
-19 -80 94 93 -19 -4 22 -73 41 24
-80 32 3 67 6 28 -20 24 30 39
-39 -60 50 53 85 -63 -73 -7 -11 10
-89 -86 33 -88 54 21 74 93 -81 23
12 17 -55 -26 -70 87 46 -88 43 57
-77 0 -35 17 3 92 -27 -29 82 41
21 54 40 22 66 -52 -83 -85 -24 -77
38 -89 -71 58 -8 67 95 -79 -16 87
39 40 31 -74 31 -75 76 -22 37 -97
-58 -97 83 89 0 88 -1 -59 83 80
-98 50 95 -90 29 52 -28 8 -60 95
-4 22 -92 47 42 77 -88 -90 11 82
42 48 -15 -81 56 -7 95 -97 1 2
