55 -60 -94 -60 5 -60 -19 -60 80 -60
-69 -60 30 -60 -25 -60 74 -60 -75 -60
24 -60 0 -60 99 -60 -50 -60 49 -60
-37 -60 62 -60 -87 -60 12 -60 -12 -60
87 -60 -62 -60 37 -60 -36 -60 63 -60
-86 -60 13 -60 -11 -60 88 -60 -61 -60
38 -60 -48 -60 51 -60 -98 -60 1 -60
-23 -60 76 -60 -73 -60 26 -60 -30 -60
69 -60 -80 -60 19 -60 -5 -60 94 -60
-55 -60 44 -60 -42 -60 57 -60 -92 -60
7 -60 -17 -60 82 -60 -67 -60 32 -60
-33 -60 66 -60 -83 -60 16 -60 -8 -60
91 -60 -58 -60 41 -60 -45 -60 54 -60
-95 -60 4 -60 -20 -60 79 -60 -70 -60
29 -60 -26 -60 73 -60 -76 -60 23 -60
-1 -60 98 -60 -51 -60 48 -60 -39 -60
60 -60 -89 -60 10 -60 -14 -60 85 -60
-64 -60 35 -60 -35 -60 64 -60 -85 -60
14 -60 -10 -60 89 -60 -60 -60 39 -60
-48 -60 51 -60 -98 -60 1 -60 -23 -60
76 -60 -73 -60 26 -60 -29 -60 70 -60
-79 -60 20 -60 -4 -60 95 -60 -54 -60
45 -60 -41 -60 58 -60 -91 -60 8 -60
-16 -60 83 -60 -66 -60 33 -60 -32 -60
67 -60 -82 -60 17 -60 -7 -60 92 -60
-57 -60 42 -60 -45 -60 54 -60 -95 -60
4 -60 -20 -60 79 -60 -70 -60 29 -60
-26 -60 73 -60 -76 -60 23 -60 -1 -60
98 -60 -51 -60 48 -60 -38 -60 61 -60
-88 -60 11 -60 -13 -60 86 -60 -63 -60
36 -60 -37 -60 62 -60 -87 -60 12 -60
-12 -60 87 -60 -62 -60 37 -60 -49 -60
50 -60 -99 -60 0 -60 -24 -60 75 -60
-74 -60 25 -60 -31 -60 68 -60 -81 -60
18 -60 -6 -60 93 -60 -56 -60 43 -60
-43 -60 56 -60 -93 -60 6 -60 -18 -60
81 -60 -68 -60 31 -60 -34 -60 65 -60
-84 -60 15 -60 -9 -60 90 -60 -59 -60
40 -60 -46 -60 53 -60 -96 -60 3 -60
-21 -60 78 -60 -71 -60 28 -60 -27 -60
72 -60 -77 -60 22 -60 -2 -60 97 -60
-52 -60 47 -60 -40 -60 59 -60 -90 -60
9 -60 -15 -60 84 -60 -65 -60 34 -60
-34 -60 65 -60 -84 -60 15 -60 -9 -60
90 -60 -59 -60 40 -60 -47 -60 52 -60
-97 -60 2 -60 -22 -60 77 -60 -72 -60
27 -60 -28 -60 71 -60 -78 -60 21 -60
-3 -60 96 -60 -53 -60 46 -60 -41 -60
58 -60 -91 -60 8 -60 -16 -60 83 -60
-66 -60 33 -60 -31 -60 68 -60 -81 -60
18 -60 -6 -60 93 -60 -56 -60 43 -60
-44 -60 55 -60 -94 -60 5 -60 -19 -60
80 -60 -69 -60 30 -60 -25 -60 74 -60
-75 -60 24 -60 0 -60 99 -60 -50 -60
49 -60 -38 -60 61 -60 -88 -60 11 -60
-13 -60 86 -60 -63 -60 36 -60 -36 -60
63 -60 -86 -60 13 -60 -11 -60 88 -60
-61 -60 38 -60 -48 -60 51 -60 -98 -60
1 -60 -23 -60 76 -60 -73 -60 26 -60
-30 -60 69 -60 -80 -60 19 -60 -5 -60
94 -60 -55 -60 44 -60 -42 -60 57 -60
-92 -60 7 -60 -17 -60 82 -60 -67 -60
32 -60 -33 -60 66 -60 -83 -60 16 -60
-8 -60 91 -60 -58 -60 41 -60 -45 -60
54 -60 -95 -60 4 -60 -20 -60 79 -60
-70 -60 29 -60 -27 -60 72 -60 -77 -60
22 -60 -2 -60 97 -60 -52 -60 47 -60
-39 -60 60 -60 -89 -60 10 -60 -14 -60
85 -60 -64 -60 35 -60 -35 -60 64 -60
-85 -60 14 -60 -10 -60 89 -60 -60 -60
39 -60 -47 -60 52 -60 -97 -60 2 -60
-22 -60 77 -60 -72 -60 27 -60 -29 -60
70 -60 -79 -60 20 -60 -4 -60 95 -60
-54 -60 45 -60 -41 -60 58 -60 -91 -60
8 -60 -16 -60 83 -60 -66 -60 33 -60
-32 -60 67 -60 -82 -60 17 -60 -7 -60
92 -60 -57 -60 42 -60 -44 -60 55 -60
-94 -60 5 -60 -19 -60 80 -60 -69 -60
30 -60 -25 -60 74 -60 -75 -60 24 -60
0 -60 99 -60 -50 -60 49 -60 -38 -60
61 -60 -88 -60 11 -60 -13 -60 86 -60
-63 -60 36 -60 -36 -60 63 -60 -86 -60
13 -60 -11 -60 88 -60 -61 -60 38 -60
-49 -60 50 -60 -99 -60 0 -60 -24 -60
75 -60 -74 -60 25 -60 -30 -60 69 -60
-80 -60 19 -60 -5 -60 94 -60 -55 -60
44 -60 -43 -60 56 -60 -93 -60 6 -60
-18 -60 81 -60 -68 -60 31 -60 -33 -60
66 -60 -83 -60 16 -60 -8 -60 91 -60
-58 -60 41 -60 -46 -60 53 -60 -96 -60
3 -60 -21 -60 78 -60 -71 -60 28 -60
-27 -60 72 -60 -77 -60 22 -60 -2 -60
97 -60 -52 -60 47 -60 -40 -60 59 -60
-90 -60 9 -60 -15 -60 84 -60 -65 -60
34 -60 -34 -60 65 -60 -84 -60 15 -60
-9 -60 90 -60 -59 -60 40 -60 -47 -60
52 -60 -97 -60 2 -60 -22 -60 77 -60
-72 -60 27 -60 -28 -60 71 -60 -78 -60
21 -60 -3 -60 96 -60 -53 -60 46 -60
-40 -60 59 -60 -90 -60 9 -60 -15 -60
