-30 -59 90 -85 -83 63 -39 -66 -60 -47
-13 63 -38 93 3 -38 -72 -72 52 79
-84 -30 37 77 -37 87 98 2 -26 -6
21 -46 -51 7 87 75 -86 10 -60 96
-86 -56 -4 -43 39 98 20 -85 12 90
-12 -81 -31 -47 -23 -20 19 7 -28 37
-16 -78 -49 65 36 7 -75 -86 -24 -16
78 -82 26 25 -43 -15 87 80 -19 -29
-13 -45 -87 15 -49 -66 89 -3 -17 -34
45 23 98 -94 -41 31 -51 47 -36 99
-19 -56 2 82 42 64 36 -22 -76 99
20 -75 -61 -39 24 -12 15 13 91 -52
-66 27 -71 -14 31 -81 -51 -2 -6 81
-67 8 18 -2 95 25 45 65 -30 -22
-49 99 -48 48 -70 -49 -5 -48 3 48
87 13 -92 53 -57 -25 35 -88 -66 -52
-13 -56 96 -16 -9 4 -49 -99 16 -76
-8 -84 32 44 -21 68 38 66 -69 72
18 22 -91 -49 -49 38 70 7 39 90
19 -48 22 -25 30 86 -43 -51 20 59
53 13 -1 -6 -8 97 50 32 34 -49
72 -50 0 24 -18 -7 -39 -79 -61 -24
-8 -47 -36 10 29 31 28 21 27 -89
89 -27 43 20 22 2 36 -98 -46 -83
-55 -76 4 -45 26 70 -57 30 -13 -53
-46 40 -1 -22 -51 32 -91 81 -21 -27
-57 -84 -67 62 -18 85 6 28 -95 71
84 -5 -7 93 99 -57 -70 98 -61 -44
-24 -95 29 -5 -8 -67 -72 97 83 60
-74 -28 -67 -87 98 -41 -28 -71 -60 83
92 -6 9 -83 6 -33 -16 -39 11 -50
50 -76 -41 -34 -42 -72 -28 -24 -36 -76
44 -7 58 -3 -96 -8 10 9 -39 -50
-60 23 43 -8 31 88 -13 94 -70 -28
24 48 96 -26 -51 -48 -8 51 -70 -46
21 -49 -2 -47 -34 -41 -71 -14 82 -39
59 -49 52 41 64 -95 -63 -52 -74 -4
-35 47 -96 20 44 -83 -39 11 52 -98
77 13 72 -15 34 68 83 38 43 80
-64 -93 1 -41 -4 54 -49 -29 55 49
-63 92 -57 -32 27 31 4 -39 43 -11
-54 72 77 -41 -91 58 0 -29 76 38
-59 -39 36 86 -88 -25 -68 53 -26 5
94 4 -88 -83 -30 75 -96 -58 42 53
-46 -8 -82 -73 96 -83 32 12 41 -59
-73 -20 -45 -99 -96 -30 30 -24 88 -36
-34 -3 -26 29 58 78 59 1 32 -62
39 -50 84 -66 97 -24 92 63 57 76
20 -41 63 -82 76 -18 -2 -7 -24 -26
-13 -71 10 -47 67 -93 -68 -35 89 94
-24 -7 -19 -18 -57 -53 6 -52 -6 -31
87 -17 29 43 -43 -43 -91 -90 -59 33
-70 99 -35 -26 14 77 26 20 3 95
-70 -37 -53 -55 -92 -53 -26 -83 -88 57
49 14 72 -70 -97 -15 -81 35 96 -5
-2 -54 -86 -15 -20 23 -97 -37 36 78
-48 20 24 -80 44 -88 21 -98 -94 27
88 71 30 70 -64 33 61 61 -69 -56
-57 -46 18 1 85 12 99 -1 -57 5
-83 55 10 92 10 -85 73 -47 29 44
89 41 94 -58 92 -34 52 97 -71 8
96 76 0 -16 -90 -63 85 -5 -23 -76
-36 50 84 -97 -31 -36 3 90 78 -22
-21 -34 8 -77 -82 -63 7 -41 -57 -9
-21 46 37 40 10 -22 36 -37 -71 83
-29 -56 -96 -31 21 -79 19 -98 -14 69
46 72 -84 -58 -92 -9 85 -69 -30 -17
36 -66 -70 17 15 92 26 11 -75 -43
-87 -97 -48 -74 52 -96 -98 31 39 -12
16 -90 96 -9 -64 39 98 11 -52 62
-7 -73 -88 55 96 -54 -10 77 -61 25
58 -68 -44 -10 -51 67 36 -66 23 -37
78 57 -50 -51 87 -44 -41 81 53 23
-36 -43 25 -64 70 -75 58 -52 99 32
-45 -54 -11 -7 9 23 -67 43 56 98
42 -77 95 65 81 65 93 2 -2 -14
56 68 7 -14 -31 -10 68 30 24 50
-94 -62 -5 -84 -80 -15 18 -89 11 -12
-66 -44 -51 -2 -46 59 -98 31 71 -36
48 22 83 -62 6 -73 -61 -1 -10 18
55 49 -57 -46 -1 -2 4 1 -85 -23
-21 -29 71 -61 -76 -26 -46 -57 52 67
-88 13 -99 91 -19 81 -36 -88 -85 25
-35 -20 12 -77 39 75 -7 -86 60 -35
70 59 -36 -35 65 86 63 -8 1 52
-3 94 -33 -22 0 46 -50 -39 -34 -61
-20 -46 -59 64 -70 -67 64 95 -60 58
-40 13 82 88 59 -80 78 97 68 -59
85 -40 -82 64 -72 -95 51 41 43 11
-43 -33 63 -96 -66 67 -11 -29 44 -3
40 39 61 -91 -6 -21 54 4 29 -28
3 -77 -64 -10 64 -60 84 21 49 41
21 -21 -63 11 45 37 -23 47 67 -59
-37 96 -19 -45 53 27 81 -17 -42 92
46 78 19 56 -25 51 42 -48 71 -68
-77 -98 -79 19 -12 55 84 -50 47 -85
99 9 -3 -24 25 47 98 -92 -90 31
-57 35 -4 -62 24 95 -46 91 57 -14
30 80 37 53 -4 -48 44 -82 -26 90
-50 -51 12 -49 -32 -47 -60 38 33 43
