71 -41 -85 47 8 90 60 -87 44 79
24 70 -92 16 44 -46 -70 -93 53 65
70 -56 -27 92 -95 5 87 72 17 88
-98 17 34 -18 18 21 -68 -43 -9 -1
-79 71 -8 71 40 81 57 27 54 -49
50 -16 39 -34 -79 61 54 54 -73 37
74 73 -85 49 15 59 -60 -62 -58 -71
-66 76 -96 30 33 93 32 -4 18 -61
30 99 -57 -43 -81 75 3 93 -81 -80
94 -4 -8 13 82 -30 -46 50 69 -19
-52 49 -46 -7 -92 -7 0 -69 61 -25
-64 57 0 -10 65 -85 -7 52 57 38
-37 -44 -28 -50 -5 -40 4 -34 -1 93
52 64 30 -24 20 -86 31 -52 -22 -12
15 -2 13 -49 -37 -83 -2 97 -55 20
9 -6 -87 87 -96 34 2 -37 9 -28
86 -42 -2 -74 70 99 38 -56 -15 -63
6 -98 10 88 78 -74 -20 46 -92 -94
-34 -69 -75 26 42 -61 -72 60 33 -70
-35 -31 -74 33 67 92 54 68 14 37
23 63 -36 33 -93 -29 -21 70 46 -18
-69 78 20 -52 75 44 53 -19 27 -39
7 -44 1 -3 -24 -71 33 40 -28 38
-34 -93 -21 84 15 -8 16 28 79 27
57 38 22 -8 30 85 93 -10 -61 3
-34 27 -28 6 -58 85 73 -44 -9 -32
-5 -25 -71 -15 14 -37 87 62 23 18
-8 65 -27 -43 -54 -66 -93 81 -18 -42
-87 -23 -8 -11 -46 88 84 41 -8 -34
33 1 -96 -55 -25 -38 42 -86 -54 -86
37 -20 -29 -1 -93 -56 18 66 -95 0
-57 -10 45 57 3 0 19 1 72 -16
-89 -10 8 -46 64 33 23 -25 25 -32
-39 -7 -71 38 6 -72 87 70 -81 97
2 -94 18 -95 62 77 -24 -88 2 15
4 -44 3 -39 -92 -44 50 -20 -80 -84
93 -42 -92 52 45 -76 66 -98 -12 -41
-38 -20 82 20 20 -2 74 27 -82 13
95 88 72 59 14 0 76 57 -64 -77
0 69 0 93 -6 88 -31 11 -91 -57
-69 -89 27 26 24 50 94 -58 61 -4
-41 55 0 -51 -97 97 -98 -33 -26 -63
-63 20 56 51 97 85 98 -48 -64 55
91 -70 67 -99 8 -94 52 -84 -4 2
84 45 -13 84 -39 -86 -11 -87 -91 34
-12 -28 64 -93 0 -42 -95 -2 84 -92
-41 -18 96 54 48 25 -13 22 -63 -37
-74 -92 -26 -14 49 -33 81 -57 41 90
-69 -7 -85 54 28 -65 18 -45 47 27
89 -80 -12 -42 57 28 -52 93 65 -51
-32 10 -84 -81 33 -82 51 32 -38 -85
-53 8 -17 -90 11 29 -53 -75 70 -83
-27 -5 -5 44 -90 34 -22 63 38 -44
-93 -69 5 33 48 -13 -62 -17 91 97
-38 85 -3 -54 64 -53 -97 -2 -58 58
65 51 44 -37 -79 -77 65 -3 73 65
65 -10 -32 -18 -87 46 48 -36 -26 -3
63 -4 -78 -77 7 -61 -69 27 -2 81
80 42 55 -28 -13 31 22 -24 97 6
65 -27 17 6 36 -27 47 10 57 -37
-2 30 37 59 37 -29 18 -53 -7 12
-91 -95 -90 -45 -51 38 -82 65 -41 -73
-56 -40 63 44 3 11 96 -83 -99 -86
-21 -89 41 57 -88 -73 -89 -3 -38 47
78 31 -66 28 -82 33 -39 -91 96 -2
-26 -12 5 -94 -56 36 46 -27 67 31
-60 11 33 -67 75 -93 42 87 -77 -53
-45 -86 70 -2 63 -19 -88 -3 72 -21
-57 -87 81 25 -29 -26 -55 40 15 81
-97 35 -80 -39 -87 -50 -42 89 -10 16
63 -50 -48 74 24 -68 43 92 94 -43
-16 -79 18 48 70 64 -98 51 -48 -22
-81 62 79 -13 -11 48 37 -33 7 26
-97 54 -52 95 -58 28 -58 -16 -33 -18
87 49 52 -78 -54 -31 65 -28 -94 97
45 -5 27 -89 -88 90 40 -14 -97 -92
19 77 -46 -29 31 -27 13 46 66 -51
-72 40 -17 -88 49 32 58 67 -14 -71
-31 -27 45 27 -43 33 -21 -8 -80 -98
-33 -7 68 67 97 -76 78 76 55 -84
-92 -20 60 14 -80 -84 -95 0 -77 88
3 14 91 67 61 -74 -3 -43 36 41
-84 -78 4 -39 -64 37 11 56 35 1
20 61 -76 -7 -7 -26 -14 58 15 95
49 -59 70 -70 -47 -50 -13 -97 84 -46
-90 17 64 -81 74 -77 -13 -38 29 31
-4 29 -87 -76 98 -47 -19 14 70 62
-46 98 -95 -77 23 -13 -16 -92 -21 -82
-54 94 -76 -21 -8 50 30 44 50 -7
6 51 13 92 98 -23 42 31 -76 71
-26 69 -17 83 12 -97 89 24 52 31
-49 -3 -97 90 48 55 87 -16 84 -54
25 -51 62 46 -40 -40 -86 56 34 92
29 -87 -40 63 9 46 29 -91 13 23
23 -96 22 -19 6 -54 -11 67 80 3
0 -94 74 57 -62 -87 -58 -27 -52 66
38 89 36 -86 64 2 98 -40 5 -11
-83 -81 34 -88 -49 -90 84 -15 54 65
-71 -71 49 -43 -48 -68 -52 35 -64 -31
65 -77 -63 99 -62 -12 -69 14 -29 -40
