36 -94 9 61 8 99 96 -78 -52 -44
10 59 -40 -33 -6 51 39 -79 9 -14
-50 -32 68 87 55 -32 -34 -20 20 -93
-74 -30 -94 42 -70 47 7 -54 -88 84
25 -14 32 -34 -42 47 91 -95 -6 -94
87 21 -57 13 -56 9 7 57 -43 -96
70 50 -22 -46 -16 -3 -15 91 -76 57
18 -88 38 88 -2 84 76 -81 -52 -24
37 -31 -60 -66 -48 99 -42 -95 -43 63
-24 -44 -81 -96 70 9 43 24 84 -16
95 -4 19 -57 -59 -64 -88 -9 91 -54
69 33 -14 93 99 76 -31 -34 85 -30
-86 -42 77 45 84 81 21 -14 -69 64
-42 0 72 15 -30 -32 44 -45 3 -24
38 25 -44 83 40 -65 -29 -31 29 52
-13 64 -31 49 16 11 54 30 -65 -44
-23 -66 44 -97 -57 -54 -37 -75 -84 -32
-62 15 -10 29 -85 70 -1 -12 80 -18
77 -40 23 54 -96 83 43 -98 5 43
5 8 -69 -60 39 89 41 75 -25 -91
-9 -23 -84 -97 49 14 5 -31 -67 -8
-50 70 -58 46 9 1 -92 4 34 -55
-3 -12 68 9 -57 -29 17 -35 89 23
-62 29 43 1 75 97 -9 96 12 -84
99 -9 -40 68 77 -10 32 11 92 25
25 82 73 32 -40 94 81 -25 -36 -5
-17 -62 84 -24 -71 8 15 -72 -15 41
-68 63 92 68 -88 35 -24 -24 -42 -71
-26 -75 9 -81 88 -82 11 -43 76 -90
-80 69 4 44 10 54 87 5 32 27
-20 -90 6 -1 -69 24 -15 -17 -37 -85
0 -83 -65 6 -49 45 14 -13 69 72
43 -89 -52 -31 35 -41 45 -58 -84 -15
-80 -69 56 21 -94 98 17 1 -74 22
41 -14 -4 -19 -47 -9 -89 44 48 -4
99 83 -32 -10 31 42 -57 96 69 -49
-27 69 -75 42 -15 -82 68 1 22 44
-43 -78 -34 -23 18 -11 -9 1 17 89
77 -37 24 -22 -77 -27 31 -59 46 3
58 67 -36 25 9 44 77 44 -47 -27
67 1 93 -41 -49 3 46 64 -69 -57
15 7 21 -57 -31 70 -83 -10 -53 -23
26 -17 11 -54 -26 -87 80 23 18 -71
44 61 36 -22 65 -23 -59 -63 -92 25
-73 -69 26 -81 82 -27 18 -67 92 -65
-29 -81 69 59 57 45 71 51 -28 58
39 -34 0 -83 -88 -92 72 -2 -45 82
21 -83 -94 -82 83 38 19 -3 40 20
-7 79 -82 71 42 66 -52 3 -28 32
-38 -25 35 29 9 68 -83 86 -17 52
-32 -18 7 2 -24 12 30 -59 56 74
-23 -4 28 55 83 57 91 -92 0 -21
12 -45 46 30 91 -44 64 73 85 31
20 -25 -43 39 -33 -9 -57 -13 79 -21
88 -26 -24 22 -23 -8 65 67 71 0
-55 10 -84 43 -84 -73 -10 13 -29 24
84 -99 -72 52 -87 57 88 -29 -95 85
91 35 86 -41 -65 -45 -73 -11 92 -14
-52 98 60 59 -74 13 40 -6 -87 37
-66 -11 -63 -62 -26 74 -66 69 -27 11
81 -66 60 -79 -4 82 -59 -44 22 -2
-94 -53 -32 -56 -94 -7 44 -35 -89 73
-91 -23 -59 48 41 7 -15 -81 -60 83
90 -88 23 13 15 14 4 -97 66 -80
13 -66 7 22 -5 -88 -99 91 42 13
52 27 -14 -34 80 65 20 -58 -12 86
36 -83 -27 13 -93 -50 72 68 32 -71
-33 54 66 -78 10 89 88 -9 3 -22
-35 -62 -30 -3 37 72 -90 19 53 7
-44 -82 -3 71 -67 -56 -50 27 -90 85
-24 -91 35 76 10 -58 -29 -43 -80 2
59 -81 -23 87 -91 -78 95 76 -29 -81
-37 16 -29 63 -18 -28 19 -81 -18 36
42 33 96 -36 35 -26 11 16 -25 -71
-97 -68 -7 95 -16 -51 -99 -88 -66 38
-88 -88 63 67 16 -99 25 -89 -95 8
89 34 4 -56 11 54 -72 3 80 6
11 -47 -84 36 -81 -24 -63 20 53 -64
-62 47 32 -1 14 82 19 -41 93 -70
-76 -43 -63 48 -45 83 16 8 -51 24
10 59 53 -63 36 -31 -31 2 61 -52
74 88 -88 -43 -62 66 -25 64 86 1
-95 -19 16 63 -9 66 -93 -11 40 37
20 -25 -41 56 -55 71 41 28 -89 -22
15 53 56 -52 -32 -68 -83 -36 43 87
-93 68 -64 37 95 -95 28 62 94 55
-44 59 -5 -30 16 76 9 -85 74 37
-57 -77 31 15 91 -65 59 -9 9 65
-73 60 75 46 21 -35 9 -81 -39 -33
9 -60 58 37 -94 -34 77 -78 27 -15
62 16 69 -15 17 -93 -87 0 38 22
83 25 80 -90 -50 -15 90 52 71 87
31 -88 -22 -34 -2 5 34 36 96 76
49 -43 -33 -34 -32 -27 25 -9 -8 77
31 -11 3 -81 -50 -20 32 -80 64 -73
75 9 -10 -15 -81 -96 -93 81 -60 43
-61 54 -89 -94 -19 76 29 45 43 -38
6 45 65 21 8 49 22 -19 86 -87
81 -67 -94 -38 5 6 -51 -91 55 -61
-29 -98 -11 37 94 9 -42 -48 61 -15
