84 -63 -65 -63 34 -63 -34 -63 65 -63
-84 -63 15 -63 -9 -63 90 -63 -59 -63
40 -63 -47 -63 52 -63 -97 -63 2 -63
-22 -63 77 -63 -72 -63 27 -63 -28 -63
71 -63 -78 -63 21 -63 -3 -63 96 -63
-53 -63 46 -63 -41 -63 58 -63 -91 -63
8 -63 -16 -63 83 -63 -66 -63 33 -63
-31 -63 68 -63 -81 -63 18 -63 -6 -63
93 -63 -56 -63 43 -63 -44 -63 55 -63
-94 -63 5 -63 -19 -63 80 -63 -69 -63
30 -63 -25 -63 74 -63 -75 -63 24 -63
0 -63 99 -63 -50 -63 49 -63 -37 -63
62 -63 -87 -63 12 -63 -12 -63 87 -63
-62 -63 37 -63 -36 -63 63 -63 -86 -63
13 -63 -11 -63 88 -63 -61 -63 38 -63
-48 -63 51 -63 -98 -63 1 -63 -23 -63
76 -63 -73 -63 26 -63 -30 -63 69 -63
-80 -63 19 -63 -5 -63 94 -63 -55 -63
44 -63 -42 -63 57 -63 -92 -63 7 -63
-17 -63 82 -63 -67 -63 32 -63 -33 -63
66 -63 -83 -63 16 -63 -8 -63 91 -63
-58 -63 41 -63 -45 -63 54 -63 -95 -63
4 -63 -20 -63 79 -63 -70 -63 29 -63
-26 -63 73 -63 -76 -63 23 -63 -1 -63
98 -63 -51 -63 48 -63 -39 -63 60 -63
-89 -63 10 -63 -14 -63 85 -63 -64 -63
35 -63 -35 -63 64 -63 -85 -63 14 -63
-10 -63 89 -63 -60 -63 39 -63 -47 -63
52 -63 -97 -63 2 -63 -22 -63 77 -63
-72 -63 27 -63 -28 -63 71 -63 -78 -63
21 -63 -3 -63 96 -63 -53 -63 46 -63
-41 -63 58 -63 -91 -63 8 -63 -16 -63
83 -63 -66 -63 33 -63 -32 -63 67 -63
-82 -63 17 -63 -7 -63 92 -63 -57 -63
42 -63 -44 -63 55 -63 -94 -63 5 -63
-19 -63 80 -63 -69 -63 30 -63 -25 -63
74 -63 -75 -63 24 -63 0 -63 99 -63
-50 -63 49 -63 -38 -63 61 -63 -88 -63
11 -63 -13 -63 86 -63 -63 -63 36 -63
-36 -63 63 -63 -86 -63 13 -63 -11 -63
88 -63 -61 -63 38 -63 -49 -63 50 -63
-99 -63 0 -63 -24 -63 75 -63 -74 -63
25 -63 -30 -63 69 -63 -80 -63 19 -63
-5 -63 94 -63 -55 -63 44 -63 -42 -63
57 -63 -92 -63 7 -63 -17 -63 82 -63
-67 -63 32 -63 -33 -63 66 -63 -83 -63
16 -63 -8 -63 91 -63 -58 -63 41 -63
-46 -63 53 -63 -96 -63 3 -63 -21 -63
78 -63 -71 -63 28 -63 -27 -63 72 -63
-77 -63 22 -63 -2 -63 97 -63 -52 -63
47 -63 -39 -63 60 -63 -89 -63 10 -63
-14 -63 85 -63 -64 -63 35 -63 -34 -63
65 -63 -84 -63 15 -63 -9 -63 90 -63
-59 -63 40 -63 -46 -63 53 -63 -96 -63
3 -63 -21 -63 78 -63 -71 -63 28 -63
-28 -63 71 -63 -78 -63 21 -63 -3 -63
96 -63 -53 -63 46 -63 -40 -63 59 -63
-90 -63 9 -63 -15 -63 84 -63 -65 -63
34 -63 -31 -63 68 -63 -81 -63 18 -63
-6 -63 93 -63 -56 -63 43 -63 -43 -63
56 -63 -93 -63 6 -63 -18 -63 81 -63
-68 -63 31 -63 -25 -63 74 -63 -75 -63
24 -63 0 -63 99 -63 -50 -63 49 -63
-37 -63 62 -63 -87 -63 12 -63 -12 -63
87 -63 -62 -63 37 -63 -35 -63 64 -63
-85 -63 14 -63 -10 -63 89 -63 -60 -63
39 -63 -48 -63 51 -63 -98 -63 1 -63
-23 -63 76 -63 -73 -63 26 -63 -29 -63
70 -63 -79 -63 20 -63 -4 -63 95 -63
-54 -63 45 -63 -42 -63 57 -63 -92 -63
7 -63 -17 -63 82 -63 -67 -63 32 -63
-32 -63 67 -63 -82 -63 17 -63 -7 -63
92 -63 -57 -63 42 -63 -45 -63 54 -63
-95 -63 4 -63 -20 -63 79 -63 -70 -63
29 -63 -26 -63 73 -63 -76 -63 23 -63
-1 -63 98 -63 -51 -63 48 -63 -39 -63
60 -63 -89 -63 10 -63 -14 -63 85 -63
-64 -63 35 -63 -35 -63 64 -63 -85 -63
14 -63 -10 -63 89 -63 -60 -63 39 -63
-48 -63 51 -63 -98 -63 1 -63 -23 -63
76 -63 -73 -63 26 -63 -29 -63 70 -63
-79 -63 20 -63 -4 -63 95 -63 -54 -63
45 -63 -42 -63 57 -63 -92 -63 7 -63
-17 -63 82 -63 -67 -63 32 -63 -32 -63
67 -63 -82 -63 17 -63 -7 -63 92 -63
-57 -63 42 -63 -45 -63 54 -63 -95 -63
4 -63 -20 -63 79 -63 -70 -63 29 -63
-26 -63 73 -63 -76 -63 23 -63 -1 -63
98 -63 -51 -63 48 -63 -39 -63 60 -63
-89 -63 10 -63 -14 -63 85 -63 -64 -63
35 -63 -37 -63 62 -63 -87 -63 12 -63
-12 -63 87 -63 -62 -63 37 -63 -49 -63
50 -63 -99 -63 0 -63 -24 -63 75 -63
-74 -63 25 -63 -31 -63 68 -63 -81 -63
18 -63 -6 -63 93 -63 -56 -63 43 -63
-43 -63 56 -63 -93 -63 6 -63 -18 -63
81 -63 -68 -63 31 -63 -34 -63 65 -63
-84 -63 15 -63 -9 -63 90 -63 -59 -63
40 -63 -46 -63 53 -63 -96 -63 3 -63
-21 -63 78 -63 -71 -63 28 -63 -28 -63
