51 92 80 12 9 113 125 101 75 23 95 85 104 115 40 122 77 45 123 112 94 100 55 109 68 117 49 20 39 10 126 0 4 91 1 33 22 17 102 24 27 46 58 99 44 67 59 105 65 78 21 71 31 38 29 62 110 2 3 120 32 18 72 53 88 87 103 15 121 54 34 16 70 6 52 8 86 57 13 98 25 43 26 61 93 74 64 81 60 69 119 106 47 28 37 41 11 19 111 82 14 63 108 76 79 36 73 48 5 83 42 35 50 84 56 89 66 90 116 124 30 114 118 7 96 107 97
26 101 68 113 72 66 94 102 58 36 49 4 22 70 76 9 108 123 11 3 92 47 56 62 125 28 50 64 32 23 45 104 30 46 88 14 83 100 78 116 93 29 24 20 84 77 75 34 103 97 124 60 54 2 73 5 61 31 85 98 39 13 105 6 87 8 48 86 53 37 109 59 106 25 81 21 117 35 65 120 71 119 115 89 33 96 80 95 27 51 7 82 79 126 16 38 52 1 122 42 110 91 17 63 107 15 74 121 41 12 19 43 67 57 90 118 40 0 112 10 111 69 55 18 44 114 99
2 108 80 124 106 91 61 14 111 9 3 121 19 41 11 88 117 45 37 26 48 103 93 47 38 109 104 87 82 53 105 20 34 74 40 102 29 39 116 17 92 118 78 89 114 69 5 63 65 115 112 12 76 110 97 113 44 46 16 13 60 10 95 86 100 31 72 36 24 84 126 96 43 8 64 120 35 54 52 21 98 6 57 67 59 27 66 50 107 4 71 49 28 75 1 22 18 58 83 23 123 15 32 94 81 30 85 73 0 25 119 90 70 62 79 55 125 99 7 33 56 101 68 77 42 122 51
18 84 34 56 38 60 25 89 24 50 94 74 73 55 76 79 41 110 13 77 71 99 45 31 32 62 103 90 122 109 43 17 19 123 35 88 47 3 9 124 87 111 114 52 115 39 70 57 92 96 95 66 107 12 26 37 75 30 2 105 51 4 80 14 119 120 59 68 0 42 106 121 28 36 100 118 61 85 22 101 46 1 78 58 7 117 15 65 86 108 116 113 97 63 72 91 33 20 83 112 48 40 23 98 81 67 69 6 82 8 27 16 93 21 11 125 29 49 102 44 5 104 10 54 53 126 64
118 59 32 15 46 69 107 104 41 120 23 9 74 83 39 119 60 53 21 114 44 10 65 5 80 16 51 82 73 87 113 126 0 100 4 108 78 2 117 116 103 67 24 89 12 29 34 66 95 79 92 13 123 40 1 8 6 19 84 88 122 94 47 54 85 61 50 37 20 57 99 115 58 124 72 97 111 77 36 125 25 62 49 31 112 96 68 33 93 121 105 63 86 18 45 3 56 14 26 70 109 42 64 91 27 81 22 55 101 52 106 28 102 17 30 48 98 76 71 43 7 35 90 110 75 38 11
119 104 65 102 12 17 91 101 2 121 40 55 15 110 29 19 77 103 35 73 56 64 13 0 61 79 117 41 89 116 48 11 97 118 10 7 21 72 5 8 52 49 123 78 90 80 83 6 24 28 86 22 58 124 9 111 26 70 75 46 33 34 71 62 47 59 30 95 81 125 74 54 87 42 16 107 51 114 112 85 98 96 31 36 94 68 50 20 105 23 88 122 14 38 100 67 63 32 37 44 45 82 115 1 43 60 92 57 93 109 113 18 4 99 53 66 3 76 106 25 69 120 126 108 27 39 84
112 84 22 23 101 62 96 81 56 29 118 64 76 113 117 68 122 9 38 35 30 114 110 100 106 77 95 124 63 71 65 85 19 126 51 107 54 94 103 4 42 26 98 50 10 37 58 48 69 5 44 41 88 31 121 86 6 17 57 13 80 46 53 14 8 123 1 16 34 11 115 0 109 74 33 60 75 119 39 67 55 52 15 66 24 104 45 21 97 59 111 89 25 92 105 18 93 2 40 78 28 36 20 47 83 91 116 49 79 72 61 73 7 27 90 87 70 108 3 120 125 82 102 99 43 32 12
83 113 78 92 84 39 102 66 7 17 121 40 98 60 116 10 24 50 42 0 85 69 28 5 45 55 96 21 57 58 8 16 109 87 31 33 93 101 59 90 11 111 124 77 13 115 52 119 67 14 73 61 126 82 88 63 44 91 117 22 122 99 19 34 97 71 53 108 30 65 20 74 32 123 89 47 79 76 81 43 4 25 114 46 1 125 105 3 29 94 37 18 104 48 100 118 70 80 103 95 27 35 106 23 51 62 12 36 56 120 15 112 38 49 110 6 72 2 54 107 86 64 68 9 41 75 26
55 47 58 103 90 60 95 102 22 25 111 88 29 54 49 120 61 107 34 28 114 46 20 39 51 50 21 126 75 27 42 33 89 77 14 68 38 18 0 1 109 94 64 121 72 24 9 117 12 59 108 119 6 45 70 101 15 124 31 16 43 37 110 19 105 91 98 3 56 5 92 84 115 23 96 78 83 7 112 57 100 118 30 97 86 66 106 40 123 104 93 52 32 36 65 11 80 62 125 85 4 122 26 71 44 13 73 69 87 79 113 10 81 116 8 48 17 63 67 99 76 35 53 74 41 2 82
63 28 114 53 106 18 3 64 15 65 5 98 101 111 23 9 123 17 25 33 27 74 83 69 4 93 12 10 26 57 61 96 82 39 42 104 16 85 8 95 87 67 78 107 79 81 38 19 24 43 122 86 105 99 48 55 97 92 113 1 46 112 7 102 75 117 6 108 54 120 34 84 36 21 115 124 88 31 118 89 22 20 125 90 59 73 62 71 49 11 37 91 121 51 126 70 100 2 13 41 29 44 35 76 68 60 77 109 40 14 0 50 32 80 110 119 72 45 52 30 94 47 58 56 66 103 116
73 84 62 35 123 108 33 75 27 12 91 87 48 5 98 93 41 40 8 68 86 52 19 121 81 64 90 119 96 25 42 103 51 113 97 111 1 67 29 23 78 13 79 31 71 37 9 69 34 17 104 24 65 99 16 72 94 10 39 107 47 50 116 3 15 77 4 74 109 66 125 26 14 57 120 54 22 58 61 122 0 124 80 88 46 102 56 100 53 7 89 45 63 44 20 6 11 126 59 101 118 18 49 92 43 76 38 82 2 106 105 36 117 55 85 114 21 110 30 32 95 112 115 28 70 60 83
83 51 5 113 18 100 7 73 99 36 77 120 17 93 41 95 2 53 35 39 33 80 13 48 63 3 1 108 98 11 79 44 43 0 26 24 12 61 57 126 125 67 9 105 71 19 106 97 124 64 60 70 23 112 76 4 55 82 29 34 66 118 114 94 27 92 115 15 56 16 54 88 78 86 121 90 49 50 109 84 69 14 52 42 40 30 101 58 21 38 31 62 117 46 8 72 123 111 37 45 102 103 75 25 110 116 22 10 32 85 89 74 68 59 122 81 47 20 104 65 91 6 96 119 28 87 107
39 22 87 91 46 57 125 115 111 2 63 93 15 6 24 74 33 77 88 103 37 119 36 69 80 48 85 79 82 126 3 83 26 81 72 30 40 90 58 23 31 4 16 102 94 0 11 18 7 42 105 25 13 21 96 70 112 123 116 55 95 114 28 19 5 9 68 45 120 1 64 99 100 71 121 89 38 10 34 14 86 49 104 66 65 97 61 109 20 101 32 59 73 27 76 60 84 41 110 117 53 52 47 50 54 118 78 98 67 8 92 56 43 107 75 113 44 62 122 106 17 124 51 108 12 35 29
10 76 25 112 14 94 107 113 65 31 38 21 84 106 59 5 69 7 53 9 91 55 0 42 33 37 111 49 27 20 124 57 35 71 17 29 115 60 90 41 75 103 123 40 2 52 36 45 23 30 16 86 122 89 19 119 4 92 121 54 32 77 63 88 102 105 101 116 22 34 48 67 64 80 74 44 97 72 6 39 28 117 108 62 83 85 96 61 98 8 13 3 120 43 118 110 50 47 78 56 11 104 24 26 93 95 99 114 51 82 18 81 109 79 87 58 100 125 68 70 73 46 66 15 12 1 126
49 36 65 13 8 31 124 81 91 104 17 12 54 98 95 122 67 52 82 90 78 76 113 7 24 74 18 111 117 58 120 5 126 99 57 45 110 11 16 64 10 0 72 61 1 43 14 69 21 71 79 6 103 44 56 97 47 34 92 63 32 101 42 114 118 123 40 38 25 2 94 108 27 84 59 39 68 85 48 53 22 75 73 119 26 109 102 60 86 28 33 19 96 37 87 116 93 70 89 29 66 106 20 105 115 30 83 46 62 50 121 80 112 41 55 15 35 23 9 125 88 107 100 4 3 51 77
70 28 22 66 62 99 64 124 67 73 47 94 49 69 112 13 113 100 9 103 7 55 120 51 114 26 80 17 57 88 50 87 72 117 110 38 10 16 48 2 76 91 119 27 25 96 83 58 126 78 82 43 5 41 21 79 107 116 14 42 65 30 125 71 84 74 109 8 115 31 44 86 61 121 11 20 101 98 53 60 12 105 15 90 54 4 97 32 6 3 1 46 29 108 37 24 92 106 75 18 68 95 56 93 77 19 104 122 35 85 23 81 40 89 45 36 102 111 34 123 52 0 39 33 118 59 63
43 102 73 120 59 34 48 17 77 57 52 29 28 101 19 1 31 37 85 32 42 35 117 5 110 104 23 83 7 87 41 22 89 44 109 98 113 123 97 103 8 60 65 15 116 67 106 119 24 107 68 58 53 93 88 105 50 46 74 121 91 64 76 0 81 11 111 39 86 71 90 100 125 72 51 3 66 49 78 84 114 75 99 18 118 4 80 61 21 26 13 70 92 82 38 45 122 115 108 30 94 69 2 20 27 47 10 12 54 55 14 40 63 112 79 62 6 95 56 36 9 25 126 33 16 124 96
5 7 96 43 16 50 94 65 87 70 29 108 100 48 25 126 53 3 107 58 72 98 64 110 11 9 80 27 59 78 67 36 26 103 30 13 101 15 82 1 0 111 119 33 102 123 8 66 55 49 71 91 113 19 45 83 112 93 90 120 54 47 86 124 24 22 10 73 44 74 34 114 28 97 118 117 35 6 41 32 104 105 14 122 51 106 75 40 21 63 61 38 76 92 77 4 37 57 52 81 84 20 99 46 85 116 2 31 39 79 18 42 88 125 68 60 56 62 109 95 115 12 17 121 89 69 23
87 8 74 66 15 76 64 43 58 17 119 5 36 21 49 104 6 86 83 40 25 84 14 77 54 73 28 89 115 39 78 90 27 105 95 26 51 125 70 71 29 16 121 102 50 37 45 118 120 32 1 52 41 117 93 88 24 107 123 109 108 7 55 38 110 80 94 11 48 63 67 97 81 65 126 30 113 98 35 47 19 79 69 112 44 101 56 34 2 9 106 116 31 85 60 42 99 122 23 124 75 22 10 33 53 13 59 12 103 96 46 100 68 20 61 111 82 114 92 0 72 57 18 3 4 62 91
97 38 100 7 8 102 112 56 113 57 58 42 10 52 91 45 110 106 31 61 62 107 74 6 64 85 101 0 92 40 89 51 47 21 33 72 22 15 79 78 81 73 66 55 49 96 29 109 5 124 19 120 1 14 41 4 44 123 118 32 117 115 27 26 99 17 104 67 114 16 53 63 126 36 86 88 98 65 82 77 105 20 9 11 28 2 80 3 119 87 13 25 59 94 116 71 103 43 84 121 70 46 68 50 95 37 125 108 93 111 83 35 90 24 18 76 75 48 54 39 34 122 60 23 69 30 12
38 84 67 117 15 37 105 125 86 98 74 27 42 48 33 25 76 31 18 70 30 97 88 100 53 124 26 44 19 63 52 12 93 41 23 51 47 69 13 46 96 94 121 95 65 22 77 14 108 83 62 89 81 29 10 56 24 118 6 7 113 34 72 61 75 36 66 40 16 90 91 43 64 68 59 115 54 92 82 5 4 11 60 123 32 21 106 20 107 109 0 55 2 9 39 119 71 101 35 102 45 126 3 114 85 111 73 122 104 8 103 78 50 116 57 49 99 1 58 120 17 79 28 112 80 87 110
125 3 24 33 60 106 91 71 78 122 99 70 73 94 118 107 17 98 105 48 115 35 100 1 120 29 58 117 119 12 95 23 80 109 7 114 74 28 6 57 83 52 84 41 44 97 31 47 40 76 56 34 43 65 11 67 10 61 102 19 54 13 66 92 8 51 111 53 25 20 55 59 79 39 72 36 16 88 113 104 90 85 0 77 38 96 46 5 45 108 9 49 87 14 89 75 86 63 15 62 101 124 37 30 26 27 121 21 103 18 68 22 112 93 42 123 2 69 116 64 126 32 81 82 4 50 110
37 81 112 115 121 21 90 96 73 51 44 3 40 56 113 20 54 126 34 69 89 109 119 24 18 124 98 123 38 59 32 25 100 35 26 102 79 17 57 53 76 117 120 122 15 45 19 58 31 23 36 83 43 95 9 71 5 66 94 11 61 125 88 28 60 82 41 27 91 80 93 110 8 10 39 108 105 92 65 55 30 104 1 87 68 52 13 29 77 33 99 42 50 118 22 49 72 114 70 62 7 46 78 84 48 14 107 86 16 4 2 101 74 103 6 111 97 67 64 0 12 85 75 106 63 116 47
1 2 120 125 36 99 44 100 111 108 3 40 113 41 61 78 5 25 77 50 52 85 48 59 89 37 91 10 74 26 33 102 51 70 21 94 67 66 23 72 58 15 87 19 0 96 30 53 6 54 83 84 7 73 12 42 126 122 24 55 117 104 110 35 103 32 4 123 92 34 69 27 22 81 16 64 80 47 105 43 28 121 93 39 116 119 101 97 98 13 90 17 45 9 62 38 63 86 112 88 18 29 68 60 49 57 14 8 124 109 76 56 114 65 107 11 118 82 115 106 46 95 79 71 75 20 31
14 50 57 35 42 8 92 19 33 84 90 85 89 88 106 91 10 22 52 111 17 58 32 66 108 2 49 4 51 27 7 29 72 40 119 23 105 37 115 55 93 86 18 15 122 79 82 26 104 6 117 96 47 30 12 39 21 126 112 59 75 113 44 74 25 69 3 95 5 43 61 56 80 77 78 9 83 99 101 123 76 34 63 87 73 31 65 45 100 102 20 64 53 118 36 41 70 38 110 0 62 1 48 81 46 71 120 109 60 107 67 16 68 24 11 125 94 54 98 124 103 28 116 114 13 121 97
47 105 103 62 116 61 49 11 26 74 44 55 104 65 37 94 5 20 39 115 28 15 50 102 99 111 21 33 67 90 114 106 2 117 8 76 16 59 7 85 112 58 100 109 75 1 51 24 48 29 43 52 13 78 80 84 25 4 87 110 60 0 125 18 42 81 22 73 54 17 70 14 107 88 30 57 122 45 68 96 9 123 95 56 23 91 40 98 92 108 19 86 35 83 124 126 93 118 3 69 113 32 63 71 27 64 34 38 79 82 119 97 31 101 53 89 36 46 77 72 10 6 66 12 121 41 120
63 64 47 91 102 17 6 107 58 54 13 123 100 48 87 66 14 109 30 110 76 19 4 125 24 23 117 38 112 95 57 32 0 74 27 21 113 104 124 20 99 70 77 78 59 89 31 12 40 86 118 105 108 103 26 98 67 45 10 33 106 8 46 62 73 68 39 82 51 96 36 126 7 81 43 35 122 9 42 88 93 121 15 111 84 41 85 94 116 29 22 83 60 90 28 34 119 37 97 114 2 3 53 52 18 65 61 44 75 71 69 120 101 16 5 25 1 115 92 11 56 79 50 80 55 49 72
90 9 52 18 116 32 46 124 19 84 82 109 33 7 8 87 70 10 126 121 64 12 47 3 15 93 17 44 73 26 94 122 71 48 55 91 23 96 22 104 112 77 72 43 108 66 61 13 62 67 34 6 75 103 57 50 117 14 102 39 4 28 21 49 99 54 29 0 101 5 81 115 25 100 1 107 125 114 95 59 2 38 60 119 51 63 97 76 68 65 74 36 111 58 80 35 79 105 24 106 118 120 113 56 37 53 20 40 92 123 110 42 11 41 88 89 78 16 98 69 85 83 31 45 27 86 30
14 40 89 60 86 56 58 4 77 34 99 101 63 94 87 32 9 54 108 6 91 18 75 115 67 116 26 8 19 90 123 61 84 49 102 111 118 42 93 41 65 22 17 16 70 98 103 92 81 31 112 55 104 46 28 33 76 37 126 44 110 57 29 53 78 74 25 124 66 95 30 48 39 109 119 64 11 121 59 114 45 27 36 62 23 24 68 15 2 38 107 10 50 13 96 47 52 73 88 20 97 5 100 113 7 3 85 117 79 43 69 35 80 1 71 125 83 122 0 72 51 105 21 120 12 82 106
122 30 66 110 28 49 73 10 107 65 115 23 114 4 0 13 80 84 126 100 44 98 68 76 108 109 16 17 64 42 59 20 41 34 77 35 74 9 70 32 12 57 83 40 71 95 82 92 56 125 3 19 124 123 112 25 93 31 62 69 15 53 79 116 18 63 1 75 33 61 91 45 81 38 119 106 47 14 103 88 52 117 113 58 37 8 90 26 101 21 78 22 27 51 96 118 46 120 55 121 104 24 87 54 6 72 36 7 29 60 48 5 11 2 102 39 89 105 50 67 111 43 99 86 94 85 97
31 126 6 103 68 54 56 61 85 15 32 14 107 119 117 67 24 110 98 76 82 53 21 22 45 39 34 115 40 90 106 0 2 69 58 80 25 116 51 74 20 89 37 95 100 57 120 12 122 16 35 78 28 75 47 29 50 55 18 112 63 72 38 125 99 105 26 102 8 59 81 97 17 7 121 114 48 30 96 84 65 91 49 36 73 42 23 19 3 27 118 87 43 101 52 11 60 88 83 13 66 70 41 123 10 108 124 86 109 62 46 113 93 92 104 1 9 33 71 44 111 5 77 64 94 4 79
72 86 101 0 92 126 35 43 47 84 98 8 88 19 80 65 105 25 114 6 49 32 16 108 73 118 23 42 15 60 57 22 115 59 95 41 24 119 10 110 58 70 2 100 116 96 107 109 67 5 63 52 44 77 11 99 17 34 112 36 3 13 39 82 102 93 20 69 29 97 85 51 48 4 53 79 124 103 62 122 121 30 87 120 1 14 113 106 12 81 9 78 76 61 50 7 66 125 75 54 26 21 38 28 94 45 18 31 46 89 117 37 40 71 74 91 33 56 90 104 55 83 68 64 27 111 123
89 5 103 95 113 51 112 87 84 125 80 32 0 66 108 99 101 97 18 63 70 11 64 104 20 109 37 45 56 119 55 71 94 21 44 106 77 111 33 3 1 88 50 41 22 4 118 23 53 17 73 90 8 115 68 25 42 116 38 85 79 60 47 16 15 122 40 100 24 54 121 6 31 36 86 72 110 27 30 114 98 52 102 107 123 39 74 76 19 49 105 92 61 10 83 46 78 12 82 65 34 126 69 28 14 57 62 124 58 29 93 9 2 59 96 120 13 43 26 67 48 91 7 75 117 35 81
32 103 117 6 28 95 83 79 113 73 35 122 0 90 115 61 88 38 15 96 108 84 107 56 40 86 82 112 80 27 29 22 31 58 30 65 71 43 13 16 62 55 87 7 57 101 116 119 94 4 2 23 24 89 42 85 97 26 60 66 47 102 68 52 120 39 50 34 49 1 8 51 63 125 64 5 18 48 78 10 37 17 20 105 44 45 76 14 59 106 67 36 25 77 75 70 72 99 74 126 21 33 3 19 118 46 81 110 114 111 91 104 121 109 123 100 93 41 98 124 69 54 53 9 11 12 92
108 67 114 63 19 92 88 23 104 11 74 103 84 13 21 18 65 16 27 118 24 57 22 83 123 78 9 87 72 98 10 82 43 40 41 36 45 66 28 12 25 116 105 77 125 15 46 60 55 4 91 0 109 69 96 8 68 61 6 56 42 81 99 51 97 71 121 64 39 111 3 75 119 70 85 93 112 106 14 1 76 35 17 53 117 38 20 54 29 26 47 79 30 102 122 115 86 50 73 33 7 120 113 44 48 34 107 32 59 95 110 101 126 52 94 58 100 89 90 80 2 37 124 31 49 5 62
100 23 51 57 24 84 91 17 62 56 10 5 123 110 66 43 74 124 101 26 68 16 87 55 63 14 95 103 117 61 81 69 89 92 19 7 115 4 75 33 114 59 47 67 111 35 13 94 96 113 73 54 72 125 118 2 119 38 11 30 44 106 29 60 83 109 8 40 99 98 18 3 37 112 77 50 79 120 58 64 12 104 28 48 85 22 90 76 9 32 1 36 108 80 34 46 70 93 31 122 52 121 71 49 45 86 105 65 116 21 82 39 0 78 15 53 42 25 27 107 41 6 20 126 88 97 102
101 72 1 19 117 97 62 111 80 15 44 50 32 94 65 22 59 10 52 79 42 120 109 96 58 53 124 4 115 73 66 0 84 51 17 16 98 121 14 108 88 106 55 30 33 27 23 48 105 12 7 91 18 69 100 87 61 89 113 71 125 8 43 122 41 90 107 47 45 75 2 6 68 29 92 49 24 60 38 77 13 102 36 114 26 103 54 67 83 34 74 119 56 40 118 76 116 37 20 81 9 123 93 112 78 31 11 82 99 110 25 95 28 3 64 46 104 57 86 70 85 126 5 63 35 21 39
88 70 41 57 115 28 109 106 73 50 100 7 0 22 72 90 6 9 81 69 33 91 64 122 75 3 35 67 34 36 119 18 51 117 40 103 96 55 12 74 13 76 29 107 86 24 101 113 89 59 21 8 66 77 17 84 94 85 4 19 118 26 114 5 104 10 61 65 125 124 44 30 126 53 49 14 25 46 31 95 108 120 111 56 20 116 92 102 63 87 37 58 121 79 16 42 97 83 93 54 48 23 47 62 60 82 68 78 52 80 123 15 98 2 105 27 39 11 110 45 99 112 38 71 1 43 32
26 103 68 43 102 14 111 52 123 62 106 36 94 15 61 58 16 84 31 21 121 122 91 35 25 32 69 116 92 17 48 65 72 50 100 119 108 83 2 1 11 9 70 37 47 93 54 87 126 112 73 53 8 78 30 56 96 60 33 77 89 24 51 3 46 82 41 120 74 117 101 27 76 90 109 98 79 81 55 6 99 39 114 10 125 124 44 57 104 19 49 42 20 80 71 23 88 118 13 75 59 113 115 38 40 34 5 66 107 12 85 67 110 64 45 105 63 4 95 29 22 97 18 28 0 86 7
48 65 95 6 104 54 88 16 89 24 12 4 7 78 26 101 40 85 84 0 61 98 9 102 64 53 124 72 11 114 46 87 117 63 68 38 42 126 52 119 18 103 111 17 1 110 23 105 41 28 13 100 109 35 69 19 113 5 22 39 97 76 62 75 106 79 121 59 107 2 10 3 31 50 55 71 125 92 37 21 108 30 57 120 70 66 118 36 115 60 29 51 80 122 73 67 49 74 112 8 91 44 27 96 33 82 77 34 123 99 32 81 90 94 58 43 83 20 116 93 86 56 45 15 25 14 47
52 93 117 22 82 123 122 110 124 48 43 79 11 62 36 86 92 42 97 64 70 7 38 37 12 73 65 116 39 49 88 13 94 47 50 108 98 55 102 2 32 74 96 72 114 109 3 58 75 66 104 41 68 15 1 91 118 46 4 16 5 61 63 28 35 14 101 53 56 31 26 0 125 21 95 9 115 44 85 51 19 67 17 105 33 57 99 25 89 80 6 18 34 112 54 121 30 81 10 87 126 69 107 106 100 71 76 24 23 120 119 40 60 59 20 78 8 83 45 77 90 113 111 103 27 84 29
15 114 106 95 121 90 40 27 122 20 78 115 123 76 85 9 28 44 60 97 82 5 29 94 108 26 4 79 3 11 30 41 77 39 35 107 1 54 37 71 62 119 13 7 36 33 105 80 64 53 70 14 49 74 61 58 48 75 68 104 93 38 10 73 87 25 112 83 43 32 117 100 24 67 88 92 17 46 2 69 47 55 52 21 0 91 22 8 118 124 19 89 57 110 12 56 126 16 63 59 42 125 84 65 102 111 50 31 18 51 96 99 98 34 103 101 116 72 6 81 45 120 66 109 113 23 86
27 117 41 33 100 66 105 96 126 92 9 8 101 22 86 46 119 76 90 25 108 43 2 98 54 59 6 3 83 61 88 53 73 68 69 60 102 35 5 65 97 87 44 7 114 56 95 12 115 24 111 67 116 20 16 58 26 85 1 52 91 47 51 38 106 123 36 18 13 11 0 125 93 29 112 94 110 84 39 50 28 121 64 42 48 113 31 30 82 49 70 32 120 74 72 103 80 14 10 57 40 118 21 124 63 62 99 79 4 23 122 109 17 37 15 71 107 34 19 55 89 78 77 75 45 104 81
8 50 65 113 73 88 95 38 40 87 39 118 119 56 57 12 117 16 34 5 43 42 80 115 6 112 69 101 108 25 105 124 74 24 28 29 103 60 58 32 41 22 4 99 123 120 66 62 36 33 1 51 19 52 26 104 72 10 21 20 100 64 0 47 83 78 82 102 17 92 76 109 30 77 106 98 75 110 14 18 53 93 3 94 37 126 67 84 7 121 55 97 63 86 89 114 31 116 96 2 15 122 46 125 13 59 71 27 79 11 61 44 81 9 35 85 49 107 111 23 70 54 48 68 91 45 90
55 91 73 17 68 100 58 81 2 116 26 15 21 11 114 78 98 31 52 22 76 38 32 5 89 65 108 18 42 119 111 62 107 47 48 87 101 8 84 104 93 39 124 69 50 34 1 20 33 61 90 25 28 7 79 88 67 125 96 83 123 24 49 0 51 56 72 41 59 122 77 112 75 23 45 109 85 110 66 12 70 13 43 82 106 102 117 19 40 4 6 53 121 60 74 9 27 44 126 71 10 80 30 97 103 36 64 95 54 3 35 99 14 113 94 16 120 86 46 37 115 105 29 92 118 57 63
24 42 79 2 82 89 19 15 68 16 30 108 37 83 123 118 87 36 69 40 7 117 38 85 27 1 115 92 57 12 109 93 44 71 60 50 45 34 75 116 43 48 0 74 56 66 47 97 41 76 101 6 107 63 122 81 104 31 86 88 91 3 28 110 65 72 61 10 55 17 70 23 13 52 33 90 119 64 18 8 35 54 59 113 114 99 84 98 77 94 32 25 78 121 53 105 73 5 22 112 20 103 111 26 58 120 96 51 14 11 4 67 106 126 49 102 9 95 124 29 125 21 100 62 46 80 39
45 84 90 117 113 69 58 39 25 106 95 38 120 79 96 124 102 125 123 65 73 13 56 30 62 31 61 32 83 115 46 107 19 100 82 20 108 116 21 11 68 8 103 118 44 33 7 52 23 91 111 35 85 59 28 0 47 94 72 55 60 76 122 121 29 43 14 3 17 26 6 53 77 110 92 22 64 37 87 24 2 10 101 49 119 57 41 114 80 104 126 109 81 16 74 42 105 51 78 97 93 67 63 36 15 27 50 88 54 12 99 48 98 34 1 89 66 5 71 75 40 112 18 9 4 70 86
81 115 46 98 8 4 117 92 3 93 125 48 107 94 22 34 29 90 0 13 6 84 116 65 49 16 113 97 1 70 54 59 122 11 45 52 74 43 47 10 119 96 21 23 103 18 66 35 95 86 62 77 105 30 31 85 33 112 17 55 102 110 75 82 60 14 109 24 106 53 25 111 19 37 108 69 2 32 99 67 79 123 51 39 78 20 38 9 87 28 26 27 80 63 68 126 56 121 61 91 58 12 124 40 41 64 36 118 83 100 73 57 15 72 42 50 71 101 7 44 5 120 89 76 114 88 104
120 57 18 44 66 8 4 108 26 20 75 11 119 60 62 83 117 99 61 126 64 12 88 112 78 87 125 21 71 123 58 35 116 27 38 50 72 41 17 45 121 107 105 9 100 25 48 93 2 70 15 1 113 109 90 81 110 16 122 89 42 29 46 53 40 118 115 23 68 95 24 82 30 47 101 37 55 14 106 124 84 43 73 28 6 31 59 94 51 91 69 74 19 10 103 67 104 98 65 22 3 63 7 102 36 97 54 33 77 0 32 80 92 56 76 96 114 5 13 79 86 49 52 111 85 34 39
92 121 51 116 83 4 13 101 85 73 102 23 74 126 98 39 38 82 24 53 50 124 49 34 79 41 91 66 123 19 7 30 22 8 80 113 89 33 100 103 16 76 48 90 107 5 9 122 44 93 111 118 105 69 18 59 28 29 60 62 25 35 67 64 54 112 96 6 63 87 88 46 125 95 17 115 108 81 36 106 77 94 31 120 109 84 32 61 68 114 20 57 97 104 119 42 75 21 26 27 65 11 99 55 52 43 72 56 0 110 12 47 58 117 40 78 10 14 86 1 37 45 70 71 3 15 2
81 68 6 47 93 71 35 103 75 0 38 43 53 82 85 121 67 120 122 17 48 1 10 114 42 124 88 29 44 111 117 32 24 106 16 59 4 116 77 86 28 3 36 123 118 65 126 84 90 2 119 105 97 18 89 33 57 55 87 101 46 79 104 23 96 69 37 40 94 26 5 109 91 45 99 50 66 74 15 63 13 72 98 100 9 112 62 70 49 95 22 76 102 80 52 110 8 25 19 64 60 54 56 92 125 14 30 83 21 73 61 39 58 78 108 27 41 11 12 31 113 34 20 51 7 115 107
102 87 111 51 32 2 69 116 72 37 15 17 77 123 24 40 53 86 75 125 97 59 68 117 47 21 101 14 12 20 52 124 34 57 67 54 55 83 89 105 73 38 71 79 33 29 62 78 96 82 104 99 16 58 43 74 121 119 109 118 95 76 92 35 31 41 103 113 70 50 88 27 107 10 0 91 45 28 19 46 66 115 3 18 112 42 65 22 1 80 85 11 60 90 44 36 7 122 126 56 108 98 30 63 64 106 84 6 26 4 110 93 13 8 100 49 94 120 5 114 39 9 23 61 81 25 48
23 36 0 84 93 70 32 126 74 88 39 51 63 25 122 83 48 75 81 108 101 26 90 50 16 89 35 61 27 94 13 46 69 124 10 76 67 42 123 87 68 112 29 95 114 9 98 7 12 82 65 4 43 71 104 6 77 103 41 106 117 57 22 115 92 116 44 31 64 1 40 11 33 45 58 34 78 47 99 17 72 86 121 60 55 18 37 8 38 118 56 2 5 110 125 111 3 49 79 80 59 30 119 102 14 100 85 62 91 73 15 113 120 24 105 96 53 107 54 66 20 28 19 109 21 97 52
110 7 38 19 104 82 66 8 57 62 43 84 113 17 47 73 58 41 106 26 86 29 78 97 112 53 50 13 89 39 37 27 92 15 0 20 21 124 80 59 61 93 4 125 49 51 107 111 28 14 105 122 118 90 126 2 33 22 96 101 102 87 44 99 10 76 3 120 30 16 116 63 70 121 123 119 108 91 71 45 88 46 98 77 81 11 12 95 48 34 115 55 79 109 75 68 65 32 72 9 100 52 69 42 25 35 117 85 83 64 6 24 18 56 23 67 54 36 31 60 103 94 1 5 114 40 74
82 30 17 73 10 50 9 99 103 65 81 53 47 118 2 108 116 16 122 15 120 114 93 84 40 24 12 89 78 58 109 18 97 26 48 126 119 79 76 96 43 104 6 92 71 45 61 95 19 1 80 11 4 5 125 88 63 90 105 39 34 23 64 83 111 102 3 59 106 49 87 13 75 107 112 31 91 25 20 86 29 121 35 28 94 38 57 72 7 14 54 77 66 55 110 74 123 117 42 22 70 52 32 56 68 113 101 27 85 100 46 0 69 98 21 36 115 8 51 44 37 33 60 124 62 41 67
104 7 94 109 22 54 117 91 18 23 19 63 14 120 35 105 8 34 77 96 28 55 75 122 110 70 1 0 124 71 5 41 60 30 88 69 2 61 100 27 106 118 67 99 116 51 10 16 57 43 125 3 26 97 123 36 38 87 73 37 49 45 44 76 53 112 40 33 42 15 90 89 119 92 113 20 6 66 9 101 82 24 81 68 64 79 29 80 78 102 115 85 74 12 52 108 62 59 86 93 50 84 31 83 47 95 121 98 103 111 56 17 126 72 107 48 46 4 21 65 32 39 58 11 13 114 25
8 92 32 14 67 78 94 108 77 48 6 56 39 75 19 83 26 2 99 30 11 102 123 68 70 10 84 80 117 22 98 4 1 79 85 111 9 24 114 15 29 97 47 113 41 59 38 60 65 82 45 81 13 34 63 93 35 109 110 89 58 23 16 50 119 103 66 101 86 25 72 27 106 88 62 57 118 46 18 28 115 126 7 69 55 21 104 90 51 5 54 37 96 73 124 12 52 44 17 91 107 42 122 36 33 64 116 121 120 87 20 31 49 95 74 112 61 0 43 71 40 53 105 76 100 125 3
22 104 111 72 101 87 9 18 108 24 83 35 49 5 30 67 86 31 21 34 1 82 96 8 29 23 16 32 98 105 106 84 64 113 10 3 74 123 79 54 38 47 19 46 37 109 114 57 20 13 14 39 97 77 36 110 70 2 73 28 107 56 42 76 90 61 75 116 53 33 94 125 43 50 88 81 80 59 71 102 99 0 48 124 41 92 55 51 27 78 58 26 52 119 68 126 65 115 120 89 15 95 40 62 7 112 85 12 66 25 4 121 91 45 122 103 44 60 17 118 69 117 11 6 93 100 63
101 5 74 80 98 51 88 100 112 125 26 86 126 16 78 89 0 79 29 49 34 22 23 103 75 28 25 61 31 58 91 40 9 60 32 99 18 114 104 36 81 83 96 24 124 97 120 35 123 12 3 64 116 13 111 115 10 69 118 15 72 93 8 71 87 21 44 7 102 30 92 56 68 105 50 57 121 19 1 14 82 2 65 11 48 42 62 59 53 47 43 94 67 122 41 45 77 70 63 90 106 108 119 55 38 39 66 109 110 17 52 85 95 20 37 107 6 84 27 76 33 73 113 54 4 117 46
46 0 123 85 66 2 11 116 30 102 35 48 65 90 100 36 64 89 43 80 31 75 108 120 15 42 93 101 19 51 126 125 6 117 87 113 81 107 63 109 57 71 41 78 5 115 88 74 27 124 44 77 34 52 17 84 16 91 55 104 95 73 92 118 54 12 119 14 106 4 22 103 49 32 45 94 82 10 33 1 72 98 24 56 28 21 79 60 97 105 122 99 39 38 96 76 59 29 110 20 111 37 7 53 70 114 58 47 67 62 121 13 9 61 18 83 69 25 23 112 40 26 50 68 8 3 86
18 109 26 72 1 65 8 76 125 93 21 37 99 19 32 35 118 4 66 16 22 46 106 34 108 94 31 0 50 10 97 75 39 63 120 38 83 86 84 45 58 53 82 112 36 20 70 102 52 104 14 103 12 78 40 91 59 47 27 117 42 48 101 80 15 115 61 95 122 55 3 119 17 7 6 74 24 111 68 100 77 33 23 13 11 57 105 79 107 89 29 64 114 116 44 126 96 54 98 88 81 28 49 124 25 90 30 71 85 41 5 92 123 67 56 2 43 87 69 113 73 62 121 9 51 60 110
1 89 43 45 10 95 12 11 18 114 84 53 110 96 83 113 16 64 82 104 7 29 77 69 30 117 62 39 120 76 122 79 15 108 71 88 5 6 2 9 70 42 31 19 107 21 105 115 56 123 33 74 44 90 24 20 106 52 112 118 47 40 85 63 73 27 25 99 35 28 0 14 126 57 4 103 98 38 72 92 81 94 75 121 97 68 37 111 41 49 34 87 119 58 55 124 51 36 67 3 32 66 23 93 101 61 46 78 102 17 65 60 13 59 100 22 26 91 8 50 109 54 116 48 80 86 125
86 3 46 69 31 45 116 89 57 122 111 15 90 14 0 50 102 108 109 62 114 70 87 60 44 123 49 13 25 28 52 40 66 58 94 115 7 126 56 9 21 84 29 1 105 53 33 64 5 23 96 54 19 42 30 100 113 43 34 117 37 6 124 17 61 82 97 99 74 48 38 112 65 98 55 72 24 75 10 101 107 85 16 83 36 91 68 71 79 27 59 76 95 110 35 77 92 26 118 2 88 47 104 12 81 51 41 20 121 11 4 18 103 73 22 63 119 32 120 67 106 78 39 8 80 93 125
5 55 15 56 3 42 41 19 66 105 101 69 97 99 117 114 22 61 82 125 28 68 25 23 17 91 9 118 104 59 89 126 67 44 1 50 71 14 63 31 81 29 119 116 49 92 16 96 86 11 75 123 24 65 2 10 78 122 53 0 77 73 110 26 112 40 39 120 106 124 8 76 58 43 48 33 100 37 45 35 121 36 108 46 87 95 115 54 103 34 18 88 12 47 13 60 30 72 20 93 74 83 90 70 4 52 94 57 38 113 6 21 111 79 102 107 80 109 32 84 27 62 98 51 64 7 85
66 118 20 2 124 21 5 108 67 23 55 117 4 114 76 103 84 44 113 83 81 107 93 30 42 46 101 70 64 53 40 94 8 68 61 3 126 14 85 116 95 27 98 69 28 32 82 71 72 34 45 96 31 33 90 89 123 47 110 111 36 12 74 56 100 9 79 18 17 115 49 125 121 19 15 122 16 26 109 39 51 0 77 92 86 97 105 87 52 58 59 112 65 43 119 75 6 37 54 63 104 50 62 29 120 73 91 1 41 13 38 88 7 11 35 24 78 106 10 25 48 22 102 57 60 80 99
56 31 47 62 0 122 5 44 38 91 60 63 43 64 108 35 41 100 42 45 46 119 24 121 67 103 72 113 39 59 34 71 18 3 104 54 88 13 97 118 80 92 19 126 124 25 98 73 95 4 79 120 26 69 96 82 105 52 65 102 23 83 50 48 77 70 9 21 7 84 116 36 111 106 16 87 68 74 90 28 123 1 86 33 115 58 81 11 112 94 51 66 10 30 114 17 117 49 32 8 110 61 29 40 57 14 37 107 22 101 75 15 12 53 89 76 55 99 125 27 20 93 85 2 78 6 109
71 46 84 117 121 63 72 75 118 99 60 126 24 37 33 22 8 36 44 125 116 108 109 17 62 79 88 16 67 82 5 96 41 94 30 113 80 7 93 4 32 76 124 122 58 21 64 47 90 104 43 2 89 45 29 49 95 68 48 40 20 15 111 39 26 3 83 59 10 112 0 57 14 120 114 61 101 102 123 1 103 38 9 12 31 70 11 28 107 77 34 27 66 53 115 87 23 54 105 81 85 92 42 119 65 50 97 69 51 35 100 74 19 52 86 25 56 6 106 91 18 55 13 110 78 73 98
3 54 82 76 39 124 95 115 63 28 5 109 1 65 47 36 56 19 30 27 73 88 119 72 108 61 46 86 20 126 71 105 59 67 16 10 93 18 12 113 69 53 2 117 102 98 52 120 104 40 45 97 100 22 96 66 14 78 42 80 38 9 44 6 79 17 110 41 94 84 89 123 7 121 60 106 50 75 0 26 8 55 114 107 43 83 24 32 103 31 49 101 70 58 23 64 57 35 13 15 116 99 29 11 51 111 81 85 74 90 122 112 48 62 77 92 87 68 25 4 118 37 21 125 33 34 91
51 52 100 72 119 86 27 2 34 45 76 99 74 53 44 82 116 118 90 8 35 41 71 120 31 75 22 67 21 24 104 80 70 47 6 48 54 38 121 61 62 55 28 89 122 94 15 12 95 77 73 39 64 114 115 98 59 97 46 91 68 57 87 102 11 93 81 101 65 13 7 110 40 63 124 88 14 84 66 5 96 19 17 126 85 32 109 106 79 25 69 83 20 103 113 60 78 23 42 16 3 123 56 43 0 4 111 1 10 18 49 58 105 125 33 92 37 36 26 30 107 112 108 117 9 50 29
14 121 6 29 112 71 92 22 36 46 122 3 32 104 20 43 81 83 99 7 116 86 108 94 8 77 2 91 114 42 115 45 106 80 44 107 54 31 101 48 56 10 125 113 57 102 52 89 41 117 63 74 35 59 28 24 87 17 62 82 39 0 84 65 33 85 90 23 120 21 61 109 70 103 98 66 93 123 38 75 95 100 79 37 124 58 126 68 11 40 105 51 60 72 30 67 1 97 76 5 55 119 16 13 111 4 53 118 19 25 15 26 49 47 78 64 50 12 96 110 88 18 27 73 69 9 34
15 58 9 36 87 71 62 116 16 79 94 96 28 57 92 56 111 4 74 73 14 115 60 49 126 78 81 6 68 12 1 45 20 102 65 59 124 64 117 61 0 27 29 118 32 46 48 18 23 84 95 3 88 26 19 72 80 97 123 2 55 8 109 99 77 37 103 75 113 70 104 67 54 110 41 13 85 24 101 105 31 107 51 33 7 11 69 35 108 120 21 52 86 122 43 34 121 90 83 125 76 47 89 106 39 25 82 17 63 40 42 22 38 91 114 112 66 119 100 50 10 93 44 30 5 98 53
47 70 110 11 38 94 125 24 111 23 73 93 25 82 15 40 71 22 9 122 41 36 26 35 101 12 56 14 77 61 84 103 21 96 42 72 10 89 2 116 95 57 109 55 44 97 92 45 100 49 67 7 51 53 107 117 112 69 52 68 113 88 120 48 76 33 39 1 20 58 62 75 18 123 59 65 34 80 31 3 78 115 50 79 32 81 28 6 90 17 124 0 29 64 74 85 5 83 91 108 98 126 30 43 114 27 121 102 37 4 118 54 16 119 87 105 106 60 86 63 8 46 99 66 13 19 104
68 8 73 119 126 42 61 44 4 21 116 53 122 13 46 32 121 84 6 118 34 52 11 47 71 50 18 120 117 81 108 36 93 25 55 60 66 115 39 114 31 103 88 17 80 106 33 113 87 90 94 19 49 15 2 70 48 75 83 58 72 41 101 79 59 86 7 98 24 14 125 40 38 111 35 89 99 30 107 102 37 74 91 95 65 64 0 12 85 22 28 100 109 57 96 51 112 124 3 54 16 45 9 10 97 92 43 104 62 69 29 5 110 82 63 23 20 56 27 78 105 67 123 77 76 26 1
95 101 119 107 9 93 74 5 114 44 96 27 19 41 71 59 26 69 72 39 104 100 98 103 70 73 4 125 113 118 111 45 58 55 21 116 126 82 97 60 43 112 92 124 87 22 110 102 80 62 50 15 122 90 77 13 28 3 78 105 17 65 115 75 51 53 109 85 64 6 0 18 89 20 14 11 23 8 121 123 46 99 1 56 29 30 81 79 10 68 91 32 40 12 86 47 83 49 54 7 16 31 37 52 117 48 88 66 57 61 36 2 67 34 38 63 94 42 35 120 33 108 106 25 24 84 76
38 74 124 100 59 35 103 47 41 1 61 116 118 87 11 96 3 33 84 6 19 9 65 92 89 57 39 78 51 14 106 21 107 5 28 20 114 22 102 85 46 76 56 32 95 31 82 16 30 119 115 48 93 79 73 0 25 69 112 58 62 86 36 122 18 123 13 2 24 27 66 94 49 101 17 43 70 117 88 44 45 8 75 52 120 26 109 53 105 83 4 54 50 97 113 126 77 42 80 63 15 72 81 68 34 67 98 55 37 7 29 125 121 91 60 10 23 104 108 40 64 90 12 71 99 111 110
85 58 8 24 48 103 17 77 41 1 14 16 100 21 102 91 40 26 50 124 98 84 49 54 126 6 110 36 95 10 112 0 56 53 93 125 39 34 119 57 89 123 114 7 75 97 25 80 61 109 81 115 33 42 117 4 5 37 96 107 105 38 18 60 51 87 88 32 43 111 122 59 52 68 71 2 27 28 29 82 74 76 23 46 90 13 63 118 113 64 116 108 104 121 120 30 44 99 22 69 65 92 83 70 94 72 55 12 9 73 86 35 62 19 79 31 45 101 11 66 106 67 20 78 15 3 47
108 31 65 29 11 91 116 67 94 59 101 47 119 98 33 66 12 74 22 0 125 57 113 78 63 80 23 107 93 77 102 62 56 109 68 122 18 106 75 51 46 76 97 34 124 49 114 90 60 43 105 61 6 5 41 8 86 64 14 40 2 88 4 96 27 24 21 30 52 44 81 111 72 45 103 79 126 104 100 69 20 17 16 13 15 89 39 120 9 58 95 28 84 117 112 87 115 99 73 32 82 70 71 55 50 35 37 42 3 92 85 53 36 7 1 10 25 121 19 48 83 54 118 26 38 110 123
101 106 45 8 122 54 82 117 11 31 7 93 86 53 97 12 46 43 74 10 57 88 42 19 23 29 72 110 35 66 75 78 5 81 119 102 14 36 84 105 51 113 98 30 33 126 40 99 4 65 76 2 47 39 55 20 112 49 94 6 58 83 125 120 9 22 71 90 80 96 17 38 108 77 103 24 32 0 13 37 16 27 85 68 73 111 69 92 1 95 61 3 63 104 116 28 34 26 118 109 107 115 89 48 67 114 41 62 50 21 124 91 64 121 70 56 79 59 123 87 18 25 52 15 60 44 100
125 113 17 92 24 68 34 56 82 2 75 108 73 114 61 124 110 23 58 120 103 106 44 21 12 74 1 111 123 122 81 89 76 26 109 119 80 16 15 79 116 9 112 27 102 31 90 19 39 37 42 3 66 22 14 63 99 53 95 65 52 115 67 107 121 105 11 0 46 91 7 98 48 93 6 54 5 62 28 45 8 71 51 70 20 47 101 88 41 4 87 57 10 117 35 50 38 36 77 43 126 83 32 18 97 29 55 25 30 100 49 85 78 64 118 86 72 33 104 69 60 84 96 94 59 40 13
46 63 120 99 53 16 45 64 43 62 121 37 87 35 65 117 23 9 21 51 93 30 96 104 75 71 3 97 12 27 31 39 100 110 19 111 107 60 81 74 59 82 52 17 41 108 10 92 113 103 5 54 95 15 50 80 115 125 66 123 18 77 124 7 8 109 42 34 84 116 94 25 78 4 28 47 49 2 22 6 85 48 32 56 57 40 14 55 79 0 1 67 44 38 20 76 122 36 89 29 58 11 118 70 106 24 126 86 26 73 91 68 105 33 102 112 98 90 114 69 13 119 72 88 101 83 61
22 46 85 14 17 107 91 8 96 7 27 21 11 102 6 73 65 59 80 64 55 74 3 112 98 41 28 109 72 1 106 119 10 2 88 36 101 5 61 35 60 117 81 0 84 86 39 114 79 9 111 33 19 69 48 29 83 24 15 37 54 93 66 126 89 49 62 56 77 16 82 23 97 95 116 100 94 50 115 124 34 32 13 104 58 99 110 120 52 70 105 125 78 113 47 18 87 26 92 103 57 43 75 12 68 44 4 20 76 38 63 53 45 30 123 71 122 40 67 121 51 31 25 42 108 118 90
19 7 80 96 23 33 52 35 6 3 27 44 11 105 119 100 42 29 2 59 56 71 118 9 45 54 30 4 18 125 68 76 93 10 15 61 108 12 111 94 22 78 92 40 73 47 53 113 114 0 99 24 32 77 109 55 79 38 60 120 88 121 25 106 67 123 122 86 84 87 70 81 82 20 34 51 95 17 14 36 49 16 104 75 64 31 63 85 43 117 89 66 91 1 102 50 103 5 110 65 39 90 74 57 41 112 101 116 126 124 13 69 37 72 46 107 26 21 98 62 8 115 58 97 83 48 28
6 90 56 17 44 70 29 74 76 119 98 88 13 79 118 75 112 45 121 27 35 47 3 55 54 78 7 33 62 43 59 115 2 96 40 14 22 49 26 50 72 28 71 58 51 101 109 99 63 73 34 122 100 48 19 11 16 124 105 77 68 25 123 120 41 1 82 4 36 9 106 15 91 5 102 10 53 24 95 81 8 57 0 21 86 111 61 64 23 66 31 52 46 126 69 116 108 30 20 92 32 117 65 125 42 107 83 89 114 60 84 18 37 97 93 38 104 80 85 103 87 67 94 12 110 39 113
40 27 77 17 125 115 41 112 24 80 84 19 113 5 60 7 3 119 61 65 47 32 103 88 98 94 102 11 91 34 106 46 10 100 23 81 50 18 33 82 72 55 66 116 30 9 99 95 44 48 20 97 86 0 2 52 85 63 38 121 13 37 70 8 73 110 78 126 12 16 111 25 43 83 4 21 57 56 39 117 101 79 76 108 64 35 71 1 15 109 122 49 75 31 105 28 58 67 36 69 6 53 62 59 93 22 14 104 92 45 90 42 124 114 29 26 74 89 96 107 123 68 54 118 51 87 120
102 111 101 57 87 92 94 126 12 115 71 86 38 104 100 69 30 78 66 73 55 125 7 72 23 61 62 51 40 64 46 6 109 50 76 15 2 21 58 27 20 107 39 124 122 91 44 31 35 106 3 56 0 81 52 68 105 108 77 26 84 43 82 65 54 49 22 112 32 83 80 41 9 48 88 79 114 75 28 24 89 11 116 14 1 16 34 123 36 70 37 29 18 8 33 90 113 119 118 98 120 25 60 17 110 97 53 13 4 103 117 45 59 67 10 95 19 93 96 63 74 99 85 5 47 121 42
82 100 110 63 83 54 72 20 101 115 36 77 32 57 84 64 70 94 69 23 126 60 112 86 14 58 52 67 96 33 50 97 85 124 79 41 21 88 49 24 98 121 117 59 80 116 106 76 22 9 6 46 105 26 62 91 61 125 103 92 113 16 31 10 17 18 0 47 7 66 19 120 45 93 71 107 38 74 34 95 48 12 28 29 81 56 8 111 108 11 27 42 3 102 75 15 122 118 37 123 78 104 90 89 51 119 114 30 40 53 1 2 73 43 68 109 25 4 39 65 35 44 55 87 13 99 5
126 93 38 43 40 47 39 48 95 12 77 58 64 31 14 24 90 55 3 35 53 23 86 27 82 79 104 61 46 112 63 120 125 102 28 116 52 37 33 124 83 22 1 107 72 2 56 49 50 17 4 32 78 122 65 11 118 75 16 59 101 21 70 25 99 66 41 92 20 96 44 68 97 19 100 9 7 80 18 54 51 115 60 89 26 69 111 8 15 109 5 87 36 108 110 114 0 34 121 73 10 123 6 76 30 98 45 67 13 71 85 105 113 42 62 91 81 57 117 119 29 106 103 84 88 94 74
107 38 106 46 77 102 42 119 22 5 61 114 36 31 34 13 121 113 17 10 39 79 21 87 88 98 118 54 76 89 117 120 56 20 85 59 41 1 97 53 47 93 71 44 73 94 9 27 115 99 68 116 4 19 8 108 122 101 45 67 124 7 6 33 64 32 66 81 18 80 63 14 70 52 125 43 90 60 96 62 58 100 30 86 15 126 91 24 0 25 92 105 3 40 35 69 2 72 104 11 109 16 50 65 83 78 49 29 57 51 111 74 28 75 110 37 123 103 26 55 95 12 82 84 48 23 112
85 29 35 13 14 77 93 82 1 6 102 115 27 107 70 112 101 84 46 117 56 21 32 60 48 41 111 116 8 67 12 113 90 80 30 83 23 81 97 75 9 16 73 62 79 50 10 59 120 55 64 40 96 28 88 58 18 76 2 125 0 4 51 71 5 106 39 110 52 42 103 43 98 22 17 108 57 94 119 33 47 114 126 89 19 36 45 124 99 86 100 3 34 31 78 69 11 37 24 95 109 54 91 38 65 63 87 92 61 20 74 118 49 25 123 104 7 105 72 121 122 15 66 44 26 53 68
37 85 101 1 116 6 82 114 87 38 78 15 17 22 92 123 34 42 19 86 9 36 99 107 67 2 35 13 113 51 66 70 33 47 105 50 110 75 32 90 111 122 109 63 12 89 94 62 46 118 16 98 53 52 84 106 58 61 27 68 112 5 7 83 77 76 97 0 3 28 95 88 24 119 21 25 26 29 65 108 74 57 103 11 55 102 64 49 121 115 96 60 93 20 39 120 124 56 72 43 125 80 126 81 69 18 117 54 71 30 8 79 10 73 44 45 100 91 104 4 48 14 59 31 23 41 40
92 62 31 53 106 30 9 75 96 102 49 91 123 48 0 57 110 34 69 29 72 1 71 32 88 93 104 59 14 116 22 23 97 114 25 77 76 74 107 119 105 80 27 111 90 73 39 3 94 65 13 43 8 112 109 36 101 121 6 117 51 60 85 24 86 46 78 95 12 68 21 41 47 55 45 10 61 44 81 103 89 108 16 63 35 99 18 17 118 37 20 58 64 50 7 79 66 38 11 70 125 83 54 113 2 19 56 26 4 82 33 122 115 98 84 87 40 15 100 124 67 28 42 52 5 126 120
4 120 49 111 12 119 3 92 54 96 41 72 35 87 53 114 6 73 61 64 95 105 10 14 65 51 79 55 66 67 25 23 99 36 17 106 20 0 5 80 100 56 71 69 115 125 31 84 62 85 48 90 11 22 97 60 59 76 52 39 112 37 50 91 121 16 107 34 13 46 40 104 26 30 109 75 70 57 102 21 122 103 24 43 113 47 101 28 108 45 117 68 74 98 33 27 86 93 78 8 110 1 19 9 126 124 2 7 118 32 15 29 44 81 42 88 116 58 83 38 18 89 123 82 94 63 77
101 88 18 0 63 7 26 44 81 85 70 11 112 55 46 121 119 120 43 24 34 31 15 92 118 62 80 38 114 76 13 78 45 86 32 47 77 113 123 104 90 30 115 108 98 28 54 107 82 71 56 100 96 84 49 52 110 10 122 14 20 66 39 5 37 117 99 111 72 12 103 79 126 58 35 33 105 91 106 57 83 102 50 8 22 2 25 75 1 124 41 73 51 48 116 89 29 125 61 27 69 4 87 53 17 42 23 64 59 9 97 95 16 65 94 19 36 68 3 21 40 74 6 60 109 93 67
32 120 50 19 76 66 79 105 92 30 88 84 123 7 119 80 25 35 1 34 101 2 9 53 42 23 15 33 110 81 59 40 13 103 104 61 49 98 0 31 56 58 11 3 90 18 14 86 21 78 82 29 37 107 43 47 57 10 63 116 117 111 20 51 102 114 95 68 6 24 27 115 97 55 77 45 36 113 96 91 22 125 8 99 38 71 121 112 67 100 17 39 87 72 73 109 54 52 4 16 93 28 64 108 26 122 124 83 69 126 62 44 65 70 118 94 89 12 60 85 74 5 46 106 75 48 41
8 29 93 42 25 54 4 82 11 58 109 59 56 10 35 67 79 49 72 16 57 18 115 75 123 2 80 105 124 104 64 69 7 96 102 103 41 125 52 122 118 34 70 51 73 99 107 84 53 33 112 95 86 5 26 89 14 106 126 0 71 3 62 45 116 97 38 63 55 113 119 61 48 20 92 37 111 22 88 120 50 65 81 91 68 83 43 36 9 21 1 28 114 24 23 94 44 17 47 87 15 101 76 78 110 27 77 85 66 30 40 32 74 39 31 13 60 6 121 19 12 108 98 100 90 117 46
117 13 106 10 50 78 122 69 4 124 17 126 36 118 98 111 76 37 33 43 70 85 5 72 91 56 100 101 31 108 63 51 92 27 99 110 68 34 58 112 26 23 80 1 21 20 119 15 16 40 18 109 41 90 73 49 35 24 55 7 8 53 121 87 6 115 67 116 39 77 42 71 96 45 94 75 82 83 54 12 84 103 61 81 125 79 107 59 62 74 89 25 104 93 95 29 14 123 22 0 9 120 2 88 66 47 114 60 3 86 32 102 28 38 44 57 105 97 64 11 46 52 30 113 19 48 65
73 1 8 46 124 17 100 98 53 94 121 82 81 104 108 90 99 65 10 79 123 42 110 74 38 52 40 118 43 64 30 54 3 101 115 20 68 87 116 88 25 111 120 57 80 84 61 22 67 28 34 77 71 44 13 125 32 107 11 114 60 0 19 59 21 105 45 91 97 49 35 103 58 39 63 122 69 12 93 4 112 113 83 56 119 85 6 7 37 24 36 72 78 76 95 9 70 29 96 2 126 75 31 109 47 117 18 33 66 15 106 51 14 48 41 92 55 26 27 62 23 50 86 16 89 102 5
124 39 106 95 60 52 81 5 122 40 67 35 22 33 78 97 116 126 117 113 42 4 84 45 23 102 6 27 110 13 55 75 69 77 47 64 59 31 99 111 79 17 44 65 125 30 92 15 104 120 1 96 118 29 38 28 109 54 89 49 105 20 57 90 50 94 18 72 51 83 25 66 121 2 107 8 80 88 61 14 100 85 93 108 19 34 63 24 43 98 82 36 87 11 48 46 114 119 12 68 76 41 32 103 86 73 21 7 123 26 9 37 56 71 10 53 115 3 91 62 70 16 74 101 58 0 112
109 19 2 54 18 12 27 114 23 115 104 50 29 38 67 25 56 52 57 72 63 44 107 7 119 59 45 108 90 65 123 68 46 87 121 17 86 62 96 24 15 39 33 26 47 92 118 106 71 51 40 4 80 75 8 85 112 69 94 76 5 113 110 122 0 55 116 93 81 84 37 34 6 53 105 21 14 100 31 99 9 98 64 48 11 41 49 16 22 117 35 28 82 125 74 124 43 70 66 97 58 103 120 91 32 89 30 88 10 13 3 102 1 95 101 20 78 111 61 77 79 83 73 42 36 126 60
59 1 95 122 74 82 7 105 45 47 115 60 73 23 31 89 55 6 5 76 67 10 52 91 0 106 104 109 100 70 18 84 80 58 68 14 96 61 16 48 38 20 92 99 2 124 64 65 86 57 41 93 120 114 116 40 29 12 54 117 30 28 102 11 42 15 19 119 13 75 107 94 24 111 123 50 98 118 113 90 3 25 17 78 79 26 49 51 83 97 110 77 27 103 46 88 56 35 22 72 126 53 85 63 101 21 121 81 71 32 39 43 36 34 33 87 9 4 66 69 44 112 62 37 108 125 8
