29 68 0 73 38 120 100 45 111 97 84 116 2 5 112 94 123 71 57 53 50 14 48 41 69 9 64 91 36 101 51 90 93 108 52 47 67 12 114 103 110 22 125 43 109 34 83 21 82 55 92 37 32 119 62 66 15 1 17 13 10 25 95 30 126 86 56 89 115 42 107 40 58 33 78 70 59 122 28 46 105 31 26 11 88 65 4 49 20 75 80 18 60 3 24 124 44 104 27 117 87 6 85 102 106 54 76 35 77 8 96 79 98 19 39 113 74 23 118 61 121 16 72 81 63 7 99
92 54 112 8 28 40 109 69 56 103 126 14 78 51 88 75 70 62 96 31 26 33 37 82 91 104 55 58 68 76 9 121 107 79 64 17 60 87 23 45 97 36 63 24 80 67 119 19 35 27 108 66 125 65 34 21 61 120 73 115 20 124 29 116 81 106 93 102 44 114 0 22 86 105 122 32 59 41 118 49 38 47 7 25 94 99 3 123 90 85 101 74 43 84 30 16 4 42 89 2 100 71 10 113 95 117 98 5 72 53 50 1 77 13 12 52 11 110 18 15 6 48 57 39 83 111 46
47 30 92 10 26 48 62 42 121 116 117 6 37 68 105 75 27 84 11 4 49 46 70 119 64 113 19 24 34 20 12 51 72 125 85 29 103 53 76 83 98 91 115 104 63 77 111 69 61 21 88 126 90 56 107 23 101 67 122 9 65 81 93 124 114 80 18 87 43 1 22 35 28 94 5 17 86 13 71 118 110 79 108 41 74 55 96 39 44 54 99 38 109 60 73 100 40 25 15 32 14 102 57 106 3 97 2 78 0 58 120 95 82 112 31 123 33 59 16 36 89 8 50 52 45 7 66
30 4 59 49 107 34 43 36 103 69 58 116 13 119 62 114 79 92 85 96 17 91 112 95 83 46 44 122 102 37 94 82 71 19 115 18 23 41 106 98 54 101 9 86 39 31 25 61 47 93 84 110 126 14 108 52 6 50 124 118 29 60 64 88 53 1 78 21 10 8 42 70 27 100 117 65 68 109 81 66 51 56 28 7 75 76 45 2 74 0 5 80 57 123 32 38 111 24 72 113 3 87 22 120 20 33 104 67 55 48 105 90 12 16 63 15 121 26 99 73 97 40 77 125 89 35 11
73 107 60 59 124 38 1 48 49 55 36 80 97 7 25 56 6 86 122 84 103 68 9 12 62 111 82 101 79 46 53 119 83 41 72 70 24 100 105 61 113 45 125 27 52 66 69 112 51 81 37 2 35 76 114 117 39 29 115 67 123 64 120 104 4 96 22 126 92 77 121 99 89 19 65 88 8 13 26 23 43 87 116 58 44 118 71 42 17 21 50 16 93 10 33 75 90 20 108 31 94 11 74 15 18 34 47 3 30 0 102 91 57 85 95 5 63 40 78 98 54 14 106 109 28 32 110
62 115 71 100 64 99 79 50 16 23 19 42 20 123 30 90 46 88 9 85 3 29 103 89 121 117 69 35 34 81 93 105 40 21 4 5 59 15 65 31 8 77 83 96 33 67 80 107 76 116 73 45 91 44 55 110 17 78 12 124 68 24 104 38 111 125 112 126 86 70 97 87 22 28 11 57 43 74 26 114 37 118 75 102 95 120 7 0 36 13 10 101 60 14 39 61 6 47 113 106 98 58 122 63 25 32 119 54 108 53 2 18 84 56 48 52 94 1 27 92 82 51 72 109 49 66 41
38 110 120 7 59 121 115 19 87 69 61 94 40 60 117 26 73 30 108 119 102 95 92 74 42 50 118 14 41 106 16 84 112 79 32 101 76 97 116 9 6 1 35 51 70 82 93 80 86 122 33 47 13 104 15 67 49 4 77 39 107 28 27 103 83 46 18 11 63 90 124 72 20 17 24 45 31 71 34 98 0 78 123 85 88 23 10 100 65 109 55 53 48 52 36 99 81 58 68 3 12 126 29 5 54 105 62 64 57 25 89 2 96 91 37 22 111 56 8 21 75 43 66 125 113 114 44
86 121 17 9 18 27 79 124 115 76 113 83 101 72 68 70 85 63 107 36 71 56 52 22 98 6 31 97 33 32 120 28 112 105 50 64 12 30 125 10 77 35 89 95 7 88 126 59 44 25 45 122 78 3 84 75 119 15 26 90 38 46 0 20 42 54 5 118 103 123 51 62 81 21 74 60 39 114 53 8 48 111 16 4 41 65 110 57 92 117 11 66 93 91 116 24 67 106 104 14 19 73 87 47 43 2 99 58 80 55 40 102 94 69 82 108 23 37 96 100 34 1 13 29 49 61 109
86 46 123 117 43 89 65 100 4 20 118 107 8 17 114 67 63 104 79 78 52 48 6 76 19 88 56 124 80 64 55 1 16 35 125 5 15 18 57 40 66 37 68 24 87 53 109 103 81 23 110 51 9 44 21 49 42 47 2 32 91 84 39 25 30 41 69 115 102 122 70 95 101 34 82 126 113 116 90 12 83 72 119 106 94 27 31 61 14 54 97 120 38 121 28 92 98 99 3 13 96 111 112 108 0 71 74 75 73 29 22 7 77 50 105 45 26 62 93 59 36 10 60 11 58 33 85
71 75 61 72 40 98 53 3 54 45 108 52 37 49 126 58 14 109 119 102 111 85 38 17 123 107 22 118 65 57 121 44 1 28 36 63 88 55 46 74 100 24 120 70 77 39 114 96 16 95 13 30 15 103 92 101 78 82 4 9 0 6 110 31 11 35 59 104 60 125 34 90 21 81 68 33 66 69 27 79 2 51 122 97 64 93 47 84 116 91 76 56 80 10 67 89 62 26 73 42 50 112 41 12 19 7 25 105 43 8 32 83 124 29 87 99 106 117 23 48 86 18 115 94 113 20 5
13 33 94 21 63 97 105 65 67 5 79 119 107 72 91 90 75 24 57 64 47 17 44 126 108 23 117 60 48 110 81 11 54 15 99 103 59 30 66 9 7 122 115 93 29 56 102 50 100 43 12 49 51 3 98 92 96 88 38 113 14 25 34 28 0 39 62 58 121 1 37 74 6 22 101 70 19 123 95 87 16 8 120 77 86 53 82 4 125 31 35 89 27 109 68 112 36 104 32 61 42 52 10 78 85 111 124 2 71 106 55 46 69 118 76 84 41 80 73 40 26 116 20 114 45 83 18
6 117 56 13 14 76 70 71 99 101 106 53 10 38 109 34 124 23 2 33 94 19 88 29 4 64 80 65 123 20 86 37 69 57 46 126 77 87 110 73 12 42 51 112 62 5 55 84 93 1 18 115 89 95 104 118 119 49 125 63 105 72 43 25 79 121 98 8 75 47 120 35 82 24 52 59 114 40 107 32 11 22 50 31 15 39 66 16 7 111 60 48 108 116 96 21 68 83 36 100 81 67 58 61 90 41 44 78 113 54 0 45 28 91 97 74 30 26 9 3 92 122 85 27 102 103 17
124 61 14 36 6 25 80 21 119 126 60 23 16 2 64 79 100 123 46 77 48 51 20 111 90 83 31 40 106 81 108 32 93 59 68 57 113 94 86 18 109 117 110 84 88 122 99 66 26 45 98 92 30 97 34 12 10 50 52 69 82 0 115 58 125 53 41 78 89 114 35 87 19 7 91 121 118 27 15 74 76 63 104 38 39 4 47 62 24 11 22 5 75 33 103 71 17 101 37 3 67 95 56 112 54 105 107 85 28 44 13 9 1 43 120 102 49 72 42 8 70 96 73 29 65 55 116
91 126 70 67 104 98 13 44 79 24 77 10 25 125 87 105 116 16 90 32 38 33 29 108 76 83 123 9 93 36 11 57 113 30 124 58 50 74 46 2 43 100 97 101 49 96 7 71 51 22 95 64 110 48 31 92 86 60 0 85 75 65 73 72 63 52 18 107 103 102 94 81 118 23 88 12 35 15 115 47 59 56 114 1 121 69 28 55 120 27 111 117 109 39 106 21 5 40 112 99 119 61 80 17 66 78 84 6 68 54 62 37 3 20 14 8 19 122 41 45 34 53 89 42 4 26 82
76 20 77 124 37 9 52 74 116 75 39 47 115 93 7 119 98 23 66 56 108 40 24 81 97 106 118 91 16 107 104 49 85 6 19 44 72 121 63 103 88 26 101 13 53 64 0 65 67 21 78 105 111 84 1 36 8 89 42 92 32 54 80 112 82 17 110 41 11 33 126 3 48 25 35 12 86 79 69 38 46 30 45 29 87 51 90 14 55 73 57 99 123 61 102 70 43 125 94 2 83 62 122 31 95 10 4 18 58 50 109 59 15 96 34 27 120 22 114 100 71 28 117 113 60 5 68
53 13 92 84 16 48 87 43 44 79 69 66 74 7 47 24 65 3 56 126 15 38 88 34 18 78 26 107 105 124 30 54 111 1 60 63 73 6 55 31 0 125 119 108 72 112 59 100 95 25 77 28 86 40 2 106 8 36 27 103 4 52 110 23 19 116 114 12 97 104 102 10 98 101 91 109 42 41 90 64 120 93 68 35 49 45 121 20 9 89 123 33 32 80 118 71 115 83 29 82 37 11 67 61 70 46 21 17 22 85 94 113 99 122 96 81 50 75 62 58 76 117 5 14 39 51 57
13 20 62 6 41 30 110 116 19 102 10 97 90 112 114 69 0 53 61 107 123 72 56 40 67 59 121 89 99 91 57 120 77 82 100 95 84 78 50 36 45 52 124 21 108 39 48 26 34 5 85 44 31 51 12 63 75 74 65 3 43 14 32 71 28 115 73 106 104 58 94 1 96 81 88 38 103 23 47 87 109 66 33 35 24 119 68 92 22 101 105 111 27 7 29 122 17 125 117 15 46 55 18 9 49 42 60 93 113 54 4 79 64 25 80 16 2 8 98 118 86 76 70 83 37 11 126
20 36 2 107 21 25 77 101 63 120 109 65 68 117 41 67 93 33 64 6 53 100 126 94 30 79 92 43 8 118 28 29 44 87 69 59 103 34 124 70 106 96 48 71 50 84 56 27 80 122 39 52 123 19 121 18 11 125 114 75 78 51 91 97 83 88 66 35 108 10 115 14 113 13 24 38 89 0 110 58 74 72 31 105 45 32 111 60 81 98 49 61 23 54 73 90 37 1 76 86 4 9 26 95 40 7 99 3 116 85 119 57 102 5 42 47 62 22 104 17 82 16 46 15 12 55 112
100 41 125 110 70 103 90 113 20 107 37 61 126 108 63 92 86 21 64 95 15 39 112 42 30 123 25 54 45 96 9 68 84 23 119 17 58 79 124 32 99 121 105 87 69 40 38 111 56 46 26 48 28 73 89 120 6 50 53 80 122 71 94 3 34 117 81 109 11 35 12 57 31 51 13 82 72 67 10 114 62 91 115 66 2 55 19 29 104 27 98 106 75 76 88 22 4 0 59 8 93 47 102 101 65 118 1 36 77 116 33 97 52 44 5 85 24 60 14 49 43 18 7 74 83 16 78
120 41 19 0 70 116 126 74 110 59 85 75 121 49 88 31 60 103 86 89 123 79 48 118 27 67 42 54 36 72 3 58 104 57 52 100 40 73 25 84 78 77 24 46 1 99 13 91 80 108 43 61 114 8 96 26 34 64 71 101 11 17 109 18 55 23 113 30 111 95 112 82 32 106 87 10 44 69 22 20 7 47 35 51 29 93 68 63 65 66 53 4 33 102 117 94 124 62 9 16 12 14 37 76 56 125 92 28 45 6 122 38 39 21 5 119 81 105 90 107 115 2 83 97 98 50 15
97 67 1 111 43 126 16 87 117 85 34 119 7 46 101 56 24 3 125 4 54 104 0 118 80 63 25 38 74 73 11 39 31 120 61 66 77 113 75 62 116 112 41 13 32 26 51 95 110 68 6 82 9 86 37 106 71 48 64 22 17 55 5 27 23 70 90 107 10 76 105 12 28 18 69 45 72 49 47 109 96 33 58 102 36 100 78 35 81 8 59 53 91 123 60 50 65 20 88 42 83 93 44 122 52 92 108 19 30 115 124 84 98 2 99 40 114 14 57 94 29 79 15 21 121 103 89
81 122 57 125 21 27 8 50 124 28 38 5 47 34 29 86 26 56 119 41 62 59 79 96 103 14 88 63 109 66 104 105 23 77 92 4 49 3 48 43 20 93 108 110 97 53 106 9 117 10 46 25 82 6 80 94 0 67 39 114 115 55 51 13 54 1 78 60 83 44 19 58 112 99 40 22 111 70 7 68 61 72 17 31 74 73 35 120 12 90 30 87 32 42 64 84 15 11 121 107 102 116 101 36 113 75 45 76 18 33 71 100 123 91 95 69 37 85 16 98 89 126 65 52 118 24 2
9 75 120 68 92 71 4 102 57 23 91 90 63 67 104 74 97 110 6 46 36 15 38 19 94 51 126 45 31 121 95 12 62 5 8 48 59 106 101 53 54 78 2 98 16 105 123 83 108 33 103 21 3 50 117 7 52 35 100 86 30 111 115 56 99 26 76 58 79 66 18 47 125 55 73 89 61 11 37 41 93 114 85 113 42 43 29 72 88 1 0 24 27 122 118 40 96 64 34 13 10 25 124 80 112 77 82 87 14 84 65 20 119 60 49 44 69 81 22 107 32 28 109 39 17 70 116
73 78 58 122 15 60 64 47 115 84 31 124 39 2 79 40 5 42 91 86 19 61 126 51 75 70 82 103 101 13 23 4 88 95 77 116 107 44 105 25 93 123 53 114 106 24 17 112 121 8 104 113 21 66 16 110 55 99 38 9 72 57 33 12 67 37 68 69 102 81 83 50 43 90 11 96 117 14 34 80 108 3 59 98 100 119 10 41 118 35 6 94 87 120 0 18 71 29 111 32 54 45 56 89 30 62 76 97 85 74 92 22 20 46 48 27 109 26 7 52 49 63 36 28 1 65 125
112 13 20 102 92 24 126 11 117 38 45 83 94 14 63 51 16 4 86 31 67 93 54 29 64 68 56 101 34 124 44 114 71 26 42 48 119 111 27 78 108 37 121 18 9 40 97 87 105 113 2 90 35 59 47 30 28 73 39 49 89 74 19 1 79 96 50 76 17 118 7 109 61 25 125 82 41 88 106 22 123 60 80 43 66 77 65 91 98 46 52 21 8 62 3 53 15 100 32 12 0 107 120 6 104 33 122 36 72 69 58 115 116 99 57 95 85 70 23 103 55 75 81 10 5 110 84
0 116 15 72 88 16 48 42 26 29 101 36 56 40 55 12 37 73 63 109 43 58 77 21 5 87 59 104 7 79 68 30 66 82 64 44 9 65 126 31 27 120 14 124 34 32 114 13 20 38 123 69 18 103 115 71 46 86 47 108 2 122 113 25 41 106 112 24 99 50 76 61 95 96 119 94 8 90 67 60 110 49 118 84 3 6 35 62 4 81 54 80 22 74 97 92 33 19 100 125 91 11 17 83 70 52 117 53 93 78 51 98 121 102 23 85 105 75 107 45 39 89 1 57 28 111 10
76 93 51 6 21 113 75 23 109 1 107 52 77 0 96 40 35 121 106 110 56 85 33 98 11 80 49 105 54 92 82 14 12 95 73 81 118 99 74 22 48 39 16 60 104 37 102 64 17 120 86 4 27 84 88 26 126 38 111 24 87 46 119 112 63 97 53 13 91 68 83 47 19 117 20 62 42 57 78 79 43 44 65 90 71 55 29 7 123 101 94 66 70 18 100 34 2 30 67 36 114 9 103 15 45 124 8 72 116 108 5 28 32 115 41 58 10 3 31 69 61 25 125 122 50 89 59
49 78 38 30 103 1 93 56 121 123 55 5 101 116 89 65 90 27 94 96 110 91 58 26 2 104 17 85 69 120 35 39 31 57 109 125 88 117 74 68 28 61 24 126 7 4 47 37 18 97 107 62 52 34 86 43 20 51 73 67 64 106 41 32 115 50 87 102 99 12 36 60 105 71 9 44 6 118 66 119 15 3 59 108 8 48 53 22 80 81 23 122 33 11 114 82 84 112 63 16 77 21 45 100 72 0 14 76 79 46 10 98 95 29 124 70 75 54 40 113 92 13 83 19 111 42 25
7 40 81 88 102 62 116 29 20 26 76 117 104 118 119 34 24 60 77 22 121 106 126 13 82 46 54 15 43 4 49 1 3 52 103 11 67 75 16 74 6 32 108 50 56 93 105 98 63 38 28 79 0 27 113 78 64 14 91 90 57 95 47 97 41 94 96 73 101 19 86 123 45 84 65 59 39 66 44 36 125 120 25 114 17 107 85 33 18 83 100 71 51 48 55 2 87 80 61 21 109 68 124 92 9 42 30 70 112 58 37 122 53 12 69 5 10 31 23 110 89 8 72 115 111 35 99
32 116 27 82 47 64 49 75 115 22 103 120 121 70 20 105 53 7 4 101 43 52 51 15 104 90 107 92 99 98 1 119 91 28 35 117 100 21 13 34 126 66 23 68 125 111 46 44 61 65 85 41 123 89 97 16 112 106 40 94 86 39 54 69 110 10 55 57 6 84 79 2 83 59 11 5 60 12 80 62 88 122 33 87 50 77 102 124 67 8 93 76 56 14 72 114 45 18 17 24 37 109 78 73 9 3 48 29 38 19 31 118 58 26 74 108 0 71 42 96 63 36 81 25 30 95 113
80 18 115 46 108 102 111 2 3 58 42 11 21 4 98 7 32 68 28 70 126 103 37 112 60 57 38 54 122 74 81 90 13 124 63 16 17 53 36 14 56 77 95 96 106 30 87 113 88 0 85 116 120 64 61 73 23 84 29 52 24 15 31 1 104 12 65 76 71 25 34 123 20 100 121 8 78 66 51 109 44 48 5 117 41 49 40 101 10 99 75 105 83 91 22 59 35 69 26 27 43 119 114 33 82 67 97 79 93 118 6 39 47 72 19 94 55 107 110 89 45 125 50 9 86 92 62
27 88 17 112 8 96 95 124 125 35 103 80 3 58 69 51 115 91 28 77 122 71 100 18 102 45 34 54 104 21 9 90 32 0 4 56 6 24 60 97 26 72 55 118 49 41 106 39 75 59 25 93 11 121 89 99 36 114 78 126 66 47 109 29 43 31 85 98 48 23 87 116 74 81 84 12 13 37 63 70 7 20 65 52 64 40 68 50 107 110 113 38 123 117 42 76 53 82 5 119 46 73 61 14 19 105 94 111 86 92 120 101 83 15 108 79 10 44 33 62 30 16 67 1 2 22 57
18 25 115 7 60 94 84 73 48 97 110 53 34 61 40 31 3 121 4 124 86 114 49 90 13 9 12 120 72 100 47 123 64 20 8 10 99 71 50 67 78 116 30 68 46 95 91 54 39 41 42 113 106 80 107 57 23 55 0 63 108 29 69 117 101 15 5 98 112 111 17 125 118 93 104 66 76 88 58 105 96 122 51 92 11 1 35 6 32 19 37 65 62 89 27 75 81 16 26 44 77 70 79 45 33 109 126 74 82 24 119 52 56 102 14 59 2 83 28 38 87 36 21 22 43 103 85
62 47 46 113 61 68 13 48 20 38 89 94 121 33 4 1 12 56 126 24 109 74 22 32 7 92 100 70 64 41 101 15 124 110 88 72 85 8 45 80 81 97 29 67 66 10 18 27 63 60 120 52 125 77 30 69 99 78 26 42 103 118 58 84 25 35 117 104 44 14 90 96 36 119 87 43 55 0 31 65 76 54 83 114 49 5 111 123 23 16 71 93 91 11 3 17 106 122 9 34 53 75 82 95 107 21 2 105 112 50 57 39 98 102 19 116 37 28 6 59 51 86 40 79 73 108 115
16 2 46 31 39 51 33 43 52 68 30 75 73 81 108 102 111 110 126 0 11 93 124 6 28 69 103 99 56 54 25 77 82 107 62 5 57 50 71 55 42 112 123 95 120 76 121 19 32 94 9 14 86 101 91 7 64 12 36 116 105 98 44 118 10 84 15 49 109 113 45 72 79 59 90 63 27 34 37 41 40 13 78 1 61 65 47 87 114 21 29 8 17 106 70 115 117 92 3 122 58 119 80 48 18 83 100 96 22 97 53 125 26 85 23 74 38 89 35 88 104 67 4 60 66 20 24
73 70 83 98 94 56 120 39 65 75 99 47 93 104 36 64 96 108 112 51 76 24 23 59 1 61 4 106 38 100 118 122 79 12 78 42 80 116 55 11 101 33 89 68 102 69 21 105 53 50 46 6 41 29 81 9 34 0 32 97 30 57 71 8 86 10 66 121 31 123 115 7 109 2 82 90 37 114 124 25 113 14 60 45 74 15 88 84 43 87 49 125 19 63 91 5 126 18 27 92 110 22 52 117 48 67 107 13 95 85 16 119 103 62 44 20 3 77 35 111 58 40 17 72 54 26 28
96 125 57 71 38 35 123 20 40 47 26 69 56 98 45 107 62 42 22 60 116 54 75 19 48 32 110 103 79 95 121 102 89 77 18 124 7 12 37 90 27 14 94 23 13 53 8 31 61 46 82 0 117 29 11 84 64 72 118 10 83 6 39 49 120 34 112 73 122 9 91 63 100 59 76 24 106 21 113 85 66 68 81 99 114 30 109 44 88 51 33 50 119 16 1 67 74 4 55 3 70 58 126 25 87 15 52 101 105 115 17 80 97 92 78 5 108 111 28 65 104 41 86 93 36 2 43
43 62 115 29 0 73 65 101 1 16 93 80 92 10 25 83 58 94 104 114 64 2 26 40 103 107 91 74 116 22 60 112 61 17 66 6 89 69 84 56 47 12 125 21 5 31 122 7 23 13 120 63 45 117 59 106 71 90 28 8 9 14 98 55 18 11 88 100 113 19 54 72 95 87 78 41 20 32 34 27 102 49 24 15 39 126 30 75 33 99 52 50 97 86 57 51 4 48 82 42 76 79 111 3 77 118 123 70 85 68 53 121 110 96 67 109 38 108 37 35 119 46 81 124 44 105 36
78 53 115 31 126 73 104 76 18 33 20 121 123 94 112 101 63 82 44 48 118 28 5 87 60 35 83 103 84 79 71 111 11 107 68 0 92 120 110 58 2 59 22 14 17 3 80 102 10 55 29 19 65 24 106 64 100 105 38 95 96 42 109 69 125 43 7 93 122 30 4 54 8 36 37 52 32 119 99 89 13 72 50 46 74 98 16 39 57 41 45 61 124 47 88 97 90 117 75 66 86 77 21 62 114 40 1 81 26 6 15 113 34 116 67 85 23 70 108 9 25 56 49 12 51 27 91
21 68 84 103 14 126 124 104 100 54 33 115 61 67 51 97 8 11 87 36 66 50 0 73 120 37 31 90 116 24 7 38 71 19 28 48 35 92 62 44 95 88 46 106 91 117 98 32 12 18 22 72 81 59 43 74 89 82 2 60 1 56 53 58 40 99 119 114 26 80 111 96 41 125 42 105 55 30 76 77 27 45 49 23 17 25 34 79 13 83 86 113 6 10 65 39 118 110 29 57 101 9 52 94 109 123 3 63 16 64 85 107 102 108 69 121 70 5 78 122 15 4 112 75 47 20 93
8 97 18 44 106 112 84 50 74 37 6 119 46 51 105 78 7 17 69 13 41 54 101 22 61 71 73 24 109 82 43 95 30 120 124 53 12 64 36 48 98 118 125 21 99 59 87 56 52 111 66 126 72 113 115 102 3 16 27 100 110 14 70 15 26 58 77 80 29 92 81 45 65 89 90 67 10 2 42 0 108 39 79 75 121 20 68 122 63 35 19 11 86 1 116 123 76 117 107 104 33 40 34 4 49 94 85 9 60 88 25 103 114 55 83 31 28 57 38 91 62 23 32 96 93 5 47
85 9 40 105 37 106 62 98 79 69 77 61 65 54 119 14 111 22 71 99 51 15 21 19 58 73 103 97 42 25 88 49 113 45 86 43 16 32 63 102 56 83 100 23 55 7 114 123 120 110 94 38 60 108 90 87 64 70 93 126 53 91 20 57 75 24 6 3 81 125 84 118 50 78 29 74 18 80 46 101 4 17 28 1 11 107 121 82 124 89 117 2 36 122 30 76 41 13 96 68 109 104 59 67 26 95 92 39 48 8 112 52 115 31 10 33 47 12 72 44 27 35 34 5 66 0 116
54 90 96 70 108 16 103 12 33 115 0 68 37 69 35 21 73 102 85 120 114 91 25 105 58 111 15 32 28 71 95 64 6 14 18 126 88 22 119 42 3 63 23 107 5 84 34 78 24 13 50 79 41 52 109 9 38 55 10 89 30 56 7 77 121 44 4 8 123 49 113 46 80 43 117 81 97 11 76 40 74 19 67 39 72 118 26 27 106 86 29 125 36 20 116 45 65 112 110 2 93 94 66 17 87 48 99 98 1 83 60 51 61 82 57 75 59 53 104 124 92 122 47 101 31 62 100
82 56 31 120 117 94 24 108 92 34 9 106 61 39 81 101 96 15 10 77 122 40 64 1 45 80 121 98 111 37 26 19 12 8 113 67 85 44 27 52 99 65 20 55 36 116 110 54 93 5 58 70 17 69 83 66 42 29 104 74 33 124 0 35 57 114 125 18 22 53 79 78 2 126 102 73 41 68 107 13 4 63 59 21 75 115 43 76 48 87 90 32 7 91 100 103 109 47 6 11 23 16 50 3 71 49 123 46 84 86 60 72 14 118 28 105 88 30 112 119 38 51 89 97 25 95 62
96 11 56 104 38 35 85 13 115 116 66 102 79 22 12 106 92 86 36 32 71 33 49 27 117 107 70 53 83 26 93 78 6 90 14 48 108 20 57 72 61 58 124 31 73 95 100 44 10 39 69 3 98 97 16 87 105 29 18 52 67 25 40 84 125 68 120 9 30 74 114 89 123 62 65 28 24 103 1 45 109 112 47 59 0 122 50 99 37 43 77 34 63 51 81 8 75 15 110 54 2 121 101 64 17 55 111 42 80 88 91 41 82 76 119 113 5 118 46 60 126 21 7 23 19 4 94
12 60 6 99 74 119 56 64 114 3 76 84 10 86 4 47 43 63 34 105 77 16 14 7 2 94 116 55 57 17 23 68 88 50 96 40 110 61 39 78 28 37 67 98 79 71 111 102 117 73 11 104 122 41 75 125 70 109 58 126 44 89 27 35 112 121 85 100 91 72 38 82 52 81 22 18 95 49 24 45 62 103 123 65 25 20 101 54 48 80 113 36 118 92 13 1 83 30 29 32 106 53 87 15 26 108 31 21 33 107 66 120 97 19 9 0 115 46 93 5 124 59 69 51 90 8 42
96 30 48 107 105 0 7 70 19 125 39 27 44 100 34 112 80 18 24 111 2 89 71 65 68 97 78 52 22 10 103 108 101 114 50 46 13 57 26 98 59 47 77 12 84 41 35 102 73 92 43 42 83 17 95 106 51 82 69 8 67 99 94 75 121 115 104 40 79 6 28 29 54 72 25 117 123 64 74 55 122 16 109 31 120 86 90 113 124 15 1 11 58 87 32 45 33 116 60 88 110 5 20 62 37 38 21 85 53 126 9 61 93 66 118 49 4 3 63 76 14 23 119 36 91 56 81
72 19 93 83 21 104 66 121 61 52 34 28 86 114 117 56 49 31 5 59 9 15 71 53 17 126 99 7 51 64 119 110 69 107 77 73 32 44 87 47 29 18 6 12 105 40 35 116 22 98 84 124 92 23 123 125 79 67 41 43 60 120 97 94 10 45 111 106 26 62 101 13 50 76 20 80 24 54 122 36 58 68 8 112 55 0 27 39 46 103 118 115 75 85 74 3 30 25 65 90 109 96 4 14 57 81 89 33 63 37 42 70 16 91 108 11 2 78 95 102 100 82 38 88 113 1 48
17 58 111 103 43 98 97 122 55 113 22 70 23 89 124 1 116 21 99 125 112 7 20 92 8 2 72 77 65 15 24 47 32 115 68 109 18 4 9 39 16 67 11 66 29 74 119 105 108 19 69 12 5 100 63 49 54 3 27 76 114 36 120 85 41 40 57 52 118 107 30 83 71 110 94 45 28 31 51 44 84 73 80 64 42 106 78 10 14 35 81 79 37 117 34 91 25 75 126 102 60 59 48 121 90 0 50 123 82 86 88 6 13 38 33 101 46 62 53 104 26 96 61 95 87 56 93
105 23 66 9 0 81 82 94 11 45 121 13 62 21 88 70 122 34 67 79 51 89 30 8 95 1 113 83 108 55 119 59 60 43 44 98 16 77 124 39 53 91 50 65 49 10 80 4 36 93 107 19 102 22 27 20 68 48 29 57 41 17 106 32 92 100 5 26 90 33 61 2 3 12 109 85 46 73 72 35 99 25 96 101 114 6 52 117 54 87 75 7 28 123 64 31 110 76 37 104 112 126 38 58 56 125 78 24 74 47 97 84 40 63 14 69 120 118 42 15 18 86 111 115 103 116 71
56 76 117 53 88 80 5 21 57 65 4 118 126 110 69 96 50 47 91 121 26 1 106 30 95 85 3 89 104 2 115 51 78 97 120 92 48 33 123 68 40 25 15 79 111 45 59 12 52 74 18 39 28 7 23 66 14 55 13 93 105 87 101 75 119 71 62 42 32 86 49 8 116 84 9 94 70 41 31 24 112 122 82 113 108 34 20 60 107 125 77 6 27 99 37 83 10 54 61 38 22 43 0 72 29 44 73 67 90 109 64 100 16 103 11 58 98 124 36 102 35 114 46 17 19 81 63
117 113 121 91 12 120 56 6 43 89 35 106 126 85 88 50 69 31 15 68 77 71 82 29 90 81 38 53 55 40 65 8 101 119 3 102 118 99 47 44 14 86 41 98 51 78 114 13 112 19 66 30 16 34 32 27 64 23 123 26 122 49 45 33 87 105 95 18 17 5 39 57 58 73 21 59 61 80 67 104 124 42 94 37 97 2 96 109 25 108 22 60 72 110 4 93 74 84 76 75 7 103 100 24 52 46 83 48 116 92 11 10 1 70 62 107 63 28 54 115 9 125 111 20 79 36 0
71 54 62 68 15 29 73 95 80 7 75 82 100 9 43 99 70 120 64 12 83 81 17 89 53 76 13 44 97 2 122 52 60 94 37 103 74 5 34 11 55 119 118 114 105 36 102 121 67 24 1 87 35 10 26 115 14 90 28 30 109 32 108 19 84 8 51 66 69 41 18 112 57 25 16 107 21 27 59 39 124 61 110 4 101 77 48 79 31 98 86 85 125 0 91 88 45 56 40 6 117 123 50 126 72 78 96 106 111 47 23 33 92 3 63 38 22 116 58 104 65 46 42 20 93 113 49
80 121 59 119 34 109 57 16 29 92 116 90 103 85 46 30 82 19 67 63 61 55 75 93 35 88 89 60 97 43 123 101 5 42 40 83 2 14 26 27 113 71 22 39 104 51 120 53 18 66 1 98 78 12 122 0 94 49 32 3 73 23 111 74 38 10 24 126 79 36 77 108 106 107 50 112 21 125 15 33 118 56 124 68 9 115 6 41 102 11 117 28 52 114 8 37 13 62 64 81 99 58 100 4 69 65 76 86 48 105 110 87 25 72 70 54 17 84 44 45 20 96 95 31 47 91 7
117 53 15 13 71 27 85 120 39 25 7 97 88 72 109 77 99 24 38 73 8 116 94 4 104 126 35 108 58 91 59 6 37 28 5 18 64 60 93 75 123 113 70 86 95 48 31 12 74 62 100 65 9 33 124 103 23 57 52 122 96 26 55 19 2 61 67 110 125 112 32 21 1 111 47 78 34 11 105 63 17 107 83 90 119 79 10 20 0 102 101 50 41 68 40 81 36 69 66 3 115 30 42 121 118 45 14 49 76 114 43 54 56 106 44 98 16 29 82 22 89 80 84 92 87 46 51
30 87 55 56 90 17 109 2 94 23 1 117 15 19 83 36 77 13 14 5 38 70 58 57 106 63 40 7 120 28 85 92 50 21 66 4 116 108 33 102 9 48 10 71 105 123 91 11 113 12 32 110 46 101 47 100 42 104 80 64 27 95 25 62 49 76 31 114 37 35 73 34 79 20 65 24 68 3 53 59 54 67 122 72 81 107 52 6 44 78 96 89 74 115 124 26 16 29 84 61 8 39 60 41 43 119 82 45 86 112 126 111 99 88 97 103 69 125 0 93 98 18 22 51 121 75 118
35 69 36 71 47 77 46 18 98 119 78 25 55 93 81 64 120 83 73 62 7 15 104 14 122 33 85 82 5 89 16 107 76 9 1 103 54 97 92 37 29 2 126 63 91 45 60 96 43 118 13 108 30 121 125 11 75 110 20 41 66 49 34 67 123 87 86 58 90 27 53 94 52 109 65 57 111 0 24 19 113 99 61 114 112 56 102 117 38 3 51 116 44 72 22 39 115 106 26 6 124 68 101 74 84 70 21 32 100 10 31 23 28 50 105 40 59 80 12 95 79 48 17 8 88 4 42
105 88 87 22 125 118 23 72 36 14 42 83 78 43 71 61 116 68 25 107 30 111 76 108 75 97 12 91 96 17 48 70 57 101 124 15 28 47 1 80 73 67 56 119 65 31 11 32 90 60 26 95 27 85 53 51 55 45 126 39 21 38 20 54 89 44 34 114 35 62 77 121 120 6 106 13 99 98 115 10 94 16 58 50 113 59 9 19 93 110 112 100 24 69 63 40 81 2 33 103 102 109 46 0 84 86 52 41 29 66 18 37 3 5 64 122 8 4 74 49 123 117 79 104 7 92 82
3 40 84 82 66 88 61 0 105 124 18 94 120 57 118 96 27 86 67 48 43 5 90 107 59 54 114 99 78 68 21 1 113 72 75 103 9 29 116 62 121 80 112 91 64 39 100 36 89 13 28 16 23 52 60 71 31 20 87 42 117 51 22 45 119 69 33 49 53 41 25 108 34 102 7 126 111 32 73 83 104 17 46 24 77 11 2 14 110 10 70 98 44 85 19 93 38 76 63 26 101 8 115 65 55 122 106 74 50 15 12 95 58 37 97 79 47 56 81 92 125 109 35 30 4 6 123
63 62 0 66 118 72 125 88 60 19 7 51 92 48 114 1 61 98 22 29 21 52 101 13 46 71 30 43 9 74 68 65 120 90 37 44 45 42 6 23 16 97 47 82 95 122 96 84 32 34 94 99 85 110 69 105 124 78 8 79 18 53 77 15 64 126 108 55 28 102 59 50 115 116 5 67 3 121 26 107 123 57 80 93 25 56 106 117 87 109 24 33 91 100 35 14 75 83 27 2 31 12 11 112 54 38 103 17 20 49 119 58 70 86 81 41 36 40 104 76 4 113 10 89 39 73 111
94 124 17 31 16 44 60 48 34 3 64 85 1 89 18 120 46 117 32 43 7 121 5 12 15 21 52 114 68 103 54 65 45 62 76 104 123 77 78 56 27 106 24 73 92 108 101 13 38 83 6 67 36 118 69 53 87 98 47 112 25 2 59 96 49 63 33 111 0 116 40 50 113 71 115 23 109 4 14 42 79 93 82 51 90 75 39 110 122 84 19 22 95 72 74 126 66 86 107 125 70 81 97 28 8 10 30 61 26 119 11 99 37 57 58 35 102 80 88 41 105 9 100 55 29 91 20
0 37 40 113 44 1 96 119 69 34 67 3 122 38 88 77 91 61 78 104 74 121 9 8 4 25 55 45 65 100 70 16 72 23 6 58 108 11 123 59 51 109 83 35 32 120 118 26 28 50 49 114 56 33 2 17 92 29 52 10 84 106 57 76 15 125 31 79 18 42 94 71 124 111 80 103 110 89 48 22 20 116 73 14 62 60 126 105 95 87 7 13 36 98 12 86 115 41 19 66 43 63 107 47 54 46 85 82 39 64 112 90 117 99 21 30 27 68 24 101 5 81 53 75 93 102 97
14 51 80 38 33 0 5 64 15 23 47 115 75 101 34 79 103 76 65 114 90 49 91 35 46 28 62 96 27 116 123 92 118 88 1 67 36 42 24 106 100 87 70 10 99 18 108 43 9 95 73 12 83 98 74 50 37 107 26 94 2 13 81 19 85 111 44 78 71 93 20 121 126 3 120 124 29 97 6 55 8 102 69 112 82 21 72 30 53 40 86 77 109 119 45 104 61 58 57 54 117 7 113 17 125 110 84 105 25 122 68 56 16 32 59 48 63 60 52 31 22 66 11 4 89 39 41
29 54 126 124 24 60 74 58 30 86 11 63 55 41 103 42 15 46 22 68 78 111 6 44 114 99 61 73 52 21 71 56 118 39 69 125 104 96 23 105 10 82 106 65 43 57 113 122 5 26 18 49 9 36 72 75 38 4 35 33 0 40 25 108 50 90 80 110 115 37 92 83 76 3 93 87 120 2 8 20 81 112 17 109 119 45 19 102 62 51 64 84 116 89 1 88 70 97 28 123 100 79 12 94 95 14 107 67 31 121 16 34 47 32 85 117 98 48 7 101 59 13 27 53 66 77 91
30 47 106 61 64 55 10 16 91 3 52 24 121 43 87 59 7 112 5 14 92 68 67 95 21 116 25 58 86 56 45 77 41 32 103 28 73 8 90 46 23 6 12 49 76 94 88 98 114 60 118 81 53 2 37 117 13 104 108 96 74 119 1 4 93 110 27 20 31 122 11 123 97 89 66 126 115 63 84 79 26 54 82 51 85 80 33 22 40 113 39 48 109 34 100 62 124 75 105 69 83 71 15 102 101 9 42 99 50 35 125 107 36 0 111 72 70 44 17 18 19 57 65 29 38 78 120
38 13 98 58 84 6 60 66 42 17 0 4 27 107 45 83 25 108 53 59 51 110 121 35 24 10 49 77 73 120 123 21 115 116 118 9 65 78 86 3 126 106 33 61 44 16 55 36 39 62 93 79 112 52 75 32 67 12 74 34 76 119 70 41 96 80 11 90 111 56 87 37 30 102 47 124 113 7 94 29 82 26 109 19 46 103 122 23 69 57 117 68 89 125 40 81 64 88 18 50 91 97 72 71 99 85 1 2 28 8 31 15 14 92 43 104 114 5 20 95 100 22 48 101 63 54 105
28 77 46 51 1 26 104 118 63 11 83 95 87 75 43 78 72 4 88 86 61 119 9 8 109 53 55 52 106 10 97 60 73 16 103 108 7 81 33 121 44 21 65 92 85 98 117 40 3 27 56 48 116 62 47 64 6 0 111 50 35 24 34 41 25 49 57 20 126 82 15 17 123 107 14 79 30 113 66 91 19 38 59 110 101 115 23 5 32 67 18 125 12 71 120 102 37 96 31 58 42 2 94 122 76 114 45 13 29 100 22 112 39 74 84 54 124 80 99 69 93 105 68 70 89 90 36
20 45 90 10 11 87 58 43 50 51 88 108 29 8 0 38 109 78 91 4 71 80 62 54 24 122 86 40 22 92 68 66 37 76 64 81 35 125 83 28 117 79 89 123 32 85 96 5 97 115 65 57 1 120 25 124 59 116 9 110 118 42 21 74 111 106 112 2 34 70 77 60 30 95 119 16 53 73 104 103 67 46 26 18 75 14 52 61 31 33 99 56 44 55 82 121 41 15 23 94 3 107 47 93 49 69 27 48 72 63 12 6 36 17 102 7 113 13 19 114 84 105 98 101 100 126 39
64 48 39 106 41 68 87 0 20 27 83 61 80 8 43 103 50 17 126 29 60 36 85 70 32 100 84 24 4 95 120 19 59 56 22 111 16 109 13 110 11 105 54 88 94 81 33 66 1 82 6 40 118 79 124 104 78 113 28 96 25 21 125 3 23 97 46 74 18 47 37 42 67 98 73 116 49 31 114 75 53 90 34 69 63 9 99 119 112 30 12 65 77 2 7 121 15 5 86 51 44 91 14 72 55 89 35 62 108 102 57 107 122 45 58 26 10 92 101 123 38 93 71 115 117 52 76
21 90 72 61 56 34 57 87 69 1 95 4 101 100 63 118 123 10 102 2 25 65 79 121 88 8 9 16 68 45 43 6 20 7 124 24 31 116 75 32 50 99 5 76 81 36 30 35 44 64 113 80 19 105 71 91 109 83 59 107 93 54 111 85 49 62 38 52 28 26 47 112 37 12 58 23 22 73 106 104 11 89 15 86 14 103 70 98 66 51 115 82 13 96 27 122 77 41 108 53 33 125 17 92 29 84 18 42 110 46 94 126 3 114 120 74 55 117 39 60 48 40 78 0 67 119 97
30 35 63 37 102 71 17 41 108 42 78 122 29 112 115 13 64 0 5 125 121 66 80 93 62 38 4 96 53 98 39 103 52 12 8 120 123 72 44 97 24 118 75 113 74 11 84 7 90 6 58 68 79 26 110 87 16 76 61 69 83 109 67 20 31 43 70 14 117 45 101 3 107 104 88 15 86 51 9 111 114 57 49 19 36 28 85 34 21 27 33 56 89 54 23 2 91 105 50 48 40 94 126 32 25 60 59 46 77 18 119 106 81 95 1 73 116 47 124 82 92 22 10 65 100 55 99
80 114 42 111 31 56 82 49 10 35 112 87 116 123 3 102 61 43 67 5 32 86 41 57 96 11 2 45 101 109 34 70 81 107 84 100 93 26 13 68 73 44 40 124 53 65 88 94 64 14 75 15 21 121 23 106 46 19 6 97 122 20 1 119 118 25 27 48 91 29 76 51 58 8 39 79 17 55 59 89 126 30 120 36 60 38 71 98 4 90 37 95 66 0 92 78 85 63 7 33 105 125 74 69 24 103 117 50 72 62 9 47 113 83 115 77 18 108 104 22 12 110 54 16 52 28 99
30 100 7 108 4 106 94 82 57 73 93 113 119 51 79 118 50 24 112 21 81 36 85 114 98 2 95 43 101 55 117 14 68 41 89 120 115 27 65 49 91 116 8 26 80 88 123 70 48 34 29 15 69 44 63 62 42 9 53 28 105 122 56 77 6 18 102 23 87 126 110 5 46 39 125 83 60 96 54 16 103 31 72 74 1 20 58 61 52 111 12 37 32 86 40 71 11 0 17 107 47 45 92 78 25 121 97 66 13 33 90 67 75 35 109 99 10 22 3 64 84 124 19 38 104 76 59
55 73 89 40 45 46 71 20 70 9 75 108 5 93 16 69 48 8 88 96 90 106 104 87 35 33 17 28 37 68 95 44 23 86 65 14 54 58 126 1 66 83 27 24 72 105 32 29 62 109 82 115 118 78 12 102 107 76 10 57 18 53 41 4 31 43 13 113 92 56 91 60 2 52 49 42 47 36 26 80 63 120 103 85 81 25 97 119 51 30 112 39 50 110 100 122 101 34 7 94 99 19 3 121 11 114 38 74 6 61 98 111 59 79 21 77 124 67 123 22 0 116 84 64 15 125 117
112 121 74 78 61 124 36 37 39 6 90 88 59 89 0 46 116 102 56 96 22 70 63 9 49 58 4 2 5 122 29 97 43 91 95 12 60 15 118 51 11 101 75 30 103 98 52 85 32 27 45 126 87 40 83 7 73 34 81 8 14 125 93 18 76 71 38 16 26 53 41 109 104 80 23 20 117 79 84 65 123 44 119 66 72 35 50 86 13 69 108 48 110 57 3 64 92 113 68 94 28 82 62 55 1 99 67 33 115 17 54 105 24 107 21 31 42 114 47 120 25 19 100 111 10 77 106
98 35 40 32 93 8 117 90 85 82 104 66 60 45 1 119 103 4 53 19 2 51 77 22 70 62 79 102 108 0 111 17 34 20 23 73 89 3 9 5 101 65 43 33 115 37 38 27 100 121 59 7 13 99 83 80 46 26 25 64 88 76 72 86 47 92 67 118 126 10 69 30 110 61 75 39 84 94 55 12 29 52 71 74 96 106 24 123 116 124 58 81 14 57 50 107 87 125 42 48 28 109 113 36 6 21 91 18 63 95 97 68 11 78 114 15 112 31 16 49 120 122 105 41 54 56 44
12 78 54 114 67 89 17 1 97 84 27 106 92 8 86 105 103 4 20 43 38 32 93 11 72 70 45 80 19 126 48 118 0 64 68 90 62 102 57 75 81 36 10 104 16 115 65 51 31 125 82 71 66 107 83 87 2 7 73 60 23 6 100 9 53 119 49 37 123 117 34 50 21 110 112 91 24 5 99 85 61 47 55 26 33 52 77 35 42 29 88 25 41 120 111 58 59 46 56 14 76 101 74 79 18 22 108 44 98 30 13 28 113 109 116 124 15 96 3 121 95 69 122 94 39 40 63
112 35 73 49 93 122 6 0 80 62 117 44 37 78 70 63 16 111 94 1 105 121 81 29 14 86 60 31 71 9 21 103 7 42 124 119 90 74 104 84 18 98 88 68 69 8 83 97 19 32 33 96 107 25 114 56 65 59 116 43 115 92 47 108 79 82 40 67 52 126 64 4 23 58 91 75 100 76 17 53 38 101 3 22 61 10 106 125 120 102 45 99 36 54 39 24 110 2 113 41 57 34 77 50 48 12 20 89 27 51 5 15 123 30 85 109 46 11 26 55 95 28 118 13 66 72 87
72 104 78 60 43 52 59 75 120 32 92 93 107 18 56 26 98 8 48 112 76 5 122 125 102 31 61 74 89 101 124 117 82 71 105 42 69 27 47 80 13 116 97 44 108 66 51 84 83 79 67 63 10 91 62 103 86 9 4 12 81 70 33 2 50 109 57 87 114 34 100 94 90 46 21 14 39 119 17 7 29 77 1 3 55 110 95 58 24 40 121 53 38 88 28 49 115 126 123 64 25 99 35 0 23 85 96 113 15 22 54 65 111 30 37 36 41 118 45 20 11 73 6 106 16 68 19
50 18 52 39 38 121 27 88 5 12 37 117 111 3 126 2 76 106 71 46 16 119 105 69 29 87 101 99 98 74 103 45 125 118 113 15 100 9 49 83 102 54 115 120 84 19 123 90 81 109 85 63 6 89 41 32 61 24 107 122 43 92 0 34 26 79 114 110 70 77 30 59 124 72 62 47 42 95 75 31 4 25 55 53 36 97 96 23 116 35 22 112 68 94 17 86 73 28 48 80 44 10 67 104 13 64 20 51 56 21 66 11 57 82 58 14 40 60 7 65 1 78 33 108 93 91 8
47 76 73 69 45 65 71 85 51 112 116 36 90 20 21 58 96 29 2 88 72 95 82 53 81 6 100 66 59 46 27 44 41 38 122 13 126 124 56 80 9 0 57 31 106 35 52 108 70 18 61 15 62 118 105 10 111 107 75 64 32 94 8 54 33 24 30 49 109 48 12 5 63 39 55 60 120 22 79 86 78 98 102 26 123 119 7 43 121 77 103 93 84 25 23 14 91 34 87 37 68 74 42 4 28 117 17 113 114 97 125 101 83 92 110 11 89 99 16 40 115 3 1 50 67 19 104
107 91 90 88 27 92 95 14 34 114 23 6 43 25 42 19 59 94 63 67 99 117 46 69 119 73 104 82 29 100 75 93 18 1 113 106 96 48 64 71 60 3 7 123 12 32 47 52 22 0 66 24 5 122 53 39 74 11 124 49 56 68 50 84 61 109 44 31 70 55 80 102 65 89 30 120 118 110 40 115 76 36 86 2 125 112 98 33 111 26 37 108 9 79 45 8 78 83 35 85 51 126 10 105 101 54 81 57 13 28 17 41 20 72 77 4 16 58 62 121 15 116 87 21 97 103 38
92 78 94 28 108 103 17 3 24 111 68 109 88 71 19 25 20 63 36 30 81 93 5 50 35 57 117 48 8 34 84 80 82 95 65 114 66 44 7 87 13 91 4 12 120 6 106 40 77 102 58 125 51 37 45 107 47 105 11 18 33 121 27 53 100 60 76 104 126 73 56 41 90 67 14 55 59 85 86 32 124 115 38 97 89 101 21 1 9 22 118 98 112 43 46 49 72 113 70 39 42 69 29 123 31 96 16 119 110 79 2 61 23 75 62 64 122 116 52 15 74 10 26 99 83 0 54
123 96 57 66 76 50 59 90 9 51 19 93 11 29 15 14 99 84 7 37 55 67 26 44 80 108 69 5 38 117 4 126 12 91 102 75 46 73 31 3 111 42 22 52 24 94 97 25 101 8 107 18 34 78 27 20 48 88 85 124 120 81 41 13 68 109 116 115 56 105 77 65 74 118 43 30 47 33 17 28 121 95 106 83 92 35 64 110 58 87 1 63 39 98 89 2 45 53 114 6 60 112 122 113 36 21 86 62 103 54 100 72 23 125 16 79 49 119 70 10 82 0 71 40 32 61 104
122 100 126 1 19 92 44 103 113 93 124 109 108 107 69 31 101 94 64 87 3 96 60 13 54 27 82 7 38 6 90 21 15 123 77 104 41 84 85 76 95 118 74 57 80 65 40 75 39 53 70 12 0 97 106 111 98 37 24 43 120 26 116 18 33 58 32 121 49 16 2 52 28 35 9 36 45 10 79 4 83 73 34 114 99 56 23 48 110 42 72 8 50 22 20 51 11 68 62 59 112 46 86 17 81 67 61 47 55 125 117 105 29 102 14 30 66 89 91 63 71 5 88 78 115 25 119
54 66 1 94 108 79 103 121 44 39 75 92 71 118 78 76 25 5 77 67 105 102 50 98 42 11 112 96 110 84 72 19 56 63 0 124 13 41 100 89 113 49 125 31 3 70 55 23 57 69 12 117 122 8 62 36 29 14 91 65 83 26 22 81 30 10 126 28 34 61 80 7 123 51 107 115 87 15 64 46 95 58 119 90 40 114 109 106 21 52 53 120 38 68 97 16 6 74 101 88 73 48 104 116 17 9 82 33 2 20 4 37 47 18 35 85 59 99 86 60 43 24 45 27 32 93 111
63 94 14 50 126 78 97 17 0 125 110 21 61 28 111 23 29 13 103 59 80 9 15 62 105 79 72 52 114 104 71 115 30 18 124 88 102 90 112 54 46 24 83 48 119 1 109 26 81 33 41 82 11 57 32 22 76 4 3 25 16 77 107 60 19 56 108 38 20 99 55 113 91 12 89 121 122 75 100 116 35 6 118 36 31 69 101 43 42 84 47 117 44 68 58 74 34 70 37 95 93 27 8 73 49 106 53 67 51 2 120 39 123 98 87 66 10 86 85 65 92 64 96 40 5 45 7
71 102 6 70 9 11 2 1 41 31 64 96 88 74 49 53 16 103 42 48 89 32 101 36 14 109 24 79 116 83 81 13 27 17 77 26 86 18 8 66 113 92 104 5 25 107 123 84 20 61 45 15 100 21 39 67 91 95 3 22 94 72 38 111 55 106 75 82 54 46 52 115 97 43 62 69 10 112 119 73 110 59 60 78 85 30 68 56 108 121 29 51 87 37 47 99 44 120 50 93 28 98 80 76 118 33 12 63 126 105 124 4 122 58 57 117 40 125 114 19 7 90 34 0 35 23 65
100 19 52 126 67 16 96 26 90 17 102 1 46 83 125 98 69 64 89 82 121 8 101 103 93 68 110 65 29 87 91 31 54 34 41 117 124 60 32 2 15 40 0 108 116 58 75 74 86 23 43 99 24 12 9 28 14 37 36 71 59 50 63 13 88 25 35 105 111 6 106 85 115 76 66 3 56 95 114 118 20 123 55 92 122 62 49 94 97 70 5 113 21 77 61 120 72 33 112 44 27 107 80 53 48 7 81 18 47 4 38 119 109 39 84 79 11 73 78 30 45 22 57 42 51 10 104
34 9 7 57 19 23 1 22 37 107 2 123 39 13 102 110 125 42 32 76 67 114 88 91 80 48 73 58 51 75 49 14 126 66 11 101 86 96 38 59 109 17 120 43 41 124 89 44 112 81 10 62 3 98 45 54 79 5 106 111 122 25 90 64 108 40 97 21 16 72 99 35 46 60 63 33 119 70 69 4 83 104 82 92 50 31 8 71 27 18 28 118 116 87 20 0 15 84 36 105 52 117 94 68 26 95 12 6 78 24 30 100 121 74 103 115 47 85 113 53 55 29 56 93 61 65 77
9 20 72 43 14 77 124 23 35 92 12 41 106 99 87 38 105 123 57 40 50 58 94 51 100 108 83 68 84 29 66 13 53 62 90 117 112 125 74 104 89 70 42 120 109 59 91 64 88 97 81 107 118 6 60 33 22 55 3 116 27 45 21 5 36 39 113 61 65 32 114 24 69 15 111 80 96 115 110 95 98 79 119 37 8 78 86 10 121 85 73 76 19 18 56 46 103 101 26 48 122 52 82 17 16 34 1 71 28 2 75 31 49 126 25 93 30 63 11 7 54 47 4 102 0 44 67
76 44 92 54 72 109 58 43 86 28 5 41 52 117 33 123 105 24 3 2 13 36 71 38 84 32 61 26 110 11 89 91 106 49 99 20 63 29 42 67 66 59 31 108 74 104 113 107 16 39 48 103 126 46 121 25 75 62 69 96 7 1 10 101 8 114 93 9 15 37 18 21 125 97 64 122 119 34 82 98 111 60 79 6 85 53 116 73 55 35 102 112 51 57 22 124 12 87 4 115 50 23 90 80 47 45 65 81 70 95 68 30 17 40 94 27 78 77 56 120 83 0 100 19 88 118 14
85 17 120 124 99 77 84 35 81 115 86 22 75 11 118 52 50 40 9 108 26 55 107 69 20 101 59 37 78 56 67 74 105 29 61 57 25 114 64 32 93 90 88 21 68 38 28 51 119 121 13 65 6 30 33 117 49 54 58 44 103 2 110 82 24 0 43 97 62 70 34 4 23 46 113 72 60 91 63 10 87 47 106 123 104 109 48 73 92 122 7 12 3 89 125 5 18 76 42 112 36 80 96 19 1 45 16 27 111 83 8 126 94 66 79 39 98 15 53 31 71 95 102 100 41 14 116
39 53 110 63 23 22 66 60 71 54 65 7 121 35 51 50 43 126 32 93 95 21 75 13 37 64 1 10 116 97 78 25 80 49 55 57 105 115 30 3 73 69 17 81 112 5 100 74 24 103 113 16 41 91 77 47 101 89 109 98 44 85 104 26 76 33 106 27 111 86 28 36 114 96 15 83 12 87 119 118 40 99 122 46 34 58 52 0 11 120 42 82 18 6 59 8 84 20 14 19 72 38 108 29 94 62 90 31 79 70 92 2 107 45 117 67 56 68 102 9 61 88 48 123 125 124 4
34 35 31 86 38 20 33 46 90 64 36 117 105 107 53 109 4 124 18 115 125 118 79 99 84 92 41 91 100 81 5 72 106 93 116 30 62 94 57 73 9 74 58 63 17 85 28 97 101 44 111 22 43 32 37 12 70 6 48 98 112 51 50 65 95 78 114 68 75 83 66 11 87 42 82 8 15 40 56 119 3 121 76 47 110 59 113 89 39 104 103 69 120 67 49 14 21 25 80 24 61 0 71 7 54 29 126 10 55 13 108 123 60 122 45 26 88 27 23 96 77 102 16 52 2 19 1
39 96 53 92 50 40 16 84 46 68 85 31 27 69 32 23 124 6 125 18 22 51 123 61 41 66 82 28 98 62 93 57 67 64 65 5 3 111 119 17 106 47 90 0 70 107 81 30 102 114 8 80 87 44 59 88 95 36 115 118 71 86 63 42 26 7 34 9 79 35 113 91 117 12 33 49 48 25 76 74 54 101 24 75 103 55 108 121 72 56 99 89 94 105 4 13 2 52 45 29 73 58 60 78 10 38 104 120 109 11 1 122 19 110 116 97 14 43 83 126 21 37 20 15 100 112 77
107 66 101 24 86 62 106 3 105 51 34 103 25 87 39 75 99 98 14 109 32 73 89 110 53 43 52 21 42 7 122 6 15 91 0 47 74 121 111 1 31 76 57 123 81 28 93 120 18 4 115 45 10 82 26 96 126 19 90 37 94 88 11 108 41 44 46 5 117 78 35 118 8 119 20 30 83 63 12 95 50 40 9 61 36 104 124 69 112 55 70 38 92 17 80 60 67 59 48 29 49 79 68 65 64 72 113 114 85 116 58 33 22 2 84 71 27 100 16 23 54 97 102 125 77 56 13
91 17 81 115 104 63 25 52 9 3 114 106 83 99 110 10 94 118 55 121 14 5 67 112 18 80 66 1 51 7 45 24 32 58 90 27 42 78 15 70 31 86 16 48 122 20 36 88 97 103 19 13 8 113 34 2 77 125 49 33 53 64 26 107 57 65 38 37 41 98 76 30 0 11 46 92 73 40 56 102 61 105 85 23 120 123 69 108 22 116 35 12 119 117 47 62 44 89 4 84 96 71 50 82 79 101 95 6 75 93 60 43 28 54 59 109 72 124 100 74 87 68 111 21 126 29 39
23 32 41 58 85 40 42 13 124 14 78 99 29 121 30 94 89 125 47 104 75 46 54 120 88 107 55 90 73 35 16 6 71 66 31 109 9 56 77 119 96 15 60 106 112 87 103 45 105 18 1 100 4 65 62 3 28 117 44 93 0 22 114 76 25 72 97 67 37 122 20 111 57 108 24 68 61 34 80 63 101 83 102 48 69 53 81 39 51 27 74 38 17 86 2 92 7 8 118 19 49 10 5 84 52 110 98 123 95 36 126 70 43 113 50 91 115 64 21 33 26 116 11 12 82 79 59
74 17 15 9 103 22 68 34 112 75 32 57 25 94 122 8 126 36 50 53 43 65 90 120 95 44 4 110 45 93 85 121 23 16 101 100 51 86 84 10 87 111 66 24 77 38 46 91 98 114 60 79 80 29 109 18 82 5 115 37 49 48 33 2 113 70 108 58 31 72 97 12 105 41 56 118 54 69 73 6 76 11 7 20 102 78 59 35 106 13 104 0 107 117 62 30 52 55 42 39 125 21 1 71 83 88 124 3 89 27 40 119 63 116 67 96 123 61 28 47 64 26 92 81 19 99 14
