55 28 -28 -93 20 -25 12 15 -30 56
-17 -27 -14 -92 -14 -66 31 -2 59 -6
-87 -69 -89 61 9 -34 29 32 -40 -34
-28 32 98 -23 -21 13 -15 -52 -13 -63
66 50 5 30 -17 -45 63 -4 -69 27
93 -54 49 33 -23 -37 -98 89 92 56
-22 -86 -73 87 -73 -97 10 -82 64 97
-93 -75 20 -75 -92 69 -94 53 -58 -92
-35 -71 -24 -30 -62 74 23 -14 -9 -97
59 -45 86 -1 -22 -64 -14 -51 71 -35
78 -61 63 80 89 -48 -41 81 -6 61
90 -83 -30 31 60 53 78 -67 -75 -82
-69 -66 -96 19 79 56 -62 78 65 38
-26 -96 68 99 -20 64 99 12 -2 -2
-81 -2 -86 -15 5 -64 -35 25 52 -52
9 80 -35 13 74 16 72 7 -93 -95
16 -50 2 -26 83 -9 93 60 3 -49
-26 72 17 -85 15 -99 -6 58 -13 -96
79 -5 45 76 -40 71 -12 79 90 -55
-82 -68 37 0 -47 -2 5 -74 80 -79
11 65 -78 98 59 -92 82 47 76 -28
64 -1 -76 -40 50 -70 16 71 -72 54
25 39 -29 -9 -30 -49 4 62 2 -23
74 -95 28 -59 14 -18 33 63 -56 55
36 51 -6 91 -14 31 4 -77 59 59
23 -65 19 93 14 67 38 37 -42 -64
37 -55 58 32 12 37 -58 -89 84 35
31 13 99 88 5 11 -41 -30 -54 -81
33 57 41 40 4 -15 -44 -1 -51 92
72 71 -22 75 46 49 72 -83 -31 -45
29 35 51 -70 -89 -83 -19 31 -78 43
-13 31 31 42 79 63 94 2 32 38
75 -45 -25 71 53 78 -28 36 47 -66
-24 45 7 -66 27 -82 12 45 82 14
-82 58 -89 19 -32 64 -64 60 -42 80
-58 -19 -15 -87 -13 -48 66 -30 8 47
50 -35 90 -7 92 95 -52 61 46 5
-51 82 1 0 54 -94 21 -38 70 -88
72 33 49 -25 93 -85 -78 -35 99 -15
5 -70 63 -92 10 56 29 32 9 40
-92 32 10 90 0 -9 80 -31 -58 -97
-59 -62 -79 -75 73 40 82 -66 76 -17
-88 2 -82 88 -21 32 -78 61 36 -56
89 -97 -76 -35 -49 -12 65 -63 88 -41
98 -61 -33 -3 72 16 34 70 93 -96
90 47 -95 -70 -29 5 -93 7 91 63
85 -45 9 -16 52 -58 -50 89 77 -79
-13 72 25 18 -21 78 -57 -74 48 -90
81 77 -63 -17 35 96 -14 -83 -11 -18
-92 77 2 82 -50 -65 84 59 94 -26
-99 18 42 48 -91 16 -34 -78 -78 -43
5 -64 -26 70 31 28 86 -72 95 -34
25 -65 -34 -27 89 -76 -45 94 -8 73
56 40 37 -67 -34 -29 72 -84 -79 28
39 -42 54 -68 94 37 -17 -58 64 63
-47 82 11 -54 -96 99 36 -72 -97 -76
74 -5 66 46 45 7 -26 -13 -79 0
73 51 68 7 -41 -5 45 -93 -39 -54
40 74 -63 61 7 -35 3 -87 -22 54
-68 -96 -77 -1 -79 4 -90 42 47 -87
28 86 77 -49 18 91 98 19 60 75
51 0 58 -81 -57 38 64 51 46 10
-27 41 -30 -17 8 99 71 -98 86 -11
20 -32 -38 -11 -3 23 59 -74 -97 -27
70 -49 39 60 58 -81 -26 67 -96 19
79 -67 -96 98 -35 77 -67 -9 -32 43
46 -38 35 -83 -28 16 -70 -84 -95 -46
8 33 18 -5 53 55 2 -76 -90 85
2 84 0 28 78 30 31 82 0 54
-56 -14 86 96 -47 68 37 14 73 -82
63 23 -54 85 59 -99 -86 -92 33 -40
-6 64 19 -42 55 59 -65 -21 -14 6
49 -47 21 37 -40 18 -47 -53 34 -79
-58 49 -64 8 -46 -3 10 72 -42 -30
41 -91 63 29 -62 67 -83 -46 -61 -10
10 -76 -25 -95 -70 -73 -26 -94 -94 54
-12 -31 64 -27 11 75 -47 84 79 99
67 -94 20 -90 -79 66 -43 48 -94 -39
54 -18 -36 11 -77 -89 36 93 -22 -24
-20 39 -16 -71 -24 -5 40 69 -28 4
-98 -16 -62 0 77 -58 51 35 -6 80
30 7 72 -17 -43 64 -56 -46 -95 -38
66 73 -65 -33 61 11 95 -44 -49 -31
85 -40 49 38 -48 74 -50 -7 95 9
-95 -97 81 18 -91 -9 86 -95 65 68
-63 9 14 -18 -87 34 -73 -35 6 4
21 -28 17 -5 -75 -83 52 91 -25 80
-36 66 4 80 -76 -80 -40 -2 74 -75
0 12 -3 -25 75 61 5 -23 30 -69
30 20 -27 29 51 5 -75 14 60 -20
92 -89 -65 -6 71 20 -63 -88 83 -37
77 -95 82 -26 -17 -97 -40 89 51 85
2 -57 6 -17 44 -41 -94 69 99 -27
-97 34 32 -31 14 -65 -16 82 79 -9
11 90 16 -42 25 44 10 -17 -62 79
75 9 -87 -92 58 62 87 -51 55 -8
82 70 23 -71 -44 17 40 -83 51 50
-43 9 -34 16 46 65 -73 61 -94 82
23 -65 -9 -1 49 -74 90 19 -31 12
90 3 -15 41 67 43 -76 74 72 -20
