-78 61 -92 -48 -96 4 -56 -59 -92 -74
38 82 55 40 -88 81 -26 52 30 -43
98 -44 68 5 50 3 -8 -7 -52 -68
25 -65 93 -48 -71 -75 -90 -73 -3 77
-98 78 69 -67 0 -78 7 44 -27 -31
-32 -76 3 -52 -21 -93 62 -52 99 95
-36 -55 -16 96 84 11 18 75 -50 -95
96 30 6 -40 -88 16 -8 63 -57 -98
-62 -54 -8 61 -20 -78 70 -46 -42 -72
26 -33 41 -55 82 54 -98 -2 18 -95
-41 55 39 -62 -65 70 50 -90 81 98
-29 -22 35 -19 -47 17 -82 14 -70 55
-76 56 78 36 49 -72 7 29 -93 -48
18 -23 63 26 -84 93 3 0 57 -77
-27 -34 -94 2 -38 0 96 -7 -52 34
-35 74 -86 -75 30 -90 -75 -43 53 -30
-93 5 -81 67 76 18 22 -69 21 15
-74 -14 -20 -95 -86 -15 69 -91 44 -96
39 -12 -73 -83 -99 -82 99 -87 -4 23
-87 51 25 68 77 21 55 -62 21 -40
67 -78 65 48 -76 94 57 70 53 23
51 -36 0 67 0 -99 87 -25 32 -13
-64 56 -61 -67 42 90 96 72 67 88
96 -46 -10 0 -21 3 -36 33 -68 50
-24 -3 -55 -20 24 -46 -81 -19 -80 88
37 -69 -22 -59 -5 70 41 2 -53 63
38 -41 74 93 7 -69 42 -24 82 -36
27 35 -86 58 20 97 2 93 -98 -2
95 -94 -89 14 59 -62 15 11 -35 64
18 12 60 -14 13 -97 -9 -25 76 9
-15 50 -64 1 -3 -13 -56 58 -11 35
-40 60 36 -34 -87 36 -38 -66 -30 5
5 -24 95 -47 -93 -56 68 -59 7 -34
-19 92 -15 -93 49 -28 -8 -41 90 -89
27 -95 -66 9 91 -56 71 -98 84 -25
-18 89 69 49 -62 -52 57 93 87 99
-29 -41 -10 -40 -94 61 -18 -11 -59 -67
-1 55 -33 41 -87 -81 -36 -28 -98 -61
68 97 -42 41 2 99 -78 64 96 -21
59 -36 50 36 -13 -29 -30 95 57 23
-12 11 -49 -77 44 94 -70 4 -51 -30
95 22 89 45 -86 -53 63 -26 61 56
32 -69 -42 40 -7 19 58 -83 -21 -79
53 91 -19 -66 98 -57 1 70 90 35
22 -64 -16 -69 -57 -22 -34 68 -35 29
9 -88 -99 -34 33 26 -25 -82 -16 73
-57 17 -61 -46 -92 63 91 -99 -17 -63
96 -1 -75 -33 69 -62 57 89 -92 -25
-56 -28 3 -38 95 20 -26 46 18 99
-88 -42 72 -39 68 -49 -73 42 -30 18
63 55 94 30 -88 2 4 77 7 90
51 20 52 67 -66 -51 -43 -24 40 87
64 -2 -59 -13 -51 -64 15 84 64 69
-42 -74 -45 -59 -17 31 -35 -4 26 -29
-24 -51 -43 66 23 -67 -20 -70 62 -37
-47 22 -66 -64 -1 -85 65 -66 62 -31
-67 42 58 -7 27 55 11 -37 -1 94
-22 40 -66 -19 -5 27 -89 -84 -46 81
-82 9 75 58 42 -93 72 45 -8 -72
-98 -45 37 31 -79 -19 47 59 97 51
93 -23 -3 -54 -97 -84 -87 -1 11 -98
-84 34 -52 -9 56 85 -75 -87 61 8
-51 -98 75 25 55 -78 33 -3 -71 61
-36 -40 72 47 69 66 -89 -97 -49 -66
-66 91 26 99 -11 -75 1 53 -33 58
-87 54 -83 -65 -16 -52 -66 43 66 60
78 46 21 96 81 -57 -87 35 87 -35
-20 -71 -5 78 -98 83 -63 97 -63 -76
9 -44 8 66 27 -64 14 -94 -26 -95
81 37 -31 -47 10 65 92 0 -71 -38
84 40 -89 -55 17 61 46 -4 -70 68
80 -22 -20 -33 -20 33 -29 72 72 21
-76 -36 76 0 37 -56 93 -71 51 23
28 54 -78 59 -59 -79 43 67 53 -8
-73 34 74 24 38 79 58 2 59 -22
43 -75 -73 11 46 -51 -94 62 -98 -99
-49 -8 -82 8 99 5 -51 43 10 -93
50 -90 57 -48 11 -56 19 -4 89 36
28 -5 -58 -32 14 50 -41 96 -77 -30
-93 -64 -58 -88 24 -5 7 -65 82 -9
56 68 -51 68 -59 -44 21 -30 -3 -78
62 -32 -58 92 94 76 -5 -81 -38 95
-50 -45 98 28 18 -4 -61 -8 88 54
67 43 59 69 28 44 84 74 -61 -77
-57 37 0 -99 -45 -62 -61 78 74 -3
-37 86 -50 -27 24 -82 18 -31 -82 -53
37 61 -79 -9 -33 -36 90 2 -11 17
88 -29 -91 -28 35 -39 -34 -16 -31 -19
-85 -45 19 59 36 -36 -15 75 -25 96
26 -25 -58 79 -75 20 74 56 98 76
33 94 87 -33 5 18 58 9 82 37
3 39 47 -81 -91 54 -3 -37 2 -31
56 23 -81 -67 -14 -86 -22 -63 98 84
-61 55 -60 82 24 -44 -82 96 -32 -68
13 52 -47 -7 93 56 -74 -9 88 -88
-46 -49 87 88 66 -85 -57 4 15 -14
-59 -85 9 -8 -91 -90 -76 -69 -82 27
88 -99 25 84 -38 -45 -86 -19 -36 41
-82 44 -91 -5 76 -20 -88 0 86 -82
-13 62 33 -91 56 1 -37 -46 96 45
