31 45 25 32 19 39 37 17 1 50 47 35 24 63 66 38 11 56 49 13 69 54 4 23 6 33 44 7 42 58 59 30 8 62 61 3 18 40 10 43 67 29 41 65 60 34 55 64 53 68 21 26 46 28 16 12 57 36 5 9 48 2 52 14 15 51 0 22 27 20
42 8 31 40 25 20 63 44 29 46 69 56 32 13 21 1 49 12 66 62 14 68 60 0 50 37 54 65 33 15 61 2 10 6 28 57 16 9 58 22 18 39 52 35 7 11 48 45 17 24 43 64 3 47 5 4 23 34 67 26 27 53 36 38 41 59 51 19 55 30
3 29 34 15 4 10 14 33 25 24 28 30 40 47 9 60 23 64 13 69 36 18 46 65 66 2 44 61 45 16 12 39 58 32 54 41 56 26 67 22 59 27 38 5 7 57 20 63 21 51 55 43 50 68 19 42 37 1 11 0 31 49 48 35 53 17 52 6 8 62
11 61 20 50 7 26 19 1 44 68 38 28 42 45 58 31 29 17 55 36 66 51 12 62 53 64 22 13 39 6 63 41 8 54 27 52 21 48 33 0 18 35 30 5 40 56 16 2 9 46 57 14 69 23 32 60 24 3 65 4 10 67 47 59 34 15 25 37 49 43
2 58 39 61 41 7 40 36 1 62 43 67 31 52 46 20 30 42 12 48 69 14 51 55 19 25 66 65 68 0 28 21 26 45 13 64 17 54 16 3 10 49 32 59 15 23 34 33 47 53 5 11 9 27 18 4 29 60 44 22 56 37 8 57 50 24 63 6 38 35
22 45 41 28 35 5 56 69 66 3 11 25 68 65 40 67 38 8 34 20 47 61 51 50 54 58 24 39 60 10 15 23 14 1 16 13 52 62 6 53 49 55 33 17 21 48 26 44 64 43 63 57 37 0 7 4 59 46 36 27 30 2 12 18 9 31 42 32 29 19
10 12 17 28 22 43 42 14 44 18 33 61 6 21 0 64 56 68 41 11 4 8 50 62 57 39 15 7 30 1 26 45 29 32 27 66 49 3 16 37 25 60 51 48 38 52 5 34 67 20 65 23 63 55 47 54 9 2 69 36 24 35 13 46 58 40 59 19 31 53
56 6 15 60 55 19 41 26 59 3 57 21 58 66 40 61 24 62 51 48 63 7 37 17 31 67 39 1 30 16 11 38 45 20 13 14 65 68 8 0 4 34 5 29 2 49 42 64 46 36 9 43 33 22 32 52 23 18 28 50 44 47 69 27 35 10 25 54 12 53
25 18 34 32 64 13 26 62 55 9 6 28 22 19 52 41 14 65 10 39 20 42 60 44 40 36 45 46 37 35 51 57 7 53 59 63 3 30 31 15 61 5 8 11 24 58 4 16 54 0 29 1 56 21 68 67 38 17 2 12 47 50 48 27 23 49 66 69 33 43
18 1 4 17 46 38 31 24 12 45 3 16 58 56 50 9 34 11 57 40 48 64 65 63 36 23 0 43 61 20 39 69 25 41 28 59 6 7 62 60 54 27 8 68 14 26 44 52 49 53 42 66 51 47 2 37 35 21 13 5 30 29 10 55 67 32 22 19 15 33
67 32 13 17 1 60 65 28 23 18 69 34 66 49 7 55 27 25 26 8 44 14 0 6 16 4 37 58 11 24 63 54 52 47 48 56 29 57 2 40 46 35 43 5 38 64 3 20 10 45 50 42 41 9 36 15 53 61 62 22 30 19 51 68 33 39 31 59 21 12
3 41 65 60 59 35 57 43 24 28 1 61 53 27 31 2 30 17 12 18 33 16 32 64 40 4 39 26 58 14 6 42 69 38 29 25 67 62 5 49 15 19 11 52 48 20 56 21 37 55 8 63 51 10 46 23 50 45 54 9 68 7 13 36 22 0 47 44 34 66
34 63 69 0 27 47 30 16 48 26 53 11 9 52 54 61 67 40 22 64 8 35 4 43 65 21 66 18 49 13 56 7 60 24 1 37 23 31 25 5 33 20 68 14 32 29 10 17 28 6 38 19 42 50 36 41 2 44 57 59 12 3 45 39 46 62 51 58 15 55
1 56 61 35 63 66 21 58 44 6 24 59 41 42 16 8 55 47 49 52 9 13 30 4 32 18 3 14 46 54 48 29 2 25 57 62 26 39 51 7 23 64 12 45 5 0 67 65 43 27 68 34 53 19 28 15 40 69 20 31 38 17 37 11 36 33 50 60 10 22
25 20 34 37 19 32 36 2 16 23 17 44 11 24 18 14 63 38 4 10 40 55 59 9 46 61 45 0 8 42 12 66 56 31 21 48 26 1 35 53 43 52 51 68 62 58 28 29 39 6 47 57 41 69 15 50 60 7 33 27 22 65 49 13 30 54 3 64 5 67
42 30 56 5 66 10 41 18 33 17 4 58 64 21 23 57 8 49 32 11 47 65 13 2 20 0 34 14 61 52 7 48 25 44 24 45 40 43 46 31 68 59 54 16 19 12 55 9 27 38 1 6 67 62 51 29 35 26 3 36 28 69 63 39 22 53 37 60 50 15
41 55 0 39 40 16 30 9 28 57 19 44 63 58 46 15 21 2 26 45 22 61 60 48 1 6 62 43 65 3 13 5 67 23 11 17 51 10 33 59 37 35 42 18 25 53 34 20 12 49 68 27 38 50 4 52 54 8 31 56 29 36 32 7 14 69 64 66 24 47
26 56 32 24 33 46 2 65 68 43 14 22 27 67 61 4 19 11 5 52 47 20 38 41 63 31 30 15 39 66 35 18 13 58 23 0 53 59 51 45 44 10 36 29 48 60 57 3 55 17 40 37 50 12 62 28 25 16 42 1 8 64 9 54 69 7 6 49 34 21
22 49 21 2 13 54 27 45 9 56 14 19 36 66 3 5 30 7 68 46 53 33 63 48 61 60 58 11 39 10 62 23 50 59 44 6 35 47 0 17 57 20 26 34 1 31 28 40 64 12 67 69 52 24 32 16 41 65 4 15 38 42 25 55 18 37 8 51 29 43
24 58 44 66 57 54 48 69 61 22 41 40 46 13 37 62 9 8 12 3 6 51 14 32 21 25 55 0 17 1 23 19 45 7 26 59 52 65 56 16 53 42 43 39 64 63 4 34 49 35 20 29 60 10 38 36 31 27 5 2 15 33 30 11 18 28 47 68 67 50
14 43 6 26 64 29 34 15 47 59 4 27 33 13 36 28 11 50 10 55 44 7 24 57 58 46 20 18 35 52 61 42 19 2 31 41 22 5 17 25 30 66 32 51 69 49 1 3 9 56 16 37 48 38 65 67 60 63 21 23 8 0 53 54 39 40 12 68 45 62
44 17 61 67 20 40 27 59 13 4 37 54 14 63 12 21 45 1 66 58 16 64 50 47 38 8 53 69 6 43 11 30 19 18 48 41 23 33 60 55 10 24 3 0 42 28 29 2 31 68 7 15 49 22 32 25 36 34 5 26 35 56 51 62 9 65 57 39 52 46
27 10 57 23 58 4 18 38 1 44 43 48 68 60 2 7 34 30 39 5 29 69 32 21 37 54 53 42 45 16 11 49 13 67 22 40 50 61 63 56 28 46 47 14 15 26 9 31 52 25 65 35 55 19 33 36 62 51 0 66 64 12 8 17 59 3 20 24 41 6
3 1 12 4 24 59 22 25 0 61 67 44 8 5 69 66 32 54 47 38 33 64 57 26 36 55 11 6 18 28 52 19 30 60 46 31 48 41 17 21 13 50 40 68 9 53 56 39 37 7 35 29 63 20 49 27 42 15 65 2 58 51 14 43 10 45 34 16 23 62
16 27 35 21 22 34 50 56 29 55 39 13 7 8 41 67 65 42 46 36 51 63 4 31 25 2 68 10 14 40 45 49 47 33 3 54 24 5 58 0 6 57 32 38 69 9 66 19 44 59 20 61 15 53 30 12 17 48 28 52 43 18 11 64 62 23 1 60 26 37
56 25 17 66 60 55 42 43 18 38 23 61 13 68 45 15 53 20 44 1 40 34 49 41 27 16 0 51 50 2 54 67 46 22 19 37 48 12 30 32 5 4 65 28 52 11 8 62 21 59 33 39 57 35 10 58 26 7 3 69 9 47 31 63 6 24 14 64 36 29
22 68 49 67 36 9 32 27 33 30 58 65 38 35 44 54 23 18 24 57 66 52 53 39 26 2 16 45 1 7 50 12 17 64 21 20 62 31 48 34 43 55 51 4 6 47 10 56 42 15 28 61 14 37 41 46 40 3 25 5 13 8 11 69 60 0 63 19 29 59
20 13 42 12 19 48 52 61 32 63 1 58 17 40 34 38 2 18 5 65 49 50 36 16 35 59 22 26 55 6 64 45 56 62 15 24 44 27 8 3 14 9 10 66 54 39 23 46 43 68 4 30 25 41 47 57 21 11 69 60 0 67 33 28 7 29 53 51 31 37
4 1 61 48 11 2 36 26 65 41 62 34 19 47 66 69 33 8 68 14 43 38 24 32 44 25 27 53 3 16 15 35 40 10 63 55 64 58 28 54 17 9 37 52 42 60 29 7 50 0 23 49 39 51 31 59 18 22 57 12 13 20 6 5 45 67 46 21 56 30
59 42 12 36 31 56 57 15 52 62 2 69 58 68 51 45 61 29 17 27 0 63 64 20 19 28 4 11 30 38 55 26 13 48 33 40 9 41 34 1 7 16 49 21 25 10 6 66 5 8 47 67 32 39 35 54 23 22 46 43 18 14 60 24 50 53 65 44 37 3
1 35 2 51 31 50 18 3 27 39 43 32 48 53 38 57 0 17 15 13 66 10 58 7 63 6 60 22 12 8 40 42 4 25 49 62 5 54 29 36 45 55 30 47 28 56 46 34 21 37 64 33 69 16 67 65 23 11 14 19 26 9 68 20 24 59 61 52 41 44
20 45 56 3 52 46 40 4 69 7 17 29 60 19 28 57 68 21 36 12 33 43 13 16 2 61 8 54 9 6 65 64 32 44 31 41 48 14 42 53 63 18 26 30 47 22 34 59 67 37 25 24 1 66 15 38 23 5 51 11 10 55 49 62 50 35 0 27 39 58
55 12 67 68 4 54 24 36 44 13 59 30 20 64 47 11 58 22 69 29 15 3 0 40 8 32 49 51 27 19 35 41 63 43 5 17 21 61 14 6 33 37 66 65 46 25 18 34 62 28 16 48 1 9 52 60 2 45 31 39 38 23 53 57 10 7 56 26 42 50
32 68 41 43 63 30 28 19 58 4 11 54 50 10 36 0 25 13 21 60 23 56 20 66 8 44 67 61 24 47 14 17 62 29 45 2 26 16 5 57 18 64 7 69 27 40 12 3 49 6 55 38 39 9 34 35 15 46 65 22 31 51 59 48 53 33 1 42 52 37
39 15 12 66 4 20 32 43 9 33 55 59 10 1 49 37 23 50 54 11 46 69 67 29 30 27 31 48 41 62 38 68 35 0 5 42 28 13 8 64 25 21 65 2 26 56 44 63 7 14 40 6 53 61 17 19 18 58 52 16 36 51 3 22 24 60 57 34 47 45
12 59 61 57 64 1 13 9 7 48 50 66 40 2 11 5 65 3 36 42 16 67 25 32 60 58 35 29 52 55 27 18 10 14 23 54 0 41 63 69 39 62 49 44 68 37 6 45 53 38 21 31 8 22 28 51 19 26 15 46 56 17 34 47 33 43 24 20 4 30
32 17 2 1 4 19 61 51 37 7 67 13 49 34 36 27 68 50 64 20 8 41 65 23 35 31 54 40 18 43 62 26 5 0 60 63 48 56 55 30 12 24 6 25 9 44 42 15 45 66 57 38 46 10 53 69 22 52 59 21 14 11 39 33 28 58 3 29 47 16
6 4 23 54 64 50 26 12 21 9 44 33 5 31 36 59 19 1 45 32 15 11 69 0 65 16 41 49 27 52 20 40 60 38 58 57 63 62 51 42 68 34 2 30 39 28 53 55 17 22 24 43 66 48 61 7 13 46 67 18 3 10 25 14 8 56 47 37 29 35
59 54 17 11 49 4 0 61 30 42 32 67 21 35 13 50 66 25 68 26 27 47 6 45 41 65 16 28 43 58 12 44 8 24 7 3 14 18 29 9 51 69 53 5 23 19 36 39 40 55 10 38 52 1 60 34 48 33 15 64 46 56 20 62 63 37 57 2 22 31
58 19 68 20 5 1 8 57 10 34 51 54 17 41 4 44 52 49 64 31 45 30 43 0 55 62 66 36 26 38 29 7 23 46 59 6 16 14 40 69 42 50 28 12 35 47 61 15 9 25 56 2 60 63 39 33 27 21 3 11 13 53 67 32 24 37 18 22 48 65
15 18 34 41 29 14 27 2 33 68 67 43 4 3 17 37 40 5 28 30 65 38 21 16 36 23 22 8 46 56 63 44 52 11 51 13 35 49 10 62 24 64 60 57 6 47 39 32 42 69 58 9 53 31 7 26 55 1 19 59 20 25 50 48 45 0 61 66 54 12
46 11 48 34 49 57 56 12 66 29 41 22 31 36 65 13 14 5 42 37 47 4 43 62 30 19 16 7 67 3 32 39 58 10 27 24 23 69 50 51 38 25 18 59 9 53 15 68 64 33 17 35 55 6 60 63 20 26 45 52 54 8 61 21 44 0 2 1 28 40
36 49 3 59 64 61 52 10 65 9 19 1 11 6 69 20 35 25 45 41 67 38 31 21 26 39 30 29 68 32 14 53 12 4 63 2 7 24 43 33 27 23 18 47 44 37 28 17 8 50 13 48 60 58 66 51 34 42 40 56 57 15 22 5 46 54 62 16 0 55
4 23 61 41 42 64 25 36 9 24 40 14 13 1 2 63 50 15 8 54 21 0 26 49 22 17 6 39 37 38 59 53 60 35 62 16 31 33 55 30 56 68 3 47 45 32 19 44 46 67 28 10 58 69 7 12 18 52 57 43 11 20 5 66 65 29 27 48 34 51
62 48 24 20 22 10 66 25 7 50 40 29 51 44 37 14 9 41 57 65 38 42 8 49 17 0 21 39 13 30 3 32 23 55 16 19 52 5 34 35 4 18 53 6 54 63 15 46 33 43 2 61 11 12 60 36 1 69 31 45 59 67 28 68 58 47 26 56 27 64
64 11 53 49 40 56 36 69 65 43 3 62 4 1 15 17 58 47 26 5 33 30 27 24 34 12 55 57 2 13 37 45 41 66 38 68 20 63 10 8 32 16 25 39 0 14 6 28 60 52 35 67 54 44 50 23 42 48 19 59 21 29 31 18 61 9 51 46 22 7
55 16 64 62 4 48 22 2 39 44 56 15 9 69 49 42 5 0 41 58 61 19 59 31 45 1 6 10 25 29 43 38 26 33 60 65 18 8 51 47 37 46 36 14 27 21 53 52 24 12 67 34 3 66 30 28 35 17 13 7 68 57 20 23 40 54 63 32 11 50
41 25 53 10 39 48 34 42 28 36 68 57 55 63 7 47 62 51 27 31 19 66 11 38 69 59 50 24 15 67 3 16 9 43 30 4 0 44 40 14 6 60 35 65 49 37 17 32 13 22 23 54 58 46 52 56 21 2 5 1 18 12 20 26 29 64 45 33 61 8
1 6 50 30 49 31 58 59 66 51 4 67 18 53 15 32 25 12 36 8 42 64 7 26 68 43 21 34 22 57 3 46 10 19 47 40 41 55 20 17 45 14 65 11 29 44 24 16 35 28 39 61 37 33 23 5 54 62 27 63 69 56 60 0 2 52 48 13 38 9
42 1 46 16 54 43 47 3 17 45 55 35 21 49 27 29 37 30 67 0 52 61 32 36 14 65 25 28 18 69 68 34 31 2 63 5 48 57 23 40 53 33 41 51 12 6 7 11 56 59 19 50 44 26 60 64 62 66 15 9 4 13 10 38 24 22 39 58 20 8
15 31 24 65 19 51 48 69 27 28 16 8 11 30 29 26 35 63 10 9 55 57 32 45 2 20 59 39 34 3 5 21 58 52 4 41 7 64 44 60 47 25 17 56 0 50 6 13 18 40 36 68 14 54 22 53 37 1 33 46 49 23 66 43 38 62 12 42 67 61
29 22 5 62 26 11 45 68 63 55 58 25 20 19 17 0 24 36 15 6 43 32 41 44 9 1 37 31 52 57 50 66 34 23 35 65 16 56 40 38 39 18 64 49 47 59 12 48 27 53 42 67 51 7 54 33 30 2 10 46 4 21 13 61 69 14 8 3 60 28
11 44 7 3 57 50 28 2 29 10 6 69 37 24 60 19 45 17 36 54 65 58 46 56 52 68 0 55 5 31 48 40 14 59 20 22 64 21 61 25 16 4 67 13 47 53 51 35 63 41 39 30 43 26 42 49 27 38 15 66 18 23 34 1 32 9 62 12 33 8
58 68 57 28 38 44 35 42 33 66 53 8 37 62 17 46 43 31 69 61 52 13 19 2 4 55 47 11 10 48 5 3 51 26 50 22 21 23 40 18 59 63 64 60 34 20 7 39 6 41 45 16 12 54 9 25 67 24 14 56 36 49 65 29 27 1 32 15 30 0
48 1 55 41 42 12 64 57 47 10 54 56 36 38 43 19 16 26 35 8 30 59 32 49 61 6 22 15 2 50 17 37 69 66 62 20 7 9 58 14 28 27 31 52 51 60 45 3 29 53 33 65 13 63 23 21 5 4 25 24 18 44 46 39 0 34 68 11 40 67
57 12 60 17 28 43 18 68 34 24 5 33 8 10 66 38 7 40 41 42 47 16 14 45 30 0 58 62 11 55 3 63 25 22 2 52 31 46 69 23 65 9 50 4 53 13 56 49 67 29 59 61 44 54 32 48 51 27 6 20 36 15 64 19 1 37 26 21 39 35
2 61 13 47 42 46 65 23 54 48 41 62 10 4 60 15 8 39 17 53 0 52 57 29 1 59 26 25 27 64 6 44 68 69 66 67 11 22 55 32 38 12 36 56 14 24 9 50 28 30 35 31 33 43 16 21 49 5 40 51 34 20 58 3 19 7 63 45 18 37
52 29 40 43 60 5 55 30 58 21 32 23 3 68 61 42 63 15 57 45 2 41 19 12 31 56 69 17 53 22 18 48 13 0 54 10 59 64 37 67 47 25 49 16 62 50 35 36 65 1 4 7 26 66 9 44 38 24 20 11 8 46 6 14 28 34 39 27 51 33
66 3 25 4 48 13 31 64 69 60 21 42 47 56 50 67 55 28 1 54 11 16 36 45 63 37 46 49 38 27 32 51 62 40 35 53 5 43 34 0 22 33 17 2 9 24 30 61 26 65 59 23 44 14 29 68 41 10 12 52 20 7 6 8 19 39 58 57 15 18
16 22 41 57 40 5 33 0 35 1 20 34 55 25 38 32 26 17 47 64 7 62 50 24 60 45 12 28 46 43 19 44 53 65 58 51 61 59 31 6 2 21 54 39 48 10 23 56 63 37 3 13 29 27 49 69 4 30 52 68 15 36 67 11 9 8 42 66 18 14
54 69 9 26 24 43 15 68 55 65 44 8 39 30 27 53 28 4 42 6 38 1 18 25 19 56 48 60 16 0 20 66 22 41 10 11 61 51 59 49 29 3 58 57 13 2 12 34 62 36 47 35 52 7 33 40 21 31 23 45 64 5 32 63 46 50 67 17 37 14
35 61 26 9 40 36 43 21 7 33 13 4 51 68 62 19 16 44 52 56 66 2 58 69 12 17 47 65 42 30 23 10 49 0 54 57 11 46 5 25 22 14 67 3 8 27 53 63 6 20 28 31 50 41 48 15 37 1 38 24 45 32 64 34 55 39 18 60 59 29
69 17 25 50 68 19 57 45 65 55 64 60 24 4 31 67 36 10 53 3 58 62 59 13 34 22 1 14 20 5 11 47 51 15 23 26 16 6 48 27 8 43 46 39 37 38 40 2 28 7 63 61 32 35 56 21 9 30 0 52 33 12 66 29 44 54 42 49 41 18
50 17 7 56 53 69 46 47 14 28 2 24 68 48 40 13 49 39 43 51 30 35 57 63 19 4 15 22 25 31 10 38 23 26 6 33 65 42 34 8 32 37 12 58 16 29 55 61 21 60 62 41 36 20 1 9 5 27 67 11 59 52 3 44 54 66 45 64 0 18
17 43 41 33 14 2 40 6 48 11 9 29 58 64 32 36 21 63 67 18 20 65 50 42 24 19 47 8 27 53 69 30 45 23 44 38 59 13 46 68 55 49 31 22 62 7 28 25 51 61 57 12 26 37 66 3 15 39 5 56 16 34 52 10 35 54 0 1 4 60
14 44 5 38 20 58 11 27 42 18 60 69 50 2 41 61 54 32 33 59 21 17 57 24 13 45 47 16 29 8 43 34 6 55 15 52 1 51 7 12 10 68 64 40 28 35 62 39 65 67 26 48 9 53 31 22 30 19 66 46 25 63 56 36 37 23 4 49 0 3
33 38 24 50 55 9 11 60 49 68 10 20 58 61 6 31 29 2 25 65 67 46 7 13 28 27 52 30 63 56 69 34 40 17 37 3 44 64 43 19 1 0 8 45 51 41 12 15 48 18 47 14 4 21 62 53 16 66 35 23 36 5 54 22 32 57 42 39 26 59
51 20 44 69 53 5 57 45 11 40 52 47 58 7 56 60 19 64 2 6 24 41 39 67 25 43 21 27 55 28 26 42 29 49 37 8 66 63 18 48 17 16 0 31 9 10 46 4 22 13 14 65 68 62 12 36 1 50 23 30 34 61 59 3 15 32 35 54 33 38
7 5 68 24 22 58 49 46 69 31 21 64 59 36 9 29 16 13 6 43 15 48 35 57 65 0 23 28 63 41 54 44 39 61 47 60 56 30 34 11 32 62 37 2 52 26 53 19 20 4 3 50 55 17 45 25 18 42 8 33 38 10 1 14 27 12 40 67 51 66
17 63 31 57 61 43 22 38 12 65 2 21 30 10 33 64 46 7 0 36 20 29 48 60 37 34 15 62 1 50 66 19 18 41 28 40 27 54 53 13 67 42 25 24 59 49 3 5 4 39 14 47 11 69 23 55 52 51 32 56 35 16 44 45 9 8 58 6 26 68
39 1 22 68 53 10 59 41 66 50 25 35 48 54 20 18 43 42 67 32 14 29 49 60 44 13 12 7 34 31 47 24 4 36 40 69 55 8 3 28 9 21 11 33 0 58 27 17 46 19 51 6 16 64 37 26 23 15 5 57 38 52 61 45 62 63 2 56 30 65
13 18 56 1 44 6 53 14 50 68 65 29 4 33 67 64 0 69 22 38 17 58 59 26 8 27 45 24 47 21 10 32 16 40 54 49 9 3 51 31 15 43 61 41 62 39 7 35 2 20 46 48 60 37 66 19 11 5 25 28 63 42 36 12 23 34 30 57 52 55
39 18 7 36 0 14 8 50 56 10 20 5 37 33 30 62 19 4 53 9 51 32 69 54 3 68 60 42 65 29 47 27 34 66 46 2 23 57 45 15 61 63 22 1 12 26 28 52 67 38 24 43 17 16 59 21 35 44 25 6 48 41 49 13 31 55 58 11 40 64
26 33 15 43 1 5 58 48 27 55 67 39 68 13 56 60 57 22 28 62 16 19 23 64 51 7 11 18 14 31 0 10 36 25 9 41 47 50 37 45 65 40 21 46 4 6 66 69 20 3 17 29 2 32 53 61 8 49 44 59 54 30 42 63 24 38 35 12 34 52
45 22 34 25 48 38 6 14 37 9 66 36 31 62 13 35 44 12 3 42 16 49 32 21 4 11 55 60 39 63 46 1 57 65 26 64 7 69 0 28 51 30 33 59 23 2 24 15 61 50 53 19 41 40 18 52 68 20 58 17 10 47 54 67 8 29 5 56 43 27
62 69 7 54 32 4 18 20 27 23 24 52 63 50 30 67 61 8 39 60 66 41 33 37 28 44 48 58 14 46 55 5 17 38 36 15 59 35 47 11 13 56 53 29 12 49 64 40 68 19 0 57 16 21 10 31 34 45 22 9 26 51 2 65 43 25 3 6 42 1
33 52 28 50 32 46 6 7 47 11 54 57 51 31 67 60 63 58 1 34 68 12 38 26 65 9 45 5 21 16 43 40 37 59 66 22 64 62 44 14 25 53 15 3 19 39 41 69 61 49 13 48 56 24 18 35 42 8 30 4 10 23 29 20 27 55 17 0 36 2
53 1 65 32 36 59 16 10 15 54 7 27 9 68 49 25 55 51 33 22 58 40 20 67 66 17 48 60 42 35 57 41 18 3 56 62 39 21 28 2 45 44 14 6 46 50 69 34 13 31 11 47 61 30 43 12 29 0 52 37 38 26 63 8 64 19 23 24 4 5
54 52 45 13 7 61 23 60 48 5 49 10 33 22 3 37 32 0 1 25 12 56 58 8 40 29 17 2 6 36 27 51 57 64 59 31 19 47 35 30 67 24 55 9 50 11 44 69 26 41 14 39 68 34 62 65 15 38 66 16 43 53 42 4 28 20 63 46 18 21
10 7 50 14 48 47 24 42 4 44 41 16 56 49 58 61 15 0 36 60 6 26 9 39 5 38 37 18 43 21 65 12 52 34 69 30 54 53 46 27 23 11 29 2 64 45 22 32 19 1 13 25 68 8 33 63 66 40 67 17 28 31 57 55 3 35 51 59 62 20
30 59 4 27 44 25 51 11 50 36 6 67 31 16 32 29 14 64 10 54 56 48 1 34 20 21 23 63 49 28 39 5 45 17 37 62 18 66 8 0 15 65 2 43 22 13 26 47 68 60 38 53 9 61 19 69 40 35 46 3 24 55 41 42 33 52 7 57 12 58
37 68 62 61 55 44 50 30 39 1 31 32 29 23 52 40 67 59 9 22 49 64 11 13 26 57 51 12 2 7 0 5 56 43 16 14 47 41 33 42 34 27 46 10 36 63 66 4 48 60 18 17 45 58 28 6 65 24 3 35 38 19 21 20 25 8 53 54 15 69
26 32 19 18 34 39 42 22 52 45 47 66 55 50 48 69 5 61 28 13 14 33 29 6 63 17 64 9 4 46 35 25 27 15 40 65 44 0 23 41 59 36 43 67 31 62 68 37 10 58 12 57 3 11 7 49 2 51 60 56 1 30 24 53 20 54 16 8 21 38
37 25 24 66 54 32 29 51 5 22 49 26 7 52 63 68 30 43 55 48 14 65 36 21 28 39 64 3 8 56 20 23 16 62 4 15 61 41 0 10 38 60 40 46 1 45 27 17 47 2 53 31 6 58 19 18 44 11 33 69 42 34 35 50 67 13 12 59 9 57
62 65 63 69 44 32 29 12 64 17 33 5 31 4 40 36 39 20 66 42 50 14 22 18 24 2 38 47 56 60 1 45 53 57 27 46 6 28 55 0 41 54 30 9 37 35 52 21 59 7 23 8 25 13 48 15 16 26 51 19 67 61 43 3 34 68 10 11 58 49
27 59 46 56 47 6 4 26 10 45 64 1 37 17 30 5 25 20 60 48 8 39 21 69 31 0 55 9 14 51 67 23 35 3 2 19 29 44 41 22 38 57 16 50 18 62 15 63 43 28 36 65 40 11 7 34 32 61 49 66 24 58 52 42 33 68 12 54 13 53
55 57 64 28 51 31 9 7 0 1 23 10 29 41 44 20 25 65 63 24 49 50 45 48 62 43 26 67 17 40 12 22 32 46 34 33 68 16 69 56 18 54 61 66 58 21 53 27 39 6 5 11 4 59 19 36 30 52 2 38 35 13 42 47 8 37 15 14 3 60
16 10 15 67 28 37 31 0 45 11 58 36 46 25 61 60 50 1 12 56 8 32 20 38 40 6 22 19 7 44 21 4 53 13 51 69 23 42 2 30 3 5 17 26 29 62 18 35 41 59 43 33 14 34 24 39 49 65 63 54 52 66 68 9 27 64 47 57 48 55
3 59 35 20 56 54 18 48 34 32 19 45 16 49 10 65 11 64 6 7 61 31 62 67 15 23 60 8 22 0 17 36 63 21 50 33 42 43 25 47 5 9 66 39 52 2 40 14 37 24 1 69 29 53 68 41 58 26 4 44 38 13 57 27 55 46 30 12 28 51
1 38 52 46 37 31 17 68 2 63 61 34 11 27 33 57 8 58 22 10 0 26 12 53 44 42 20 35 48 24 40 54 60 23 49 4 28 5 59 36 30 43 21 3 14 50 51 29 16 69 15 66 56 7 62 9 13 47 39 55 64 65 6 25 32 45 67 18 19 41
42 41 35 4 12 28 46 45 21 43 27 34 1 0 51 37 2 3 26 17 19 47 44 69 36 5 13 38 32 62 31 65 11 22 10 7 52 61 64 50 60 20 29 18 57 56 66 63 68 55 24 8 54 25 23 6 33 30 14 49 58 16 59 39 9 48 15 53 40 67
54 62 10 58 64 68 51 49 15 44 5 65 67 25 36 12 3 38 6 63 55 1 47 45 14 56 34 27 46 50 59 22 37 13 57 9 33 41 43 61 60 42 4 69 21 40 48 53 2 17 19 11 32 29 31 39 30 66 35 18 7 20 24 0 8 52 28 16 26 23
38 17 36 62 11 42 37 25 0 13 18 30 52 63 15 8 20 58 16 5 2 33 40 50 67 66 12 14 45 23 19 4 29 49 55 47 57 41 59 31 48 46 9 61 10 65 22 1 21 3 35 32 44 39 27 69 54 60 7 64 43 51 53 26 56 24 68 34 6 28
24 4 7 50 55 49 40 52 60 20 13 68 57 22 64 44 10 12 59 29 19 53 0 34 8 23 41 38 65 45 1 58 21 61 66 25 67 27 39 31 9 69 30 33 17 46 43 37 26 36 5 51 62 42 14 56 11 63 6 35 54 48 15 47 18 2 28 16 3 32
1 2 10 21 15 8 5 64 12 55 13 60 54 61 62 7 41 53 23 34 45 42 22 66 24 14 37 29 46 38 49 47 27 56 3 39 67 0 11 26 52 31 9 4 58 69 17 65 30 43 16 28 63 40 36 48 20 68 57 35 33 19 50 25 44 18 59 32 6 51
69 29 33 13 34 12 1 58 54 9 60 37 22 40 0 55 8 14 10 66 18 41 36 21 48 49 50 39 68 47 20 57 25 59 43 62 61 3 64 5 42 27 15 4 56 26 63 53 65 67 19 31 11 30 6 2 17 44 38 24 16 7 51 28 52 23 46 35 32 45
56 13 17 24 5 51 4 25 65 61 21 30 40 0 53 19 3 7 31 2 46 37 28 12 16 36 39 43 38 29 60 27 32 68 57 58 14 69 18 42 26 59 23 64 10 35 55 62 47 1 49 34 6 15 54 44 67 8 66 50 22 45 33 9 63 20 52 41 11 48
25 35 36 23 61 46 39 56 3 41 68 9 42 27 57 19 14 22 30 63 24 54 8 37 6 32 17 33 47 26 66 31 2 52 49 16 58 51 60 38 7 45 5 29 10 50 62 59 53 55 21 13 15 18 65 64 20 40 69 67 11 48 0 34 4 28 12 1 44 43
24 25 58 64 63 23 3 12 42 10 44 37 66 35 19 48 28 5 9 11 17 21 36 43 34 38 27 8 67 47 0 65 53 18 59 52 4 69 60 30 50 57 22 41 49 26 56 55 68 7 29 33 31 39 32 20 45 16 46 13 15 6 61 14 2 51 54 40 62 1
68 39 36 34 62 16 48 2 44 8 6 31 26 42 43 64 3 63 10 50 46 28 5 13 11 27 33 9 0 18 14 15 65 21 66 61 54 17 35 30 60 37 38 53 55 59 24 7 57 41 22 58 47 4 51 45 32 12 25 1 19 69 56 49 29 20 23 67 52 40
