25 69 19 7 47 1 58 29 43 64 6 34 55 26 62 45 20 8 67 4 46 27 33 49 54 0 22 28 18 38 68 63 12 66 24 51 10 32 5 65 57 61 30 53 35 40 14 39 37 36 60 2 3 9 15 48 31 59 11 17 13 52 44 50 21 56 23 41 42 16
25 17 3 23 62 58 39 56 38 53 42 32 57 59 66 55 51 2 30 8 52 40 36 11 47 13 54 7 68 12 67 29 41 65 22 9 46 6 20 27 18 5 69 14 21 1 10 15 35 44 61 50 37 26 24 60 34 16 0 4 45 63 49 43 33 28 48 64 19 31
43 60 10 11 23 36 25 28 1 59 66 5 22 8 32 56 15 65 26 42 16 34 57 18 17 21 67 38 46 45 29 39 19 2 48 30 35 40 64 61 58 33 37 68 27 9 3 53 31 7 24 63 14 0 4 47 51 62 12 20 52 69 41 13 55 50 54 44 6 49
11 4 62 28 45 59 24 42 5 65 29 66 63 69 19 0 17 35 60 16 44 64 20 51 47 49 8 7 41 37 9 68 23 15 58 25 12 55 53 18 56 22 50 46 43 21 30 27 36 54 34 38 39 1 13 61 3 48 32 26 33 10 57 52 2 67 40 31 14 6
11 62 25 27 67 45 56 38 12 3 1 51 33 32 55 36 43 2 69 57 0 5 16 21 44 23 15 64 19 42 65 22 35 39 29 58 61 59 34 13 47 60 26 49 9 46 54 14 41 50 37 8 30 10 6 24 68 20 31 53 52 18 63 7 66 40 48 28 17 4
1 36 47 64 5 54 41 22 33 14 69 53 52 62 61 30 43 51 0 11 68 32 6 31 67 19 23 46 4 49 25 66 39 56 7 27 63 2 57 15 20 28 29 13 60 21 10 24 65 48 38 9 55 3 45 18 8 12 26 16 40 35 42 44 37 58 50 17 59 34
34 27 25 4 1 37 68 44 32 36 51 52 33 61 42 46 40 56 19 23 62 57 63 15 64 30 65 0 2 22 18 13 50 17 6 8 35 10 38 67 28 21 24 26 16 49 39 9 14 69 66 48 43 7 3 11 54 20 47 41 31 12 53 45 58 60 29 55 5 59
15 50 31 13 28 19 59 64 29 60 14 68 63 42 47 3 36 16 24 58 69 4 57 51 52 35 54 67 44 6 40 37 62 38 49 61 32 27 1 12 46 18 2 26 43 21 33 5 53 17 7 56 34 41 8 0 30 39 22 66 45 65 25 48 10 20 23 55 9 11
62 10 26 46 51 42 52 35 33 66 21 22 17 4 38 11 61 31 69 15 55 27 68 25 47 18 36 2 44 39 58 57 56 7 9 8 1 3 60 28 43 13 34 63 16 19 48 14 64 29 54 32 65 0 40 45 59 23 37 24 53 5 12 30 50 20 49 41 67 6
69 1 22 63 56 49 13 37 33 66 44 62 16 11 60 0 28 31 67 6 53 51 32 23 47 45 26 58 35 30 5 59 48 64 38 46 36 18 57 12 43 39 21 2 14 27 3 10 40 17 34 65 4 9 50 20 24 55 15 42 29 54 7 25 52 61 19 41 68 8
17 30 25 16 36 66 47 45 52 21 10 20 34 59 41 40 26 63 57 27 39 33 24 60 35 44 43 69 6 18 64 37 49 61 68 9 29 54 14 28 13 15 56 42 5 4 19 0 46 62 3 53 22 65 11 48 50 58 1 51 23 38 7 2 8 31 32 12 55 67
3 41 60 13 38 17 11 43 30 29 56 10 9 40 5 8 12 1 64 36 28 44 4 25 50 53 42 37 49 45 34 16 54 65 32 6 62 55 33 15 18 51 48 27 24 7 61 67 2 20 39 57 14 26 47 22 63 0 66 31 21 68 52 69 35 23 46 59 19 58
36 17 14 34 54 37 41 59 50 64 60 45 55 49 19 9 58 39 10 21 13 33 22 69 23 0 12 20 4 28 66 27 5 52 56 6 30 24 65 57 35 48 46 63 7 31 25 44 29 32 38 11 42 68 61 18 47 15 40 2 53 67 8 16 26 1 62 43 51 3
39 28 12 14 15 22 6 56 53 33 16 20 5 63 21 64 37 61 45 24 65 13 19 51 60 44 8 0 9 59 48 31 3 68 4 30 41 26 2 36 58 1 54 43 47 42 29 62 69 66 57 67 7 32 50 46 52 18 34 35 38 40 11 17 55 25 23 49 10 27
58 47 53 20 69 48 39 3 33 10 40 60 57 54 8 30 66 32 51 45 37 4 65 55 2 64 15 35 44 52 68 11 38 29 19 24 56 17 18 14 34 36 42 9 59 23 21 13 27 67 63 50 0 43 6 41 49 62 31 7 25 5 46 12 22 26 1 61 28 16
56 39 65 55 15 31 8 2 57 43 23 35 67 1 60 28 53 32 34 47 38 0 69 26 20 51 63 42 22 18 3 16 10 24 54 5 4 68 30 13 37 12 58 19 59 21 9 64 50 44 62 61 36 45 17 6 25 33 11 41 49 48 7 14 66 29 27 40 52 46
32 52 50 43 28 30 10 67 4 53 20 64 39 56 16 65 48 34 59 5 21 35 54 22 40 69 27 18 60 38 58 62 13 25 24 57 9 15 47 31 61 14 46 1 23 3 51 42 6 33 44 36 26 66 12 55 68 7 2 63 19 11 17 8 0 45 41 37 49 29
33 62 26 20 61 65 56 31 55 28 45 1 10 21 30 2 11 47 39 14 43 23 4 24 32 41 18 16 27 25 63 44 37 3 59 48 51 52 13 67 9 53 15 54 69 29 12 46 64 57 0 66 35 17 36 8 58 5 38 6 68 60 42 19 40 34 22 50 49 7
0 6 38 12 61 66 39 43 25 55 63 37 49 24 51 46 60 56 27 4 14 47 22 23 67 35 7 65 20 17 1 69 15 53 36 18 28 3 45 10 13 40 19 31 33 57 11 9 59 21 58 32 68 8 16 50 48 41 2 42 44 62 64 52 54 34 29 26 30 5
42 20 52 61 44 14 60 37 23 57 7 65 8 31 2 54 47 46 63 55 6 0 58 59 53 66 29 28 43 38 41 1 48 49 22 56 36 21 26 19 16 27 62 13 39 34 32 33 11 17 10 4 12 50 25 9 40 3 30 45 15 5 35 69 64 51 24 18 68 67
50 53 6 29 56 1 21 24 59 22 13 30 8 9 61 67 41 16 12 69 31 42 51 68 17 10 49 36 47 28 4 25 48 35 27 62 58 38 23 14 20 0 66 7 34 3 43 40 39 2 37 32 55 46 44 64 60 63 57 54 33 11 26 52 19 5 45 18 15 65
28 59 3 29 19 13 39 26 64 6 43 10 20 21 68 32 45 66 1 41 56 4 60 2 61 16 15 50 0 48 31 54 53 38 12 22 47 36 62 27 51 11 37 69 30 55 18 65 33 24 34 7 67 42 5 58 44 14 49 17 35 23 8 52 57 40 25 9 46 63
26 19 41 40 68 47 58 51 55 20 48 16 46 54 4 39 27 57 44 66 22 34 7 1 60 33 25 52 31 65 3 12 45 10 38 35 0 32 21 64 53 43 37 23 9 15 5 2 49 62 14 61 50 28 29 17 59 42 30 63 56 67 13 69 11 36 6 24 18 8
35 5 58 31 42 64 63 52 34 48 7 6 53 67 62 12 30 40 25 49 28 4 50 0 1 19 69 26 56 43 37 46 10 24 66 60 51 65 22 59 3 11 41 38 47 29 61 57 68 20 54 17 15 9 32 16 39 8 55 2 27 18 23 44 33 21 36 13 14 45
0 13 16 45 30 4 28 42 50 49 19 11 53 38 52 23 26 5 37 34 9 33 39 64 46 17 51 15 55 29 48 3 44 22 54 56 10 1 63 2 58 36 8 66 68 25 59 14 60 67 18 27 7 57 43 69 12 6 61 20 65 32 35 24 47 40 41 31 21 62
23 63 45 12 61 66 15 64 49 42 33 1 62 46 2 6 31 67 43 24 16 19 40 27 68 0 60 47 69 11 39 54 4 34 3 29 65 13 52 41 22 55 26 5 28 48 18 37 50 14 35 21 7 56 10 57 17 53 30 20 51 36 9 58 59 44 25 32 8 38
34 19 8 61 37 18 14 12 20 13 39 57 36 30 65 28 55 3 69 31 32 15 46 62 38 56 10 27 22 24 53 50 11 64 42 25 23 66 9 58 16 5 29 2 68 60 41 6 35 54 4 1 0 26 67 43 33 17 40 48 59 45 52 7 47 51 44 21 49 63
46 64 21 35 63 49 62 48 59 45 6 69 26 28 43 20 66 68 16 30 24 39 65 19 38 57 4 36 15 32 51 9 10 56 41 12 18 25 1 55 42 33 29 53 13 2 37 67 54 50 27 34 60 44 58 47 52 14 8 5 0 11 22 23 61 40 3 7 17 31
30 4 35 58 40 52 13 27 60 42 36 37 16 3 1 10 31 50 2 33 59 17 54 69 0 29 6 26 25 64 51 22 9 39 65 48 24 7 43 15 47 18 8 5 38 21 12 57 68 44 66 34 63 46 32 23 49 61 11 67 41 45 62 20 56 14 53 19 55 28
65 20 64 23 67 55 6 27 57 24 13 31 1 48 30 59 69 68 47 45 53 35 17 37 34 3 32 4 11 29 2 46 44 56 51 66 8 39 19 16 43 54 61 18 42 50 36 7 26 52 60 14 49 38 12 33 10 62 63 58 28 5 21 41 22 0 9 25 40 15
54 43 50 35 13 42 52 9 4 12 8 48 21 68 7 46 3 44 16 17 37 14 55 5 24 18 0 33 6 66 15 36 2 31 25 64 60 56 38 32 59 22 10 30 39 11 63 1 27 67 65 20 58 40 28 51 61 45 23 26 49 41 29 62 69 57 34 47 19 53
31 30 16 8 27 20 54 19 55 45 4 34 67 43 66 32 65 18 5 37 41 68 24 52 53 1 15 48 51 47 6 35 26 60 9 13 58 12 69 61 0 29 49 63 28 59 50 57 62 40 22 44 10 39 2 23 56 17 3 7 25 42 14 21 64 46 11 36 33 38
3 7 19 48 43 58 68 62 55 29 51 61 14 4 45 63 59 54 32 5 38 20 31 0 1 67 23 13 47 65 39 17 41 34 56 66 64 49 33 42 60 37 46 27 28 69 50 22 53 44 15 9 10 30 24 40 8 12 18 57 21 26 52 2 6 36 16 25 35 11
0 12 16 23 55 50 52 13 36 31 62 60 24 7 33 66 34 46 9 1 15 64 21 69 59 2 5 49 8 67 27 28 10 63 48 6 19 22 35 58 25 4 68 38 17 61 40 47 42 51 54 53 20 44 18 30 57 43 41 56 26 65 11 29 32 3 39 14 37 45
35 10 42 64 48 34 19 23 1 57 43 29 12 55 46 24 6 61 50 26 0 2 27 28 52 32 8 69 15 16 56 49 5 3 63 33 65 25 54 22 45 7 18 47 51 36 40 37 4 11 58 39 20 44 68 41 17 21 14 60 38 13 66 59 67 30 31 9 62 53
48 55 31 4 68 43 61 7 50 64 24 29 46 67 19 5 39 51 33 25 63 10 1 26 47 3 53 54 60 6 11 56 14 32 44 66 18 34 37 27 17 35 8 36 41 69 49 0 57 30 45 15 38 59 12 58 23 22 42 20 2 13 28 9 40 16 52 65 62 21
33 41 37 47 13 1 27 30 51 21 49 23 12 29 53 48 60 65 56 7 0 5 66 22 2 63 20 16 59 42 14 28 36 24 55 61 11 40 9 67 38 64 26 52 45 34 35 54 50 68 31 58 3 8 18 6 43 15 19 62 32 69 39 10 57 25 46 44 17 4
0 10 64 32 4 15 41 49 51 22 43 55 50 45 19 44 25 1 48 62 38 21 36 26 23 35 24 53 7 42 9 40 67 20 11 63 33 66 47 28 59 58 14 3 52 54 37 46 29 17 6 5 18 12 34 31 16 30 8 2 65 69 39 60 61 57 68 27 13 56
44 32 26 29 3 7 24 20 66 42 67 35 47 12 65 33 34 59 17 54 13 43 5 4 55 6 30 22 38 1 0 53 23 52 68 14 18 41 58 40 25 57 50 46 62 63 49 28 61 51 45 15 11 10 37 60 39 31 19 9 27 69 36 21 8 2 16 56 64 48
7 56 36 44 59 3 17 20 57 14 18 42 50 58 48 1 65 4 29 55 33 43 60 34 38 49 28 41 19 26 40 11 32 2 54 25 31 22 13 67 52 30 6 61 0 35 47 53 24 51 63 5 37 45 27 66 16 68 69 12 8 15 64 46 10 62 23 9 21 39
28 33 24 54 52 58 2 20 66 45 41 9 30 40 35 7 1 0 65 60 16 27 22 13 38 10 43 69 36 50 29 51 61 8 14 47 64 48 32 53 17 42 62 56 57 59 39 49 6 4 15 63 34 21 12 23 5 31 68 44 18 67 11 19 26 3 46 25 55 37
45 68 14 33 21 24 51 42 20 36 60 50 54 67 44 56 29 69 10 0 18 1 58 6 12 41 55 26 47 53 63 40 17 65 46 35 8 9 16 7 59 4 2 61 52 3 34 19 64 62 39 32 48 38 28 13 27 25 31 49 5 22 11 30 37 15 23 57 43 66
63 17 55 37 7 57 6 38 4 47 33 69 45 26 15 50 32 52 51 62 19 23 61 13 29 58 18 46 12 28 68 21 64 2 24 43 53 16 59 49 11 36 56 39 30 65 66 42 14 20 5 35 67 3 44 9 31 48 25 1 27 54 22 0 10 60 41 34 8 40
25 2 35 14 39 57 10 28 67 69 29 64 23 62 46 41 12 34 42 50 59 6 18 51 53 26 3 52 60 40 37 47 44 21 5 1 45 27 9 31 68 15 43 7 17 36 54 56 13 33 55 19 24 49 11 38 4 0 32 8 61 22 20 48 63 30 65 16 58 66
35 53 10 41 23 26 27 2 36 62 25 3 40 63 18 68 56 58 57 38 50 1 19 43 14 9 24 33 61 22 31 17 34 47 37 44 7 64 65 21 39 52 6 20 45 4 48 60 49 59 55 0 42 8 69 28 5 13 29 32 12 11 54 30 67 15 16 46 66 51
58 19 6 15 69 32 67 41 57 45 44 35 8 46 51 21 26 30 2 34 12 23 38 43 53 49 1 42 50 11 10 62 60 61 27 48 37 40 22 33 4 52 18 55 5 20 29 14 17 64 9 66 59 16 7 65 13 39 56 63 0 36 25 31 68 28 54 24 47 3
54 67 10 59 7 65 14 31 56 34 64 50 22 55 38 51 6 12 69 1 41 40 39 42 36 46 0 32 16 52 21 57 24 20 28 63 4 17 49 66 23 26 37 45 3 15 48 35 53 30 58 9 61 27 2 8 25 19 68 29 62 5 13 47 43 18 60 11 33 44
27 18 13 67 30 35 32 47 11 19 37 4 31 28 49 68 62 48 59 25 45 15 29 51 39 23 17 54 36 64 26 69 22 14 60 16 20 56 38 7 33 41 3 40 58 8 46 61 53 2 55 6 5 12 57 65 63 52 50 10 43 66 42 0 21 1 34 44 9 24
56 29 45 12 13 42 0 31 27 54 61 4 43 15 66 47 16 68 10 49 46 21 62 11 65 17 26 37 44 3 59 20 63 34 19 35 24 51 33 58 40 69 57 32 6 48 8 50 64 53 38 30 67 36 39 60 9 7 5 25 1 55 52 2 22 28 14 41 23 18
24 35 19 0 14 49 48 52 18 57 51 34 42 13 20 2 17 10 32 44 4 37 27 45 22 53 66 63 25 8 36 5 7 54 62 64 43 41 40 3 6 16 39 38 30 46 21 23 68 58 65 60 31 12 47 67 59 26 1 69 61 55 15 33 29 9 56 28 11 50
67 26 49 42 51 29 66 13 62 37 20 17 40 4 15 38 22 35 43 7 30 36 19 58 28 33 41 39 46 60 32 9 57 5 56 44 14 12 50 0 34 23 11 48 65 64 27 1 45 54 47 68 24 18 63 31 55 10 61 21 53 52 16 25 59 2 3 69 8 6
22 38 21 27 43 69 10 53 14 33 29 50 37 5 28 56 45 49 15 63 61 26 31 39 60 3 46 41 1 2 19 40 35 7 23 18 67 0 54 51 55 8 48 62 24 65 68 30 20 64 16 59 47 25 11 32 9 57 36 42 17 4 52 34 58 13 66 6 12 44
47 56 11 59 52 40 10 14 57 46 43 32 13 48 49 8 55 20 27 67 65 15 69 54 61 9 42 17 6 30 16 23 44 21 37 58 51 26 36 66 0 53 34 1 38 7 28 60 18 33 64 22 45 50 12 25 41 35 2 3 24 29 63 31 19 4 62 5 68 39
11 1 41 9 61 62 59 67 12 37 3 45 27 19 34 49 22 52 26 6 50 13 51 53 2 38 60 42 68 40 4 47 29 48 57 65 14 15 10 21 63 30 66 43 39 23 8 36 18 35 17 69 58 46 16 24 28 25 0 55 5 33 64 32 54 20 31 7 44 56
67 41 23 21 58 55 48 16 36 64 40 51 7 56 17 33 10 60 68 34 27 50 62 4 9 12 26 30 25 59 29 53 66 37 49 54 44 3 6 45 61 57 43 11 24 13 19 35 1 65 18 2 0 52 69 22 47 20 63 39 42 8 5 31 32 15 14 46 38 28
55 47 38 40 65 56 61 1 24 57 4 15 23 45 10 69 50 11 52 13 49 16 63 66 17 33 35 37 41 68 48 26 0 9 60 19 6 25 8 7 29 28 34 67 58 2 32 44 46 14 51 54 12 59 22 39 36 62 42 20 31 64 53 30 21 18 3 43 5 27
32 48 35 22 6 16 3 62 44 61 46 21 42 53 27 10 15 25 4 65 13 23 34 7 28 5 56 49 52 24 38 20 66 51 68 12 39 1 67 2 57 0 30 63 8 37 54 9 59 26 58 31 40 45 19 18 55 41 60 11 36 33 29 64 43 50 69 17 14 47
56 30 50 27 36 16 57 8 40 9 55 51 41 52 26 23 54 19 38 64 42 69 31 6 39 20 17 11 53 58 3 32 62 63 37 7 43 2 66 5 18 21 25 49 22 48 45 35 34 29 44 59 0 61 13 24 33 60 65 10 68 28 12 14 47 4 1 67 15 46
52 16 49 11 58 55 23 21 5 67 40 25 20 33 24 0 68 27 51 53 15 64 39 4 57 22 26 13 56 34 54 48 38 45 10 59 61 60 36 46 14 32 8 63 69 44 62 65 35 31 50 42 41 3 30 7 43 29 28 2 47 17 6 66 18 12 37 19 9 1
12 32 58 7 10 40 47 2 35 31 45 33 56 64 62 65 29 51 46 50 16 8 48 61 52 68 49 14 43 67 26 54 42 63 37 6 18 30 60 24 44 39 27 36 38 34 1 41 69 11 57 21 17 9 13 22 5 15 23 28 3 66 53 0 25 20 19 4 55 59
34 44 4 25 21 14 59 18 28 0 8 41 61 33 20 54 12 49 39 55 1 50 48 16 10 37 26 31 6 60 64 68 56 17 58 36 19 3 65 46 62 22 52 40 5 47 15 63 30 24 67 42 66 11 13 9 57 7 35 27 51 23 2 29 69 38 43 45 53 32
37 1 52 57 26 18 41 31 20 51 34 49 48 21 15 38 39 25 61 16 67 17 8 7 69 10 24 44 19 43 11 65 56 12 4 40 14 9 63 53 13 32 55 2 64 47 6 66 58 5 35 54 28 68 33 62 29 3 36 46 59 42 22 27 30 45 60 50 23 0
20 52 40 8 26 27 32 64 54 19 24 42 45 62 53 1 46 67 65 15 18 6 56 59 33 57 48 43 4 0 5 30 38 9 37 39 11 13 50 34 49 68 60 3 7 69 36 55 28 51 61 44 17 47 41 12 35 25 22 23 10 66 2 29 58 16 31 21 63 14
43 46 40 6 32 41 23 47 8 65 37 10 68 54 62 21 1 5 53 39 42 50 35 63 14 11 20 2 27 52 24 57 13 69 22 9 44 38 67 64 7 58 15 45 36 0 48 25 31 28 12 17 19 49 30 34 59 29 4 51 55 66 56 16 61 26 3 33 60 18
56 20 48 69 68 63 49 59 52 43 35 0 64 29 30 16 8 66 47 4 19 61 1 42 21 3 2 31 55 26 40 62 28 54 53 5 10 22 15 39 7 57 24 41 50 9 46 45 58 60 13 37 38 25 44 6 23 12 36 18 32 51 14 27 67 65 11 34 17 33
67 18 36 68 4 51 37 6 2 47 65 50 16 11 30 40 56 33 22 52 29 42 34 53 43 7 24 61 19 60 1 45 58 25 69 12 21 0 54 5 41 3 57 17 9 49 39 44 20 13 26 27 14 35 64 46 31 28 62 55 63 32 15 48 23 8 38 59 66 10
58 19 52 33 21 0 66 8 29 59 56 27 61 16 37 35 34 13 15 53 67 51 20 18 5 63 10 3 62 22 7 65 26 68 9 60 12 48 11 64 45 4 41 43 69 31 32 49 6 40 1 14 39 17 44 28 55 25 47 2 24 38 54 30 36 23 50 42 46 57
55 2 32 24 38 67 28 17 37 27 59 10 21 61 13 36 45 48 43 33 35 31 6 47 40 12 42 34 58 7 8 11 63 4 68 22 3 53 62 39 15 1 26 60 46 29 69 19 51 49 14 5 16 65 23 64 44 0 66 20 56 54 52 18 57 9 25 30 50 41
57 68 55 41 12 35 15 65 32 49 43 25 58 16 14 66 18 52 38 53 1 67 44 64 69 42 46 39 33 27 59 29 48 3 34 20 17 62 56 22 6 37 13 45 5 0 23 4 47 51 9 19 61 21 28 2 36 26 30 24 54 10 63 7 60 11 31 40 8 50
28 18 23 2 55 50 22 3 53 56 9 43 63 6 57 31 37 14 4 24 35 27 65 45 62 33 21 54 25 10 19 16 69 61 8 5 68 44 59 12 34 41 47 13 66 29 46 51 11 38 30 17 20 52 39 48 26 58 42 64 49 36 0 32 67 60 1 15 7 40
19 58 49 18 22 60 34 16 46 15 66 27 52 26 56 25 63 53 7 3 64 59 0 38 37 2 28 14 45 29 47 1 9 48 57 23 24 43 30 69 51 31 67 33 44 11 13 36 68 40 4 65 10 35 17 41 12 21 39 55 62 20 5 6 50 61 32 42 54 8
3 68 11 63 40 21 44 58 59 4 20 24 43 12 0 53 55 37 34 31 56 54 57 66 26 7 52 69 5 51 29 36 38 23 27 28 33 42 18 10 47 65 39 6 50 45 9 16 15 35 17 41 67 49 14 32 1 62 60 46 19 30 25 48 2 8 22 61 64 13
33 5 10 34 50 59 37 29 18 4 7 22 46 44 60 12 11 43 8 63 14 38 1 2 41 57 21 24 9 31 30 52 68 58 49 28 66 6 53 32 19 67 42 56 39 17 0 3 48 40 47 15 20 54 64 26 36 65 61 27 51 13 16 23 45 35 69 25 55 62
7 66 40 6 56 9 54 25 33 35 32 38 62 19 63 4 12 46 17 26 53 57 51 45 52 2 42 28 23 49 48 47 31 61 44 18 68 43 37 22 0 30 15 8 27 10 60 39 21 36 59 34 41 24 50 5 69 67 29 58 20 3 64 65 1 11 13 55 14 16
8 19 63 38 18 59 36 10 37 15 4 20 55 39 0 2 26 56 67 3 40 54 25 64 66 17 6 60 21 23 33 58 7 68 48 53 57 61 44 50 22 32 42 11 27 30 69 24 65 14 62 1 12 31 49 28 16 52 5 51 46 35 29 41 34 43 13 9 47 45
23 54 52 59 44 27 57 41 24 40 51 2 10 63 39 5 29 19 58 0 45 48 26 38 68 13 1 61 46 31 12 50 22 64 47 66 37 65 34 25 30 32 9 36 15 7 4 67 62 53 20 69 60 56 11 8 6 3 18 43 21 28 16 35 14 17 55 49 42 33
65 51 42 29 13 45 64 23 7 9 22 15 4 53 14 26 41 5 68 43 55 24 31 1 60 30 37 33 54 18 20 44 58 49 36 67 59 50 32 38 10 63 27 39 56 19 28 11 16 3 66 21 61 17 69 48 40 6 34 52 57 35 2 25 8 46 47 0 62 12
36 7 63 34 3 66 29 69 6 38 20 18 17 32 24 35 19 15 21 50 67 37 25 65 40 11 28 8 54 47 51 56 14 10 12 33 52 4 59 5 46 27 2 62 23 60 30 39 41 55 26 45 49 53 68 61 48 13 64 22 42 1 0 44 9 31 58 57 16 43
64 60 0 67 18 59 34 36 3 42 40 33 44 68 4 1 19 48 29 57 22 15 52 66 58 25 13 23 51 5 37 16 27 21 9 28 35 46 8 31 55 24 38 26 61 17 69 30 49 54 14 10 47 7 39 62 41 56 2 53 11 65 32 6 43 63 20 45 50 12
50 36 41 10 33 26 32 11 66 63 8 25 39 47 29 19 65 4 34 21 37 54 3 27 49 69 5 56 30 64 17 42 28 55 35 23 15 45 31 0 68 40 57 59 48 22 24 60 12 6 61 67 7 38 20 53 58 43 13 51 62 18 46 16 14 52 2 1 44 9
7 39 23 59 9 54 55 22 56 52 45 57 6 48 8 4 64 10 11 16 40 62 65 69 3 1 0 34 18 47 26 49 14 27 53 50 58 61 21 28 37 41 19 33 67 25 2 35 12 68 17 42 63 60 13 5 51 46 29 15 38 24 20 31 44 66 36 30 43 32
65 33 12 36 23 64 8 7 10 35 39 16 42 14 0 11 5 44 69 38 9 21 53 31 50 48 20 58 3 46 32 60 56 30 59 25 6 61 43 51 13 19 17 63 62 28 40 47 57 37 2 41 4 18 52 45 55 26 1 22 34 66 68 27 49 54 29 15 67 24
42 54 52 14 10 66 21 47 18 2 65 46 20 9 23 53 30 61 68 0 67 57 24 37 22 58 60 28 32 44 26 3 43 41 13 33 35 62 64 6 31 48 29 19 8 4 7 50 55 36 56 5 39 25 59 34 11 1 17 63 45 16 38 51 40 69 15 27 49 12
3 43 10 27 64 39 44 50 31 29 38 18 48 11 36 13 68 30 59 0 9 65 37 20 8 54 26 19 6 12 16 53 15 46 22 52 28 40 62 24 67 41 1 58 2 47 55 23 66 32 49 51 56 63 42 25 45 69 60 35 57 17 5 61 33 4 34 14 7 21
13 42 23 29 58 54 43 45 31 7 4 59 68 49 50 55 15 33 1 62 30 2 20 3 21 11 35 36 47 6 56 60 34 69 51 64 22 40 26 67 46 12 37 65 39 44 10 5 32 28 24 66 61 0 18 9 25 8 16 63 27 14 52 57 53 48 38 19 17 41
8 57 52 53 35 65 34 32 30 46 42 4 16 55 3 64 41 44 39 43 2 38 48 69 67 36 59 27 9 13 6 22 54 24 37 5 23 47 40 51 58 63 15 56 18 61 11 12 29 28 62 21 33 10 14 50 1 19 60 7 49 66 45 0 25 31 20 26 68 17
40 59 24 41 58 17 6 0 51 30 69 1 12 57 35 21 46 63 13 27 37 42 55 31 19 62 47 22 44 29 60 38 34 64 15 36 7 18 39 2 67 45 32 28 16 49 68 25 52 11 3 14 5 20 26 33 56 4 53 66 43 23 54 8 65 10 9 48 61 50
40 18 7 36 45 26 4 39 35 68 30 47 12 6 66 41 62 63 33 16 42 10 69 58 23 48 0 64 15 38 34 3 2 59 32 56 28 13 44 54 24 61 60 20 29 17 27 22 53 52 5 21 9 49 8 14 43 37 19 31 11 46 55 51 65 57 50 67 25 1
66 11 39 13 4 49 37 55 34 31 65 64 56 7 23 67 20 16 29 17 27 0 59 51 33 25 21 42 38 30 43 40 54 46 28 48 24 41 26 10 58 2 12 3 18 14 8 5 36 61 69 60 47 45 62 57 1 52 35 32 53 6 9 44 19 22 15 68 50 63
11 21 66 58 24 2 9 18 44 59 68 40 3 39 0 10 27 56 47 48 50 41 34 33 32 64 7 42 63 19 46 6 37 30 15 60 38 4 52 28 13 31 35 65 51 61 22 62 67 49 29 23 20 25 36 53 43 8 14 17 57 45 26 5 69 54 1 16 55 12
18 49 33 6 45 29 10 32 40 36 58 37 48 0 43 20 14 39 16 66 64 15 65 34 19 44 2 30 3 11 50 9 63 67 1 17 54 22 5 4 61 59 60 52 13 42 41 27 23 31 38 7 24 35 62 51 21 68 26 57 28 12 55 25 8 53 46 47 56 69
63 25 28 47 0 12 46 26 37 67 48 30 29 58 1 3 22 6 9 34 43 54 7 61 57 59 10 69 51 38 55 16 45 24 33 40 44 62 49 56 35 53 8 64 66 39 19 4 13 11 18 23 21 2 17 65 27 68 60 32 15 41 5 36 52 20 14 42 50 31
22 62 56 3 50 60 6 69 68 5 1 66 36 48 65 18 41 31 47 35 59 16 54 27 7 49 10 23 9 55 30 38 29 44 57 20 19 58 24 2 42 4 32 61 25 21 51 37 13 34 12 28 46 63 14 0 40 39 17 52 45 33 8 26 67 64 53 11 15 43
42 51 17 41 44 20 5 38 64 46 2 49 56 68 8 43 28 69 40 21 16 53 45 67 0 48 37 31 33 55 24 47 54 61 36 25 50 27 52 57 29 65 22 18 39 32 62 12 14 60 26 66 59 35 10 19 34 9 58 7 15 30 4 3 1 6 23 13 63 11
40 22 15 59 0 63 20 30 39 5 33 10 23 58 41 32 38 35 53 14 16 25 3 64 44 26 52 28 61 45 68 56 57 66 51 36 17 62 42 6 21 55 11 12 34 7 4 50 18 43 31 67 46 37 24 47 13 19 60 29 27 54 9 2 49 1 48 65 8 69
46 19 3 16 0 22 31 13 55 4 57 11 69 59 49 17 7 21 65 54 30 63 42 60 40 67 66 64 2 50 5 62 48 52 39 32 9 29 23 20 15 1 33 10 12 25 8 38 18 44 34 37 28 27 51 14 43 47 26 56 61 68 6 35 36 24 58 41 45 53
61 7 54 60 45 67 48 39 37 50 14 17 1 58 53 6 38 22 15 41 4 63 28 31 64 43 33 18 21 51 66 46 62 44 34 32 19 42 16 52 36 68 59 47 40 35 8 57 27 25 5 11 20 69 65 23 24 29 12 10 49 30 9 13 2 0 56 55 26 3
28 7 25 63 55 37 49 8 23 22 52 47 1 53 68 45 27 26 15 61 3 57 9 36 20 40 5 38 29 4 39 64 54 67 58 32 14 44 17 56 11 19 24 0 18 33 21 69 66 16 46 60 41 35 43 48 42 62 59 13 51 30 65 34 50 6 10 31 2 12
1 12 57 7 50 19 34 28 13 67 10 45 14 4 54 35 21 40 26 5 17 63 38 18 39 44 51 31 3 56 61 65 30 20 48 46 33 52 66 15 2 62 25 64 36 53 59 6 60 42 22 0 58 32 8 29 11 69 27 24 37 68 43 49 9 55 16 47 41 23
8 29 40 6 32 9 45 21 28 5 59 25 63 4 49 66 60 12 16 48 62 2 41 47 22 7 10 24 57 13 15 39 58 0 30 3 68 61 19 65 26 14 55 56 37 52 17 64 34 44 53 31 38 42 46 43 11 27 51 54 20 1 18 35 23 50 67 36 69 33
