76 -94 -30 12 -71 45 -35 -16 92 -39
-12 -11 -61 -76 70 80 12 -93 3 -41
-46 -21 -77 59 -50 9 -87 -38 -73 -82
-15 -36 6 28 83 -49 -60 93 35 11
-78 32 -91 -57 23 31 41 54 -77 52
4 87 65 -92 50 -26 84 -33 -63 42
86 -86 96 75 34 -34 94 -61 8 -32
-64 -70 50 -44 82 84 80 51 -23 6
82 84 -55 -95 -40 90 -94 -88 33 79
70 97 -88 -53 45 -9 26 70 -47 23
48 16 90 -49 52 53 -39 27 -93 36
-14 -65 43 -48 81 80 -21 -32 83 97
-9 98 -91 12 -66 -80 56 19 -98 43
-72 -29 25 -18 61 -28 -28 45 -54 -57
11 -70 49 56 29 -16 17 -48 -83 88
40 85 -84 -37 33 -63 -97 -23 37 63
-44 -57 97 -2 -4 84 -74 -55 16 32
17 -25 -54 -8 7 81 -82 -42 -12 -70
-41 -67 -85 72 50 60 40 77 -10 60
0 -36 -97 39 52 21 13 -92 -43 -95
63 61 28 24 67 -76 -62 -67 96 -9
30 -53 25 -43 -36 -52 85 82 57 -79
-70 9 17 -26 65 -58 -56 -76 -58 -41
90 -37 57 -94 -34 -1 -99 -30 10 -70
-6 -96 42 -1 -93 -85 90 -72 85 -73
50 24 66 -45 -66 44 -38 -76 -41 -81
65 5 31 -34 -4 -74 -32 -97 -53 99
99 81 -91 38 -24 77 -35 96 58 73
6 -38 57 99 16 43 -95 -95 -31 -34
-13 -96 -98 -35 -52 56 -51 42 29 91
57 -26 -72 -53 88 92 -30 56 -90 -42
24 24 74 -95 -42 -90 43 47 16 -16
37 14 -82 77 -56 0 43 44 -86 -82
-40 73 -88 77 -5 90 -77 -20 -84 10
-62 -99 -59 -55 48 -5 51 18 4 38
77 -86 -62 71 71 -83 -11 34 -10 -75
78 -76 43 -48 -78 -66 49 -34 78 37
-69 66 85 -38 42 29 -1 -14 75 43
-4 98 42 61 29 -40 72 42 -70 21
72 51 -45 34 -62 8 35 25 -46 77
-56 73 82 31 69 -27 -40 74 24 -70
18 -11 -52 -93 -72 -42 -32 -23 7 -5
-4 -41 92 -63 -39 29 -67 -2 -36 -36
24 -94 52 25 -29 -50 -40 -48 31 63
11 62 13 -89 -49 79 -81 -9 -91 -30
92 -83 -89 79 -66 57 -3 -66 -66 6
-95 -97 32 -62 99 78 4 -17 17 85
-26 -65 32 67 54 6 -29 9 50 2
-58 -96 30 51 -93 19 -57 34 61 43
2 -7 63 -28 -15 51 65 -30 -68 18
-5 62 24 -15 87 17 -28 -12 -52 70
-20 -57 54 -36 -30 82 47 8 34 41
-36 -47 77 94 -48 16 6 -72 60 -94
11 -52 51 21 71 64 82 -6 60 49
-3 11 -86 88 43 20 -13 -97 31 48
-71 -58 89 18 32 96 -64 91 -1 7
83 -93 7 -78 -71 -70 -41 -30 0 5
39 -62 57 -1 -93 39 -30 -70 92 -70
-83 4 -31 -23 68 -3 -5 -82 -89 2
-56 74 3 -33 14 -23 2 96 41 -1
-73 -68 59 -64 -71 -90 15 89 58 -24
85 -45 -93 -34 60 -54 -78 43 -37 6
-27 7 41 42 18 -74 62 -75 15 70
-36 8 9 -78 94 -55 -93 -14 -83 62
36 -46 -92 68 -27 -92 -47 -26 -25 -76
-87 13 -75 -8 56 -65 92 63 -45 -40
29 92 -95 80 0 5 78 -88 19 95
-86 -24 43 11 -42 -66 79 67 -30 58
-66 -38 22 72 99 -35 -41 62 54 -24
36 -87 -29 -64 14 79 67 1 45 -41
-83 -39 -66 15 66 85 74 -71 28 52
38 94 98 -13 66 -64 58 -83 -91 -47
95 24 -21 -7 -37 54 92 -9 -68 -97
81 -72 6 -91 -69 -66 -9 10 98 -98
73 12 -15 -62 -6 86 24 49 65 -36
52 -83 -80 72 -37 9 18 -78 -84 4
46 -71 22 4 -21 -52 -5 65 -80 89
44 76 18 12 9 -60 81 34 54 28
6 -10 -31 -60 -66 -24 -68 -56 88 -47
55 -90 -20 -8 -60 45 -52 -12 -70 -7
58 -96 3 34 93 -86 0 85 49 99
76 85 23 -63 -19 7 -3 34 -69 12
-49 24 7 -86 -52 -36 68 -46 24 -26
-39 63 65 31 -89 -85 84 -43 91 -90
-23 -54 -88 33 -1 -6 3 28 86 -24
-3 54 -13 68 -36 -97 98 82 78 -20
-54 30 42 -83 86 78 43 -18 -40 47
-50 8 16 -10 -10 -15 -1 7 2 -95
-83 81 41 22 98 -95 -76 -82 -84 -17
16 -21 91 50 -62 -43 96 85 46 63
-77 29 11 -58 -71 12 -17 18 0 96
71 -89 43 -60 -12 14 89 -74 -72 -60
37 35 -72 -75 55 -6 37 -4 -53 -6
-25 -54 -97 -96 74 -69 -69 59 -46 84
-50 45 91 36 97 51 -25 16 77 -34
42 -55 26 -75 -68 -97 50 -91 -78 -87
-95 -51 -45 44 -23 -84 -33 98 -32 40
58 4 -11 -8 16 10 4 73 40 40
37 -22 47 -90 76 85 52 8 4 -7
44 -94 -56 -52 -12 -26 -93 -43 69 3
