45 56 -88 56 94 32 40 92 -88 98
-57 24 7 74 79 13 10 -72 70 26
1 -22 -74 -14 13 54 -32 64 81 -2
80 44 0 6 9 -4 -48 62 59 -44
-45 -80 -75 47 66 -91 -98 -58 81 -5
-46 -17 -88 56 26 8 -63 -82 31 -92
90 -33 -28 -3 -83 82 -81 91 -61 -50
31 -49 38 -92 68 31 -48 -25 89 96
55 71 -15 -28 77 75 56 17 -38 -85
-47 15 -61 -34 -54 -90 47 -83 81 2
96 -27 -3 -94 -62 -55 33 -69 57 55
61 78 -17 -57 -16 -12 15 -10 -76 2
-40 92 -51 -92 -25 -13 92 43 -84 -14
-13 -80 93 -92 87 -88 -83 47 99 23
-29 42 78 6 75 84 -51 93 97 -90
-62 76 67 -41 39 67 74 -10 20 -19
54 -7 -65 -44 -85 28 98 -69 -70 78
83 -13 -34 -78 97 -63 89 -44 -96 97
-67 -75 -99 29 -5 37 -30 15 -6 46
-28 1 51 -40 -60 -22 75 94 41 -74
18 -66 -71 55 -94 22 -49 21 13 -15
-10 64 -22 -73 57 -15 -1 2 -11 69
-36 -75 33 -46 -7 90 -24 68 -79 15
73 -22 39 65 53 0 -28 37 -34 61
29 68 69 17 -37 76 -49 -61 -7 -70
-58 -31 62 -88 -37 5 32 69 -56 -66
8 99 53 -12 43 -11 44 -64 22 48
-86 83 -74 -26 -47 37 94 30 32 69
45 -72 13 -77 11 85 83 72 12 20
2 -87 25 -71 36 -67 -51 93 -34 -48
-64 -1 13 11 21 49 -20 68 17 -53
20 -24 -76 -33 13 -25 -32 96 64 -95
-93 -4 -47 95 -89 14 -72 -96 -61 4
38 84 -52 -79 26 -89 76 5 -55 81
94 -86 -76 30 80 -57 12 13 58 -44
38 51 -98 27 -18 77 -77 -99 -85 -13
67 61 -12 -4 -83 36 18 -91 42 -56
46 76 -87 -72 -25 39 -10 47 -39 -42
18 72 -86 -37 -77 -49 83 -32 -41 -48
-45 0 66 33 97 -24 -35 77 28 -80
50 -51 46 -29 -92 1 48 26 -12 88
68 -50 20 8 15 -97 -34 18 16 -8
-23 -35 50 62 36 -7 69 84 -14 -44
98 -95 -29 -47 -79 17 64 41 76 86
-11 -85 -47 -34 -26 -93 -88 -94 -47 0
44 -53 24 18 12 80 -93 -14 2 99
-72 -48 18 -17 11 36 11 51 47 -95
43 -30 22 -14 -99 -97 -76 51 -27 -6
-50 -11 -18 31 90 -6 -46 -6 -21 2
96 41 -25 43 12 -20 -16 -1 -32 35
57 -4 -67 -64 94 -33 10 37 -56 -75
0 -7 -5 42 96 -10 -23 6 6 54
-51 21 6 -52 -31 61 29 68 -85 -28
42 -13 32 26 90 37 -9 -46 85 92
94 92 34 10 76 16 -32 -14 -7 -38
-70 94 -40 -92 7 42 -57 82 79 -24
-48 46 -66 -74 85 -79 39 -10 45 22
-17 -89 -32 -56 -42 86 -50 43 -36 88
26 7 55 59 -8 -58 12 -86 10 18
89 -58 42 45 87 2 -35 -91 -17 -38
92 -41 0 -83 97 1 31 70 -67 -89
42 -23 -38 5 -32 -31 17 -80 -25 -58
98 -18 53 50 3 83 -16 -81 -23 50
94 -65 -61 20 93 -28 -51 -90 -69 73
41 68 96 -60 -72 -18 60 -37 80 49
61 34 68 -39 54 -63 -57 -83 83 82
10 89 84 13 -88 -92 -83 -71 -4 -86
23 -87 2 -33 60 4 -34 69 71 27
-68 66 54 35 -16 20 74 -55 52 34
29 91 39 76 -1 -70 -44 -44 -32 39
-35 47 -27 22 83 -68 93 67 -91 81
-81 -8 -20 24 -18 -39 61 -74 -83 49
80 76 -8 32 -7 55 60 39 -21 -14
-31 -97 -11 -55 -11 -64 16 34 9 72
84 3 -2 96 79 -84 -34 76 74 50
-60 -90 27 63 56 -61 68 -61 74 49
-27 75 12 2 46 97 39 -39 46 -70
84 8 55 -76 10 -79 62 -68 -92 83
-92 71 -99 11 91 41 84 -93 -6 36
30 -83 -51 82 -11 95 -13 -34 27 4
72 76 1 -92 -69 -77 28 31 -55 -48
5 20 72 -67 99 47 -13 -18 -58 -11
-53 45 -78 72 34 11 -68 88 79 -14
-5 63 8 -84 6 34 0 -44 -3 0
-4 26 32 -79 -85 -81 66 61 -92 -53
82 20 -12 -29 -14 94 -37 -60 21 -32
-30 -51 -39 47 -26 48 -40 -36 21 78
38 -4 24 43 -76 -6 67 -81 57 -22
45 27 -69 -29 -3 10 -89 0 -32 93
18 46 96 54 89 64 85 18 3 -25
-71 -11 17 -50 40 -23 -42 -79 16 8
-83 22 -89 -82 5 -45 -97 77 -7 53
-14 84 39 -32 -80 -82 -5 -12 -32 -40
-42 -17 -54 40 -99 46 -63 83 -96 -3
54 34 30 -70 59 -6 -45 77 -24 -6
75 -75 32 -98 -47 9 70 -18 0 7
9 73 44 66 91 75 -14 17 72 -9
55 -1 26 -88 35 -76 35 58 -97 -82
83 -27 41 -95 39 -91 -34 92 -71 -37
86 -37 -98 -92 96 24 -82 78 -41 -56
