-86 30 13 31 -46 57 73 50 91 83
60 -83 -84 62 -12 73 24 99 -40 -91
-46 -6 -84 78 -38 45 20 1 -12 -76
-30 79 8 66 38 75 69 85 66 -44
68 0 77 80 87 61 -4 -64 78 69
-8 35 22 -47 99 -36 -27 96 -37 -29
95 -39 -10 18 -95 -19 -88 40 85 -24
14 85 64 -26 85 74 -14 -80 21 44
-51 85 42 9 -44 -46 -82 72 -99 28
-26 -3 80 76 -60 53 96 5 -30 -28
-90 30 22 4 -27 91 61 46 95 51
73 51 -84 -4 -25 -35 84 -85 -85 30
6 63 19 -63 64 77 -92 -8 27 54
-63 14 64 -26 -85 -36 -92 81 -67 66
-59 -95 -30 57 22 -70 -25 -55 9 64
90 38 -67 -61 -69 -48 24 -96 30 -16
-68 20 -84 -71 -43 24 59 -14 -18 22
-96 -56 66 -86 37 17 59 56 -95 8
-29 24 -3 63 36 -31 39 -52 34 -9
-2 -58 -93 -53 -7 84 15 63 -59 89
30 -46 -95 18 -24 46 8 95 16 94
-80 20 69 -93 51 80 16 -56 -82 91
-17 90 51 93 40 -44 0 13 -15 70
12 96 96 73 97 54 -26 -66 37 46
74 44 -75 -4 -84 -26 24 -16 89 59
33 30 94 92 46 35 26 90 -47 0
-18 36 83 -5 95 71 -37 -82 -54 11
27 -16 -72 10 -72 -24 -57 -78 58 85
45 21 -14 37 44 80 -87 44 18 72
80 -14 32 16 98 -21 31 93 67 -12
-86 52 73 -73 17 43 99 -48 44 -42
-93 -4 17 -3 39 -73 -4 46 48 -98
-98 42 -13 -28 -93 -23 29 -54 -79 -23
-44 -99 -96 -63 42 -69 64 47 34 -71
-89 -91 -76 -37 73 14 -77 8 -42 -21
-81 96 -84 83 1 -24 -20 -3 -68 66
-76 -46 48 -61 83 -36 66 25 80 -78
10 -82 -61 -3 42 98 65 -72 -27 79
-57 -42 -43 -33 74 -68 -5 62 -49 -20
-55 83 -92 84 58 19 -82 -47 85 -6
87 61 27 23 49 82 27 -24 24 -81
16 71 -4 13 21 90 18 48 -28 -77
55 66 -15 84 -50 36 -15 86 81 -18
66 3 -82 89 99 -3 -50 -54 47 -36
-77 -25 67 76 25 93 90 7 55 33
8 -41 -99 18 64 -82 -47 -68 -1 -92
35 0 11 -43 -84 61 -9 -39 -49 54
-99 41 -6 51 -3 -17 22 -52 -26 16
-15 56 78 35 50 -41 55 -23 -34 -84
90 -90 -96 -2 -51 7 -53 -68 37 -37
8 -34 8 69 -9 -60 79 -68 -89 -66
23 86 72 -44 -40 -71 -96 94 22 -94
-71 -27 -12 -81 -4 38 -25 -34 -54 31
-39 53 28 88 -8 53 60 -40 86 20
-8 64 -23 22 -55 1 -65 -83 -97 -88
-32 -89 86 -8 -70 -25 19 59 -42 95
-64 -2 -24 72 90 49 -35 26 60 43
1 -80 40 -89 34 39 23 18 -60 -9
98 80 -28 -45 -58 -20 10 82 81 -73
-62 -63 29 49 -72 -38 -52 55 -27 51
-36 78 94 -48 -6 62 -84 93 0 -53
-15 -13 45 -47 72 -73 -40 -11 31 -48
-97 2 -38 30 -8 -67 24 95 -15 -19
20 -13 -57 33 51 49 85 -28 -84 9
76 53 92 94 -43 38 -27 85 14 -37
-23 -57 -83 13 -86 9 -57 72 5 -73
35 50 97 53 83 -80 -32 -68 60 -8
91 78 -5 -99 13 -52 71 -91 2 -13
3 27 -3 -14 -8 -18 -48 -41 -64 -87
90 63 -69 69 3 -8 41 44 31 -44
-25 75 -36 94 -44 -97 -29 -20 -72 29
20 9 2 -55 -67 -51 -4 -38 -88 -18
84 49 -37 32 52 68 55 -77 18 -42
53 34 -84 39 -23 -57 -79 66 -64 -74
96 -96 29 56 -2 -2 -54 -98 -57 -71
-65 74 -13 8 27 -54 1 62 93 56
70 4 -23 13 95 -78 33 11 33 -29
37 42 55 49 1 48 -9 -18 18 66
-8 25 68 13 19 72 -66 41 -63 -74
32 -73 -6 -22 97 -12 7 88 -65 -52
-89 34 33 50 -96 96 -33 -32 -63 -52
11 -85 -85 28 76 65 28 -39 73 95
91 -7 55 63 93 -90 -98 -78 -61 -85
10 -15 65 43 80 -19 84 8 -16 -55
44 -46 -99 29 -49 -42 -66 -24 -4 23
93 -78 19 -86 94 -47 90 -16 -71 -14
-11 -33 -79 -86 98 -25 12 -88 6 -84
-76 52 46 4 50 -25 -21 -82 -20 -41
-20 -75 89 1 -66 -36 53 -12 -13 6
99 -60 -86 28 55 -28 28 0 -81 -20
75 28 26 -58 20 -34 92 76 -59 71
83 72 -29 2 44 74 -95 -10 -47 66
-80 38 -11 25 41 30 90 -76 -6 -34
67 13 -13 69 47 7 30 69 -91 -61
89 84 -27 57 -76 15 -80 36 -5 26
42 -13 -34 -65 -18 -94 67 -91 -74 84
-66 59 -88 -92 80 -98 -81 -97 41 -27
-2 -44 58 -12 98 -75 -93 49 96 0
68 -81 66 40 -83 86 -60 -20 -5 33
88 40 55 -80 -61 -12 -26 -27 -49 79
