99 53 -75 -22 13 -65 -19 16 74 92
72 -92 -46 -83 -78 7 99 -69 -56 -42
-2 -70 -3 47 1 -64 -30 -66 -66 -29
-68 -86 98 -65 -34 9 -15 15 -63 -39
-93 14 -98 -5 40 22 -6 58 55 80
99 80 56 30 -50 -80 48 -39 0 7
28 -49 84 -77 46 -6 44 -23 -89 -84
-81 -44 -8 -65 -42 35 -13 -77 -11 -66
63 -4 -70 68 33 36 -75 -11 -40 -50
99 -95 -40 45 -45 -49 -17 -3 -77 -15
-81 63 -19 5 61 27 27 -91 -81 -87
-43 -23 -26 -74 -15 8 6 -31 61 -13
88 15 -29 17 4 59 40 88 63 -2
86 20 -6 5 16 30 -91 68 -54 28
-59 -85 23 -2 -34 -55 17 9 -85 -89
-15 -13 2 62 -6 71 8 -91 -2 -1
43 -34 -35 -58 75 -76 -83 91 -45 -25
-38 31 65 74 67 -75 -48 -61 25 -5
89 99 -57 14 -40 63 -40 -13 -9 -42
-33 -42 -81 24 -12 -6 -60 85 -27 7
-92 -80 57 87 46 -53 35 -77 -98 67
-53 89 -32 -27 -66 52 -98 -82 63 -65
86 57 42 26 -5 -76 -47 -37 97 22
-49 -16 -43 -91 -67 -76 -84 -10 13 24
56 73 18 -91 -90 -39 -56 -40 47 11
-45 -35 65 -34 -35 -75 15 20 81 41
-37 -94 -17 -1 92 -25 -60 -64 -1 50
34 10 -57 69 99 69 -10 -70 70 -20
-66 29 -49 -35 -31 -37 -31 -18 -65 94
31 -61 -53 -94 81 -91 -41 86 82 35
45 -48 83 -89 -17 22 -94 -57 -64 -28
-56 58 76 -98 -35 50 -27 23 46 -25
-59 -31 -10 39 -43 64 12 -57 -71 -36
34 81 -65 -68 37 36 85 -89 82 17
-39 36 65 -94 33 -51 -42 57 47 -84
58 62 11 99 -58 -81 -10 91 45 99
-88 67 -39 -46 -77 -82 -38 76 22 0
-65 57 61 -58 14 48 63 66 -77 -70
-31 90 -73 -44 -15 85 35 13 75 41
-92 -86 72 23 -57 -68 -62 -57 -14 60
-90 68 2 -81 -29 0 -91 28 50 -74
-99 38 -71 -18 10 -87 -10 56 55 35
91 40 -57 -14 -39 81 -38 73 71 -89
-73 10 -19 72 3 87 65 17 94 -72
63 -85 29 -45 -19 -66 -92 -56 59 52
8 30 26 40 25 20 40 -47 -17 98
-20 -5 9 -57 -20 15 -19 30 96 -12
53 -43 -61 -14 91 61 -89 -79 -98 52
78 -18 61 -99 47 -6 -19 87 -91 58
-86 55 85 63 -55 36 37 -90 18 -38
62 -32 -8 34 -33 -22 -71 19 67 -90
51 12 46 -80 -74 14 4 29 98 -7
-51 -67 -35 -11 24 -45 -68 41 -48 44
-19 -98 -37 -96 -63 46 -47 23 32 33
-73 -10 14 83 -56 44 -31 -8 -31 36
88 82 -53 -76 -69 79 -36 -14 91 29
46 -18 1 -92 43 39 -46 70 -92 52
-26 -94 29 -87 -74 91 17 71 -37 -60
-34 -44 40 76 53 -34 85 -17 16 98
-7 -54 -52 -1 7 -5 -26 -18 -96 48
13 1 14 -42 97 55 -7 0 -37 97
61 -78 -82 -86 75 -22 -57 -37 98 31
42 63 1 65 54 90 79 40 -47 -97
20 -60 -5 -40 17 67 -58 -76 -68 42
-34 -74 -72 -52 -38 72 -57 76 -16 -27
-23 -45 9 57 76 51 18 37 31 91
-22 84 -33 4 46 -48 24 29 -55 1
92 83 67 36 -18 69 -57 50 -13 -35
63 -6 21 -17 12 -17 94 -14 75 68
2 -76 -31 -97 87 -2 35 -23 -2 21
89 42 -91 93 -88 -46 -63 -60 77 14
-94 -45 76 -35 -4 -70 -37 90 85 68
-25 68 4 26 -74 -36 61 18 -69 33
79 -37 -49 -95 -49 63 -71 -72 -87 28
-12 95 -20 67 16 30 -42 -62 62 13
81 33 -75 -6 98 -60 -55 -57 -44 -66
-91 46 -40 -67 4 21 -58 20 -98 -33
50 17 7 -3 -33 86 12 82 79 -62
29 -49 -80 18 -45 -73 73 21 2 -7
-55 -28 -53 86 -82 -34 -22 66 -70 56
68 -23 19 23 12 -36 51 -52 -43 63
70 52 -11 -63 93 -93 93 -22 -75 -29
-80 69 51 37 8 -80 -75 5 81 36
55 69 67 -8 -7 20 94 -31 -5 -44
20 25 98 49 87 -85 75 40 -31 -83
44 5 -95 1 90 29 59 -89 70 -26
53 31 98 -50 -90 78 -62 -27 50 -56
27 86 -96 -66 46 37 32 -79 -89 41
-66 -39 59 -45 -55 50 42 46 75 -6
83 -75 -88 37 31 12 22 -57 -11 -83
-69 -35 -33 71 -97 58 -80 61 9 12
-79 -79 -26 47 59 -27 0 -53 75 11
-53 37 -74 -42 99 68 56 -75 -34 43
19 99 10 88 86 -2 25 51 31 -30
75 48 44 -88 99 39 24 -94 -25 58
31 -51 30 -76 -5 -61 -64 -36 66 -17
44 -74 16 46 -59 -42 63 -55 -57 -40
74 -84 7 -32 47 24 58 97 -47 15
66 41 -21 2 84 37 -64 34 -89 -29
45 -96 45 33 71 21 0 -2 33 71
