87 -70 -81 -78 35 -72 -99 14 12 84
3 26 -96 -88 -26 -49 -16 -3 87 -88
57 -83 -48 88 87 -12 10 -15 19 -71
-46 51 -52 34 -26 74 -78 18 22 -50
-11 -52 5 -82 33 -21 5 -51 45 -60
-3 74 -12 62 91 -42 -98 24 -13 92
-73 -55 -26 -64 -28 58 -88 40 -28 -46
6 -55 -47 9 -52 -54 12 -80 73 -74
-1 90 42 87 43 66 90 -13 -29 15
75 -55 44 -87 59 88 14 66 80 64
-43 45 0 -12 79 -25 4 53 55 65
80 35 -24 23 -1 -29 17 -38 -62 -63
-52 37 -21 5 38 79 -53 76 45 -68
-31 76 -30 -74 -66 -3 -39 11 90 -9
-67 30 -20 -37 -95 -71 -70 85 -75 3
0 95 -73 -37 -86 -76 -22 69 11 -67
-1 40 -40 86 -42 44 64 22 18 2
-82 -88 32 -19 83 23 37 -21 2 78
2 28 3 92 57 -85 -58 -43 75 -81
54 69 49 93 -80 -58 87 -53 53 79
-3 77 -81 -79 90 -55 -43 74 -39 40
-54 -16 92 -13 -54 -47 54 13 79 -59
88 -87 71 56 5 0 -71 31 11 -78
-33 -64 81 -20 -95 52 71 39 23 -44
3 -1 -45 5 31 35 26 94 -6 79
89 -95 57 90 76 98 -5 -89 -75 24
64 11 -32 85 -36 26 -44 60 75 -23
32 0 -46 -53 32 -11 -72 -94 26 55
-9 70 29 -17 -9 -85 26 -87 13 29
-45 54 -7 53 81 -54 28 51 82 6
-34 -92 88 50 -16 -40 -74 77 -85 20
53 16 -77 -23 -3 -46 -40 -56 -44 -4
58 24 76 -21 66 -65 0 73 -35 93
85 -28 -94 -10 -39 -55 75 35 33 16
-60 19 24 56 12 62 61 -36 39 -85
-89 41 -72 -41 -31 -33 63 73 -12 9
23 44 -41 -92 -34 -82 25 70 -13 51
-60 -46 -42 38 -87 -96 -90 -69 -55 -85
-31 26 15 -73 -68 40 -11 6 -61 75
-27 81 37 60 -76 86 -91 -93 -14 31
93 62 -60 12 -43 -27 71 -43 -75 29
-78 49 -92 41 -12 -36 17 14 -22 -79
-87 34 -57 -83 -64 -1 -23 -71 -13 -25
48 5 55 -63 -77 74 -52 69 9 19
98 55 -80 90 -67 -91 -70 83 -21 -87
-58 -39 -37 -44 -58 -45 -81 -60 -34 34
54 -9 -39 -63 65 25 94 1 -85 50
10 80 31 -46 25 -58 24 -91 -3 53
-22 -63 -66 -68 47 31 -76 -82 -40 -36
-41 58 -88 19 60 4 75 -56 -78 -52
-71 -98 -54 -19 -98 -85 -54 61 -72 -75
-42 -32 39 38 -58 98 -94 -35 41 90
-28 -91 -59 31 37 2 -40 -96 46 74
-6 -12 -37 2 75 -24 -53 66 27 86
-62 -19 21 7 -62 87 -39 -68 -96 -57
99 -20 83 -60 -93 -13 30 95 -59 59
76 -39 -69 28 97 41 -79 52 -98 -69
-69 81 -5 -30 -18 41 51 -39 -28 76
-81 0 -33 56 99 15 -45 -57 7 30
57 32 96 0 37 15 -41 -41 67 26
92 -46 -50 -41 62 -19 -77 -39 19 -13
62 -52 39 22 -96 -8 -46 -8 -26 29
74 39 42 72 -89 14 71 65 40 -36
40 6 -50 88 -18 32 76 -46 0 -49
-2 69 -1 23 -14 -9 55 -48 -71 -1
-72 -32 -16 97 -84 -35 61 44 27 89
93 -61 39 -53 -89 -12 -98 -1 -43 -8
-99 -49 -26 12 34 -48 35 39 -32 70
-91 22 19 62 29 88 -7 -29 76 37
5 -87 -71 67 -32 76 -24 37 28 98
15 -8 10 54 17 31 -18 -29 -19 -39
-38 33 -71 -9 -11 -88 -21 -19 -44 -11
16 63 -26 13 1 37 27 24 88 92
26 -72 -37 -84 -73 -17 -79 9 58 57
-21 -75 -66 59 57 -3 42 4 -82 -27
48 17 19 -6 -67 18 -26 74 -66 30
-15 -95 60 -33 -65 69 -25 -1 84 -88
0 -24 66 -95 -85 -57 91 96 71 0
70 32 -48 23 -69 -1 27 -83 86 -78
-2 -16 -51 -37 99 -50 71 71 67 -4
-86 20 11 -90 -51 -80 -63 68 -71 47
36 -24 -3 9 55 1 18 27 59 -67
52 -96 25 91 -87 77 98 11 -81 -73
-73 -4 -84 70 -57 67 38 84 -30 27
71 49 -55 88 39 93 -1 67 -69 30
97 -70 53 66 87 98 -66 42 97 44
22 -44 -9 -41 -84 -19 -30 -21 69 18
-50 -45 71 -5 -85 15 -97 -56 86 20
54 -36 -48 86 92 15 12 80 -33 99
-27 -86 43 31 24 -64 -63 12 -35 -50
62 73 -36 -37 95 7 -96 33 -98 -95
9 84 25 92 -47 -26 -38 1 -53 51
-97 -7 23 24 -4 16 -55 75 91 73
82 78 72 -42 74 41 -58 72 -97 -77
0 30 -42 23 -56 35 -85 -13 14 -21
-95 79 27 -75 72 -41 64 -94 70 61
-54 -27 74 -56 -27 64 10 93 -64 55
60 84 -86 89 51 -99 -52 -6 -67 -8
-59 88 15 73 -78 12 74 -33 50 -73
-80 14 69 -34 12 56 65 31 -97 -11
