-2 21 97 21 -52 21 47 21 -40 21
59 21 -90 21 9 21 -15 21 84 21
-65 21 34 21 -34 21 65 21 -84 21
15 21 -9 21 90 21 -59 21 40 21
-47 21 52 21 -97 21 2 21 -22 21
77 21 -72 21 27 21 -28 21 71 21
-78 21 21 21 -3 21 96 21 -53 21
46 21 -41 21 58 21 -91 21 8 21
-16 21 83 21 -66 21 33 21 -31 21
68 21 -81 21 18 21 -6 21 93 21
-56 21 43 21 -44 21 55 21 -94 21
5 21 -19 21 80 21 -69 21 30 21
-25 21 74 21 -75 21 24 21 0 21
99 21 -50 21 49 21 -37 21 62 21
-87 21 12 21 -12 21 87 21 -62 21
37 21 -36 21 63 21 -86 21 13 21
-11 21 88 21 -61 21 38 21 -48 21
51 21 -98 21 1 21 -23 21 76 21
-73 21 26 21 -30 21 69 21 -80 21
19 21 -5 21 94 21 -55 21 44 21
-42 21 57 21 -92 21 7 21 -17 21
82 21 -67 21 32 21 -33 21 66 21
-83 21 16 21 -8 21 91 21 -58 21
41 21 -45 21 54 21 -95 21 4 21
-20 21 79 21 -70 21 29 21 -27 21
72 21 -77 21 22 21 -2 21 97 21
-52 21 47 21 -39 21 60 21 -89 21
10 21 -14 21 85 21 -64 21 35 21
-35 21 64 21 -85 21 14 21 -10 21
89 21 -60 21 39 21 -47 21 52 21
-97 21 2 21 -22 21 77 21 -72 21
27 21 -28 21 71 21 -79 21 21 21
-3 21 96 21 -54 21 46 21 -41 21
58 21 -91 21 8 21 -16 21 83 21
-66 21 33 21 -32 21 67 21 -82 21
17 21 -7 21 92 21 -57 21 42 21
-44 21 55 21 -94 21 5 21 -19 21
80 21 -69 21 30 21 -25 21 74 21
-75 21 24 21 0 21 99 21 -50 21
49 21 -38 21 61 21 -88 21 11 21
-13 21 86 21 -63 21 36 21 -36 21
63 21 -86 21 13 21 -11 21 88 21
-61 21 38 21 -49 21 50 21 -99 21
0 21 -24 21 75 21 -74 21 25 21
-30 21 69 21 -80 21 19 21 -5 21
94 21 -55 21 44 21 -43 21 56 21
-93 21 6 21 -18 21 81 21 -68 21
31 21 -33 21 66 21 -83 21 16 21
-8 21 91 21 -58 21 41 21 -46 21
53 21 -96 21 3 21 -21 21 78 21
-71 21 28 21 -27 21 72 21 -77 21
22 21 -2 21 97 21 -52 21 47 21
-39 21 60 21 -89 21 10 21 -14 21
85 21 -64 21 35 21 -34 21 65 21
-84 21 15 21 -9 21 90 21 -59 21
40 21 -46 21 53 21 -96 21 3 21
-21 21 78 21 -71 21 28 21 -28 21
71 21 -78 21 21 21 -3 21 96 21
-53 21 46 21 -40 21 59 21 -90 21
9 21 -15 21 84 21 -65 21 34 21
-31 21 68 21 -81 21 18 21 -6 21
93 21 -56 21 43 21 -43 21 56 21
-93 21 6 21 -18 21 81 21 -68 21
31 21 -25 21 74 21 -75 21 24 21
0 21 99 21 -50 21 49 21 -37 21
62 21 -87 21 12 21 -12 21 87 21
-62 21 37 21 -36 21 63 21 -86 21
13 21 -11 21 88 21 -61 21 38 21
-48 21 51 21 -98 21 1 21 -23 21
76 21 -73 21 26 21 -29 21 70 21
-79 21 20 21 -4 21 95 21 -54 21
45 21 -42 21 57 21 -92 21 7 21
-17 21 82 21 -67 21 32 21 -32 21
67 21 -82 21 17 21 -7 21 92 21
-57 21 42 21 -45 21 54 21 -95 21
4 21 -20 21 79 21 -70 21 29 21
-26 21 73 21 -76 21 23 21 -1 21
98 21 -51 21 48 21 -39 21 60 21
-89 21 10 21 -14 21 85 21 -64 21
35 21 -35 21 64 21 -85 21 14 21
-10 21 89 21 -60 21 39 21 -48 21
51 21 -98 21 1 21 -23 21 76 21
-73 21 26 21 -29 21 70 21 -79 21
20 21 -4 21 95 21 -54 21 45 21
-42 21 57 21 -92 21 7 21 -17 21
82 21 -67 21 32 21 -32 21 67 21
-82 21 17 21 -7 21 92 21 -57 21
42 21 -45 21 54 21 -95 21 4 21
-20 21 79 21 -70 21 29 21 -26 21
73 21 -76 21 23 21 -1 21 98 21
-51 21 48 21 -39 21 60 21 -89 21
10 21 -14 21 85 21 -64 21 35 21
-37 21 62 21 -87 21 12 21 -12 21
87 21 -62 21 37 21 -49 21 50 21
-99 21 0 21 -24 21 75 21 -74 21
25 21 -31 21 68 21 -81 21 18 21
-6 21 93 21 -56 21 43 21 -43 21
56 21 -93 21 6 21 -18 21 81 21
-68 21 31 21 -34 21 65 21 -84 21
15 21 -9 21 90 21 -59 21 40 21
