83 -30 -31 -28 -72 -12 13 39 41 -94
-9 -59 7 98 44 62 -97 83 -15 50
-94 -98 -67 77 -65 24 36 80 -12 86
37 -48 -61 -25 -49 -34 -54 -20 69 9
-74 -19 72 -27 78 -1 -20 40 -41 -40
-28 -22 -43 -80 -29 29 94 85 75 72
-56 -80 4 97 -22 -77 -80 56 38 -16
74 50 -48 99 83 -57 33 80 65 86
-36 65 -51 26 98 -36 -87 -52 -22 86
-1 84 -55 -92 -49 -18 -63 77 35 78
-11 -5 47 93 -83 -76 0 -14 62 75
11 52 28 -16 -64 37 -85 -98 -55 -62
77 -12 99 -53 -87 25 -2 12 34 -12
39 -9 -96 30 -68 -6 60 77 16 77
-11 83 -62 -43 15 -68 97 -32 94 86
-85 84 -82 83 68 59 -97 39 -32 19
-48 -18 77 -15 27 2 64 -57 74 44
-42 10 -5 80 -78 -28 -22 -80 75 9
1 40 31 64 -92 -15 78 -98 -72 -71
64 48 45 19 99 43 -72 43 -88 -69
-62 -40 -61 40 -12 -48 38 83 33 71
-62 4 55 -23 -14 56 37 19 11 -44
-45 64 9 90 77 57 -64 -88 -9 78
36 85 -93 92 65 -12 -57 72 52 -85
14 -45 -16 -47 0 -41 56 16 -51 37
50 -28 53 34 -73 -6 80 -35 -95 -40
98 -13 62 -68 6 -90 95 74 -34 -56
2 -59 -99 -66 -33 -65 -69 78 -34 -54
-79 18 57 -16 95 15 30 17 99 49
54 -44 64 -48 -22 -91 -51 53 -66 96
75 -77 -23 -82 58 47 66 -50 12 -9
72 -33 74 36 0 -13 65 -5 81 49
15 -17 -78 36 -35 -25 68 87 18 -86
89 -8 -8 -20 7 -30 71 29 -95 77
-56 -81 -72 -40 -80 27 -93 -80 61 41
61 -72 -83 98 -86 -2 48 -89 -69 71
-2 -3 -61 42 -84 27 87 -89 0 78
55 37 61 28 45 -68 -38 93 -27 -27
-81 19 36 -31 79 -7 20 65 -34 52
-75 64 -15 69 81 -53 -84 -81 90 28
-55 -5 73 86 70 -48 95 -25 -13 -82
14 11 53 -60 58 55 -62 75 90 -37
-99 -90 25 87 16 -30 -78 54 83 58
-60 10 4 -1 -96 0 -14 -74 -56 67
-75 35 6 -40 1 6 -45 -63 29 -26
-96 18 -82 9 -97 -91 -93 -18 -51 81
9 -52 -80 60 -8 -90 -6 -80 -53 -67
-87 9 88 -69 -71 54 45 97 0 -62
89 38 -53 -91 -35 80 57 -80 50 -12
-28 37 -71 9 -16 35 15 80 -62 88
93 -39 79 -21 -78 65 51 70 -58 -16
49 39 -94 -64 -47 52 -36 5 -76 7
25 -55 24 16 -47 -54 37 -21 60 -95
-79 -66 13 -36 -51 58 0 41 98 23
83 -11 -66 40 38 0 65 97 22 -11
-63 64 -46 -71 -59 94 -51 71 -27 7
94 -63 -5 24 99 -41 -81 73 35 -35
6 2 92 12 -45 -21 44 28 92 16
-81 -51 -12 -28 -57 -76 -76 46 -71 11
-93 52 -59 -55 -57 -89 14 -39 39 -8
75 -30 2 -28 -98 -32 -27 -50 -28 -21
80 8 9 -95 69 92 66 -78 53 -29
46 46 -66 74 -99 -50 1 -41 -84 73
-80 -76 -5 14 19 82 -46 33 -72 -44
60 -11 78 -9 8 82 -52 -67 -46 50
31 -71 -28 -94 96 21 -29 74 -20 -25
38 -94 -54 -33 65 -27 27 52 93 -18
-59 66 34 -79 11 55 59 -35 -6 91
-18 99 88 -20 55 63 30 69 -63 25
-5 36 -93 38 3 3 -56 -47 -12 -2
55 -9 -93 -58 92 37 58 82 88 48
-27 31 -12 -46 -19 99 -37 -53 -58 -67
10 24 60 -15 82 71 -20 -96 97 -90
91 -58 57 35 25 73 99 -21 -42 25
82 42 -30 -45 -39 99 26 71 -31 44
-2 24 38 -85 -65 -53 29 -97 14 15
-60 0 -10 59 95 -21 72 -14 -91 61
-37 -54 38 58 -63 -18 10 -49 71 -67
-17 -27 -75 74 22 74 14 21 -9 80
57 -70 62 97 -88 -18 76 53 -9 -98
-77 -21 -39 69 -94 -22 -65 41 -12 20
23 73 -88 48 15 -54 92 -83 97 -39
-80 92 67 -44 -80 81 -90 66 -63 91
-21 53 41 83 -42 -34 -8 97 73 21
-70 -93 -59 44 34 55 -21 76 -77 60
-35 -86 -82 76 -35 -42 40 31 32 43
80 52 79 -51 -56 61 91 -86 -25 86
30 -69 84 -44 77 57 48 31 -13 -72
26 41 -33 99 63 35 85 -54 -64 18
15 -17 47 60 56 56 -67 80 19 -44
-44 89 -73 0 -40 -77 87 -45 -54 80
-53 82 -53 -76 11 57 -51 0 -71 43
-18 64 -83 -42 -99 54 57 -71 -53 -65
-9 -97 -16 65 -54 12 -12 19 -62 50
38 -47 -48 11 79 66 -84 -94 15 52
37 4 82 -49 -46 -24 4 38 70 24
96 73 82 -91 98 -65 -93 73 24 0
-95 95 29 66 -94 -74 48 61 62 16
-49 2 45 -85 70 61 35 -45 -40 -28
-54 5 -23 23 91 -41 19 -86 -75 76
