39 37 45 46 10 15 26 56 30 4 50 29 5 42 53 35 20 61 43 0 31 69 40 27 32 22 38 33 2 13 52 63 1 24 68 66 3 49 47 16 19 58 21 6 25 55 44 60 36 57 51 64 28 14 8 59 48 11 67 41 12 9 7 65 34 54 62 17 23 18
40 13 41 34 16 3 9 37 67 11 51 44 25 30 52 20 59 47 0 58 46 45 8 12 5 39 56 28 22 7 62 61 57 68 26 31 17 33 21 24 53 29 6 63 38 36 23 27 4 66 69 1 35 50 48 43 18 19 42 32 10 54 14 64 65 60 55 2 49 15
68 52 41 24 34 5 59 37 67 54 31 14 35 32 11 15 38 60 49 61 13 55 62 19 17 39 47 48 20 51 29 16 12 21 45 66 46 57 27 30 64 0 23 69 18 42 43 33 4 22 28 9 25 8 6 50 63 56 44 53 58 65 10 3 26 2 40 1 7 36
22 66 26 24 69 60 44 49 34 5 10 68 2 19 45 28 4 0 50 57 64 36 9 3 40 53 67 30 7 16 33 23 21 8 46 54 38 32 51 1 56 18 63 61 55 13 48 43 12 25 20 59 14 27 37 29 11 31 39 47 41 65 17 58 15 6 52 42 62 35
61 59 49 6 37 48 29 69 25 9 15 4 10 39 11 42 44 40 36 16 52 19 55 57 26 8 62 46 24 5 53 2 38 23 3 65 63 17 7 34 66 68 67 64 35 32 31 45 18 1 27 50 12 20 33 51 14 43 60 22 58 0 28 54 56 30 47 21 13 41
52 48 4 7 25 59 30 43 34 65 1 8 50 12 64 28 40 49 41 45 5 31 58 16 55 6 37 13 62 67 47 42 17 53 33 61 69 10 54 24 60 38 9 15 66 39 19 32 20 57 36 26 11 14 18 35 21 44 22 3 29 0 51 27 68 63 23 46 2 56
48 13 54 43 38 30 63 47 56 36 53 7 69 68 62 39 66 1 18 6 31 44 67 23 17 8 27 64 32 20 12 34 41 22 50 57 26 15 49 33 9 40 59 37 46 25 60 52 55 14 3 51 11 42 28 10 16 29 24 0 61 45 19 65 2 4 21 5 58 35
18 22 3 53 32 58 16 24 59 26 27 38 20 63 68 36 44 45 51 6 46 2 65 55 40 30 41 9 28 5 21 57 61 25 23 52 69 29 50 34 54 62 19 39 15 37 4 17 0 42 8 43 7 10 35 60 31 1 49 33 47 11 66 64 48 13 14 56 67 12
54 16 60 17 28 50 43 4 19 41 20 3 27 29 5 55 44 65 48 40 38 14 18 8 46 47 30 67 26 63 32 31 23 1 25 15 34 33 39 51 22 10 61 0 6 56 58 52 2 62 53 66 68 42 36 45 49 35 12 7 64 9 24 57 13 59 11 21 37 69
0 36 44 38 3 4 57 54 29 67 69 31 18 62 48 43 45 12 19 20 47 35 16 17 63 22 8 6 27 40 33 51 55 60 24 32 37 66 41 68 58 52 2 1 34 46 39 11 23 61 10 42 59 56 26 25 7 15 5 21 28 30 13 53 9 49 50 64 14 65
64 45 67 17 31 41 4 37 20 11 46 18 66 49 23 32 60 63 21 42 57 52 22 10 8 28 5 50 24 12 40 1 44 39 33 36 47 2 9 35 30 16 58 14 6 43 38 61 51 54 15 26 59 7 62 53 0 55 69 25 34 13 3 68 56 65 19 48 27 29
28 62 43 39 32 61 30 59 13 37 52 64 9 12 48 15 21 35 23 19 31 8 4 18 51 33 17 65 2 60 22 27 36 1 46 10 42 67 5 6 40 38 14 66 16 41 63 69 24 55 56 58 0 47 54 3 53 34 45 29 68 20 49 7 25 26 11 44 57 50
5 62 35 33 16 43 50 2 36 68 19 64 52 23 15 53 61 14 34 66 42 65 46 18 21 3 49 24 45 38 9 30 28 44 20 29 67 47 13 22 31 54 6 17 51 41 60 69 55 39 1 57 56 10 48 12 7 32 4 37 11 0 26 8 27 59 25 63 40 58
28 40 36 45 6 63 59 47 56 61 43 22 50 44 14 55 24 48 13 52 57 32 49 35 60 34 2 58 25 8 5 69 10 4 29 41 51 3 26 66 23 46 53 62 65 17 19 9 39 30 37 27 7 0 21 15 64 12 67 54 16 1 42 33 11 18 20 68 38 31
1 8 19 11 49 38 25 30 39 68 14 6 51 55 2 26 12 9 47 22 56 41 40 63 7 24 0 61 50 34 23 65 3 10 43 21 36 28 4 45 17 44 18 37 5 35 20 13 52 58 29 32 42 48 27 62 60 31 69 54 16 33 46 15 59 66 53 67 64 57
19 51 38 40 23 9 48 27 12 16 0 26 5 45 46 47 2 43 37 50 6 34 7 56 65 54 58 10 60 49 28 15 25 68 62 4 1 21 3 59 14 29 35 24 33 55 42 30 44 20 63 13 17 52 41 11 57 69 39 8 61 66 67 53 64 22 32 36 18 31
56 12 58 25 10 17 1 65 0 32 24 31 46 60 6 62 30 52 18 69 51 49 37 3 44 64 33 57 16 21 40 15 55 43 26 54 36 22 63 11 45 5 53 66 47 19 8 2 23 50 9 61 7 29 67 42 68 41 39 38 4 27 59 35 48 14 34 28 20 13
52 10 53 42 59 45 11 64 35 67 32 5 33 37 43 54 44 23 62 18 30 40 19 12 48 51 56 58 57 66 16 50 69 31 34 38 49 25 7 4 22 3 21 15 55 0 28 46 68 29 9 27 65 47 20 39 41 2 17 63 26 24 14 6 61 8 36 13 1 60
35 56 31 51 32 14 21 39 8 23 6 40 5 65 47 11 67 60 29 13 43 38 44 34 68 66 33 46 12 41 64 7 36 19 2 25 58 4 24 18 52 42 22 54 9 69 27 10 17 45 16 28 49 62 26 37 20 0 30 61 15 1 59 48 53 50 63 55 3 57
58 22 12 44 61 27 14 21 39 3 54 53 66 57 37 42 56 46 17 38 51 1 52 18 20 24 65 47 67 29 36 34 23 13 15 49 4 59 62 0 31 7 32 35 40 9 16 48 6 50 69 41 63 55 43 68 28 45 2 64 30 8 19 10 33 26 5 25 60 11
25 44 46 20 16 53 49 66 42 60 57 58 51 37 48 41 65 14 62 45 36 38 19 0 69 29 5 34 4 54 13 68 67 15 56 27 30 9 63 52 22 24 55 1 28 50 35 64 12 39 23 40 11 47 43 3 18 26 8 6 17 21 59 7 61 10 33 31 2 32
67 49 45 30 40 51 68 31 57 27 60 29 5 66 58 1 15 50 17 25 2 8 64 4 10 36 52 22 18 7 9 48 53 33 42 69 38 54 61 43 14 0 59 23 26 65 32 16 44 34 37 35 13 47 6 55 56 46 3 21 63 62 28 20 39 19 41 24 11 12
57 6 58 15 38 47 69 33 39 40 10 9 26 49 54 44 21 12 2 23 53 31 55 68 48 16 0 59 60 27 52 32 36 66 22 18 37 29 45 62 51 1 5 63 34 61 20 17 46 50 43 41 7 14 4 11 56 8 42 3 19 30 28 13 65 35 67 24 64 25
15 17 62 31 48 11 24 58 64 18 25 51 67 43 68 37 59 69 66 52 60 6 14 30 38 49 47 63 12 27 65 32 35 36 57 5 16 40 45 55 26 61 21 41 1 28 3 34 10 23 2 46 42 53 39 29 8 22 0 4 20 54 19 7 50 9 56 33 44 13
1 18 33 37 66 17 45 14 5 22 67 49 16 59 31 42 13 62 12 48 46 3 30 23 51 0 4 34 38 24 26 47 52 53 32 69 55 41 61 65 19 27 9 25 20 7 8 43 11 56 15 40 44 6 2 36 10 68 60 29 57 28 64 39 35 21 54 50 58 63
35 42 1 8 59 17 29 28 14 41 44 10 11 13 48 55 67 60 36 57 16 2 27 52 24 54 9 49 38 51 53 68 58 34 20 25 26 0 63 40 7 50 31 33 5 23 62 45 37 21 6 47 12 43 3 64 65 61 4 22 18 56 39 69 30 32 19 46 66 15
21 48 37 46 52 38 44 8 24 47 68 65 69 17 67 45 30 16 28 57 63 53 11 55 3 12 56 32 54 41 5 51 18 66 59 62 25 36 49 39 23 43 31 14 29 42 34 50 61 10 1 4 35 26 0 2 60 33 9 27 13 19 22 58 40 6 7 64 15 20
27 55 67 24 60 21 52 12 18 44 37 1 9 62 29 22 28 32 39 25 61 51 49 65 13 3 68 59 11 8 66 56 14 33 20 38 0 42 10 34 41 6 23 15 46 30 19 69 4 53 50 31 47 57 2 58 45 36 63 16 7 26 64 17 5 43 48 40 35 54
62 4 28 9 48 5 55 68 0 44 31 69 36 46 2 10 8 50 15 67 22 17 1 66 42 38 37 53 65 29 52 16 25 3 35 14 51 61 59 63 41 32 34 60 18 21 49 40 47 26 11 54 56 7 24 45 33 12 27 43 57 58 64 19 39 23 30 20 6 13
10 31 46 40 30 12 1 22 44 6 37 51 24 26 62 8 58 2 7 29 15 18 13 50 21 23 25 20 28 61 59 66 68 9 17 19 27 5 65 42 67 57 36 49 64 52 4 39 38 34 60 63 14 69 16 33 55 35 54 0 41 53 32 43 47 3 48 11 45 56
64 43 47 11 66 53 55 57 58 67 40 13 63 46 59 31 29 7 37 5 54 22 20 1 50 56 19 17 61 26 2 4 21 25 36 49 68 33 42 30 0 51 6 27 34 12 14 41 60 44 39 15 38 65 28 62 35 16 45 32 69 52 48 23 9 24 8 18 3 10
6 5 41 61 26 33 52 59 8 45 31 7 50 24 17 54 63 25 55 4 13 0 69 37 43 68 27 62 18 47 53 34 58 56 42 29 46 23 19 36 32 65 9 10 44 38 12 3 48 11 35 39 21 40 67 1 22 15 51 66 60 14 2 30 28 57 49 64 16 20
10 24 40 56 57 1 11 25 9 66 69 29 0 62 53 8 13 55 17 54 32 60 22 46 42 52 19 37 65 59 31 7 12 35 14 44 58 47 18 26 2 23 4 30 39 6 36 63 67 5 34 3 43 41 68 51 49 45 28 15 50 33 38 21 27 20 16 48 64 61
50 18 2 62 64 44 53 60 25 9 11 19 23 52 10 54 17 45 58 65 66 68 12 33 26 47 6 15 4 39 38 30 61 57 59 29 69 7 37 55 43 32 67 16 22 49 28 63 3 51 35 8 24 13 5 20 31 46 14 40 56 1 41 27 34 21 48 42 0 36
25 15 69 45 30 55 61 66 47 17 46 51 6 33 29 26 43 3 27 24 41 39 12 32 62 65 28 49 42 0 21 60 67 14 48 38 34 7 57 56 19 2 36 53 31 8 13 4 59 20 68 63 9 64 5 54 44 52 22 10 16 40 1 23 58 37 18 11 35 50
48 66 28 8 25 56 63 51 67 7 26 22 50 21 47 4 40 43 45 44 65 41 20 33 11 35 15 18 62 1 49 58 29 42 27 59 32 13 36 39 2 19 69 34 55 10 0 38 64 46 60 57 24 5 17 37 9 53 54 16 30 52 68 6 31 61 12 23 3 14
52 10 33 37 44 28 48 30 23 63 41 51 14 4 64 53 69 58 25 17 34 24 13 45 19 43 29 9 15 6 59 7 38 61 21 31 32 46 68 1 3 20 66 56 60 62 67 57 16 42 5 35 26 55 27 49 40 22 50 54 11 8 36 2 0 39 47 18 65 12
1 51 30 16 63 61 60 55 56 69 28 19 42 54 12 40 29 67 45 37 44 2 27 33 0 64 68 47 49 8 58 24 3 39 53 35 26 46 36 65 17 11 38 41 34 25 7 15 13 10 22 32 59 48 57 14 21 6 43 50 5 18 4 52 62 20 66 9 23 31
41 26 19 15 48 53 17 67 62 21 20 14 43 23 30 18 64 33 7 10 29 11 44 35 49 5 0 12 57 36 61 32 6 51 50 60 68 28 40 38 54 13 63 65 69 27 24 52 8 46 25 59 66 45 22 58 37 39 31 4 9 16 34 42 1 47 3 56 55 2
24 2 19 9 57 53 46 64 52 26 66 55 43 45 44 22 38 63 8 32 50 4 27 60 20 61 11 7 39 37 29 16 0 42 18 31 34 33 54 15 17 40 49 6 10 3 48 65 68 58 36 35 12 47 23 56 41 13 5 14 1 30 67 51 59 28 62 21 69 25
37 30 31 35 11 66 67 33 57 60 54 38 61 3 41 40 48 9 4 18 63 22 43 2 46 1 55 25 16 50 17 29 19 0 12 27 51 15 45 65 26 10 39 13 47 42 36 64 69 44 52 58 14 53 21 6 24 8 68 62 49 28 56 7 5 34 20 23 32 59
48 59 45 42 46 35 21 23 28 12 52 27 18 43 41 29 50 60 19 1 67 30 10 34 25 51 36 61 3 68 56 65 15 37 62 40 44 24 7 53 49 8 33 13 6 64 58 4 69 66 2 11 22 26 55 14 39 17 16 32 54 57 31 20 9 0 38 47 63 5
58 26 24 53 48 66 14 5 33 52 55 67 25 47 46 2 63 57 12 69 31 7 45 9 34 59 28 35 60 41 62 50 65 13 27 30 29 68 16 0 39 37 54 56 3 11 1 20 44 18 38 15 64 42 17 4 40 51 23 49 6 21 22 8 32 43 10 36 19 61
0 47 39 63 15 2 27 26 22 35 28 45 34 37 69 55 65 24 46 31 60 6 13 3 36 44 20 57 25 1 16 11 56 61 66 50 10 54 48 17 18 9 64 68 19 32 33 43 5 49 42 41 38 23 52 8 21 4 7 62 30 51 29 67 12 59 14 40 58 53
15 54 11 34 50 66 1 51 31 23 32 67 28 20 5 18 61 12 13 56 38 0 27 37 29 47 19 48 44 68 16 43 60 4 14 9 25 62 63 49 3 17 45 46 36 58 22 35 64 52 8 55 69 40 65 6 26 41 59 24 7 57 42 21 10 30 33 2 39 53
47 26 39 45 38 17 68 11 43 8 10 34 36 0 53 50 16 7 19 15 24 18 2 69 59 60 25 21 58 41 1 13 46 57 64 37 27 56 29 5 40 23 63 4 61 35 22 28 42 3 52 62 55 6 44 67 14 65 12 31 66 51 49 54 9 32 48 33 30 20
31 13 55 45 2 56 40 34 21 64 33 10 32 67 12 49 42 26 63 37 30 3 38 19 65 66 53 50 44 35 54 8 6 15 17 27 47 25 28 24 29 9 0 61 43 68 52 23 18 69 57 39 20 59 58 5 7 51 1 22 14 60 11 48 62 41 4 46 16 36
50 56 58 41 10 14 45 40 49 64 8 6 24 59 7 53 60 37 26 13 66 36 18 51 19 12 61 48 38 23 54 21 31 15 27 47 57 44 2 0 9 30 11 68 35 17 62 34 42 22 39 1 69 20 5 32 43 3 65 67 25 52 33 63 4 28 46 16 29 55
36 11 28 48 55 53 64 18 31 7 57 23 32 1 60 38 68 37 33 24 46 58 10 49 20 12 52 21 27 22 62 69 5 13 9 43 8 35 51 4 59 15 16 42 61 3 44 2 25 45 39 14 41 65 40 56 6 50 67 26 34 54 47 29 30 66 19 17 0 63
38 28 50 11 25 44 36 59 31 41 55 32 53 35 12 57 13 42 37 27 18 10 39 56 48 60 30 58 1 64 52 24 62 5 43 17 23 63 40 22 21 29 2 49 4 26 47 51 20 16 15 67 69 14 8 61 9 66 33 34 7 0 46 45 68 65 3 54 19 6
23 57 21 2 58 1 56 25 48 8 54 31 13 64 17 46 66 22 33 24 32 39 41 38 37 36 3 12 0 19 28 60 20 53 50 44 10 65 14 34 16 69 11 45 51 35 61 52 55 26 40 7 68 43 47 62 30 5 63 42 4 67 18 49 9 15 59 27 29 6
60 58 26 38 9 28 35 59 32 55 21 15 39 65 0 4 43 45 46 50 6 31 5 29 67 24 48 16 13 30 27 56 12 40 64 7 49 51 14 23 42 3 20 22 63 11 10 44 53 66 18 69 2 41 37 25 52 1 17 61 19 34 57 47 54 8 36 68 62 33
7 28 1 10 4 6 16 47 32 63 33 43 59 29 2 30 36 34 46 67 0 53 27 40 54 48 57 55 62 11 56 65 19 21 39 69 41 60 24 61 68 9 15 64 52 44 20 42 58 26 49 66 45 14 5 50 17 25 12 8 23 13 51 37 22 35 31 3 18 38
44 69 63 57 24 21 37 28 50 22 5 8 15 45 14 9 29 49 48 31 52 42 61 55 43 40 67 3 68 2 33 11 46 58 17 41 59 62 64 12 39 54 26 32 7 34 20 6 1 38 4 16 25 18 19 66 36 35 65 60 27 53 47 51 30 0 10 23 56 13
26 65 23 3 36 7 12 18 46 54 60 63 56 57 39 28 45 61 9 55 59 8 48 21 58 40 32 14 38 5 25 62 51 17 13 52 24 16 67 10 50 34 49 42 64 30 27 66 2 15 20 11 47 35 4 22 69 31 33 19 53 1 44 43 6 68 41 37 29 0
28 45 8 46 65 15 40 37 62 44 12 11 6 54 2 1 64 53 58 7 26 38 4 17 18 31 0 10 23 13 32 16 56 67 55 43 59 22 25 27 47 60 66 35 41 61 3 57 30 68 63 9 34 20 29 52 49 39 24 21 69 48 50 19 14 36 42 33 5 51
60 51 17 36 57 50 1 68 66 28 16 67 15 43 10 22 25 54 3 27 2 65 8 6 34 61 69 58 31 47 30 37 53 41 26 42 32 21 18 38 48 55 14 29 23 40 20 33 64 56 24 52 7 12 39 63 4 0 11 35 59 49 13 45 44 9 19 62 5 46
33 38 57 12 25 27 69 43 53 47 18 68 28 56 42 51 15 17 11 66 64 19 48 2 7 50 8 46 65 55 14 58 61 22 67 26 6 10 5 37 16 24 49 23 29 62 30 36 31 20 32 9 4 13 40 63 59 39 0 60 35 3 54 52 21 45 41 44 34 1
39 3 27 67 9 11 54 14 38 18 23 46 66 43 5 16 62 36 61 26 0 56 20 34 29 6 30 42 44 4 47 17 13 32 49 25 37 40 50 68 15 19 58 57 64 59 1 69 21 8 31 45 2 7 41 24 12 51 53 10 65 22 55 33 60 48 35 28 52 63
58 53 21 69 9 40 0 50 57 12 17 16 35 6 18 29 49 54 60 45 19 63 15 25 11 67 1 31 61 2 38 47 28 27 48 14 66 51 13 41 7 3 26 22 30 44 39 20 10 4 52 62 59 56 36 65 23 46 33 32 37 24 43 34 5 8 55 64 42 68
7 20 6 19 45 33 68 61 28 24 53 56 65 54 8 30 50 47 18 32 63 11 35 0 5 29 58 15 17 37 13 48 9 59 51 69 66 2 42 10 22 27 38 14 12 25 36 49 16 23 57 4 67 31 55 34 1 44 39 26 60 64 62 40 46 21 41 52 43 3
35 28 11 36 0 33 32 39 34 43 2 63 13 16 18 45 55 65 17 6 42 21 5 20 7 23 51 62 56 24 44 60 30 54 40 15 66 53 31 3 29 37 49 48 25 9 68 67 50 10 8 41 12 64 69 1 52 46 19 57 38 14 22 26 27 47 4 58 61 59
68 41 59 28 27 11 1 35 62 44 13 8 65 56 10 26 16 19 51 20 69 37 43 67 2 4 58 14 33 63 6 15 34 5 49 24 17 31 39 55 12 54 9 60 7 3 64 23 36 47 52 48 66 25 29 40 42 46 0 38 22 57 32 18 61 21 53 30 45 50
61 64 54 63 15 49 60 48 9 57 32 20 37 67 66 12 39 8 44 13 10 11 68 55 26 52 27 18 62 5 56 7 41 14 23 40 0 21 19 51 4 47 22 24 33 28 38 25 3 50 69 35 30 46 17 6 34 59 43 58 65 36 1 31 42 53 16 45 29 2
38 26 60 12 52 62 10 23 0 27 63 61 41 68 42 30 28 16 50 47 53 2 34 18 13 9 49 25 45 48 19 8 24 43 54 15 39 33 64 55 22 20 31 5 17 36 7 1 56 44 46 65 32 59 37 67 57 35 29 3 66 14 58 21 4 11 51 6 40 69
22 9 21 55 68 37 40 54 35 46 16 5 45 15 12 57 28 10 19 23 39 4 60 6 36 30 29 24 50 52 51 13 43 18 48 8 63 17 25 42 7 3 44 38 14 69 61 41 26 20 0 49 1 11 66 33 31 2 59 27 58 47 67 53 65 32 64 34 56 62
66 39 68 22 21 56 63 23 38 58 1 4 37 52 36 17 46 41 6 8 29 49 30 13 3 25 40 62 47 54 67 64 26 20 65 69 51 16 59 42 24 10 35 19 61 32 57 9 33 18 12 43 14 48 53 0 31 50 2 45 7 34 5 27 28 15 11 55 60 44
62 25 53 0 39 66 33 21 23 3 58 26 49 34 9 11 27 46 30 20 55 61 18 5 22 45 42 17 47 31 57 40 63 10 43 56 12 8 35 29 38 67 64 65 19 6 59 24 7 4 32 15 69 16 68 2 50 28 13 60 41 37 44 48 51 1 54 14 36 52
27 61 33 44 25 39 38 3 45 68 16 29 6 55 36 64 28 53 62 43 31 58 23 4 19 18 34 40 8 52 32 51 5 49 26 69 2 35 1 54 0 14 17 59 24 46 12 37 7 57 47 11 66 56 30 65 22 42 20 13 63 60 21 10 67 50 15 41 9 48
65 36 26 28 24 19 59 13 68 16 3 60 56 20 69 22 31 29 42 44 62 12 10 33 18 4 61 63 8 48 5 41 35 53 9 15 45 6 21 47 50 43 58 27 57 37 34 14 17 1 2 0 23 32 11 40 49 30 66 46 25 51 54 7 55 64 52 38 39 67
29 46 15 37 49 61 30 27 28 57 43 13 44 1 54 67 52 34 24 6 12 2 69 65 33 25 63 14 21 3 23 56 42 51 10 58 26 45 4 0 32 53 9 16 39 7 68 17 55 18 5 62 38 11 36 47 64 35 22 66 8 19 60 59 20 31 40 50 41 48
39 13 66 32 30 3 8 45 51 11 17 24 63 58 47 60 0 18 62 7 20 59 44 9 1 27 53 31 43 6 42 64 49 46 54 14 12 61 37 65 16 4 21 29 22 68 50 67 5 41 56 34 57 52 55 10 36 19 23 2 28 69 33 25 35 26 38 48 15 40
67 10 32 57 51 15 69 61 24 25 23 2 30 7 17 11 33 12 54 42 47 22 8 16 28 66 41 40 0 5 62 31 56 18 4 65 60 45 3 21 14 38 53 44 68 34 9 55 29 59 58 50 46 36 19 26 52 48 1 39 43 27 13 20 37 6 64 35 63 49
62 18 6 44 45 66 42 20 68 10 57 29 52 63 40 2 31 27 38 22 9 47 56 28 8 39 12 4 17 1 0 55 25 13 3 69 41 14 50 33 65 48 24 51 15 54 60 35 49 16 34 21 43 11 5 67 30 59 37 58 23 61 32 36 7 64 53 26 19 46
14 56 8 58 31 4 2 67 65 44 11 26 20 51 53 41 19 38 49 13 33 55 10 21 48 37 59 45 23 22 47 63 24 52 43 61 68 25 0 46 32 1 12 27 60 29 28 54 36 18 34 15 64 50 40 30 39 66 6 7 69 5 3 9 42 35 62 57 17 16
34 67 6 57 52 50 5 13 66 22 41 49 19 25 14 60 23 45 29 61 58 47 31 68 9 39 27 3 55 33 65 2 21 16 20 0 62 10 38 35 46 7 26 15 43 51 56 36 44 30 42 48 18 8 54 17 28 69 53 59 1 63 11 37 64 12 4 40 24 32
26 45 57 5 51 10 31 36 24 65 41 1 66 64 6 14 38 0 23 44 62 34 32 18 3 47 15 11 33 48 20 43 68 69 56 37 21 27 52 35 19 40 59 60 2 17 22 12 7 29 55 16 58 25 49 63 50 30 39 4 9 67 61 46 28 8 53 42 54 13
3 27 19 40 47 5 41 25 35 51 48 58 2 10 65 31 36 26 67 62 60 46 22 38 28 30 7 45 24 49 12 43 0 32 33 68 52 8 57 37 64 13 53 21 42 66 63 50 15 61 1 23 9 56 20 6 55 39 34 29 11 54 44 4 14 59 16 18 17 69
30 33 6 66 58 14 41 3 62 20 38 29 15 49 19 10 13 27 31 64 18 61 22 60 4 47 2 54 37 51 52 56 53 35 57 21 26 17 46 25 36 1 42 55 48 24 28 68 32 7 34 40 65 11 67 16 5 9 0 8 39 12 63 50 69 23 43 44 45 59
51 53 33 21 41 35 40 4 43 32 22 2 24 34 10 5 1 23 45 7 6 46 38 26 54 39 28 57 20 48 42 50 64 47 29 31 25 56 68 66 61 27 13 55 8 65 44 67 16 52 12 15 17 30 59 49 18 60 58 14 63 3 36 69 62 37 19 0 11 9
44 39 42 33 2 6 32 21 61 11 51 58 62 50 34 67 9 26 10 48 24 19 65 52 66 7 12 20 49 29 23 40 46 69 68 53 43 17 28 15 47 63 1 4 54 5 41 36 16 14 57 56 37 59 60 22 25 18 38 3 55 27 30 45 13 8 0 64 31 35
21 68 1 23 5 18 14 6 13 9 16 43 55 0 57 69 49 48 24 35 54 29 11 15 58 53 28 10 36 27 37 31 45 61 67 39 66 64 47 60 38 12 32 40 19 25 4 7 52 20 8 33 41 3 63 26 17 42 59 46 34 22 51 2 62 56 44 30 65 50
10 67 42 3 47 9 45 55 58 22 49 0 56 37 38 21 46 69 68 35 53 31 18 29 33 7 4 52 40 32 63 14 43 20 28 19 39 25 15 6 2 27 60 11 41 24 57 34 36 26 5 66 65 16 13 12 62 30 61 51 59 54 1 50 64 44 23 48 8 17
60 65 23 32 10 63 49 54 51 46 20 68 41 57 9 0 36 13 52 50 8 66 29 40 14 12 39 69 7 30 26 27 28 42 17 48 38 35 59 15 58 4 64 18 25 56 1 31 24 37 55 34 53 5 45 67 44 33 6 22 61 3 43 19 62 16 21 47 2 11
63 16 47 67 23 46 53 25 52 34 56 9 26 3 4 27 28 2 40 62 30 57 32 59 38 55 50 15 37 1 22 35 41 24 10 18 13 29 33 68 49 64 7 12 45 21 69 51 20 14 65 11 61 44 17 43 39 19 5 31 8 42 58 6 54 66 36 48 60 0
4 40 48 63 12 39 22 7 69 61 21 24 31 19 38 44 46 6 26 66 15 42 59 51 25 11 41 50 23 55 62 16 32 64 2 0 49 8 1 47 10 43 67 52 45 17 27 53 14 36 9 54 68 58 34 18 28 57 20 13 65 3 60 5 56 29 33 35 30 37
55 26 20 43 18 23 54 19 11 47 12 42 49 39 21 27 38 33 61 45 35 37 48 16 1 30 13 24 53 41 10 63 8 28 44 17 69 6 9 34 57 5 66 36 65 32 56 68 51 25 2 40 67 64 29 50 14 31 15 52 7 3 59 22 4 62 60 46 0 58
10 58 63 20 45 11 23 3 67 50 66 68 62 29 18 12 24 13 60 4 59 46 31 43 19 51 34 1 53 56 57 16 8 27 48 6 44 33 7 9 38 52 25 37 35 49 64 61 32 21 2 26 28 5 55 40 65 42 36 0 17 30 39 41 14 47 22 54 69 15
55 39 68 8 30 23 9 27 60 42 37 5 25 69 11 50 47 62 40 24 54 66 43 1 59 2 48 31 45 32 22 64 10 34 21 38 56 58 35 63 46 44 26 36 7 53 19 14 57 20 0 15 67 17 6 13 18 61 12 33 49 51 4 16 41 65 52 28 3 29
8 51 13 63 59 54 48 19 55 26 61 39 40 44 0 47 42 29 17 64 16 11 6 27 10 3 31 28 36 69 12 32 34 38 33 49 60 56 43 66 9 41 53 46 4 67 24 37 18 65 58 62 52 2 15 30 21 14 7 45 57 1 68 35 22 23 25 5 20 50
69 0 26 31 40 8 36 66 16 35 27 55 1 65 61 4 41 67 48 62 56 64 37 19 21 57 33 3 53 49 2 30 50 46 54 58 34 7 47 42 6 18 12 15 17 60 14 13 9 52 11 24 23 45 63 39 28 29 59 44 22 32 10 51 5 38 20 68 25 43
68 47 18 28 14 59 39 8 56 33 22 30 63 69 3 51 17 48 55 44 43 2 10 60 52 42 35 32 26 5 11 38 19 12 36 0 62 15 25 27 58 16 61 40 67 4 53 6 49 34 46 57 37 64 50 29 23 20 45 54 66 24 65 13 31 41 21 1 7 9
52 18 47 58 40 50 37 60 25 39 31 26 15 30 69 14 67 46 48 53 10 32 7 51 66 61 8 44 6 19 13 55 27 41 49 38 63 4 11 54 36 16 9 22 43 17 0 28 33 59 64 68 62 3 34 42 20 5 2 45 23 1 35 12 21 24 65 56 57 29
5 24 13 33 1 58 17 25 37 28 45 54 21 66 10 55 9 35 57 2 0 16 48 18 44 63 31 3 56 62 39 46 4 40 65 59 7 19 23 15 67 29 8 49 69 51 64 42 6 50 52 27 14 61 53 47 12 41 11 43 68 36 20 38 22 60 30 34 32 26
10 45 13 2 28 65 58 38 36 64 25 11 21 42 27 66 18 47 29 52 7 69 31 48 9 37 26 34 32 14 68 33 12 3 23 53 19 20 39 56 62 44 5 49 0 50 61 51 8 35 1 43 59 24 67 63 54 60 57 16 30 4 17 46 22 41 15 55 40 6
9 25 6 17 27 62 32 19 69 23 18 28 56 58 1 43 36 26 4 0 31 53 7 61 24 64 30 57 47 8 52 12 5 13 63 55 35 46 49 60 11 33 20 50 68 22 42 40 21 15 39 65 45 14 10 16 48 51 3 59 34 44 54 41 37 2 66 38 29 67
69 11 66 4 30 16 27 1 67 34 47 58 22 25 54 28 38 61 41 65 21 33 8 43 53 2 35 63 0 46 31 50 37 48 9 24 49 40 52 14 18 36 57 26 23 44 6 68 56 15 64 42 32 17 10 13 20 39 3 59 19 55 45 62 29 7 60 51 12 5
50 18 62 7 43 48 47 26 51 20 21 44 55 41 1 69 15 9 66 17 57 16 31 29 28 53 65 45 52 59 35 23 13 38 30 12 39 58 68 14 6 27 25 34 5 54 40 2 3 0 4 46 60 42 8 63 64 37 67 32 24 56 36 49 33 11 22 61 19 10
5 13 1 39 56 10 33 20 26 67 36 64 30 3 65 48 24 52 51 44 62 11 47 68 57 14 8 18 37 54 53 25 58 59 38 66 49 29 45 69 4 27 19 6 41 63 46 31 61 22 0 2 35 28 7 17 40 23 12 32 16 55 50 43 21 9 34 42 15 60
8 13 54 9 47 66 41 55 42 56 37 12 27 33 35 67 24 38 16 68 17 4 53 6 65 46 29 34 59 23 3 32 58 31 51 49 52 7 69 19 30 22 5 39 11 28 14 18 1 45 40 25 20 62 36 21 63 50 0 15 48 64 43 2 26 57 44 60 61 10
