66 19 43 22 4 56 17 3 42 13 59 47 0 27 40 68 35 1 12 18 6 48 37 21 9 60 7 36 28 34 50 38 46 30 2 32 20 63 64 41 10 53 29 54 51 58 5 44 52 55 31 11 61 15 24 25 49 16 67 26 33 39 14 45 57 23 65 69 8 62
20 39 42 34 55 29 6 24 44 51 67 25 3 12 26 30 28 8 61 50 69 46 33 60 66 7 63 17 36 41 68 59 16 2 64 37 38 62 9 23 14 43 4 31 10 18 56 54 65 21 45 52 27 19 58 49 11 22 35 57 48 5 32 15 47 53 1 40 0 13
40 51 36 41 39 47 30 63 68 60 25 54 64 21 66 49 20 44 13 62 16 52 3 23 31 46 59 65 22 19 43 15 1 35 4 10 24 55 2 17 56 8 58 33 9 57 37 32 45 27 12 7 69 14 11 0 34 67 53 61 5 29 38 26 28 6 50 18 42 48
24 8 13 7 0 62 60 27 17 50 15 57 2 65 32 38 42 34 25 52 55 12 37 3 14 39 22 33 43 26 23 35 16 31 20 44 28 64 49 41 67 1 21 59 68 48 51 6 63 69 19 54 30 40 66 5 45 29 36 18 4 47 58 56 10 9 11 53 46 61
65 42 60 69 14 18 5 27 34 46 36 38 0 56 47 48 17 64 21 52 20 45 44 3 68 35 55 54 53 19 40 22 9 41 51 11 10 25 32 39 28 61 31 66 23 7 67 24 50 29 15 62 6 33 58 13 12 8 37 26 30 43 2 4 1 57 63 16 59 49
36 60 57 34 41 62 63 56 55 14 33 66 40 27 64 68 12 31 8 54 30 9 7 21 15 5 52 20 32 28 17 23 53 39 37 61 18 35 59 38 4 26 24 22 46 1 11 45 13 50 65 67 69 29 44 10 6 0 47 51 25 48 42 49 2 58 43 3 16 19
56 27 36 19 42 55 37 48 66 58 1 28 34 20 24 57 43 45 69 52 67 9 68 44 54 25 3 65 7 50 53 49 0 23 16 35 32 62 14 63 38 13 64 15 22 10 29 60 30 11 8 41 18 5 33 12 46 61 21 47 40 6 39 59 31 17 26 51 4 2
5 63 68 7 13 36 66 67 35 8 56 42 18 15 3 14 61 57 30 46 53 49 52 48 39 21 23 2 17 45 20 1 40 25 47 32 28 29 22 6 11 31 69 41 59 19 24 62 60 43 51 9 26 4 38 55 0 16 33 65 27 64 54 37 34 44 58 12 10 50
29 27 60 50 30 45 40 28 41 56 21 32 0 58 1 47 64 9 38 36 6 10 57 20 42 51 55 17 37 43 22 31 7 44 3 62 48 16 33 25 8 18 66 54 69 19 5 59 2 49 61 52 46 39 11 35 15 13 26 12 65 67 14 4 23 63 53 24 68 34
45 46 21 31 14 49 27 28 65 7 54 34 47 62 2 20 55 57 66 44 35 37 61 36 15 12 38 52 53 51 43 40 0 69 56 42 10 58 39 4 19 11 30 48 59 29 23 63 33 64 60 22 50 26 25 67 18 41 32 16 68 3 24 13 17 5 9 6 1 8
35 20 31 10 6 32 8 59 12 60 67 43 55 63 2 42 44 33 16 49 48 13 17 51 38 66 27 52 11 9 61 23 68 40 65 47 58 26 29 41 1 5 36 22 19 30 4 7 62 46 14 54 50 21 0 24 15 45 39 28 53 25 3 34 57 18 37 69 64 56
40 28 36 7 4 25 22 17 63 58 67 14 61 24 0 54 49 15 60 41 34 57 46 2 52 3 19 8 69 18 10 64 16 59 44 1 50 47 33 37 9 39 12 62 43 53 56 65 6 48 26 31 21 66 30 68 51 23 11 20 42 29 13 5 55 27 35 45 32 38
30 43 19 24 48 21 37 46 22 10 67 54 61 6 57 63 29 65 51 56 49 2 8 14 32 36 26 31 5 41 60 12 44 38 27 39 17 13 20 25 59 18 28 69 68 7 64 53 40 35 0 62 58 11 3 52 9 42 66 15 23 45 4 34 33 55 50 1 47 16
30 23 46 66 7 61 22 5 12 59 68 41 56 3 4 34 47 58 39 42 55 60 16 57 64 28 26 8 69 18 44 13 45 67 37 32 43 9 11 49 0 54 31 19 33 6 53 52 62 17 50 24 25 15 35 51 48 29 1 2 63 10 21 36 14 38 27 20 40 65
8 1 35 31 52 68 60 47 69 18 2 22 58 66 62 37 53 55 40 24 59 10 9 11 28 4 44 21 43 26 12 34 17 67 30 29 32 61 25 54 63 64 20 19 56 0 49 39 7 65 46 13 48 36 42 50 45 14 16 15 33 23 38 3 51 57 6 5 41 27
65 22 59 11 14 39 61 31 52 19 54 44 24 48 18 2 45 12 60 17 23 40 58 69 36 21 34 6 37 3 20 9 53 5 38 4 28 15 57 26 55 62 8 30 1 66 42 33 68 64 10 0 56 32 49 29 46 35 16 67 27 41 43 7 63 13 50 25 51 47
24 27 62 9 49 17 37 14 35 28 11 43 16 45 32 38 4 39 33 41 57 34 7 54 69 21 55 15 65 52 26 25 20 19 12 58 63 66 30 5 22 1 6 50 67 42 2 36 8 68 61 10 23 59 46 3 48 44 0 31 40 53 51 56 18 60 64 47 13 29
45 53 67 8 31 54 64 47 22 69 13 9 48 26 32 29 36 50 21 35 25 5 49 27 16 15 1 7 28 2 17 61 19 38 33 6 63 23 68 0 4 60 42 14 55 46 44 34 30 12 41 43 59 20 65 66 10 18 56 11 51 3 52 39 40 58 57 37 24 62
60 54 65 57 50 0 43 22 21 18 52 3 51 66 47 11 25 39 30 24 63 59 35 62 38 48 40 12 41 46 26 20 28 5 17 4 14 10 32 55 6 42 8 27 56 13 7 53 34 31 61 23 44 19 49 37 58 45 33 67 15 9 2 29 36 69 64 1 68 16
63 4 28 34 48 17 38 41 61 62 11 24 55 46 30 37 20 13 29 45 47 68 15 14 10 31 18 12 19 58 26 5 3 36 57 60 50 54 32 52 56 44 66 21 43 16 49 8 1 0 27 65 59 64 39 23 51 6 7 40 22 2 42 33 53 35 69 9 67 25
50 2 45 8 17 7 27 14 42 22 59 30 28 25 29 26 66 40 56 68 3 53 5 9 19 49 21 46 15 61 41 33 58 11 43 16 0 65 31 39 36 12 55 37 35 60 54 20 47 64 6 48 44 18 34 23 24 62 69 52 57 1 4 51 13 32 63 38 10 67
18 39 46 58 17 52 66 20 33 30 23 10 5 59 11 21 47 28 6 8 16 68 57 36 53 50 15 24 13 65 27 31 7 40 54 14 25 67 43 12 4 55 1 56 42 45 60 34 22 38 61 35 3 29 63 2 51 44 9 37 62 49 32 0 48 19 41 69 26 64
40 16 11 48 53 51 5 69 42 65 36 56 46 15 45 30 39 62 66 68 17 14 1 34 8 29 49 23 9 6 54 35 22 7 64 37 27 47 26 18 59 67 44 19 38 50 57 28 55 33 24 12 3 4 41 10 0 63 21 20 58 61 43 52 2 60 13 25 31 32
27 23 1 51 31 38 66 6 45 48 0 56 36 37 54 18 14 39 67 29 22 43 12 17 32 61 15 40 49 62 26 35 25 5 44 58 42 59 69 63 30 60 46 10 13 7 3 47 34 11 21 8 9 20 64 53 68 16 33 41 65 52 50 57 55 28 19 2 24 4
15 34 41 27 17 4 2 46 40 60 44 31 62 20 33 5 26 7 32 63 3 64 18 59 38 19 21 13 14 54 52 69 35 57 43 8 36 58 24 1 11 53 50 51 22 29 61 23 45 55 56 10 16 28 30 0 42 49 12 37 65 66 48 67 68 39 25 6 9 47
41 11 25 16 37 7 5 65 34 24 3 21 36 39 66 44 64 42 63 51 38 60 1 26 18 68 53 31 23 49 45 29 48 22 32 50 61 58 46 8 20 28 27 4 15 0 40 52 9 69 56 62 6 57 2 19 67 12 17 47 55 43 30 54 33 14 59 10 35 13
60 63 66 43 6 44 51 26 54 48 55 14 40 24 47 8 68 33 36 13 41 31 21 25 58 3 19 30 49 16 45 61 9 4 34 17 42 64 12 22 1 56 2 38 27 32 69 65 52 5 23 53 20 67 29 7 28 10 39 11 62 46 0 18 59 37 15 57 50 35
32 47 69 39 13 33 55 35 52 38 51 31 45 25 26 3 28 43 9 61 18 16 11 14 54 41 23 0 57 6 4 19 59 42 67 24 22 7 58 63 66 40 56 49 37 34 10 60 48 68 44 53 50 62 15 20 8 5 46 12 27 30 17 1 65 64 21 2 29 36
16 17 57 59 1 10 25 39 44 26 32 23 36 18 29 12 45 30 46 65 28 0 68 22 52 4 53 27 55 19 62 63 3 21 41 8 38 43 2 48 6 67 37 58 34 33 9 51 5 35 61 47 60 54 50 7 40 49 42 64 13 14 11 66 20 56 24 15 69 31
17 43 64 8 31 21 36 33 5 20 44 2 68 66 15 26 28 30 22 6 67 1 35 65 38 4 40 37 23 9 0 52 47 25 3 12 42 34 49 24 62 45 18 19 41 10 63 46 11 57 60 54 32 51 7 50 14 56 29 53 55 58 61 59 48 27 39 13 16 69
37 63 41 18 6 17 46 42 11 1 27 68 57 25 40 35 58 59 10 30 51 64 2 39 66 52 65 43 20 33 21 23 29 7 9 4 8 15 54 3 19 28 50 55 56 22 26 49 48 69 12 38 44 24 16 61 67 45 31 47 13 0 5 62 60 34 53 14 36 32
37 17 64 48 28 39 50 21 46 0 59 35 67 60 69 7 14 66 61 65 56 15 53 55 51 13 68 34 20 57 45 2 44 26 24 31 8 49 18 25 4 3 16 36 27 58 9 22 38 1 10 29 5 62 40 12 47 52 42 32 30 63 33 23 54 6 11 43 41 19
25 26 30 47 17 57 24 43 45 23 68 64 54 8 56 27 0 53 67 49 62 50 28 16 33 4 21 55 10 59 11 1 44 6 7 12 63 19 34 22 2 48 15 32 60 35 3 58 13 39 5 66 42 20 36 37 69 41 51 29 38 40 18 65 9 46 52 31 14 61
43 38 47 11 61 40 0 46 27 45 62 20 23 13 35 24 32 55 36 9 49 56 15 66 14 10 50 22 28 26 57 44 3 51 12 33 54 68 16 37 30 4 63 69 18 60 19 64 42 1 25 59 52 6 53 8 31 29 65 58 39 2 67 17 5 48 21 34 7 41
52 1 65 40 39 15 17 34 8 64 11 27 38 35 37 26 60 9 33 55 7 58 20 3 48 24 36 2 32 13 51 43 67 56 46 61 5 18 23 54 30 28 57 19 12 53 29 31 66 49 0 6 62 10 25 21 44 41 68 59 63 22 14 50 45 47 4 42 16 69
48 22 10 12 9 29 57 31 24 28 20 45 40 66 43 1 21 2 61 69 55 59 23 58 47 50 0 30 37 46 7 62 54 4 44 53 6 17 41 13 25 51 33 35 64 32 67 56 68 42 60 26 3 5 65 18 39 27 14 15 34 11 16 38 36 19 63 52 49 8
2 60 35 62 40 9 5 22 36 47 45 1 13 10 26 11 64 42 41 37 34 0 19 55 30 57 69 20 14 21 18 68 44 53 29 24 17 66 23 33 4 51 12 54 8 7 32 46 67 15 28 58 49 16 25 31 56 59 3 48 39 61 43 27 6 38 50 52 63 65
7 55 40 63 37 61 58 18 26 65 21 66 12 44 64 38 13 43 60 9 51 27 25 6 62 0 15 29 11 59 46 10 34 17 5 50 3 28 41 30 19 24 52 16 57 31 1 69 56 53 36 22 67 47 4 32 48 49 33 54 20 45 42 2 23 14 39 8 35 68
57 45 29 4 31 21 67 54 35 13 48 19 17 18 2 16 42 39 23 41 66 51 11 53 52 15 68 40 32 50 12 55 69 25 61 62 14 63 28 38 37 6 26 33 9 56 3 60 59 7 44 43 65 34 24 46 64 0 10 49 20 5 47 22 27 30 1 36 58 8
36 51 50 34 28 30 45 49 64 63 12 2 24 67 20 69 0 17 38 39 26 13 37 68 42 32 9 27 46 58 55 18 15 10 5 44 3 65 6 52 21 33 22 61 47 1 23 29 31 11 54 14 48 53 43 41 16 40 66 56 57 4 25 19 7 8 60 35 59 62
53 56 58 30 19 0 3 34 37 62 16 38 48 43 35 46 60 51 11 21 5 55 45 20 28 17 31 12 44 52 24 54 47 15 39 8 23 33 49 42 57 13 50 26 59 22 40 27 32 69 64 6 65 36 67 61 7 68 29 66 4 2 14 10 63 18 25 1 9 41
34 52 21 5 39 51 12 67 28 38 8 9 57 66 20 27 6 69 56 54 68 29 14 44 35 22 46 7 0 4 30 59 40 41 33 19 65 10 63 47 3 62 11 24 60 49 18 16 1 53 55 45 15 37 23 42 61 25 36 13 31 48 32 50 2 58 26 17 43 64
60 12 15 69 37 66 1 6 46 57 48 67 52 59 8 54 32 63 43 9 13 11 24 31 19 58 55 7 14 61 17 39 49 27 25 68 36 29 3 0 30 51 2 65 56 40 28 16 64 20 18 41 26 23 47 33 10 38 50 5 21 35 42 4 62 22 34 53 44 45
66 57 63 38 1 25 35 54 65 21 27 47 42 4 58 51 34 50 29 9 49 3 23 7 33 45 59 0 8 44 40 61 37 32 19 14 53 28 68 5 60 62 16 48 56 10 24 2 17 11 43 67 13 31 46 22 39 69 20 12 64 52 36 41 15 18 30 26 6 55
58 21 47 61 38 42 0 66 48 52 53 33 46 44 51 1 25 41 39 69 23 45 65 30 18 54 43 37 32 62 9 20 50 16 24 60 29 28 64 26 59 49 56 17 4 57 12 13 5 15 36 19 14 55 10 6 34 27 35 40 11 22 8 31 7 3 68 2 63 67
43 3 50 54 40 52 41 60 36 42 68 22 47 19 62 32 64 5 38 49 57 7 55 28 53 67 66 26 69 10 35 27 39 56 31 6 20 14 9 34 44 63 25 11 21 58 29 16 59 13 23 33 4 65 45 37 51 46 12 0 18 17 24 1 30 15 2 48 8 61
1 6 67 51 8 61 50 34 56 44 27 15 42 17 16 11 69 23 47 33 68 29 43 38 49 22 21 25 52 45 64 9 28 54 65 31 5 12 0 2 4 10 26 35 14 13 19 20 66 59 48 7 62 57 30 32 18 60 53 3 24 63 37 46 41 39 36 55 58 40
46 67 66 3 43 62 50 13 0 11 54 25 17 37 27 32 55 19 52 60 48 40 7 22 5 4 61 1 57 31 34 59 28 2 9 10 36 30 47 14 21 49 45 44 23 56 69 33 6 63 65 20 26 38 42 29 24 68 53 35 12 58 15 51 64 16 18 8 39 41
39 8 30 55 64 40 15 12 51 61 29 67 47 43 16 53 60 62 38 26 48 25 58 33 65 22 31 7 24 54 4 36 63 14 59 50 11 2 34 28 6 56 57 3 68 18 35 27 9 69 46 66 37 32 44 42 13 23 52 45 20 5 1 0 41 21 49 17 10 19
44 21 59 39 25 14 54 0 61 2 11 53 47 28 32 10 64 8 5 22 63 18 43 17 16 3 49 29 56 62 65 7 68 23 24 46 33 50 35 57 41 13 58 45 66 38 31 6 15 51 52 1 26 40 55 9 37 60 67 36 48 34 19 4 27 30 42 20 69 12
63 26 33 67 10 2 8 6 35 52 30 32 29 28 24 55 53 69 61 19 68 13 17 15 16 51 57 25 60 0 22 39 47 7 65 48 64 20 18 11 66 42 34 50 21 45 4 37 44 38 41 59 40 9 12 62 27 23 46 31 58 14 5 1 49 56 54 3 36 43
43 9 25 17 30 18 61 11 28 23 3 15 27 41 14 53 50 22 45 65 48 13 67 19 64 66 8 34 51 1 6 26 58 12 5 16 0 37 31 21 52 62 35 69 54 57 42 59 68 20 33 55 24 32 39 47 56 2 38 40 44 49 4 7 46 63 29 60 10 36
44 13 2 52 57 56 38 11 3 12 46 30 69 62 32 64 21 26 55 16 37 5 19 53 33 67 68 14 54 43 48 63 36 49 58 4 51 10 60 42 65 40 6 39 47 23 50 22 20 0 29 9 1 66 61 35 34 24 15 31 25 28 27 18 17 41 59 7 8 45
39 32 25 23 31 60 29 46 12 16 37 8 2 38 41 22 58 62 30 68 7 66 42 3 18 6 49 53 9 24 35 10 43 0 14 51 50 26 65 48 20 47 69 59 63 40 11 4 36 27 57 21 54 52 28 1 5 55 64 56 61 34 19 45 13 44 33 67 17 15
62 32 64 6 23 26 25 22 40 66 65 68 38 33 56 57 8 34 54 63 44 45 20 59 47 52 67 42 14 10 5 36 12 16 61 58 41 53 9 19 13 29 50 4 55 11 21 30 48 2 27 49 35 31 7 18 24 17 0 1 43 69 3 60 28 46 51 39 15 37
23 7 15 0 10 28 26 2 63 62 34 6 45 14 51 61 49 27 12 24 13 54 9 48 8 57 68 1 59 39 18 16 43 38 20 30 56 29 44 52 32 40 21 66 58 41 46 65 64 25 22 11 50 37 31 69 47 3 4 5 17 35 67 55 36 33 19 53 60 42
69 64 54 31 30 49 67 26 35 52 60 55 41 56 36 22 37 61 44 59 25 7 38 28 58 45 57 42 40 12 8 39 1 68 51 16 27 10 0 50 33 11 63 29 34 24 23 17 20 15 14 18 13 47 46 62 9 3 6 43 66 4 65 2 21 48 53 32 19 5
7 9 28 47 51 26 62 36 17 0 49 16 4 46 58 61 15 30 19 56 67 8 29 32 45 54 13 48 5 22 55 6 44 34 21 60 37 14 66 39 1 31 11 63 57 25 59 50 23 3 68 41 52 2 33 35 53 43 38 40 65 20 10 18 69 27 12 42 64 24
9 34 11 48 66 4 39 51 12 21 17 14 38 46 53 20 13 50 3 5 58 68 2 33 0 36 32 61 60 44 69 22 28 18 42 7 41 56 54 30 31 35 19 52 23 63 1 47 10 6 15 49 64 16 43 25 45 37 57 8 55 24 67 40 26 62 29 65 59 27
8 27 24 26 56 62 57 40 42 32 35 6 20 9 45 39 34 67 52 66 41 13 22 28 18 37 51 33 54 60 69 59 16 49 65 64 17 7 29 30 50 15 12 3 63 47 11 0 55 53 46 58 68 25 4 23 10 21 5 61 2 19 14 36 38 43 31 1 48 44
37 35 24 42 64 19 32 63 54 15 39 46 40 23 61 18 14 67 51 45 6 13 66 0 7 21 28 8 27 55 58 30 60 17 4 1 43 50 69 33 49 53 68 22 3 31 52 9 2 12 57 25 48 26 41 29 20 62 10 5 56 38 36 11 16 59 44 47 34 65
8 31 9 16 21 26 59 55 39 58 10 43 49 57 35 51 67 23 37 0 42 29 56 14 33 1 13 28 19 41 30 45 69 4 22 65 68 46 34 36 54 27 40 18 3 25 20 50 48 66 61 47 12 60 64 6 24 44 15 63 53 17 38 11 32 2 5 52 62 7
65 20 16 67 56 9 19 44 22 52 60 5 50 24 36 10 55 47 46 54 25 53 14 49 68 37 45 61 1 12 51 2 6 40 3 42 41 59 38 13 32 69 21 0 4 43 57 26 8 15 30 62 66 35 33 7 34 48 63 58 11 18 64 27 23 31 39 17 29 28
39 6 29 37 9 15 10 18 51 40 57 47 63 0 1 17 68 60 16 24 58 11 27 49 54 44 23 30 13 36 59 33 32 46 22 35 42 20 67 52 41 21 5 61 43 7 34 53 66 19 38 3 62 25 2 69 55 64 4 8 48 28 12 14 45 26 50 31 56 65
42 64 18 11 65 23 2 24 29 55 30 9 36 27 68 45 14 67 47 38 54 20 53 19 16 39 63 69 57 1 51 15 5 28 40 62 66 46 41 21 3 43 32 12 37 58 60 6 7 22 10 25 56 61 44 59 17 49 0 50 52 13 31 26 8 34 4 33 48 35
48 39 45 37 60 58 5 67 66 57 40 26 42 51 21 31 43 10 53 18 6 61 23 15 63 69 25 38 50 9 22 47 19 46 17 14 27 0 62 35 41 56 29 20 54 3 7 55 64 4 28 11 52 2 68 30 16 44 8 1 36 12 65 24 13 49 32 33 34 59
56 49 35 8 22 48 20 13 45 69 15 14 2 23 40 26 50 5 9 55 7 42 33 62 31 47 1 37 34 38 11 46 6 59 57 63 58 19 52 44 0 53 27 29 16 66 4 61 17 30 18 36 65 67 60 28 51 10 21 39 24 41 43 12 54 68 3 25 64 32
58 7 29 2 54 63 48 66 0 47 23 67 37 24 20 51 1 6 35 33 43 44 8 16 53 12 21 55 11 42 27 15 28 3 39 31 57 30 62 22 34 17 61 65 36 10 60 13 46 41 50 5 56 26 59 9 45 19 40 4 52 18 32 69 14 64 49 25 68 38
27 0 3 58 34 25 13 45 65 2 63 44 53 12 6 1 64 18 42 57 56 33 60 68 48 24 9 29 4 21 55 43 62 26 50 51 23 7 49 14 16 32 39 61 46 5 37 59 41 22 11 35 47 66 28 36 20 17 31 19 67 30 54 15 38 69 8 40 52 10
51 61 39 25 34 44 2 52 31 68 24 35 11 29 23 38 56 10 20 18 27 19 53 50 59 6 57 14 42 66 5 26 46 55 21 9 28 16 7 0 54 32 65 36 1 41 43 37 63 47 12 49 13 62 58 22 64 8 33 48 17 45 60 40 30 67 3 4 69 15
34 54 63 4 24 56 55 9 41 15 39 12 29 27 14 33 18 36 47 64 38 61 59 7 6 49 22 11 35 58 57 20 46 40 3 25 17 65 50 42 2 68 1 51 62 0 43 26 32 10 52 66 23 69 5 44 8 48 67 31 28 53 21 16 60 13 45 37 30 19
27 8 5 39 58 63 68 54 28 44 61 30 10 12 21 52 4 51 41 36 16 48 2 56 26 3 66 35 0 15 49 33 57 62 40 31 67 42 34 1 55 46 7 43 6 64 65 18 14 53 13 32 17 24 37 29 69 59 38 47 20 22 45 9 60 11 19 23 25 50
23 18 29 33 58 28 9 68 62 16 56 0 60 49 32 11 53 31 2 45 27 64 46 55 48 36 54 67 50 25 39 21 69 52 66 8 1 26 38 57 35 43 20 3 19 65 22 15 17 63 40 59 42 24 44 41 34 30 10 7 61 37 6 4 13 5 47 51 14 12
64 37 20 60 50 34 30 49 55 45 59 67 57 61 23 15 38 3 62 13 33 42 53 5 46 1 21 43 66 11 32 8 0 68 14 51 69 17 24 28 58 2 35 25 44 39 65 31 9 29 52 63 26 18 36 40 56 27 22 16 47 10 12 41 7 48 19 54 4 6
62 39 19 6 27 26 66 65 24 29 67 68 38 28 12 15 51 31 35 32 3 14 56 23 9 63 48 22 8 21 10 57 41 34 52 59 4 2 36 11 69 47 42 0 53 16 44 40 7 60 50 13 18 54 17 20 46 58 45 5 25 49 55 64 33 37 30 61 1 43
31 61 21 6 29 34 2 30 23 10 15 8 0 1 5 47 22 44 38 24 19 39 25 45 67 55 20 41 57 11 50 14 52 53 4 3 7 35 65 46 43 60 28 13 18 48 42 33 51 27 17 56 59 66 9 12 68 26 64 54 37 36 49 40 69 16 58 62 32 63
16 35 14 68 43 20 57 28 37 69 66 26 15 7 34 27 48 9 64 49 31 52 50 8 39 45 13 33 44 51 4 5 62 29 10 53 38 24 2 17 42 36 19 56 30 63 3 41 47 18 1 46 0 40 6 11 58 67 60 59 55 54 25 12 61 22 32 21 65 23
42 63 39 17 25 65 22 24 12 43 34 40 28 16 26 60 15 57 52 36 27 8 31 38 0 30 48 35 68 62 32 14 47 54 44 64 7 13 5 1 69 20 59 50 41 53 6 61 56 4 45 67 49 46 19 33 37 29 55 2 3 66 18 10 58 23 9 51 11 21
62 30 37 49 34 42 43 55 3 7 31 36 13 2 33 52 45 51 63 27 1 29 10 21 9 41 69 40 56 16 66 15 50 46 26 59 38 67 32 14 61 24 44 48 57 5 65 68 20 23 25 58 11 39 22 47 4 6 12 17 54 53 35 28 8 18 0 19 60 64
34 18 30 62 6 56 0 7 15 24 68 65 59 11 20 35 48 47 38 54 67 49 69 8 3 9 57 45 53 39 58 16 1 50 33 29 32 61 40 36 19 64 14 55 63 42 31 13 66 2 25 17 41 60 44 10 12 52 21 23 46 22 43 27 37 28 5 26 4 51
31 12 40 52 45 69 41 7 66 27 32 18 44 43 35 57 67 29 58 54 20 26 16 24 30 34 53 38 2 36 59 60 28 39 42 5 50 11 33 21 1 68 65 46 4 14 13 49 25 17 15 48 6 55 8 22 0 19 61 62 64 51 3 23 10 56 63 37 9 47
13 10 7 4 15 28 61 60 44 2 25 43 26 27 63 45 53 62 56 47 36 38 42 50 46 69 40 24 32 31 30 21 48 6 54 67 12 68 41 16 20 18 22 19 55 52 17 33 23 65 9 3 0 1 58 39 49 37 29 8 66 51 57 59 5 11 34 14 64 35
1 64 23 49 12 66 19 29 63 25 30 62 61 7 39 56 44 21 5 36 47 26 31 14 69 27 6 65 28 0 60 32 48 45 33 15 58 4 16 68 18 22 41 55 9 53 50 42 3 35 38 43 11 10 20 17 59 13 52 24 67 34 57 54 40 51 2 46 37 8
36 69 63 17 25 66 3 56 26 32 60 45 7 64 21 54 16 61 55 8 12 59 19 11 48 9 10 31 24 4 65 27 23 49 62 68 39 51 18 2 52 53 20 33 37 0 6 30 41 40 50 42 34 47 57 43 5 58 14 22 15 44 46 1 35 38 28 29 13 67
5 9 55 28 60 36 0 11 39 49 2 33 4 18 31 26 58 13 41 48 61 21 23 24 66 47 67 53 54 44 63 50 42 30 20 35 3 16 12 52 57 32 37 46 22 7 38 62 59 43 56 25 6 19 68 10 34 65 15 17 8 51 29 64 1 27 45 40 69 14
58 24 36 3 48 27 43 11 55 38 46 61 35 56 60 49 26 7 2 32 29 6 57 69 31 25 16 44 51 15 37 13 18 45 52 59 30 5 42 54 68 14 47 1 39 41 0 20 67 4 9 40 62 23 50 63 10 12 64 66 34 8 53 22 65 17 28 33 19 21
21 1 24 11 46 37 39 16 23 62 51 35 3 65 27 49 54 26 9 7 53 52 68 61 22 0 41 31 32 63 20 14 13 4 45 48 36 29 19 30 34 64 67 5 66 40 55 44 69 33 8 15 56 10 60 57 25 43 18 59 17 47 50 2 38 6 58 28 12 42
34 19 24 63 67 6 3 29 13 65 15 48 7 8 21 56 57 41 61 14 45 32 54 9 22 33 2 60 26 52 25 64 53 31 35 59 69 40 66 43 50 58 28 20 68 36 16 51 5 44 1 30 38 4 42 62 49 17 18 10 23 12 0 11 37 27 46 39 55 47
7 11 58 28 17 2 4 14 57 26 69 45 10 37 0 38 47 51 1 34 41 50 40 61 32 59 36 44 20 3 56 24 31 46 19 25 6 23 53 35 9 29 21 13 12 66 49 39 33 55 8 48 52 63 27 60 22 65 43 18 30 64 67 5 62 54 68 42 15 16
36 62 52 2 32 61 40 7 57 8 12 1 14 49 48 66 64 38 39 3 55 67 47 54 20 41 0 30 19 45 18 63 31 6 27 50 23 26 37 51 15 25 22 46 65 13 21 43 56 34 10 17 68 58 60 42 29 69 24 9 44 59 5 33 4 35 53 28 16 11
22 68 25 59 67 11 57 28 34 46 40 13 14 61 19 50 64 47 52 30 63 35 0 5 29 66 45 3 18 54 38 9 27 4 36 6 42 8 44 2 60 53 17 69 51 7 26 12 20 48 16 43 41 31 23 1 55 39 32 49 65 24 37 33 56 10 58 62 15 21
0 33 30 28 57 69 66 2 67 58 17 49 51 15 68 50 54 23 38 36 46 13 48 3 64 56 20 12 11 5 27 35 53 55 19 63 4 40 1 37 47 59 29 24 31 60 39 52 26 22 43 16 7 45 14 18 42 9 61 62 41 25 8 44 6 21 32 65 10 34
3 27 6 10 50 38 58 63 16 36 62 33 57 37 7 69 64 22 61 24 26 54 44 53 43 65 2 28 55 8 40 0 66 41 21 46 42 45 25 60 14 20 17 19 12 34 29 48 68 51 4 13 49 59 52 56 30 67 1 35 32 11 15 5 18 31 39 23 9 47
45 3 13 34 14 63 47 69 4 52 67 19 6 51 53 60 62 66 7 42 0 44 33 16 41 32 46 28 15 23 38 48 11 12 8 21 26 22 43 39 57 2 61 27 50 59 68 37 18 20 64 30 17 36 25 5 10 9 54 55 49 29 56 31 65 35 58 1 24 40
17 3 66 27 55 13 69 60 59 56 53 46 14 54 8 10 50 41 15 18 5 43 22 21 32 61 47 24 44 48 51 45 52 12 6 64 1 26 42 11 63 49 35 34 29 62 4 28 68 39 67 19 37 20 23 16 25 58 36 31 33 30 9 40 57 38 7 0 2 65
62 51 15 68 1 24 34 45 16 23 3 26 41 17 47 59 65 69 61 2 8 14 49 63 48 36 0 52 43 50 12 42 66 4 27 11 53 20 30 54 13 22 5 55 10 29 35 60 58 39 6 67 64 32 21 57 56 40 44 33 31 19 46 7 38 18 25 28 9 37
40 14 25 32 9 52 67 66 10 54 12 38 46 2 27 60 15 5 51 30 58 56 36 64 45 55 50 47 44 65 68 21 1 26 35 19 42 43 59 53 37 6 24 4 13 3 18 31 49 34 16 8 61 48 0 57 7 39 28 41 20 23 62 63 29 33 22 69 17 11
33 15 37 49 48 68 50 66 29 40 69 17 58 36 19 12 30 64 18 41 14 16 54 63 4 28 60 31 23 21 32 51 34 47 26 11 9 1 20 42 52 22 61 6 62 46 56 24 10 35 25 3 53 43 5 65 2 8 55 13 44 0 45 67 27 59 7 57 38 39
2 30 18 6 33 50 57 34 4 48 52 68 31 12 11 28 59 17 69 64 44 45 51 14 36 10 63 35 13 60 26 47 38 3 40 24 22 41 53 15 46 42 9 20 65 54 39 58 66 61 56 0 25 21 5 29 19 32 55 49 67 62 1 23 27 16 7 37 43 8
13 24 51 20 31 32 42 11 38 33 46 0 56 8 65 59 34 35 44 57 47 23 41 9 61 58 63 18 54 69 43 21 52 4 67 7 1 37 28 48 6 39 55 60 45 15 25 5 64 12 62 29 10 49 40 68 30 50 16 19 3 53 36 14 22 17 26 66 27 2
