-64 82 75 45 5 -51 23 92 15 -71
-3 10 -13 83 -51 60 -43 -56 -17 21
6 35 -41 69 -12 58 -83 85 -65 48
-45 52 -63 -49 -70 -85 -28 4 75 73
94 78 9 -25 6 12 25 -1 22 -68
80 88 91 -92 32 93 -26 16 -63 40
74 66 -83 -94 -62 0 25 21 45 -62
37 24 91 7 -2 -57 74 26 -47 42
46 -97 -35 56 25 -35 -21 95 63 -96
-40 10 41 -87 40 -93 -64 69 -60 -33
97 -43 -97 -65 85 -21 -48 -50 -85 3
-2 -37 24 28 -60 -91 69 -64 -16 -17
20 71 -45 29 92 -62 57 -6 -67 3
-87 -43 96 46 66 -45 78 -7 -1 53
-27 -94 44 87 43 35 -95 -40 93 2
14 -89 71 -94 -26 3 53 -64 0 25
-92 55 88 -77 55 79 18 97 -81 14
-40 1 -50 57 -98 -1 23 -48 5 -98
95 63 -78 84 -54 71 -90 53 -14 81
-1 -57 -80 96 79 2 78 51 -16 -11
95 -69 58 10 -59 -86 -92 -79 -23 76
-94 60 -12 -30 -6 -67 -4 -2 76 3
97 -41 -35 39 43 -86 55 -6 72 -99
24 -47 -75 -16 27 39 -96 79 40 -33
-87 -73 47 46 0 50 11 55 -78 -87
56 -3 -80 49 26 96 50 -39 -18 60
-52 36 16 51 59 89 31 -50 -54 -57
74 -37 67 -90 -7 68 5 -19 24 -95
-69 68 -73 -15 -8 -11 -74 81 -23 85
51 50 -27 2 -60 94 11 -23 57 -74
78 62 -29 -43 11 -74 -88 -60 -85 15
-39 -9 -55 -14 62 12 -53 0 11 -51
94 95 93 -90 8 -88 -26 -96 85 -14
-38 -72 23 -40 84 87 44 59 89 -98
13 -53 0 -56 -48 -38 73 64 15 56
12 -96 -1 -52 4 -9 72 -73 48 -58
17 8 -13 -94 -54 25 52 94 -65 -47
-80 25 -66 52 -88 -15 32 -62 13 -61
-10 -42 13 -55 33 -99 -54 27 -56 69
-75 22 -38 8 95 -70 -46 47 87 -59
-33 -32 59 -32 -45 -73 -31 -77 34 -1
-36 86 -69 -79 -86 -18 66 -17 -26 -1
69 10 -15 -96 57 -88 -22 -66 -94 60
-35 -53 50 -52 -80 -95 74 -93 -22 9
14 63 -76 71 34 72 -58 -49 7 94
-86 -31 -98 52 -74 50 50 -97 -23 39
-57 55 34 8 89 -52 88 45 -80 29
-64 -73 77 90 9 70 0 95 53 16
73 -8 19 -92 92 53 -36 49 82 92
-81 -32 98 -18 31 45 27 -46 82 -69
47 -84 21 -7 -4 13 -76 -21 76 -66
-15 60 92 44 -10 -38 76 -75 62 -52
1 9 63 8 85 -81 49 -64 -65 -96
12 -30 68 23 53 -54 28 43 -59 19
5 -63 40 -40 95 90 -89 -9 -93 -65
-20 83 -55 -55 -9 96 60 -29 -82 2
25 62 -8 5 -90 81 -72 -40 68 -20
-53 -78 -5 -7 -45 -50 -96 24 73 69
0 7 -30 79 -52 91 30 -73 70 -49
-44 -62 -77 23 -41 85 2 52 -80 -46
-58 -85 -22 -86 -65 -51 17 -91 60 98
-99 -59 -7 -79 -34 -58 0 -75 58 -70
10 -76 -72 33 -61 25 -3 -6 -43 -90
-8 -16 31 0 41 36 59 14 55 -58
21 82 26 -73 -61 -91 40 35 -30 -23
13 29 -17 -79 -21 -52 -43 21 -19 95
-3 86 70 -43 -49 -81 -89 -34 -13 -40
-62 -37 72 30 -25 -63 -21 81 0 -34
-69 -45 -11 -90 -10 18 -89 -21 57 88
93 83 -56 -36 -29 45 -22 -83 -32 -17
-9 -95 40 10 -83 35 97 -47 -3 -66
-72 -20 31 63 17 -89 24 73 39 -14
41 85 12 25 -19 -4 -61 18 -87 -36
-39 7 0 -39 -56 -7 -10 17 41 -28
7 -41 -20 44 -74 -72 -81 -42 -11 54
-44 24 79 -28 -3 -44 41 56 0 -80
11 -54 93 35 13 98 32 -72 -56 56
-85 -45 85 74 29 -11 -48 -36 -42 29
38 75 -10 52 -77 4 -29 4 -15 74
49 16 44 -57 -72 -20 -59 46 74 -10
8 -20 -22 -18 86 -10 -92 27 56 57
-30 3 65 83 78 27 56 -50 -16 -89
83 -98 48 -47 3 -67 80 0 29 -66
-40 30 81 10 54 -97 50 48 62 -42
99 -50 50 -4 -97 -99 -98 -7 -87 26
-10 -20 6 -25 83 49 51 -56 12 -18
56 -58 -46 32 11 60 -91 -97 76 59
-3 53 57 75 -93 -91 -29 26 87 -28
-87 -79 -74 44 -60 5 -31 -49 -8 -56
-95 -36 30 -98 11 60 -50 44 3 -73
-10 -2 9 68 -73 -45 -59 -81 -6 -56
-43 -69 -1 12 48 13 -31 -21 0 22
20 -81 -66 99 15 -14 49 37 -40 31
40 -97 -25 -94 -82 -11 -97 53 -77 -33
42 1 -53 43 91 -3 64 88 28 41
91 -90 -27 67 -76 -83 6 -76 -31 -12
-26 34 61 34 1 64 -89 -57 13 -26
-18 -89 64 76 9 -34 48 -3 -94 67
22 -60 -67 67 65 -83 -1 67 -43 -47
-16 -26 10 -50 45 -47 28 6 62 42
