20 -21 70 -33 -73 -26 -54 -14 -4 38
-36 38 34 -88 78 -73 -72 62 -45 -74
-44 4 -74 39 98 -4 -95 29 -49 -22
91 95 82 -68 74 -11 -89 67 -54 3
-33 -31 -99 -9 48 -17 66 79 -4 10
-59 16 -11 -50 -79 70 -98 17 46 63
-68 -51 -70 -19 -31 24 21 63 -70 63
34 -86 64 97 -12 39 -1 -5 -22 -16
6 88 61 -13 20 -96 -83 -51 76 1
-93 54 98 -73 55 92 -91 -16 -35 -63
-95 -76 -60 71 73 16 -83 -12 19 49
93 11 -7 54 -40 -99 -98 77 56 70
-8 -57 -53 -76 16 69 10 -49 -30 46
43 66 -2 22 77 8 -13 -51 -81 -79
62 63 98 15 -46 -47 -54 -32 31 9
-49 32 -21 -66 -20 -51 -86 -93 70 -19
0 -37 56 -57 25 68 -85 -39 17 -20
77 -42 4 51 -10 -51 37 77 -49 -25
-94 90 20 -54 26 56 9 89 -4 -66
-36 63 73 -29 79 -10 -39 -31 -68 -45
-90 84 82 43 -14 45 28 68 -65 -65
-33 -89 0 50 76 -91 -90 -62 92 20
-82 -21 80 40 96 9 53 -57 92 -12
-80 73 -92 -39 2 -71 -40 50 -28 92
97 -17 85 47 -7 5 -19 -43 79 88
-75 64 -9 -6 -3 -22 59 -8 44 70
-49 29 -50 -24 -67 55 -86 -55 -41 -74
6 -93 15 -11 22 50 89 86 58 -17
86 6 77 -47 -47 -68 -64 -73 -70 -71
-88 88 75 -87 12 -43 64 -13 94 90
-77 72 -80 -70 -64 -29 -57 -4 81 -9
-6 -20 -79 22 26 -84 36 -36 9 -72
90 25 23 -97 -7 -88 -29 -87 -48 24
93 26 -4 -28 -56 68 38 69 -53 -27
61 69 50 63 -10 -46 -81 -69 -11 -87
59 34 -1 -68 -60 -1 71 65 20 -80
43 77 91 94 30 -96 -49 77 95 -18
87 35 -54 72 -67 -40 -17 39 88 60
-60 -5 -26 39 -68 -15 44 77 12 -24
11 61 91 -76 44 38 -22 61 -72 0
-35 -2 1 -42 34 -32 13 94 0 61
-76 13 -48 -33 37 39 -61 83 -75 -11
-47 -33 51 -72 49 -31 -21 58 -20 -85
90 -66 -46 86 -8 -94 36 37 -25 -11
38 -33 -97 -62 -40 -25 50 -90 1 -95
-95 8 -76 56 50 -99 18 76 74 -46
22 -60 11 7 -44 -33 54 -45 67 -72
44 21 87 -49 -24 23 78 95 0 3
86 43 72 -99 66 47 35 -40 -70 18
-10 -88 51 47 15 25 60 0 -37 97
-61 -19 55 24 -82 82 36 -84 59 -81
-29 -71 -91 -72 87 69 38 -21 91 1
45 -62 48 53 21 27 -90 -24 67 -69
-32 -47 30 53 72 -43 61 -40 49 75
-47 -22 93 -87 -42 -69 61 93 -20 -7
-4 80 -57 -13 -98 -81 -67 -20 -6 46
0 -93 9 82 -16 7 85 -60 -99 -48
27 -88 31 -31 -42 37 -50 8 -91 81
-33 -28 -99 15 -99 -92 70 94 -66 25
-48 7 -46 57 -5 -83 -3 49 31 47
9 0 -51 -99 -15 -86 39 38 -9 -44
-21 -37 -79 93 -62 -1 46 -31 90 84
-36 -59 -49 71 -24 -17 -87 39 63 -95
-9 -72 -8 -72 44 75 15 86 -78 20
46 -31 -26 -3 86 57 64 97 -78 -14
48 78 -92 -36 -36 -76 13 -67 -84 -42
-8 11 -83 17 -40 26 47 -33 -5 52
-74 -16 5 -92 26 85 49 -9 -71 66
19 11 16 87 -5 -87 -61 -69 33 37
91 25 -77 -88 3 56 -8 -66 -40 -74
-72 66 -66 19 76 65 -37 49 -53 -33
45 76 -22 -83 98 98 -87 -16 -68 76
44 -6 -61 -52 -46 66 -77 29 76 -53
17 -30 8 58 98 -68 -92 -2 -55 -58
54 68 -88 -97 -46 -34 82 20 2 -97
68 15 41 -2 80 -18 5 33 93 -32
-76 -23 -46 43 -18 -40 -37 82 74 -5
-5 -50 -91 -46 -99 -50 79 77 28 23
-73 -2 -38 66 98 45 87 -84 13 71
-91 -52 42 -11 75 65 37 -21 -4 18
68 -53 34 69 -4 75 43 2 -29 58
-45 21 26 -80 16 -71 65 -48 89 46
-34 23 37 -10 77 96 -81 79 -55 6
-97 -50 67 18 25 57 72 82 -66 12
66 17 46 -89 -98 -17 -78 13 85 -67
-54 -59 55 62 37 -4 -33 47 18 75
56 67 -74 46 -95 -31 18 75 -96 22
-66 -11 -73 33 3 -70 38 11 -81 -63
-12 99 52 39 -49 -52 98 15 -42 89
-77 -67 73 -22 75 7 36 -68 -6 69
99 -15 -52 69 -56 -25 -22 -42 -7 19
45 88 64 28 -77 -44 62 39 -7 63
-64 23 -3 -68 -22 -45 -69 -42 88 -20
31 71 34 37 -68 75 69 43 -12 63
79 27 -48 -3 85 -27 16 16 59 76
-97 -93 48 15 53 74 -7 -6 56 27
-64 47 58 -13 19 -62 72 -82 42 -87
-96 -86 -96 89 -64 2 47 64 97 -32
-43 61 10 33 -93 57 -95 6 81 81
-16 -64 89 -92 -45 -6 75 52 46 -63
