85 36 79 24 72 4 82 60 96 92 78 15 12 7 22 83 73 63 94 13 87 46 71 31 57 67 21 5 41 38 66 100 69 50 54 93 62 90 28 39 99 10 0 33 17 32 84 97 98 6 25 40 3 53 19 52 86 27 51 43 75 76 74 1 44 2 49 89 58 64 37 61 8 9 30 68 88 95 47 45 11 80 55 14 18 48 29 26 59 20 56 81 91 70 23 42 65 16 35 34 77
53 70 54 1 45 40 19 90 6 3 57 46 41 65 71 100 73 5 81 35 55 80 25 68 95 60 18 42 9 92 36 2 86 63 83 49 82 14 93 34 88 26 4 85 8 12 7 66 56 61 76 22 47 21 99 74 27 10 72 51 67 52 15 30 58 94 98 75 39 79 31 20 97 89 87 32 0 17 16 48 69 28 38 64 13 37 29 96 33 77 43 11 59 78 44 62 50 91 23 84 24
1 93 51 16 18 71 38 72 86 97 23 73 31 13 88 53 80 78 74 95 24 9 14 91 19 46 39 40 49 77 81 6 99 15 90 28 67 8 25 29 3 66 61 2 20 56 7 68 17 30 36 22 60 96 100 70 44 0 45 83 34 55 37 33 42 54 5 89 41 64 26 84 76 11 21 12 50 63 94 65 62 59 92 79 69 47 75 85 35 10 58 52 32 82 98 4 27 87 57 48 43
65 3 0 81 93 16 38 11 67 21 63 53 37 19 85 29 84 52 75 77 86 56 20 60 41 90 64 88 15 36 6 54 96 95 61 87 27 97 4 34 49 76 28 66 31 73 89 99 92 98 68 69 55 51 32 9 10 47 1 7 83 62 70 82 22 2 25 100 14 46 44 43 39 23 8 72 80 50 17 35 18 5 94 71 24 45 12 26 59 79 58 57 91 78 42 30 13 74 40 33 48
62 26 32 47 6 87 81 33 75 43 11 58 89 93 68 1 69 37 41 3 70 72 46 5 49 24 42 38 2 10 53 85 34 16 57 15 60 25 20 51 30 61 7 23 36 13 94 27 99 96 9 18 88 67 17 54 66 79 44 35 84 82 45 14 4 28 55 64 74 12 50 95 83 92 19 31 97 90 59 77 65 29 73 91 71 39 80 48 40 21 8 52 78 98 76 22 63 0 56 86 100
4 46 65 15 44 17 93 73 61 54 16 34 47 3 63 77 22 91 19 50 92 56 24 48 76 38 87 37 99 84 25 82 5 2 52 13 68 39 55 95 10 78 96 75 29 8 53 1 72 64 9 97 94 7 21 41 71 26 80 60 11 32 57 59 89 66 90 14 30 88 58 100 51 40 42 6 33 23 98 86 35 62 49 31 28 85 79 45 36 83 74 70 12 43 67 20 81 69 0 27 18
43 73 89 21 57 51 28 82 87 69 98 4 59 72 45 46 66 20 31 55 90 16 95 0 58 9 32 85 22 53 18 3 25 60 75 24 44 26 78 74 7 11 13 14 42 2 100 5 79 88 37 10 86 96 76 12 52 84 92 47 39 36 56 54 61 63 6 48 91 8 30 17 50 33 35 29 23 62 64 49 67 94 68 34 38 41 71 1 99 93 80 65 81 77 83 15 70 27 97 19 40
10 71 48 58 50 13 3 25 29 49 19 30 46 99 75 74 93 45 16 79 38 88 76 31 65 86 27 54 36 84 1 61 52 100 96 15 37 83 17 64 67 35 53 94 62 39 97 60 43 59 2 56 21 92 32 81 98 72 14 51 80 55 9 33 42 26 23 90 47 12 41 95 57 66 20 7 91 4 8 0 63 28 78 68 18 77 44 85 87 22 6 89 5 40 82 11 24 70 69 34 73
10 11 47 85 60 75 26 83 64 48 44 33 72 13 42 94 71 17 89 1 24 56 55 14 29 6 41 34 96 57 58 59 18 53 32 45 76 98 54 86 2 74 30 77 88 95 67 63 62 52 9 28 27 19 3 49 40 21 70 23 81 22 79 51 61 90 50 39 46 100 25 87 43 37 7 66 68 84 78 36 92 97 82 99 15 20 31 38 35 73 4 93 91 8 65 0 16 69 12 80 5
50 9 100 73 61 18 7 99 91 54 4 48 71 6 82 10 85 51 66 5 34 35 23 77 95 40 46 12 58 31 1 57 65 90 76 19 39 32 97 56 30 13 84 79 94 36 59 29 42 28 81 43 80 78 53 8 68 92 96 52 0 87 41 2 62 89 93 25 14 64 24 44 88 63 60 3 47 27 33 26 70 75 21 16 17 15 38 83 20 11 67 22 49 86 55 45 69 74 37 98 72
5 20 21 87 37 33 36 25 14 79 69 67 1 65 29 71 55 90 43 12 6 11 8 16 38 92 58 51 98 30 77 31 49 76 41 61 24 7 100 35 56 46 40 88 22 66 47 45 53 34 84 26 59 9 13 18 89 50 27 32 3 82 85 73 42 23 86 15 10 52 62 17 28 63 91 83 57 60 97 72 68 94 93 75 78 70 64 2 44 80 81 0 74 96 19 4 99 54 48 95 39
67 63 15 78 5 35 76 6 28 56 93 21 77 13 33 88 20 65 84 27 75 8 100 2 42 89 49 52 39 94 37 83 51 7 40 66 9 41 80 60 45 64 47 1 44 48 69 62 82 99 90 17 97 29 86 68 95 24 36 85 96 22 10 87 72 61 14 30 31 53 46 18 38 58 98 23 32 70 3 19 16 71 12 55 26 34 92 25 11 74 50 4 73 59 91 81 54 43 79 57 0
11 90 56 100 53 71 14 29 80 84 27 23 52 32 89 95 91 17 9 40 47 87 54 12 65 63 96 36 20 19 26 37 67 69 93 35 6 81 1 64 68 76 60 44 10 46 86 41 97 85 31 39 94 22 82 50 0 25 48 75 78 49 15 33 30 92 18 73 13 8 4 74 5 43 16 2 24 98 51 59 55 70 88 57 34 38 7 72 62 3 42 66 45 21 83 28 61 77 99 58 79
8 69 48 28 81 61 31 86 95 7 91 46 93 59 75 52 22 2 82 80 15 3 77 67 24 27 29 71 19 74 38 41 60 9 11 57 35 55 87 94 96 30 85 63 40 26 13 64 66 90 92 98 58 33 12 53 4 49 83 43 17 47 23 42 39 34 62 56 65 21 37 45 1 14 79 70 84 76 54 36 32 73 99 97 89 6 88 16 0 44 50 20 68 51 78 25 18 10 100 5 72
59 77 42 98 35 21 38 84 23 88 68 56 95 62 40 80 93 9 3 65 12 1 67 18 78 32 55 0 7 85 73 61 19 99 69 6 16 8 31 26 52 82 89 63 41 22 87 4 100 76 96 83 48 97 70 17 2 91 75 54 34 90 49 28 74 81 79 24 51 50 47 86 15 60 13 33 57 30 20 45 53 39 14 36 11 94 46 10 72 25 37 29 58 66 71 92 44 5 64 43 27
20 25 97 58 53 67 73 69 52 60 93 99 48 64 88 13 28 92 91 27 68 71 74 39 44 35 21 26 31 98 11 32 94 34 89 72 62 15 1 43 5 3 65 45 82 77 76 54 14 86 24 80 9 84 38 63 55 51 79 50 12 0 95 78 90 85 41 56 40 23 57 66 70 7 83 37 18 36 87 75 6 33 49 22 10 19 96 59 17 8 100 42 61 2 4 16 30 81 46 47 29
24 21 48 89 27 43 55 78 16 84 97 30 37 85 86 95 41 79 11 77 69 34 91 87 64 35 82 56 44 83 75 66 28 12 9 67 6 51 39 38 100 70 57 68 10 8 5 23 2 58 90 74 61 54 60 81 33 1 62 3 96 13 7 19 32 99 42 15 25 29 59 26 52 93 73 47 80 17 20 88 40 92 72 50 31 4 45 14 94 46 71 76 53 65 36 98 0 49 63 18 22
0 44 93 73 4 27 2 24 58 37 41 23 10 5 16 11 14 26 72 3 12 17 57 47 54 49 29 90 82 76 48 35 85 66 19 61 40 28 81 96 99 70 43 59 97 87 13 79 88 100 20 9 8 98 60 74 68 67 94 78 18 65 15 75 83 39 89 50 1 95 42 46 45 91 55 51 31 30 22 21 86 33 6 25 38 7 62 84 53 36 80 77 34 92 32 52 56 64 63 71 69
5 50 70 78 40 74 55 25 60 54 57 88 1 81 14 7 61 12 17 53 99 41 92 33 95 20 21 44 66 32 63 28 9 83 38 64 15 98 29 31 26 91 76 87 30 16 2 58 97 77 36 100 37 18 0 6 4 93 71 73 48 69 43 46 23 90 35 59 19 80 42 3 62 75 47 8 45 11 94 27 51 68 85 52 13 96 82 49 65 22 39 24 67 86 72 89 84 56 79 34 10
55 84 24 86 35 13 41 22 43 83 33 74 58 23 61 38 46 15 89 71 81 96 57 2 68 4 5 3 90 30 69 70 19 87 64 6 91 72 48 40 52 32 31 36 29 93 92 1 7 54 79 25 50 73 34 98 63 77 56 78 11 75 8 27 12 100 9 42 45 95 14 88 17 59 28 21 10 85 76 16 44 37 65 39 20 97 49 51 67 82 26 0 99 60 18 47 53 62 80 94 66
96 97 6 52 60 24 37 69 35 54 21 47 39 100 23 92 95 42 32 0 46 59 14 83 78 44 40 33 30 65 57 63 16 28 75 86 36 41 68 88 2 49 22 80 67 11 91 82 87 74 3 50 48 51 38 10 94 18 15 34 4 19 66 89 45 56 58 17 93 53 62 84 98 29 27 8 43 71 77 90 72 55 73 99 13 85 25 31 79 64 9 81 61 26 5 12 70 20 1 76 7
59 11 79 29 19 80 83 69 18 28 98 57 15 85 72 97 39 48 30 89 92 82 53 96 9 10 71 4 22 62 24 56 49 43 55 67 5 54 31 60 7 64 8 35 73 70 65 90 58 77 61 26 41 12 88 42 45 25 37 86 99 95 52 21 94 23 84 0 17 91 34 36 44 100 78 20 13 27 1 75 76 2 87 81 33 3 38 32 68 46 93 6 74 16 50 51 40 63 14 66 47
53 27 58 59 23 48 56 13 82 77 5 88 91 12 97 15 21 62 17 54 99 16 68 37 43 73 36 10 64 51 7 18 86 100 3 44 4 75 55 67 39 31 28 2 84 96 8 66 76 85 1 60 22 6 45 30 87 47 38 11 94 25 40 34 72 0 89 41 70 29 98 81 19 26 35 95 61 65 32 71 74 92 93 14 50 78 90 57 69 80 52 33 24 46 9 20 49 42 83 79 63
9 50 20 89 55 36 7 95 39 86 70 54 87 90 31 56 83 1 98 5 53 30 63 4 71 8 79 61 85 68 19 78 25 10 81 0 65 2 57 76 15 46 82 13 34 6 26 91 42 60 80 77 97 32 84 38 43 28 45 22 33 27 88 41 37 35 12 59 99 44 96 73 58 62 72 16 47 21 100 75 49 11 23 67 3 92 93 29 24 52 40 17 64 14 18 74 69 66 48 94 51
49 55 34 21 52 88 74 38 22 58 32 0 92 63 42 57 24 12 77 100 95 68 18 75 28 97 60 48 33 70 19 30 4 82 20 10 8 23 61 9 79 11 65 1 50 16 35 41 2 69 27 46 56 29 62 44 47 84 80 31 85 17 43 72 25 86 93 54 96 26 87 45 76 98 15 91 59 73 53 51 37 40 71 5 83 89 7 78 14 39 36 94 66 67 13 99 3 64 81 6 90
88 95 37 63 26 81 3 44 57 38 61 52 85 2 43 21 32 53 47 18 5 60 86 27 4 30 87 45 78 79 74 39 25 16 29 14 67 20 13 24 8 69 90 76 0 28 40 65 46 48 99 92 77 97 94 82 100 7 23 41 70 93 56 36 42 83 35 6 64 72 9 51 50 49 12 19 59 11 54 17 55 22 96 58 1 71 62 33 84 73 98 68 15 91 10 34 89 80 66 31 75
19 85 30 43 78 63 52 62 69 23 88 10 73 68 11 76 13 45 1 14 94 93 53 2 15 29 25 31 87 79 6 36 81 34 98 32 39 9 3 75 22 26 4 58 99 97 57 41 18 90 64 5 86 89 96 92 20 51 65 70 95 27 67 16 100 82 59 0 49 38 28 46 17 12 72 44 42 55 60 54 24 8 50 77 74 91 83 61 33 47 56 40 35 21 71 37 84 7 80 66 48
15 37 31 17 74 57 12 20 72 54 86 38 92 62 10 0 33 79 9 11 22 13 46 81 69 34 7 53 61 97 76 93 50 85 88 77 48 71 68 83 35 66 47 8 91 65 90 94 78 36 87 18 32 84 25 26 2 70 58 64 21 14 73 28 27 59 29 24 6 80 30 98 43 4 51 42 23 55 44 75 67 52 19 49 100 95 63 5 16 96 45 99 89 39 56 40 1 60 41 82 3
74 95 84 22 25 86 82 90 11 14 81 61 78 46 93 3 2 8 64 49 7 96 18 38 52 89 35 87 58 48 1 42 13 56 100 24 15 20 62 54 79 23 45 76 34 26 41 31 99 5 32 53 68 91 4 83 77 57 16 10 27 9 37 72 66 36 55 12 85 43 80 70 21 94 28 6 17 69 44 88 29 92 47 71 67 40 39 30 51 97 65 50 60 75 0 73 98 19 59 63 33
30 94 29 97 36 38 50 18 7 2 90 8 22 72 64 63 91 62 25 40 76 68 3 78 47 48 41 49 96 12 51 23 9 14 43 37 20 15 61 70 31 4 75 85 11 81 45 86 99 21 60 80 55 89 32 39 59 46 100 82 74 34 26 71 52 88 93 24 28 73 10 87 33 77 83 58 17 95 98 54 44 35 0 92 67 16 19 56 5 42 84 1 53 66 69 57 13 6 79 27 65
64 18 53 32 70 2 4 93 35 48 8 57 50 44 43 31 19 91 94 6 37 89 83 25 5 23 73 71 85 0 100 76 79 75 52 97 90 29 11 34 40 3 78 65 14 68 96 10 22 24 13 98 62 28 74 61 46 55 33 66 38 21 20 41 77 16 15 17 1 49 51 95 59 82 86 7 9 67 87 56 27 60 45 26 30 99 12 69 58 84 42 81 54 72 88 80 39 47 92 63 36
30 38 68 47 92 49 95 66 50 90 8 58 87 54 29 64 19 56 94 24 81 25 11 41 61 62 33 97 44 86 99 80 7 78 51 4 55 9 88 60 23 34 10 20 39 96 85 21 91 76 100 26 17 37 28 35 1 71 48 0 75 67 14 16 42 57 2 77 52 6 70 31 15 3 59 93 74 40 12 43 5 32 98 63 18 83 27 84 69 36 53 73 89 46 82 45 72 79 65 13 22
99 29 43 9 17 7 64 48 95 76 32 53 30 84 62 44 34 27 88 87 100 46 65 82 91 55 22 24 45 14 36 50 57 78 28 31 6 63 38 5 98 72 58 67 21 86 59 51 23 60 4 75 97 47 10 11 66 18 54 90 56 20 12 96 39 37 79 33 42 40 1 94 52 49 89 61 70 71 74 73 69 3 41 26 16 81 19 92 25 80 0 68 13 8 15 83 2 85 35 77 93
47 98 3 29 64 18 58 70 91 16 53 26 43 14 76 0 55 85 19 9 13 1 97 96 31 22 88 17 35 36 38 10 42 74 87 100 65 75 86 59 25 83 72 52 20 69 45 84 5 61 99 48 39 73 21 33 60 28 37 4 89 32 44 34 54 57 95 27 8 15 93 71 79 23 51 80 50 67 90 40 12 41 92 11 30 77 2 56 7 82 78 68 46 81 63 66 49 62 94 6 24
34 17 32 99 72 4 78 18 79 7 95 84 82 23 100 58 33 75 0 59 37 40 55 88 71 90 93 54 45 62 65 31 83 48 53 28 89 26 36 87 25 50 6 29 38 22 27 43 12 16 47 57 5 86 1 8 15 77 24 98 49 91 39 81 74 85 61 3 30 14 76 63 73 67 19 80 46 51 42 52 68 70 41 35 13 97 56 11 66 92 10 21 20 9 69 96 44 60 2 64 94
47 28 79 60 77 72 8 27 1 2 3 24 98 100 87 68 11 52 49 30 35 89 80 95 53 12 97 39 44 64 82 6 16 54 40 55 65 86 62 61 76 10 32 9 66 14 84 70 71 23 5 34 78 90 88 25 43 38 57 13 73 51 83 85 93 4 46 96 42 50 31 20 63 92 7 18 74 99 59 45 26 75 58 15 33 37 48 29 21 56 36 0 69 41 19 22 94 17 67 81 91
37 96 39 98 3 76 92 68 45 35 55 100 13 10 95 41 59 74 31 81 29 6 34 17 51 14 12 93 27 40 44 38 58 49 22 0 87 54 28 30 73 72 33 71 61 19 89 53 18 65 5 85 63 2 24 56 70 60 86 66 48 16 62 36 90 99 26 7 69 46 84 50 23 15 77 21 52 78 57 20 82 9 25 91 83 47 94 8 43 64 32 1 42 97 88 80 67 75 4 11 79
18 46 58 91 54 57 98 29 43 39 24 38 0 23 17 66 61 8 71 70 49 62 72 45 5 97 65 69 21 87 12 82 13 2 33 6 34 28 11 1 7 63 36 83 92 89 81 80 48 47 55 75 84 68 41 19 32 40 10 27 14 86 85 3 20 26 67 96 56 60 79 76 100 4 59 16 37 15 94 30 78 73 52 25 93 88 42 9 99 31 35 50 77 53 22 64 51 95 90 44 74
82 48 46 11 38 78 19 15 5 40 56 41 52 36 28 16 81 4 43 70 39 25 33 50 94 93 57 34 62 86 77 100 18 31 88 32 65 95 27 3 47 68 69 74 13 83 49 87 89 85 61 92 66 21 72 37 42 51 2 91 79 54 10 64 35 9 76 73 20 7 0 80 71 45 1 17 23 22 12 84 60 75 29 30 90 59 97 44 58 98 55 8 99 24 26 96 63 14 53 67 6
74 85 37 26 76 15 55 32 81 61 39 41 29 91 25 3 72 49 33 7 35 16 12 65 34 56 0 63 60 30 8 96 66 23 75 73 97 57 70 38 69 78 27 53 88 9 79 59 36 89 83 19 99 20 90 95 86 10 21 94 62 48 92 64 1 71 80 43 47 87 98 2 22 44 24 68 58 82 14 5 93 52 100 45 84 67 77 40 42 11 6 51 50 4 31 18 17 46 54 13 28
83 46 16 75 7 53 64 2 93 95 96 18 99 62 3 58 56 88 15 65 44 89 92 57 60 25 43 22 9 27 34 87 77 5 82 38 85 55 8 59 72 76 37 91 78 40 86 90 100 84 45 49 23 4 19 81 20 68 94 67 69 52 74 12 79 6 71 47 54 42 39 17 30 28 32 73 14 31 10 33 13 80 26 35 50 21 66 61 98 70 41 51 48 1 97 63 0 11 24 29 36
38 46 72 86 62 28 76 15 80 61 8 0 65 6 7 68 66 42 45 11 93 32 49 54 97 67 77 75 99 52 44 43 91 33 22 82 69 2 60 30 74 19 47 12 37 25 36 10 26 48 78 55 94 20 84 71 31 63 1 87 21 3 88 13 27 16 73 59 58 92 70 50 18 83 4 56 23 5 39 29 64 85 9 51 90 79 100 98 81 40 41 96 57 14 35 34 53 24 95 17 89
3 47 21 6 82 91 99 59 61 19 80 85 40 95 60 73 46 98 87 35 54 100 49 62 44 8 96 43 7 20 78 92 90 37 25 52 32 66 97 1 55 48 58 93 15 50 13 28 4 69 72 36 24 71 42 68 64 26 56 45 9 65 18 39 83 5 57 31 75 22 94 84 63 10 23 29 53 88 34 76 86 51 77 14 79 12 41 74 11 70 33 27 89 16 67 2 30 17 38 81 0
18 33 10 39 89 43 63 73 79 21 91 37 12 19 57 70 97 4 80 3 5 31 34 76 92 25 74 13 45 30 56 23 38 100 83 1 35 64 42 16 67 68 93 90 61 28 27 14 51 40 82 41 7 24 50 69 32 96 36 46 98 2 65 29 47 6 20 22 49 81 15 53 94 8 87 54 95 85 0 48 55 72 84 66 26 17 58 71 86 88 62 77 59 60 75 9 11 44 99 52 78
70 94 62 89 69 80 23 95 75 73 25 48 67 28 33 5 30 46 87 27 41 42 78 14 56 57 16 85 6 21 60 52 9 72 26 51 45 19 35 92 4 97 59 31 44 81 8 17 88 66 47 7 29 49 54 71 63 61 40 38 93 50 65 96 86 13 32 43 64 1 76 37 2 15 22 0 24 91 10 3 68 18 79 100 55 20 12 83 77 90 36 84 11 82 98 99 58 34 53 74 39
4 24 66 42 62 0 87 50 8 34 56 53 27 46 14 76 78 23 81 61 35 38 95 11 40 17 99 44 96 80 47 67 89 7 10 57 68 54 52 94 49 30 60 97 63 33 55 20 100 84 98 37 16 59 92 93 69 75 70 19 22 32 64 86 48 77 88 9 91 31 15 72 90 2 82 43 74 45 85 18 73 83 1 12 79 58 28 36 65 21 13 51 3 71 6 25 29 39 41 26 5
64 46 49 50 66 63 8 13 58 86 98 38 5 52 29 62 33 27 73 70 67 4 21 11 7 77 18 75 83 2 31 76 42 65 78 37 28 16 24 39 90 17 1 34 80 6 10 26 61 89 96 87 35 95 44 47 48 15 40 0 23 85 72 45 92 69 59 91 51 57 81 14 71 32 94 88 3 99 79 60 97 56 36 12 53 84 82 100 22 55 54 19 68 74 20 93 25 43 30 41 9
46 100 85 68 48 88 73 80 42 79 54 70 40 18 15 49 55 34 51 26 8 22 35 37 62 50 78 83 87 21 31 16 12 71 9 57 94 44 1 7 82 97 39 20 66 90 75 0 13 96 61 93 4 25 3 59 53 5 81 77 89 41 45 92 30 95 14 43 32 56 98 86 6 17 60 23 99 63 74 65 24 64 84 10 47 33 27 91 11 52 58 36 2 72 29 19 38 28 67 76 69
36 35 94 11 89 29 26 45 42 12 9 47 33 2 80 18 40 93 70 85 52 76 3 92 5 86 28 4 7 82 99 39 65 73 27 69 6 32 68 75 30 0 74 91 24 53 46 57 55 95 20 66 72 54 64 61 51 84 62 23 25 41 50 14 22 13 56 67 38 90 37 58 97 31 79 43 83 78 88 16 96 63 59 15 100 81 48 17 19 71 34 49 77 98 60 21 8 10 87 1 44
23 4 21 20 36 84 10 86 55 58 85 11 72 100 93 60 22 19 53 38 46 48 37 50 12 57 0 63 88 2 79 62 97 39 75 83 5 89 73 1 64 80 71 13 17 74 43 56 25 98 42 18 95 67 15 61 14 82 90 94 31 28 59 44 66 81 70 78 41 6 69 8 7 77 30 47 65 9 33 29 32 96 51 26 3 54 35 68 87 92 16 45 52 40 91 24 76 49 27 99 34
80 32 87 82 91 100 30 95 64 48 37 1 46 71 75 28 38 57 56 15 97 98 54 50 78 66 52 77 85 96 79 73 83 4 47 16 34 25 76 20 60 90 13 58 18 26 61 55 89 51 22 45 14 33 49 31 81 23 27 67 43 68 3 70 74 21 42 59 19 10 41 2 36 72 7 86 39 92 6 65 62 29 69 84 44 88 17 40 93 24 53 63 0 99 5 9 8 12 94 35 11
94 89 80 44 65 81 13 82 7 45 64 55 22 42 86 54 73 20 71 29 27 95 56 1 60 100 83 68 17 4 30 58 79 50 39 40 36 91 5 51 9 26 59 52 8 72 0 2 11 6 10 24 90 61 67 32 76 12 19 43 84 98 37 31 93 63 33 77 78 34 23 66 14 57 96 92 99 47 49 53 70 15 75 16 62 3 69 21 48 28 18 35 88 87 25 46 41 97 74 85 38
34 59 64 0 49 55 14 10 20 97 95 54 83 44 35 51 18 42 29 52 39 99 19 86 32 70 40 68 9 22 76 74 94 31 15 85 30 2 90 69 3 37 77 87 7 84 73 56 92 36 81 25 48 82 80 63 67 21 91 33 38 62 26 57 1 66 58 4 72 98 13 96 60 79 46 50 43 47 88 89 24 28 100 41 75 61 11 65 53 71 17 12 78 45 6 16 5 8 23 27 93
53 33 37 19 11 50 42 56 35 65 66 12 86 32 98 89 83 68 15 62 52 29 55 78 26 92 27 0 25 2 73 38 30 17 28 41 44 24 4 47 31 16 60 57 76 8 88 10 5 46 79 67 69 49 18 80 39 13 70 14 63 1 20 74 40 97 99 36 75 90 85 82 84 72 45 94 58 81 22 54 91 23 100 95 64 51 77 96 61 71 9 21 93 48 3 87 7 43 59 34 6
59 17 84 47 50 51 24 35 28 1 58 72 38 67 31 34 92 97 36 66 12 83 33 94 53 55 80 54 29 39 62 46 26 61 37 88 96 43 14 13 56 65 76 4 3 98 2 81 86 90 79 77 87 8 7 48 60 68 52 0 42 27 40 9 6 70 99 45 23 95 69 20 73 82 16 57 19 89 11 25 5 74 15 71 41 64 78 32 21 93 49 22 44 85 63 10 91 75 30 18 100
4 2 16 24 14 20 25 19 12 84 9 57 52 93 81 83 26 27 89 92 79 75 64 31 23 49 30 7 82 36 69 73 44 98 42 37 86 5 87 88 78 59 21 72 6 68 70 67 76 60 53 91 100 0 48 3 8 43 80 10 28 33 32 17 22 85 61 51 34 58 71 90 11 96 65 94 55 41 29 54 62 39 15 77 63 1 46 97 95 13 47 35 66 18 99 40 74 45 56 38 50
51 60 80 10 21 29 6 1 32 48 89 87 98 47 79 93 66 90 91 58 26 7 73 18 61 88 27 54 45 2 86 77 69 53 11 37 15 78 99 17 84 12 59 24 72 94 52 92 23 74 39 95 97 41 3 0 55 31 46 82 5 57 64 16 63 34 36 25 35 96 20 56 28 42 50 9 75 14 13 30 44 67 76 70 38 62 100 49 4 81 71 8 65 68 40 33 19 85 22 83 43
20 25 1 0 78 47 49 100 54 58 33 44 83 76 28 12 84 60 66 48 35 77 15 92 80 57 52 10 94 42 64 95 53 8 96 68 5 61 24 9 50 3 39 23 36 46 19 7 22 56 32 81 40 17 69 31 26 16 51 67 14 74 2 72 43 85 90 98 55 63 86 88 38 13 89 59 18 4 37 21 6 99 75 45 65 34 41 27 97 82 29 91 30 11 62 70 93 87 73 71 79
99 17 74 65 70 66 3 29 81 28 8 76 95 84 63 25 22 33 78 93 20 94 68 7 42 9 60 11 98 100 5 40 49 82 71 51 14 2 52 37 67 86 50 21 91 61 55 80 96 44 12 83 13 77 88 79 18 72 32 35 87 15 45 46 0 58 1 26 31 4 92 90 47 97 38 62 30 39 57 6 19 16 64 53 43 24 41 89 54 27 56 59 69 48 34 36 23 73 10 85 75
18 75 48 96 55 39 36 42 12 20 46 41 4 71 10 59 8 22 15 35 23 30 82 66 7 5 0 80 81 16 17 11 88 70 95 79 28 33 32 52 58 65 87 40 45 78 57 21 51 37 73 49 100 9 74 77 34 2 68 97 6 72 62 26 47 98 50 89 92 94 61 56 83 1 85 90 19 53 29 13 84 24 93 99 67 3 91 31 44 14 54 76 64 69 60 63 38 25 27 43 86
34 31 82 32 7 99 25 81 61 90 12 83 39 35 37 48 94 43 29 41 93 9 30 73 10 36 15 40 14 80 86 18 92 51 33 1 11 50 46 67 76 53 68 84 6 2 17 64 16 70 69 89 98 8 5 71 88 97 96 100 23 95 62 60 28 57 24 58 56 47 26 49 77 4 78 66 21 74 19 75 52 22 72 44 27 45 59 65 13 79 87 91 38 42 0 54 20 63 85 55 3
88 57 11 48 8 32 45 75 20 89 40 3 44 50 73 37 23 78 24 99 62 65 29 19 74 86 34 66 97 85 69 98 80 47 36 33 77 84 81 100 79 96 93 72 92 16 67 76 64 52 51 26 31 14 82 7 91 10 87 28 2 12 35 21 90 53 94 42 58 39 6 18 17 70 60 38 9 68 5 63 54 1 15 43 61 71 83 56 41 49 95 4 59 27 30 55 25 0 46 22 13
82 57 68 13 20 52 93 100 28 15 80 85 31 91 81 40 51 60 45 21 55 16 74 4 62 26 70 97 18 90 58 50 49 83 38 37 24 17 76 46 72 89 8 23 98 47 7 5 9 22 36 73 75 66 99 59 84 12 30 27 79 69 86 78 6 2 25 94 0 96 1 67 71 63 61 41 54 3 77 88 39 19 48 33 14 44 43 35 34 95 53 92 32 65 11 29 56 10 42 64 87
61 22 69 26 73 33 25 51 92 37 10 91 99 8 50 16 67 88 90 100 6 17 20 53 80 7 94 36 71 11 79 96 44 18 95 49 65 31 72 48 66 21 85 83 27 54 64 42 84 56 63 43 29 12 62 59 14 39 86 34 4 24 30 38 2 35 41 58 78 5 23 28 9 19 76 98 15 40 1 55 0 81 93 70 74 97 3 75 89 45 47 32 77 13 68 52 82 57 46 60 87
43 54 16 25 82 2 12 74 69 37 58 51 22 35 3 0 86 81 100 9 68 59 65 23 75 53 24 96 46 79 18 34 8 40 64 7 48 47 30 90 97 11 73 21 89 52 39 13 20 76 19 14 32 91 33 56 98 66 78 77 99 95 57 87 93 63 1 17 62 15 26 45 72 5 29 49 4 70 38 60 6 94 44 55 71 85 41 36 67 84 28 42 31 27 83 92 50 88 61 10 80
78 53 2 33 100 71 32 60 27 86 34 84 91 12 28 56 49 31 47 79 69 99 85 74 92 67 35 98 50 20 96 36 14 93 42 88 46 94 26 70 58 18 24 8 7 59 89 81 54 4 97 80 17 61 45 41 95 6 19 13 82 22 77 51 48 73 40 76 66 37 57 21 75 0 63 23 3 52 44 39 5 90 38 29 9 72 55 30 25 1 83 87 43 15 65 16 11 62 10 64 68
82 4 6 57 44 75 35 5 61 32 52 16 45 29 25 74 50 88 54 93 40 95 26 77 38 98 7 81 85 79 1 31 23 80 59 20 84 67 65 19 55 87 89 71 53 46 36 18 92 64 83 73 39 48 94 76 90 96 49 14 58 17 28 0 42 43 41 12 10 24 22 8 97 34 86 30 27 72 51 15 37 99 11 91 21 70 2 68 33 62 78 3 47 9 100 66 60 69 13 63 56
86 28 14 50 32 42 92 95 38 97 30 54 89 41 57 75 98 12 85 39 9 1 36 69 7 62 96 19 76 5 33 88 51 68 44 23 78 31 8 27 60 40 91 37 47 83 94 90 59 73 25 100 56 48 58 81 15 24 46 49 82 61 93 43 79 2 74 66 21 13 64 6 45 29 55 63 87 0 70 84 77 72 67 3 26 71 53 17 99 52 16 20 65 22 11 4 80 10 18 35 34
88 15 43 100 18 22 65 79 9 39 35 92 5 96 6 49 41 47 37 95 11 68 73 66 20 28 40 84 90 4 97 21 19 33 34 62 12 80 76 67 30 98 69 10 56 55 78 87 8 94 29 38 46 24 53 72 0 52 59 45 36 51 81 13 61 82 42 44 99 74 75 2 91 86 48 23 85 77 26 3 83 50 14 25 16 17 31 60 1 89 58 64 71 93 32 70 63 57 7 54 27
14 43 39 50 32 93 77 51 78 38 41 4 62 87 48 71 18 89 65 54 45 97 99 1 8 86 98 76 74 46 91 66 3 25 90 100 88 16 55 69 13 24 67 92 49 75 26 52 17 82 22 40 59 81 11 72 20 83 79 60 6 5 35 63 30 96 31 23 10 27 0 7 44 68 36 15 28 19 70 37 12 47 84 94 58 95 21 34 9 29 57 2 61 33 80 73 85 56 53 64 42
70 15 58 51 98 10 79 60 11 32 96 46 4 53 31 39 20 19 89 26 52 35 16 22 27 49 56 97 29 9 57 81 80 33 73 88 63 12 8 68 74 59 99 2 0 61 84 44 66 43 54 95 21 40 38 28 37 92 94 72 14 5 93 75 42 34 69 100 18 24 55 90 62 30 78 91 50 86 36 71 41 85 7 48 45 13 47 77 65 1 64 83 17 23 3 67 6 87 82 25 76
79 52 60 89 47 78 61 54 87 97 92 62 77 8 68 94 13 9 3 18 49 15 90 36 83 20 12 43 56 50 29 58 67 85 66 59 69 95 11 40 34 100 74 55 0 64 93 86 21 32 82 70 10 88 5 39 38 25 16 14 75 35 57 33 28 44 17 46 1 51 98 84 76 71 53 19 27 26 22 41 45 31 30 99 37 4 72 65 73 96 80 6 91 2 7 63 24 23 48 42 81
12 95 71 64 23 5 10 29 25 67 9 69 42 16 68 22 57 87 19 96 80 52 4 50 90 85 58 84 49 66 41 34 78 45 82 15 59 93 100 28 56 77 35 7 31 81 20 46 36 55 63 92 79 38 18 32 21 2 75 1 61 54 83 62 72 17 24 26 0 70 60 27 76 99 39 48 86 98 97 8 44 88 11 89 40 65 30 94 73 47 53 51 91 37 43 6 33 3 14 13 74
19 65 47 35 60 36 13 11 56 98 83 6 58 69 71 45 64 53 99 43 2 87 92 40 9 1 10 18 88 28 41 68 29 91 59 62 51 61 85 70 44 52 34 90 67 8 55 95 30 84 24 16 63 38 23 3 72 79 89 66 82 7 86 4 33 46 39 21 32 31 57 100 75 20 17 74 80 15 78 25 77 73 22 14 96 5 54 26 42 93 12 27 0 81 76 94 48 50 49 37 97
8 11 69 92 16 0 67 77 52 82 59 47 95 68 3 75 72 43 64 14 83 66 37 55 35 25 63 40 19 93 28 61 34 65 91 18 4 62 73 1 53 51 85 50 12 22 97 6 38 36 27 81 15 2 29 89 21 44 87 48 74 94 30 41 7 56 5 88 32 17 96 71 9 13 70 23 79 45 39 26 31 86 33 60 98 100 42 80 49 76 10 54 84 78 90 46 57 58 24 20 99
51 23 27 39 43 22 45 74 36 40 30 10 89 18 41 50 97 15 9 13 38 80 42 60 48 37 85 82 17 2 31 98 94 90 59 56 33 63 5 29 53 72 84 71 3 0 1 91 78 32 64 28 4 6 95 20 68 16 12 75 34 92 88 83 70 61 65 8 62 93 67 19 81 77 99 35 100 26 55 76 57 87 73 79 44 49 58 7 86 66 46 21 96 24 11 54 69 14 25 52 47
87 48 23 41 72 7 18 10 93 49 9 37 54 34 79 51 74 70 81 83 0 16 80 66 44 100 78 17 35 1 56 19 33 20 2 75 97 42 69 61 47 85 43 92 68 99 95 62 94 82 96 29 6 21 38 73 11 59 8 12 91 28 89 13 63 50 65 77 39 5 53 67 60 86 90 76 31 98 4 32 46 52 3 24 22 25 15 14 45 40 84 71 88 57 64 55 30 26 58 36 27
65 96 74 56 9 45 79 86 39 41 92 34 29 44 91 71 95 18 6 17 38 88 85 40 33 69 32 46 61 1 54 98 97 5 42 15 87 27 20 12 43 82 50 0 36 28 4 90 22 52 31 78 76 73 63 14 89 81 60 93 70 55 8 11 84 62 49 66 25 83 58 37 16 21 7 77 94 30 13 72 67 80 10 100 47 24 75 53 99 64 19 68 48 51 3 59 2 57 26 23 35
72 87 19 90 82 10 25 51 57 78 36 86 0 55 89 15 45 11 70 64 12 99 94 33 60 67 62 2 21 93 18 77 16 34 32 83 31 76 85 27 54 40 74 41 58 63 20 49 92 59 35 91 68 97 80 22 3 26 17 37 66 71 69 96 29 4 1 23 30 42 61 88 13 52 98 56 9 44 8 24 48 81 75 79 84 7 47 95 6 50 39 53 14 5 65 100 38 46 28 73 43
66 45 0 34 52 35 12 63 25 42 65 99 95 33 9 73 16 90 60 53 100 11 30 1 46 10 58 93 47 69 27 75 89 7 91 2 17 62 4 37 74 76 3 8 26 15 6 59 87 38 14 36 83 71 61 82 55 92 49 67 22 80 48 39 57 24 41 77 79 18 64 84 68 54 78 40 72 88 31 56 28 23 70 13 96 50 19 32 98 51 85 86 94 29 43 44 97 20 5 21 81
91 25 49 15 14 72 70 46 21 2 12 54 86 6 99 58 17 52 98 75 20 28 4 23 39 35 56 33 82 11 3 19 93 13 32 84 74 27 16 92 45 31 95 34 41 79 50 83 42 22 80 10 0 88 5 67 55 37 43 81 94 24 53 97 100 96 38 1 73 29 57 78 8 77 65 89 63 26 62 48 64 18 87 40 51 85 68 30 59 7 36 90 69 61 9 71 44 47 76 60 66
55 54 57 47 59 5 43 41 88 29 22 56 68 63 73 37 70 23 3 61 14 60 53 66 78 45 40 81 72 36 58 27 12 42 85 11 97 48 25 13 7 46 2 21 75 0 1 84 10 92 76 31 65 99 87 38 39 64 18 8 34 19 49 33 6 20 17 35 50 96 90 32 71 74 26 28 52 89 95 83 62 94 16 4 44 93 80 67 98 100 79 69 91 9 86 30 82 15 24 51 77
59 35 0 17 50 31 61 43 37 30 36 51 91 76 71 63 25 97 2 93 58 38 22 47 84 77 82 99 66 45 98 60 29 52 5 39 75 27 55 11 96 69 49 10 94 16 79 100 85 83 89 48 67 72 34 41 18 1 56 4 26 86 44 81 33 3 65 21 73 78 23 20 46 62 32 95 6 28 92 24 80 15 53 64 7 68 87 90 40 12 13 9 88 14 54 8 74 19 57 42 70
4 67 1 52 40 8 17 92 56 81 9 93 47 80 90 57 65 96 59 78 97 27 63 11 83 26 94 91 100 76 58 12 49 60 31 7 42 88 44 50 41 34 86 33 85 82 69 18 29 36 99 73 14 48 15 16 79 89 10 55 24 13 53 68 61 25 23 19 0 6 46 32 37 38 30 21 70 39 20 62 72 64 2 51 35 87 95 77 28 66 71 45 43 5 3 22 54 98 84 75 74
54 32 22 7 75 24 47 17 21 79 82 57 40 0 49 1 12 31 44 74 29 68 48 89 13 86 93 87 23 77 73 98 66 81 83 65 58 62 91 15 85 28 45 67 55 99 35 34 61 78 8 59 3 43 90 96 5 39 4 33 36 60 46 41 6 18 56 9 27 71 97 25 19 30 38 76 64 2 53 70 72 52 80 51 14 10 20 88 100 84 92 95 26 50 94 42 11 16 69 63 37
3 96 42 62 23 30 63 75 72 80 67 4 74 56 10 11 36 48 54 28 59 21 77 14 31 100 89 7 93 8 66 94 17 51 82 91 86 9 92 65 87 78 18 69 19 95 33 61 25 41 24 34 22 53 39 81 2 57 90 64 79 76 26 46 52 68 50 13 1 35 60 15 27 70 0 99 88 5 98 32 40 12 83 43 45 16 58 49 38 97 37 6 85 71 47 84 20 29 55 73 44
14 21 13 9 52 92 66 70 48 74 60 18 35 86 10 71 20 62 83 31 11 72 68 30 98 8 55 57 89 90 40 0 69 2 56 97 26 34 53 1 36 88 94 73 87 25 77 80 17 75 46 51 64 39 33 65 16 99 19 95 61 23 96 54 50 41 100 67 15 4 44 91 24 84 43 37 49 7 27 5 29 93 78 45 12 81 82 6 59 38 79 3 76 47 63 85 28 42 58 22 32
54 69 44 64 32 96 38 39 84 79 70 40 10 42 5 31 87 41 74 81 53 25 78 20 24 55 37 23 93 17 90 95 83 91 27 58 85 56 89 72 46 34 68 8 59 22 13 92 100 21 50 61 19 11 80 51 47 43 57 88 16 62 99 45 67 7 65 15 49 66 35 14 97 29 63 75 33 77 12 71 36 3 60 0 86 76 9 52 2 30 28 6 4 98 94 73 82 26 18 1 48
25 98 43 3 0 74 65 64 50 44 83 37 29 53 30 27 51 36 56 9 93 76 41 78 86 8 19 100 80 85 96 84 79 88 91 82 55 97 73 75 87 70 12 47 58 48 69 35 90 34 42 6 40 18 61 31 60 13 14 24 54 23 95 45 5 72 20 81 1 63 71 17 66 92 15 57 68 26 28 77 59 67 38 99 39 32 49 94 21 7 52 4 62 33 11 16 10 46 2 89 22
99 11 35 5 0 29 72 100 47 78 62 38 42 10 28 27 26 3 95 41 91 8 46 68 49 83 94 60 17 90 96 54 66 64 13 34 98 21 40 74 92 7 32 69 19 52 87 67 23 36 37 14 30 18 97 89 31 16 22 48 93 86 80 44 71 76 85 57 53 77 61 70 15 25 39 20 9 59 63 45 33 24 43 55 56 82 65 84 73 12 6 75 81 2 51 1 88 4 58 79 50
37 19 10 59 13 84 65 94 14 34 41 48 32 42 54 91 98 66 15 64 99 17 5 55 62 1 77 40 90 9 43 73 57 53 50 12 72 96 30 81 38 20 25 97 21 28 51 56 63 46 26 0 60 45 29 88 100 95 74 52 23 70 36 2 3 92 76 22 79 47 86 6 78 68 85 83 39 80 49 4 87 18 35 93 71 69 11 44 24 61 89 75 7 82 8 67 16 33 58 31 27
96 31 86 15 44 0 99 64 57 37 65 61 8 40 42 11 72 94 78 33 88 21 14 82 60 74 75 83 24 56 53 36 18 25 5 66 97 19 77 90 48 22 71 34 93 41 89 6 17 84 27 16 28 47 68 85 58 51 10 3 69 62 30 59 54 80 32 81 1 73 98 7 50 29 12 13 9 43 23 95 26 52 67 45 63 87 70 39 2 76 4 79 38 92 49 55 20 46 35 91 100
19 47 74 34 8 46 1 100 40 67 0 31 66 98 81 35 23 21 95 45 68 89 52 29 3 20 57 28 13 37 78 54 9 80 24 43 22 93 16 7 72 85 25 70 50 97 42 82 26 87 88 96 5 12 10 55 94 44 51 18 36 75 56 11 53 58 65 6 83 91 76 2 15 59 48 77 73 32 60 99 14 38 4 90 27 79 92 17 69 64 71 62 61 63 30 84 39 33 86 41 49
69 14 86 33 43 35 17 3 70 20 76 25 37 8 21 64 31 30 93 85 97 98 39 40 74 77 36 46 78 2 32 10 61 100 22 11 12 4 51 89 18 71 72 19 59 67 38 81 88 68 0 44 5 56 65 45 55 62 6 96 24 82 75 73 95 27 9 60 92 1 57 53 7 13 99 87 94 28 16 52 29 90 48 58 91 41 47 83 15 63 50 66 23 26 80 34 42 54 49 84 79
9 70 10 77 48 81 19 93 79 60 32 71 76 85 41 2 96 65 62 33 7 23 59 18 31 24 80 12 67 72 28 43 6 57 44 37 95 46 25 21 17 5 68 53 56 83 98 3 11 51 50 26 89 20 73 42 69 13 64 61 52 75 88 27 8 97 14 35 22 38 100 66 49 58 78 1 15 90 16 47 4 54 39 99 91 84 74 63 0 29 30 86 34 87 40 94 55 36 82 92 45
39 35 97 72 95 40 93 37 49 27 29 91 98 20 90 75 47 83 99 88 50 12 74 44 42 41 14 0 78 24 70 61 89 18 1 48 45 36 52 57 55 30 84 77 33 32 82 46 7 53 26 65 66 62 63 23 25 92 76 81 87 4 38 5 21 11 19 69 16 43 67 56 73 2 100 85 79 51 10 22 80 13 15 60 6 59 96 71 8 28 58 94 17 54 34 68 3 31 9 64 86
50 24 47 25 15 41 77 22 29 63 91 84 64 74 81 8 96 72 34 32 11 55 18 93 65 68 95 87 70 35 33 19 16 86 1 42 52 26 89 44 78 60 79 90 88 51 39 10 49 36 82 66 3 2 85 14 6 40 57 67 83 0 20 98 75 76 92 43 37 100 53 80 13 73 99 7 54 23 69 17 48 28 27 31 9 46 97 30 56 59 62 71 4 21 61 58 5 45 12 38 94
26 31 12 88 24 56 74 42 59 1 41 86 91 63 35 82 19 13 9 43 46 45 48 7 5 22 81 21 79 99 66 89 4 3 52 51 38 100 36 85 69 77 60 50 40 57 71 83 37 64 17 10 70 30 73 65 18 95 28 47 72 32 49 8 27 25 96 29 53 23 68 87 67 80 44 16 15 62 75 78 0 90 61 2 39 20 34 14 11 98 58 55 97 6 93 54 76 94 92 33 84
48 13 73 76 4 91 14 36 83 25 29 16 84 18 35 61 93 8 63 97 69 43 9 96 60 53 2 50 85 21 27 95 39 0 52 22 23 94 68 55 10 26 89 30 15 86 100 47 32 57 90 20 19 28 1 82 42 65 80 49 98 7 34 70 77 75 72 45 5 3 92 24 88 58 79 56 64 41 38 71 87 46 78 31 99 12 44 51 17 59 33 67 81 11 66 74 62 40 54 37 6
49 38 0 64 27 78 84 88 20 69 26 43 15 34 25 42 37 80 53 4 100 2 46 32 65 24 93 6 1 17 10 60 74 83 8 89 22 62 54 66 90 76 45 52 44 5 36 51 23 19 16 87 57 29 97 73 59 96 72 21 7 13 47 3 92 81 55 9 63 75 79 14 67 31 91 12 18 61 71 33 58 95 50 40 30 68 39 35 98 77 70 56 99 82 86 41 28 48 11 85 94
