8 54 22 94 34 85 56 21 44 95 38 53 35 24 39 11 100 26 25 78 32 46 63 18 96 33 77 92 6 28 65 82 79 5 3 51 98 37 52 12 45 59 84 62 60 88 72 61 99 97 74 27 50 81 93 31 36 16 66 19 10 83 69 20 43 48 0 4 70 9 13 91 64 30 29 57 15 14 76 17 41 86 55 47 75 71 67 58 7 49 1 80 68 87 40 73 42 2 90 89 23
2 58 12 71 53 62 72 0 55 73 6 56 64 21 10 92 22 67 61 4 70 74 93 29 30 42 16 48 85 77 47 13 51 27 44 3 11 86 26 81 31 39 66 99 40 52 96 80 1 100 65 78 63 46 87 36 38 69 9 45 17 7 68 34 97 94 24 5 91 20 57 50 59 79 89 54 49 60 19 43 76 88 75 84 32 82 25 83 35 33 14 98 18 90 37 95 41 8 28 23 15
87 13 2 25 18 80 1 30 83 28 12 68 41 79 51 50 33 64 48 81 90 37 96 45 99 31 100 82 52 78 14 61 71 55 44 92 57 56 42 6 72 98 95 40 23 53 65 24 43 47 66 60 4 77 16 97 73 9 32 39 94 59 58 69 27 22 19 63 62 70 5 76 86 20 54 91 67 36 89 38 49 85 29 74 46 21 15 84 35 88 34 7 17 26 3 0 93 8 75 11 10
100 59 31 46 91 11 62 41 92 69 32 93 14 68 97 56 99 0 70 58 45 64 55 36 25 43 22 83 75 17 39 52 72 1 26 77 37 5 78 44 6 79 84 27 67 51 66 40 60 57 73 20 28 8 54 89 95 3 80 76 2 9 35 49 19 87 23 30 82 94 21 47 90 81 15 74 29 71 4 98 33 65 34 48 16 12 42 85 13 10 38 18 88 86 96 63 24 61 7 53 50
28 47 65 87 66 92 58 69 90 9 53 16 50 99 93 70 11 38 30 42 73 23 25 82 6 26 13 43 15 55 48 67 100 3 54 77 14 20 31 74 85 96 1 91 95 22 68 34 98 39 49 45 88 2 0 80 62 84 60 17 7 89 21 86 83 19 81 76 57 10 72 97 64 36 51 61 46 37 18 35 5 63 56 27 33 8 40 52 4 75 12 24 94 78 79 29 41 71 59 44 32
91 89 58 40 72 84 93 13 36 87 39 12 82 65 95 24 99 63 26 61 81 51 38 49 20 79 52 32 19 96 7 90 11 68 9 30 46 50 71 77 28 98 55 18 22 94 75 0 44 74 1 54 85 29 88 57 86 33 5 76 78 80 2 35 97 21 25 16 67 60 41 42 45 92 59 6 56 64 27 17 4 83 14 15 23 10 48 47 34 3 43 100 69 8 53 31 70 66 73 62 37
5 86 1 38 31 79 69 81 0 16 25 24 64 20 55 12 96 32 18 4 72 47 2 42 3 82 33 77 23 57 15 92 6 74 51 43 10 39 14 49 88 98 53 95 29 71 59 45 66 48 97 34 91 7 100 76 60 94 84 65 54 73 37 40 22 63 9 61 89 26 56 70 52 85 87 30 8 62 13 67 17 90 50 75 28 27 35 58 44 99 80 78 11 21 36 93 19 68 41 46 83
55 17 77 31 88 25 40 64 49 38 85 13 60 70 43 90 67 89 37 94 27 59 98 75 32 52 48 20 15 100 93 26 33 42 86 62 56 81 12 8 14 24 50 68 16 34 79 80 39 72 53 71 51 54 9 74 44 45 73 36 66 63 30 0 78 83 82 29 10 57 35 3 21 87 41 84 18 76 97 1 6 95 61 65 46 7 96 92 99 2 47 28 5 23 4 69 11 22 58 19 91
87 2 7 14 46 69 40 74 26 4 73 63 1 41 39 81 61 67 6 65 99 11 20 21 72 27 13 91 96 15 77 49 44 86 88 52 57 97 12 17 58 50 23 25 85 98 60 35 70 10 5 3 30 90 59 38 75 43 68 42 84 45 93 51 29 24 82 62 31 0 55 9 18 48 71 56 83 53 16 28 95 22 92 78 66 34 32 33 76 80 89 64 19 36 79 94 100 8 54 47 37
52 9 19 54 88 90 24 12 69 17 77 11 97 96 93 87 65 55 27 74 7 92 26 72 20 48 82 3 84 78 46 49 35 50 73 0 36 5 33 44 30 59 98 31 68 99 67 16 63 38 42 91 41 25 79 37 45 23 66 56 62 4 6 95 64 70 22 71 10 28 1 40 57 2 18 13 100 21 53 83 39 85 86 51 94 89 32 80 58 61 75 14 8 47 76 81 29 34 15 60 43
48 6 87 84 38 32 71 44 27 34 76 82 20 65 7 21 50 22 94 56 77 9 10 8 96 28 19 39 45 61 78 23 98 12 35 97 54 59 83 5 75 14 90 89 18 66 51 2 29 31 73 36 25 57 63 68 93 85 33 95 42 72 92 41 52 79 3 100 49 13 1 16 58 26 64 70 24 67 88 15 86 80 62 30 91 60 0 37 53 99 69 17 4 43 74 81 47 46 55 11 40
82 76 30 27 96 20 47 10 68 21 92 36 56 13 98 66 93 62 41 48 69 83 91 88 94 81 37 26 40 75 9 100 53 24 45 80 0 63 85 67 7 97 51 35 52 34 43 95 11 19 55 58 99 64 23 70 33 57 12 31 84 90 32 74 18 87 5 46 86 59 8 16 25 44 17 54 3 73 77 42 22 50 71 78 39 6 15 72 2 79 1 65 61 28 60 49 89 29 14 38 4
87 1 66 17 26 12 6 18 31 9 76 2 65 68 39 90 99 52 83 47 36 56 14 44 96 32 89 46 24 27 53 51 11 85 97 23 55 28 5 61 29 64 59 4 48 93 15 33 7 49 74 40 57 60 62 75 45 42 37 43 41 92 54 71 10 72 34 16 67 8 22 20 63 58 0 78 98 35 94 86 88 77 80 91 95 82 100 79 19 38 13 70 81 84 30 25 73 21 3 50 69
7 32 76 31 93 62 58 68 77 35 70 89 18 64 14 66 53 25 45 81 36 67 56 49 1 24 55 52 84 19 38 16 26 95 69 63 88 54 48 42 10 47 99 96 44 46 28 72 6 27 40 15 60 80 3 78 22 23 74 21 11 91 51 94 73 97 17 85 39 83 20 79 86 65 82 29 43 37 61 2 87 9 75 4 59 98 50 92 5 100 0 33 90 41 13 8 57 71 34 12 30
69 27 18 86 74 56 26 99 55 94 14 36 46 35 28 66 84 21 34 8 97 17 9 63 78 91 71 42 6 64 15 32 38 98 2 57 12 22 59 11 92 52 61 47 0 44 37 96 51 39 67 77 82 100 60 31 80 70 10 88 48 49 62 87 20 93 65 85 83 58 40 73 41 53 13 43 23 45 76 90 29 19 75 95 54 72 24 16 50 30 7 5 33 25 89 81 79 68 3 4 1
67 1 37 42 27 34 48 73 10 31 28 85 83 92 0 44 24 96 81 49 88 75 36 78 95 93 86 40 97 53 54 29 25 79 26 13 98 20 51 57 18 6 35 15 80 14 58 87 82 74 5 63 21 46 3 41 65 64 30 56 99 66 8 32 22 4 11 69 62 52 68 50 90 39 100 9 2 59 84 47 72 89 55 23 61 71 38 94 45 17 60 70 33 77 76 19 16 43 7 91 12
54 84 32 61 42 23 55 57 92 94 3 62 18 75 30 65 14 90 5 74 28 52 70 2 10 79 71 78 59 48 37 1 45 29 6 49 58 91 67 66 0 88 53 36 81 83 34 82 96 60 56 98 39 20 46 35 26 22 85 17 87 4 86 93 38 44 21 25 73 97 27 100 13 99 68 40 12 19 95 64 9 63 15 43 31 76 89 24 69 77 11 80 33 51 47 7 41 50 8 16 72
2 10 91 27 94 83 52 19 42 30 14 62 32 26 9 35 79 43 22 34 39 74 38 33 47 68 93 66 96 84 36 40 70 53 54 75 78 20 85 59 31 13 41 46 92 12 49 100 61 81 24 73 16 18 99 98 17 28 63 25 89 37 44 87 80 58 8 97 50 4 23 55 64 45 67 95 77 0 86 71 51 56 76 48 1 7 82 3 5 29 72 6 88 21 69 60 15 90 11 65 57
62 96 42 97 41 17 72 2 12 75 60 83 74 23 16 40 58 81 80 31 77 27 49 92 8 7 87 86 73 50 45 5 91 39 19 51 47 48 25 98 59 37 78 56 30 22 28 0 71 94 3 11 61 68 90 4 70 33 67 82 55 88 76 95 66 52 1 21 29 89 79 6 44 38 13 46 65 43 64 53 54 14 85 36 57 35 10 20 26 63 9 69 100 15 18 84 93 34 99 32 24
39 24 75 33 61 89 98 99 44 31 19 23 52 66 92 20 27 29 35 85 57 86 97 56 82 71 68 10 3 14 91 1 43 8 67 64 84 53 69 58 100 96 51 63 90 49 25 38 42 62 74 88 30 73 54 95 55 76 15 13 9 26 28 6 36 59 11 32 87 79 46 60 2 22 34 81 48 16 5 17 21 12 93 50 18 41 78 0 94 77 70 40 7 83 4 45 80 37 72 65 47
86 80 11 99 87 15 13 61 31 57 37 63 98 74 19 16 83 8 52 46 6 96 49 12 38 33 56 42 26 25 36 18 35 10 3 65 9 40 70 53 97 85 78 95 67 64 71 77 17 47 41 89 73 79 76 81 21 72 1 82 93 14 60 34 22 75 58 43 45 66 4 69 20 7 24 50 84 28 39 59 32 55 54 94 51 2 5 44 62 100 0 68 27 88 91 30 48 29 90 23 92
18 23 41 90 59 68 76 9 13 81 30 57 38 63 93 55 64 46 21 62 44 35 75 11 99 32 33 65 1 2 39 85 54 7 58 29 37 83 47 72 25 97 79 82 92 3 52 70 80 5 28 94 87 50 8 77 49 31 89 26 48 69 71 17 53 60 67 27 4 10 66 43 91 20 34 45 40 14 36 42 24 78 19 86 0 74 61 56 6 84 96 51 88 12 98 15 100 16 22 73 95
20 71 47 15 38 12 60 73 95 42 36 29 99 72 91 94 66 61 44 6 10 88 82 84 27 35 8 58 14 21 57 25 3 93 75 39 78 33 53 2 19 32 63 67 48 37 96 90 62 4 41 56 65 80 46 40 81 24 1 18 23 87 77 54 74 26 34 86 83 89 9 69 11 31 30 70 28 52 98 22 97 7 0 92 79 76 45 100 85 55 50 43 13 16 59 49 68 64 51 17 5
33 15 64 36 53 8 52 23 39 79 59 73 3 74 44 56 61 66 4 10 86 13 88 2 19 37 18 7 91 89 57 51 63 21 96 82 60 75 78 99 68 50 25 47 72 87 14 34 24 58 84 76 41 70 27 16 30 85 90 49 92 6 54 65 1 77 12 81 17 11 83 80 9 32 38 0 20 71 29 46 45 48 42 28 94 35 43 69 55 93 40 100 22 5 67 31 98 97 62 95 26
98 13 62 56 88 7 32 92 4 26 77 43 90 11 9 31 79 18 96 65 84 70 60 66 48 97 50 71 63 68 67 46 83 22 87 27 44 61 80 69 34 38 82 99 21 6 52 0 30 40 28 81 78 51 25 35 73 5 94 8 100 89 14 76 17 16 53 95 39 47 91 85 36 57 55 20 37 72 24 45 29 74 23 15 54 1 41 33 86 93 49 12 3 58 59 64 19 2 42 10 75
61 24 18 82 99 2 57 4 98 26 38 59 65 13 66 63 97 51 76 28 15 10 53 96 27 7 87 81 31 3 17 50 80 46 19 25 54 64 78 35 37 11 70 1 72 49 94 71 56 85 62 36 9 58 55 86 60 77 41 52 44 21 23 12 47 90 48 16 14 89 95 73 92 79 5 22 68 67 43 32 34 69 8 45 74 29 39 88 0 93 30 42 20 100 33 6 84 91 83 40 75
48 52 50 96 27 100 62 5 74 56 67 45 31 60 83 16 63 76 0 40 72 43 85 38 95 32 23 86 25 65 90 61 19 1 51 33 8 54 68 89 58 47 11 87 71 10 35 2 22 30 53 28 4 66 15 84 64 75 49 34 69 57 59 88 20 82 42 37 3 99 78 29 6 18 55 44 12 24 13 36 79 94 17 80 92 14 98 9 91 77 21 73 97 7 93 70 39 81 26 41 46
78 56 18 25 13 34 31 38 42 50 43 45 89 46 96 4 86 10 19 33 20 0 41 85 80 69 28 64 76 1 2 11 21 16 47 98 27 88 17 97 22 9 5 82 51 68 35 83 39 65 52 73 100 61 3 53 66 71 14 55 36 30 7 62 74 77 23 60 90 49 24 57 48 67 93 92 32 63 81 87 6 95 99 84 94 44 59 54 29 75 58 8 91 40 70 72 26 15 79 37 12
29 3 75 19 70 39 47 48 31 21 11 56 17 84 20 18 4 80 59 57 37 65 23 62 86 34 79 46 74 77 94 72 98 30 82 100 43 2 10 50 13 93 52 25 85 36 60 71 22 28 78 67 55 81 9 92 8 53 41 91 87 63 97 58 73 68 51 14 32 61 45 42 83 1 66 64 38 27 99 5 54 12 0 96 89 35 69 49 44 40 15 90 33 95 16 6 88 24 76 26 7
75 99 87 28 3 52 56 38 95 51 10 63 62 53 29 45 42 39 16 14 4 12 37 23 94 98 35 20 50 60 0 5 91 6 61 92 57 27 46 84 41 72 24 15 8 80 85 1 22 47 90 82 30 43 97 68 13 11 73 89 58 78 9 54 21 69 48 70 2 83 19 32 64 18 93 79 100 26 88 76 25 49 55 71 86 7 96 31 81 67 40 65 34 77 66 36 44 74 33 59 17
12 33 70 49 82 81 22 3 45 20 79 95 43 90 69 92 88 36 24 96 16 87 50 63 25 37 10 48 59 55 15 5 38 28 84 27 34 21 60 42 61 31 44 72 14 29 62 94 52 77 71 85 2 78 97 39 51 47 57 4 46 80 66 8 76 99 100 1 73 65 30 11 7 91 58 26 54 75 19 64 74 68 13 89 53 41 0 32 86 9 40 6 17 35 83 98 23 18 93 56 67
88 86 21 74 13 12 77 59 70 5 54 40 4 97 93 96 8 34 55 95 20 2 27 47 15 46 51 18 58 84 71 24 91 78 92 79 83 16 100 28 87 98 37 76 90 17 1 89 65 42 73 41 82 68 66 99 61 62 3 9 29 23 64 7 22 80 67 14 32 39 56 31 10 52 81 26 43 63 85 48 36 25 30 50 33 0 35 49 53 75 57 69 38 44 19 60 6 72 45 94 11
21 49 57 94 66 51 72 93 59 12 34 84 78 19 23 62 38 73 64 10 83 44 79 32 92 85 16 36 46 89 63 27 11 58 18 60 15 97 31 35 82 26 7 3 68 96 52 88 67 48 86 95 45 53 87 37 0 50 91 74 5 71 41 4 1 99 29 77 20 24 90 54 76 33 14 69 81 39 2 98 30 42 55 80 47 56 75 28 100 8 40 43 25 6 22 65 61 9 17 70 13
95 59 2 27 66 82 22 5 40 83 99 60 38 93 97 30 3 61 89 19 65 74 46 57 20 85 96 79 11 25 77 75 0 49 100 16 10 31 84 33 21 91 67 41 56 73 80 36 7 64 70 76 72 88 15 71 81 12 13 45 90 18 37 51 58 9 63 55 68 23 48 14 17 62 4 24 47 1 26 87 28 35 42 78 86 29 8 34 53 43 52 98 54 6 92 32 94 39 44 69 50
1 89 35 60 95 74 42 62 90 73 11 32 85 38 91 78 31 26 94 71 55 6 98 57 46 25 3 20 37 100 29 96 76 8 17 18 59 16 66 67 12 99 7 41 23 86 13 87 51 61 36 40 2 75 53 33 84 79 27 10 28 97 24 9 56 44 19 0 21 22 93 69 30 83 43 72 45 52 80 4 14 39 47 49 34 50 48 15 77 65 54 68 70 82 5 64 88 58 81 92 63
98 69 27 78 48 8 3 85 81 70 39 24 19 11 75 74 55 0 100 84 12 33 83 67 26 65 4 22 86 10 87 54 60 76 45 79 30 41 88 50 37 29 61 92 77 96 91 21 63 17 49 66 57 73 93 47 95 64 72 56 71 34 62 90 14 23 7 80 46 9 6 1 40 44 15 16 43 58 59 97 99 94 51 32 38 42 68 25 35 36 82 89 53 31 28 5 2 13 20 18 52
59 88 20 90 27 8 84 78 96 73 28 80 48 11 35 74 89 87 79 72 25 2 93 98 31 29 51 12 43 83 0 68 55 41 38 97 23 94 65 30 46 44 58 26 85 91 42 64 14 24 76 99 52 34 77 6 22 92 67 32 3 21 54 33 49 18 37 71 39 60 13 61 63 50 86 75 47 17 66 15 9 81 5 10 36 69 57 53 100 70 82 19 16 4 95 56 62 1 7 45 40
66 25 7 95 89 32 80 57 4 45 54 14 90 62 99 36 41 31 35 79 1 28 61 65 24 33 5 78 67 77 27 59 43 8 30 75 91 42 6 20 50 64 34 93 16 48 94 58 12 47 49 97 15 86 85 52 38 68 55 11 3 69 82 83 53 84 96 18 10 44 60 51 71 81 76 88 72 22 19 13 40 63 21 26 46 23 37 100 87 56 39 29 70 73 17 98 74 9 0 2 92
53 85 50 67 39 30 97 21 17 4 3 24 31 70 49 13 26 60 2 56 82 51 69 45 62 1 83 20 40 22 44 76 10 33 71 38 18 0 92 61 100 19 48 23 78 98 35 96 95 91 36 99 25 55 11 5 90 6 43 74 73 12 80 15 66 58 65 9 7 14 34 46 63 77 16 37 29 86 72 64 41 59 81 54 79 47 88 75 84 52 28 93 8 94 42 89 27 32 87 68 57
97 10 70 61 0 74 8 5 93 50 18 4 28 83 77 86 56 17 46 32 98 58 14 25 99 45 60 87 64 13 71 55 48 51 47 78 96 3 73 15 84 16 89 20 19 79 30 29 11 42 66 69 88 63 7 44 12 82 67 27 94 31 36 52 65 41 6 38 54 2 76 39 35 90 9 22 53 95 59 43 100 72 33 68 1 34 40 57 85 92 26 49 24 62 91 21 81 80 75 37 23
38 57 17 59 79 91 51 30 98 18 45 1 22 26 32 92 81 89 62 70 9 61 27 73 50 58 74 68 2 34 55 11 95 12 35 67 83 82 10 71 31 63 87 8 97 23 90 47 64 7 100 41 49 93 16 44 48 37 43 20 80 13 65 21 54 24 15 76 84 94 28 78 96 72 46 40 3 4 19 25 77 53 86 99 29 42 56 6 39 0 14 52 5 36 85 69 60 33 88 75 66
41 73 63 96 66 75 76 60 80 7 27 0 17 33 78 92 1 79 58 82 71 25 99 83 85 21 54 42 57 24 90 84 4 47 8 77 26 62 67 5 98 13 69 48 81 94 51 86 3 91 45 31 39 34 18 70 16 88 19 72 44 56 10 23 52 43 89 29 68 55 12 9 87 14 37 49 20 32 11 22 38 30 61 100 95 53 74 15 6 65 59 97 36 28 2 50 93 64 35 46 40
29 7 83 19 27 10 21 14 4 59 51 53 38 89 87 46 70 68 3 34 74 69 99 84 41 0 98 44 64 6 91 25 42 67 48 55 26 43 2 78 13 12 49 66 76 17 35 40 80 20 37 23 50 31 90 96 8 30 73 36 47 72 15 71 97 62 39 63 77 93 45 11 54 28 61 79 32 1 57 65 22 18 24 16 9 52 94 85 33 92 60 100 82 95 75 56 5 58 81 88 86
72 37 87 42 25 91 92 43 3 99 55 4 53 2 31 78 40 96 95 75 84 45 74 20 85 54 46 22 16 79 51 5 67 1 77 35 71 24 56 28 17 7 69 62 89 38 93 86 0 61 63 47 88 26 15 23 76 9 90 82 68 39 10 30 52 29 36 66 21 57 12 94 97 48 83 59 18 6 70 73 64 49 8 65 58 80 60 34 27 13 33 41 32 44 98 11 50 100 14 19 81
95 98 73 66 54 6 92 43 72 57 50 49 28 83 18 17 1 91 60 78 77 7 64 100 67 3 97 74 13 36 14 56 53 39 9 27 90 15 68 70 30 46 79 63 41 26 11 24 38 87 5 59 45 99 86 8 48 44 34 16 22 19 88 93 52 33 80 12 82 76 31 40 4 35 20 69 0 96 62 65 51 81 47 89 10 23 58 55 29 42 75 2 37 85 25 71 84 32 21 61 94
64 85 77 41 86 95 84 43 94 35 5 22 40 12 61 26 14 58 19 31 87 93 1 47 16 79 60 100 3 88 67 96 29 68 55 83 71 62 42 30 38 89 18 8 13 52 56 80 91 65 74 32 33 10 17 7 82 23 25 50 49 27 0 81 90 73 37 54 53 46 48 92 45 36 2 72 69 66 9 70 15 78 97 20 98 11 99 59 21 34 44 76 63 6 57 39 4 75 51 24 28
47 63 14 86 33 38 48 55 87 19 0 17 97 53 8 81 2 78 26 29 16 36 76 37 65 44 71 64 91 24 34 59 43 23 35 10 98 73 51 88 41 83 58 82 5 75 52 39 68 20 70 67 85 92 11 54 7 50 31 56 79 72 28 90 57 62 84 22 4 100 15 46 80 1 69 49 32 25 74 61 45 60 94 77 27 42 9 40 12 93 96 6 18 13 3 21 66 95 89 99 30
65 29 31 86 26 99 25 43 82 44 12 88 39 14 16 37 49 22 9 83 57 98 69 61 27 32 53 33 3 11 36 17 51 10 70 63 4 48 79 76 52 28 64 91 23 50 1 95 78 66 62 100 71 55 87 97 20 77 40 35 6 59 85 90 72 24 80 73 67 38 46 60 84 68 30 54 18 41 89 75 0 58 7 5 19 42 13 21 34 92 47 94 8 56 2 93 15 45 74 96 81
61 98 50 73 84 4 99 43 31 89 38 30 12 29 14 94 54 69 11 86 74 63 36 0 72 93 60 79 13 5 37 83 23 45 46 57 8 67 7 27 33 21 34 10 77 41 65 80 28 2 47 100 58 97 76 78 87 1 16 53 92 40 24 20 59 6 91 51 3 70 49 39 96 17 68 82 75 15 55 18 26 62 35 66 19 48 32 42 22 81 56 85 95 71 88 9 64 44 90 25 52
77 73 81 5 94 47 98 24 84 34 14 22 78 90 43 45 31 52 8 39 60 19 16 50 76 42 51 83 10 41 6 99 93 91 4 86 62 70 36 35 46 96 58 64 23 26 87 21 9 27 49 40 97 74 65 67 59 38 17 29 89 63 0 92 12 20 88 33 72 82 18 69 55 1 71 85 57 25 66 44 68 37 75 13 53 79 11 80 2 3 61 32 7 100 56 30 15 48 54 95 28
15 55 41 6 43 65 75 5 44 91 68 16 96 52 42 87 73 94 82 48 79 24 14 21 89 36 47 54 38 98 45 58 37 86 81 69 46 34 10 17 64 85 1 60 39 3 27 74 32 40 25 33 19 90 63 18 49 50 78 61 23 99 71 11 93 83 0 12 70 13 88 56 31 28 57 35 97 7 51 72 84 92 8 77 30 20 2 76 66 4 9 59 53 29 67 22 62 95 100 80 26
65 45 2 11 95 84 52 85 99 56 42 32 51 3 91 66 27 4 54 82 0 31 49 61 81 12 59 5 18 19 26 94 48 92 38 25 21 97 22 41 24 55 64 40 67 23 43 69 98 87 33 63 14 9 30 44 77 8 73 70 75 93 96 20 78 76 90 37 36 29 10 72 71 50 62 88 46 79 35 57 83 16 28 1 6 53 86 47 13 60 15 39 89 58 100 68 17 80 34 7 74
56 99 53 17 94 84 63 16 15 72 32 50 89 88 82 37 6 91 41 14 69 51 43 83 98 87 86 7 100 46 85 67 3 18 26 42 29 96 59 73 4 57 90 12 11 13 24 93 62 81 79 68 25 38 2 33 76 75 31 35 49 47 54 58 48 70 64 28 61 40 0 65 60 20 80 78 74 39 71 45 77 22 9 10 97 23 8 5 30 66 36 19 27 44 95 55 21 1 34 52 92
93 20 37 99 77 40 65 23 7 3 56 27 75 53 32 50 17 24 45 70 59 87 100 35 38 13 48 31 79 66 30 46 52 73 34 82 69 12 18 33 5 41 72 49 55 15 1 81 2 51 71 92 42 14 98 95 11 16 36 4 90 29 25 6 76 84 44 63 19 91 43 62 0 10 9 88 60 58 86 67 74 61 8 54 96 80 57 21 97 78 26 39 68 94 28 22 83 85 64 47 89
75 3 91 29 41 11 19 5 50 47 16 26 100 59 87 33 71 32 74 2 92 38 54 18 25 63 79 89 49 21 0 57 10 24 84 80 62 42 20 73 6 61 43 78 55 82 1 28 34 27 8 40 56 36 39 53 85 76 64 23 97 9 31 70 69 7 48 4 46 60 52 30 58 66 93 13 14 88 15 67 77 72 90 94 68 98 83 12 99 44 65 17 96 35 86 22 37 81 95 51 45
15 42 94 50 51 36 31 82 17 71 72 64 57 22 4 33 95 78 92 30 65 32 25 16 77 55 90 89 38 28 34 70 27 11 44 85 20 60 7 47 41 98 74 63 66 24 19 49 54 81 9 29 100 75 73 1 45 37 2 14 83 86 97 39 88 26 10 46 21 3 61 99 12 62 96 59 18 58 43 69 53 8 48 0 87 93 56 6 23 52 67 84 13 76 80 91 5 35 40 68 79
46 35 71 82 88 28 81 92 33 47 13 85 43 12 4 93 90 63 95 42 16 89 70 39 59 77 25 74 31 50 66 40 60 53 87 52 10 94 0 86 23 68 21 79 34 64 54 75 2 17 45 44 5 83 29 48 41 76 96 14 30 19 24 32 26 57 65 62 56 78 9 37 22 27 100 99 51 18 6 7 11 55 15 38 69 91 8 80 84 49 20 1 3 97 67 98 72 58 73 61 36
62 71 23 15 19 17 4 46 30 27 100 96 90 56 43 34 44 92 52 84 10 3 86 67 21 16 12 75 1 66 8 42 78 88 69 55 51 99 80 53 28 25 20 24 81 41 18 98 26 5 70 89 9 59 29 73 50 85 58 48 97 36 0 11 6 38 95 33 54 93 45 37 31 72 61 94 13 22 77 35 74 47 7 63 76 82 87 32 79 68 2 49 91 39 40 57 65 64 14 60 83
69 53 3 89 32 29 19 34 35 78 2 97 5 72 62 55 28 50 11 48 66 52 4 26 41 6 7 98 9 20 38 27 12 45 68 87 57 18 10 93 0 63 43 31 81 85 8 83 54 91 49 59 46 24 99 64 25 86 71 23 75 65 47 74 40 80 30 44 95 73 33 96 39 15 82 88 21 16 67 94 1 51 37 90 42 84 61 17 77 56 14 60 13 70 36 76 100 22 92 79 58
56 94 78 6 26 12 2 30 79 53 60 63 47 59 36 14 74 8 68 90 71 85 70 49 10 32 35 13 95 46 21 42 88 100 57 84 27 20 76 22 48 62 1 24 7 31 5 52 66 4 73 80 9 69 98 28 50 45 19 17 16 61 58 97 15 11 91 54 89 41 25 83 38 0 51 37 92 40 99 96 93 82 29 81 64 55 65 43 44 3 87 18 23 67 72 86 75 39 33 34 77
59 95 32 87 94 78 76 75 6 58 81 16 96 56 51 74 79 17 41 61 55 48 89 7 28 29 14 35 71 53 22 31 70 44 99 39 100 90 12 21 0 52 9 18 8 10 30 92 65 13 23 33 63 57 24 27 11 69 80 34 93 88 97 50 72 64 86 47 43 36 37 83 67 5 38 15 45 82 66 3 4 25 54 73 60 84 85 46 19 20 91 62 1 2 68 98 40 26 49 42 77
81 53 97 34 76 47 33 94 38 59 17 63 93 62 79 44 82 99 10 90 1 4 39 14 50 28 67 40 43 49 73 64 65 23 8 58 11 72 95 31 22 100 88 26 13 91 45 15 21 48 89 84 54 96 29 27 5 60 98 7 35 20 25 12 74 24 37 46 75 77 2 0 87 41 16 19 92 71 42 6 52 70 86 32 78 57 30 18 83 9 85 51 68 66 55 61 56 80 69 3 36
72 88 27 80 31 20 55 58 52 8 56 95 68 39 23 18 14 21 0 40 45 35 98 84 91 2 67 47 6 70 9 85 63 86 61 46 92 1 11 37 62 90 15 78 87 24 10 89 74 13 77 99 32 4 29 19 75 49 59 51 71 76 22 64 28 33 16 43 30 26 36 81 50 69 82 54 12 53 96 97 93 94 38 79 41 66 100 42 65 60 17 83 57 48 34 25 73 44 3 5 7
95 89 2 30 53 56 58 100 13 68 92 50 94 38 88 54 18 31 46 63 47 93 10 87 65 19 26 39 62 36 52 9 37 8 74 29 48 28 34 71 14 4 99 16 49 78 21 44 67 17 64 42 82 61 24 11 1 23 85 40 5 70 80 59 79 77 83 76 69 75 57 60 97 91 90 32 22 84 0 20 12 35 81 51 7 72 66 3 73 15 45 43 25 41 86 55 33 6 96 98 27
82 78 51 19 100 54 57 55 16 85 23 92 81 71 12 15 77 45 76 29 60 58 21 66 6 91 32 72 40 25 88 20 86 59 28 69 93 17 95 1 26 65 10 87 8 48 70 13 63 75 22 64 36 99 33 11 89 14 62 73 98 49 18 3 43 37 7 61 80 2 41 0 79 47 56 94 9 38 50 42 39 35 5 84 4 67 97 74 52 31 44 27 34 46 53 68 90 83 30 24 96
72 44 85 83 35 74 93 66 91 8 9 1 94 40 17 32 18 49 70 77 48 42 36 16 80 31 30 84 90 6 59 23 60 68 78 28 38 5 88 51 52 0 12 73 2 43 34 99 26 79 11 75 25 76 21 46 54 64 81 3 47 50 22 89 92 58 20 53 27 86 96 33 67 82 39 98 14 69 13 37 19 97 41 71 15 7 56 10 87 100 61 62 57 55 45 95 4 24 65 29 63
54 62 65 51 45 58 69 64 94 40 21 29 6 68 76 72 27 96 61 93 57 15 16 8 10 98 43 36 77 17 49 78 71 50 39 79 84 12 44 73 70 86 55 4 1 85 33 3 25 89 60 80 74 56 52 75 41 67 30 18 83 47 20 19 11 46 0 26 9 24 100 38 31 13 35 99 66 23 97 22 32 5 53 37 90 87 95 59 63 88 14 7 34 48 91 82 42 81 92 28 2
68 76 49 56 29 25 9 10 85 41 12 69 38 65 79 26 53 2 39 7 67 48 64 63 70 45 66 13 46 57 93 59 0 75 52 94 77 30 78 33 60 4 23 15 86 50 54 20 87 51 82 35 72 36 98 81 24 11 6 73 37 71 90 21 96 42 22 92 80 89 8 1 27 99 84 40 32 61 100 88 83 28 44 47 58 95 18 14 62 16 19 3 43 17 31 97 55 91 34 5 74
37 12 57 69 31 82 38 65 43 1 52 83 50 10 35 91 53 15 72 22 90 7 100 0 85 71 95 8 40 63 79 41 6 19 46 21 49 58 62 84 30 20 80 48 14 36 98 34 27 4 13 23 66 87 45 54 99 42 25 44 18 81 88 2 97 47 33 56 60 67 75 3 96 89 86 77 16 29 5 64 92 11 39 73 59 55 61 51 70 28 74 9 93 78 24 68 17 32 76 94 26
99 53 68 25 90 64 21 82 40 39 10 45 14 33 43 5 6 86 13 85 44 66 3 76 22 30 71 17 77 92 94 7 63 2 97 47 83 38 72 29 95 46 41 88 60 52 8 16 9 42 89 35 56 100 18 65 80 67 70 51 57 23 48 58 79 32 36 1 4 34 26 11 0 62 61 31 12 20 27 75 28 19 54 87 96 91 15 50 59 93 37 98 78 81 74 69 49 24 73 84 55
16 14 44 72 40 18 4 48 39 53 75 15 12 57 93 46 65 52 99 95 70 20 69 54 77 19 80 38 21 24 43 87 49 71 83 37 90 35 32 13 89 62 66 2 17 58 78 26 97 23 74 28 98 59 56 50 1 79 11 42 76 73 47 63 5 91 10 34 88 7 29 31 25 27 41 55 81 45 30 60 94 51 67 86 36 68 85 61 84 96 3 100 33 64 0 22 6 92 8 9 82
11 65 30 15 69 42 49 19 79 91 6 13 51 22 95 68 97 66 60 8 63 2 76 74 83 50 58 21 35 25 64 24 88 10 9 44 99 61 67 7 78 37 12 46 77 80 17 73 89 86 38 87 43 93 32 3 36 81 94 90 16 56 26 45 62 100 5 39 40 27 75 92 4 59 31 54 28 33 55 47 23 0 70 1 53 29 18 72 84 41 20 71 14 34 85 57 98 82 52 96 48
77 67 61 51 24 18 65 14 43 63 3 2 49 45 62 10 4 21 70 32 66 92 35 15 12 57 74 58 95 99 100 64 78 98 83 6 34 0 38 42 52 60 75 13 30 19 84 9 79 72 8 22 17 26 31 29 55 53 39 76 11 96 94 71 28 97 1 85 82 69 93 16 33 47 81 40 5 23 27 91 89 48 88 59 56 46 68 44 86 7 73 37 36 41 87 80 50 90 54 20 25
9 86 21 47 58 62 2 76 28 74 40 59 83 75 37 45 8 95 26 61 41 89 35 11 30 3 56 25 52 39 57 84 17 63 16 94 20 55 22 43 54 70 90 24 31 87 78 12 98 66 49 33 38 93 0 34 19 1 48 82 79 29 67 44 92 69 14 80 68 5 85 4 99 88 65 10 42 71 72 51 96 6 15 81 36 18 32 46 91 73 7 64 60 100 53 13 50 77 27 97 23
15 2 86 69 39 12 81 40 42 79 43 16 27 78 48 55 83 30 52 94 66 65 31 72 24 1 23 7 35 10 57 88 75 95 71 90 47 33 96 26 63 22 62 37 56 84 25 36 67 38 29 21 32 97 18 5 54 98 20 74 44 68 8 51 0 92 41 53 28 14 91 87 99 11 85 4 58 76 80 73 46 13 70 60 89 77 59 3 45 61 34 6 50 19 82 17 49 9 100 64 93
2 49 51 90 54 95 64 1 37 14 35 18 58 83 23 53 31 69 73 66 71 44 20 81 40 0 67 41 50 87 61 75 94 11 12 92 97 43 30 21 3 63 98 15 89 80 24 88 78 17 62 72 100 5 38 68 84 76 59 57 99 28 91 48 93 42 33 29 19 86 32 70 45 65 26 55 4 46 22 52 10 36 47 27 77 9 56 25 8 85 82 7 74 79 60 13 96 39 34 6 16
9 6 38 51 27 85 92 29 95 12 98 18 48 99 87 76 60 97 64 24 3 86 67 39 17 100 37 56 54 75 49 61 33 19 77 22 2 72 78 96 71 8 53 66 10 21 14 41 59 80 36 42 26 1 15 74 62 28 90 43 50 58 40 4 30 69 57 83 68 93 46 81 23 84 47 89 63 91 52 31 73 7 35 55 70 79 13 82 11 0 94 65 16 20 44 32 88 34 45 25 5
81 0 85 12 6 87 20 14 88 93 98 63 82 4 39 25 74 53 36 28 54 5 50 2 7 89 80 86 75 1 16 79 94 34 41 67 45 11 32 76 29 84 8 49 56 10 21 72 77 27 23 15 90 69 30 96 78 51 31 13 65 60 95 19 68 58 3 73 17 42 44 33 38 64 55 46 71 83 59 66 47 43 62 92 99 100 22 61 18 52 24 37 57 40 70 48 97 26 91 35 9
33 42 3 83 17 61 32 24 73 72 95 8 27 65 55 100 96 36 31 82 58 20 87 23 68 19 60 40 28 66 90 12 75 1 7 22 52 51 16 29 53 79 67 91 84 59 30 44 46 15 78 14 49 5 45 35 85 94 2 13 74 81 57 26 41 56 9 38 88 18 11 71 21 39 77 64 76 89 47 63 25 0 10 37 99 62 34 69 97 6 98 70 86 43 54 50 93 80 4 92 48
75 3 82 76 74 32 16 22 37 13 81 93 20 60 43 55 18 11 64 8 98 84 34 6 29 26 92 65 86 24 1 51 23 47 69 42 67 90 7 79 0 71 80 91 41 85 53 61 52 36 14 45 46 5 25 21 28 96 78 89 88 58 2 100 15 87 54 35 19 97 38 57 48 44 39 66 49 31 63 10 99 62 17 83 56 70 50 9 27 77 95 12 59 73 30 40 72 68 94 33 4
97 23 72 35 22 30 90 89 87 77 88 81 71 74 14 62 83 43 5 49 20 34 15 42 60 37 36 31 93 8 73 66 51 0 86 13 95 68 82 16 59 25 92 40 53 26 54 27 85 29 7 46 58 44 99 100 24 94 76 38 52 11 69 55 18 45 39 48 91 98 67 50 57 84 19 4 1 47 17 2 33 56 12 64 10 80 65 96 41 78 9 70 32 61 21 79 75 3 6 63 28
45 9 12 34 81 6 62 26 87 47 18 51 14 63 57 31 20 85 82 0 84 58 61 33 90 36 66 94 49 74 48 80 15 89 73 21 71 16 99 11 67 7 95 60 41 54 13 46 24 100 86 76 29 40 5 43 8 78 30 42 32 2 65 97 4 44 56 93 3 72 75 19 1 38 96 83 50 64 10 55 35 17 68 70 52 25 22 98 88 39 28 23 53 77 27 69 79 37 59 92 91
95 15 99 30 20 44 14 85 98 31 93 10 8 56 74 60 50 2 61 64 75 54 94 76 79 78 52 82 33 66 0 28 24 9 17 22 7 62 51 80 43 73 70 3 12 1 69 57 71 90 65 88 72 92 32 23 47 86 26 36 55 5 46 27 91 45 29 16 100 40 4 11 13 38 81 34 97 37 67 19 42 83 41 68 49 21 63 77 87 59 89 18 53 96 48 25 39 6 58 35 84
94 56 69 80 16 44 89 72 83 15 50 63 35 1 73 48 22 5 31 0 85 49 57 59 34 27 30 33 98 21 91 71 42 26 41 47 51 18 10 17 8 37 45 99 7 32 52 39 64 4 61 43 92 23 68 66 74 76 29 81 60 46 78 96 84 38 100 40 19 53 36 97 58 14 3 79 86 13 12 77 67 20 62 93 70 95 28 88 75 90 9 11 6 24 54 82 87 25 65 55 2
54 39 82 51 25 3 66 57 17 43 70 1 47 16 81 4 2 0 9 18 8 27 35 83 79 65 37 11 23 92 84 87 22 89 91 45 24 36 69 30 100 46 95 10 93 96 29 32 38 41 85 61 77 76 6 19 20 44 72 94 62 5 40 7 98 64 59 52 78 49 31 55 68 33 48 21 15 42 71 88 14 58 60 74 97 13 12 75 26 28 86 53 73 63 67 80 50 90 56 99 34
71 28 11 50 14 78 3 98 69 24 59 85 95 38 13 81 0 47 40 83 5 54 30 73 43 25 8 29 52 68 89 86 75 67 6 21 34 12 46 91 87 100 7 56 61 26 20 19 9 63 66 4 74 70 37 45 57 32 35 10 48 82 55 99 97 42 94 76 18 17 58 88 36 33 64 27 80 51 22 31 72 23 79 93 44 53 39 49 96 60 41 65 84 15 92 62 2 1 77 16 90
12 31 66 6 79 81 80 73 78 92 13 15 26 100 39 1 72 8 46 53 68 18 30 10 67 57 94 59 89 91 75 17 16 87 99 34 24 28 63 88 83 86 25 3 44 65 0 37 40 64 35 21 95 23 32 55 70 11 7 61 45 41 14 54 38 58 29 36 96 49 77 84 69 22 50 82 76 97 85 19 42 98 93 4 43 60 74 90 48 33 47 20 71 56 2 27 62 51 5 52 9
45 21 56 88 81 3 7 47 25 64 42 85 6 86 4 80 9 0 5 32 40 1 29 50 59 51 71 11 23 97 2 13 66 63 57 58 92 67 82 12 89 10 46 28 31 75 19 8 93 62 18 98 49 33 84 54 72 95 79 83 68 76 22 69 43 78 39 87 74 61 52 44 26 27 17 41 30 60 90 34 73 35 91 48 94 16 36 96 99 77 100 53 38 37 70 65 15 14 55 24 20
12 0 40 36 20 6 83 53 19 90 57 99 22 78 92 98 82 75 79 41 30 32 89 69 50 95 28 18 87 52 54 88 33 8 34 94 85 67 65 70 84 93 25 11 60 24 37 21 16 9 74 58 7 55 45 10 63 4 51 68 91 47 35 48 73 49 81 38 77 46 72 66 1 39 56 64 26 61 97 76 14 43 86 5 23 59 62 15 17 27 96 44 3 42 29 13 2 100 71 80 31
13 60 17 37 35 62 68 56 42 72 50 39 38 74 15 8 28 95 58 27 9 52 6 33 29 94 70 51 45 61 81 43 48 78 76 31 97 20 46 75 93 85 64 91 41 92 100 44 53 69 10 71 26 24 90 16 67 36 77 11 1 65 88 25 22 99 2 89 80 86 63 32 96 83 19 7 12 84 40 47 54 59 82 34 49 55 3 66 14 79 5 87 23 18 98 4 73 0 30 57 21
75 95 38 39 3 35 74 55 68 73 82 98 42 65 57 69 43 45 32 16 72 36 54 29 96 83 81 50 63 99 22 87 2 58 97 15 80 13 84 34 30 62 86 59 9 6 7 100 44 33 21 90 5 89 64 14 76 92 79 56 26 40 94 0 20 52 78 66 60 93 23 46 24 17 49 51 31 19 61 4 25 71 37 28 70 18 12 41 85 1 53 8 88 10 11 67 47 91 77 27 48
91 66 23 2 21 78 82 51 90 5 99 0 53 35 6 46 22 16 49 24 39 47 83 89 43 98 93 48 8 64 70 34 95 69 61 62 71 77 14 28 41 60 65 20 18 33 63 94 57 45 73 81 1 75 12 85 86 79 29 100 40 54 58 55 80 30 88 32 26 42 92 17 76 36 72 27 44 84 3 10 74 67 38 52 50 15 7 96 25 4 19 11 31 13 9 97 37 87 59 68 56
23 63 74 12 85 36 9 43 100 52 21 48 77 72 55 66 97 29 13 84 39 18 80 24 92 67 47 19 78 17 81 1 51 56 5 0 88 8 69 82 98 37 96 86 15 27 45 44 61 93 90 35 25 91 76 73 26 42 41 65 99 71 40 30 95 11 32 22 16 83 20 14 53 3 64 7 58 59 60 94 28 2 79 6 57 62 49 38 10 33 54 34 68 70 46 89 75 31 87 50 4
14 75 22 69 73 49 2 45 93 78 87 89 20 80 25 37 13 95 6 79 31 85 26 9 30 3 16 64 77 7 21 99 96 97 71 70 54 50 19 46 100 40 27 62 63 39 29 52 65 83 66 56 58 36 67 82 12 90 11 44 60 4 51 33 57 88 61 72 68 5 34 47 24 42 10 32 48 17 23 38 92 15 76 98 91 86 94 84 74 81 59 8 28 41 43 18 1 35 0 55 53
37 94 63 10 69 12 7 78 20 98 74 4 32 84 60 68 5 19 95 92 99 0 49 56 51 43 65 41 73 38 13 6 40 57 15 96 8 42 27 47 67 1 50 91 82 21 93 48 81 64 100 59 62 44 58 9 53 46 88 17 89 34 22 72 11 23 97 75 39 24 70 30 55 90 86 35 28 80 54 16 33 14 25 71 66 76 2 36 85 79 26 45 77 61 83 52 87 18 31 3 29
75 22 73 67 51 100 26 92 72 13 84 81 59 32 12 37 48 82 49 3 43 87 95 5 57 27 16 66 1 69 41 60 45 11 2 80 4 53 47 93 52 29 83 44 74 63 88 40 25 24 50 54 77 34 18 23 56 39 20 68 28 97 86 35 38 42 90 21 6 14 91 96 99 0 31 79 78 17 89 98 15 7 70 36 8 55 94 64 46 76 33 62 85 71 30 65 10 19 61 58 9
61 77 54 17 88 89 79 91 81 34 52 76 95 39 40 41 30 5 25 51 43 94 68 4 78 14 66 23 71 93 8 21 74 19 97 69 60 38 100 82 53 96 55 56 32 27 44 62 46 6 59 49 22 3 26 70 99 57 18 92 15 20 50 58 7 45 48 47 98 10 24 85 33 83 28 73 67 84 0 72 36 35 31 16 9 29 63 2 11 86 80 12 42 87 90 65 1 64 75 37 13
27 76 97 61 93 51 90 8 59 41 12 73 37 67 15 56 4 17 91 68 28 34 72 64 36 13 82 7 26 30 21 46 38 95 44 65 35 20 22 94 58 69 74 43 18 70 92 96 48 45 77 10 25 66 84 98 55 16 19 31 11 85 78 47 29 32 33 49 79 9 89 71 86 50 14 2 80 0 57 54 40 52 62 1 99 5 39 42 24 3 83 87 53 100 23 88 75 81 6 63 60
37 59 20 30 83 89 64 61 7 63 14 69 10 56 74 85 41 62 16 4 75 71 76 11 77 27 2 49 67 24 26 80 23 93 36 58 51 78 35 47 3 79 6 81 40 66 18 73 57 60 28 46 5 82 99 53 95 90 33 96 52 98 42 25 9 48 32 50 68 54 39 15 29 31 13 21 43 70 94 44 0 19 72 87 91 100 88 92 1 12 22 38 84 17 55 86 34 65 45 8 97
27 21 51 84 91 59 24 99 55 2 82 3 72 96 63 22 80 93 73 62 18 11 86 41 64 44 78 90 70 75 94 14 87 42 76 5 43 19 38 20 66 26 65 54 47 28 89 92 39 23 83 60 56 10 57 15 46 88 77 6 36 9 52 0 79 48 1 98 17 16 50 49 8 7 37 68 100 12 33 85 35 31 32 30 34 40 61 58 45 25 67 4 13 29 53 97 74 69 71 81 95
