78 71 86 13 77 52 53 1 44 91 10 34 84 64 25 93 4 41 22 0 43 47 97 42 90 76 75 36 51 62 7 96 9 88 87 19 72 79 50 68 39 65 37 69 20 26 49 2 54 24 29 59 45 60 11 89 55 33 92 80 82 100 48 56 99 40 31 83 98 81 57 85 16 18 30 38 21 66 3 46 5 6 73 63 61 27 58 17 32 35 95 28 15 12 8 23 70 14 74 94 67
99 89 82 33 23 0 50 35 59 54 16 44 73 97 52 75 42 71 62 86 3 12 9 90 64 45 76 1 41 46 4 98 95 58 51 83 80 29 34 24 47 7 6 92 43 56 78 63 60 57 67 21 20 100 31 17 37 91 87 79 81 2 28 36 84 96 85 93 53 70 18 25 13 74 69 30 11 72 10 65 49 66 5 68 48 55 61 32 22 27 39 26 14 94 77 19 8 38 88 15 40
36 92 63 4 89 15 70 6 20 53 97 88 55 35 11 73 18 41 65 12 69 40 93 52 78 68 99 47 87 86 79 82 16 29 84 17 71 39 45 26 30 3 51 98 59 24 56 57 62 8 80 22 43 60 72 49 48 13 50 74 1 21 46 31 81 66 32 75 37 5 10 95 38 61 9 54 25 77 19 33 2 0 100 44 64 90 42 14 27 85 96 91 67 23 7 76 94 58 83 28 34
99 29 47 36 39 63 1 46 28 96 82 27 34 14 32 91 49 80 2 40 44 17 95 11 12 92 60 0 84 13 81 19 73 79 54 38 24 83 75 98 15 21 86 67 65 31 6 70 90 26 94 16 71 64 89 78 37 8 33 100 76 56 25 55 68 87 35 72 41 69 51 57 22 62 4 5 45 74 48 58 43 7 9 85 66 59 50 93 10 53 18 20 77 97 52 23 61 42 3 88 30
2 11 63 99 36 100 17 43 42 96 7 93 80 21 86 88 79 15 94 0 82 4 75 62 10 13 61 34 38 60 98 46 59 97 18 31 30 85 44 90 26 53 91 49 14 41 35 78 57 83 9 58 33 16 24 51 8 20 6 81 40 54 23 52 22 84 3 92 39 56 66 72 29 32 64 87 12 65 28 37 70 67 1 76 95 48 74 45 5 19 77 50 27 25 73 71 89 68 55 69 47
89 57 27 79 25 20 0 98 1 85 53 69 47 74 91 68 31 83 48 8 41 37 86 54 39 13 14 10 78 2 4 94 75 99 66 97 82 67 28 32 61 35 19 18 7 3 5 49 43 84 72 64 36 12 44 42 21 16 34 51 30 24 15 77 23 95 26 6 52 59 56 100 87 60 88 73 93 50 22 92 62 38 17 80 9 33 11 58 71 70 63 46 45 40 90 96 65 81 29 76 55
83 99 73 44 46 69 28 49 36 64 33 10 60 75 70 27 57 25 93 85 47 22 91 40 8 52 32 84 26 18 2 94 12 41 48 59 65 13 88 95 77 50 35 20 89 56 31 6 45 39 82 0 58 76 24 43 11 66 72 23 4 74 92 62 30 21 97 9 67 51 34 68 7 55 98 63 81 19 16 5 61 79 37 90 54 29 14 38 71 80 53 17 78 15 42 3 87 100 86 1 96
50 27 65 42 46 58 73 48 76 3 88 24 77 5 64 79 43 56 82 95 44 97 80 63 86 78 29 66 72 68 26 19 71 4 51 84 100 60 55 99 37 92 6 89 32 83 33 93 87 2 75 30 41 53 20 7 59 11 31 12 47 18 49 35 52 22 14 62 39 98 25 15 85 36 96 8 10 28 17 23 45 16 38 1 13 70 34 74 90 21 69 91 57 9 54 61 81 0 40 67 94
54 29 74 36 81 62 34 97 15 27 20 98 45 60 90 39 58 85 17 48 95 92 66 44 46 89 22 94 82 59 41 9 47 49 25 87 71 2 75 76 28 51 53 77 26 83 65 6 14 57 8 86 12 5 91 69 23 32 31 61 16 56 93 96 50 40 67 19 52 88 35 84 64 80 33 7 63 55 78 21 18 79 43 0 13 42 1 37 68 3 24 70 73 4 72 100 99 11 10 38 30
78 88 52 31 77 96 99 70 49 2 40 55 95 89 5 98 92 38 56 6 81 59 0 83 42 71 16 68 21 39 29 19 84 53 75 58 3 34 50 33 36 62 74 73 94 86 20 12 69 65 82 27 76 15 14 44 72 57 67 100 4 11 47 23 41 91 87 1 64 80 25 51 63 48 7 28 8 30 61 24 35 10 93 60 37 43 32 90 97 54 45 46 66 79 17 9 26 85 13 18 22
21 69 33 52 83 64 23 5 87 41 4 43 27 45 71 50 29 30 2 89 19 92 13 18 8 94 57 10 56 47 91 86 22 59 88 48 70 80 67 72 85 61 7 9 15 1 75 49 65 36 62 26 77 34 39 40 68 100 99 24 74 35 78 42 82 0 32 37 44 28 53 51 93 81 46 6 60 38 55 84 16 79 58 17 95 73 63 31 25 98 20 3 96 97 66 76 11 90 14 54 12
77 67 6 35 95 45 70 43 75 81 87 63 47 39 30 73 76 42 61 72 3 28 51 50 12 55 2 66 60 8 48 93 92 78 36 29 57 22 40 65 89 13 90 27 100 52 91 44 0 71 16 80 41 21 37 38 7 58 94 24 83 49 20 31 32 17 46 99 14 34 62 5 53 25 54 1 26 11 64 96 79 59 86 56 15 18 97 69 85 4 74 9 84 19 88 23 10 68 33 82 98
68 25 43 69 10 0 30 16 77 53 59 90 74 7 5 45 62 18 19 33 40 11 97 29 4 24 23 67 38 63 71 75 49 99 52 82 81 94 50 31 88 28 85 61 54 73 20 35 100 92 48 46 78 13 9 42 93 36 60 98 65 12 17 39 58 57 6 66 34 79 15 14 44 32 1 51 87 70 76 91 41 72 37 26 96 80 86 95 3 8 84 47 64 89 2 56 83 27 22 55 21
80 91 40 89 13 28 29 24 70 90 99 83 12 19 62 58 76 50 79 60 52 30 4 34 20 17 49 56 72 54 27 85 45 6 59 65 14 10 35 57 5 2 67 37 18 9 3 88 32 96 73 55 86 69 94 7 46 78 61 36 77 25 0 31 23 71 33 38 95 22 97 21 8 68 44 63 84 53 93 1 42 74 47 51 16 87 92 82 100 43 66 15 11 75 64 48 26 81 98 39 41
62 14 24 30 69 95 63 56 70 59 23 25 32 67 68 93 58 8 52 19 61 17 42 64 12 54 34 47 36 49 83 40 57 37 92 77 84 80 98 39 73 20 89 35 16 48 86 78 27 46 44 2 28 13 11 9 65 66 51 3 38 21 7 55 82 71 50 96 100 26 53 94 72 10 5 43 87 76 41 29 81 60 97 99 31 79 88 33 74 85 90 6 1 22 45 18 15 0 4 91 75
60 27 87 58 50 90 81 83 2 25 26 93 20 65 79 91 86 16 94 61 39 62 70 52 67 6 28 33 36 84 41 17 7 53 24 35 8 5 48 1 19 100 51 23 95 13 73 12 64 21 45 63 4 9 49 37 68 29 3 74 18 88 14 31 98 99 96 54 11 59 71 82 40 76 92 55 85 0 10 42 66 80 15 38 22 75 47 34 77 89 56 32 44 78 69 97 57 30 72 46 43
11 80 51 1 56 50 53 97 49 58 63 83 94 59 100 8 89 41 37 13 87 15 20 61 17 4 44 19 99 66 95 6 35 79 34 55 30 5 2 85 22 29 90 31 33 12 21 3 54 14 77 28 26 62 57 64 52 86 68 75 16 9 25 73 82 98 42 72 45 65 23 76 46 0 32 96 70 60 40 88 74 10 92 43 84 27 93 91 81 69 39 36 48 71 67 47 38 78 24 7 18
89 2 34 33 36 66 84 6 43 92 25 70 87 76 81 86 63 64 69 93 12 4 95 45 31 100 7 82 67 1 53 15 10 61 50 83 49 9 14 21 99 90 72 96 60 79 20 51 55 29 48 77 30 97 40 39 54 73 44 5 38 59 56 32 65 18 57 78 88 62 0 68 46 8 24 19 52 58 11 35 13 22 91 85 75 71 47 41 3 74 23 42 27 28 98 80 37 17 94 16 26
12 3 23 2 16 41 43 7 62 25 48 65 51 98 83 9 34 80 47 5 32 64 17 42 39 35 84 40 15 95 85 8 70 36 4 93 11 56 33 77 55 46 45 97 53 74 27 79 91 6 54 50 94 67 68 24 14 29 76 59 89 22 63 19 69 18 60 81 99 61 10 86 1 78 87 66 58 96 92 71 21 26 72 13 30 28 38 57 44 20 88 100 90 37 49 31 75 73 82 0 52
9 67 47 91 29 30 92 18 46 51 36 10 24 26 65 86 0 19 25 52 7 55 53 77 88 15 23 35 32 16 93 48 40 62 14 89 72 97 71 90 22 76 87 64 49 4 56 42 60 58 95 28 84 50 59 54 1 2 99 20 80 38 57 69 37 63 82 34 21 96 85 45 43 94 31 75 5 73 41 33 13 68 70 6 98 61 66 39 44 81 100 74 17 78 11 12 3 8 79 27 83
30 92 42 10 58 2 8 35 12 31 81 20 64 74 55 52 89 32 75 43 15 34 36 99 68 94 98 69 56 26 78 79 28 11 95 77 44 85 18 71 47 90 5 27 6 48 16 57 3 45 61 83 25 40 46 76 84 67 22 72 0 59 33 86 1 29 38 7 73 82 97 13 14 9 17 62 60 21 70 80 96 65 51 54 63 41 4 87 66 49 24 53 88 19 23 39 93 91 37 50 100
42 13 5 36 33 22 83 95 49 78 89 51 8 52 44 32 75 12 88 41 56 97 62 69 45 94 3 87 82 72 68 77 71 70 74 27 16 65 15 29 34 80 24 7 6 64 55 98 2 63 76 85 1 40 19 21 47 73 81 31 86 11 90 61 38 54 25 58 17 91 93 99 67 23 79 20 96 92 48 28 37 30 39 57 0 43 50 9 66 35 4 59 10 46 14 60 18 84 100 53 26
41 24 96 14 38 25 4 89 64 59 76 54 60 29 65 45 42 67 6 78 97 91 51 48 71 40 12 31 9 85 43 84 81 16 58 87 92 52 28 26 1 95 36 62 99 68 3 37 94 90 0 80 82 11 70 47 19 46 30 10 2 74 50 49 7 5 39 66 55 86 18 88 57 93 27 98 75 79 34 53 100 32 72 77 15 17 61 63 13 33 8 44 35 20 22 56 23 83 69 73 21
26 69 71 64 95 76 28 10 65 47 9 54 91 32 18 82 96 89 5 52 19 85 93 39 37 25 16 90 88 23 2 97 58 1 13 87 22 78 100 51 29 35 66 44 36 77 84 74 50 59 3 86 60 34 80 68 62 6 0 73 33 11 42 61 94 99 57 31 83 21 79 27 30 4 38 17 67 20 49 24 92 98 53 45 70 46 81 72 55 8 14 48 41 43 56 12 7 75 40 63 15
33 73 22 81 51 37 55 53 29 41 74 11 97 94 69 7 76 50 24 4 66 91 48 72 93 36 21 67 96 62 75 16 0 31 26 14 65 6 88 54 32 15 30 17 28 27 20 58 78 87 86 100 8 44 23 12 3 64 85 5 95 79 92 10 70 84 82 68 89 34 90 2 61 13 83 46 80 77 39 9 19 98 25 57 42 71 47 49 35 52 63 40 43 60 45 59 1 56 18 99 38
33 50 77 80 16 82 31 36 53 95 90 49 27 1 58 75 72 2 97 41 15 26 47 35 3 9 87 86 43 81 52 39 100 13 71 14 85 20 70 98 7 51 79 76 23 25 67 29 61 46 69 17 8 84 11 37 60 21 89 54 73 4 83 24 28 64 96 59 66 65 55 91 19 10 30 18 12 45 5 48 92 0 6 57 34 42 74 56 40 88 93 78 38 94 44 99 62 63 22 68 32
83 48 59 67 44 30 46 64 49 56 74 86 10 47 82 62 19 5 87 76 39 38 99 50 37 61 57 20 63 2 81 14 60 33 73 7 28 24 91 43 12 41 31 34 21 94 36 53 26 93 97 40 90 84 45 68 3 27 23 69 95 88 8 25 55 51 22 80 58 9 75 85 72 29 0 35 52 15 65 42 16 54 4 1 78 18 89 6 98 100 32 11 92 70 77 66 71 79 96 13 17
63 34 81 71 70 24 84 90 40 3 61 73 37 80 69 23 30 55 87 89 11 51 19 68 6 72 53 32 91 12 39 36 9 15 31 54 2 46 22 17 75 94 43 38 66 1 58 5 64 85 48 45 0 44 93 56 82 77 16 50 57 96 28 95 65 78 99 13 7 86 79 59 74 27 4 18 33 100 20 98 62 52 83 76 49 8 35 26 92 60 14 21 41 88 25 97 42 67 29 10 47
64 68 76 12 83 51 16 46 3 79 18 0 82 8 100 29 67 2 86 17 55 50 59 61 73 35 33 96 58 53 85 22 14 31 95 47 69 42 39 37 44 36 91 43 54 20 63 41 66 78 19 40 75 49 57 60 13 74 4 27 1 38 21 30 99 71 28 11 62 72 88 32 92 34 77 81 94 45 15 97 25 10 93 48 70 9 5 98 6 7 89 87 84 65 24 23 56 80 52 90 26
45 99 97 51 6 25 18 12 52 5 55 79 49 53 60 67 54 50 81 32 82 24 100 1 57 66 0 58 29 14 35 94 44 10 61 8 77 23 17 27 13 75 80 7 26 89 22 71 69 39 72 19 38 21 9 93 28 46 90 91 20 63 87 64 36 31 65 16 40 15 30 3 4 68 88 95 42 76 11 59 84 43 73 34 56 62 92 70 85 33 41 78 47 74 98 2 83 37 48 86 96
64 60 93 74 10 75 89 59 19 34 11 84 99 65 98 76 30 79 100 8 23 16 94 27 48 36 9 63 68 6 70 33 25 32 86 35 95 28 51 77 55 90 17 96 26 87 73 78 44 4 37 42 5 69 47 13 40 12 1 18 54 97 41 57 82 49 24 0 80 62 88 15 20 81 83 50 53 61 66 52 91 38 46 56 31 7 67 92 14 43 72 3 71 2 45 39 29 22 85 58 21
13 65 76 53 96 38 42 9 70 21 52 33 24 26 0 25 77 16 63 73 60 31 90 78 4 49 19 8 39 20 98 82 27 66 56 62 75 74 92 83 71 15 57 85 30 32 64 47 79 99 84 34 43 45 94 36 2 7 17 67 22 87 10 91 29 100 37 72 40 55 11 44 48 46 6 80 35 41 51 97 28 54 3 61 50 89 58 86 93 23 68 5 81 88 12 1 14 59 18 69 95
19 32 25 45 39 4 26 46 99 27 83 29 7 6 70 44 56 68 98 2 21 61 62 88 13 30 16 77 85 12 79 9 8 28 90 64 41 40 76 69 95 43 11 22 55 51 72 58 3 23 53 92 47 42 36 34 67 18 93 75 33 15 35 82 48 97 49 94 66 73 59 50 54 20 5 81 60 1 38 14 65 78 86 71 89 91 63 52 57 87 84 37 96 17 31 74 100 80 10 0 24
37 39 93 97 58 100 96 84 88 87 85 30 22 17 83 65 40 53 59 75 69 49 66 27 44 82 76 95 51 42 92 16 67 18 91 74 54 61 1 10 14 72 80 38 3 13 63 46 73 60 15 0 32 57 8 12 98 24 55 41 25 7 43 50 99 64 35 78 62 48 68 94 45 26 33 5 19 81 28 56 29 4 31 20 23 21 89 47 34 77 70 11 71 6 36 52 9 79 2 86 90
79 69 49 34 45 19 64 29 15 13 92 37 54 36 2 22 78 4 8 65 28 93 63 51 16 70 42 91 62 77 55 76 1 90 84 59 11 88 12 97 43 71 48 67 75 20 9 80 14 72 82 30 5 50 60 86 0 74 58 87 100 89 68 7 73 23 53 52 21 47 40 31 38 17 57 98 26 96 83 66 3 27 56 81 95 18 6 35 33 41 25 10 44 85 99 24 94 32 46 39 61
32 16 55 22 9 17 26 84 61 77 7 68 10 36 58 12 48 41 40 95 86 18 99 4 14 97 74 63 59 56 42 100 31 73 49 75 33 53 65 38 70 69 6 44 37 2 51 88 21 8 94 29 15 87 81 67 57 85 90 5 89 54 72 23 91 92 66 46 34 24 71 64 98 1 62 50 39 45 3 27 35 11 76 43 60 0 83 79 13 93 25 19 20 82 28 52 78 47 96 30 80
19 91 23 2 7 81 84 59 92 63 37 12 27 43 75 62 98 77 54 32 9 33 39 41 56 46 40 85 47 53 13 99 95 57 72 14 52 16 65 15 35 82 68 64 87 4 1 73 22 42 86 66 60 48 29 74 61 38 0 3 67 71 36 26 78 18 69 30 88 79 21 94 80 97 25 93 58 24 100 20 34 49 8 90 44 89 45 10 28 83 5 96 17 11 76 51 55 50 70 31 6
7 14 32 99 68 83 89 95 57 100 69 85 21 31 46 80 90 73 37 60 27 81 96 48 39 97 56 6 36 35 47 19 30 8 66 52 62 9 3 53 54 15 2 26 58 76 20 13 42 88 1 84 78 29 51 71 41 72 38 94 11 63 22 34 28 43 44 82 75 91 64 77 0 33 93 4 45 25 79 17 49 67 23 18 70 98 87 92 10 61 65 50 40 5 12 86 59 24 74 55 16
35 6 83 80 68 96 4 86 59 88 71 42 29 95 100 89 90 62 5 7 72 52 9 45 47 23 55 60 22 44 99 16 67 28 30 84 34 41 50 56 18 49 97 64 21 39 61 15 36 12 74 43 70 51 91 76 17 19 8 33 2 69 11 94 24 98 92 26 32 13 65 46 3 14 81 48 31 63 25 20 1 57 79 37 0 10 82 73 40 38 54 78 58 77 93 66 85 87 53 27 75
95 12 7 93 24 3 84 98 79 34 48 50 51 1 83 33 94 45 62 65 2 25 49 59 10 29 42 64 5 67 21 77 41 82 75 39 74 37 35 61 17 43 80 100 70 72 54 32 4 66 86 28 14 55 78 26 57 47 15 52 13 91 16 23 89 27 38 8 22 46 11 31 0 53 87 56 92 6 20 90 85 30 63 44 60 18 40 69 19 97 81 68 99 9 71 58 96 36 88 73 76
77 31 79 48 11 5 13 30 59 93 28 53 25 81 45 56 70 95 37 44 33 2 55 51 92 99 100 76 46 3 94 21 35 27 61 0 69 42 7 89 54 24 10 47 9 23 98 73 14 63 39 4 40 8 80 49 60 83 15 52 22 97 1 18 67 29 90 86 74 91 82 68 62 20 64 50 12 88 36 38 85 16 43 34 6 19 96 41 75 84 78 26 57 66 71 72 32 58 87 65 17
5 44 94 4 95 0 22 56 54 13 91 96 23 6 21 16 92 70 64 24 100 30 31 77 83 9 85 12 69 97 38 50 81 35 53 52 89 71 18 33 73 66 59 37 29 93 57 1 7 17 86 67 26 36 55 41 79 76 49 78 10 72 28 27 46 90 43 47 68 51 84 65 15 19 8 99 40 74 88 62 25 11 2 34 14 63 82 3 87 42 61 20 32 60 58 39 45 98 75 48 80
22 35 57 75 0 74 15 63 47 21 50 82 46 20 1 38 90 67 42 83 34 10 51 95 66 89 96 27 2 18 43 8 31 40 91 72 41 19 99 97 70 65 9 53 86 76 23 36 69 84 11 79 29 61 80 98 60 12 5 100 73 14 71 44 62 68 16 7 45 88 87 49 30 93 56 4 54 37 13 28 25 39 32 85 24 59 78 33 26 64 17 58 92 6 48 94 3 55 77 52 81
81 94 26 32 5 65 46 52 31 41 82 90 34 12 4 19 67 28 100 25 91 97 42 85 95 80 16 92 11 29 8 73 62 87 99 1 60 61 2 9 15 33 44 48 57 77 59 50 13 76 78 0 23 22 37 54 6 27 98 21 72 7 38 35 93 45 63 40 36 39 18 24 10 71 89 69 75 3 53 30 86 64 88 17 79 70 68 83 74 55 58 84 14 96 51 56 47 43 49 20 66
78 89 51 15 67 75 62 20 3 61 57 47 45 21 49 70 6 37 100 95 54 86 63 53 8 56 25 42 40 52 32 11 69 66 91 12 24 44 65 46 41 39 58 43 96 34 13 73 31 17 90 22 35 0 60 99 74 19 33 30 2 77 18 82 84 88 55 7 81 10 48 1 85 79 38 16 50 28 9 94 98 80 68 64 97 26 83 93 36 29 59 72 92 71 14 5 23 76 27 4 87
88 76 7 100 58 28 73 51 0 30 75 45 17 65 15 99 90 86 70 40 96 50 97 20 66 37 56 22 44 54 61 63 39 11 34 78 36 67 26 21 69 81 93 33 23 77 64 18 43 91 87 60 79 49 14 80 10 41 92 98 27 85 52 31 94 25 74 59 4 9 89 57 47 68 8 53 38 19 2 71 84 72 95 48 46 32 82 55 3 83 42 6 62 24 12 16 13 5 1 35 29
26 74 54 43 19 63 76 42 38 32 14 94 70 1 8 40 6 45 4 89 44 66 56 16 10 95 17 85 36 77 11 15 92 87 99 84 13 64 50 0 81 100 23 5 58 51 52 21 65 47 12 91 80 78 3 55 7 37 30 53 71 90 68 57 83 33 69 67 39 97 79 72 96 88 25 60 49 18 29 34 27 28 31 75 48 98 93 2 9 22 20 82 61 62 86 59 35 73 24 46 41
11 40 28 79 36 97 39 21 42 63 32 55 20 4 35 81 58 57 15 0 88 43 71 47 83 93 19 67 78 22 30 18 24 26 69 29 80 59 70 34 77 50 48 75 33 91 73 17 62 14 72 64 76 94 27 16 8 13 23 65 46 7 44 54 60 45 87 3 74 90 9 49 38 31 99 25 41 98 86 6 51 95 96 85 66 68 61 89 1 12 2 10 56 100 52 82 5 53 37 84 92
88 0 58 86 64 16 9 65 74 2 5 41 83 55 37 14 75 22 12 99 38 100 96 20 32 87 56 76 33 19 42 43 28 60 54 82 89 10 53 35 40 71 61 26 69 30 4 3 90 70 62 97 50 68 23 49 11 48 18 95 98 6 67 17 15 72 46 57 59 79 24 36 31 92 29 51 91 94 78 93 8 27 84 45 80 34 39 25 21 44 63 1 81 85 7 13 77 66 47 52 73
75 85 16 64 74 37 35 13 52 14 77 87 38 98 8 93 90 21 45 46 58 88 84 51 27 34 44 23 17 33 28 78 6 0 97 62 71 30 42 18 3 47 32 26 40 53 54 76 89 83 36 91 69 73 72 99 94 4 9 11 96 68 1 43 81 95 5 60 65 50 59 24 67 15 92 49 20 12 19 63 56 86 82 10 57 61 70 22 66 48 2 39 41 31 100 79 80 29 25 55 7
57 23 75 100 83 70 93 46 6 25 95 40 96 87 79 34 71 15 91 13 1 16 45 54 47 59 90 69 41 99 35 58 66 17 0 65 80 72 60 48 3 31 89 68 19 81 67 51 88 97 73 38 85 20 84 14 61 64 11 29 86 30 7 27 82 39 43 49 4 52 50 8 62 98 63 21 26 10 24 76 53 44 92 22 74 37 18 55 94 32 78 77 28 56 9 42 12 5 36 2 33
71 55 63 7 88 6 49 64 65 57 44 78 22 30 77 34 87 99 80 20 47 50 36 69 54 86 68 32 45 13 28 19 26 74 24 0 37 31 90 96 2 81 35 11 8 42 83 79 43 10 100 73 52 92 27 89 94 59 51 97 33 93 25 66 17 41 18 40 56 23 1 16 3 46 70 62 12 84 61 95 82 48 4 53 98 58 15 75 21 91 9 29 85 39 72 38 76 60 5 14 67
28 77 59 95 53 57 21 37 63 6 81 23 83 62 100 20 96 45 7 40 69 72 97 50 19 26 31 93 29 16 91 71 75 61 14 76 65 68 30 10 66 52 67 92 46 58 39 85 3 64 25 12 27 54 55 78 42 35 13 2 8 24 89 43 44 99 36 48 5 94 11 82 41 17 51 88 0 56 22 9 98 34 4 60 38 15 73 74 87 47 70 80 33 90 18 79 86 49 1 84 32
28 50 13 30 48 9 56 96 97 74 3 51 46 84 59 60 91 42 69 21 90 73 31 4 24 45 23 53 37 29 92 63 19 36 5 71 2 14 26 16 11 78 40 10 68 49 7 75 87 17 55 34 99 94 64 86 65 62 12 77 32 72 35 47 15 52 79 98 22 80 93 27 89 85 83 67 43 70 1 0 66 33 95 88 82 61 8 44 6 58 57 20 100 18 76 41 38 25 39 81 54
20 36 84 0 30 66 35 23 68 15 87 3 48 11 73 94 72 61 78 53 14 86 45 62 88 10 80 60 54 96 38 51 59 74 49 97 27 57 65 93 43 26 44 41 63 29 6 76 50 98 82 52 91 39 58 83 81 17 99 37 34 2 13 56 69 70 47 32 33 92 25 12 75 5 42 85 16 9 40 67 22 28 90 8 79 24 77 7 64 89 100 1 19 95 21 4 55 71 18 46 31
65 91 96 60 34 84 21 83 11 90 25 31 45 15 49 3 57 48 52 22 44 69 41 33 27 89 85 55 46 19 100 47 64 94 18 6 7 67 72 4 8 70 13 50 26 35 29 2 51 87 88 97 82 1 12 54 80 66 58 93 10 86 0 74 92 99 77 16 38 42 37 59 61 5 81 79 40 23 71 20 62 78 95 39 17 98 53 30 63 14 68 75 9 43 36 56 32 73 76 28 24
39 27 80 85 30 41 94 10 67 95 62 17 31 61 83 91 55 34 24 89 81 71 45 96 32 43 99 58 70 73 4 54 100 53 52 42 20 44 59 76 86 88 3 72 2 6 77 37 7 63 82 40 79 13 64 57 75 21 26 33 69 25 84 11 5 50 60 29 12 28 19 51 49 93 15 66 98 1 47 8 9 92 90 38 65 22 36 56 35 23 74 48 0 16 78 14 68 46 18 97 87
41 44 34 47 35 78 90 93 84 65 7 70 80 95 54 1 26 73 66 12 52 63 69 11 30 2 67 40 22 56 53 16 74 36 58 19 39 3 77 50 13 21 37 31 92 83 98 33 99 17 14 96 27 64 8 72 23 24 32 5 25 81 82 88 89 18 85 38 86 29 15 94 20 45 79 91 10 97 49 57 51 62 76 42 59 46 55 0 100 43 61 6 68 4 60 75 48 71 28 9 87
18 39 79 92 80 1 56 42 50 19 32 64 57 83 61 84 73 15 49 90 100 86 24 66 40 9 5 68 48 33 17 89 99 29 47 3 51 77 53 60 4 36 82 10 43 21 94 41 71 45 14 31 59 78 54 30 0 97 35 74 67 27 11 13 87 12 6 85 37 58 44 98 63 8 2 46 75 62 76 69 26 70 96 65 81 28 20 34 72 91 55 22 7 16 23 88 38 52 25 95 93
41 8 67 32 18 27 10 69 19 2 23 21 63 82 59 54 86 70 78 3 45 73 12 79 71 66 55 93 14 49 89 53 61 44 22 35 81 50 91 33 68 76 75 28 62 31 11 77 47 74 7 98 36 24 72 88 97 30 99 29 57 42 85 9 60 25 0 40 90 4 37 17 13 65 6 94 83 96 20 56 1 84 92 100 39 46 95 58 16 48 15 26 87 43 51 38 5 64 52 80 34
73 19 33 35 97 15 25 27 78 41 77 92 20 4 80 81 28 62 90 45 26 55 10 67 75 60 64 21 82 46 0 83 39 98 50 53 89 6 11 43 42 68 72 13 87 8 59 63 16 24 58 40 34 93 32 74 57 47 1 23 76 84 51 86 31 9 37 56 14 100 49 5 36 12 66 96 61 91 30 88 79 95 54 44 2 52 7 69 17 71 94 70 99 65 48 38 22 29 85 3 18
54 63 28 74 47 46 67 89 32 87 10 30 83 61 60 58 48 12 23 13 76 2 69 29 98 90 38 4 33 20 26 55 53 17 52 84 79 68 62 43 96 39 16 1 7 86 57 72 41 18 88 35 15 64 66 34 95 73 44 45 93 22 5 65 9 0 24 31 14 21 81 56 71 40 25 19 59 97 99 51 92 42 78 77 36 37 8 27 3 70 85 94 100 82 6 91 11 50 49 75 80
91 81 95 39 84 8 27 64 28 73 63 66 22 12 58 38 47 48 75 1 35 74 99 15 40 54 21 69 9 89 79 5 87 98 11 62 36 20 65 67 56 52 3 42 37 96 45 85 100 55 6 72 80 60 76 88 18 86 90 68 41 31 83 97 82 43 23 29 61 14 94 33 30 49 19 46 70 57 92 77 44 59 7 78 0 50 17 53 2 51 25 16 32 10 13 71 4 93 34 24 26
62 59 84 63 95 69 6 32 14 77 68 21 97 61 15 33 36 74 55 43 31 18 5 11 58 35 42 52 51 85 47 86 16 1 79 82 54 72 75 71 40 4 89 44 78 94 57 67 64 93 19 38 66 2 22 7 98 37 53 73 90 76 88 70 91 80 28 9 100 3 92 56 60 30 25 49 13 65 26 0 41 17 81 83 45 96 46 8 27 20 23 29 34 50 39 99 24 10 87 48 12
27 53 79 3 88 97 83 30 55 0 77 59 57 9 28 22 21 80 61 16 43 25 58 76 89 69 81 63 52 82 44 67 85 38 66 45 39 20 13 32 74 100 99 95 56 84 19 54 64 15 12 72 29 31 33 94 2 18 35 91 41 5 40 7 87 96 34 73 65 36 6 37 92 62 10 14 23 90 71 47 1 68 11 48 46 93 60 4 49 8 17 78 86 98 42 24 50 70 51 75 26
66 34 82 92 39 14 42 87 97 12 99 94 27 80 54 91 45 2 15 65 85 24 60 4 22 44 75 52 73 90 29 62 71 100 89 21 6 32 70 30 1 33 56 9 18 57 20 48 17 86 28 72 8 79 53 76 81 98 67 78 3 43 10 61 7 96 64 41 68 49 13 74 50 55 36 0 83 25 59 88 77 37 26 35 58 40 23 11 69 38 5 19 51 47 31 84 95 16 63 46 93
79 27 45 55 5 84 16 29 97 73 81 40 66 14 70 18 56 75 76 41 99 2 96 87 83 98 68 67 50 51 62 23 32 20 71 1 78 30 17 38 90 58 88 77 47 86 39 95 10 89 34 4 6 54 72 37 69 94 59 8 48 49 42 25 82 15 28 85 11 35 53 57 31 92 60 52 61 36 33 13 19 21 22 100 3 91 63 93 44 0 65 43 74 7 64 26 80 24 9 12 46
68 97 75 44 36 38 2 95 35 31 76 58 4 88 63 9 48 54 72 1 0 50 70 23 84 49 57 24 51 28 64 19 10 11 13 65 79 8 80 62 82 37 69 96 17 33 100 94 85 20 83 12 46 73 71 18 27 93 30 16 59 91 60 90 21 53 6 39 29 52 3 7 22 98 78 81 61 92 42 41 99 45 89 86 66 87 40 67 55 14 43 32 47 74 15 26 56 34 77 5 25
84 0 49 28 47 93 58 98 48 73 6 54 79 74 70 86 18 43 7 69 30 40 65 75 29 76 94 3 8 37 27 2 41 62 31 15 51 81 68 59 92 71 17 19 25 46 56 50 14 44 55 87 42 95 45 13 57 97 1 80 83 21 100 53 96 16 64 66 12 10 36 52 9 32 85 67 63 20 22 26 91 33 24 38 39 60 72 4 99 34 5 88 61 82 11 78 35 77 90 89 23
11 98 46 71 49 29 45 4 89 22 69 13 87 3 12 97 9 85 55 91 59 19 41 7 76 17 86 37 21 84 53 31 74 56 52 82 88 44 10 93 62 43 99 50 79 1 96 51 15 77 2 90 40 35 66 48 33 14 64 39 60 83 78 63 68 42 47 25 80 32 58 23 28 18 67 65 26 0 16 38 95 8 34 36 24 72 100 30 73 70 61 5 92 81 57 54 27 94 75 20 6
11 14 36 90 67 83 34 77 23 93 2 32 99 43 16 64 85 42 12 81 19 91 72 62 96 50 75 21 39 66 9 52 86 40 0 49 58 47 98 53 61 35 7 65 48 57 59 51 25 41 97 8 71 69 100 26 55 94 3 20 27 92 18 84 87 60 30 79 76 74 88 15 24 10 6 29 13 82 68 63 95 78 73 1 54 31 37 44 28 56 22 80 17 46 4 33 45 5 38 89 70
46 97 70 75 100 82 25 86 92 91 66 31 60 63 7 17 41 62 94 15 76 80 77 34 29 65 98 0 90 47 27 55 85 33 96 53 64 50 20 18 10 59 13 78 68 19 39 72 32 1 74 48 28 49 16 88 58 95 42 23 24 81 22 37 84 9 14 43 44 93 51 11 2 40 52 73 12 87 30 4 89 45 54 35 57 79 36 38 56 61 67 21 26 8 6 5 71 83 3 69 99
70 53 42 66 67 93 10 11 81 90 65 72 34 0 95 89 28 99 32 37 13 91 51 22 30 41 45 23 17 58 19 33 88 78 16 50 82 75 97 80 79 1 15 43 54 83 61 92 6 24 76 20 46 94 60 40 100 26 18 71 68 63 38 44 8 47 73 59 29 56 3 57 86 7 35 77 9 74 52 36 25 96 49 4 62 85 69 27 39 64 14 55 2 21 48 87 31 98 84 5 12
13 17 40 7 54 5 53 72 66 63 88 61 28 85 25 79 83 55 98 32 81 75 41 2 56 10 43 26 18 73 45 78 16 52 69 57 59 21 50 24 44 68 90 8 4 20 74 33 23 6 70 62 27 93 60 1 58 96 51 71 37 76 14 49 82 87 11 92 100 89 48 39 80 94 15 86 19 95 42 91 64 77 46 36 3 97 31 30 47 84 12 99 38 34 29 22 0 35 9 67 65
33 28 21 40 29 73 18 46 24 67 36 92 62 13 81 89 48 39 44 22 72 53 37 65 86 19 66 90 27 97 61 96 69 3 76 80 82 0 64 79 84 98 63 58 15 71 1 5 38 57 8 35 94 91 70 45 68 2 32 75 23 34 87 30 43 4 88 93 42 85 17 55 25 74 16 9 78 12 56 60 31 83 59 51 95 52 7 50 100 26 49 11 14 41 10 47 99 20 6 77 54
25 100 7 89 81 6 66 46 69 64 74 2 60 76 42 94 49 67 73 26 58 68 47 43 29 61 27 98 37 24 51 10 80 83 85 9 17 71 53 52 31 59 50 19 99 62 34 40 13 32 79 65 55 16 82 96 45 41 14 95 90 97 5 87 44 35 39 15 33 36 56 0 22 1 86 18 12 57 78 54 21 28 72 4 84 11 88 38 93 91 8 75 3 63 20 92 30 48 77 70 23
33 28 49 4 67 18 55 36 25 83 97 98 72 82 34 43 47 96 61 46 41 6 22 76 70 19 11 24 99 74 71 38 20 0 89 60 100 58 15 42 65 79 57 9 3 14 13 31 10 87 12 44 54 21 48 64 94 8 17 40 53 73 81 56 45 78 66 7 85 84 51 91 35 86 1 63 80 2 77 27 32 5 69 23 88 93 95 92 29 37 59 90 39 52 68 75 50 62 16 30 26
29 6 62 55 11 9 77 15 38 91 46 61 8 100 17 88 73 37 23 36 83 31 93 74 72 4 44 85 30 48 89 25 67 95 66 26 33 3 84 10 1 24 20 52 19 32 94 87 12 2 49 13 27 0 81 76 68 97 92 80 71 63 35 69 59 79 54 22 64 96 70 75 65 86 34 40 45 58 50 21 57 51 82 99 43 90 53 7 16 28 56 41 14 98 47 42 18 78 60 39 5
48 21 81 51 99 22 83 24 57 8 74 75 89 41 45 9 69 67 19 28 61 72 59 60 49 38 62 100 33 23 77 91 97 68 65 78 71 31 98 43 5 80 18 84 58 93 95 44 35 87 39 88 92 64 55 66 94 32 47 42 29 63 2 11 13 46 16 14 96 40 90 1 76 36 6 86 73 17 52 3 12 10 34 30 26 53 54 27 15 7 20 0 4 37 82 79 85 70 25 50 56
76 27 75 69 58 18 4 36 68 53 63 14 29 74 39 1 5 82 78 89 37 87 19 26 15 24 90 6 30 88 31 80 48 54 9 13 42 84 51 12 10 64 45 85 40 52 65 55 81 66 60 49 59 62 91 47 98 17 8 71 79 86 44 38 22 25 3 95 43 83 57 32 67 92 2 7 33 23 20 28 77 96 99 97 100 93 50 41 70 72 94 46 56 35 11 16 34 73 21 61 0
2 78 29 56 14 15 24 79 36 82 66 49 73 9 85 42 80 84 95 77 5 16 90 74 81 12 64 61 58 72 40 23 54 3 70 53 93 1 39 55 69 43 94 45 8 20 88 33 51 21 22 83 71 99 38 35 11 6 60 4 86 52 47 41 76 48 100 10 62 18 92 65 17 37 67 7 98 13 25 91 19 30 26 87 97 57 50 0 96 75 63 34 31 28 59 32 46 89 44 27 68
91 3 36 55 37 77 22 5 92 28 86 53 9 25 48 66 1 50 30 63 46 96 69 21 97 26 78 80 13 51 19 74 4 29 61 34 95 62 75 76 41 70 32 8 83 88 57 67 64 56 59 38 98 52 49 14 65 31 12 89 23 35 15 68 90 43 93 79 99 45 54 44 16 27 100 94 6 39 71 60 0 2 85 17 33 58 40 73 47 11 82 81 10 84 18 87 72 20 42 7 24
58 19 64 41 95 20 71 32 26 21 61 57 12 72 39 60 44 49 85 48 40 14 25 91 1 73 76 23 36 3 63 97 99 24 52 35 75 13 16 55 59 69 51 10 84 53 56 87 67 37 83 46 77 66 31 5 38 7 22 29 28 68 93 88 79 2 74 92 82 50 89 27 8 96 47 4 86 94 70 33 6 54 30 43 65 78 80 34 100 17 62 0 18 9 81 42 11 98 90 15 45
13 28 20 4 94 18 80 35 24 76 58 87 12 54 83 8 48 14 66 60 21 93 3 57 16 46 86 82 41 36 39 1 91 62 2 64 99 25 40 67 81 31 98 29 34 11 50 88 77 19 51 89 23 5 22 9 45 10 32 65 90 63 84 69 0 6 52 78 7 56 30 59 97 15 85 44 96 26 72 43 38 73 68 75 17 74 71 92 49 42 33 100 79 53 37 95 70 55 27 47 61
55 75 50 68 7 36 12 64 77 33 21 22 4 69 56 74 35 78 2 0 97 87 94 13 76 95 65 24 61 1 11 46 44 93 40 53 88 92 23 51 49 8 100 70 9 39 62 26 82 10 3 38 37 99 84 58 63 27 89 19 71 45 98 59 47 66 67 5 79 90 81 80 28 31 29 41 83 96 48 86 42 91 15 18 73 60 30 32 14 57 43 85 52 6 72 25 17 34 54 20 16
0 49 53 29 56 50 13 98 12 26 83 74 19 40 2 22 5 57 59 47 9 20 30 52 8 35 81 27 45 76 4 11 77 14 37 87 96 25 28 61 10 23 88 36 46 1 6 31 72 97 42 71 68 62 100 63 85 43 16 73 78 70 92 84 18 15 67 3 93 69 33 91 65 41 44 24 38 82 60 34 55 58 17 79 90 99 21 7 51 39 64 66 75 86 95 54 80 89 32 48 94
26 48 86 7 30 29 28 10 71 64 81 94 92 12 41 67 27 58 63 93 59 32 72 5 74 33 78 2 84 36 96 56 66 4 53 47 14 15 39 24 65 49 42 91 17 18 6 70 99 57 34 98 16 13 46 9 1 76 85 62 90 60 25 37 80 54 3 22 97 38 19 11 83 8 0 31 79 50 73 77 55 100 21 44 69 20 52 82 75 61 89 45 51 87 88 95 40 68 23 43 35
14 24 87 44 67 80 25 55 3 97 23 93 74 26 66 32 17 12 61 54 69 64 79 50 19 73 36 2 0 11 47 41 22 30 71 45 21 42 35 4 51 75 78 100 70 49 86 7 6 43 77 60 40 65 33 59 38 34 53 68 62 88 85 52 31 8 27 96 20 82 91 16 15 63 99 1 89 29 98 58 72 46 90 57 84 56 13 92 81 18 9 94 10 76 28 48 5 37 95 39 83
50 51 71 49 3 54 32 87 44 5 74 1 0 10 11 35 30 27 82 59 63 16 9 64 36 90 23 52 4 15 75 89 43 88 73 45 41 92 95 13 55 46 25 29 47 19 62 14 83 76 79 7 60 40 58 67 6 93 22 69 12 28 80 78 77 34 85 72 42 57 20 53 98 94 99 26 37 38 18 33 97 100 2 31 81 8 96 84 56 24 68 21 66 61 65 48 39 86 91 17 70
92 57 55 46 6 52 36 27 93 47 24 49 8 77 37 3 84 15 82 41 78 10 59 68 23 60 16 40 5 26 86 20 71 94 18 79 88 30 56 51 19 21 28 22 63 85 9 11 83 91 66 42 53 13 62 48 38 89 50 4 0 81 14 75 76 80 45 31 39 90 99 58 100 64 65 17 67 33 2 34 35 12 7 72 98 87 61 96 25 1 44 73 74 69 70 97 54 95 43 32 29
86 6 39 8 56 60 9 89 38 90 23 96 80 99 29 68 67 65 52 34 46 20 76 79 55 72 57 85 92 27 41 43 87 40 78 44 82 13 45 31 66 70 91 74 12 64 83 18 25 97 0 58 69 100 53 35 71 1 62 5 75 50 22 48 32 26 61 10 17 24 4 49 59 37 19 7 77 15 30 54 93 21 88 14 95 36 51 33 94 42 16 81 63 3 73 28 47 98 84 2 11
58 14 29 88 78 31 55 63 92 71 82 96 18 90 79 44 69 20 28 99 68 7 60 8 67 25 59 9 93 37 3 35 24 40 72 56 81 65 52 91 57 22 39 2 94 16 98 17 15 48 75 64 77 21 89 50 86 49 76 46 85 84 11 43 1 27 26 97 13 23 51 34 53 100 6 12 83 66 5 19 42 36 61 33 32 73 4 54 45 41 30 95 38 10 47 80 74 70 87 0 62
33 68 26 94 19 55 25 10 11 64 72 66 28 18 44 90 69 86 8 58 53 2 32 84 85 81 12 67 49 31 48 24 21 92 83 36 13 77 9 23 71 41 97 52 51 82 59 47 3 5 95 99 17 98 27 62 1 61 88 42 46 6 100 0 93 37 87 40 16 75 22 73 70 79 7 78 76 38 4 89 30 29 43 34 15 50 60 63 14 35 45 54 74 20 96 80 57 39 65 91 56
6 67 52 1 29 33 15 93 81 64 99 49 12 23 85 54 24 63 31 86 74 98 45 20 82 8 30 59 65 7 27 76 13 53 72 96 60 14 97 19 79 83 73 71 66 91 50 10 46 28 2 89 80 21 48 88 38 92 36 61 84 68 0 22 57 26 43 78 42 41 35 55 34 56 18 100 17 70 5 58 16 4 40 11 39 62 77 32 37 75 95 3 94 90 9 69 44 25 87 51 47
26 73 67 44 37 54 82 69 34 88 39 84 23 62 35 92 1 77 72 80 79 51 20 61 85 0 99 6 93 53 76 63 15 36 38 64 22 13 10 16 9 65 95 97 21 58 32 98 70 4 33 25 8 40 30 14 45 2 11 56 17 18 52 75 60 81 49 94 86 29 41 47 90 50 78 100 89 12 59 28 7 87 5 68 74 43 83 31 91 55 48 3 57 42 27 96 66 24 19 46 71
58 81 77 30 72 66 95 27 43 34 70 57 22 33 3 55 35 31 45 52 67 29 37 16 78 12 85 83 39 60 97 21 25 89 44 48 46 74 75 90 68 18 1 59 96 41 53 15 91 32 98 14 54 64 20 6 28 76 99 19 62 71 92 47 38 86 65 0 24 2 9 79 82 93 10 73 61 36 49 4 13 69 50 87 88 40 56 51 26 7 42 23 8 11 94 80 5 84 17 100 63
60 43 80 84 7 6 44 53 65 76 52 69 29 0 55 33 23 42 2 40 24 3 87 59 85 78 27 74 50 10 73 18 28 54 21 70 19 91 12 16 39 81 58 1 92 5 15 26 68 56 37 75 20 4 88 57 89 77 13 94 38 96 14 31 79 47 97 34 99 67 51 98 25 82 90 36 35 93 100 49 8 22 62 61 95 48 11 32 71 64 72 45 41 9 30 46 66 17 86 83 63
38 70 44 32 23 49 34 33 6 0 55 94 2 54 66 74 46 77 17 72 63 43 27 41 68 1 87 56 9 13 39 19 100 12 86 15 58 29 40 48 97 64 18 20 24 75 47 16 7 26 88 78 90 8 98 89 65 37 60 92 82 99 91 61 3 59 79 25 80 11 36 35 21 10 93 69 83 84 52 30 14 81 51 31 5 50 28 96 62 57 85 71 45 95 53 22 42 67 76 73 4
66 17 73 82 16 29 72 64 60 91 97 35 84 47 34 57 20 52 25 5 62 15 89 24 68 30 88 65 90 81 80 0 12 28 21 4 87 55 23 1 53 27 9 94 26 2 74 100 41 96 70 75 40 61 33 48 99 69 85 32 71 76 46 8 86 22 79 95 45 31 58 42 51 54 39 78 19 56 13 49 6 43 11 37 18 59 92 93 14 67 63 98 83 10 3 7 50 44 77 38 36
52 97 68 49 21 14 7 62 70 37 18 53 28 13 47 73 59 33 74 71 99 76 69 36 34 96 60 32 55 35 64 27 84 78 3 30 16 83 11 17 87 39 79 57 54 29 89 6 81 45 31 51 23 44 75 9 77 48 1 98 95 100 22 25 63 10 38 8 86 82 91 15 20 42 66 0 61 88 80 90 24 43 19 56 72 58 5 46 85 2 41 40 50 94 26 92 4 12 65 93 67
