15 60 55 85 31 67 54 92 14 3 53 79 6 73 52 98 30 61 41 86 8 64 56 89 7 0 42 76 9 70 40 95 12 57 51 82 16 69 34 94 13 5 39 81 11 75 10 100 17 63 35 88 19 66 38 91 18 2 37 78 20 72 36 97 28 59 44 84 24 68 45 93 29 4 49 80 27 74 26 99 25 62 46 87 23 65 50 90 22 1 48 77 21 71 47 96 32 58 43 83 33
69 55 94 7 56 54 81 15 75 31 100 14 62 53 87 6 65 52 90 30 2 51 78 13 72 40 97 8 59 42 84 9 66 34 91 12 3 41 79 29 73 39 98 16 60 38 85 11 63 35 88 17 0 36 76 10 70 33 95 19 57 37 82 18 68 44 93 24 5 45 80 28 74 20 99 27 61 49 86 26 64 46 89 25 1 50 77 22 71 47 96 23 58 48 83 21 67 43 92 32 4
55 80 7 73 15 99 14 61 54 87 6 64 52 90 5 1 40 77 31 70 53 96 30 58 51 84 8 68 42 94 9 56 34 82 12 75 16 100 13 62 41 88 11 65 39 91 10 2 33 78 17 71 38 97 19 59 37 85 18 66 36 92 20 3 44 79 28 72 45 98 24 60 50 86 29 63 35 89 27 0 46 76 25 69 48 95 23 57 49 83 26 67 47 93 22 4 43 81 32 74 21
99 15 61 51 86 31 64 54 89 7 1 53 76 6 70 52 95 14 57 41 82 8 67 43 92 5 4 40 79 9 73 10 98 30 60 33 85 12 63 34 88 13 0 42 75 11 69 39 94 16 56 36 81 17 68 38 93 19 55 37 80 18 74 20 100 28 62 44 87 24 65 49 90 29 2 50 77 27 71 35 96 25 58 46 83 23 66 48 91 26 3 47 78 22 72 21 97 32 59 45 84
15 63 55 88 6 0 54 76 31 70 52 95 5 57 53 82 14 68 41 93 7 4 43 80 8 74 9 99 10 61 40 86 12 65 35 90 13 2 34 78 16 72 39 97 11 59 42 84 17 67 37 92 18 3 38 79 19 73 20 98 21 60 36 85 30 64 44 89 29 1 45 77 28 71 51 96 27 58 50 83 24 69 47 94 25 56 48 81 23 75 26 100 22 62 49 87 32 66 46 91 33
3 55 79 15 72 54 97 14 59 52 85 31 66 53 92 7 4 41 80 30 73 56 98 13 60 40 86 8 63 42 89 9 0 51 76 12 69 34 95 29 57 39 83 16 68 38 94 11 6 37 82 17 75 19 100 10 62 36 88 20 65 35 91 18 2 44 78 24 71 45 96 28 58 49 84 32 67 50 93 27 5 48 81 25 74 23 99 26 61 47 87 21 64 46 90 22 1 43 77 33 70
55 95 7 58 54 83 15 69 52 93 31 56 53 81 14 75 30 100 6 63 42 87 5 66 51 90 9 2 40 78 8 72 34 97 12 60 41 84 16 67 38 91 13 3 39 79 11 73 33 98 17 61 36 85 19 64 37 88 10 0 32 76 18 70 44 94 28 57 49 82 24 68 50 92 29 4 35 80 27 74 25 99 23 62 46 86 26 65 48 89 22 1 47 77 21 71 45 96 20 59 43
83 15 66 51 92 7 4 54 79 31 73 6 99 5 60 52 86 14 63 41 89 9 1 53 76 8 70 40 96 10 57 43 82 30 68 33 94 12 55 34 80 16 74 13 100 11 61 42 87 17 64 39 90 18 2 38 77 19 71 32 97 20 58 37 84 28 65 44 91 29 3 49 78 24 72 35 98 27 59 50 85 25 62 46 88 26 0 48 75 23 69 47 95 22 56 36 81 21 67 45 93
15 5 54 81 31 74 14 99 7 62 52 87 6 65 55 90 30 1 41 77 9 71 53 96 8 59 40 84 10 68 56 93 12 4 35 80 16 73 13 98 18 61 39 86 11 64 51 89 17 0 37 76 20 70 42 95 19 58 36 83 21 69 38 94 28 57 44 82 24 75 29 100 32 63 45 88 27 66 46 91 25 2 50 78 26 72 48 97 23 60 47 85 22 67 49 92 33 3 43 79 34
72 54 97 15 59 52 85 31 63 53 88 6 0 44 76 5 69 41 94 14 56 43 82 8 67 42 92 7 4 40 80 9 74 12 99 16 61 35 87 13 65 34 90 11 2 39 78 10 71 33 96 17 58 38 84 19 66 37 91 18 3 36 79 20 73 30 98 28 60 46 86 29 64 45 89 27 1 51 77 26 70 47 95 24 57 50 83 25 68 48 93 23 55 49 81 22 75 32 100 21 62
55 88 15 66 54 91 14 2 52 78 31 72 53 97 6 59 41 84 30 67 56 92 7 3 40 79 8 73 42 98 9 60 35 85 12 63 34 89 13 0 39 76 16 70 38 95 11 57 33 82 17 69 37 94 10 5 36 81 19 75 18 100 20 62 44 87 28 65 49 90 29 1 51 77 24 71 50 96 27 58 46 83 25 68 48 93 26 4 47 80 23 74 22 99 21 61 45 86 32 64 43
89 7 1 55 76 14 70 54 96 15 58 52 83 6 68 53 94 31 56 40 81 30 74 13 100 8 62 51 87 9 65 42 91 12 3 34 78 29 71 41 97 16 59 39 84 11 66 38 92 17 4 35 79 10 72 36 98 19 60 33 85 18 63 37 88 24 0 44 75 28 69 45 95 20 57 49 82 27 67 50 93 25 5 48 80 23 73 26 99 21 61 47 86 22 64 46 90 32 2 43 77
15 71 55 96 31 58 54 83 7 67 53 92 6 4 52 80 14 74 8 99 5 61 41 86 9 64 51 89 10 1 40 77 30 70 33 95 12 57 34 82 16 68 39 93 13 56 42 81 17 75 11 100 18 62 37 87 20 65 38 90 19 2 36 78 28 72 44 97 24 59 45 84 29 66 50 91 27 3 35 79 25 73 46 98 23 60 48 85 26 63 49 88 22 0 47 76 32 69 43 94 21
56 54 82 15 68 52 93 31 4 44 80 6 74 5 99 7 61 41 87 14 64 53 90 8 1 43 77 9 71 40 96 10 58 35 84 12 67 34 92 16 3 39 79 13 73 11 98 18 60 37 86 17 63 42 89 19 0 38 76 20 70 33 95 21 57 46 83 30 69 49 94 28 55 50 81 24 75 29 100 27 62 51 88 25 65 48 91 23 2 36 78 26 72 47 97 22 59 45 85 32 66
55 91 15 3 54 79 14 73 31 98 6 61 52 85 7 64 41 88 30 0 53 76 9 70 40 95 8 58 56 82 10 68 35 93 12 5 34 81 13 75 16 100 11 63 39 87 18 66 37 90 17 2 42 78 20 72 36 97 19 60 38 84 21 67 44 92 28 4 49 80 29 74 24 99 27 62 51 86 26 65 46 89 25 1 50 77 22 71 47 96 23 59 48 83 33 69 45 94 32 57 43
81 15 74 31 100 14 61 55 87 6 64 54 90 7 2 52 77 30 70 41 96 8 58 53 84 9 65 43 91 10 3 40 78 12 71 51 97 16 59 34 85 13 62 42 88 11 0 39 75 17 68 35 94 19 56 38 82 18 67 37 93 20 5 36 80 28 73 24 99 29 60 44 86 27 63 45 89 26 1 49 76 25 69 46 95 23 57 50 83 22 66 48 92 21 4 47 79 32 72 33 98
7 61 55 86 15 65 54 90 14 1 53 77 6 71 52 96 31 58 40 83 30 69 51 94 8 56 42 81 5 75 9 100 12 63 34 88 16 66 41 91 13 2 38 78 11 72 39 97 17 59 35 84 19 67 36 92 10 3 37 79 18 73 33 98 28 60 44 85 24 64 45 89 29 0 50 76 27 70 49 95 25 57 46 82 23 68 48 93 26 4 47 80 22 74 21 99 20 62 43 87 32
65 55 90 15 2 54 77 7 71 52 96 31 58 53 83 6 68 41 93 14 5 51 80 13 74 8 99 9 61 40 86 10 64 33 89 30 1 34 76 29 70 39 95 12 57 42 82 11 69 36 94 16 56 38 81 17 75 19 100 18 62 37 87 20 66 44 91 24 3 45 78 28 72 35 97 32 59 50 84 27 67 46 92 25 4 48 79 26 73 47 98 23 60 49 85 22 63 43 88 21 0
55 76 15 69 54 95 31 57 53 83 6 67 52 93 5 4 41 81 14 74 8 99 7 61 56 87 9 64 40 90 10 1 35 78 12 71 34 97 16 59 42 85 13 66 39 92 11 3 37 80 17 73 19 98 18 60 38 86 20 63 33 89 21 0 44 77 30 70 49 96 28 58 51 84 24 68 50 94 29 36 46 82 25 75 27 100 26 62 48 88 22 65 47 91 23 2 45 79 32 72 43
97 15 59 55 84 31 66 54 91 14 3 53 78 6 72 52 98 30 60 41 85 8 63 43 88 7 0 42 75 9 69 40 94 12 56 35 81 16 68 34 93 13 5 39 80 11 74 10 100 17 62 33 87 19 65 38 90 18 2 37 77 20 71 36 96 28 58 44 83 24 67 49 92 29 4 51 79 27 73 26 99 25 61 46 86 23 64 50 89 22 1 48 76 21 70 47 95 32 57 45 82
7 69 55 94 15 56 54 81 31 75 14 100 6 62 53 87 30 65 52 90 5 2 51 78 8 72 40 97 9 59 42 84 12 66 34 91 13 3 41 79 16 73 39 98 11 60 38 85 17 63 35 88 10 0 36 76 19 70 33 95 18 57 37 82 28 68 44 93 29 4 45 80 24 74 27 99 26 61 49 86 25 64 46 89 22 1 50 77 23 71 47 96 21 58 48 83 20 67 43 92 32
4 54 80 15 73 31 99 7 61 52 87 13 64 55 90 6 1 41 77 14 70 53 96 9 58 40 84 8 68 51 94 10 56 33 82 30 75 12 100 29 62 34 88 16 65 42 91 11 2 39 78 17 71 38 97 18 59 36 85 19 66 37 92 20 3 44 79 24 72 45 98 28 60 35 86 32 63 50 89 27 0 46 76 25 69 48 95 26 57 47 83 23 67 49 93 22 5 43 81 21 74
15 99 31 62 55 86 7 65 54 89 6 1 52 77 5 71 41 95 14 58 53 83 8 68 51 92 9 4 40 80 10 74 30 98 12 61 33 85 13 64 34 88 11 0 39 76 18 70 36 94 16 57 42 82 17 69 38 93 19 56 37 81 20 75 28 100 24 63 44 87 29 66 49 90 27 2 35 78 26 72 46 96 25 59 50 84 23 67 48 91 22 3 47 79 21 73 45 97 32 60 43
84 15 62 54 88 6 0 52 75 31 69 44 95 5 56 53 81 14 67 41 93 7 4 43 79 8 73 9 99 10 60 40 86 12 64 35 90 13 2 34 77 16 71 39 97 11 58 42 83 17 66 37 92 18 3 38 78 19 72 20 98 21 59 33 85 30 63 46 89 29 1 49 76 28 70 51 96 27 57 50 82 24 68 47 94 25 55 48 80 23 74 26 100 22 61 36 87 32 65 45 91
15 3 55 79 14 72 54 97 31 60 52 85 7 67 53 92 30 4 57 80 8 73 13 98 10 61 40 86 9 64 41 89 12 0 51 76 29 70 50 95 16 58 39 83 11 69 56 94 17 6 38 82 19 75 18 100 21 63 36 88 20 66 37 91 24 2 44 78 28 71 45 96 32 59 49 84 27 68 42 93 25 5 48 81 23 74 26 99 33 62 47 87 22 65 46 90 35 1 43 77 34
70 51 95 7 57 54 83 15 68 52 93 31 55 53 81 14 75 30 100 6 62 42 87 5 65 43 90 9 2 40 78 8 72 34 97 12 59 41 84 16 66 38 91 13 3 39 79 11 73 33 98 17 60 36 85 19 63 37 88 10 0 32 76 18 69 44 94 28 56 49 82 24 67 50 92 29 4 35 80 27 74 25 99 23 61 46 86 26 64 48 89 22 1 47 77 21 71 45 96 20 58
55 84 15 67 54 93 7 4 52 80 31 74 6 99 5 61 41 87 14 64 53 90 9 1 40 77 8 71 51 96 10 58 33 83 30 69 34 94 12 56 42 81 16 75 13 100 11 62 39 88 17 65 38 91 18 2 32 78 19 72 37 97 20 59 44 85 28 66 49 92 29 3 35 79 24 73 50 98 27 60 46 86 25 63 48 89 26 0 47 76 23 70 36 95 22 57 45 82 21 68 43
93 15 5 54 80 31 73 14 99 7 61 52 86 6 64 55 89 30 1 41 76 9 70 53 96 8 58 40 83 10 67 43 92 12 4 34 79 16 72 13 98 18 60 39 85 11 63 35 88 17 0 37 75 20 69 42 95 19 57 36 82 21 68 38 94 28 56 44 81 24 74 29 100 32 62 45 87 27 65 50 90 25 2 51 77 26 71 48 97 23 59 47 84 22 66 49 91 33 3 46 78
15 72 55 97 31 60 54 85 6 63 53 88 5 0 52 76 14 69 41 94 8 57 43 82 7 67 42 92 9 4 40 80 12 74 16 99 13 62 51 87 11 65 34 90 10 2 39 78 17 71 35 96 19 59 38 84 18 66 37 91 20 3 36 79 30 73 28 98 29 61 44 86 27 64 45 89 26 1 50 77 24 70 47 95 25 58 46 83 23 68 48 93 22 56 49 81 32 75 21 100 33
62 55 88 15 66 54 91 31 2 53 78 14 72 52 97 6 58 41 84 30 67 43 92 8 3 42 79 7 73 40 98 9 59 35 85 12 63 34 89 16 0 38 76 13 70 39 95 11 56 33 82 17 69 37 94 19 5 36 81 10 75 18 100 20 61 44 87 28 65 49 90 24 1 50 77 29 71 51 96 27 57 46 83 25 68 48 93 23 4 47 80 26 74 22 99 21 60 45 86 32 64
55 89 7 1 54 77 14 71 52 96 15 59 53 83 6 69 40 94 31 57 51 81 30 75 8 100 13 63 56 87 9 66 34 91 12 3 41 78 29 72 39 97 16 60 38 84 11 67 35 92 17 4 36 79 10 73 33 98 19 61 37 85 18 64 44 88 24 0 45 76 28 70 49 95 20 58 50 82 27 68 46 93 25 5 48 80 26 74 23 99 22 62 47 86 21 65 42 90 32 2 43
77 15 70 51 96 31 57 54 83 7 66 53 92 6 4 52 80 14 73 8 99 5 60 41 86 9 63 43 89 10 1 40 76 30 69 33 95 12 56 34 82 16 67 39 93 13 55 42 81 17 74 11 100 18 61 37 87 20 64 38 90 19 2 32 78 28 71 44 97 24 58 49 84 29 65 50 91 27 3 35 79 25 72 46 98 23 59 48 85 26 62 36 88 22 0 47 75 21 68 45 94
15 57 55 82 31 68 54 93 6 4 52 80 5 74 7 99 14 62 41 87 8 65 53 90 9 1 43 77 10 71 40 96 12 59 35 84 16 67 34 92 13 3 39 79 11 73 18 98 17 61 37 86 19 64 42 89 20 0 38 76 21 70 36 95 30 58 44 83 28 69 45 94 24 56 50 81 29 75 27 100 25 63 51 88 23 66 48 91 26 2 49 78 22 72 47 97 32 60 46 85 33
66 55 91 15 3 54 79 14 73 52 98 31 60 53 85 6 63 41 88 30 0 43 76 7 70 40 95 8 57 42 82 9 68 35 93 12 5 34 81 13 75 16 100 11 62 39 87 10 65 33 90 17 2 38 78 18 72 36 97 19 59 37 84 20 67 44 92 28 4 49 80 29 74 24 99 27 61 51 86 26 64 46 89 25 1 50 77 22 71 47 96 23 58 48 83 21 69 45 94 32 56
55 82 15 75 31 100 14 62 54 88 6 65 52 91 7 2 41 78 30 71 53 97 8 59 56 85 9 66 40 92 10 3 51 79 12 72 16 98 13 60 35 86 11 63 39 89 18 0 37 76 17 69 42 95 19 57 38 83 20 68 36 94 21 5 44 81 28 74 24 99 29 61 45 87 27 64 49 90 26 1 46 77 25 70 50 96 23 58 48 84 22 67 47 93 33 4 43 80 32 73 34
98 7 60 51 85 15 64 54 89 14 1 53 76 6 70 52 95 31 57 40 82 30 68 43 93 8 55 42 80 5 74 9 100 12 62 34 87 16 65 41 90 13 2 38 77 11 71 39 96 17 58 33 83 19 66 36 91 10 3 37 78 18 72 32 97 28 59 44 84 24 63 49 88 29 0 50 75 27 69 35 94 25 56 46 81 23 67 48 92 26 4 47 79 22 73 21 99 20 61 45 86
15 65 55 90 7 1 54 77 31 71 52 96 6 58 53 83 14 68 41 93 5 4 51 80 8 74 9 99 10 61 40 86 30 64 33 89 13 0 34 76 12 70 39 95 11 57 42 82 16 69 36 94 17 56 38 81 19 75 18 100 20 62 37 87 28 66 44 91 29 2 45 78 24 72 35 97 27 59 50 84 25 67 46 92 26 3 48 79 23 73 47 98 22 60 49 85 32 63 43 88 21
0 55 76 15 69 54 95 14 57 52 83 31 67 53 93 6 5 43 81 30 74 8 99 7 61 40 87 10 64 41 90 9 2 35 78 12 71 34 97 13 59 39 85 16 66 42 92 11 4 38 80 17 73 19 98 18 60 36 86 21 63 37 89 20 1 44 77 28 70 45 96 29 58 51 84 24 68 50 94 27 56 47 82 32 75 25 100 26 62 48 88 23 65 49 91 22 3 46 79 33 72
55 97 15 60 54 84 31 67 53 91 14 3 52 79 6 73 41 98 30 61 56 85 8 64 42 88 7 0 40 76 9 70 35 94 12 57 34 82 16 69 38 93 13 5 39 81 11 75 17 100 19 63 33 87 10 66 37 90 18 2 36 78 20 72 44 96 28 59 49 83 24 68 50 92 29 4 51 80 27 74 25 99 23 62 46 86 26 65 48 89 22 1 47 77 21 71 45 95 32 58 43
82 7 68 51 94 15 55 54 80 31 74 14 100 6 61 53 87 30 64 52 90 5 2 43 77 8 71 40 97 9 58 42 84 12 65 34 91 13 3 41 78 16 72 39 98 11 59 38 85 17 62 33 88 10 0 36 75 19 69 32 95 18 56 37 81 28 67 44 93 29 4 49 79 24 73 27 99 26 60 35 86 25 63 46 89 22 1 50 76 23 70 47 96 21 57 48 83 20 66 45 92
15 4 54 80 31 74 7 99 13 62 52 87 6 65 55 90 14 1 41 77 9 71 53 96 8 59 40 84 10 69 51 94 30 57 35 82 12 75 29 100 16 63 34 88 11 66 56 91 17 2 39 78 18 72 38 97 19 60 36 85 20 67 37 92 24 3 44 79 28 73 45 98 32 61 50 86 27 64 42 89 25 0 46 76 26 70 48 95 23 58 47 83 22 68 49 93 21 5 43 81 33
74 15 99 31 61 51 86 7 64 54 89 6 1 52 77 5 70 41 95 14 57 53 83 8 67 43 92 9 4 40 80 10 73 30 98 12 60 33 85 13 63 34 88 11 0 39 76 18 69 36 94 16 56 42 82 17 68 38 93 19 55 37 81 20 75 28 100 24 62 44 87 29 65 49 90 27 2 35 78 26 71 46 96 25 58 50 84 23 66 48 91 22 3 47 79 21 72 45 97 32 59
55 85 15 63 54 89 6 0 52 76 31 70 53 95 5 57 41 82 14 68 43 93 7 4 40 80 8 74 9 99 10 61 35 87 12 65 34 91 13 2 39 78 16 72 42 97 11 59 37 84 17 67 38 92 18 3 33 79 19 73 20 98 21 60 44 86 30 64 49 90 29 1 51 77 28 71 50 96 27 58 47 83 24 69 48 94 25 56 36 81 23 75 26 100 22 62 45 88 32 66 46
91 15 3 55 78 14 71 54 97 31 59 52 84 7 66 53 92 30 4 41 79 13 72 56 98 8 60 40 85 9 63 42 88 12 0 51 75 29 69 34 95 16 57 39 82 11 68 38 94 17 6 37 81 19 74 10 100 20 62 36 87 18 65 35 90 24 2 44 77 28 70 45 96 32 58 49 83 27 67 50 93 25 5 48 80 23 73 26 99 21 61 47 86 22 64 46 89 33 1 43 76
7 70 55 95 15 58 54 83 31 68 52 93 14 56 53 81 30 75 6 100 5 62 42 87 9 65 51 90 8 2 40 78 12 72 34 97 16 59 41 84 13 66 38 91 11 3 39 79 17 73 19 98 10 60 35 85 18 63 37 88 20 0 36 76 28 69 44 94 24 57 45 82 29 67 50 92 27 4 49 80 25 74 23 99 26 61 46 86 22 64 48 89 21 1 47 77 32 71 43 96 33
58 51 84 15 67 54 93 31 4 52 80 7 74 6 99 5 61 41 87 14 64 53 90 8 1 43 77 9 71 40 96 10 57 33 83 30 69 34 94 12 55 42 81 16 75 13 100 11 62 39 88 17 65 38 91 19 2 37 78 18 72 32 97 20 59 44 85 28 66 49 92 24 3 50 79 29 73 35 98 27 60 46 86 25 63 48 89 23 0 36 76 26 70 47 95 22 56 45 82 21 68
55 93 15 5 54 80 14 74 31 99 6 62 52 86 7 65 41 89 30 1 53 77 9 71 40 96 8 59 56 83 10 68 35 92 12 4 34 79 13 73 16 98 11 61 39 85 18 64 37 88 17 0 42 76 20 70 36 95 19 58 38 82 21 69 44 94 28 57 45 81 24 75 32 100 29 63 50 87 27 66 51 90 25 2 48 78 26 72 47 97 23 60 49 84 22 67 46 91 33 3 43
78 15 71 54 97 31 59 52 85 6 62 53 88 5 0 44 75 14 68 41 94 8 56 43 82 7 66 42 92 9 4 40 80 12 73 16 99 13 61 35 87 11 64 34 90 10 2 39 77 17 70 33 96 19 58 38 84 18 65 37 91 20 3 36 79 30 72 28 98 29 60 46 86 27 63 45 89 26 1 51 76 24 69 47 95 25 57 50 83 23 67 48 93 22 55 49 81 32 74 21 100
15 63 55 88 31 66 54 91 14 2 53 78 6 72 52 97 30 59 41 84 8 67 56 92 7 3 42 79 9 73 40 98 12 60 51 85 16 64 34 89 13 0 38 76 11 70 39 95 17 57 35 82 19 69 37 94 10 5 36 81 18 75 20 100 28 62 44 87 24 65 45 90 29 1 50 77 27 71 49 96 25 58 46 83 23 68 48 93 26 4 47 80 22 74 21 99 32 61 43 86 33
64 55 89 7 1 54 77 14 71 52 96 15 58 53 83 6 69 40 94 31 56 51 81 30 75 8 100 13 62 42 87 9 66 34 91 12 3 41 78 29 72 39 97 16 59 38 84 11 67 35 92 17 4 37 79 10 73 19 98 18 60 36 85 20 63 44 88 24 0 45 76 28 70 49 95 32 57 50 82 27 68 46 93 25 5 48 80 26 74 23 99 22 61 47 86 21 65 43 90 33 2
55 78 15 71 54 96 31 58 53 84 7 67 52 93 6 4 41 81 14 74 8 99 5 61 51 87 9 64 40 90 10 1 33 77 30 70 34 95 12 57 39 83 16 68 42 94 13 56 37 82 17 75 11 100 18 62 38 88 20 65 32 91 19 2 44 79 28 72 49 97 24 59 50 85 29 66 35 92 27 3 46 80 25 73 48 98 23 60 36 86 26 63 47 89 22 0 45 76 21 69 43
94 15 56 54 81 31 67 52 92 6 4 44 79 5 73 7 99 14 61 41 86 8 64 53 89 9 1 43 76 10 70 40 96 12 58 35 83 16 66 34 91 13 3 39 78 11 72 18 98 17 60 37 85 19 63 42 88 20 0 38 75 21 69 33 95 30 57 46 82 28 68 49 93 24 55 50 80 29 74 27 100 25 62 51 87 23 65 48 90 26 2 36 77 22 71 47 97 32 59 45 84
15 66 55 91 14 3 54 79 31 73 52 98 6 60 53 85 30 63 41 88 7 0 56 76 8 70 40 95 9 57 42 82 12 68 51 93 13 5 34 81 16 75 11 100 10 62 39 87 17 65 35 90 18 2 38 78 19 72 36 97 20 59 37 84 28 67 44 92 29 4 45 80 24 74 27 99 26 61 49 86 25 64 46 89 22 1 50 77 23 71 47 96 21 58 48 83 32 69 43 94 33
56 55 82 7 75 15 100 14 62 54 88 31 65 53 91 6 2 52 78 30 71 51 97 13 59 40 85 8 66 42 92 9 3 34 79 12 72 41 98 29 60 39 86 16 63 38 89 11 0 35 76 17 69 36 95 10 57 33 83 19 68 37 94 18 5 45 81 24 74 20 99 28 61 49 87 26 64 44 90 27 1 46 77 25 70 50 96 22 58 47 84 23 67 48 93 21 4 43 80 32 73
7 98 15 61 55 86 14 65 54 89 6 1 52 77 5 71 40 95 31 58 53 83 30 69 51 93 8 56 42 81 9 75 12 100 16 63 34 87 13 66 41 90 11 2 39 78 10 72 35 96 17 59 38 84 19 67 37 91 18 3 36 79 20 73 28 97 24 60 44 85 29 64 45 88 27 0 49 76 26 70 46 94 25 57 50 82 23 68 48 92 22 4 47 80 21 74 32 99 33 62 43
86 15 64 51 90 7 1 54 76 31 70 52 96 6 57 53 82 14 67 41 93 5 4 43 79 8 73 9 99 10 60 40 85 30 63 33 89 13 0 34 75 12 69 39 95 11 56 42 81 16 68 32 94 17 55 38 80 19 74 18 100 20 61 37 87 28 65 44 91 29 2 49 77 24 71 35 97 27 58 50 83 25 66 46 92 26 3 48 78 23 72 47 98 22 59 36 84 21 62 45 88
15 0 55 76 14 70 54 95 31 58 52 83 6 68 53 93 30 5 56 81 8 74 7 99 10 62 40 87 9 65 41 90 12 2 51 78 13 72 35 97 16 60 39 85 11 67 42 92 17 4 38 80 19 73 18 98 21 61 36 86 20 64 37 89 28 1 44 77 29 71 45 96 24 59 50 84 27 69 46 94 32 57 47 82 25 75 26 100 23 63 48 88 22 66 49 91 33 3 43 79 34
72 55 97 15 59 54 84 31 66 53 91 14 3 52 79 6 73 41 98 30 60 43 85 8 63 42 88 7 0 40 76 9 69 35 94 12 56 34 82 16 68 38 93 13 5 39 81 11 75 17 100 19 62 33 87 10 65 37 90 18 2 36 78 20 71 44 96 28 58 49 83 24 67 50 92 29 4 51 80 27 74 25 99 23 61 46 86 26 64 48 89 22 1 47 77 21 70 45 95 32 57
55 83 7 69 54 94 15 56 53 81 31 75 14 100 6 62 52 88 30 65 51 91 5 2 40 78 8 72 42 97 9 59 34 85 12 66 41 92 13 3 39 79 16 73 38 98 11 60 33 86 17 63 36 89 10 0 32 76 19 70 37 95 18 57 44 82 28 68 49 93 29 4 35 80 24 74 27 99 26 61 46 87 25 64 50 90 22 1 47 77 23 71 48 96 21 58 45 84 20 67 43
92 15 4 54 79 31 73 14 99 13 61 52 86 7 64 55 89 30 1 41 76 9 70 53 96 8 58 40 83 10 68 56 94 12 6 34 81 16 74 29 100 18 62 39 87 11 65 35 90 17 2 37 77 20 71 42 97 19 59 36 84 21 66 38 91 24 3 44 78 28 72 45 98 32 60 51 85 27 63 50 88 25 0 46 75 26 69 48 95 23 57 47 82 22 67 49 93 33 5 43 80
15 74 31 99 7 61 55 86 6 64 54 89 5 1 52 77 14 70 41 95 8 58 53 83 9 67 51 92 10 4 40 80 30 73 12 98 13 60 35 85 11 63 34 88 18 0 39 76 16 69 36 94 17 57 42 82 19 68 38 93 20 56 37 81 28 75 24 100 29 62 44 87 27 65 45 90 26 2 49 78 25 71 46 96 23 59 50 84 22 66 48 91 21 3 47 79 32 72 43 97 33
59 54 85 15 63 52 89 31 0 53 76 6 70 44 95 5 56 41 82 14 68 43 93 8 4 40 80 7 74 9 99 10 61 35 87 12 65 34 91 16 2 42 78 13 72 39 97 11 58 37 84 17 67 38 92 19 3 33 79 18 73 20 98 21 60 46 86 30 64 49 90 28 1 50 77 29 71 51 96 27 57 47 83 24 69 48 94 25 55 36 81 23 75 26 100 22 62 45 88 32 66
55 91 15 3 54 78 14 72 52 97 31 60 53 84 7 67 41 92 30 4 57 79 13 73 40 98 8 61 56 85 9 64 51 88 12 0 34 76 29 70 39 95 16 58 38 82 11 69 35 94 17 6 37 81 10 75 19 100 18 63 36 87 20 66 44 90 24 2 45 77 28 71 49 96 32 59 50 83 27 68 46 93 25 5 48 80 26 74 23 99 22 62 47 86 21 65 42 89 33 1 43
76 7 69 51 95 15 57 54 83 31 67 52 93 14 55 53 81 30 74 6 100 5 61 42 87 9 64 43 90 8 2 40 78 12 71 34 97 16 58 41 84 13 65 38 91 11 3 39 79 17 72 33 98 19 59 36 85 10 62 37 88 18 0 32 75 28 68 44 94 24 56 49 82 29 66 50 92 27 4 35 80 25 73 23 99 26 60 46 86 22 63 48 89 21 1 47 77 20 70 45 96
15 59 55 84 31 68 54 93 7 4 52 80 6 74 5 99 14 62 41 87 8 65 53 90 9 1 51 77 10 71 40 96 30 58 35 83 12 69 34 94 16 56 42 81 13 75 11 100 17 63 39 88 19 66 38 91 18 2 37 78 20 72 36 97 28 60 44 85 24 67 45 92 29 3 49 79 27 73 26 98 25 61 46 86 23 64 50 89 22 0 48 76 21 70 47 95 32 57 43 82 33
68 55 93 15 5 54 80 14 74 31 99 6 61 52 86 7 64 41 89 30 1 53 77 9 71 40 96 8 58 43 83 10 67 35 92 12 4 34 79 13 73 16 98 11 60 39 85 18 63 37 88 17 0 42 76 20 70 36 95 19 57 38 82 21 69 44 94 28 56 45 81 24 75 32 100 29 62 50 87 27 65 51 90 25 2 48 78 26 72 47 97 23 59 49 84 22 66 46 91 33 3
55 79 15 72 54 98 31 60 53 86 6 63 52 89 5 0 41 76 14 69 43 95 8 57 42 83 7 67 40 93 9 4 35 81 12 74 16 100 13 62 34 88 11 65 39 91 10 2 33 78 17 71 38 97 19 59 37 85 18 66 36 92 20 3 44 80 30 73 28 99 29 61 45 87 27 64 51 90 26 1 47 77 24 70 50 96 25 58 48 84 23 68 49 94 22 56 46 82 32 75 21
100 15 62 55 87 31 65 54 90 14 2 53 77 6 71 52 96 30 58 41 83 8 66 43 91 7 3 42 78 9 72 40 97 12 59 35 84 16 63 34 88 13 0 38 75 11 69 39 94 17 56 33 81 19 68 37 93 10 5 36 80 18 74 20 99 28 61 44 86 24 64 49 89 29 1 50 76 27 70 51 95 25 57 46 82 23 67 48 92 26 4 47 79 22 73 21 98 32 60 45 85
7 64 55 89 14 1 54 77 15 71 52 96 6 58 53 83 31 69 40 94 30 56 51 81 8 75 5 100 9 62 42 87 12 66 34 91 13 2 41 78 16 72 39 97 11 59 38 84 17 67 35 92 10 3 36 79 19 73 33 98 18 60 37 85 28 63 44 88 29 0 45 76 24 70 49 95 27 57 50 82 25 68 46 93 26 4 48 80 23 74 22 99 21 61 47 86 20 65 43 90 32
2 55 78 15 71 54 96 7 58 52 84 31 67 53 93 6 5 51 81 14 74 8 99 13 61 40 87 10 64 41 90 9 1 33 77 30 70 34 95 29 57 39 83 12 68 42 94 11 56 36 82 16 75 17 100 18 62 38 88 19 65 37 91 20 3 44 79 24 72 45 97 28 59 35 85 32 66 50 92 27 4 46 80 25 73 48 98 26 60 47 86 23 63 49 89 22 0 43 76 21 69
55 94 15 57 54 82 31 68 53 92 6 4 52 80 5 74 14 99 8 62 41 86 7 65 43 89 9 1 40 77 10 71 35 96 12 59 34 84 16 67 42 91 13 3 39 79 11 73 17 98 19 61 37 85 18 64 38 88 20 0 33 76 21 70 44 95 30 58 49 83 28 69 51 93 24 56 50 81 29 75 25 100 27 63 36 87 26 66 48 90 22 2 47 78 23 72 45 97 32 60 46
84 15 65 55 91 14 3 54 78 31 72 52 98 6 59 53 85 30 62 41 88 7 0 43 75 8 69 40 95 9 56 42 81 12 67 35 93 13 5 34 80 16 74 11 100 10 61 39 87 17 64 33 90 18 2 38 77 19 71 36 97 20 58 37 83 28 66 44 92 29 4 49 79 24 73 27 99 26 60 51 86 25 63 46 89 22 1 50 76 23 70 47 96 21 57 48 82 32 68 45 94
7 57 55 82 15 75 14 100 31 63 54 88 6 66 53 91 30 2 52 78 13 72 51 97 8 60 40 85 9 67 56 92 12 3 50 79 29 73 41 98 16 61 39 86 11 64 38 89 17 0 35 76 10 70 36 95 19 58 34 83 18 69 37 94 24 5 45 81 20 74 28 99 26 62 49 87 27 65 44 90 25 1 46 77 22 71 42 96 23 59 47 84 21 68 48 93 33 4 43 80 32
73 7 98 15 60 51 86 14 64 54 89 6 1 52 77 5 70 40 95 31 57 53 83 30 68 43 93 8 55 42 81 9 75 12 100 16 62 34 87 13 65 41 90 11 2 39 78 10 71 33 96 17 58 38 84 19 66 37 91 18 3 36 79 20 72 44 97 28 59 45 85 24 63 50 88 29 0 35 76 27 69 46 94 25 56 48 82 23 67 49 92 26 4 47 80 22 74 32 99 21 61
55 87 15 65 54 90 7 1 52 77 31 71 53 96 6 58 41 83 14 68 51 93 5 4 40 80 8 74 9 99 10 61 33 86 30 64 34 89 13 0 39 76 12 70 42 95 11 57 36 82 16 69 38 94 17 56 37 81 19 75 18 100 20 62 44 88 28 66 49 91 29 2 35 78 24 72 50 97 27 59 46 84 25 67 48 92 26 3 47 79 23 73 22 98 21 60 45 85 32 63 43
88 15 0 55 75 14 69 54 95 31 57 52 82 6 67 53 93 30 5 43 80 8 73 7 99 10 61 40 86 9 64 41 90 12 2 35 77 13 71 34 97 16 59 39 84 11 66 42 92 17 4 38 79 19 72 18 98 21 60 36 85 20 63 37 89 28 1 44 76 29 70 45 96 24 58 51 83 27 68 50 94 32 56 47 81 25 74 26 100 23 62 48 87 22 65 49 91 33 3 46 78
15 72 55 97 31 59 54 84 14 66 53 91 6 3 52 79 30 73 41 98 8 60 56 85 7 63 42 88 9 0 40 76 12 69 51 94 16 57 34 82 13 68 38 93 11 5 39 81 17 75 19 100 10 62 35 87 18 65 37 90 20 2 36 78 28 71 44 96 24 58 45 83 29 67 50 92 27 4 49 80 25 74 23 99 26 61 46 86 22 64 48 89 21 1 47 77 32 70 43 95 33
57 51 83 7 69 54 94 15 55 53 81 31 75 14 100 6 62 52 88 30 65 43 91 8 2 42 78 5 72 40 97 9 59 34 85 12 66 41 92 16 3 38 79 13 73 39 98 11 60 33 86 17 63 36 89 19 0 37 76 10 70 32 95 18 56 44 82 28 68 49 93 24 4 35 80 29 74 27 99 26 61 46 87 25 64 50 90 23 1 48 77 22 71 47 96 21 58 45 84 20 67
55 92 15 4 54 80 7 74 31 99 6 62 52 86 13 65 41 89 14 1 53 77 9 71 40 96 8 59 51 83 10 69 33 94 30 57 34 81 12 75 16 100 29 63 56 87 11 66 39 90 17 2 38 78 18 72 36 97 19 60 37 84 20 67 44 91 24 3 45 79 28 73 35 98 32 61 50 85 27 64 46 88 25 0 48 76 26 70 47 95 23 58 49 82 22 68 42 93 21 5 43
80 15 73 31 99 7 60 51 86 6 63 54 89 5 1 52 76 14 69 41 95 8 57 53 83 9 66 43 92 10 4 40 79 30 72 12 98 13 59 33 85 11 62 34 88 18 0 39 75 16 68 36 94 17 56 42 82 19 67 38 93 20 55 37 81 28 74 24 100 29 61 44 87 27 64 49 90 26 2 35 77 25 70 46 96 23 58 50 84 22 65 48 91 21 3 47 78 32 71 45 97
15 60 55 85 31 64 54 89 6 0 53 76 5 70 52 95 14 57 41 82 8 68 43 93 7 4 40 80 9 74 10 99 12 62 35 87 16 66 34 91 13 2 42 78 11 72 39 97 17 59 37 84 19 67 38 92 18 3 36 79 20 73 21 98 30 61 44 86 28 65 45 90 29 1 50 77 27 71 51 96 24 58 47 83 25 69 48 94 23 56 49 81 26 75 22 100 32 63 46 88 33
66 55 91 15 3 54 78 14 72 52 97 31 59 53 84 7 67 41 92 30 4 56 79 13 73 40 98 8 60 42 85 9 63 51 88 12 0 34 76 29 70 39 95 16 57 38 82 11 69 35 94 17 6 37 81 10 75 19 100 18 62 36 87 20 65 44 90 24 2 45 77 28 71 49 96 32 58 50 83 27 68 46 93 25 5 48 80 26 74 23 99 22 61 47 86 21 64 43 89 33 1
55 77 7 70 54 96 15 58 52 84 31 68 53 94 14 56 42 82 30 75 6 100 5 62 51 88 9 65 40 91 8 2 34 79 12 72 41 97 16 59 38 85 13 66 39 92 11 3 33 80 17 73 36 98 19 60 37 86 10 63 32 89 18 0 44 76 28 69 49 95 24 57 50 83 29 67 35 93 27 4 46 81 25 74 23 99 26 61 48 87 22 64 47 90 21 1 45 78 20 71 43
96 15 58 51 83 31 67 54 92 7 4 52 79 6 73 5 99 14 61 41 86 8 64 53 89 9 1 43 76 10 70 40 95 30 57 33 82 12 68 34 93 16 55 42 80 13 74 11 100 17 62 39 87 19 65 38 90 18 2 37 77 20 71 32 97 28 59 44 84 24 66 49 91 29 3 50 78 27 72 35 98 25 60 46 85 23 63 48 88 26 0 36 75 22 69 47 94 21 56 45 81
15 68 55 93 6 4 54 80 31 74 5 99 7 61 52 86 14 64 41 89 9 1 53 77 8 71 40 96 10 58 43 83 12 67 35 92 13 3 34 79 16 73 11 98 18 60 39 85 17 63 37 88 20 0 42 76 19 70 36 95 21 57 38 82 30 69 44 94 28 56 45 81 24 75 29 100 27 62 50 87 25 65 51 90 26 2 48 78 23 72 47 97 22 59 49 84 32 66 46 91 33
3 54 79 15 72 31 98 14 60 52 86 7 63 55 89 6 0 41 76 30 69 53 95 9 57 40 83 8 67 43 93 10 5 34 81 12 74 16 100 13 62 39 88 18 65 35 91 11 2 37 78 17 71 42 97 20 59 36 85 19 66 38 92 21 4 49 80 28 73 24 99 29 61 51 87 26 64 44 90 27 1 46 77 25 70 50 96 22 58 47 84 23 68 48 94 33 56 45 82 32 75
15 100 31 63 55 87 14 66 54 90 6 2 52 78 7 72 41 96 30 59 53 84 8 67 56 91 9 3 40 79 10 73 51 97 12 60 34 85 16 64 42 88 13 0 39 76 11 70 35 94 17 57 38 82 19 69 37 93 18 5 36 81 20 75 28 99 24 62 44 86 29 65 45 89 27 1 49 77 26 71 46 95 25 58 50 83 23 68 48 92 22 4 47 80 21 74 32 98 33 61 43
85 7 63 51 89 14 1 54 76 15 70 52 96 6 57 53 82 31 68 40 94 30 55 43 80 8 74 5 100 9 61 42 87 12 65 34 91 13 2 41 77 16 71 39 97 11 58 38 83 17 66 33 92 10 3 36 78 19 72 32 98 18 59 37 84 28 62 44 88 29 0 49 75 24 69 35 95 27 56 50 81 25 67 46 93 26 4 48 79 23 73 22 99 21 60 47 86 20 64 45 90
15 2 55 78 7 71 54 96 31 59 52 84 6 68 53 93 14 5 51 81 8 74 13 99 10 62 40 87 9 65 41 90 30 1 35 77 29 70 34 95 12 58 39 83 11 69 56 94 16 57 36 82 17 75 18 100 19 63 38 88 20 66 37 91 24 3 44 79 28 72 45 97 32 60 50 85 27 67 42 92 25 4 46 80 26 73 48 98 23 61 47 86 22 64 49 89 21 0 43 76 33
69 54 94 15 56 52 82 31 67 53 92 6 4 44 80 5 74 14 99 8 61 41 86 7 64 43 89 9 1 40 77 10 71 35 96 12 58 34 84 16 66 42 91 13 3 39 79 11 73 17 98 19 60 37 85 18 63 38 88 20 0 33 76 21 70 46 95 30 57 49 83 28 68 51 93 24 55 50 81 29 75 25 100 27 62 36 87 26 65 48 90 22 2 47 78 23 72 45 97 32 59
55 85 15 66 54 92 14 3 52 79 31 73 53 98 6 60 41 86 30 63 56 89 7 0 40 76 8 70 42 95 9 57 35 82 12 68 34 94 13 5 39 81 16 75 11 100 10 62 33 88 17 65 38 91 18 2 36 78 19 72 37 97 20 59 44 84 28 67 49 93 29 4 51 80 24 74 27 99 26 61 46 87 25 64 50 90 22 1 47 77 23 71 48 96 21 58 45 83 32 69 43
94 7 56 55 81 15 74 14 100 31 62 54 87 6 65 53 90 30 2 52 77 13 71 51 97 8 59 40 84 9 66 42 91 12 3 34 78 29 72 41 98 16 60 39 85 11 63 38 88 17 0 35 75 10 69 36 95 19 57 33 82 18 68 37 93 24 5 45 80 20 73 28 99 26 61 49 86 27 64 44 89 25 1 46 76 22 70 50 96 23 58 47 83 21 67 48 92 32 4 43 79
7 73 15 98 14 61 55 86 6 64 54 89 5 1 52 77 31 70 40 95 30 58 53 83 8 68 51 93 9 56 42 81 12 75 16 100 13 62 34 87 11 65 41 90 10 2 39 78 17 71 35 96 19 59 38 84 18 66 37 91 20 3 36 79 28 72 44 97 24 60 45 85 29 63 43 88 27 0 50 76 25 69 46 94 23 57 48 82 26 67 49 92 22 4 47 80 32 74 21 99 33
61 51 87 15 65 54 90 31 1 53 77 7 71 52 96 6 57 41 83 14 68 43 93 8 4 40 80 5 74 9 99 10 60 33 86 30 64 34 89 12 0 42 76 13 70 39 95 11 56 32 82 16 69 38 94 17 55 37 81 19 75 18 100 20 62 44 88 28 66 49 91 24 2 50 78 29 72 35 97 27 58 46 84 25 67 48 92 23 3 36 79 26 73 47 98 22 59 45 85 21 63
55 88 15 0 54 76 14 70 52 95 31 58 53 82 6 68 41 93 30 5 56 80 7 74 8 99 9 62 40 86 10 65 35 90 12 2 34 78 13 72 39 97 16 60 42 84 11 67 37 92 17 4 38 79 18 73 19 98 20 61 36 85 21 64 44 89 28 1 45 77 29 71 51 96 24 59 50 83 27 69 47 94 32 57 48 81 25 75 23 100 26 63 49 87 22 66 46 91 33 3 43
78 15 71 55 97 31 58 54 84 14 65 53 91 6 3 52 79 30 72 8 98 7 59 41 85 9 62 43 88 10 0 40 75 12 68 35 94 16 56 34 82 13 67 42 93 11 5 39 81 17 74 19 100 18 61 37 87 20 64 38 90 21 2 36 77 28 70 44 96 24 57 49 83 29 66 50 92 27 4 51 80 25 73 23 99 26 60 46 86 22 63 48 89 33 1 47 76 32 69 45 95
7 58 55 83 15 69 54 94 31 56 53 81 14 75 6 100 30 63 52 88 8 66 51 91 5 2 42 78 9 72 40 97 12 60 34 85 16 67 41 92 13 3 38 79 11 73 39 98 17 61 35 86 19 64 36 89 10 0 37 76 18 70 33 95 28 57 44 82 24 68 45 93 29 4 49 80 27 74 26 99 25 62 46 87 23 65 50 90 22 1 48 77 21 71 47 96 20 59 43 84 32
67 55 92 15 4 54 80 7 74 31 99 6 61 52 86 13 64 41 89 14 1 53 77 9 71 40 96 8 58 51 83 10 69 33 94 30 56 34 81 12 75 16 100 29 62 42 87 11 65 39 90 17 2 38 78 18 72 36 97 19 59 37 84 20 66 44 91 24 3 45 79 28 73 35 98 32 60 50 85 27 63 46 88 25 0 48 76 26 70 47 95 23 57 49 82 22 68 43 93 21 5
55 81 15 74 31 99 7 61 54 87 6 64 52 90 5 1 41 77 14 70 53 96 8 58 51 84 9 67 40 93 10 4 33 80 30 73 12 98 13 60 34 86 11 63 39 89 18 0 36 76 16 69 42 95 17 57 38 83 19 68 37 94 20 56 44 82 28 75 24 100 29 62 49 88 27 65 35 91 26 2 46 78 25 71 50 97 23 59 48 85 22 66 47 92 21 3 45 79 32 72 43
97 15 59 55 84 31 63 54 88 14 0 53 75 6 69 52 94 30 56 41 81 8 67 43 92 7 4 40 79 9 73 10 99 12 61 35 86 16 65 34 90 13 2 42 77 11 71 39 96 17 58 37 83 19 66 38 91 18 3 36 78 20 72 21 98 28 60 44 85 24 64 49 89 29 1 50 76 27 70 51 95 25 57 46 82 23 68 48 93 26 5 47 80 22 74 33 100 32 62 45 87
