34 37 -3 -79 43 -88 -68 87 89 -92
-45 -41 88 -60 -86 -49 -18 25 54 66
-22 72 -39 60 -80 -99 -73 -61 13 -24
9 50 99 -88 22 -68 -28 39 -55 -8
-67 24 -57 51 -87 -43 -44 36 -72 35
53 74 31 -41 24 -47 6 73 35 -80
71 -59 38 69 28 -75 74 -67 65 18
-43 -35 89 -49 90 -61 0 11 -60 61
50 87 -55 -58 99 7 11 -98 40 -46
52 58 12 15 1 -68 26 83 -30 51
20 -41 43 65 -9 61 95 85 -88 80
-78 -96 5 35 99 -40 -83 -32 -77 96
-35 -20 -12 45 -43 -3 -96 99 87 -97
91 -50 83 -19 -53 -13 51 -28 -75 -25
93 -58 -28 -30 36 -95 8 -27 -95 36
-56 99 -60 -28 -97 -13 -49 -54 -29 -31
46 -28 -68 -84 -60 -19 -25 -25 -26 96
54 60 -99 -18 -15 -44 82 -67 37 -85
70 65 39 -73 60 32 10 25 -69 83
-55 84 62 -53 69 4 99 -6 45 -8
-84 4 -36 -11 59 -83 14 53 95 79
72 50 -39 48 74 70 -10 -55 -14 -47
-96 43 99 22 -53 -62 -69 88 72 -73
23 -15 -37 84 -17 14 -34 -43 94 78
-21 -76 9 30 -72 5 -78 79 29 52
-1 4 -40 -5 99 -27 -92 80 61 61
-39 -19 -28 -61 -80 -56 -49 22 -23 -43
10 26 -75 -24 22 58 -22 63 51 62
88 49 -9 79 -38 -18 -46 56 99 85
-56 79 -60 18 97 -34 -86 56 -89 19
-76 -46 -66 15 -95 34 -24 29 82 5
-25 15 -70 1 -95 -78 69 34 41 -85
1 -42 -54 -2 -27 79 -39 17 63 -7
-50 -88 -32 16 89 -84 32 -34 -28 -30
-9 -56 55 66 47 -54 -60 -92 -98 39
-81 -37 89 99 53 -5 70 35 -72 88
46 28 -6 -81 -83 -83 52 -36 80 -17
-53 -14 77 20 37 39 -2 -31 75 -28
-98 -77 -12 -63 -78 -28 -53 -71 57 -76
94 -99 23 -76 -42 81 -65 14 91 -24
-74 -59 14 12 98 -37 -60 84 67 -58
-49 91 -91 19 -59 0 -75 76 -18 72
74 67 64 -44 -66 14 -25 43 -62 -85
-3 -96 94 44 17 -34 -43 87 51 -58
7 -59 22 94 11 -4 18 42 52 92
-9 42 52 -98 -77 33 7 -44 62 50
-36 38 81 -50 32 36 94 30 18 -12
12 -26 -56 66 41 -1 43 5 -89 71
-82 59 -28 82 -91 47 -30 93 -51 -11
-91 35 1 31 -69 -54 67 -77 -24 -99
-31 80 72 79 60 -89 -85 -93 -94 29
-41 82 57 4 79 -33 -35 -35 7 96
-66 16 71 -62 -95 -96 -76 7 -61 -25
-58 81 40 33 11 -99 23 -16 88 13
-89 -39 -89 -73 -86 73 72 25 -16 63
55 -16 -49 94 67 48 87 -51 -63 1
54 -7 36 89 54 43 85 -21 27 2
-85 -21 35 -26 -3 41 -92 -80 85 18
88 6 -37 -86 20 -95 63 -57 -78 -90
-26 25 -26 -1 -23 7 -77 98 31 -51
86 61 11 35 -57 18 -4 60 -77 76
65 98 4 55 12 46 50 -56 70 -89
-76 -29 -8 53 -38 -2 -69 68 19 -64
55 3 -35 52 74 88 43 -19 -19 -39
-68 -74 -63 67 -20 -4 -53 -21 -43 -17
21 44 43 52 78 55 -41 28 64 -60
73 -24 -84 50 12 73 -82 -30 12 -67
84 11 95 -80 -34 81 -55 54 71 -50
89 95 20 -4 77 -38 -13 88 80 -64
8 -33 -66 -81 34 -61 77 -69 -21 -42
-47 -61 42 -16 -46 93 81 30 98 99
-54 -60 62 74 95 -48 92 -78 78 54
20 18 81 -38 -61 -72 -31 14 75 -45
-61 11 32 52 -70 5 -63 -60 99 -47
-95 -44 19 59 75 -9 -85 9 -95 32
86 77 -39 52 -43 90 -55 34 -82 -52
-62 77 57 -65 -5 51 71 4 -59 80
-78 72 -49 -25 -14 39 -80 70 -46 17
8 -82 18 -83 71 -15 -69 94 -33 5
60 94 -26 -3 -42 -98 33 78 65 -87
20 -33 2 31 -7 95 -48 -78 -95 -33
-85 -66 23 -15 -8 -68 26 12 -48 74
-4 89 63 -97 84 -80 97 -4 35 -90
60 -60 2 -95 16 96 -72 26 52 35
40 -65 -92 -57 -51 79 -12 -67 90 -18
37 50 30 -50 47 76 -53 38 0 -45
-57 -57 -79 19 -60 -81 -35 44 24 17
-4 -78 62 33 -98 0 -41 -80 -46 -43
-22 86 65 -99 -4 0 5 51 29 64
-75 -19 -34 61 19 -44 44 -80 84 38
-97 -1 28 95 95 5 84 -19 78 -83
59 -33 72 -81 29 96 70 -16 -97 56
-27 87 41 20 -12 89 61 1 96 29
86 84 -73 -3 -72 78 57 -86 -81 -78
-92 87 -96 87 -93 -53 -37 -87 20 85
-46 -2 76 -96 28 20 -63 -28 -52 71
34 -23 63 -8 87 -88 -76 8 -62 -17
99 98 -16 25 -49 -96 67 -19 39 84
-2 -79 36 65 -73 69 -44 12 -70 71
-36 -37 91 -34 26 -74 84 -5 -31 -2
