-8 -93 48 35 45 68 19 -65 -27 -93
93 18 60 41 -60 -75 82 26 -78 70
21 8 -55 -49 48 -49 -68 -55 44 -75
-16 -83 -81 0 15 72 -74 37 -1 -12
-3 52 28 78 62 45 -81 -98 71 -20
-22 78 61 -3 -26 38 51 20 7 79
-39 -34 99 1 -47 7 3 31 -65 -65
-2 -35 -22 73 -67 -52 -19 10 -93 63
40 -86 73 48 -63 94 25 84 46 -29
97 36 -36 15 -39 50 64 -29 93 -90
62 -17 -37 56 -57 -75 -42 -30 4 5
8 -7 21 -14 0 95 52 -84 -16 94
-32 47 52 21 -86 9 -16 19 55 68
-85 -3 79 -63 -42 91 75 15 19 44
59 20 31 -45 9 -55 82 74 -51 -24
53 97 49 15 -1 34 86 -57 24 0
15 36 13 50 -15 83 30 -95 27 -91
-29 -89 1 55 -95 -77 -20 84 -33 97
-7 -19 -39 -1 -14 15 -40 12 -91 86
40 -37 -95 94 -26 37 -60 -19 -91 35
-14 47 49 44 36 -33 -67 72 -67 48
-2 75 59 84 -44 61 -81 45 65 76
50 61 48 -7 42 -45 -48 -50 0 -83
-5 70 9 29 77 -36 30 -53 75 -23
9 18 -25 -87 55 -45 66 -94 44 -90
-85 -53 74 98 98 10 78 62 -58 93
36 -64 10 -53 88 -41 -68 3 -60 -66
51 -27 -15 -43 70 39 76 42 58 83
30 -42 -14 -80 5 -99 -10 -46 67 -20
87 23 98 89 -63 0 27 23 29 52
96 -62 -1 -49 -11 68 13 -64 -69 75
-75 -44 -2 -7 -1 23 -52 -51 22 -51
32 -17 0 -72 -66 98 -53 -64 -82 -66
91 -86 8 92 54 18 47 32 69 -40
0 67 34 90 -14 66 -51 98 73 -88
53 -47 -34 96 56 -32 62 21 96 -86
-32 47 36 1 7 28 35 59 75 91
58 -11 66 -28 46 -93 -7 72 68 7
67 0 -32 -80 95 99 -7 -71 -51 -39
72 50 -86 -71 14 -97 44 -4 -32 -81
-31 -36 77 -20 31 -88 -13 -40 16 -94
47 21 -6 -78 -37 -85 74 -67 82 23
92 -80 8 47 9 -85 -22 91 78 -17
-34 99 90 -32 -16 -15 15 -24 -98 85
-16 -88 -20 -19 62 51 -14 74 -7 22
-49 -66 23 -9 -1 37 -67 -66 -30 -36
66 31 33 -38 49 54 76 -53 24 -12
6 56 9 -18 67 30 42 93 10 66
70 26 91 -15 68 -71 -11 27 57 -44
30 -49 44 -96 -27 60 -35 74 60 -81
60 24 -63 16 -72 -59 -18 0 78 20
-44 -10 -7 16 -76 58 -62 -46 -34 -5
-59 59 -68 -97 86 -43 12 -70 -86 -28
84 72 -66 -52 -72 -65 -13 -38 -33 36
-94 19 -18 0 55 -72 -81 -54 77 55
8 -1 -90 -3 -9 -58 79 11 -69 -81
-88 -41 -8 -39 41 96 -61 55 9 29
-32 53 8 -60 -36 -19 33 -40 -8 17
-90 62 -10 71 65 -91 -97 52 -61 18
23 -72 11 0 -36 -89 20 -45 -78 -1
-75 -31 55 29 86 67 15 -22 -18 -45
90 -67 -10 61 -3 -54 88 -73 -4 3
36 85 -3 -95 -39 -31 -83 92 -71 -94
81 92 88 -87 92 28 -86 99 23 54
-66 22 96 -73 -92 7 -96 -27 -21 52
2 10 71 64 15 68 -13 -89 -82 50
74 -92 78 -36 93 -41 43 95 69 -97
93 -57 0 -25 59 -52 1 95 12 19
8 25 -47 -93 47 -44 81 -69 73 25
-2 87 -55 53 51 -41 78 -15 -49 71
83 -46 -39 37 -63 60 -69 82 34 75
65 -11 62 95 -95 -79 -34 -34 25 -72
39 67 -28 85 37 44 -58 -60 -65 53
-79 -7 -61 91 44 36 16 -83 96 -66
4 -52 54 -12 89 -47 5 -81 50 46
74 -46 -2 30 37 27 -61 26 51 82
-92 -35 -36 -64 17 -24 42 76 74 54
-51 -52 56 5 -13 -21 90 19 -30 67
26 51 -77 47 -90 13 69 86 -22 -26
-63 49 -25 34 -19 -28 -31 29 -94 42
-10 10 -40 41 -20 -42 -66 55 -39 -54
55 -23 -24 -87 -59 99 -15 -44 80 -71
-98 3 33 -93 89 -61 -45 14 -54 56
71 -77 -9 27 81 3 -43 3 38 -95
60 23 -50 18 55 -80 -26 -6 -62 16
-6 31 23 39 -23 55 -86 0 -7 60
-50 89 52 -98 37 -76 14 -53 -11 56
72 -21 82 -4 7 89 29 67 -1 -82
58 -11 70 -78 21 8 18 -51 -7 48
-52 42 -94 -20 -5 97 20 57 48 -56
-96 85 -55 -82 64 25 49 43 84 24
-62 64 20 -91 -56 34 5 38 64 11
-15 25 71 57 -95 85 -83 -90 -71 -70
75 -69 -6 91 -53 0 81 -51 -40 -34
13 81 -53 52 6 19 -12 -43 67 -70
-89 53 55 -20 67 -51 39 -2 86 -20
-36 2 42 81 27 -89 -22 -68 34 17
-73 -76 -23 -18 10 98 31 -76 -59 43
82 -97 -32 26 -46 70 -26 86 -36 91
43 -42 78 72 2 -64 -2 -83 -24 -7
