-19 -33 85 47 43 0 -24 89 49 45
20 -10 49 -22 -83 -14 87 59 24 69
-75 72 -47 -60 85 -32 -33 -13 89 15
-67 48 26 46 92 8 -26 -41 59 21
-70 -76 -44 26 -8 -60 98 -38 -45 -93
94 -61 67 -87 -91 15 68 -34 22 -47
-56 -95 41 -48 18 81 -41 -59 71 -67
-27 16 81 48 71 60 49 39 82 -7
21 9 82 72 -90 78 -27 64 -87 -90
55 -88 97 -34 -93 -28 -81 -90 0 12
-82 88 88 99 -53 2 16 6 -98 -61
-56 -28 -43 -16 12 -18 -93 46 -97 -80
-78 -91 43 -64 33 66 38 85 14 88
-33 -94 -65 31 52 58 -12 2 -83 72
38 85 -71 95 -26 66 69 -53 -71 26
-89 -8 75 33 46 -64 -49 -86 73 34
66 74 -28 -27 63 -89 -77 33 28 37
-95 -1 -32 28 -49 45 68 -39 69 -98
49 59 -38 44 98 48 67 28 -37 54
93 -73 52 0 -74 47 5 56 -45 -83
-77 32 34 -30 23 -15 10 21 40 55
-81 63 -84 -40 -66 -1 -22 -61 -80 4
-70 8 80 -75 -12 46 -89 -18 60 -63
-3 -68 31 0 59 6 51 -42 -81 -5
34 -71 -82 32 1 -81 55 -72 60 -83
-73 -37 70 -95 74 58 42 34 42 -99
-53 67 74 -51 6 -53 -44 -13 -64 78
19 32 60 86 99 66 39 -72 -29 72
48 65 -81 4 55 -44 72 95 -6 -65
94 -32 -21 -9 12 -67 -65 -37 15 85
-65 -67 56 0 67 -47 -61 91 -53 8
-7 -98 -23 0 -7 39 70 -98 -45 45
-5 0 -43 19 -6 3 -38 66 -54 92
-3 -80 63 -8 -51 31 -89 70 -4 98
-57 40 88 -62 -63 87 -76 64 38 -36
-11 -47 -51 81 -66 46 -92 -50 88 -45
24 25 71 -42 -17 -7 36 93 45 -96
77 -91 -60 33 -34 -12 38 -84 84 -46
-67 97 -75 2 27 36 53 53 89 2
15 -75 34 -15 38 48 -16 -58 20 0
68 -61 5 2 -77 -21 -82 -15 49 29
-58 52 0 69 -70 39 94 52 25 -76
66 48 8 38 89 -68 6 65 96 5
77 -55 22 42 -1 29 19 -60 -66 -58
94 49 -20 24 -67 -29 32 37 -60 3
-26 74 -40 8 92 82 -33 35 83 -12
-78 0 -67 34 60 -64 86 -16 35 -58
7 65 -90 72 -7 44 83 82 -33 87
96 -89 2 -66 -63 84 94 79 -39 11
60 17 -89 -82 6 -83 -55 45 50 14
66 28 -69 50 14 60 -39 32 -35 -1
-72 -1 -37 -84 76 -21 73 12 -55 -9
-52 -48 58 -71 -57 88 -78 -39 88 31
-63 80 50 25 25 99 -96 90 -36 -9
28 56 90 -93 -89 89 -96 89 -28 95
-24 -51 70 -83 -7 89 86 -55 -44 34
82 8 76 65 84 28 19 -77 -87 16
61 47 26 76 90 -37 40 63 75 -19
-65 -54 -62 21 38 -88 42 -87 53 25
-96 -39 -71 32 19 88 -59 -94 -80 67
-86 71 -17 77 38 24 34 -45 82 25
-86 78 40 -78 83 -1 19 43 -40 -3
48 69 -96 3 -95 -29 -23 -54 -87 -92
61 48 -11 66 -97 42 60 94 17 32
-71 -89 26 7 -20 -1 -59 55 -37 -78
37 4 8 -70 -95 4 -22 37 8 -23
97 99 -88 4 67 -70 94 31 -62 10
44 6 72 -57 -25 -80 -28 47 -4 -37
58 -70 -20 53 11 -9 98 -92 -23 0
10 70 48 -44 81 -50 -63 -4 -55 -23
69 -11 -6 94 33 55 -91 29 90 44
-16 13 -34 76 -76 -85 16 -4 -45 12
-28 21 52 -33 62 -15 99 -79 -69 -71
-56 -92 11 -73 30 -2 -94 -95 -21 48
-13 -7 -89 64 92 -10 38 36 -51 67
3 74 -81 63 -10 -65 -91 -85 77 -63
52 8 -65 56 7 -75 41 -29 87 3
37 2 86 -36 8 32 -1 35 85 66
2 -74 -27 -89 72 58 -2 -65 66 49
22 96 47 19 -5 37 76 -66 -28 37
-71 -71 27 -91 -88 37 25 -47 -9 7
8 36 13 44 -20 34 -11 -3 -34 10
11 33 50 -11 62 11 50 78 -30 -59
61 -15 67 -75 26 -57 -34 2 -47 90
-55 -18 -56 -38 -83 -59 76 -28 75 24
90 -41 79 -92 -40 44 13 -21 0 68
-57 -76 58 -12 51 26 -1 18 -82 -23
0 -9 -48 85 71 -86 -80 92 -20 -42
52 -73 54 -62 94 -90 36 -19 75 -61
-24 -30 65 67 11 -51 -36 96 -66 33
-47 19 -86 -41 91 25 71 -54 -57 40
13 -75 40 -39 -70 75 53 47 -75 -2
-88 -83 -68 -4 -74 66 -39 -99 99 -82
-36 93 -80 52 -50 23 39 16 -62 -59
-53 -29 -5 -38 30 61 -12 -44 18 -17
52 94 -19 64 8 -40 -27 -7 -68 41
15 -26 82 69 -94 20 55 -26 22 43
58 -44 6 -65 -11 -28 -1 -37 28 -44
18 -80 47 16 -89 -29 -25 52 -79 -85
69 9 -3 10 -47 37 -90 64 -97 81
