29 36 17 48 45 15 22 11 24 7 13 1 43 39 0 5 51 3 42 4 31 38 49 40 20 33 14 21 27 9 23 8 16 26 46 25 44 37 30 50 35 19 34 28 18 32 12 2 10 41 47 6
35 4 10 12 11 24 31 7 40 25 49 34 16 36 2 17 47 39 13 21 6 3 20 0 28 22 51 9 46 14 32 30 38 23 19 50 44 1 15 5 33 18 29 45 8 41 42 37 48 26 27 43
17 27 38 25 34 20 37 42 22 36 35 4 40 13 41 24 7 14 6 30 47 48 39 29 12 44 46 0 49 45 23 11 19 21 10 3 43 1 33 18 26 16 15 50 51 9 8 5 28 31 32 2
1 39 19 22 20 43 34 10 27 49 7 32 31 30 0 46 48 14 47 13 25 26 5 9 51 23 29 36 21 6 50 3 15 8 35 4 37 33 11 40 2 28 17 41 24 44 42 16 38 18 45 12
3 21 16 47 13 2 7 12 27 48 9 14 41 15 25 17 1 40 11 24 28 30 43 32 36 23 31 35 33 49 34 0 46 39 51 45 22 4 29 10 5 18 50 37 19 26 6 42 38 20 44 8
24 4 51 9 39 2 38 16 45 5 44 8 22 49 32 47 14 35 33 6 1 11 34 40 41 25 37 0 27 10 19 30 18 3 29 28 7 48 26 31 15 12 13 50 20 46 23 17 43 21 42 36
6 3 22 14 17 39 11 46 25 9 21 45 32 30 31 8 47 24 42 18 15 50 7 20 34 13 40 35 16 2 27 1 28 41 0 44 4 48 19 38 49 23 51 33 12 37 43 5 26 29 10 36
39 40 45 8 0 2 50 5 9 1 35 43 25 36 21 14 12 18 31 27 46 22 28 26 32 10 7 33 23 15 4 24 17 44 38 6 16 29 48 13 34 19 20 49 30 42 41 37 3 11 51 47
20 42 39 17 25 1 5 27 43 12 38 6 33 8 4 46 16 19 21 2 26 44 22 51 41 9 36 14 30 7 23 49 29 45 13 24 40 34 3 11 18 47 10 35 50 15 37 48 32 31 0 28
11 30 41 42 9 33 36 44 3 7 1 18 0 14 21 47 25 26 37 16 46 2 39 20 50 34 24 17 5 49 32 28 48 23 43 8 22 10 13 51 38 12 35 29 4 31 40 15 6 19 27 45
0 48 30 15 38 23 22 47 11 31 42 17 33 1 20 40 12 25 8 29 10 19 32 49 13 51 37 41 16 28 34 4 9 43 2 14 27 35 6 45 18 46 36 3 7 24 50 44 5 26 39 21
38 0 24 22 50 35 14 25 16 1 33 13 17 36 37 9 4 18 10 26 12 20 3 2 40 21 28 45 15 6 7 47 48 23 5 11 8 43 41 30 39 32 49 34 31 27 19 29 51 42 44 46
18 28 30 20 47 11 26 2 51 34 38 40 21 3 48 31 24 25 1 43 27 13 19 42 23 8 46 44 7 32 4 10 9 22 50 37 29 14 15 6 17 36 33 0 12 16 35 41 45 5 49 39
8 12 48 22 25 19 32 34 38 30 28 40 0 21 5 39 20 10 2 37 44 24 46 14 16 41 17 11 42 15 27 51 9 29 3 23 26 1 45 31 13 36 35 4 18 6 47 50 33 49 43 7
8 18 41 33 29 50 27 21 32 6 49 7 24 14 46 3 38 44 1 45 42 0 47 39 5 19 15 11 36 17 43 48 26 23 51 9 25 4 30 20 35 31 12 28 10 2 37 40 22 13 34 16
12 37 49 51 23 24 29 28 34 15 18 27 21 35 1 43 41 48 39 3 50 7 16 38 32 9 36 40 26 19 6 10 44 8 5 45 13 47 11 2 30 20 33 14 0 4 22 42 17 31 46 25
14 20 28 16 33 44 13 38 29 30 45 48 15 47 35 2 51 6 39 26 24 3 10 34 42 46 7 21 37 19 9 8 1 25 23 32 5 12 43 36 49 27 40 0 41 17 4 11 50 22 18 31
17 9 4 13 47 38 27 12 42 35 49 5 33 14 21 18 36 23 25 45 37 26 29 41 50 19 39 11 0 46 15 43 10 34 2 44 22 6 48 40 28 7 32 8 24 20 16 31 51 30 3 1
31 48 12 3 14 47 27 40 7 0 43 24 21 39 9 37 17 8 26 23 16 50 20 15 28 42 34 19 38 32 41 13 45 36 2 51 49 44 4 11 30 33 22 25 10 1 46 18 35 6 5 29
28 10 1 31 19 23 49 22 46 5 37 12 44 40 48 30 26 16 6 42 43 29 11 41 38 17 18 51 36 7 13 8 45 25 35 34 4 21 0 39 32 24 3 14 27 20 50 33 2 47 9 15
30 6 36 20 28 23 3 18 22 29 17 10 16 45 47 2 31 44 40 25 5 39 37 19 51 8 24 38 7 33 35 46 14 4 32 21 12 50 13 27 0 34 48 26 9 43 11 15 49 42 1 41
41 40 46 4 37 38 2 23 20 7 27 25 22 33 1 42 5 51 15 31 6 35 39 24 29 30 49 13 47 3 44 14 8 28 11 32 0 16 26 10 43 50 21 17 9 36 34 12 45 48 19 18
39 47 49 17 29 3 33 23 4 36 12 25 32 28 34 5 40 19 26 21 8 42 2 44 14 35 15 37 1 31 22 51 20 43 9 30 24 13 27 38 16 0 46 50 18 10 45 7 41 6 48 11
35 17 4 10 5 49 14 39 3 44 2 42 28 47 20 40 15 41 8 30 13 26 24 45 9 25 38 22 48 27 34 11 31 29 1 51 23 50 0 43 7 18 21 16 36 6 19 32 46 33 12 37
8 45 35 27 13 6 39 5 25 26 49 31 30 50 36 48 19 0 51 21 22 29 15 4 38 34 47 20 3 12 11 46 1 44 28 32 9 7 18 42 17 43 24 40 23 37 33 16 2 41 14 10
36 27 8 26 2 51 17 15 42 23 10 29 31 18 43 6 46 24 11 49 5 45 48 7 35 21 12 14 3 38 13 44 1 34 16 40 20 47 37 28 25 9 30 19 22 32 0 33 39 41 50 4
15 5 22 30 34 25 49 19 6 42 43 18 10 29 36 26 8 50 39 21 47 33 17 48 35 46 44 23 32 28 40 9 24 3 4 51 16 41 45 12 38 20 0 11 1 27 13 14 7 2 31 37
45 12 10 14 24 2 44 35 28 3 33 29 5 38 36 4 37 48 11 42 31 0 6 7 34 41 47 25 50 8 21 46 51 30 40 9 19 22 26 17 27 49 23 16 18 43 20 15 1 32 39 13
0 31 21 13 11 2 27 26 46 35 12 14 30 40 15 19 49 5 16 39 50 43 7 23 24 22 8 36 41 4 42 9 6 25 47 32 33 1 44 34 17 45 10 29 38 18 48 28 3 20 37 51
9 44 40 7 32 16 48 27 5 1 2 25 31 42 46 39 12 15 33 4 23 3 18 36 20 21 35 14 19 22 41 38 8 17 45 29 24 6 28 26 47 50 30 11 43 10 34 0 37 51 13 49
5 6 48 16 20 50 9 31 43 29 22 38 41 27 18 13 47 19 49 33 39 21 37 30 17 26 7 14 24 45 35 42 40 0 36 11 10 2 44 12 34 4 28 32 8 46 15 51 3 1 25 23
14 23 12 45 8 30 42 29 33 34 26 3 15 2 20 13 19 4 28 31 11 35 24 44 6 49 36 47 32 51 18 41 48 16 37 5 17 38 7 39 50 25 46 9 1 0 21 10 40 43 22 27
18 42 37 6 11 12 19 28 21 10 35 9 15 24 50 2 7 51 27 44 22 36 30 4 31 39 29 46 0 1 34 43 20 23 38 40 26 45 25 3 33 47 48 41 13 17 16 8 5 49 32 14
9 18 49 20 27 29 14 45 44 5 16 47 43 30 19 34 28 4 31 3 25 15 32 46 33 7 41 10 11 24 38 17 40 0 51 22 39 21 36 12 2 13 48 8 1 42 35 26 50 37 23 6
5 8 40 30 35 4 20 18 9 47 33 2 15 43 46 26 41 21 37 38 48 49 6 42 36 3 32 10 39 45 13 22 14 17 28 31 0 16 34 29 50 27 7 24 11 51 19 44 25 1 12 23
3 34 19 11 9 33 17 26 46 30 6 45 42 43 8 4 39 31 23 44 1 2 51 15 28 41 20 0 40 12 7 29 25 47 37 21 5 18 50 13 16 24 10 35 14 27 38 32 36 49 48 22
12 13 17 2 49 11 10 9 30 25 28 8 38 26 44 47 45 36 34 5 46 16 19 43 3 48 32 7 35 6 0 18 50 42 15 40 20 31 37 4 14 39 24 1 33 27 29 21 51 41 22 23
4 13 50 35 18 1 32 36 17 0 26 45 51 7 6 41 48 9 5 25 10 49 22 29 42 21 33 8 3 20 39 44 23 40 38 12 34 46 24 31 27 30 2 28 37 19 11 16 47 15 14 43
24 35 36 1 15 4 38 39 17 12 50 40 19 21 33 23 25 28 51 9 47 11 10 44 3 42 27 34 6 41 22 30 46 37 29 43 49 5 31 14 45 16 8 48 18 20 32 0 7 13 2 26
24 2 46 16 9 42 8 36 18 48 35 33 4 27 15 28 1 38 12 23 30 5 26 39 34 17 22 49 6 14 50 0 13 51 3 43 47 37 29 21 44 11 20 45 40 31 19 7 32 41 10 25
6 18 45 47 3 13 24 27 14 15 2 40 30 43 25 34 42 21 16 19 50 29 44 37 8 49 12 10 51 36 46 9 1 0 28 4 31 22 11 7 26 5 38 33 35 23 48 20 32 39 41 17
9 14 6 15 49 8 19 22 24 12 18 30 13 10 23 29 48 51 11 42 21 36 31 34 26 43 40 41 32 35 25 7 1 3 27 47 37 5 38 45 4 2 17 39 0 28 16 50 46 33 20 44
44 29 4 7 2 5 32 15 48 51 24 14 17 37 38 20 13 39 8 30 12 41 0 40 1 3 9 36 31 46 6 11 42 18 22 49 50 47 23 45 21 25 27 10 16 43 26 35 28 33 19 34
16 37 36 25 47 35 39 15 27 45 32 3 5 19 50 0 1 21 48 20 6 7 10 12 34 2 24 46 31 44 41 4 23 13 30 43 38 8 9 18 11 28 33 14 51 17 26 40 22 42 29 49
22 12 20 3 23 2 44 41 8 51 50 24 25 48 1 4 30 18 42 0 38 35 47 33 10 26 39 6 37 16 28 46 13 43 19 32 34 11 15 27 5 9 36 49 31 29 21 7 45 17 40 14
1 5 10 45 49 41 51 25 35 27 3 43 16 34 26 9 30 15 46 11 28 20 19 18 50 44 24 33 29 17 40 0 22 23 32 42 39 47 4 31 21 48 13 7 37 36 12 6 8 2 38 14
1 10 12 20 19 6 27 35 36 13 47 9 37 40 7 32 29 26 28 51 3 14 42 34 24 15 18 39 21 16 41 49 23 25 45 8 2 30 38 48 17 50 5 43 31 33 0 11 44 46 4 22
26 12 44 22 4 5 16 30 8 0 34 28 48 13 31 6 37 1 45 9 27 20 10 40 14 38 49 50 35 39 29 46 41 3 21 11 24 18 32 17 2 33 36 47 51 15 23 19 43 7 25 42
5 26 8 39 20 16 37 7 13 0 41 11 48 40 44 3 42 29 34 25 21 23 45 18 4 19 14 22 36 12 17 31 43 50 38 1 35 47 51 32 9 46 49 2 6 33 15 28 27 10 24 30
48 33 49 46 2 42 7 20 30 8 50 1 37 45 17 23 9 31 51 44 15 29 10 12 21 4 24 14 34 39 41 43 27 0 32 22 11 35 28 16 13 47 26 19 3 25 5 40 38 18 6 36
36 39 26 51 12 0 48 15 20 33 18 27 3 31 6 13 47 25 23 44 34 22 17 45 37 2 16 14 1 8 50 38 11 7 24 41 10 43 9 5 40 19 46 28 4 42 35 32 49 30 29 21
13 1 41 9 21 47 23 4 42 32 12 31 46 51 8 11 30 45 18 49 25 40 28 10 0 38 5 16 29 20 44 48 33 35 3 24 26 39 27 7 2 22 34 14 6 43 37 36 15 17 19 50
2 50 41 36 19 6 48 30 37 40 1 24 8 34 13 15 51 42 32 5 14 28 27 10 43 29 39 38 9 49 22 44 20 26 23 21 18 11 3 16 4 7 35 25 31 17 45 47 46 12 0 33
1 10 12 26 18 6 2 14 20 3 43 4 36 24 0 45 16 47 15 33 25 29 28 7 51 21 9 11 32 22 46 30 49 35 13 40 39 38 17 50 41 23 5 44 8 19 42 31 27 37 48 34
29 37 2 47 13 21 39 12 1 28 9 40 43 17 5 8 14 33 45 42 35 18 24 36 16 32 27 50 10 22 4 11 20 23 46 34 7 41 48 3 31 0 6 49 30 51 44 19 38 25 26 15
45 11 15 10 23 36 38 40 22 34 50 9 44 12 2 48 0 26 3 28 16 25 1 18 19 29 39 20 21 8 13 35 33 14 43 17 51 5 31 37 47 27 41 24 7 6 46 4 42 30 32 49
50 31 15 27 46 17 6 34 30 2 8 37 39 29 10 13 48 28 42 49 24 16 25 21 47 43 20 5 45 36 4 12 19 0 22 26 38 14 44 1 33 41 40 18 35 11 32 7 9 23 3 51
2 10 0 41 31 23 26 8 33 17 42 20 25 39 16 28 44 37 47 49 12 4 30 11 35 40 27 1 3 36 7 18 34 32 48 9 38 6 22 29 45 24 5 21 43 51 13 50 15 14 46 19
4 28 45 47 18 37 38 16 25 42 17 19 39 14 23 44 27 8 12 3 29 49 10 15 1 2 41 22 6 20 13 48 21 50 43 40 9 11 35 31 51 46 34 5 7 33 0 24 30 36 32 26
39 47 22 25 3 51 38 29 36 21 8 33 43 24 49 27 30 12 44 35 11 45 26 0 37 20 31 23 5 13 4 28 46 14 50 34 18 7 1 10 42 17 32 6 9 19 40 16 15 2 41 48
43 6 27 4 28 32 46 29 13 24 45 47 15 33 22 19 11 42 0 5 41 23 10 35 44 38 40 26 48 21 31 1 50 20 39 2 51 9 12 37 25 7 34 18 30 49 16 3 14 36 8 17
44 3 29 9 43 51 6 10 40 31 30 27 38 17 1 25 15 4 23 36 33 14 7 34 28 48 50 2 49 41 39 18 47 26 16 19 22 21 8 12 32 45 20 13 37 0 24 11 35 5 46 42
1 14 2 25 9 34 37 12 7 6 36 18 50 0 13 20 33 42 46 24 17 49 16 8 26 27 28 21 38 35 51 4 48 29 23 40 30 3 41 5 44 31 10 11 15 22 47 32 19 45 43 39
35 38 30 51 7 48 19 16 9 37 8 32 24 13 22 26 18 33 36 6 2 39 47 44 4 11 41 3 12 10 0 28 21 34 49 45 40 17 5 50 42 20 15 43 31 27 25 29 1 46 23 14
18 1 8 5 0 4 44 42 12 22 23 26 29 11 25 37 48 28 30 17 27 51 32 35 2 3 19 31 24 36 47 50 9 15 21 14 49 45 46 39 6 16 10 7 33 43 20 13 41 38 34 40
14 44 9 33 8 20 18 24 38 27 47 48 2 34 49 46 32 22 51 40 35 11 45 13 16 39 36 43 23 19 3 41 26 5 12 10 21 28 0 6 42 7 30 31 50 25 29 37 17 4 15 1
2 4 16 29 19 5 41 42 17 10 11 51 43 22 30 20 8 31 44 37 15 39 25 3 50 6 34 26 23 33 18 32 0 35 47 36 24 12 48 28 40 27 49 38 9 7 21 13 46 45 1 14
28 18 34 7 40 51 37 47 17 24 38 5 27 9 32 30 2 46 8 36 49 16 39 42 1 4 6 21 10 41 14 0 33 35 11 43 13 19 50 44 23 29 45 20 25 48 3 26 12 31 15 22
35 29 44 20 16 42 47 10 5 46 0 39 22 7 12 38 13 41 24 34 3 30 45 33 25 14 36 8 26 19 15 28 18 40 51 37 49 2 43 27 17 11 50 4 6 21 9 23 32 1 31 48
14 34 6 1 29 16 30 0 32 46 9 43 45 27 48 12 38 11 37 41 10 50 44 22 8 4 31 51 42 25 15 3 20 18 21 5 35 33 13 47 26 19 2 40 28 23 17 49 36 24 39 7
5 48 2 38 29 14 16 42 41 17 3 30 35 11 39 8 40 44 33 10 9 37 27 34 45 13 31 12 36 7 24 21 1 50 49 4 25 18 26 43 32 19 46 6 47 51 15 28 23 20 0 22
41 3 33 14 20 9 31 25 22 35 1 48 38 5 43 50 7 8 51 15 39 17 36 29 10 6 21 37 40 12 30 46 24 23 13 0 49 16 32 45 4 44 19 26 27 18 47 2 11 34 42 28
32 12 18 29 37 26 21 5 31 42 13 22 27 35 7 34 19 17 14 11 33 48 25 50 15 49 8 51 28 20 40 0 2 10 24 45 46 3 36 6 30 43 23 38 1 44 39 4 47 16 41 9
2 25 33 22 40 0 21 14 31 47 38 32 34 28 23 39 41 7 19 11 36 51 17 13 6 26 10 48 46 8 20 49 18 37 1 45 42 5 15 9 29 44 43 4 35 12 24 16 30 50 27 3
24 11 6 8 21 33 37 27 31 48 12 15 26 25 9 45 34 28 18 32 0 36 41 17 39 16 19 13 46 47 1 20 14 30 50 22 5 4 3 38 51 10 49 2 23 42 44 35 29 7 43 40
44 15 23 41 25 7 8 20 29 0 48 3 2 5 18 40 1 26 9 24 14 32 4 39 22 27 50 51 33 21 47 13 34 38 42 28 49 35 30 17 19 43 36 37 10 16 6 11 31 46 12 45
38 51 12 39 21 7 8 10 32 45 33 27 41 31 6 11 5 46 42 44 49 36 9 50 47 26 25 3 43 13 15 35 1 28 23 18 22 17 2 0 29 37 16 14 30 19 40 48 20 4 24 34
16 19 49 5 39 10 43 47 51 31 20 0 34 25 26 40 48 17 21 18 35 50 11 28 7 12 42 2 8 33 4 29 3 44 45 36 1 14 38 15 9 22 27 6 23 41 13 37 46 30 32 24
13 7 31 21 23 16 49 17 34 9 32 28 24 14 33 44 5 35 11 22 6 30 36 41 26 27 8 2 48 20 4 37 45 43 25 51 47 0 50 15 46 29 19 1 38 18 3 42 40 12 39 10
23 26 31 46 41 43 47 17 3 21 13 27 7 15 14 40 8 44 35 2 38 24 33 34 6 49 5 39 22 51 45 48 4 42 25 9 12 18 32 19 1 30 50 29 20 11 16 10 37 28 36 0
31 42 22 7 48 43 36 14 34 13 29 38 39 3 18 2 44 26 8 49 28 33 25 47 4 19 40 9 35 46 41 20 27 50 11 6 5 15 10 1 37 12 30 32 45 23 24 51 17 16 21 0
36 45 35 6 34 38 26 39 12 10 49 15 20 18 23 11 8 37 42 46 48 24 0 31 17 43 2 1 9 3 33 19 7 29 30 47 40 44 50 32 27 5 4 16 13 14 28 22 51 25 21 41
25 41 33 14 6 48 24 18 51 28 47 12 34 31 38 4 30 1 37 17 23 36 19 22 39 8 29 26 9 46 44 43 20 15 2 5 11 16 49 45 7 0 21 32 10 40 35 27 3 13 50 42
8 0 7 30 26 25 11 34 28 4 2 27 16 24 45 3 14 18 39 47 51 35 40 31 1 42 12 50 37 36 13 20 46 41 9 19 22 17 23 43 44 6 32 49 21 48 5 33 10 29 38 15
34 37 38 1 5 23 12 4 45 3 48 10 27 39 32 42 41 31 35 49 44 19 8 20 16 7 47 22 0 30 33 51 17 36 43 15 2 26 40 50 24 6 11 13 14 25 18 9 21 46 28 29
22 48 13 33 10 29 40 34 35 12 18 50 11 27 49 19 6 41 17 32 42 30 47 26 7 20 21 31 24 45 14 2 23 4 28 44 46 39 5 25 9 8 43 16 1 37 0 51 15 3 38 36
9 35 38 51 50 12 42 34 2 1 6 31 41 5 49 16 40 3 33 19 22 20 47 21 32 43 18 48 37 30 8 39 17 26 27 28 24 13 29 46 23 14 44 15 45 11 0 36 10 25 7 4
44 39 40 10 12 33 34 5 21 2 26 25 23 36 31 19 45 18 17 50 48 43 16 6 8 51 30 27 13 20 1 38 42 4 14 15 3 9 47 41 29 24 11 22 0 46 32 49 37 35 28 7
42 29 47 12 17 4 20 24 22 39 25 5 2 16 18 6 49 15 28 7 43 37 27 1 35 41 26 44 21 34 31 8 50 32 13 3 0 11 23 9 45 14 33 10 38 30 19 40 36 48 51 46
24 36 12 11 45 31 39 33 14 10 23 28 38 30 51 34 5 4 17 15 42 26 19 9 49 18 27 21 43 48 22 2 25 35 6 16 46 13 7 47 3 41 37 29 44 1 8 0 40 20 32 50
3 27 31 45 33 48 35 34 44 16 21 42 8 11 26 15 51 41 1 17 50 49 43 38 18 9 14 5 23 10 36 25 6 22 47 24 28 39 32 2 37 7 4 30 46 0 19 12 13 20 40 29
30 23 42 39 38 12 9 50 18 1 22 10 16 45 33 24 6 48 40 28 20 13 43 49 35 2 37 32 8 7 19 29 41 36 26 4 15 31 51 14 25 5 27 46 17 34 11 44 3 21 0 47
23 16 29 4 33 15 37 7 21 42 34 45 44 5 49 50 36 43 17 27 47 46 1 6 2 51 0 20 18 31 40 12 9 39 24 13 22 32 25 35 8 30 19 41 11 28 10 26 48 38 3 14
51 27 16 43 3 44 48 47 22 20 39 17 49 13 7 12 50 4 14 42 25 31 2 40 37 10 21 9 28 23 15 35 19 11 24 34 5 46 0 29 8 38 30 45 6 41 36 1 32 33 26 18
33 43 23 37 13 7 29 26 50 2 40 17 27 4 19 28 39 38 20 24 11 12 6 32 14 21 0 46 10 34 22 42 41 31 3 49 9 51 48 36 16 47 5 18 45 30 25 44 15 8 35 1
15 17 35 23 12 8 49 22 42 46 13 50 51 1 16 34 47 28 45 44 26 20 24 43 6 18 2 4 37 25 9 21 32 38 33 0 10 31 41 14 3 30 11 27 19 39 7 5 29 48 40 36
7 27 23 13 32 43 34 26 22 44 48 1 21 10 2 15 47 5 20 31 33 16 40 50 11 8 36 0 12 18 28 17 49 41 25 9 45 42 14 29 38 46 35 30 4 19 39 24 3 6 51 37
14 0 11 21 27 38 5 35 42 49 9 20 30 29 15 4 41 32 6 47 22 17 18 40 26 24 31 10 23 12 33 7 46 36 1 39 3 2 50 48 34 19 13 45 37 28 16 44 43 25 8 51
21 1 43 29 12 0 7 31 35 34 32 14 8 28 4 49 44 3 11 5 47 33 17 50 37 26 25 40 13 6 45 23 38 41 10 39 2 42 51 46 48 30 18 24 22 19 20 16 36 27 9 15
34 5 3 13 26 51 17 18 25 31 8 45 33 16 38 27 15 32 23 50 39 43 12 35 10 44 47 11 48 7 24 14 49 20 42 19 2 29 37 4 21 28 0 46 30 41 40 22 6 36 1 9
