31 6 34 45 30 8 35 47 29 1 41 14 28 11 40 50 26 4 36 17 27 9 37 48 25 2 38 15 24 12 39 51 20 5 42 18 21 7 43 46 22 0 32 13 23 10 44 49 19 3 33 16
31 9 34 48 30 2 35 15 20 12 29 51 28 5 40 18 27 7 37 46 26 0 44 13 25 10 38 49 19 3 39 16 33 8 43 47 24 1 41 14 21 11 22 50 23 4 42 17 32 6 36 45
31 0 34 13 30 10 35 49 29 4 41 17 28 9 40 48 19 3 38 16 27 12 26 51 25 6 39 45 24 7 37 46 20 1 42 14 21 11 43 50 22 5 36 18 23 8 44 47 32 2 33 15
31 11 34 50 30 4 35 17 29 6 33 45 28 0 40 13 27 9 37 48 26 3 44 16 25 8 38 47 19 2 39 15 20 12 21 51 24 5 43 18 22 7 41 46 23 1 42 14 32 10 36 49
31 4 34 17 30 8 35 47 20 1 40 14 29 11 28 50 27 5 37 18 26 7 44 46 25 0 38 13 19 10 39 49 33 3 43 16 24 9 41 48 21 2 42 15 22 12 23 51 32 6 36 45
31 7 34 46 30 1 35 14 29 11 33 50 28 4 40 17 27 8 37 47 26 2 36 15 25 12 38 51 19 5 39 18 20 6 42 45 24 0 43 13 22 10 41 49 23 3 44 16 21 9 32 48
31 3 35 16 20 12 30 51 29 6 41 19 28 8 40 47 27 1 45 14 26 10 44 49 25 4 38 17 24 9 39 48 34 2 43 15 21 11 32 50 22 5 36 18 23 7 42 46 33 0 37 13
31 9 34 48 30 3 35 16 29 8 37 47 28 2 40 15 27 12 26 51 20 5 36 18 25 6 38 45 19 0 39 13 32 10 42 49 24 4 43 17 22 7 41 46 23 1 44 14 21 11 33 50
31 5 34 18 30 7 41 46 29 0 37 13 28 10 40 49 27 3 44 16 20 9 38 48 26 2 39 15 25 12 24 51 33 6 42 19 21 8 43 47 22 1 36 14 23 11 45 50 32 4 35 17
31 8 34 47 30 1 35 14 20 11 29 50 28 4 33 17 27 6 37 45 26 0 36 13 19 10 38 49 18 3 39 16 32 9 42 48 25 2 43 15 22 12 24 51 23 5 40 44 21 7 41 46
31 1 34 14 30 11 35 50 29 5 41 18 28 8 40 47 27 2 37 15 26 12 44 51 25 6 38 19 24 7 39 46 20 0 42 13 21 10 43 49 22 4 36 17 23 9 45 48 32 3 33 16
31 12 20 51 30 5 34 18 29 7 35 46 28 1 40 14 27 10 37 49 26 3 44 16 25 8 38 47 19 2 39 15 33 11 21 50 24 4 43 17 22 6 41 45 23 0 42 13 32 9 36 48
31 3 34 16 30 9 41 48 20 2 40 15 29 12 28 51 27 6 37 19 26 7 44 46 25 0 38 13 24 10 39 49 33 4 42 17 21 8 43 47 22 1 36 14 23 11 45 50 32 5 35 18
31 6 34 45 30 0 35 13 29 10 37 49 28 3 40 16 27 9 36 48 20 2 38 15 26 12 25 51 19 5 39 18 32 7 42 46 24 1 43 14 22 11 41 50 23 4 44 17 21 8 33 47
31 2 34 15 20 11 30 50 29 5 35 18 28 7 40 46 27 0 37 13 26 10 44 49 25 4 38 17 19 9 39 48 33 3 43 16 24 12 21 51 22 6 41 45 23 8 42 47 32 1 36 14
31 10 34 49 30 4 35 17 29 7 33 46 28 1 40 14 27 11 37 50 26 5 44 18 25 6 38 45 19 0 39 13 20 9 42 48 24 3 43 16 22 8 36 47 23 2 41 15 21 12 32 51
31 6 34 19 30 8 41 47 29 1 37 14 28 11 40 50 27 4 44 17 20 9 38 48 26 2 39 15 25 12 24 51 33 5 42 18 21 7 43 46 22 0 36 13 23 10 45 49 32 3 35 16
31 9 34 48 30 2 35 15 20 12 29 51 28 5 40 18 27 7 37 46 26 0 44 13 25 10 38 49 19 3 39 16 33 8 43 47 24 1 41 14 21 11 22 50 23 4 42 17 32 6 36 45
31 0 34 13 30 10 41 49 29 4 37 17 28 9 40 48 27 3 44 16 26 12 20 51 25 6 38 19 24 7 39 46 33 1 42 14 21 11 43 50 22 5 36 18 23 8 45 47 32 2 35 15
31 11 20 50 30 4 34 17 29 6 35 45 28 0 33 13 27 9 37 48 26 3 36 16 19 8 38 47 18 2 39 15 32 12 25 51 24 5 42 44 22 7 43 46 23 1 40 14 21 10 41 49
31 4 34 17 30 8 35 47 29 1 41 14 28 11 40 50 27 5 45 18 26 7 44 46 25 0 38 13 24 10 39 49 20 3 43 16 32 9 36 48 21 2 42 15 22 12 23 51 33 6 37 19
31 7 34 46 30 1 35 14 29 11 37 50 28 4 40 17 27 8 36 47 20 2 38 15 26 12 25 51 19 5 39 18 32 6 42 45 24 0 43 13 22 10 41 49 23 3 44 16 21 9 33 48
31 3 35 16 29 12 30 51 27 6 40 45 28 8 34 47 19 1 41 14 26 10 37 49 25 4 38 17 24 9 39 48 20 2 42 15 21 11 43 50 22 5 36 18 23 7 44 46 32 0 33 13
31 9 34 48 30 3 35 16 29 8 37 47 28 2 40 15 27 12 26 51 20 5 44 18 25 6 38 45 19 0 39 13 33 10 42 49 24 4 43 17 22 7 36 46 23 1 41 14 21 11 32 50
31 5 34 18 30 7 35 46 29 0 37 13 28 10 40 49 27 3 36 16 20 9 38 48 26 2 39 15 25 12 19 51 32 6 42 45 21 8 43 47 24 1 41 14 23 11 44 50 22 4 33 17
31 8 34 47 30 1 35 14 29 11 33 50 28 4 40 17 27 6 37 45 26 0 44 13 25 10 38 49 19 3 39 16 20 9 43 48 24 2 41 15 21 12 22 51 23 5 42 18 32 7 36 46
31 1 34 14 30 11 41 50 29 5 37 18 28 8 40 47 27 2 44 15 26 12 20 51 25 6 38 19 24 7 39 46 33 0 42 13 21 10 43 49 22 4 36 17 23 9 45 48 32 3 35 16
31 12 20 51 30 5 34 18 29 7 35 46 28 1 40 14 27 10 37 49 26 3 44 16 25 8 38 47 19 2 39 15 33 11 21 50 24 4 43 17 22 6 41 45 23 0 42 13 32 9 36 48
31 3 35 16 30 9 41 48 20 2 40 15 29 12 28 51 27 6 45 19 26 7 44 46 25 0 38 13 24 10 39 49 34 4 43 17 32 8 36 47 21 1 42 14 22 11 23 50 33 5 37 18
31 6 34 45 30 0 35 13 29 10 33 49 28 3 40 16 19 9 37 48 26 2 38 15 25 12 27 51 18 5 39 44 20 7 42 46 24 1 43 14 22 11 41 50 23 4 36 17 21 8 32 47
31 2 34 15 30 11 35 50 29 5 41 18 28 7 40 46 27 0 45 13 26 10 44 49 25 4 38 17 24 9 39 48 20 3 43 16 21 12 32 51 22 6 36 19 23 8 42 47 33 1 37 14
31 10 34 49 30 4 35 17 29 7 37 46 28 1 40 14 27 11 26 50 20 5 44 18 25 6 38 45 19 0 39 13 33 9 42 48 24 3 43 16 22 8 36 47 23 2 41 15 21 12 32 51
31 6 34 19 30 8 35 47 29 1 41 14 28 11 40 50 27 4 37 17 26 9 44 48 25 2 38 15 24 12 39 51 20 5 42 18 21 7 43 46 22 0 36 13 23 10 45 49 32 3 33 16
31 9 34 48 30 2 35 15 20 12 29 51 28 5 40 18 27 7 37 46 26 0 44 13 25 10 38 49 19 3 39 16 33 8 43 47 24 1 41 14 21 11 22 50 23 4 42 17 32 6 36 45
31 0 34 13 30 10 35 49 29 4 41 17 28 9 40 48 19 3 38 16 27 12 26 51 25 6 39 45 24 7 37 46 20 1 42 14 21 11 43 50 22 5 36 18 23 8 44 47 32 2 33 15
31 11 34 50 30 4 35 17 29 6 33 45 28 0 40 13 27 9 37 48 26 3 44 16 25 8 38 47 19 2 39 15 20 12 21 51 24 5 43 18 22 7 41 46 23 1 42 14 32 10 36 49
31 4 35 17 30 8 41 47 20 1 40 14 29 11 28 50 27 5 45 18 26 7 44 46 25 0 38 13 24 10 39 49 34 3 43 16 32 9 36 48 21 2 42 15 22 12 23 51 33 6 37 19
31 7 34 46 30 1 35 14 29 11 37 50 28 4 40 17 27 8 36 47 20 2 38 15 26 12 25 51 19 5 39 18 32 6 42 45 24 0 43 13 22 10 41 49 23 3 44 16 21 9 33 48
31 3 35 16 20 12 30 51 29 6 41 19 28 8 40 47 27 1 45 14 26 10 44 49 25 4 38 17 24 9 39 48 34 2 43 15 21 11 32 50 22 5 36 18 23 7 42 46 33 0 37 13
31 9 34 48 30 3 35 16 29 8 33 47 28 2 40 15 19 12 26 51 27 5 37 44 25 6 38 45 18 0 39 13 20 10 42 49 24 4 43 17 22 7 41 46 23 1 36 14 21 11 32 50
31 5 34 18 30 7 41 46 29 0 37 13 28 10 40 49 27 3 44 16 20 9 38 48 26 2 39 15 25 12 24 51 33 6 42 19 21 8 43 47 22 1 36 14 23 11 45 50 32 4 35 17
31 8 34 47 30 1 35 14 20 11 29 50 28 4 33 17 27 6 37 45 26 0 36 13 19 10 38 49 18 3 39 16 32 9 42 48 25 2 43 15 22 12 24 51 23 5 40 44 21 7 41 46
31 1 34 14 30 11 35 50 29 5 41 18 28 8 40 47 27 2 37 15 26 12 44 51 25 6 38 19 24 7 39 46 20 0 42 13 21 10 43 49 22 4 36 17 23 9 45 48 32 3 33 16
31 12 20 51 30 5 34 18 29 7 35 46 28 1 40 14 27 10 37 49 26 3 44 16 25 8 38 47 19 2 39 15 33 11 21 50 24 4 43 17 22 6 41 45 23 0 42 13 32 9 36 48
31 3 35 16 30 9 41 48 27 2 40 15 29 12 28 51 19 6 37 45 26 7 38 46 25 0 34 13 24 10 39 49 20 4 42 17 21 8 43 47 22 1 36 14 23 11 44 50 32 5 33 18
31 6 34 45 30 0 35 13 29 10 37 49 28 3 40 16 27 9 36 48 20 2 38 15 26 12 25 51 19 5 39 18 32 7 42 46 24 1 43 14 22 11 41 50 23 4 44 17 21 8 33 47
31 2 35 15 20 11 30 50 29 5 41 18 28 7 40 46 27 0 45 13 26 10 44 49 25 4 38 17 24 9 39 48 34 3 43 16 21 12 32 51 22 6 36 19 23 8 42 47 33 1 37 14
31 10 34 49 30 4 35 17 29 7 33 46 28 1 40 14 27 11 37 50 26 5 44 18 25 6 38 45 19 0 39 13 20 9 42 48 24 3 43 16 22 8 36 47 23 2 41 15 21 12 32 51
31 6 34 19 30 8 41 47 29 1 37 14 28 11 40 50 27 4 44 17 20 9 38 48 26 2 39 15 25 12 24 51 33 5 42 18 21 7 43 46 22 0 36 13 23 10 45 49 32 3 35 16
31 9 34 48 30 2 35 15 27 12 29 51 28 5 40 44 19 7 33 46 26 0 37 13 25 10 38 49 18 3 39 16 20 8 42 47 24 1 43 14 22 11 41 50 23 4 36 17 21 6 32 45
31 0 34 13 30 10 41 49 29 4 37 17 28 9 40 48 27 3 44 16 26 12 20 51 25 6 38 19 24 7 39 46 33 1 42 14 21 11 43 50 22 5 36 18 23 8 45 47 32 2 35 15
31 11 20 50 30 4 34 17 29 6 35 45 28 0 40 13 27 9 37 48 26 3 44 16 25 8 38 47 19 2 39 15 33 12 21 51 24 5 43 18 22 7 41 46 23 1 42 14 32 10 36 49
31 4 34 17 30 8 35 47 29 1 41 14 28 11 40 50 27 5 45 18 26 7 44 46 25 0 38 13 24 10 39 49 20 3 43 16 32 9 36 48 21 2 42 15 22 12 23 51 33 6 37 19
31 7 34 46 30 1 35 14 29 11 37 50 28 4 40 17 27 8 36 47 20 2 38 15 26 12 25 51 19 5 39 18 32 6 42 45 24 0 43 13 22 10 41 49 23 3 44 16 21 9 33 48
31 3 35 16 29 12 30 51 27 6 40 45 28 8 34 47 19 1 41 14 26 10 37 49 25 4 38 17 24 9 39 48 20 2 42 15 21 11 43 50 22 5 36 18 23 7 44 46 32 0 33 13
31 9 34 48 30 3 35 16 29 8 37 47 28 2 40 15 27 12 26 51 20 5 44 18 25 6 38 45 19 0 39 13 33 10 42 49 24 4 43 17 22 7 36 46 23 1 41 14 21 11 32 50
31 5 34 18 30 7 41 46 29 0 37 13 28 10 40 49 27 3 44 16 20 9 38 48 26 2 39 15 25 12 24 51 33 6 42 19 21 8 43 47 22 1 36 14 23 11 45 50 32 4 35 17
31 8 34 47 30 1 35 14 20 11 29 50 28 4 40 17 27 6 37 45 26 0 44 13 25 10 38 49 19 3 39 16 33 9 43 48 24 2 41 15 21 12 22 51 23 5 42 18 32 7 36 46
31 1 34 14 30 11 41 50 29 5 37 18 28 8 40 47 27 2 44 15 26 12 20 51 25 6 38 19 24 7 39 46 33 0 42 13 21 10 43 49 22 4 36 17 23 9 45 48 32 3 35 16
31 12 30 51 29 5 34 44 27 7 35 46 28 1 40 14 19 10 33 49 26 3 37 16 25 8 38 47 18 2 39 15 20 11 42 50 24 4 43 17 22 6 41 45 23 0 36 13 21 9 32 48
31 3 35 16 30 9 41 48 20 2 40 15 29 12 28 51 27 6 45 19 26 7 44 46 25 0 38 13 24 10 39 49 34 4 43 17 32 8 36 47 21 1 42 14 22 11 23 50 33 5 37 18
31 6 34 45 30 0 35 13 29 10 37 49 28 3 40 16 27 9 36 48 20 2 38 15 26 12 25 51 19 5 39 18 32 7 42 46 24 1 43 14 22 11 41 50 23 4 44 17 21 8 33 47
31 2 34 15 30 11 35 50 29 5 41 18 28 7 40 46 27 0 45 13 26 10 44 49 25 4 38 17 24 9 39 48 20 3 43 16 21 12 32 51 22 6 36 19 23 8 42 47 33 1 37 14
31 10 34 49 30 4 35 17 29 7 37 46 28 1 40 14 27 11 26 50 20 5 44 18 25 6 38 45 19 0 39 13 33 9 42 48 24 3 43 16 22 8 36 47 23 2 41 15 21 12 32 51
31 6 34 45 30 8 35 47 29 1 41 14 28 11 40 50 26 4 36 17 27 9 37 48 25 2 38 15 24 12 39 51 20 5 42 18 21 7 43 46 22 0 32 13 23 10 44 49 19 3 33 16
31 9 34 48 30 2 35 15 20 12 29 51 28 5 40 18 27 7 37 46 26 0 44 13 25 10 38 49 19 3 39 16 33 8 43 47 24 1 41 14 21 11 22 50 23 4 42 17 32 6 36 45
31 0 34 13 30 10 41 49 29 4 37 17 28 9 40 48 27 3 44 16 26 12 20 51 25 6 38 19 24 7 39 46 33 1 42 14 21 11 43 50 22 5 36 18 23 8 45 47 32 2 35 15
31 11 34 50 30 4 35 17 29 6 33 45 28 0 40 13 27 9 37 48 26 3 44 16 25 8 38 47 19 2 39 15 20 12 21 51 24 5 43 18 22 7 41 46 23 1 42 14 32 10 36 49
31 4 34 17 30 8 35 47 20 1 40 14 29 11 28 50 27 5 37 18 26 7 44 46 25 0 38 13 19 10 39 49 33 3 43 16 24 9 41 48 21 2 42 15 22 12 23 51 32 6 36 45
31 7 34 46 30 1 35 14 29 11 33 50 28 4 40 17 27 8 37 47 26 2 36 15 25 12 38 51 19 5 39 18 20 6 42 45 24 0 43 13 22 10 41 49 23 3 44 16 21 9 32 48
31 3 35 16 20 12 30 51 29 6 41 19 28 8 40 47 27 1 45 14 26 10 44 49 25 4 38 17 24 9 39 48 34 2 43 15 21 11 32 50 22 5 36 18 23 7 42 46 33 0 37 13
31 9 34 48 30 3 35 16 29 8 37 47 28 2 40 15 27 12 26 51 20 5 36 18 25 6 38 45 19 0 39 13 32 10 42 49 24 4 43 17 22 7 41 46 23 1 44 14 21 11 33 50
31 5 34 18 30 7 41 46 29 0 37 13 28 10 40 49 27 3 44 16 20 9 38 48 26 2 39 15 25 12 24 51 33 6 42 19 21 8 43 47 22 1 36 14 23 11 45 50 32 4 35 17
31 8 34 47 30 1 35 14 20 11 29 50 28 4 33 17 27 6 37 45 26 0 36 13 19 10 38 49 18 3 39 16 32 9 42 48 25 2 43 15 22 12 24 51 23 5 40 44 21 7 41 46
31 1 34 14 30 11 35 50 29 5 41 18 28 8 40 47 27 2 37 15 26 12 44 51 25 6 38 19 24 7 39 46 20 0 42 13 21 10 43 49 22 4 36 17 23 9 45 48 32 3 33 16
31 12 20 51 30 5 34 18 29 7 35 46 28 1 40 14 27 10 37 49 26 3 44 16 25 8 38 47 19 2 39 15 33 11 21 50 24 4 43 17 22 6 41 45 23 0 42 13 32 9 36 48
31 3 35 16 30 9 41 48 20 2 40 15 29 12 28 51 27 6 45 19 26 7 44 46 25 0 38 13 24 10 39 49 34 4 43 17 32 8 36 47 21 1 42 14 22 11 23 50 33 5 37 18
31 6 34 45 30 0 35 13 29 10 37 49 28 3 40 16 27 9 36 48 20 2 38 15 26 12 25 51 19 5 39 18 32 7 42 46 24 1 43 14 22 11 41 50 23 4 44 17 21 8 33 47
31 2 34 15 20 11 30 50 29 5 35 18 28 7 40 46 27 0 37 13 26 10 44 49 25 4 38 17 19 9 39 48 33 3 43 16 24 12 21 51 22 6 41 45 23 8 42 47 32 1 36 14
31 10 34 49 30 4 35 17 29 7 33 46 28 1 40 14 27 11 37 50 26 5 44 18 25 6 38 45 19 0 39 13 20 9 42 48 24 3 43 16 22 8 36 47 23 2 41 15 21 12 32 51
31 6 34 19 30 8 41 47 29 1 37 14 28 11 40 50 27 4 44 17 20 9 38 48 26 2 39 15 25 12 24 51 33 5 42 18 21 7 43 46 22 0 36 13 23 10 45 49 32 3 35 16
31 9 34 48 30 2 35 15 27 12 29 51 28 5 40 44 19 7 33 46 26 0 37 13 25 10 38 49 18 3 39 16 20 8 42 47 24 1 43 14 22 11 41 50 23 4 36 17 21 6 32 45
31 0 34 13 30 10 41 49 29 4 37 17 28 9 40 48 27 3 44 16 26 12 20 51 25 6 38 19 24 7 39 46 33 1 42 14 21 11 43 50 22 5 36 18 23 8 45 47 32 2 35 15
31 11 20 50 30 4 34 17 29 6 35 45 28 0 33 13 27 9 37 48 26 3 36 16 19 8 38 47 18 2 39 15 32 12 25 51 24 5 42 44 22 7 43 46 23 1 40 14 21 10 41 49
31 4 34 17 30 8 35 47 29 1 41 14 28 11 40 50 27 5 45 18 26 7 44 46 25 0 38 13 24 10 39 49 20 3 43 16 32 9 36 48 21 2 42 15 22 12 23 51 33 6 37 19
31 7 34 46 30 1 35 14 29 11 37 50 28 4 40 17 27 8 36 47 20 2 38 15 26 12 25 51 19 5 39 18 32 6 42 45 24 0 43 13 22 10 41 49 23 3 44 16 21 9 33 48
31 3 34 16 20 12 30 51 29 6 41 19 28 8 40 47 27 1 37 14 26 10 44 49 25 4 38 17 24 9 39 48 33 2 42 15 21 11 43 50 22 5 36 18 23 7 45 46 32 0 35 13
31 9 34 48 30 3 35 16 29 8 37 47 28 2 40 15 27 12 26 51 20 5 44 18 25 6 38 45 19 0 39 13 33 10 42 49 24 4 43 17 22 7 36 46 23 1 41 14 21 11 32 50
31 5 34 18 30 7 35 46 29 0 37 13 28 10 40 49 27 3 36 16 20 9 38 48 26 2 39 15 25 12 19 51 32 6 42 45 21 8 43 47 24 1 41 14 23 11 44 50 22 4 33 17
31 8 34 47 30 1 35 14 29 11 33 50 28 4 40 17 27 6 37 45 26 0 44 13 25 10 38 49 19 3 39 16 20 9 43 48 24 2 41 15 21 12 22 51 23 5 42 18 32 7 36 46
31 1 34 14 30 11 41 50 29 5 37 18 28 8 40 47 27 2 44 15 26 12 20 51 25 6 38 19 24 7 39 46 33 0 42 13 21 10 43 49 22 4 36 17 23 9 45 48 32 3 35 16
31 12 20 51 30 5 34 18 29 7 35 46 28 1 40 14 27 10 37 49 26 3 36 16 25 8 38 47 19 2 39 15 32 11 42 50 24 4 43 17 22 6 41 45 23 0 44 13 21 9 33 48
31 3 35 16 30 9 41 48 20 2 40 15 29 12 28 51 27 6 45 19 26 7 44 46 25 0 38 13 24 10 39 49 34 4 43 17 32 8 36 47 21 1 42 14 22 11 23 50 33 5 37 18
31 6 34 45 30 0 35 13 29 10 33 49 28 3 40 16 19 9 37 48 26 2 38 15 25 12 27 51 18 5 39 44 20 7 42 46 24 1 43 14 22 11 41 50 23 4 36 17 21 8 32 47
31 2 34 15 30 11 35 50 29 5 41 18 28 7 40 46 27 0 45 13 26 10 44 49 25 4 38 17 24 9 39 48 20 3 43 16 21 12 32 51 22 6 36 19 23 8 42 47 33 1 37 14
31 10 34 49 30 4 35 17 29 7 37 46 28 1 40 14 27 11 26 50 20 5 44 18 25 6 38 45 19 0 39 13 33 9 42 48 24 3 43 16 22 8 36 47 23 2 41 15 21 12 32 51
31 6 34 19 30 8 41 47 29 1 37 14 28 11 40 50 27 4 44 17 20 9 38 48 26 2 39 15 25 12 24 51 33 5 42 18 21 7 43 46 22 0 36 13 23 10 45 49 32 3 35 16
31 9 34 48 30 2 35 15 20 12 29 51 28 5 40 18 27 7 37 46 26 0 44 13 25 10 38 49 19 3 39 16 33 8 43 47 24 1 41 14 21 11 22 50 23 4 42 17 32 6 36 45
31 0 34 13 30 10 35 49 29 4 41 17 28 9 40 48 19 3 38 16 27 12 26 51 25 6 39 45 24 7 37 46 20 1 42 14 21 11 43 50 22 5 36 18 23 8 44 47 32 2 33 15
31 11 34 50 30 4 35 17 29 6 33 45 28 0 40 13 27 9 37 48 26 3 44 16 25 8 38 47 19 2 39 15 20 12 21 51 24 5 43 18 22 7 41 46 23 1 42 14 32 10 36 49
