60 11 28 42 29 50 20 12 6 4 44 26 41 22 5 17 63 16 35 33 45 8 47 21 62 2 52 56 53 19 49 68 61 31 27 15 34 30 32 25 0 54 58 48 67 9 55 3 65 51 66 57 69 37 23 13 64 59 18 24 14 38 7 43 39 1 40 46 36 10
0 27 54 53 2 15 22 18 59 11 63 41 64 4 69 33 61 52 60 26 23 51 43 48 28 65 20 36 67 57 62 19 31 68 35 30 24 21 37 6 1 5 56 50 47 17 13 16 38 49 14 8 58 32 66 12 3 44 29 9 25 46 34 40 42 10 45 39 7 55
40 33 7 46 60 59 67 24 30 13 25 37 42 58 15 49 48 62 61 8 10 63 45 56 29 23 47 16 35 5 44 21 65 17 14 57 27 3 54 4 69 53 26 2 68 20 39 18 11 0 1 55 32 6 50 43 64 19 31 41 34 51 12 38 22 52 28 66 9 36
9 50 7 39 60 19 24 46 48 41 30 32 15 6 52 12 53 8 49 40 63 69 29 35 62 61 10 26 57 58 65 59 3 54 64 42 11 2 21 38 47 4 56 33 0 28 13 34 36 18 5 55 45 23 20 27 68 31 67 66 51 43 1 44 22 25 16 37 14 17
60 34 48 44 14 30 12 39 15 24 32 25 20 10 69 9 41 23 57 35 43 6 16 19 29 49 46 55 0 33 52 42 54 38 47 58 50 68 37 2 40 65 27 67 7 1 22 8 18 66 59 51 62 17 3 53 26 28 4 45 61 31 11 64 63 13 56 5 36 21
53 17 12 31 66 43 51 40 11 9 38 6 60 68 2 39 64 7 67 33 50 20 28 65 21 42 18 22 0 8 35 32 4 36 54 10 37 41 15 62 26 29 25 19 47 52 58 5 63 14 44 16 69 24 46 1 30 59 27 61 57 45 34 48 23 55 3 13 49 56
67 5 68 24 16 64 28 43 2 15 34 6 39 61 35 20 10 58 48 9 59 17 23 7 11 31 57 1 54 42 55 4 65 25 30 41 52 66 40 63 56 29 3 18 49 45 21 62 19 47 26 69 50 51 27 53 13 32 0 46 44 33 14 38 8 60 12 36 22 37
39 60 7 31 37 6 13 33 2 53 49 10 34 14 22 56 47 23 57 58 43 55 36 38 9 28 16 24 11 41 45 48 69 35 15 8 29 40 46 66 44 63 26 20 42 54 4 52 62 27 25 18 65 0 21 32 5 3 68 50 61 1 67 30 19 64 59 51 17 12
60 44 58 8 9 12 19 35 27 50 2 17 28 47 42 59 14 43 24 18 34 23 36 13 30 6 32 25 7 31 64 48 41 4 16 3 37 54 57 51 22 66 29 69 61 68 0 49 21 53 67 38 39 11 56 62 40 55 33 1 63 45 10 20 46 15 65 26 52 5
67 12 31 7 63 11 42 15 59 0 10 69 56 48 37 39 58 18 33 64 32 38 19 9 55 57 49 17 51 13 65 53 52 46 34 26 14 40 20 60 29 30 21 23 22 3 44 68 8 24 54 47 41 5 1 16 6 4 50 35 2 27 25 61 62 45 43 36 28 66
15 59 26 36 43 69 34 42 12 17 11 66 29 61 47 6 31 10 64 20 45 8 63 5 13 3 44 55 0 54 62 38 46 58 16 37 35 23 53 14 39 48 30 27 65 1 68 19 21 2 7 32 52 50 67 18 28 49 33 57 60 9 25 40 4 51 56 24 22 41
5 69 43 8 24 64 38 22 67 9 48 26 41 68 19 21 50 30 0 61 27 28 20 32 6 65 25 17 49 47 39 42 44 62 15 3 56 63 58 55 2 59 57 16 4 54 51 36 37 12 60 53 13 10 46 14 7 29 23 52 40 11 34 45 1 31 33 35 18 66
47 12 46 60 29 2 23 61 36 39 42 31 62 59 37 50 58 32 1 0 6 63 55 57 53 22 33 15 68 45 30 34 9 41 25 8 27 20 69 67 56 54 38 65 3 64 18 4 44 48 14 52 40 16 26 49 5 24 19 28 35 66 7 43 13 21 10 51 11 17
8 56 2 9 5 65 57 48 10 23 41 60 37 11 49 62 12 31 67 43 51 32 68 39 14 35 30 36 4 46 45 17 53 16 54 22 66 44 18 25 55 40 47 64 61 26 1 58 29 38 0 7 3 63 19 28 69 6 34 59 27 24 42 33 15 50 13 52 20 21
0 67 35 25 27 42 23 50 43 32 69 64 51 45 21 8 19 37 28 4 41 56 60 57 18 6 5 68 13 20 66 7 22 54 39 36 63 65 52 3 33 53 1 12 9 49 47 38 62 55 17 10 14 48 24 30 11 26 40 34 61 46 2 31 15 44 58 59 29 16
50 7 64 23 29 9 60 58 33 0 22 51 44 52 63 20 57 36 43 5 62 46 59 42 53 37 34 21 6 25 30 56 16 27 15 13 68 47 45 69 35 11 2 18 8 65 24 39 55 12 1 19 26 17 66 14 54 3 28 61 32 4 41 40 67 38 10 48 31 49
41 50 40 59 64 68 49 69 25 23 63 2 5 14 4 27 22 54 48 7 62 28 33 29 67 17 24 36 55 37 53 8 31 21 3 0 45 58 61 47 65 52 44 51 13 39 56 57 1 19 18 15 43 26 34 35 38 11 9 12 60 32 10 20 42 30 66 16 6 46
13 33 69 6 27 55 22 44 54 65 2 32 11 66 9 60 45 52 24 62 39 37 43 0 30 19 59 14 58 63 36 46 42 7 5 1 68 56 61 16 10 51 20 57 47 3 23 26 35 50 8 25 48 40 67 15 18 38 12 64 4 41 21 17 53 49 31 34 28 29
40 24 7 27 5 54 61 22 10 12 53 34 1 4 55 16 31 0 36 68 17 42 38 46 51 20 30 44 9 14 28 65 63 18 45 29 23 2 33 32 11 48 58 56 19 52 6 15 64 26 59 13 21 69 50 25 57 35 37 41 43 39 47 67 3 8 66 62 49 60
15 64 24 9 61 27 55 42 26 31 29 6 4 36 58 49 23 69 63 46 13 41 30 28 50 67 62 7 10 5 51 3 18 34 66 45 54 47 32 57 60 33 11 65 0 43 37 8 40 44 20 38 2 53 16 19 25 17 48 68 35 12 52 39 1 22 59 56 14 21
67 20 58 21 55 17 50 65 41 43 14 10 46 11 48 3 15 37 27 40 51 49 35 53 6 22 56 26 7 54 1 9 18 38 8 61 44 36 29 13 47 30 59 5 31 23 45 66 57 69 63 42 2 12 64 32 25 24 16 52 0 28 34 62 19 68 39 4 33 60
15 40 8 7 31 41 66 59 35 5 64 38 50 49 14 29 2 21 61 25 65 52 19 12 47 60 4 63 26 33 10 69 16 39 36 22 9 32 1 30 6 58 34 11 51 54 55 20 53 18 42 46 37 27 28 13 3 67 45 24 48 68 57 23 44 0 62 17 56 43
30 10 55 51 36 40 7 46 28 20 15 22 34 61 59 5 26 45 57 66 25 68 58 69 65 50 64 42 13 18 54 19 2 49 37 63 60 24 0 38 3 21 31 33 41 35 44 9 67 4 47 56 12 6 53 14 27 43 52 39 23 17 62 11 1 8 48 16 32 29
18 5 35 29 50 17 41 24 55 62 60 64 69 54 1 6 67 34 32 49 31 27 52 20 12 19 23 14 58 39 37 43 38 44 56 40 0 4 21 46 25 66 59 33 42 48 9 13 2 30 16 7 63 61 3 10 28 15 26 22 45 53 11 36 47 57 51 68 65 8
66 13 16 1 58 42 17 14 41 68 49 10 32 62 5 21 27 29 65 2 63 8 60 44 18 67 34 3 9 48 11 38 53 64 30 50 46 55 51 12 22 24 4 19 52 26 61 7 47 0 31 57 33 28 6 45 43 25 36 54 23 59 56 39 40 20 69 35 15 37
31 34 30 56 51 69 55 65 38 10 14 40 17 37 46 20 11 15 16 8 12 45 63 47 23 53 41 61 44 32 58 1 27 52 43 57 62 35 0 68 28 54 49 6 22 26 7 59 4 13 2 5 29 3 48 39 36 50 64 42 9 66 21 24 67 33 25 18 19 60
12 27 36 44 40 15 43 14 68 47 45 4 52 16 10 7 33 8 0 42 63 34 69 57 64 28 1 9 13 20 48 41 60 54 3 24 21 59 30 38 31 23 65 11 61 49 2 37 18 26 25 51 55 58 6 22 17 62 53 66 67 46 19 56 50 39 35 29 32 5
62 36 8 51 68 67 32 47 37 4 7 43 50 22 55 39 34 18 13 53 11 48 46 66 44 24 33 16 42 45 31 26 10 25 61 27 57 0 3 15 23 60 65 20 1 28 58 59 19 52 54 12 49 69 30 17 5 63 2 6 38 41 9 21 64 29 35 14 40 56
20 51 35 34 10 59 36 15 1 57 53 45 0 26 5 42 46 68 38 52 28 54 49 22 25 58 16 27 55 37 67 21 2 19 63 31 50 29 33 60 24 61 17 13 4 43 11 40 62 23 32 3 14 44 64 6 48 12 8 69 7 56 65 9 41 66 18 39 30 47
59 47 4 10 54 25 33 14 49 20 62 58 9 7 43 8 0 31 13 66 65 32 38 68 37 11 24 57 39 67 46 48 42 18 19 34 63 17 1 30 61 41 36 69 27 23 64 53 29 52 5 22 12 2 60 56 50 55 44 35 28 3 21 6 51 40 15 16 45 26
51 3 37 6 53 57 38 49 17 20 63 8 30 42 34 1 5 25 60 15 55 44 9 23 64 48 65 18 46 41 61 59 28 14 4 13 45 26 10 33 47 50 54 0 52 56 29 43 21 7 39 31 66 58 27 2 69 32 24 68 22 16 40 36 67 19 12 11 35 62
35 20 12 27 62 17 33 67 16 44 56 8 69 31 45 39 61 52 36 41 55 24 14 42 60 48 26 63 50 64 30 4 2 58 46 43 49 15 29 68 32 28 34 65 13 54 6 25 10 66 3 59 1 19 21 37 23 0 57 22 38 18 51 7 5 11 9 47 53 40
68 48 55 15 58 12 5 24 69 44 63 22 53 59 29 9 67 10 17 37 11 34 32 31 6 52 51 61 25 64 47 49 30 60 35 28 21 26 43 36 1 23 54 39 4 56 62 66 46 27 57 3 18 45 20 40 7 41 0 14 33 50 19 16 8 38 13 65 2 42
41 43 3 1 27 32 60 12 36 63 51 23 17 10 47 55 40 14 34 11 13 42 35 68 8 16 50 0 59 21 39 53 52 44 46 19 26 4 66 22 58 2 25 6 30 65 28 62 38 7 31 45 61 29 9 20 57 37 18 49 64 48 69 54 67 5 33 15 56 24
53 52 33 9 62 12 23 41 67 17 43 32 63 15 19 54 14 35 11 31 16 64 39 18 13 66 2 50 0 46 36 34 27 25 29 56 5 22 44 55 45 58 40 69 1 3 30 6 38 49 65 21 48 47 68 8 57 42 26 59 61 37 10 7 51 4 24 20 60 28
35 45 5 47 14 61 25 0 46 58 62 28 64 49 32 67 29 48 24 42 22 30 4 51 34 33 12 37 17 15 59 27 54 69 68 53 31 11 41 20 36 44 8 7 18 9 60 40 57 23 63 43 19 1 50 2 52 3 6 13 39 26 21 38 16 55 65 56 66 10
22 30 13 54 67 35 60 16 25 44 6 45 37 57 50 3 51 1 23 62 52 63 26 2 15 48 49 19 47 33 66 34 41 43 61 68 58 29 53 0 36 17 9 27 64 32 12 69 21 31 65 38 11 40 14 7 28 4 20 39 8 56 55 24 18 46 5 10 59 42
18 61 37 5 36 51 39 57 25 56 30 55 47 1 6 38 9 53 50 4 16 58 0 13 41 67 3 46 23 32 26 59 24 31 44 20 40 65 68 21 42 22 69 2 45 63 35 48 10 11 17 19 12 15 60 29 62 8 28 64 27 14 49 34 7 54 33 66 43 52
59 63 20 18 57 11 25 29 17 45 33 12 35 2 10 44 34 7 66 43 26 53 56 6 36 22 15 40 1 3 14 16 65 39 47 13 62 30 64 68 51 49 5 9 60 61 31 42 8 58 27 55 69 37 38 24 23 4 48 54 19 52 0 41 46 67 50 21 28 32
41 4 19 22 5 52 45 34 39 9 10 26 35 29 61 40 51 33 47 16 55 8 0 31 17 48 56 11 23 20 54 46 68 18 25 62 50 24 13 7 21 28 12 36 38 3 43 37 66 57 59 69 67 15 64 49 58 63 60 32 53 14 44 65 1 42 2 27 6 30
44 66 8 32 16 41 54 62 51 63 5 24 50 10 7 60 22 35 2 58 20 19 55 15 26 64 57 68 28 61 17 13 9 65 29 37 67 6 23 0 49 14 48 11 52 42 36 31 59 4 25 33 56 3 21 12 47 34 39 30 69 38 45 18 27 40 53 43 46 1
65 3 46 2 59 41 28 66 68 31 60 57 33 38 15 20 12 4 40 67 6 45 43 64 10 32 35 54 55 48 29 63 42 1 24 22 23 25 51 11 17 36 30 8 5 9 49 52 14 62 21 0 53 61 26 16 19 50 69 56 58 18 37 34 47 44 13 39 27 7
57 25 41 64 48 59 37 58 1 39 4 28 47 14 18 0 5 31 2 69 34 6 55 8 26 65 33 7 66 24 51 52 50 15 23 62 9 45 29 53 46 17 44 36 20 32 22 68 35 13 3 40 19 12 61 67 21 38 56 54 10 16 43 60 11 42 49 27 63 30
6 11 65 10 62 38 41 53 1 63 52 28 55 21 37 16 50 12 34 59 4 27 26 60 14 45 57 61 25 35 13 33 3 69 24 36 7 29 51 58 56 30 20 32 47 22 31 64 46 19 68 54 5 42 17 40 44 67 48 2 8 15 23 43 9 0 18 49 39 66
54 61 32 50 36 15 59 25 16 38 31 41 18 63 10 14 37 17 34 2 1 29 11 69 19 20 51 6 64 4 0 47 66 8 46 35 22 65 49 58 30 57 67 24 21 56 3 27 53 44 7 28 23 13 5 42 52 68 26 33 39 12 40 48 45 43 62 60 9 55
63 56 14 52 21 0 42 30 5 54 8 61 47 34 10 31 38 43 35 37 28 46 67 23 25 16 45 36 17 11 62 33 68 6 3 59 20 9 57 27 4 53 1 49 48 55 2 22 13 7 39 32 58 60 51 50 26 40 15 19 64 41 18 12 44 66 65 24 29 69
47 48 65 67 50 4 21 24 40 49 14 8 55 38 35 34 64 20 11 30 12 36 44 10 59 29 5 68 58 54 37 23 46 39 31 17 2 41 27 3 66 53 52 63 57 28 32 6 25 62 19 9 51 0 43 45 26 69 33 56 18 13 22 15 60 7 42 1 61 16
59 57 13 34 31 46 22 44 60 5 20 37 30 21 11 40 45 48 49 35 12 17 14 32 10 1 47 54 50 41 19 28 27 3 51 23 69 43 55 24 53 42 56 62 2 8 6 0 63 61 18 52 15 65 7 67 26 29 9 16 38 25 66 58 39 36 33 4 64 68
11 4 50 35 47 42 17 21 0 51 41 23 36 15 68 19 6 63 33 25 46 24 20 3 60 29 13 58 65 53 2 1 55 37 31 44 64 45 28 7 18 62 34 39 16 43 66 26 54 40 56 48 61 9 69 14 67 49 12 59 27 10 5 32 8 22 52 57 30 38
46 3 64 22 4 55 30 52 16 25 60 24 41 51 26 12 49 28 33 47 18 58 21 37 11 50 9 68 8 48 13 14 40 38 23 2 19 5 57 42 54 10 35 62 6 27 32 69 61 53 36 67 1 65 17 34 39 15 0 20 45 66 56 59 63 43 31 7 29 44
6 14 25 17 23 52 47 44 24 40 41 45 57 31 10 63 20 27 49 54 48 8 60 33 26 64 2 68 15 67 1 11 3 0 16 36 18 65 51 32 56 62 35 13 28 37 30 19 61 43 12 21 22 4 38 69 5 42 7 9 55 34 29 66 46 53 50 58 39 59
13 14 40 57 44 34 25 3 4 42 43 30 64 54 67 51 48 21 11 15 63 29 6 59 18 0 17 7 37 45 38 23 65 69 56 9 68 8 61 58 19 55 31 2 49 5 36 28 50 20 24 35 32 33 62 10 52 27 1 53 16 46 22 41 26 47 60 12 66 39
35 11 58 6 54 40 29 37 43 8 61 68 47 63 23 3 64 24 7 12 0 17 20 14 52 21 28 27 56 15 51 22 5 55 26 41 36 59 31 32 67 53 9 25 1 60 57 50 30 38 48 39 42 18 69 62 44 10 13 4 66 19 16 2 46 45 49 34 33 65
12 14 56 36 59 17 3 20 11 4 19 67 2 18 16 68 61 10 31 51 9 30 1 39 65 42 44 49 24 23 38 52 26 28 8 53 41 34 46 5 25 55 64 29 63 27 21 62 58 35 15 47 22 45 57 0 6 66 60 50 13 7 40 48 37 69 43 54 32 33
18 0 41 58 40 39 43 24 48 42 10 22 64 11 37 52 21 53 25 59 55 57 26 68 14 28 54 46 29 66 45 12 61 27 38 62 5 63 16 2 34 56 1 15 7 50 19 32 13 9 60 44 30 35 23 20 36 8 4 49 33 6 47 51 65 69 67 17 3 31
52 56 69 32 36 66 63 46 3 58 53 68 24 15 26 17 10 29 33 9 41 48 43 62 35 60 14 50 42 67 31 44 1 16 54 65 49 51 21 45 38 40 0 27 59 61 30 25 23 22 6 19 64 34 2 20 55 11 37 57 39 18 47 8 12 5 13 4 7 28
44 62 25 52 18 55 4 35 66 12 9 36 47 45 58 28 15 27 60 31 48 5 1 6 16 41 34 50 53 21 49 20 59 32 39 11 22 43 26 40 23 19 68 24 46 2 67 63 3 7 65 54 37 33 64 10 61 0 42 14 8 30 56 38 51 17 13 69 57 29
66 12 60 49 53 16 69 34 32 64 4 43 15 62 13 48 0 68 2 24 30 31 25 36 45 55 61 41 59 3 57 6 27 21 10 67 37 35 8 51 9 22 42 58 26 39 11 23 44 54 52 14 38 1 7 50 28 5 56 47 18 33 20 29 17 46 40 19 63 65
46 34 45 19 39 61 23 1 66 38 56 49 28 17 21 60 18 5 36 10 63 26 16 52 62 24 51 44 11 13 27 4 3 12 43 25 41 68 59 55 29 47 53 32 31 7 65 54 8 57 9 2 40 64 37 69 22 50 67 33 14 35 58 42 20 15 30 0 48 6
67 50 9 11 69 63 2 4 65 6 56 0 30 40 58 38 5 36 34 13 46 41 35 23 68 32 47 33 45 8 49 66 25 53 14 54 21 60 17 57 18 20 28 43 55 62 59 15 19 26 51 24 22 42 39 64 7 3 29 31 37 61 52 10 12 1 44 27 16 48
53 13 28 8 33 23 35 41 31 62 64 56 34 51 37 44 40 4 9 48 55 0 60 2 69 47 45 6 21 22 59 58 50 29 10 65 57 39 66 12 27 36 38 61 5 63 7 68 42 46 14 49 67 30 24 19 1 54 17 43 16 52 20 11 32 3 26 15 25 18
58 40 57 47 1 29 32 60 48 68 61 3 10 59 11 52 31 56 27 6 55 28 35 43 15 36 33 0 50 38 62 49 23 19 65 69 21 12 26 46 25 64 18 34 51 53 45 24 13 44 20 22 14 4 16 8 41 66 17 5 67 30 2 9 63 7 54 37 42 39
21 63 41 35 61 67 59 20 45 13 23 55 5 1 56 32 39 0 7 47 28 30 2 3 49 42 15 43 14 62 66 38 31 53 22 46 48 9 17 19 8 12 4 33 40 52 6 54 11 68 25 58 16 29 18 27 57 24 34 36 69 26 44 65 50 10 64 51 60 37
49 9 12 0 33 46 58 26 8 20 41 11 60 59 27 39 4 65 22 69 47 56 28 3 32 53 37 36 40 10 68 19 34 6 48 1 16 25 61 52 23 55 57 13 50 7 51 31 38 2 44 24 29 18 5 42 45 35 21 62 30 43 64 67 63 66 17 15 14 54
14 66 43 67 47 20 51 29 41 48 6 15 12 42 32 37 35 0 53 1 69 52 22 10 38 63 24 36 25 46 61 57 64 45 50 55 2 28 3 68 9 56 26 5 58 31 54 30 11 8 49 19 27 60 44 21 65 4 17 34 40 13 39 62 33 18 7 16 59 23
37 1 23 0 62 22 59 44 14 21 55 40 34 15 32 29 57 50 8 38 39 2 54 6 47 17 5 53 51 11 7 41 12 25 56 3 16 45 68 64 65 43 67 36 42 26 63 69 30 61 35 4 18 9 19 24 52 49 48 46 66 60 58 31 33 27 28 10 20 13
4 28 42 68 30 55 27 17 32 13 2 33 64 66 57 40 22 12 46 62 45 44 34 1 5 37 54 39 31 51 20 47 11 58 18 15 6 53 38 0 63 10 8 14 21 29 19 48 26 60 52 61 23 50 24 59 7 16 67 25 56 49 69 41 9 3 43 36 35 65
6 39 66 4 2 47 44 51 9 8 69 36 3 65 11 58 33 42 68 35 24 60 43 5 32 67 61 54 46 31 63 40 56 13 23 41 62 29 28 25 18 59 27 52 22 55 48 64 10 14 38 17 34 53 12 19 16 21 37 45 15 0 57 1 49 7 50 30 26 20
47 29 1 36 54 60 0 18 8 13 15 42 19 50 62 59 38 66 46 24 6 56 40 49 48 68 12 20 32 3 2 43 27 67 11 14 45 65 57 16 9 17 53 41 22 23 21 35 25 33 64 55 37 31 28 7 51 44 34 26 30 61 52 4 58 69 63 10 5 39
67 56 43 12 28 6 10 15 58 1 11 33 68 2 13 39 49 52 41 36 23 29 55 4 25 24 7 63 47 8 22 66 30 48 57 31 16 50 35 9 18 45 61 5 38 14 59 0 69 46 32 65 42 37 51 21 17 34 3 60 20 40 27 19 54 53 26 44 62 64
60 65 15 23 40 28 46 35 47 64 4 17 56 42 33 44 32 55 30 6 52 5 1 25 53 62 14 68 41 57 37 10 51 11 43 16 69 34 0 38 13 18 19 58 8 26 49 2 50 7 54 27 45 48 24 66 20 39 36 61 29 31 21 67 12 3 63 9 59 22
42 19 31 46 12 35 59 38 10 14 44 45 27 22 56 16 62 34 54 30 49 67 23 11 66 48 1 43 33 24 63 4 25 58 41 29 3 5 28 64 51 6 69 39 13 61 47 60 9 8 17 7 68 32 37 2 15 20 18 50 55 53 65 26 0 57 36 40 52 21
50 13 19 33 4 49 40 51 27 39 65 35 26 24 11 44 16 45 0 53 69 64 54 66 67 23 7 58 5 32 57 34 31 30 52 10 12 60 46 36 48 63 8 17 21 3 18 20 61 37 68 9 22 14 15 38 42 6 55 59 41 29 62 56 25 2 1 47 28 43
61 10 9 55 5 30 38 64 20 60 69 58 49 68 39 50 63 18 35 23 57 1 13 67 43 33 53 45 51 2 21 32 25 40 47 19 6 36 14 66 65 7 4 17 48 8 52 44 59 28 37 0 24 31 54 56 12 27 3 62 34 26 16 22 11 15 42 29 41 46
11 2 28 40 36 22 5 57 58 7 14 65 13 12 33 15 37 39 69 53 67 4 25 19 55 29 26 34 47 54 59 1 32 17 52 46 62 23 42 68 51 24 6 21 63 66 45 64 3 31 0 20 44 50 27 60 9 41 49 56 18 43 48 8 30 35 38 10 61 16
42 8 48 0 19 20 11 33 24 54 69 36 67 13 60 59 56 30 62 31 26 37 21 27 43 9 6 49 29 47 45 32 14 25 15 35 7 39 23 18 66 53 2 68 64 61 51 38 3 28 58 17 4 1 5 40 16 41 50 63 44 55 22 34 10 52 65 46 57 12
25 48 62 61 64 40 43 32 31 10 22 69 8 37 41 0 15 2 35 3 18 50 38 68 7 52 53 12 51 54 11 59 5 4 47 58 33 14 56 20 45 23 36 16 17 67 42 27 66 26 55 24 21 60 19 65 1 34 44 57 30 39 13 49 28 6 29 9 46 63
1 12 59 56 16 51 33 58 8 37 49 22 9 44 29 41 0 10 6 64 2 20 11 61 17 31 45 15 35 57 32 21 27 38 7 13 30 47 34 66 28 55 69 26 68 36 67 48 46 19 42 5 52 40 3 24 14 60 54 63 43 65 39 4 53 23 25 50 62 18
53 54 51 22 38 12 61 10 23 44 41 17 31 40 57 46 33 50 29 63 27 11 2 3 66 15 52 21 14 67 13 28 34 37 43 68 26 6 16 62 0 48 18 49 64 8 30 32 9 60 19 58 45 39 69 56 4 47 5 20 65 59 42 1 7 25 55 36 24 35
0 26 27 53 30 29 12 16 51 8 4 63 58 48 17 7 5 15 57 6 31 55 44 56 43 39 21 10 68 35 52 47 69 14 65 62 28 9 22 36 24 50 37 20 40 25 34 59 49 67 64 13 23 2 18 42 41 33 3 32 66 1 46 61 38 60 11 54 19 45
42 57 67 18 31 50 2 69 37 35 33 0 54 15 9 14 64 7 44 59 29 17 5 48 21 8 12 68 56 34 25 1 22 46 11 6 30 24 20 60 62 3 53 51 45 58 26 63 41 61 19 47 55 32 43 27 4 38 65 40 28 49 23 52 13 16 36 10 39 66
36 50 69 16 60 2 51 8 10 65 67 12 21 54 53 31 27 41 44 23 46 57 62 6 26 49 59 25 43 66 52 61 24 39 14 28 3 32 15 34 58 55 4 64 29 56 1 19 5 13 22 48 68 47 35 9 17 18 63 0 45 11 20 33 30 37 7 42 38 40
16 68 66 7 53 33 19 67 63 65 27 6 58 24 5 43 14 59 30 20 42 57 52 18 0 49 36 69 54 26 29 64 51 38 2 21 50 35 15 22 37 23 17 60 48 55 56 1 10 28 9 62 44 31 32 11 46 39 41 34 8 4 61 3 12 47 13 40 25 45
19 50 53 41 64 38 39 1 23 15 30 25 51 16 59 27 28 4 11 69 57 67 66 13 18 62 32 46 24 55 65 22 14 43 6 5 3 21 7 44 47 61 34 10 52 35 29 45 49 68 58 12 56 2 60 54 37 36 8 26 33 40 17 48 42 31 63 9 20 0
25 27 48 14 6 49 18 43 22 46 63 12 62 61 41 4 39 3 56 38 65 11 24 53 30 20 29 5 47 42 67 23 54 8 26 1 55 59 10 33 57 16 52 0 66 69 36 31 28 17 45 44 13 2 50 7 68 40 51 58 32 15 60 19 64 37 9 34 35 21
55 6 22 47 10 1 67 45 30 23 56 12 24 19 44 35 13 52 27 28 37 61 58 50 9 41 65 57 18 38 36 39 20 33 29 62 68 4 40 17 2 26 0 59 66 54 32 7 34 69 16 14 25 48 63 53 15 49 31 42 21 5 43 46 64 51 8 11 60 3
4 48 33 58 20 10 60 16 22 57 67 23 27 56 36 65 37 24 34 66 17 38 55 1 69 18 41 14 43 26 29 3 9 54 19 42 35 45 40 0 8 53 44 39 25 64 30 49 62 31 61 52 59 6 28 2 15 13 46 51 63 11 50 7 5 32 12 21 68 47
14 54 1 9 49 13 66 23 68 60 24 46 32 10 41 19 20 3 28 48 67 43 58 0 21 52 15 64 30 55 36 59 17 25 26 37 45 69 35 31 65 33 18 39 38 7 2 5 63 50 51 42 44 27 4 22 29 47 11 53 57 8 6 16 61 62 34 40 12 56
49 18 6 30 45 58 25 48 55 9 53 62 12 13 38 28 36 61 16 66 32 33 15 26 11 63 23 2 37 0 35 69 3 5 27 64 34 56 54 44 20 17 31 1 39 47 8 46 52 59 24 51 60 40 22 50 57 19 21 42 29 43 67 65 68 41 4 14 7 10
52 4 16 50 46 61 33 25 66 10 49 64 67 5 9 12 53 7 26 55 23 47 1 21 54 65 32 27 48 22 0 56 43 68 19 39 14 37 44 36 69 30 24 38 11 8 15 41 3 34 31 29 17 51 6 35 13 63 18 40 58 2 60 45 20 57 42 28 59 62
59 0 18 41 6 62 58 23 24 32 17 55 20 67 10 48 68 9 27 36 52 16 54 35 50 3 56 49 38 40 61 1 66 28 46 60 12 29 34 51 30 45 53 25 57 2 69 64 44 37 22 47 7 5 43 21 42 63 8 4 65 15 33 13 14 26 19 39 11 31
56 8 10 17 63 52 4 25 43 32 57 51 54 16 21 19 26 38 45 61 58 46 22 55 12 11 5 59 37 66 27 62 69 53 50 34 18 39 41 31 40 7 60 2 65 35 47 15 67 28 14 68 0 23 29 49 24 3 1 20 44 6 36 48 30 9 64 33 42 13
25 11 58 28 7 67 52 34 45 50 30 32 26 14 19 49 6 68 42 8 0 47 36 59 20 4 63 35 39 51 57 46 40 60 55 13 21 1 48 37 16 9 62 56 43 65 27 23 33 53 38 5 61 64 10 41 24 17 12 2 22 44 31 54 66 29 69 18 15 3
15 1 56 14 63 54 43 12 22 53 20 26 19 33 48 38 51 44 25 61 36 59 29 5 8 9 69 16 39 68 55 24 4 6 41 17 2 47 7 52 46 11 18 45 23 31 28 49 27 32 50 34 60 65 3 64 67 40 21 30 35 66 58 62 0 13 57 42 10 37
17 9 48 60 40 35 32 59 10 29 57 62 54 30 16 34 36 19 37 7 67 68 52 11 45 47 50 44 6 46 13 33 23 55 53 8 64 42 18 1 49 21 2 5 12 66 31 38 58 14 24 56 65 43 25 4 3 28 39 41 26 61 63 15 22 0 69 27 20 51
21 64 7 55 50 56 0 60 27 63 16 33 61 32 36 58 31 1 59 51 8 44 4 34 46 57 41 24 49 3 66 5 20 28 39 15 10 62 6 29 9 68 23 26 67 30 42 45 13 54 69 48 14 17 35 25 2 52 37 43 65 53 12 22 38 18 11 47 40 19
24 17 49 48 32 46 62 39 38 6 69 33 50 60 12 11 44 51 42 0 66 1 16 47 13 26 34 68 15 10 65 14 36 58 41 5 35 63 64 37 45 8 20 55 28 57 56 31 43 25 59 40 30 21 54 3 29 2 19 61 53 4 23 9 52 7 22 27 67 18
2 14 69 5 66 3 22 30 64 50 65 26 55 33 25 32 21 11 45 23 4 17 28 27 24 58 20 68 63 53 0 16 38 52 42 61 10 1 43 15 67 37 29 54 47 35 46 51 12 56 62 19 7 40 18 44 9 36 34 6 8 31 39 13 48 49 41 57 59 60
53 62 3 11 57 48 2 35 5 0 67 13 38 19 7 10 63 1 65 44 9 47 43 8 23 29 45 21 28 25 4 15 26 40 20 41 12 17 69 51 61 56 36 64 6 54 31 32 46 14 60 16 24 39 42 59 66 22 18 33 49 55 58 34 50 52 37 68 30 27
25 17 16 37 3 22 24 9 18 21 43 65 0 38 20 49 23 28 14 45 52 60 1 59 11 54 41 7 47 55 44 68 33 51 34 29 30 10 26 27 53 4 6 42 61 40 39 64 58 31 56 66 32 19 62 46 67 8 15 48 63 12 35 36 13 69 50 2 57 5
