50 66 2 32 13 26 9 40 14 39 3 65 69 53 59 60 33 54 56 5 43 11 37 61 58 8 23 22 16 17 48 52 31 47 67 18 36 20 63 30 27 51 25 1 45 10 57 0 55 49 21 6 46 15 38 64 44 35 29 7 4 34 24 12 28 62 41 19 42 68
7 38 26 33 12 58 51 56 53 47 31 18 21 66 36 42 37 11 39 59 22 43 45 24 27 29 16 6 1 8 46 5 62 28 34 68 14 64 48 20 10 60 25 69 55 19 15 41 67 30 9 63 61 2 52 57 35 50 54 40 32 17 4 23 44 49 0 65 13 3
19 17 9 21 50 6 47 31 5 65 43 63 11 16 67 26 20 30 3 15 58 14 40 35 55 54 36 57 13 22 44 24 66 52 2 61 48 37 34 10 39 46 45 42 59 29 51 27 28 56 12 1 23 8 7 68 41 69 53 64 18 25 38 49 4 62 33 0 60 32
55 41 51 38 45 35 26 49 30 66 52 56 39 34 24 37 53 67 60 31 69 29 10 43 48 47 9 11 44 25 1 17 59 32 46 12 23 58 7 8 3 13 22 5 54 64 63 19 36 21 62 61 42 4 27 68 0 15 2 18 40 14 20 50 33 6 57 28 65 16
42 66 4 58 67 30 10 20 1 12 8 32 65 43 9 55 16 53 13 56 39 38 15 34 19 22 68 35 37 63 44 28 0 60 49 69 29 11 46 57 2 18 25 48 61 27 54 51 36 26 23 47 45 3 50 64 31 7 14 5 52 62 6 24 59 21 17 33 41 40
29 59 7 15 40 67 14 35 8 46 12 5 10 41 3 24 33 38 28 58 51 1 37 27 11 22 63 13 47 42 23 62 9 30 49 34 36 68 52 44 25 17 32 31 4 60 55 65 39 56 43 19 61 50 6 16 0 54 64 69 57 21 45 48 20 66 53 26 2 18
31 4 24 48 51 13 41 18 16 33 28 53 38 59 44 54 14 37 3 12 49 66 42 27 52 29 20 15 30 21 19 65 0 69 64 45 23 7 40 68 10 11 60 9 22 39 17 32 56 5 61 62 36 58 43 47 57 55 8 67 25 34 35 50 1 26 6 63 46 2
68 49 58 21 36 32 30 56 5 27 18 13 65 48 17 38 9 37 23 51 46 22 10 19 59 44 34 3 14 40 8 31 54 61 12 60 41 62 39 6 67 64 0 2 24 57 52 47 45 15 16 63 50 28 43 4 26 7 25 42 11 69 33 53 29 1 20 35 66 55
53 4 45 67 65 34 51 31 16 54 47 40 29 69 35 48 14 10 8 1 32 39 59 38 64 25 27 7 37 57 13 21 2 12 28 50 15 52 33 46 58 23 22 3 19 60 0 66 41 24 68 17 42 9 62 20 56 6 49 43 30 61 36 63 26 18 5 11 55 44
37 44 58 42 45 12 67 23 4 5 10 61 9 48 26 47 18 39 15 20 57 54 7 14 6 38 59 62 43 68 21 25 29 33 32 3 64 30 2 50 19 27 52 53 36 60 8 22 55 24 35 66 0 65 69 40 56 13 49 28 16 1 31 34 63 51 11 17 41 46
30 32 17 21 43 37 44 39 64 4 63 66 69 52 49 22 13 15 50 2 20 1 19 5 29 24 8 55 25 45 60 26 36 16 58 27 57 28 46 67 40 23 38 14 62 68 59 33 65 7 51 6 47 31 34 54 56 48 9 10 53 42 0 41 35 3 12 18 11 61
39 36 33 42 45 65 30 50 28 58 1 64 67 23 10 31 25 35 4 55 20 40 52 7 32 27 16 2 56 61 8 9 68 3 51 60 66 22 6 48 38 44 57 29 47 26 0 17 19 54 13 11 69 34 5 46 37 21 53 43 62 24 41 15 59 63 18 14 49 12
53 4 49 52 5 38 51 68 24 30 7 62 33 17 15 34 2 36 37 3 58 18 29 69 35 26 47 21 42 23 22 44 13 60 31 48 66 63 55 16 32 25 20 6 61 54 50 11 65 14 8 57 64 43 0 27 19 46 45 39 56 67 10 9 41 1 59 12 28 40
22 35 64 24 16 49 56 38 45 63 55 3 27 47 31 10 1 8 17 40 53 50 20 14 54 41 32 37 15 18 48 51 25 36 6 11 29 65 43 39 61 13 57 2 30 44 28 5 19 66 67 26 69 42 68 12 58 23 0 46 9 7 52 59 62 4 21 34 60 33
16 62 41 22 1 9 66 56 52 30 47 29 57 53 60 20 45 5 4 65 25 21 37 43 61 17 0 51 35 48 11 8 7 3 67 39 24 44 27 23 50 26 40 15 63 69 36 12 31 6 32 42 10 58 46 59 2 64 13 14 18 49 38 34 55 54 19 33 68 28
57 68 29 27 32 55 49 18 21 3 17 31 46 8 63 14 62 52 45 6 35 5 53 19 25 61 60 40 69 66 50 67 10 7 9 54 42 20 16 51 58 43 33 34 26 23 41 0 12 30 1 38 56 65 4 39 64 59 28 15 22 44 11 13 36 2 24 48 37 47
39 48 66 41 15 7 34 8 65 27 19 49 23 44 62 67 29 24 58 46 22 59 11 33 45 50 63 57 12 69 35 28 14 13 6 10 21 55 52 9 0 53 17 4 38 18 26 56 43 51 5 30 47 2 20 61 36 32 31 3 16 25 60 68 54 1 42 64 40 37
0 6 65 22 49 43 30 14 16 26 35 64 68 45 66 36 44 10 51 48 57 58 15 56 67 28 25 2 4 12 42 63 19 20 50 1 24 27 11 33 34 31 54 69 32 23 29 46 52 13 5 39 21 60 3 18 8 9 61 17 41 53 40 55 7 38 62 47 37 59
58 30 47 60 21 42 35 20 69 15 17 37 39 5 31 46 61 45 68 51 2 66 67 55 26 24 36 1 28 43 27 38 64 13 65 63 0 59 41 33 11 23 25 54 19 18 7 40 4 29 49 50 48 6 34 53 8 52 22 16 57 62 14 9 44 32 3 10 12 56
57 35 51 39 6 5 47 67 20 32 14 53 62 63 2 41 4 59 17 21 31 38 55 33 9 13 66 58 61 42 30 26 15 52 3 48 24 45 46 19 44 40 34 69 49 11 16 1 68 65 43 18 10 0 22 27 60 37 56 7 25 23 50 54 36 64 8 28 12 29
37 64 45 63 24 2 65 51 16 56 14 18 6 7 54 21 31 58 42 1 49 34 68 60 62 3 38 22 52 53 41 50 33 39 40 46 5 32 66 61 26 12 4 17 10 11 29 44 57 59 30 19 55 43 27 69 0 25 8 13 28 67 48 23 20 36 15 35 9 47
7 30 8 35 4 29 67 9 60 47 68 38 19 33 50 39 25 45 42 16 32 26 58 0 12 40 41 49 64 11 18 44 65 51 61 1 48 24 10 22 46 5 57 63 43 15 54 14 56 55 2 21 27 13 59 3 36 31 17 52 62 20 28 53 37 23 69 34 66 6
43 0 20 19 42 27 36 32 68 14 44 28 31 61 65 63 50 67 47 21 4 30 54 59 51 16 37 29 49 13 39 48 33 2 12 34 53 9 6 5 18 62 56 25 15 10 11 24 26 1 3 66 45 55 7 52 58 35 57 40 60 22 38 8 41 17 23 46 69 64
15 23 33 16 26 20 19 2 17 69 21 59 3 68 62 18 29 55 54 14 4 47 48 46 58 51 52 22 9 11 30 34 40 57 35 0 10 53 42 44 56 13 5 45 32 31 63 1 8 41 49 64 24 66 38 67 6 60 7 65 39 50 27 25 12 43 37 28 36 61
48 16 6 62 49 11 44 43 10 53 65 55 23 15 7 45 0 61 38 9 17 59 54 56 58 35 41 50 63 8 39 57 64 12 67 68 24 42 60 25 69 29 21 2 40 52 33 18 47 66 32 19 36 34 46 26 20 1 30 14 37 51 13 3 5 22 31 28 4 27
1 0 60 62 40 48 2 32 28 18 51 47 6 23 43 66 53 55 20 29 30 5 3 52 12 34 56 68 64 27 39 14 41 16 59 13 54 65 19 22 25 46 4 38 17 8 44 24 42 36 57 49 33 7 26 69 45 21 10 50 11 15 9 67 58 37 35 31 61 63
55 49 46 10 66 39 48 34 36 6 57 51 16 41 61 4 26 62 5 38 32 44 30 21 65 42 8 33 35 29 13 2 20 43 68 22 18 47 60 11 12 24 45 7 56 64 28 19 54 3 50 59 52 14 63 67 69 58 0 9 27 17 23 31 15 37 53 1 25 40
45 50 1 36 49 62 54 55 44 35 39 6 42 19 37 23 0 2 27 41 48 4 33 61 66 3 7 38 32 59 57 14 12 16 30 10 40 28 20 11 63 13 21 64 58 15 26 18 56 47 68 43 60 17 52 24 22 9 69 31 5 29 25 51 46 8 67 65 34 53
25 45 23 44 2 13 55 29 34 64 32 27 1 61 58 46 19 26 21 66 16 50 22 40 57 20 48 49 59 60 62 43 68 39 18 4 11 35 53 7 47 17 31 63 51 0 14 38 69 10 33 65 5 15 6 24 8 42 9 54 37 52 56 41 36 67 28 30 12 3
14 66 25 47 35 46 17 22 2 19 54 8 64 52 56 44 57 3 61 5 30 31 38 24 50 48 20 10 40 51 7 59 60 49 13 39 37 33 26 6 67 58 4 63 1 23 15 21 53 9 68 16 27 55 34 62 28 32 65 43 41 0 12 11 18 42 69 29 36 45
15 13 18 7 0 54 45 9 56 21 27 52 22 37 14 62 67 24 64 34 48 61 65 38 58 23 35 57 28 31 6 39 42 32 25 10 11 47 49 12 36 4 30 69 59 46 33 3 60 40 5 20 53 43 26 16 55 51 50 2 17 63 29 1 44 41 8 66 19 68
15 68 44 46 7 63 43 58 57 40 26 64 54 28 55 10 5 67 18 11 0 51 31 52 3 38 24 13 25 49 32 50 65 29 17 53 47 6 60 16 19 48 56 4 66 14 1 36 61 41 35 33 22 62 21 23 12 9 39 59 30 45 2 42 37 34 69 20 27 8
9 68 14 61 23 30 17 46 36 21 27 44 33 69 13 8 51 58 4 7 29 34 32 47 55 50 24 31 43 35 60 26 41 5 59 64 28 22 56 53 66 16 38 52 20 48 63 18 15 40 65 39 42 62 1 67 2 19 25 10 11 6 3 0 37 49 45 12 54 57
21 56 58 46 24 13 55 27 16 8 22 53 15 33 54 62 25 38 48 35 42 28 10 52 34 1 18 49 44 5 26 12 19 66 36 45 31 0 2 60 57 11 43 50 14 23 17 29 4 37 32 61 39 7 9 68 20 41 59 47 51 65 40 63 69 30 3 6 64 67
24 4 40 12 9 52 67 55 46 61 26 41 36 16 69 30 45 66 15 21 63 42 34 3 29 33 10 0 39 1 19 28 22 17 50 18 7 56 49 53 60 64 14 2 25 27 23 57 44 38 35 68 47 51 32 13 54 6 31 5 20 62 48 58 37 59 8 11 43 65
37 39 17 66 33 56 53 62 50 9 46 32 28 35 6 16 14 24 12 26 1 7 29 36 40 61 52 58 45 31 63 54 51 34 23 49 48 47 65 18 68 15 13 8 44 19 5 25 30 10 67 20 27 60 42 57 22 59 38 0 69 2 11 3 4 64 43 21 41 55
1 39 66 20 38 18 43 4 57 51 15 52 5 25 30 62 58 54 47 44 41 0 31 48 36 10 37 45 56 24 29 42 55 40 28 60 27 64 65 21 11 14 35 63 16 68 23 2 7 34 61 6 33 12 50 22 49 69 67 19 26 53 3 59 32 8 17 46 13 9
65 16 25 11 39 4 35 23 69 29 32 42 24 46 62 0 63 49 36 54 51 55 6 52 14 17 8 13 43 15 48 34 33 40 7 67 1 28 68 61 59 50 3 20 38 45 18 37 47 12 10 26 57 66 19 21 64 2 5 58 31 30 60 53 56 9 27 41 22 44
53 62 7 36 58 61 54 65 38 15 32 37 57 19 24 14 60 33 45 69 23 1 28 59 64 56 11 41 40 34 5 39 10 42 21 43 4 55 0 52 3 9 66 51 35 16 46 8 49 26 67 48 31 25 22 30 47 13 44 63 50 6 12 68 18 27 17 20 2 29
15 53 36 14 43 66 41 4 10 30 42 22 69 6 44 52 21 2 29 20 11 54 18 19 50 60 65 31 58 1 34 3 5 26 38 9 56 12 64 27 13 48 23 16 59 68 46 37 51 24 62 61 39 0 47 25 40 32 67 57 35 28 63 45 49 17 7 55 8 33
23 33 47 45 57 8 25 30 39 14 43 64 58 6 65 60 28 51 19 50 55 63 16 38 29 31 12 21 26 66 52 2 22 49 7 4 0 54 61 36 48 34 27 17 20 46 59 68 67 69 10 42 37 44 1 11 53 9 56 40 24 3 18 13 62 32 5 15 41 35
21 65 58 27 8 40 1 48 45 25 66 10 60 13 42 4 64 49 34 0 5 7 20 29 41 38 9 15 11 55 56 67 33 30 46 23 61 18 47 19 52 54 43 68 53 57 63 22 24 37 32 36 28 50 59 17 12 6 44 39 35 14 26 2 3 62 31 51 69 16
24 41 16 44 9 5 1 40 61 53 48 60 7 27 33 35 37 4 51 45 23 56 58 54 57 25 62 59 0 15 18 6 66 67 68 12 52 28 65 39 47 29 46 63 22 31 21 2 43 10 14 30 34 49 64 19 3 69 50 42 26 11 38 36 8 20 17 13 32 55
23 33 64 51 17 26 20 59 61 68 32 60 12 37 43 1 2 11 39 52 67 36 62 63 14 4 5 8 24 66 69 28 16 3 30 22 56 40 6 21 49 18 7 15 9 57 42 48 27 44 29 38 25 46 55 19 35 31 50 34 45 41 65 58 53 47 13 54 10 0
17 39 63 53 29 50 44 64 52 2 35 54 61 30 32 1 8 7 15 6 57 25 48 34 14 40 51 24 21 13 19 68 33 20 41 47 45 18 42 3 67 28 11 36 5 46 0 49 12 56 31 59 22 69 55 62 43 27 65 23 37 16 4 66 38 60 9 26 10 58
12 3 44 9 17 37 0 20 14 11 6 22 64 52 39 41 69 66 61 59 36 53 29 19 15 60 63 8 40 16 55 51 32 23 48 34 56 35 58 27 62 47 1 38 13 26 25 31 4 10 45 30 21 43 7 28 42 18 5 50 57 67 68 46 33 2 24 54 49 65
47 25 65 45 34 30 5 29 3 66 53 59 56 1 57 24 50 21 15 13 23 8 38 44 67 61 28 62 64 14 10 20 51 43 7 52 41 40 26 32 0 12 31 18 37 39 68 36 48 19 6 27 35 55 4 11 42 22 33 58 9 16 69 17 54 60 49 63 46 2
59 9 53 20 42 63 33 4 60 40 47 69 38 45 49 51 0 3 39 18 57 26 1 37 52 44 55 17 31 48 14 8 36 11 5 19 15 64 67 23 66 56 62 61 58 65 30 50 24 46 12 54 34 35 29 27 68 6 28 16 41 7 32 2 25 13 10 43 21 22
29 57 0 21 48 47 39 49 41 5 20 33 34 54 13 52 15 25 36 9 44 23 7 6 31 59 62 35 1 38 60 27 4 37 8 28 58 42 55 69 51 2 12 22 40 61 10 3 19 30 67 43 53 68 24 14 17 50 26 18 16 65 32 11 46 56 45 66 63 64
32 67 55 68 54 44 10 19 61 6 17 57 46 12 29 65 39 43 63 38 26 23 47 50 27 42 13 18 24 7 37 56 66 22 41 35 62 60 59 51 40 14 45 0 30 49 69 36 48 15 21 3 31 16 5 33 53 9 28 4 8 58 1 2 11 25 20 34 64 52
51 12 27 37 21 24 17 15 66 20 8 32 52 42 40 45 64 13 68 63 4 23 10 22 33 38 18 50 54 9 16 58 41 44 11 53 61 5 19 36 35 43 34 28 26 62 60 46 55 7 1 39 0 56 65 69 30 31 47 2 49 67 14 29 59 3 6 25 48 57
6 22 61 23 4 27 53 33 52 9 20 65 24 31 19 45 41 3 46 2 55 29 18 7 62 43 38 30 49 12 36 59 63 15 1 25 11 64 54 14 32 44 58 39 66 5 42 35 57 26 37 68 60 21 13 40 47 34 0 48 56 16 50 67 17 28 51 8 10 69
48 44 65 10 21 18 26 59 37 51 20 64 55 32 63 56 38 7 46 30 61 53 24 5 4 6 52 0 58 3 34 57 14 68 29 12 49 66 54 1 35 2 28 45 43 16 42 27 17 23 41 19 39 36 13 47 40 22 50 11 15 8 25 31 9 60 62 69 67 33
16 55 28 33 0 10 9 25 61 13 6 52 45 37 65 38 8 57 2 31 46 35 49 21 11 44 18 3 66 14 48 12 50 47 54 27 4 29 51 53 34 32 60 1 20 36 42 56 62 41 64 19 23 24 43 67 30 5 39 68 40 59 63 22 26 7 58 17 69 15
40 36 57 68 11 43 31 29 50 5 10 42 20 8 27 15 47 28 61 34 56 51 66 55 35 17 59 24 12 49 18 62 39 3 25 38 58 19 37 2 0 53 33 26 7 4 41 14 52 69 13 45 60 23 22 32 44 48 65 63 64 6 67 16 1 9 54 46 21 30
15 55 2 64 32 39 47 10 50 57 13 33 11 12 46 22 6 21 9 26 56 0 69 49 19 3 67 5 30 42 65 41 38 35 45 17 20 16 68 63 31 51 59 60 14 62 23 1 8 37 29 52 54 53 61 25 7 24 34 36 44 4 66 58 48 27 43 40 18 28
65 24 23 46 6 68 3 57 31 13 19 63 62 26 59 48 8 33 43 69 21 66 58 2 56 22 0 47 27 61 55 37 17 50 45 5 7 34 53 25 4 67 60 18 29 16 15 12 38 11 35 49 10 30 36 54 28 41 42 40 1 52 20 32 51 39 14 9 64 44
32 54 7 21 34 23 8 35 15 56 61 59 18 10 53 69 14 49 31 28 16 57 3 11 58 6 17 67 65 26 37 63 4 30 1 50 43 42 24 68 41 2 36 33 66 64 47 0 9 29 5 19 38 22 25 60 51 13 27 46 52 44 45 40 12 62 39 55 48 20
28 20 37 50 1 57 21 6 43 45 46 19 24 36 18 16 26 0 30 41 12 67 48 62 56 60 4 29 25 34 61 65 35 14 44 55 69 9 23 49 3 22 32 38 59 13 33 17 40 11 7 10 68 51 8 39 31 54 47 27 2 53 15 42 52 5 64 63 58 66
33 37 56 32 62 49 29 22 9 44 69 8 57 7 51 31 30 46 21 35 63 48 42 5 17 26 1 45 0 36 16 20 3 2 40 28 53 52 66 64 14 13 54 47 41 43 39 6 38 65 67 61 55 24 4 12 10 19 59 58 15 60 23 34 68 11 27 50 25 18
32 11 16 69 24 46 8 57 49 7 45 40 0 19 39 53 62 13 23 60 10 55 38 21 63 54 64 30 4 58 28 18 36 1 27 41 66 61 22 50 42 47 33 68 5 29 34 12 52 15 48 65 25 20 6 43 51 2 67 3 37 56 17 9 31 26 44 14 59 35
2 36 22 68 57 62 9 6 5 17 54 51 25 30 29 14 56 64 26 4 40 65 58 1 42 18 46 49 48 16 69 8 47 53 15 0 66 11 55 20 21 63 35 34 3 7 19 50 28 10 61 24 13 43 59 37 23 27 32 12 44 33 60 31 41 45 67 39 52 38
38 60 65 32 7 29 14 52 64 31 44 10 1 17 2 28 59 66 21 35 12 67 33 55 41 25 6 47 20 51 57 27 15 45 3 5 46 18 68 56 8 61 50 53 4 48 0 54 23 34 19 43 11 36 37 69 9 24 40 42 30 62 58 16 39 13 22 49 63 26
33 48 29 59 56 68 10 32 7 12 21 65 50 13 30 15 63 17 20 49 66 16 11 44 4 37 18 2 51 43 61 5 27 26 47 62 31 1 64 45 69 9 60 28 55 58 67 24 57 35 3 0 8 52 6 36 25 54 22 41 19 38 42 46 14 23 53 39 40 34
56 19 35 51 22 6 3 33 34 18 61 42 44 58 8 38 45 62 37 1 32 5 68 36 66 20 53 9 48 46 0 29 60 15 10 65 43 25 41 57 21 40 16 24 63 11 4 47 12 26 64 27 14 67 50 17 13 30 7 59 54 28 31 55 23 49 2 69 52 39
22 64 15 45 39 2 51 4 11 41 46 26 21 3 14 20 44 33 12 25 17 61 6 54 47 66 59 23 30 49 35 19 43 8 28 60 42 29 32 9 52 50 40 48 57 53 37 24 34 63 58 31 62 68 0 7 65 1 56 55 67 5 36 18 27 69 16 10 38 13
2 11 39 36 21 14 0 32 56 20 41 50 67 40 28 66 59 4 43 15 53 64 42 61 18 55 46 5 57 44 34 63 9 24 68 62 45 33 13 17 25 7 60 49 26 52 3 48 23 37 10 65 8 1 69 16 27 30 29 19 12 38 47 31 6 54 35 22 51 58
38 46 43 52 44 3 41 20 35 48 68 30 62 47 25 53 22 64 16 55 60 0 14 27 51 10 18 24 8 17 11 26 7 12 69 63 29 34 33 32 21 2 65 45 50 39 40 19 6 31 54 4 15 36 42 59 66 28 67 58 1 49 37 56 61 5 9 13 57 23
29 40 44 4 60 8 14 41 28 43 49 48 5 21 19 42 35 34 55 36 51 31 18 33 56 46 61 52 57 66 64 10 65 26 25 68 45 58 6 39 37 67 59 50 15 63 11 27 7 54 12 20 3 17 22 23 69 32 9 30 62 13 47 1 0 2 16 38 53 24
21 31 27 2 63 15 47 65 50 59 25 62 24 4 9 37 32 17 44 16 45 19 64 23 51 28 36 0 61 33 43 11 3 35 60 18 55 57 13 34 46 26 69 56 39 42 52 53 10 5 38 7 1 8 58 40 14 41 6 12 66 67 20 54 68 30 29 48 49 22
42 5 64 4 62 8 47 66 54 58 14 49 46 9 10 31 69 3 26 41 60 23 57 34 21 52 65 59 28 24 32 6 63 11 55 17 13 38 29 1 0 40 35 53 20 61 37 18 22 67 36 39 7 51 2 48 68 16 12 15 50 43 33 19 30 45 25 44 27 56
28 44 30 62 12 48 65 15 36 38 27 60 37 20 33 0 69 7 45 6 35 55 47 43 39 51 67 19 29 21 11 1 58 18 59 40 53 10 46 31 50 49 26 22 24 54 63 68 57 42 56 41 3 25 66 17 14 13 32 61 64 9 52 4 16 23 34 8 5 2
9 35 64 51 25 16 3 67 69 28 11 63 33 36 20 34 41 17 55 39 56 65 14 8 47 30 50 1 57 38 0 66 12 52 22 54 19 59 44 46 58 31 15 60 26 10 61 32 21 18 37 62 7 2 42 53 45 27 23 29 68 6 40 4 5 13 43 48 49 24
30 50 59 35 22 8 2 46 11 23 68 16 17 60 64 45 53 6 26 56 18 7 19 9 39 14 58 21 57 41 37 55 29 63 62 65 1 54 43 5 27 0 10 48 20 12 40 52 42 31 38 51 44 61 24 47 34 15 25 28 33 13 49 67 69 66 3 36 4 32
12 48 37 45 62 11 4 66 43 6 39 27 8 31 22 32 25 42 57 18 0 50 69 59 13 56 60 33 34 23 47 2 14 63 36 41 38 17 7 30 55 5 52 35 68 9 24 10 20 16 49 64 54 51 44 3 28 29 21 65 1 40 53 61 26 58 19 67 46 15
38 50 53 58 1 26 18 52 54 21 31 3 35 59 19 20 32 37 33 29 5 42 8 15 68 7 65 62 22 27 10 2 17 24 46 11 36 4 23 61 69 39 47 13 66 14 40 44 57 51 6 43 56 67 48 30 0 60 49 41 45 9 25 12 28 63 64 55 34 16
31 36 54 57 47 12 67 43 30 53 32 13 5 68 16 4 28 20 23 1 21 17 29 58 46 37 65 9 62 34 3 8 45 49 52 63 39 40 14 15 50 25 6 60 0 59 66 44 19 33 2 56 51 22 35 55 69 48 42 24 26 64 11 38 41 18 61 7 27 10
41 43 51 40 58 29 54 42 53 14 50 44 7 33 64 6 47 1 25 60 37 66 39 61 19 20 26 34 55 65 32 69 57 24 36 5 3 30 0 31 8 49 59 45 21 62 22 28 67 11 4 18 56 12 13 63 48 16 10 52 15 46 2 17 9 38 27 68 35 23
30 5 34 44 46 35 16 64 0 20 38 10 26 59 58 39 12 14 32 27 67 7 42 25 61 15 63 45 33 19 36 49 54 69 56 57 18 1 52 23 50 60 65 24 31 8 68 40 62 4 2 11 21 51 22 43 37 6 55 41 53 29 28 17 9 47 13 66 48 3
2 50 16 7 12 48 67 55 59 37 54 21 28 4 26 31 38 32 20 1 36 46 42 18 15 30 66 3 41 8 35 39 43 57 11 25 14 49 68 5 61 62 44 63 9 0 40 58 24 19 60 52 69 65 34 17 6 56 51 33 22 23 45 29 13 53 27 64 10 47
32 33 63 58 1 35 5 66 6 26 13 64 50 55 39 4 21 28 41 19 48 37 15 40 62 14 38 24 44 36 45 29 2 65 49 12 51 31 68 30 67 52 9 17 42 57 59 47 25 23 11 60 7 54 61 22 0 34 10 43 46 27 20 3 8 16 53 69 18 56
61 60 7 3 30 0 21 69 14 43 11 59 37 28 45 47 44 36 56 51 55 22 9 57 15 8 18 66 62 17 10 4 38 25 53 67 2 26 46 68 58 52 64 23 35 19 63 5 1 41 29 39 27 24 40 32 42 54 49 16 33 50 13 34 48 12 31 20 65 6
37 49 20 50 64 24 44 63 45 26 15 48 32 8 17 9 56 69 46 11 14 1 0 29 42 21 19 34 25 39 40 18 23 54 36 35 7 41 62 43 61 58 65 51 2 68 53 57 67 60 5 27 28 47 31 66 16 55 4 52 10 22 6 30 59 12 33 13 3 38
35 69 25 30 9 33 66 64 45 19 26 2 47 6 11 40 8 44 60 48 20 28 21 56 42 36 5 0 15 32 61 34 31 7 38 53 27 55 68 16 18 22 52 39 58 67 54 14 59 63 4 29 41 1 49 51 46 23 65 57 17 37 10 50 43 12 13 24 62 3
39 36 60 20 24 21 58 3 64 17 0 28 51 49 14 65 68 16 10 53 11 44 32 52 67 18 35 34 41 1 13 43 46 23 29 45 48 62 38 56 12 9 50 5 33 55 27 2 59 63 69 47 6 66 31 30 8 4 54 40 42 61 19 22 25 7 37 57 15 26
62 16 63 9 0 11 45 23 48 4 26 18 30 34 53 5 6 49 17 1 32 43 19 40 7 15 38 47 8 31 35 44 58 21 65 20 3 14 39 29 41 27 60 28 46 67 25 33 37 50 2 56 69 13 54 10 22 66 55 57 68 61 36 42 64 52 12 51 24 59
65 27 5 29 17 3 32 51 21 58 22 41 15 7 18 63 1 23 37 59 46 69 61 62 60 38 64 52 48 67 39 31 24 33 45 47 49 26 43 0 28 13 16 6 66 55 19 50 11 56 35 54 34 14 68 30 10 44 8 20 4 57 2 42 36 40 12 53 25 9
21 6 44 8 11 41 48 60 59 10 27 46 67 43 0 22 66 49 54 39 57 63 56 16 55 69 32 12 53 25 37 18 51 35 65 15 33 1 36 62 2 3 34 52 7 47 61 9 50 38 14 4 30 42 58 64 45 17 28 5 13 40 68 31 24 23 20 29 26 19
35 56 22 28 32 36 33 20 27 44 25 6 2 15 45 18 69 12 21 65 62 23 13 41 3 52 55 26 24 63 43 30 58 16 38 7 19 1 10 50 48 37 14 60 59 9 17 34 64 53 11 5 46 8 66 39 67 54 4 0 40 61 47 49 51 31 57 42 68 29
34 3 66 27 53 8 12 10 5 52 46 24 14 51 4 49 7 25 48 30 65 41 28 33 19 32 37 62 20 64 50 59 56 60 54 1 9 43 17 16 2 67 35 40 44 31 6 23 55 61 39 42 18 22 11 58 45 26 36 68 0 21 15 38 69 57 47 13 29 63
49 14 19 13 25 57 24 31 26 0 59 17 37 51 42 39 68 32 15 8 20 46 41 7 45 63 48 29 30 18 16 50 36 1 34 55 64 56 69 60 43 4 65 44 54 11 35 52 40 22 67 27 53 9 23 5 62 12 61 2 21 47 58 33 6 66 3 10 28 38
26 68 41 19 32 50 45 47 61 52 8 44 35 39 55 63 56 29 64 66 51 22 33 58 67 37 12 42 9 65 14 27 38 21 62 3 69 34 31 1 10 15 4 60 46 28 36 23 18 59 25 17 43 57 24 48 11 40 49 20 54 30 53 16 7 6 13 0 5 2
58 2 31 62 47 23 5 37 49 27 35 19 65 44 54 1 61 56 59 28 34 10 24 36 33 25 42 8 14 32 18 12 9 63 29 60 38 55 4 39 40 57 52 30 16 26 51 64 46 20 22 11 13 15 43 7 66 6 21 0 3 17 41 69 48 68 45 53 67 50
15 61 38 66 55 9 10 52 36 56 25 33 12 16 41 32 62 40 54 39 0 63 27 2 69 60 28 49 13 34 14 7 26 11 58 31 18 19 1 53 65 67 30 24 21 5 3 51 59 37 57 50 47 23 42 17 64 68 6 35 43 45 46 20 29 4 44 8 22 48
43 45 47 6 4 17 68 54 9 65 57 59 10 35 48 55 20 49 7 52 69 28 62 33 25 44 38 46 61 14 24 11 34 3 19 60 8 29 31 30 23 26 41 67 40 56 63 2 50 66 53 1 12 15 21 5 51 58 39 16 18 32 64 13 22 42 36 27 37 0
57 3 5 8 22 19 65 24 14 25 29 64 60 31 28 30 12 13 58 2 59 11 38 67 1 21 49 42 61 6 4 45 54 63 17 50 62 15 32 10 36 16 47 9 18 46 68 23 51 0 66 26 52 35 44 69 33 37 34 40 43 48 20 56 7 27 55 41 53 39
37 43 10 52 57 30 4 23 47 44 33 11 62 8 41 3 24 26 58 9 13 56 45 21 27 19 29 50 7 34 12 22 1 54 48 59 61 42 18 39 0 5 40 15 53 20 35 51 17 66 38 63 14 16 64 67 69 49 25 31 65 46 60 36 28 32 2 55 68 6
11 33 58 6 32 26 45 39 53 8 3 30 4 67 27 22 68 66 23 41 50 15 13 60 65 21 42 12 1 16 5 35 49 25 47 38 56 63 36 61 31 0 43 7 29 37 55 17 40 51 19 52 2 14 62 18 59 54 69 46 24 44 48 9 28 64 10 20 57 34
54 61 24 60 1 27 36 13 12 30 56 28 46 25 35 41 26 55 11 45 39 20 50 44 66 62 65 69 17 67 52 49 29 5 63 38 3 8 6 16 48 14 34 4 7 31 32 42 21 43 37 59 22 53 0 47 15 9 33 18 64 51 58 19 57 10 68 40 2 23
37 24 60 15 68 20 29 19 65 44 12 9 46 50 40 52 32 61 62 28 39 0 67 69 51 45 1 66 33 59 21 7 63 8 53 43 2 42 64 10 18 49 30 56 25 23 11 31 22 27 3 38 54 57 55 5 48 34 14 26 17 36 6 16 41 13 35 4 47 58
