4 42 57 31 52 28 69 24 8 43 61 14 10 47 63 29 1 40 54 15 49 41 67 25 6 44 59 27 11 46 64 26 2 39 55 16 50 45 68 17 7 36 60 19 9 38 62 18 0 34 53 23 13 35 66 22 5 37 58 20 12 33 65 21 3 48 56 30 51 32
68 34 7 42 59 30 10 43 62 31 1 41 53 29 14 40 66 15 5 49 57 28 11 44 63 25 2 47 54 27 50 26 67 16 6 45 58 17 9 36 61 24 0 46 52 18 13 39 65 23 4 38 56 19 12 37 64 22 3 35 55 20 51 21 69 32 8 48 60 33
11 42 63 32 2 47 54 31 50 43 67 30 6 40 58 29 12 41 64 15 3 44 55 28 51 25 68 27 7 39 59 26 9 45 61 16 0 36 53 17 14 46 66 24 5 35 57 18 13 38 65 23 4 37 56 19 52 22 69 20 8 34 60 21 10 48 62 33 1 49
53 31 13 42 66 30 5 43 58 15 10 41 63 29 2 40 55 28 50 14 68 25 6 45 59 27 8 44 61 26 0 47 52 16 12 37 65 17 4 36 57 24 11 46 64 18 3 39 56 19 51 23 69 22 7 38 60 20 9 35 62 21 1 34 54 33 49 48 67 32
6 42 59 32 11 47 64 31 2 43 55 28 51 41 68 29 7 49 60 30 9 40 62 25 0 44 53 27 14 39 66 26 4 45 57 16 13 36 65 24 3 46 56 17 52 19 69 18 8 38 61 23 10 35 63 22 1 37 54 20 15 34 67 21 5 48 58 33 12 50
64 31 3 42 55 30 50 28 68 24 7 43 59 29 9 41 61 14 0 44 52 15 13 40 66 27 5 46 57 26 12 47 65 16 4 45 56 17 51 19 69 25 8 36 60 18 10 39 62 23 1 35 53 22 49 38 67 20 6 37 58 21 11 34 63 32 2 48 54 33
50 47 67 31 6 42 59 30 9 43 61 28 0 41 53 29 13 49 65 15 4 40 57 25 12 44 64 27 3 39 56 26 52 24 69 16 8 45 60 17 10 36 62 19 1 46 54 18 14 38 66 23 5 35 58 22 11 37 63 20 2 34 55 21 51 32 68 33 7 48
59 29 9 42 62 28 0 43 52 31 13 41 66 25 4 40 56 14 12 44 65 24 3 47 55 15 51 27 69 26 7 46 60 19 10 45 63 16 1 39 53 17 49 36 67 18 5 38 57 22 11 34 64 23 2 35 54 20 50 37 68 21 6 33 58 30 8 48 61 32
0 42 53 34 13 43 66 32 5 41 58 31 12 40 65 29 4 49 57 28 52 30 69 25 8 44 61 27 10 47 63 26 2 45 55 16 15 36 67 17 6 46 59 24 11 39 64 18 3 38 56 19 51 23 68 22 7 37 60 20 9 35 62 21 1 48 54 33 14 50
66 30 5 42 57 31 12 43 64 28 3 41 55 24 51 29 69 15 8 49 60 25 10 40 62 27 1 44 53 26 14 47 67 17 6 45 58 16 11 39 63 19 2 36 54 18 50 46 68 23 7 38 59 22 9 35 61 20 0 37 52 21 13 34 65 32 4 48 56 33
12 42 64 34 3 43 56 31 52 32 69 28 8 41 60 29 10 49 62 30 1 40 54 25 15 44 67 27 6 47 58 26 11 45 63 16 2 36 55 24 51 17 68 19 7 46 59 18 9 38 61 23 0 39 53 22 14 37 66 20 5 35 57 21 13 48 65 33 4 50
56 15 51 28 69 24 7 42 60 14 9 43 62 29 1 47 53 13 48 40 66 25 5 41 58 27 10 44 63 26 2 46 54 16 49 39 67 17 6 45 59 19 8 36 61 18 0 38 52 23 12 34 65 22 4 35 57 20 11 37 64 21 3 33 55 31 50 30 68 32
7 42 60 34 10 43 63 32 1 41 54 31 15 40 67 29 5 49 58 30 12 44 64 28 2 47 55 25 51 27 68 26 6 45 59 16 9 36 62 17 0 46 53 24 14 39 66 18 4 38 57 23 13 37 65 19 3 35 56 22 52 20 69 21 8 48 61 33 11 50
63 31 2 47 54 28 49 42 67 14 6 43 58 29 11 46 64 15 3 40 55 25 50 41 68 27 7 44 59 26 9 39 61 16 0 45 52 17 13 36 66 24 5 38 57 18 12 35 65 19 4 34 56 23 51 22 69 20 8 37 60 21 10 33 62 30 1 48 53 32
14 42 66 33 5 43 58 30 11 41 63 31 2 40 55 29 51 28 68 15 7 45 59 25 9 44 61 27 0 47 53 26 13 37 65 16 4 36 57 17 12 46 64 24 3 39 56 18 52 19 69 23 8 38 60 22 10 35 62 20 1 34 54 21 50 48 67 32 6 49
58 30 10 42 63 31 2 47 54 28 50 43 68 29 6 41 59 15 8 49 61 25 0 40 52 27 13 44 66 26 4 39 56 16 12 45 65 24 3 36 55 17 51 19 69 18 7 46 60 23 9 38 62 22 1 35 53 20 14 37 67 21 5 34 57 32 11 48 64 33
3 42 56 31 51 30 68 28 7 43 60 24 9 41 62 29 0 44 53 14 13 40 66 15 5 46 58 27 12 47 65 26 4 45 57 16 52 17 69 19 8 36 61 25 10 39 63 18 1 35 54 23 49 38 67 22 6 37 59 20 11 34 64 21 2 48 55 32 50 33
67 34 6 42 58 30 9 43 61 31 0 41 52 29 13 40 65 15 4 49 56 28 12 44 64 25 3 47 55 27 51 26 69 16 8 45 60 17 10 36 62 24 1 46 53 18 14 39 66 23 5 38 57 19 11 37 63 22 2 35 54 20 50 21 68 32 7 48 59 33
10 42 62 29 1 43 53 28 14 41 66 31 5 40 57 25 13 44 65 30 4 47 56 24 52 15 69 27 8 46 60 26 11 45 63 19 2 39 54 16 50 36 67 17 6 38 58 18 12 34 64 22 3 35 55 23 51 37 68 20 7 33 59 21 9 48 61 32 0 49
52 34 12 42 65 30 4 43 57 31 11 41 64 29 3 40 56 28 51 15 69 25 7 49 60 27 9 44 62 26 1 47 54 16 14 45 67 17 5 36 58 24 10 46 63 18 2 39 55 19 50 23 68 22 6 38 59 20 8 37 61 21 0 35 53 32 13 48 66 33
5 42 58 28 13 43 65 31 3 47 56 24 52 30 69 29 8 41 61 25 10 40 63 15 1 44 54 27 50 46 67 26 6 45 59 17 11 39 64 16 2 36 55 19 51 38 68 18 7 34 60 23 9 35 62 22 0 37 53 20 14 33 66 21 4 48 57 32 12 49
64 31 3 42 55 34 51 30 69 28 8 43 60 29 10 41 62 15 1 49 53 25 14 40 67 27 6 44 58 26 11 47 63 24 2 45 54 16 50 17 68 19 7 36 59 18 9 46 61 23 0 38 52 22 13 39 66 20 5 37 57 21 12 35 65 32 4 48 56 33
52 31 69 28 8 42 60 24 10 43 62 14 1 47 54 29 49 40 66 15 5 41 58 25 11 44 63 27 2 46 55 26 50 39 67 16 6 45 59 17 9 36 61 19 0 38 53 18 13 34 65 23 4 35 57 22 12 37 64 20 3 33 56 21 51 30 68 32 7 48
59 34 9 42 62 30 1 43 53 31 14 41 67 29 5 40 57 15 11 49 64 28 2 44 54 25 50 27 68 26 6 47 58 16 8 45 61 17 0 36 52 24 13 46 66 18 4 39 56 23 12 38 65 19 3 37 55 22 51 20 69 21 7 35 60 32 10 48 63 33
2 42 55 32 15 43 67 28 6 41 59 31 11 47 64 29 3 40 56 30 51 49 68 25 7 44 60 27 9 39 62 26 0 45 53 16 13 36 66 17 5 46 58 24 12 35 65 18 4 38 57 19 52 23 69 22 8 37 61 20 10 34 63 21 1 48 54 33 14 50
66 30 5 42 57 31 11 43 63 28 2 41 54 24 50 29 68 14 7 44 59 15 9 40 61 27 0 46 52 26 13 47 65 17 4 45 56 16 12 36 64 19 3 39 55 25 51 18 69 22 8 38 60 23 10 35 62 20 1 37 53 21 49 34 67 32 6 48 58 33
11 42 63 32 2 47 55 31 51 43 68 28 7 41 59 29 9 49 61 30 0 40 53 25 14 44 66 27 5 39 57 26 13 45 65 16 4 36 56 24 52 17 69 19 8 46 60 18 10 38 62 23 1 35 54 22 15 37 67 20 6 34 58 21 12 48 64 33 3 50
55 15 50 30 68 28 6 42 59 24 8 43 61 29 0 41 52 14 12 44 65 13 4 40 57 27 11 46 64 26 3 47 56 16 51 17 69 19 7 37 60 25 9 36 62 18 1 39 53 23 48 35 66 22 5 38 58 20 10 33 63 21 2 34 54 31 49 45 67 32
6 42 59 34 9 43 62 32 0 41 53 31 14 40 66 29 4 49 57 30 13 44 65 28 3 47 56 25 52 27 69 26 8 45 61 16 11 36 63 17 1 46 54 24 15 39 67 18 5 38 58 23 12 37 64 19 2 35 55 22 51 20 68 21 7 48 60 33 10 50
62 29 1 42 53 28 13 43 66 31 5 41 57 25 12 40 65 24 4 44 56 14 51 15 69 27 8 47 60 26 10 46 63 16 2 39 54 19 49 45 67 17 6 36 58 18 11 38 64 23 3 35 55 22 50 34 68 20 7 37 59 21 9 33 61 30 0 48 52 32
13 42 65 34 4 43 57 32 12 41 64 31 3 40 56 29 52 28 69 30 8 49 60 25 10 44 62 27 1 47 54 26 15 45 67 16 6 36 58 17 11 46 63 24 2 39 55 18 51 19 68 23 7 38 59 22 9 37 61 20 0 35 53 21 14 48 66 33 5 50
57 30 12 42 65 31 3 43 55 28 51 14 69 29 7 47 60 25 9 41 62 15 1 40 53 27 49 44 67 26 5 39 58 16 10 45 63 24 2 36 54 17 50 19 68 18 6 46 59 23 8 38 61 22 0 35 52 20 13 37 66 21 4 34 56 32 11 48 64 33
3 42 56 31 51 34 69 30 8 43 61 28 10 41 63 29 1 49 54 15 14 40 67 25 6 44 59 27 11 47 64 26 2 45 55 24 50 16 68 17 7 36 60 19 9 46 62 18 0 38 53 23 13 39 66 22 5 37 58 20 12 35 65 21 4 48 57 32 52 33
69 28 8 42 60 31 10 47 62 14 1 43 53 29 49 46 66 25 5 41 57 15 11 40 63 27 2 44 54 26 50 39 67 16 6 45 58 17 9 36 61 24 0 38 52 18 13 35 65 23 4 34 56 19 12 37 64 22 3 33 55 20 51 21 68 30 7 48 59 32
10 42 62 34 1 43 54 32 15 41 67 31 6 40 58 29 12 49 64 30 3 44 55 28 51 25 68 27 7 47 59 26 9 45 61 16 0 36 53 17 14 46 66 24 5 39 57 18 13 38 65 23 4 37 56 19 52 22 69 20 8 35 60 21 11 48 63 33 2 50
54 31 49 47 67 28 5 42 58 14 10 43 63 29 2 46 55 15 50 40 68 25 6 41 59 27 8 44 61 26 0 39 52 16 12 45 65 17 4 36 57 24 11 38 64 18 3 35 56 19 51 23 69 22 7 34 60 20 9 37 62 21 1 33 53 30 13 48 66 32
5 42 58 32 12 43 64 31 2 41 55 28 51 24 68 29 7 44 60 30 9 40 62 15 0 46 53 27 14 47 66 26 4 45 57 17 13 36 65 16 3 39 56 19 52 25 69 18 8 38 61 22 10 35 63 23 1 37 54 20 50 34 67 21 6 48 59 33 11 49
63 31 2 47 54 30 50 42 68 28 7 43 59 29 9 41 61 15 0 49 52 25 13 40 66 27 5 44 57 26 12 39 65 24 4 45 56 16 51 17 69 19 8 36 60 18 10 46 62 23 1 38 53 22 14 35 67 20 6 37 58 21 11 34 64 32 3 48 55 33
51 31 68 33 7 42 59 30 9 43 61 28 0 41 53 29 13 45 65 15 4 40 57 25 12 44 64 27 3 47 56 26 52 24 69 16 8 37 60 17 10 36 62 19 1 46 54 18 14 38 66 23 5 39 58 22 11 35 63 20 2 34 55 21 50 48 67 32 6 49
58 34 8 42 61 30 0 43 52 31 13 41 66 29 4 40 56 15 12 49 65 28 3 44 55 25 51 27 69 26 7 47 60 16 10 45 63 17 1 36 53 24 14 46 67 18 5 39 57 23 11 38 64 19 2 37 54 22 50 20 68 21 6 35 59 32 9 48 62 33
1 42 54 29 14 43 66 28 5 41 58 31 12 40 65 25 4 44 57 24 52 30 69 15 8 47 61 27 10 46 63 26 2 39 55 16 50 45 67 19 6 36 59 17 11 38 64 18 3 35 56 23 51 34 68 22 7 37 60 20 9 33 62 21 0 48 53 32 13 49
65 34 4 42 56 31 12 43 64 30 3 41 55 28 51 29 69 15 8 49 60 25 10 40 62 27 1 44 53 26 14 47 67 16 6 45 58 24 11 36 63 17 2 46 54 19 50 18 68 23 7 38 59 22 9 39 61 20 0 37 52 21 13 35 66 32 5 48 57 33
13 42 65 28 4 43 56 31 52 24 69 30 8 47 60 29 10 41 62 25 1 40 54 15 50 44 67 27 6 46 58 26 11 45 63 17 2 39 55 16 51 36 68 19 7 38 59 18 9 34 61 23 0 35 53 22 14 37 66 20 5 33 57 21 12 48 64 32 3 49
55 15 50 31 68 30 7 42 60 28 9 43 62 29 1 41 53 14 13 48 66 25 5 40 58 27 10 44 63 26 2 47 54 24 49 16 67 17 6 45 59 19 8 36 61 18 0 46 52 23 12 38 65 22 4 39 57 20 11 37 64 21 3 35 56 34 51 32 69 33
8 42 61 28 11 47 63 31 1 43 54 30 50 46 67 29 5 41 58 25 12 40 64 15 2 44 55 27 51 39 68 26 6 45 59 16 9 36 62 17 0 38 53 24 14 35 66 18 4 34 57 23 13 37 65 19 3 33 56 22 52 20 69 21 7 48 60 32 10 49
62 34 1 42 53 30 14 43 67 31 6 41 58 29 11 40 64 28 3 49 55 15 50 25 68 27 7 44 59 26 9 47 61 16 0 45 52 17 13 36 66 24 5 46 57 18 12 39 65 19 4 38 56 23 51 22 69 20 8 37 60 21 10 35 63 32 2 48 54 33
50 47 67 31 6 42 58 32 11 43 63 30 2 40 55 29 51 28 68 15 7 41 59 25 9 44 61 27 0 39 53 26 13 45 65 16 4 36 57 17 12 46 64 24 3 35 56 18 52 19 69 23 8 38 60 22 10 37 62 20 1 34 54 21 14 48 66 33 5 49
57 30 11 42 64 31 2 43 54 28 50 24 68 29 6 41 59 14 8 44 61 15 0 40 52 27 13 46 66 26 4 47 56 17 12 45 65 16 3 36 55 19 51 25 69 18 7 39 60 22 9 38 62 23 1 35 53 20 49 37 67 21 5 34 58 32 10 48 63 33
2 47 55 31 50 42 68 30 7 43 60 28 9 41 62 29 0 49 53 15 13 40 66 25 5 44 58 27 12 39 65 26 4 45 57 24 52 16 69 17 8 36 61 19 10 46 63 18 1 38 54 23 14 35 67 22 6 37 59 20 11 34 64 21 3 48 56 32 51 33
68 29 7 42 59 28 9 43 61 31 0 41 52 25 13 40 65 14 4 44 56 24 12 47 64 15 3 46 55 27 51 26 69 19 8 45 60 16 10 39 62 17 1 36 53 18 49 38 66 22 5 34 57 23 11 35 63 20 2 37 54 21 50 33 67 30 6 48 58 32
9 42 61 34 0 43 53 32 14 41 66 31 5 40 57 29 13 49 65 30 4 44 56 28 52 25 69 27 8 47 60 26 11 45 63 16 2 36 54 17 15 46 67 24 6 39 58 18 12 38 64 23 3 37 55 19 51 22 68 20 7 35 59 21 10 48 62 33 1 50
53 29 13 42 66 28 4 43 57 31 11 41 64 25 3 40 56 24 51 14 69 15 7 44 60 27 9 47 62 26 1 46 54 16 49 39 67 19 5 45 58 17 10 36 63 18 2 38 55 23 50 35 68 22 6 34 59 20 8 37 61 21 0 33 52 30 12 48 65 32
4 42 57 34 12 43 65 31 3 41 56 32 52 28 69 29 8 49 61 30 10 40 63 25 1 44 54 27 15 47 67 26 6 45 59 16 11 36 64 24 2 46 55 17 51 19 68 18 7 38 60 23 9 39 62 22 0 37 53 20 14 35 66 21 5 48 58 33 13 50
65 31 4 42 56 30 51 28 69 24 8 43 60 29 10 41 62 15 1 49 53 25 14 40 67 27 6 44 58 26 11 47 63 16 2 39 54 17 50 45 68 19 7 36 59 18 9 46 61 23 0 38 52 22 13 35 66 20 5 37 57 21 12 34 64 32 3 48 55 33
51 31 68 34 7 42 60 30 10 43 62 28 1 41 54 29 14 49 66 15 5 40 58 25 11 44 63 27 2 47 55 26 50 24 67 16 6 45 59 17 9 36 61 19 0 46 53 18 13 38 65 23 4 39 57 22 12 37 64 20 3 35 56 21 52 32 69 33 8 48
60 28 10 42 63 31 1 47 53 14 49 43 67 29 5 46 57 25 11 41 64 15 2 40 54 27 50 44 68 26 6 39 58 16 8 45 61 17 0 36 52 24 13 38 66 18 4 35 56 23 12 34 65 19 3 37 55 22 51 20 69 21 7 33 59 30 9 48 62 32
1 42 54 33 14 43 67 30 6 41 59 31 11 40 64 29 3 45 56 28 51 15 68 25 7 44 60 27 9 47 62 26 0 37 53 16 13 36 66 17 5 46 58 24 12 39 65 18 4 38 57 19 52 23 69 22 8 35 61 20 10 34 63 21 2 49 55 32 50 48
67 30 6 42 58 31 11 47 63 28 2 43 54 29 50 41 68 15 7 49 59 25 9 40 61 27 0 44 52 26 13 39 65 16 4 45 56 24 12 36 64 17 3 46 55 19 51 18 69 23 8 38 60 22 10 35 62 20 1 37 53 21 14 34 66 32 5 48 57 33
12 42 64 32 3 43 55 31 51 28 68 24 7 41 59 29 9 44 61 30 0 40 53 15 14 46 66 27 5 47 57 26 13 45 65 17 4 36 56 16 52 19 69 25 8 39 60 18 10 38 62 22 1 35 54 23 50 37 67 20 6 34 58 21 11 48 63 33 2 49
54 15 49 47 67 30 6 42 59 28 8 43 61 29 0 41 52 14 12 48 65 25 4 40 57 27 11 44 64 26 3 39 56 24 51 16 69 17 7 45 60 19 9 36 62 18 1 46 53 23 13 38 66 22 5 35 58 20 10 37 63 21 2 34 55 31 50 32 68 33
7 42 60 32 10 43 62 28 0 41 53 31 14 40 66 29 4 44 57 30 13 46 65 24 3 47 56 15 52 27 69 26 8 45 61 17 11 39 63 16 1 36 54 25 50 35 67 18 5 38 58 23 12 37 64 19 2 34 55 22 51 20 68 21 6 48 59 33 9 49
61 34 0 42 52 30 13 43 66 31 5 41 57 29 12 40 65 28 4 49 56 15 51 25 69 27 8 44 60 26 10 47 63 16 2 45 54 17 14 36 67 24 6 46 58 18 11 39 64 19 3 38 55 23 50 22 68 20 7 37 59 21 9 35 62 32 1 48 53 33
14 42 66 29 5 43 57 28 12 41 64 31 3 40 56 25 52 24 69 30 8 44 60 15 10 47 62 27 1 46 54 26 50 39 67 16 6 45 58 19 11 36 63 17 2 38 55 18 51 35 68 23 7 34 59 22 9 37 61 20 0 33 53 21 13 48 65 32 4 49
56 34 11 42 64 31 3 43 55 30 51 28 69 29 7 41 60 15 9 49 62 25 1 40 53 27 14 44 67 26 5 47 58 16 10 45 63 24 2 36 54 17 50 19 68 18 6 46 59 23 8 38 61 22 0 39 52 20 13 37 66 21 4 35 57 32 12 48 65 33
4 42 57 31 52 28 69 24 8 43 61 14 10 47 63 29 1 40 54 15 49 41 67 25 6 44 59 27 11 46 64 26 2 39 55 16 50 45 68 17 7 36 60 19 9 38 62 18 0 34 53 23 13 35 66 22 5 37 58 20 12 33 65 21 3 48 56 30 51 32
68 34 7 42 59 30 10 43 62 31 1 41 53 29 14 40 66 15 5 49 57 28 11 44 63 25 2 47 54 27 50 26 67 16 6 45 58 17 9 36 61 24 0 46 52 18 13 39 65 23 4 38 56 19 12 37 64 22 3 35 55 20 51 21 69 32 8 48 60 33
11 42 63 28 2 47 54 31 50 43 67 30 6 46 58 29 12 41 64 25 3 40 55 15 51 44 68 27 7 39 59 26 9 45 61 16 0 36 53 17 14 38 66 24 5 35 57 18 13 34 65 23 4 37 56 19 52 22 69 20 8 33 60 21 10 48 62 32 1 49
53 34 13 42 66 30 5 43 58 31 10 41 63 29 2 40 55 28 50 15 68 25 6 49 59 27 8 44 61 26 0 47 52 16 12 45 65 17 4 36 57 24 11 46 64 18 3 39 56 19 51 23 69 22 7 38 60 20 9 37 62 21 1 35 54 32 14 48 67 33
6 42 59 34 11 43 64 31 2 41 55 32 51 28 68 29 7 49 60 30 9 40 62 25 0 44 53 27 14 47 66 26 4 45 57 16 13 36 65 24 3 46 56 17 52 19 69 18 8 38 61 23 10 39 63 22 1 37 54 20 15 35 67 21 5 48 58 33 12 50
64 31 3 42 55 30 50 28 68 24 7 43 59 29 9 41 61 14 0 44 52 15 13 40 66 27 5 46 57 26 12 47 65 16 4 45 56 17 51 19 69 25 8 36 60 18 10 39 62 23 1 35 53 22 49 38 67 20 6 37 58 21 11 34 63 32 2 48 54 33
50 47 67 31 6 42 59 30 9 43 61 28 0 41 53 29 13 49 65 15 4 40 57 25 12 44 64 27 3 39 56 26 52 24 69 16 8 45 60 17 10 36 62 19 1 46 54 18 14 38 66 23 5 35 58 22 11 37 63 20 2 34 55 21 51 32 68 33 7 48
59 29 9 42 62 28 0 43 52 31 13 41 66 25 4 40 56 14 12 44 65 24 3 47 55 15 51 27 69 26 7 46 60 19 10 45 63 16 1 39 53 17 49 36 67 18 5 38 57 22 11 34 64 23 2 35 54 20 50 37 68 21 6 33 58 30 8 48 61 32
0 42 53 34 13 43 66 32 5 41 58 31 12 40 65 29 4 49 57 28 52 30 69 25 8 44 61 27 10 47 63 26 2 45 55 16 15 36 67 17 6 46 59 24 11 39 64 18 3 38 56 19 51 23 68 22 7 37 60 20 9 35 62 21 1 48 54 33 14 50
66 28 5 42 57 31 12 43 64 24 3 47 55 14 51 29 69 25 8 41 60 15 10 40 62 27 1 44 53 26 49 46 67 17 6 45 58 16 11 39 63 19 2 36 54 18 50 38 68 23 7 34 59 22 9 35 61 20 0 37 52 21 13 33 65 30 4 48 56 32
12 42 64 34 3 43 56 31 52 32 69 28 8 41 60 29 10 49 62 30 1 40 54 25 15 44 67 27 6 47 58 26 11 45 63 16 2 36 55 24 51 17 68 19 7 46 59 18 9 38 61 23 0 39 53 22 14 37 66 20 5 35 57 21 13 48 65 33 4 50
56 15 51 30 69 28 7 42 60 14 9 43 62 29 1 47 53 13 48 40 66 25 5 41 58 27 10 44 63 26 2 39 54 24 49 16 67 17 6 45 59 19 8 36 61 18 0 46 52 23 12 38 65 22 4 35 57 20 11 37 64 21 3 34 55 31 50 32 68 33
7 42 60 34 10 43 63 32 1 41 54 31 15 40 67 29 5 49 58 30 12 44 64 28 2 47 55 25 51 27 68 26 6 45 59 16 9 36 62 17 0 46 53 24 14 39 66 18 4 38 57 23 13 37 65 19 3 35 56 22 52 20 69 21 8 48 61 33 11 50
63 31 2 47 54 28 49 42 67 14 6 43 58 29 11 46 64 15 3 40 55 25 50 41 68 27 7 44 59 26 9 39 61 16 0 45 52 17 13 36 66 24 5 38 57 18 12 35 65 19 4 34 56 23 51 22 69 20 8 37 60 21 10 33 62 30 1 48 53 32
14 42 66 33 5 43 58 30 11 41 63 31 2 40 55 29 51 28 68 15 7 45 59 25 9 44 61 27 0 47 53 26 13 37 65 16 4 36 57 17 12 46 64 24 3 39 56 18 52 19 69 23 8 38 60 22 10 35 62 20 1 34 54 21 50 48 67 32 6 49
58 30 10 42 63 31 2 47 54 28 50 43 68 29 6 41 59 15 8 49 61 25 0 40 52 27 13 44 66 26 4 39 56 16 12 45 65 24 3 36 55 17 51 19 69 18 7 46 60 23 9 38 62 22 1 35 53 20 14 37 67 21 5 34 57 32 11 48 64 33
3 42 56 31 51 30 68 28 7 43 60 24 9 41 62 29 0 44 53 14 13 40 66 15 5 46 58 27 12 47 65 26 4 37 57 16 52 17 69 19 8 36 61 25 10 39 63 18 1 35 54 23 49 38 67 22 6 33 59 20 11 34 64 21 2 45 55 32 50 48
67 34 6 42 58 30 9 43 61 31 0 41 52 29 13 40 65 15 4 49 56 28 12 44 64 25 3 47 55 27 51 26 69 16 8 45 60 17 10 36 62 24 1 46 53 18 14 39 66 23 5 38 57 19 11 37 63 22 2 35 54 20 50 21 68 32 7 48 59 33
10 42 62 32 1 43 53 28 14 41 66 31 5 40 57 29 13 49 65 30 4 44 56 24 52 25 69 27 8 47 60 26 11 45 63 17 2 36 54 19 15 46 67 16 6 39 58 18 12 38 64 22 3 35 55 23 51 37 68 20 7 34 59 21 9 48 61 33 0 50
52 34 12 42 65 30 4 43 57 31 11 41 64 29 3 40 56 28 51 15 69 25 7 49 60 27 9 44 62 26 1 47 54 16 14 45 67 17 5 36 58 24 10 46 63 18 2 39 55 19 50 23 68 22 6 38 59 20 8 37 61 21 0 35 53 32 13 48 66 33
5 42 58 28 13 43 65 31 3 47 56 24 52 30 69 29 8 41 61 25 10 40 63 15 1 44 54 27 50 46 67 26 6 45 59 17 11 39 64 16 2 36 55 19 51 38 68 18 7 34 60 23 9 35 62 22 0 37 53 20 14 33 66 21 4 48 57 32 12 49
64 31 3 42 55 34 51 30 69 28 8 43 60 29 10 41 62 15 1 49 53 25 14 40 67 27 6 44 58 26 11 47 63 24 2 45 54 16 50 17 68 19 7 36 59 18 9 46 61 23 0 38 52 22 13 39 66 20 5 37 57 21 12 35 65 32 4 48 56 33
52 31 69 28 8 42 60 24 10 43 62 14 1 47 54 29 49 40 66 15 5 41 58 25 11 44 63 27 2 46 55 26 50 39 67 16 6 45 59 17 9 36 61 19 0 38 53 18 13 34 65 23 4 35 57 22 12 37 64 20 3 33 56 21 51 30 68 32 7 48
59 34 9 42 62 30 1 43 53 31 14 41 67 29 5 40 57 15 11 49 64 28 2 44 54 25 50 27 68 26 6 47 58 16 8 45 61 17 0 36 52 24 13 46 66 18 4 39 56 23 12 38 65 19 3 37 55 22 51 20 69 21 7 35 60 32 10 48 63 33
2 47 55 31 50 42 67 28 6 43 59 30 11 46 64 29 3 40 56 15 51 41 68 25 7 44 60 27 9 39 62 26 0 45 53 16 13 36 66 17 5 38 58 24 12 35 65 18 4 34 57 19 52 23 69 22 8 37 61 20 10 33 63 21 1 48 54 32 14 49
66 34 5 42 57 31 11 43 63 30 2 41 54 28 50 29 68 15 7 49 59 25 9 40 61 27 0 44 52 26 13 47 65 16 4 45 56 24 12 36 64 17 3 46 55 19 51 18 69 23 8 38 60 22 10 39 62 20 1 37 53 21 14 35 67 32 6 48 58 33
11 42 63 34 2 43 55 31 51 32 68 28 7 41 59 29 9 49 61 30 0 40 53 25 14 44 66 27 5 47 57 26 13 45 65 16 4 36 56 24 52 17 69 19 8 46 60 18 10 38 62 23 1 39 54 22 15 37 67 20 6 35 58 21 12 48 64 33 3 50
55 15 50 30 68 28 6 42 59 24 8 43 61 29 0 41 52 14 12 44 65 13 4 40 57 27 11 46 64 26 3 47 56 16 51 17 69 19 7 37 60 25 9 36 62 18 1 39 53 23 48 35 66 22 5 38 58 20 10 33 63 21 2 34 54 31 49 45 67 32
6 42 59 34 9 43 62 32 0 41 53 31 14 40 66 29 4 49 57 30 13 44 65 28 3 47 56 25 52 27 69 26 8 45 61 16 11 36 63 17 1 46 54 24 15 39 67 18 5 38 58 23 12 37 64 19 2 35 55 22 51 20 68 21 7 48 60 33 10 50
62 29 1 42 53 28 13 43 66 31 5 41 57 25 12 40 65 24 4 44 56 14 51 15 69 27 8 47 60 26 10 46 63 16 2 39 54 19 49 45 67 17 6 36 58 18 11 38 64 23 3 35 55 22 50 34 68 20 7 37 59 21 9 33 61 30 0 48 52 32
13 42 65 34 4 43 57 32 12 41 64 31 3 40 56 29 52 28 69 30 8 49 60 25 10 44 62 27 1 47 54 26 15 45 67 16 6 36 58 17 11 46 63 24 2 39 55 18 51 19 68 23 7 38 59 22 9 37 61 20 0 35 53 21 14 48 66 33 5 50
57 28 12 42 65 31 3 43 55 24 51 14 69 29 7 47 60 25 9 41 62 15 1 40 53 27 49 44 67 26 5 46 58 17 10 45 63 16 2 39 54 19 50 36 68 18 6 38 59 23 8 34 61 22 0 35 52 20 13 37 66 21 4 33 56 30 11 48 64 32
3 42 56 31 51 34 69 30 8 43 61 28 10 41 63 29 1 49 54 15 14 40 67 25 6 44 59 27 11 47 64 26 2 45 55 24 50 16 68 17 7 36 60 19 9 46 62 18 0 38 53 23 13 39 66 22 5 37 58 20 12 35 65 21 4 48 57 32 52 33
69 30 8 42 60 28 10 43 62 31 1 41 53 29 14 47 66 25 5 49 57 15 11 40 63 27 2 44 54 26 50 39 67 16 6 45 58 17 9 36 61 24 0 46 52 18 13 35 65 23 4 38 56 19 12 37 64 22 3 34 55 20 51 21 68 32 7 48 59 33
10 42 62 34 1 43 54 32 15 41 67 31 6 40 58 29 12 49 64 30 3 44 55 28 51 25 68 27 7 47 59 26 9 45 61 16 0 36 53 17 14 46 66 24 5 39 57 18 13 38 65 23 4 37 56 19 52 22 69 20 8 35 60 21 11 48 63 33 2 50
54 31 49 47 67 28 5 42 58 14 10 43 63 29 2 46 55 15 50 40 68 25 6 41 59 27 8 44 61 26 0 39 52 16 12 45 65 17 4 36 57 24 11 38 64 18 3 35 56 19 51 23 69 22 7 34 60 20 9 37 62 21 1 33 53 30 13 48 66 32
