-84 70 -2 -84 67 -3 54 17 16 37
20 95 74 50 53 7 -50 -50 78 -71
8 38 45 39 -55 -32 -1 -40 86 4
85 32 85 -35 -58 -94 -40 79 67 -70
51 -34 -77 57 90 -69 -87 -35 82 -1
54 38 -9 19 -89 88 -21 18 -84 -60
-50 -91 -56 19 82 43 -50 -82 25 1
46 12 99 33 -38 -86 -33 71 96 1
42 -80 88 -34 -91 -20 43 -31 -80 69
26 66 26 -45 -46 -99 43 -90 -80 -40
-8 -63 54 -86 -87 73 -9 37 94 50
91 91 -22 17 31 60 -60 21 41 51
71 26 98 -90 79 71 -3 70 91 -25
-4 -77 -16 96 -86 -94 -71 -55 90 -75
86 -1 0 96 -64 18 -52 65 11 55
93 46 -76 97 -87 49 -79 -70 -39 46
-66 31 85 83 -27 46 96 59 -51 -44
-15 -5 29 55 68 11 -46 18 -30 -62
-95 -69 56 73 27 44 -5 74 91 70
-60 -94 8 0 -14 -2 0 -96 36 40
-41 -3 -62 -11 22 2 98 92 12 0
8 69 -36 98 99 79 -95 58 -21 -30
-52 60 -64 70 25 -45 11 -66 70 -41
13 -27 53 -25 -28 -27 -41 -93 49 -12
-71 -90 44 -37 45 74 -11 82 44 18
79 -59 56 -36 93 13 71 -3 -92 -35
-7 90 -2 56 47 64 -70 4 -76 -42
59 10 9 -57 -60 -65 82 -10 42 66
73 86 -90 -39 -59 66 -62 -5 -4 -89
14 -26 -13 -2 -18 61 -42 67 12 72
-15 -78 23 -18 16 34 -18 -91 -52 23
1 -14 -38 -18 -46 -19 14 99 -52 99
45 -58 97 0 98 64 -8 84 -99 -81
42 -53 -92 33 -66 -37 86 -96 -65 10
-16 -30 -7 35 -35 31 -56 -23 96 56
-89 7 66 -88 97 43 25 -42 31 -42
1 -67 42 -75 20 -99 -7 17 -44 -74
-4 19 35 2 26 80 40 -10 5 -1
24 0 56 29 47 80 52 89 97 99
74 29 -25 -72 41 15 -10 -4 77 -31
0 29 -79 -8 82 -44 28 21 -20 -76
-17 72 42 -89 16 -10 59 -22 30 93
-55 88 -75 54 45 -24 -48 24 -84 27
-89 4 -42 52 16 -29 -63 73 10 10
-82 -49 -26 -28 69 46 46 14 -86 47
0 77 50 -32 80 -71 -7 -7 98 98
79 17 30 0 14 -51 19 62 83 -32
95 21 -79 48 -67 41 98 55 4 -57
41 24 -70 67 -24 10 26 99 1 71
60 -17 54 90 -8 57 87 32 -56 -98
93 3 -32 -10 40 -53 96 -27 -31 -34
-43 -86 -99 -64 39 -80 11 34 93 93
-20 93 81 55 -14 -46 94 -94 14 -89
40 45 97 -58 91 73 -91 -62 -94 -43
-19 -3 27 44 -56 -55 82 -17 -63 9
13 -22 -28 86 -20 26 91 -86 3 4
67 -92 -19 -27 -31 -4 -16 69 -45 10
-93 92 -1 -63 -90 -77 -10 -80 -36 -69
27 0 54 -25 9 -24 -21 -26 -40 -40
28 -17 -62 10 99 11 -70 57 -44 99
95 -89 71 -27 -21 56 60 50 -98 50
-73 -7 24 -30 -41 -63 68 -63 11 51
11 40 -95 85 94 -98 -88 -88 51 -59
32 -65 7 40 70 25 3 -21 -41 -19
92 81 40 -23 36 -2 70 23 46 -36
-20 68 12 -24 15 -61 77 -67 2 70
91 56 -41 -82 86 2 21 -23 60 -59
44 -63 59 51 -20 -51 -32 -55 -54 97
21 -66 -26 87 -16 84 -21 -64 -52 23
17 55 99 64 1 81 -41 32 73 -2
79 -2 -54 2 32 -26 38 59 78 7
-51 17 7 -91 31 -5 81 69 76 88
47 14 -95 88 -7 -23 78 63 93 -9
-51 -55 77 -26 5 -71 -94 6 47 25
17 0 98 32 -82 15 -54 -87 -83 95
57 -12 -14 22 -68 -65 -37 -64 -72 90
54 -27 87 60 29 -99 88 -43 21 39
27 72 -13 4 -42 -51 -33 -40 -55 22
56 -65 -3 98 34 34 -27 -72 21 21
-49 68 -20 44 -53 -96 81 95 -96 -14
-16 32 74 8 57 79 -69 -12 -26 -21
-4 85 -61 18 -5 -24 -16 89 -48 -10
93 -60 29 -74 -78 38 57 -81 -46 -87
18 -10 38 -86 -6 82 -74 -74 -50 -18
97 -94 -77 -29 -12 -11 10 59 94 -76
94 -71 -94 -99 51 17 -27 -44 -43 0
98 91 -19 97 -29 -17 32 97 67 -97
30 1 -46 -35 -19 78 10 -15 2 57
-61 49 97 40 75 -32 -15 65 -37 -14
-14 -3 -91 87 0 79 -57 6 -41 87
95 -33 35 99 74 -35 -12 -52 88 -39
-84 55 42 88 -40 -18 0 95 -34 79
74 96 85 -51 -72 -41 71 -25 -51 -59
-6 -8 95 7 90 44 46 34 62 76
83 -35 14 76 19 83 -51 -23 75 23
57 89 67 61 29 -15 -37 -11 55 -2
-29 -23 -75 33 26 34 -90 37 26 77
61 23 -66 46 28 41 52 30 35 12
-96 58 -6 64 -20 -92 99 89 62 11
78 15 82 -62 39 -80 82 -88 -3 -81
