-46 37 40 -26 -54 88 18 -9 -2 -81
86 -20 17 90 -18 -23 61 -18 4 66
-69 62 27 -42 12 -46 -18 71 -96 30
90 -19 -90 59 -84 -96 38 -4 -54 16
-10 -57 -55 7 84 -87 92 -29 20 -33
-36 -78 -55 88 39 79 -23 95 10 -80
-17 8 -64 -18 -26 67 -43 -60 -90 7
92 66 -34 78 98 -54 -84 48 42 26
-71 -58 -21 -36 14 -55 56 -64 96 -52
40 -32 57 -59 71 -5 -62 62 34 72
-75 35 -74 37 72 17 -4 -92 37 99
-51 -17 -69 74 -82 -95 -31 -71 -17 2
-54 73 14 80 -13 -17 89 -59 -98 -60
76 -39 -18 31 -61 -26 -35 29 27 74
20 16 -25 42 80 82 -38 -49 96 -78
6 49 48 -69 -57 54 -51 -6 16 -8
-19 58 -9 35 -24 -23 70 -82 3 32
-11 84 -48 0 -96 63 24 -85 52 71
88 -78 47 -13 -84 -7 74 12 84 -37
-72 -46 -98 8 48 76 83 17 43 69
23 83 -75 -16 85 -18 -31 78 28 86
-54 9 -63 75 45 -48 25 6 -49 -64
50 75 66 -60 90 60 -18 -70 -9 93
75 -17 -86 48 64 -10 74 -29 52 -70
-96 -97 95 -7 -56 -62 78 -62 94 67
-3 41 39 -39 -79 -68 -74 78 -59 -96
-7 13 13 70 -11 -97 10 -85 -81 17
-87 28 -50 -59 -98 -41 39 6 19 42
66 32 7 69 -92 69 46 -6 23 -79
85 -15 11 55 -41 98 68 31 -14 -17
-7 -40 -43 -79 7 -2 -29 -69 83 -81
-49 -55 -94 -11 65 -95 38 14 61 -1
89 -49 29 38 -80 54 -71 35 26 -64
-25 69 43 72 -20 71 45 -13 23 -5
45 3 -68 1 23 -29 76 -82 -88 -72
8 81 27 55 -85 -18 26 -23 -61 15
59 21 -8 92 52 56 -86 15 94 47
0 99 89 -5 86 -69 28 65 4 67
35 6 -43 29 -43 90 -22 44 60 -85
-15 -75 32 82 -57 -89 24 27 92 -50
65 84 37 -80 -72 33 -5 32 -21 68
28 96 -44 -53 -83 96 -21 29 9 -35
-62 -7 -24 -20 81 45 50 -40 27 -81
4 -37 59 -96 -72 10 49 -53 81 93
48 -15 -65 -34 -13 -10 94 11 38 -43
-60 7 -71 78 30 24 18 -27 28 -84
-62 47 33 67 0 50 21 -12 95 69
0 -65 44 -71 75 6 -32 -9 -65 -12
-29 91 14 -62 16 -34 14 21 59 -11
17 48 38 92 -55 -45 87 -45 30 -41
53 -29 -42 -24 60 52 71 -61 -88 -85
58 -50 0 40 44 -6 -54 88 -46 95
-75 36 -14 -48 -45 -17 -37 -6 2 31
99 69 22 -21 4 -59 -91 35 96 3
-21 82 -28 22 85 33 28 2 2 81
-45 45 15 -83 -97 -26 31 -66 6 -82
0 23 85 -17 -97 84 55 37 -57 58
9 -10 -75 -55 10 15 49 88 2 -76
-90 -67 -37 -59 45 17 30 -51 -61 -68
4 -8 23 -45 15 67 -87 95 73 85
-66 99 -11 76 -50 70 15 -41 -75 69
62 -36 98 -32 -64 10 -37 84 -58 95
91 97 -83 62 61 32 -38 30 -10 71
84 -41 98 -75 -29 -71 -38 69 9 -99
-99 62 98 88 19 81 -59 -31 -34 -80
-17 53 -57 47 84 82 2 86 -20 24
-95 13 19 2 -67 -53 -39 56 -71 2
-34 -83 98 -98 -20 90 -29 71 10 -24
32 -15 -91 80 -80 -22 7 49 -70 94
-28 3 -88 82 0 -5 60 6 -48 98
-80 -65 -47 -78 -44 95 -83 36 -40 66
-98 -2 71 0 62 -18 -99 10 24 85
28 -38 67 20 62 -86 65 -73 -63 90
37 -64 66 56 55 22 47 -95 -12 -52
55 92 26 39 45 4 -58 -72 -44 25
73 -39 17 92 71 4 -33 71 -47 27
40 -59 -78 15 -39 -52 -65 0 -2 99
-9 -85 1 21 94 -5 -63 -29 -13 -52
94 -10 -9 -44 86 -91 -73 2 28 -92
10 -56 -67 0 6 -46 98 -54 70 68
92 41 15 30 71 -22 -89 36 91 4
40 83 52 78 -21 54 26 22 -51 -56
-5 76 15 -91 -26 -27 -76 8 -53 -70
-70 -24 -36 98 -55 89 -91 -27 8 21
55 -97 -41 61 -80 80 -54 -16 -98 -13
51 -32 89 -43 -62 -42 60 48 61 -58
6 -80 79 14 83 28 -16 -32 12 -91
3 82 16 -3 51 -79 -84 29 -68 -94
80 -70 -96 92 23 -66 74 99 3 -70
23 -44 15 65 -16 73 -34 43 55 98
97 -64 94 -10 44 0 -98 -46 58 -35
-35 -78 59 22 -13 53 -26 30 -41 95
-89 35 42 -47 56 -31 -79 66 55 3
-69 73 -44 43 -86 18 -89 -43 -45 11
10 67 95 -63 -1 52 -28 6 44 -82
-64 95 -40 -69 30 69 35 89 43 -95
-57 -39 -1 89 53 -5 -31 50 -44 -80
-55 34 75 -61 81 -13 -46 -10 52 -63
80 51 -24 -55 -45 19 -42 -94 38 -24
48 -27 26 -39 37 -15 17 -98 79 -24
