38 79 -89 -65 -54 -88 -82 89 -37 -13
30 -33 -28 -15 18 -87 97 -44 18 93
-4 1 90 19 -92 37 -11 62 -92 22
45 80 -46 -64 -3 -88 -64 90 84 -82
-32 -32 26 -59 60 -43 79 30 45 98
-19 -89 -89 69 95 11 -88 -49 -4 -29
8 8 -11 -82 52 -77 55 61 97 -46
3 36 -75 -4 -85 73 34 -65 -53 -44
31 -73 -10 -47 -16 13 -74 -12 59 -97
50 25 -70 -51 -70 70 -23 43 62 -25
12 -16 30 -42 -60 -39 11 -55 12 24
-51 -26 59 46 86 94 87 14 0 -35
31 16 -9 2 2 79 -20 83 88 1
50 -8 89 47 15 -40 -92 58 71 11
-1 -49 60 94 -96 75 -73 -60 62 -33
15 -29 75 54 -28 76 -69 -98 18 81
-29 2 -83 -70 85 81 -98 -44 87 11
-31 -4 65 -78 -64 -61 -96 -3 -82 -10
-93 75 63 51 -68 -72 72 -18 -64 55
65 46 55 -35 -52 16 -86 54 -81 87
-13 46 -80 14 19 32 22 99 15 86
24 11 -95 -34 61 -30 -85 23 -81 54
61 69 39 48 -91 69 -67 -84 64 -97
-89 96 -21 9 1 47 -70 -43 4 45
52 95 76 -11 -40 11 -81 93 -13 21
4 -38 90 -67 79 -5 -24 -87 -38 -17
-12 -69 38 -12 72 -36 77 97 -16 94
-84 55 23 57 60 -64 -94 -93 -32 38
58 28 4 -88 -20 37 0 -24 13 -45
-64 64 -8 -64 -99 -47 37 -22 -3 79
38 -7 37 18 26 17 86 -46 87 37
11 -89 -85 -16 -61 7 81 -77 28 96
-30 -24 -57 45 -95 -15 -14 -37 -66 56
-81 17 34 58 27 78 -71 54 -35 15
65 9 75 88 1 72 -32 -53 -8 -42
80 -10 -69 92 5 -33 33 -11 17 -90
-27 -93 57 36 67 -69 92 -82 -32 48
53 42 -83 -34 -35 -91 6 -65 32 14
-7 -9 53 -34 -95 70 -6 -68 30 -71
1 -78 -17 56 -28 85 -62 -46 69 -38
-80 31 19 61 51 -79 -52 -1 56 -48
-41 29 63 69 -48 -40 35 -59 76 -99
-40 79 -91 -42 86 72 74 79 97 -57
41 -49 -68 -79 -41 0 19 -75 -82 -83
-8 -57 38 -74 -80 71 -78 -15 86 -10
-50 23 12 3 -82 99 73 -22 -84 -77
11 -31 29 91 8 17 -66 -89 42 -28
70 92 16 -64 -81 14 65 -15 82 56
-33 -26 -18 -78 -69 -85 -9 -5 -29 97
-2 -23 -58 -20 89 25 -54 2 39 99
19 -7 -60 82 -97 -50 0 2 87 -81
-19 -72 -58 71 92 22 51 -62 21 -84
-24 78 -73 -1 -56 63 -1 -85 82 -14
71 -77 42 19 5 51 -40 24 -96 78
93 88 -27 75 -29 -26 95 73 -20 97
27 -87 95 -25 -36 -98 -90 -19 61 43
-73 -85 -54 -83 9 34 -23 54 -55 -71
26 -61 29 -55 66 -13 52 -59 -80 5
-38 -54 70 98 -19 4 -19 -57 26 -1
19 -54 -44 12 31 88 66 -39 -3 59
-93 54 55 37 -21 12 19 -36 53 9
-72 -36 -87 -23 -80 83 -26 6 13 -43
-72 45 -47 -57 54 77 37 7 17 -35
58 -59 -80 53 90 -6 7 -15 71 -95
-24 46 64 63 -77 -92 -28 98 -8 -60
2 39 -83 85 -96 -30 -74 77 -50 1
-78 6 70 91 34 78 4 65 33 -48
-78 -95 95 -61 77 -88 -57 91 -32 -72
-10 -64 -15 -55 -66 -88 51 38 -22 -61
-29 69 -28 87 -41 84 97 -13 96 -72
-2 -5 -79 84 77 -37 68 -54 -80 -33
25 -38 91 -22 30 -13 1 -30 74 68
84 -30 -95 29 -61 2 34 -94 6 -73
-99 -10 57 60 -24 4 8 -3 -45 71
-88 -12 6 -13 91 -4 86 86 -15 -5
39 -18 57 -73 15 -63 -90 61 -34 97
70 87 -41 13 58 -90 13 -21 4 -97
16 51 -98 95 -13 12 -2 -32 27 25
11 78 -20 69 32 -20 -48 0 35 -17
-2 2 -81 -49 -61 -98 81 -29 -94 21
16 -16 78 -84 -71 62 -19 -16 -57 18
14 -19 96 31 -11 64 49 28 69 90
47 54 89 23 45 -92 -64 -41 99 61
-83 -57 51 85 -96 -88 -76 5 -35 -46
-76 46 24 -28 99 -66 55 54 -71 -6
40 26 -90 79 72 40 96 -12 42 -7
-25 49 -69 21 -89 -83 34 80 -11 -95
43 -53 -50 -54 48 -51 62 14 -52 8
-55 40 28 -15 70 42 60 25 -15 22
13 -44 58 29 -20 -89 -70 -38 -76 91
-96 -30 36 -20 -37 18 90 -41 -57 -42
67 2 -4 -6 -70 -29 -31 79 0 99
-79 59 71 -64 -50 19 -13 22 -29 24
-89 96 -83 -13 7 -71 -81 -82 -54 -98
18 63 24 1 5 -84 32 8 84 3
-9 90 -75 20 -63 -24 82 37 5 66
-24 -47 -41 -64 -23 60 23 53 -48 40
-72 -13 67 -52 66 -80 -80 -1 -83 60
-34 -48 23 84 -93 46 92 67 0 82
-88 -23 -96 25 -85 -63 -69 30 28 32
