35 38 41 42 1 47 111 74 75 64 95 33 16 24 32 71 11 76 120 55 93 13 83 98 97 119 10 61 36 69 104 115 29 70 80 121 14 0 20 106 58 84 105 126 9 118 48 81 82 108 123 37 66 15 85 94 60 46 2 4 72 30 3 44 116 7 102 39 122 92 57 25 107 23 40 62 21 59 77 31 110 27 52 49 114 51 6 28 67 117 125 45 86 88 54 96 18 91 78 22 65 56 53 99 8 109 5 87 101 19 12 68 34 112 50 73 100 17 26 90 113 103 63 79 43 124 89
46 5 56 70 20 107 16 78 94 96 34 43 33 11 15 89 63 115 3 117 27 21 22 98 60 6 90 100 82 126 92 125 69 41 71 65 36 79 101 73 1 76 104 84 10 13 40 0 4 120 47 72 19 114 122 54 91 35 99 23 9 53 68 111 88 29 108 52 67 30 50 86 25 75 37 49 105 62 31 74 24 119 44 39 83 64 123 103 87 26 102 58 85 116 109 81 51 93 118 110 124 32 80 18 61 17 106 7 55 95 14 8 121 42 97 112 59 45 38 113 12 28 77 48 57 66 2
13 69 106 20 59 107 90 89 78 110 2 54 18 55 5 30 25 80 94 46 9 52 67 70 63 101 15 74 22 103 76 109 17 125 47 56 45 122 95 23 85 86 88 14 37 81 120 72 4 19 111 10 77 40 105 60 28 50 43 48 29 26 61 71 112 24 7 33 8 42 38 108 6 118 100 36 97 126 12 104 44 53 58 102 98 57 75 64 83 116 119 123 34 113 73 11 68 49 96 51 91 114 117 32 27 79 124 62 41 121 99 84 39 31 65 87 16 115 1 93 3 0 35 82 66 92 21
40 0 64 6 97 31 95 28 35 87 99 71 89 20 18 4 72 15 109 88 94 76 92 24 26 2 1 48 62 67 30 10 8 119 121 52 78 9 58 74 102 22 82 70 19 108 81 7 96 80 49 68 33 59 63 43 112 14 17 39 36 37 32 51 50 90 11 103 107 104 126 117 13 75 101 125 44 42 115 23 38 61 124 118 16 110 105 116 85 57 69 21 56 47 86 41 12 120 83 113 122 54 66 27 5 100 55 93 98 29 3 77 106 79 46 111 25 123 91 60 45 53 73 114 84 34 65
28 33 103 77 58 109 44 126 88 101 59 61 30 55 67 27 74 120 99 113 111 10 95 18 62 80 23 118 2 105 14 117 83 68 17 60 16 15 76 96 106 71 26 50 13 90 125 114 12 21 100 8 22 94 40 119 31 56 104 1 53 37 54 121 66 65 92 91 42 82 57 39 5 4 6 43 19 87 46 81 52 48 24 34 47 84 124 79 93 51 63 86 89 98 20 69 64 78 41 38 73 36 75 116 112 107 70 122 25 9 35 110 102 29 72 0 115 3 97 123 49 45 85 7 108 11 32
52 23 126 22 51 109 125 75 46 20 108 101 98 37 121 70 1 53 42 10 60 93 48 117 45 2 26 41 69 25 16 0 86 115 67 33 103 114 63 102 92 123 62 65 74 107 30 14 3 95 36 71 35 77 124 111 43 29 73 28 120 94 80 61 56 4 112 105 100 9 24 13 58 85 34 72 31 106 104 7 27 15 99 47 21 78 79 8 119 66 6 12 54 113 40 49 18 32 39 97 11 87 76 55 118 57 19 116 88 122 110 82 89 96 90 38 81 68 91 17 83 5 50 64 59 84 44
43 75 82 98 39 118 19 25 71 100 64 17 2 113 35 22 49 11 59 21 36 117 90 47 14 97 62 103 70 105 61 88 73 3 60 45 104 67 46 32 28 69 112 31 55 42 83 85 26 23 107 77 44 79 29 7 6 65 53 48 33 126 54 115 27 81 74 99 38 68 16 89 4 12 20 122 119 13 91 0 34 18 86 40 52 124 125 92 37 109 5 24 66 63 87 56 76 51 50 110 78 84 102 80 120 95 30 123 93 9 57 116 1 15 108 10 106 72 96 58 94 121 41 111 114 8 101
76 12 95 22 73 88 89 118 103 82 33 34 108 107 64 97 41 81 55 93 46 121 49 92 53 9 17 60 117 75 20 124 90 54 56 23 69 109 32 71 50 79 42 10 30 18 125 105 96 77 80 65 119 78 43 28 98 70 52 4 66 24 116 91 113 39 7 61 48 74 1 99 25 102 29 110 16 120 19 2 11 106 14 111 6 47 104 100 13 115 114 57 112 38 8 62 67 35 3 59 101 86 123 83 85 31 27 5 94 63 44 36 84 26 58 40 45 126 37 15 21 68 0 122 87 51 72
126 58 97 65 109 42 106 21 51 27 99 91 98 120 41 111 117 59 116 12 43 118 100 31 23 38 40 82 79 26 46 90 67 103 104 96 125 45 16 17 4 24 94 92 7 53 0 74 44 114 85 39 84 68 115 37 72 95 36 122 108 25 6 113 124 13 22 48 76 49 69 77 19 75 11 14 55 1 63 107 105 86 93 80 101 81 119 57 88 121 30 29 10 20 9 33 3 2 34 70 15 71 54 64 87 73 83 62 32 61 56 78 8 123 35 110 50 47 89 102 66 5 112 60 18 52 28
93 28 45 7 37 117 73 47 106 84 17 36 86 71 79 2 81 48 94 62 110 6 22 49 23 20 88 90 72 29 3 39 25 114 27 76 125 4 108 59 40 54 19 102 89 42 46 5 61 103 104 95 70 43 118 77 35 109 16 50 11 21 74 120 14 53 15 51 1 13 60 12 9 57 41 58 83 38 124 68 82 121 69 65 31 80 78 116 55 56 44 123 115 30 67 98 126 91 97 105 87 26 33 99 119 96 10 85 63 113 52 32 122 107 34 18 0 101 8 112 111 100 75 24 64 66 92
43 89 97 81 65 91 23 61 66 82 109 38 25 31 115 120 101 55 64 34 12 9 40 62 56 98 99 126 28 4 8 2 48 33 113 106 46 93 21 118 49 76 20 90 15 14 124 27 1 119 108 67 59 13 58 111 95 47 69 85 41 78 105 117 107 87 75 63 7 5 32 122 22 72 125 70 110 50 51 68 45 116 123 79 17 53 29 114 54 18 84 80 112 103 0 19 77 73 104 11 92 10 16 37 44 35 24 102 52 60 86 121 100 88 57 26 71 36 6 74 83 96 3 30 39 42 94
74 103 99 3 50 55 4 33 66 85 117 118 126 98 68 17 111 45 90 52 9 94 114 112 110 102 1 43 49 125 80 76 83 14 51 122 38 67 91 59 62 30 21 71 13 35 123 100 8 40 70 56 6 77 120 11 61 7 16 64 10 93 109 89 101 23 81 69 84 27 97 0 44 20 79 78 25 72 48 26 53 31 2 5 18 92 47 119 24 113 32 63 116 22 88 39 41 87 73 95 107 124 121 46 19 12 60 106 58 28 15 82 37 54 65 34 29 115 105 57 42 36 104 75 96 86 108
102 100 26 82 91 22 76 5 97 11 55 124 75 123 105 3 44 87 39 54 30 2 110 96 92 27 77 118 57 38 69 59 24 109 66 16 36 114 72 63 46 78 21 51 29 60 12 47 13 88 115 93 86 71 101 107 108 90 58 61 8 20 68 122 94 19 42 106 34 112 40 1 121 23 41 25 83 6 89 104 14 126 85 48 49 10 17 84 45 9 62 119 7 70 65 28 98 103 73 125 18 15 116 67 37 81 35 95 117 52 111 43 4 50 0 79 80 56 64 74 53 32 99 33 120 113 31
19 126 53 35 34 9 58 0 73 17 92 125 42 12 108 25 5 43 63 27 18 107 50 55 91 22 105 72 99 32 119 123 65 102 114 49 54 81 69 13 67 8 116 89 115 104 31 124 88 75 15 62 44 113 23 106 101 26 85 10 16 36 112 109 28 29 20 96 80 45 87 47 86 1 41 7 11 82 93 60 78 76 97 37 24 121 38 120 100 98 74 103 61 30 59 117 3 52 14 6 21 90 33 51 94 118 95 39 84 4 66 70 111 56 79 110 48 122 64 46 2 68 40 57 83 77 71
111 20 73 124 95 79 112 65 32 71 6 41 22 90 53 14 104 121 118 3 44 88 46 45 9 115 58 8 49 92 38 84 39 24 55 50 19 23 67 2 122 81 119 30 103 110 40 47 33 87 107 43 18 108 89 35 21 51 36 98 96 4 86 29 7 102 105 77 31 64 17 99 57 69 1 80 76 120 123 72 12 94 42 48 126 74 68 106 26 56 116 113 5 59 125 16 52 93 82 101 0 25 60 28 54 85 78 63 66 117 62 97 34 15 100 11 27 75 37 13 91 109 61 70 114 10 83
71 24 77 69 89 109 47 105 96 13 55 31 106 82 107 7 97 38 28 29 85 121 39 120 117 112 75 125 108 35 76 12 25 122 20 80 104 87 68 65 115 5 6 74 9 43 64 110 101 30 21 79 40 92 100 4 27 1 93 49 116 2 51 81 48 67 50 15 54 98 26 86 53 19 59 123 66 124 34 57 83 102 0 113 78 32 118 91 61 46 94 22 23 45 14 70 88 60 52 37 36 90 41 33 114 119 10 103 44 42 63 58 73 11 126 3 99 84 111 62 8 18 95 72 16 56 17
41 73 118 94 82 11 56 43 37 44 119 122 97 123 15 96 104 18 75 38 20 112 102 2 67 65 1 7 105 80 98 58 76 115 24 60 52 85 9 111 86 17 121 5 23 124 21 31 25 69 99 40 53 90 107 110 64 47 29 120 66 48 57 106 117 42 4 8 51 61 14 35 71 87 16 89 92 3 125 77 6 72 13 46 28 114 100 36 32 81 49 63 59 34 50 113 109 39 108 70 95 88 45 30 12 83 93 116 10 54 78 26 55 22 62 103 68 79 101 27 126 0 19 74 33 91 84
110 51 11 33 87 25 106 17 108 92 103 73 39 76 126 23 78 55 82 48 79 118 32 27 123 84 1 115 40 100 88 96 12 83 89 105 107 19 114 35 7 34 101 47 29 43 111 26 22 91 62 6 85 14 70 0 68 74 120 28 3 31 58 90 45 77 20 52 42 71 104 9 63 53 56 86 66 65 44 60 18 116 8 125 122 121 112 10 59 41 113 64 117 38 50 2 24 54 49 5 69 102 81 124 95 75 15 37 72 97 93 30 21 13 61 36 109 16 94 4 98 57 80 99 119 67 46
2 111 93 101 84 121 58 100 124 75 50 92 117 7 19 3 108 104 55 74 80 52 34 28 66 110 112 89 15 106 40 79 69 105 11 73 53 46 70 97 4 123 5 81 82 95 13 62 83 118 67 115 72 6 37 71 48 44 16 61 54 32 31 9 25 42 90 77 94 17 109 60 23 20 65 63 87 56 116 99 26 85 107 125 96 57 49 21 98 78 41 113 14 30 88 39 120 0 22 59 18 29 43 8 36 24 103 76 114 35 126 51 122 102 38 86 12 91 27 64 47 1 119 33 10 68 45
83 11 34 100 68 16 44 92 93 20 116 82 23 120 80 101 118 110 69 104 97 51 60 61 102 17 4 1 29 14 117 115 73 96 57 33 53 0 18 47 111 107 28 35 63 91 52 77 126 124 85 27 89 40 105 37 43 123 64 58 59 9 6 45 5 13 41 22 12 109 50 84 19 2 26 15 48 66 54 39 3 86 76 75 62 94 78 42 49 87 79 108 21 36 81 8 32 46 114 113 121 90 88 95 10 25 67 55 31 112 125 99 7 65 56 38 122 103 98 24 71 119 70 106 74 30 72
59 88 81 95 24 97 105 28 121 11 91 12 53 22 108 45 7 20 10 60 4 58 18 35 70 123 16 120 71 63 15 83 36 21 40 69 116 30 52 89 5 41 118 110 80 73 79 72 25 109 39 107 1 87 122 93 64 78 6 19 34 31 126 117 57 96 84 102 100 32 54 26 82 38 51 90 17 23 94 119 27 77 99 67 42 48 75 55 111 47 103 46 114 65 50 124 86 101 62 125 29 0 3 13 33 56 14 106 66 8 115 85 37 43 2 92 104 68 98 112 113 44 76 74 61 49 9
14 108 81 91 82 52 51 20 125 48 104 13 101 95 22 46 15 32 56 90 37 1 87 89 117 71 11 105 4 93 66 118 102 85 42 86 92 110 40 59 94 113 3 31 121 111 34 63 72 8 98 35 29 124 23 25 55 2 49 115 7 6 57 64 21 65 100 120 61 69 43 19 33 41 83 74 112 103 16 68 70 99 58 79 44 97 116 24 84 96 77 36 75 114 47 54 18 62 5 106 80 78 26 122 39 53 109 67 60 27 119 73 50 88 38 45 123 107 9 30 10 28 17 0 76 12 126
84 47 112 42 122 109 16 24 117 111 115 28 32 80 23 97 123 74 120 96 110 21 35 44 20 125 36 67 29 51 8 63 57 55 107 101 43 2 113 27 62 71 77 103 53 0 5 116 85 56 65 7 49 3 76 66 87 121 89 88 73 54 102 100 70 119 59 14 106 124 72 17 58 81 79 64 92 1 93 69 41 22 4 40 114 18 48 11 33 86 15 90 118 19 99 12 39 26 82 94 75 50 9 61 52 126 34 108 37 46 91 13 83 98 95 104 60 25 78 68 38 6 105 10 45 31 30
41 58 84 27 109 23 80 114 17 112 61 6 111 126 20 48 25 94 57 117 33 91 45 121 37 69 9 24 88 39 115 100 87 78 82 1 65 90 86 77 73 83 70 66 64 71 108 28 60 95 49 89 40 36 2 13 79 68 10 51 97 35 7 46 120 106 22 63 81 59 102 75 107 56 105 32 47 52 0 119 103 34 72 55 5 21 18 104 38 54 14 110 12 19 8 98 16 85 31 42 67 11 44 96 43 29 3 101 122 124 113 123 118 30 53 92 50 99 26 74 4 76 93 116 15 62 125
91 77 120 21 56 82 7 0 66 47 107 26 6 32 63 11 97 3 33 111 93 96 52 121 27 65 14 55 117 44 78 5 100 15 39 112 89 59 50 45 92 68 8 23 19 25 58 51 84 101 110 74 88 12 79 72 9 29 43 103 106 116 22 75 13 126 54 37 123 53 17 95 73 24 80 31 76 36 60 124 102 105 125 1 40 122 113 46 109 94 67 48 4 10 41 115 35 119 2 83 86 81 98 18 71 38 49 64 99 20 104 90 70 28 34 69 61 16 42 114 118 30 57 87 85 108 62
52 73 1 80 112 60 106 101 72 9 44 66 77 74 42 111 89 113 105 86 88 65 118 62 63 96 32 69 25 61 114 11 5 39 120 124 24 21 37 10 122 110 15 28 78 70 81 83 100 93 54 30 27 103 8 22 12 92 57 97 3 84 125 85 108 123 109 67 59 19 58 36 34 40 0 87 49 50 17 47 20 82 95 6 46 38 76 31 79 99 13 26 53 7 75 107 14 116 117 102 35 4 18 41 126 98 121 68 48 64 90 51 91 56 115 2 119 94 55 104 33 29 43 23 45 71 16
76 106 125 45 34 97 77 103 13 20 115 35 3 23 91 16 0 1 70 118 87 60 89 55 56 57 4 43 46 52 69 47 105 54 61 112 40 113 32 121 67 111 80 84 90 48 27 124 108 107 92 122 38 59 73 33 50 119 65 14 2 83 7 42 110 25 8 78 94 41 74 51 72 53 18 109 28 10 126 9 17 95 6 93 98 104 79 36 99 114 82 100 49 26 75 120 85 11 29 62 15 31 21 5 63 44 58 37 116 88 86 68 101 81 30 24 22 123 71 19 39 64 12 96 117 102 66
3 51 101 80 68 71 33 48 106 85 15 28 82 67 5 37 53 114 31 112 43 25 34 90 16 99 30 20 4 95 98 17 84 91 47 72 107 36 88 60 105 35 59 61 23 58 110 117 96 124 123 94 26 116 69 11 32 24 64 22 62 103 2 45 10 49 55 97 122 63 6 79 119 54 77 0 125 40 113 81 66 65 44 108 83 93 21 14 87 102 74 111 75 38 118 86 8 56 12 70 27 41 9 1 121 120 13 126 76 7 115 57 78 89 100 42 46 39 52 18 50 73 104 92 109 19 29
89 7 118 98 94 60 108 1 86 69 42 96 124 14 72 24 52 87 30 32 125 21 100 76 22 73 85 47 54 26 16 48 11 110 50 29 43 120 121 122 105 36 4 19 57 107 80 115 123 46 10 74 33 0 23 117 31 58 106 68 18 71 66 95 92 40 38 51 62 13 9 67 116 56 119 34 39 81 53 8 3 35 103 2 63 25 12 61 28 97 104 99 37 77 126 79 78 113 64 65 27 111 17 82 5 41 6 15 114 109 83 70 75 20 45 44 112 101 49 59 90 93 91 55 102 84 88
123 8 44 80 62 98 36 50 51 7 40 35 64 79 30 61 57 6 76 45 48 103 46 52 25 2 114 110 108 13 126 24 9 0 53 109 26 113 87 99 12 112 121 5 67 54 69 120 111 3 81 16 65 73 84 117 72 21 14 63 41 92 82 105 34 37 31 78 17 86 91 38 95 125 56 102 70 11 107 118 96 47 39 29 124 88 71 94 122 104 42 19 115 77 55 1 90 116 49 75 66 59 83 18 119 33 15 20 106 100 58 28 68 27 93 89 10 101 43 4 23 97 32 74 22 85 60
42 85 113 55 10 86 104 25 111 105 125 65 61 52 88 60 78 126 2 26 98 50 99 32 71 34 1 49 75 54 82 28 76 101 39 58 95 21 16 108 83 43 9 13 5 19 119 35 117 64 72 17 0 30 37 121 7 14 45 41 123 6 11 102 116 79 120 106 47 57 91 68 38 20 24 93 77 118 69 66 107 124 46 29 12 81 22 18 109 51 4 90 84 27 67 110 94 112 53 48 62 33 15 103 44 89 114 96 40 63 100 74 92 3 122 59 8 31 87 70 23 73 80 97 115 36 56
45 72 64 69 12 83 115 79 81 77 91 117 62 65 73 112 60 44 26 21 88 86 80 106 113 40 78 8 101 124 107 55 85 94 82 27 39 41 53 125 2 87 11 75 47 97 31 1 13 7 32 18 9 111 34 49 74 58 10 54 116 0 17 84 95 114 43 24 46 19 92 42 25 122 67 70 33 89 123 50 28 38 102 30 15 37 57 121 63 66 96 59 35 104 48 76 20 14 110 29 100 52 68 99 93 90 5 22 56 120 16 109 3 98 103 23 118 105 36 51 71 126 119 108 61 4 6
104 72 114 20 103 49 16 96 102 42 22 70 69 122 40 94 11 97 33 37 116 60 18 3 74 78 66 121 61 28 124 77 9 21 88 65 84 50 34 126 29 110 54 100 112 120 90 35 30 1 17 58 98 87 99 115 8 106 76 80 44 117 91 4 2 27 113 14 109 93 71 64 31 56 43 92 73 111 67 23 41 62 63 25 32 15 51 48 36 19 55 45 79 57 95 6 119 68 85 38 105 39 125 75 107 24 59 101 83 46 47 13 86 10 52 53 118 26 81 12 5 123 82 7 0 108 89
24 41 116 87 22 0 17 123 39 43 118 82 104 101 95 7 126 55 19 110 3 85 67 75 23 111 29 100 81 80 15 99 106 93 13 102 86 27 54 38 10 98 56 71 122 30 105 12 78 8 35 70 37 84 1 68 50 33 9 94 11 40 31 83 62 5 58 36 90 4 77 47 21 14 61 109 125 121 32 96 16 57 89 103 114 25 108 72 53 42 91 107 124 2 76 45 69 52 65 119 113 18 46 28 73 49 79 115 60 66 120 6 51 92 48 117 88 20 26 97 74 44 59 64 34 112 63
96 16 85 33 13 44 62 49 0 61 73 30 66 15 47 118 72 57 31 70 76 100 9 45 4 75 122 10 84 86 50 97 34 54 20 39 101 80 115 2 94 95 40 78 55 6 114 99 126 87 110 48 36 29 58 91 19 124 56 64 3 63 42 26 117 90 109 104 89 17 113 11 79 121 27 24 65 112 8 103 12 93 23 119 28 82 111 46 123 22 43 116 74 77 59 81 108 102 41 38 53 120 83 7 25 106 92 60 98 14 69 107 37 67 51 52 125 105 18 88 32 71 5 1 35 68 21
42 78 70 105 8 50 79 3 18 60 59 37 25 39 13 85 114 109 77 122 94 33 111 95 64 113 72 71 90 46 53 16 7 6 28 69 75 123 67 98 102 31 9 10 41 97 107 38 76 121 106 110 91 1 55 115 35 80 12 19 124 40 30 86 11 101 24 66 22 45 27 61 5 36 120 116 68 29 20 83 87 125 93 14 34 74 73 48 92 15 43 52 100 82 81 51 126 89 47 65 62 2 17 96 108 104 119 117 21 56 0 26 32 99 54 118 49 84 23 63 103 88 58 44 4 57 112
119 44 40 74 94 5 39 13 24 101 17 23 120 18 52 41 46 63 59 51 19 20 97 25 105 1 124 9 100 95 26 14 118 12 57 42 65 114 83 38 86 43 103 68 49 91 7 48 98 121 36 87 30 90 110 104 92 109 6 116 69 61 99 108 31 34 54 3 11 10 126 79 117 96 80 78 32 67 55 28 16 76 106 37 107 45 4 29 15 8 60 21 84 93 85 111 122 82 2 33 50 22 123 77 70 72 81 71 89 47 112 56 62 64 27 35 73 102 75 113 58 115 66 88 0 53 125
29 119 121 97 13 104 71 91 46 52 126 5 99 44 84 57 23 112 78 73 30 43 8 113 27 53 89 58 95 21 109 115 106 93 6 122 7 86 125 110 19 3 40 117 56 77 36 26 47 107 70 16 92 79 116 35 39 45 124 11 63 102 120 105 33 64 96 34 81 38 87 62 28 88 49 100 85 54 123 24 74 76 48 18 111 118 75 65 61 82 72 2 67 42 51 90 15 114 17 103 80 98 20 50 1 10 9 31 83 32 60 94 4 37 25 68 69 108 14 101 12 55 66 0 22 41 59
29 116 21 84 69 36 108 120 91 61 68 51 43 42 11 60 56 126 37 57 58 94 31 81 64 18 50 39 15 96 25 90 117 107 100 87 119 72 54 66 99 23 7 55 17 71 75 98 92 82 95 85 48 67 89 112 110 20 10 0 26 34 41 44 102 45 106 40 65 2 78 122 30 22 73 5 49 76 114 125 24 79 27 8 4 80 124 46 59 97 121 115 28 104 101 52 77 83 47 103 13 14 105 86 74 1 62 113 9 16 12 6 93 33 88 19 32 35 123 111 3 118 109 53 38 70 63
50 89 79 100 94 62 20 105 83 103 110 81 70 76 115 41 2 121 91 12 9 16 31 4 98 95 48 56 96 44 1 38 92 17 43 37 40 8 42 14 112 24 86 124 6 73 120 15 33 85 114 34 113 22 28 46 27 5 90 75 11 35 23 45 39 87 7 64 32 104 109 101 63 36 59 78 107 67 66 74 97 26 3 93 77 60 126 68 51 10 72 99 119 21 117 54 111 122 61 57 84 18 58 71 52 69 25 19 55 125 29 82 0 108 65 88 47 116 80 13 30 49 106 53 118 123 102
105 102 103 52 43 56 115 36 81 123 95 48 125 29 11 55 18 49 122 80 110 106 21 35 42 99 14 17 98 69 111 31 60 47 46 71 101 78 117 37 4 19 112 83 107 70 44 86 104 126 67 109 22 93 75 13 6 45 90 79 72 73 26 39 0 9 66 12 61 34 62 89 57 24 65 119 59 16 113 82 100 20 96 1 15 76 84 85 92 32 5 8 25 108 88 41 3 120 74 10 2 50 64 118 23 33 51 7 38 54 116 77 30 121 97 68 114 28 63 87 58 27 124 40 53 94 91
40 31 19 21 61 75 23 123 79 82 125 2 42 18 64 111 30 52 85 59 119 66 45 53 8 17 94 28 114 74 46 124 39 27 26 112 107 5 113 36 122 48 62 86 7 47 58 80 11 103 20 13 126 34 105 1 37 83 81 97 4 76 106 98 77 22 72 57 110 55 120 0 15 73 71 108 16 29 70 92 24 88 35 68 100 118 104 63 38 90 44 96 116 32 25 33 41 51 102 65 10 12 91 87 109 117 6 93 3 50 84 99 14 101 56 54 115 60 78 9 89 43 121 69 67 95 49
46 111 60 27 94 119 87 59 66 18 47 24 49 33 73 68 99 42 2 28 58 78 67 64 93 116 61 62 85 65 77 1 20 35 76 100 11 112 8 14 71 39 91 102 70 81 19 56 32 69 13 63 98 12 88 36 17 113 101 95 123 107 34 120 5 7 114 29 48 9 57 122 0 109 22 51 74 82 37 126 45 84 44 30 31 86 41 25 26 4 3 83 10 54 121 23 92 89 80 79 90 50 124 125 53 75 118 103 52 6 15 55 72 38 108 21 43 117 104 115 40 110 106 105 97 16 96
70 124 46 126 101 33 122 38 1 12 58 121 108 29 100 74 107 30 65 43 102 105 53 68 91 17 69 106 75 8 113 10 125 104 26 9 15 22 118 116 85 83 39 40 31 93 35 36 51 41 90 42 57 23 86 45 7 95 110 81 119 115 78 16 37 49 48 34 111 112 84 55 0 52 5 66 117 6 14 47 96 67 87 27 61 73 13 71 3 114 97 20 72 21 92 103 18 32 88 123 109 24 11 59 82 50 60 25 44 64 63 94 62 2 89 4 76 28 19 80 99 98 54 79 77 120 56
122 76 45 40 0 8 85 120 80 33 58 12 113 23 57 126 25 28 117 35 6 100 60 66 93 20 87 64 42 31 46 39 89 81 11 111 101 51 97 94 95 68 44 84 43 119 54 34 115 75 109 91 107 2 63 96 7 41 72 3 62 108 15 59 67 36 9 48 52 18 17 104 16 114 27 47 118 14 98 65 32 121 5 61 22 112 116 4 38 110 71 86 82 53 102 73 74 50 37 88 83 90 106 19 103 79 29 69 124 78 99 30 1 105 55 13 125 49 26 92 70 24 123 56 10 77 21
104 33 113 109 102 120 114 73 2 22 42 11 125 123 93 82 9 105 35 83 77 59 10 41 5 81 19 111 14 39 1 40 76 86 38 23 88 67 118 71 4 74 89 95 103 25 8 12 44 90 106 0 126 51 30 47 91 15 21 68 20 56 64 97 49 37 100 17 43 79 72 31 101 119 92 117 60 122 66 107 28 54 55 94 58 57 96 13 112 34 29 62 61 75 69 6 87 45 7 124 85 16 63 26 121 116 50 52 32 65 98 99 36 108 24 48 70 27 18 3 78 115 110 53 80 46 84
104 58 8 106 26 124 81 118 47 1 100 22 79 42 30 31 60 18 50 72 53 16 77 59 97 95 108 110 99 123 122 75 20 125 85 121 6 98 19 70 46 17 92 52 39 29 40 36 74 66 94 28 119 76 54 69 84 14 12 10 49 101 82 55 116 73 78 62 109 105 2 88 114 33 120 4 64 32 113 107 63 25 111 68 57 61 90 11 21 41 102 27 44 51 126 71 83 67 7 86 45 91 65 23 89 34 87 35 13 115 56 0 80 96 3 37 103 24 38 15 93 112 5 117 9 43 48
90 87 63 115 41 4 67 86 80 16 77 62 103 65 111 89 49 105 52 6 24 93 102 46 58 9 27 29 23 97 124 74 121 57 68 98 82 39 120 72 96 37 61 19 114 13 107 10 53 7 113 109 60 38 108 54 81 73 32 45 20 125 101 118 3 116 48 34 44 22 55 79 40 50 42 56 59 76 43 2 71 112 28 99 122 30 69 18 110 126 21 33 12 11 25 35 0 66 119 14 47 92 78 123 1 100 5 17 84 106 36 95 8 91 51 64 85 88 83 70 15 75 117 26 31 94 104
75 106 0 91 103 28 62 123 66 95 26 61 14 67 56 122 58 53 5 116 107 76 99 11 74 25 93 110 15 72 59 83 115 78 79 90 8 54 87 108 34 68 40 48 102 37 57 38 23 21 4 35 64 1 100 31 50 22 69 46 52 39 70 120 16 113 19 49 92 17 84 60 73 29 126 109 71 85 97 20 117 18 45 121 6 7 96 119 13 42 32 65 2 111 124 98 9 89 81 112 125 33 118 24 77 30 51 88 12 55 43 104 101 63 47 41 105 36 94 27 44 3 10 114 82 80 86
89 38 47 26 102 94 19 58 59 33 30 62 107 93 61 50 100 54 65 124 40 27 44 99 68 125 0 51 55 28 24 67 111 57 31 82 15 97 115 108 2 48 18 85 49 77 104 105 39 75 109 11 45 98 122 74 22 69 8 95 29 123 113 35 103 34 6 116 17 81 96 42 101 76 71 121 63 114 37 66 118 90 80 83 4 32 78 9 84 126 86 25 46 60 23 56 117 41 36 88 106 14 52 20 53 79 12 3 120 72 7 64 1 110 16 91 70 119 13 73 112 5 10 87 43 21 92
84 62 60 119 88 108 122 59 43 112 11 33 25 42 106 75 15 14 118 57 18 98 86 85 32 68 89 78 124 58 61 4 53 115 64 48 80 0 31 82 101 8 44 34 46 29 35 83 123 50 20 5 96 28 9 125 77 103 26 94 113 10 105 67 27 121 104 79 24 7 21 22 40 36 110 52 74 93 38 70 47 91 73 90 41 69 100 111 51 116 107 102 54 45 65 76 12 72 1 99 17 71 13 37 109 56 97 66 120 2 16 6 92 3 117 95 19 49 55 114 30 63 126 87 23 81 39
39 58 46 80 45 60 71 110 66 29 24 34 119 77 15 13 85 116 75 68 59 53 125 55 35 48 51 87 4 12 107 47 95 94 22 99 25 19 102 103 92 84 105 83 76 0 79 113 120 126 61 62 108 100 114 1 64 11 10 27 81 97 78 74 82 121 40 101 38 106 86 54 65 5 23 33 6 69 21 37 52 50 9 123 112 7 89 44 16 124 98 17 2 67 111 70 3 109 57 93 72 8 90 49 104 20 31 117 73 96 91 28 118 42 32 63 36 26 30 56 88 41 115 14 122 43 18
107 78 11 110 63 17 40 98 14 62 4 88 56 91 121 46 65 30 66 52 112 54 83 38 85 6 59 111 82 21 64 3 16 53 70 19 94 68 50 86 114 33 35 74 119 49 113 80 31 92 67 0 116 24 102 7 100 47 2 101 84 69 29 122 104 27 34 109 57 73 41 22 58 96 75 26 44 95 105 97 43 71 106 55 28 45 108 79 81 9 77 72 48 61 120 51 124 8 115 5 39 103 15 93 37 76 60 126 32 89 99 36 42 117 90 18 23 123 12 10 1 125 20 87 13 118 25
86 22 70 53 93 98 96 54 89 67 48 37 74 32 122 29 114 112 81 5 58 0 102 28 24 3 50 55 1 18 46 2 100 11 85 125 118 30 92 88 104 21 15 94 45 27 121 69 105 99 56 72 75 108 49 41 126 25 87 36 97 60 71 7 65 111 106 64 84 13 82 66 31 40 78 116 14 123 124 34 4 73 107 39 57 23 80 43 33 79 76 44 77 59 115 61 10 83 109 26 68 90 20 117 95 35 17 62 113 19 103 120 16 6 51 91 52 63 42 110 8 38 12 9 119 101 47
37 48 38 114 88 54 42 60 14 30 93 57 56 125 102 68 75 121 34 12 31 59 97 2 36 104 73 82 122 106 50 126 28 40 0 27 65 101 11 29 74 98 119 103 94 100 118 15 95 5 4 83 3 108 41 8 24 69 85 89 21 123 72 124 1 51 58 6 19 109 16 80 70 7 44 77 47 13 120 45 35 81 43 9 99 96 17 105 66 10 91 117 116 79 76 84 67 46 112 53 52 32 33 86 64 63 22 110 61 78 115 49 39 107 23 62 113 111 25 55 90 92 71 20 87 26 18
2 71 19 112 16 3 67 38 98 86 92 23 27 12 82 124 83 57 117 80 103 81 55 0 68 51 15 105 43 14 78 32 64 106 109 120 10 113 58 54 50 122 123 56 49 24 102 100 77 75 45 7 41 73 17 108 72 8 99 29 9 74 116 63 85 11 93 34 35 111 62 96 36 42 107 40 28 22 20 48 26 70 104 119 39 30 52 101 79 125 110 69 97 121 88 66 44 59 37 87 53 118 31 18 91 5 84 60 61 1 90 21 25 6 95 46 114 13 115 89 76 94 47 65 126 33 4
116 44 65 9 101 3 57 110 108 120 36 31 35 7 49 50 95 39 28 21 122 41 96 1 76 56 79 52 63 104 0 72 105 48 59 99 16 112 111 19 84 123 51 47 102 34 8 78 42 24 119 12 73 69 13 10 22 93 5 62 75 11 2 54 80 70 83 30 55 46 18 68 97 32 103 25 17 45 109 90 81 23 74 6 53 117 98 33 86 125 115 71 15 126 87 85 118 124 20 94 29 88 113 66 43 4 77 58 60 61 26 40 91 37 89 121 106 100 114 27 82 64 14 107 38 67 92
52 42 66 9 12 13 111 89 29 19 101 23 82 74 93 6 34 47 96 54 35 40 50 98 126 27 58 62 81 2 123 17 16 113 51 77 20 79 73 84 4 53 75 72 1 49 95 46 36 105 14 37 114 97 67 18 70 59 57 102 21 109 45 124 90 100 71 64 112 83 55 119 65 31 22 120 87 56 104 44 0 26 43 99 86 85 110 76 107 60 121 108 5 7 118 25 3 11 24 94 69 38 8 106 48 80 91 122 125 92 63 103 88 117 32 10 15 61 115 33 41 30 78 68 28 39 116
64 20 22 9 87 26 106 83 98 88 35 56 120 38 110 3 44 39 67 76 7 23 70 59 41 116 37 96 103 25 49 121 60 111 32 84 48 65 5 89 2 53 55 15 58 104 42 45 28 95 12 119 101 74 33 18 51 71 17 57 80 75 63 61 11 112 93 73 92 118 117 86 122 97 81 4 24 108 85 34 46 16 78 10 50 102 19 29 68 8 30 54 115 1 77 82 69 36 91 14 6 47 40 109 72 100 107 124 21 66 31 105 79 43 113 126 94 0 99 62 13 114 125 123 90 27 52
27 69 80 62 11 50 51 60 46 97 48 20 37 23 9 73 83 105 121 104 43 5 118 18 79 71 82 113 21 110 123 57 45 10 77 12 24 75 28 41 94 99 120 87 122 58 42 56 117 44 32 93 4 31 91 34 116 66 54 61 88 16 1 108 84 33 65 53 102 70 72 95 126 36 26 124 49 38 85 35 115 103 52 90 39 17 6 100 78 86 89 19 98 92 47 101 14 22 119 30 15 0 111 68 106 55 81 64 8 63 114 96 29 25 7 40 67 112 13 125 59 2 109 76 107 74 3
119 78 88 45 4 5 39 111 117 72 24 85 82 62 95 113 37 6 92 83 91 58 35 12 25 98 94 55 30 43 33 99 49 29 44 101 67 89 74 102 80 46 27 109 19 122 11 18 2 120 9 47 100 31 51 106 21 1 8 22 52 56 107 26 60 87 103 68 75 124 15 121 32 123 69 38 41 63 108 53 65 96 112 61 20 70 66 42 86 17 77 81 57 126 28 110 36 54 48 90 34 97 116 71 125 14 0 79 118 105 7 93 115 16 13 23 40 10 64 76 59 84 3 73 50 114 104
97 67 106 41 108 9 58 65 38 48 118 76 116 82 126 44 18 30 51 35 40 112 102 94 53 109 57 79 84 78 62 98 110 1 123 111 89 37 27 72 45 88 14 119 5 11 59 17 49 115 13 91 55 15 95 52 60 74 80 4 69 114 104 2 39 42 96 85 7 10 61 70 21 34 103 107 122 77 99 100 26 93 64 86 19 12 125 0 87 32 16 54 33 75 92 20 8 23 47 101 22 63 105 83 6 25 124 81 73 43 28 31 3 113 120 56 68 66 50 121 117 24 29 90 71 36 46
94 38 87 63 29 35 36 15 90 16 27 7 26 14 60 111 72 86 74 3 1 62 45 69 76 110 83 24 65 100 34 115 57 32 97 42 121 108 56 119 59 113 101 66 49 80 106 112 114 73 51 18 78 75 123 5 2 4 44 81 64 28 68 22 20 77 116 12 70 37 107 23 30 103 122 117 84 54 53 50 47 88 102 9 0 21 126 58 25 43 67 11 41 8 79 104 52 125 98 85 17 118 33 6 82 39 89 96 71 91 120 105 19 99 95 109 93 55 48 46 10 13 124 31 40 92 61
109 61 67 111 102 32 5 121 69 93 88 38 7 17 37 113 83 57 11 107 26 6 0 106 104 35 91 79 21 62 101 47 23 108 94 110 24 9 44 10 4 115 60 3 55 13 96 82 53 78 41 81 40 54 64 119 72 25 39 58 97 50 22 68 20 29 31 90 89 70 52 92 36 19 126 95 1 48 117 124 100 84 28 71 125 86 76 8 15 80 114 65 18 27 14 123 46 33 85 75 116 74 59 51 56 34 99 73 118 105 43 63 77 98 112 2 103 12 87 30 122 45 42 66 120 16 49
31 39 99 98 119 79 29 107 102 3 108 81 112 125 71 57 92 82 118 32 51 60 113 109 8 65 67 19 95 78 23 111 124 93 80 103 53 24 83 105 59 38 1 121 115 7 11 41 50 14 46 15 64 34 86 36 26 17 52 9 122 61 66 120 37 91 35 97 13 22 55 56 126 63 96 28 72 18 116 4 123 104 114 0 58 88 73 21 84 16 25 68 87 40 10 47 69 106 85 33 27 75 48 30 44 100 94 43 74 12 42 117 89 20 49 110 77 70 62 54 45 2 90 101 5 6 76
119 54 95 117 43 81 72 121 20 63 66 73 4 103 64 105 78 111 26 58 113 62 118 102 45 8 122 83 82 88 52 10 89 94 108 29 61 120 21 80 7 33 125 112 47 93 39 13 36 40 116 19 114 59 87 24 56 34 50 16 49 110 12 38 67 9 109 74 90 84 75 15 126 106 31 25 92 100 97 77 44 1 53 14 46 70 69 18 6 65 68 85 28 37 99 32 71 2 79 30 23 124 27 115 11 76 86 41 57 5 17 3 51 35 22 123 48 60 104 91 98 0 96 101 55 42 107
104 18 68 103 77 76 41 98 100 52 86 21 81 9 111 122 79 42 115 58 121 120 29 57 72 75 83 106 4 69 92 23 15 12 114 37 17 93 44 20 66 6 102 28 16 95 59 45 0 22 39 30 11 125 110 64 55 47 105 61 88 32 97 49 63 51 82 27 60 7 56 90 91 1 126 109 113 43 112 65 10 2 53 14 26 99 8 101 5 62 107 116 3 94 71 46 50 85 19 87 108 117 13 25 84 70 73 67 124 31 36 123 24 118 40 38 119 48 78 35 89 74 33 96 54 80 34
22 61 64 107 7 96 89 24 115 119 68 11 56 60 28 93 101 3 37 10 52 121 97 9 82 31 57 54 110 43 124 23 108 83 33 103 13 111 104 39 80 79 14 63 87 59 72 109 18 88 50 40 44 47 69 25 41 66 16 12 116 75 81 4 46 62 35 122 67 0 123 30 85 114 5 112 58 102 51 65 76 17 19 78 91 125 86 2 84 1 105 29 45 34 48 90 49 117 21 118 36 95 8 27 42 106 71 73 126 53 92 120 26 100 15 38 94 20 98 55 6 113 77 32 74 70 99
13 28 80 34 7 44 19 77 117 122 67 93 96 86 63 109 83 0 32 40 110 97 47 27 107 82 31 71 9 15 70 25 54 56 38 73 10 76 101 119 106 61 8 17 62 64 66 108 52 126 74 29 72 26 46 14 41 55 114 33 50 113 123 42 21 116 23 118 89 37 92 102 5 43 1 35 51 78 57 68 65 105 100 6 95 3 11 24 69 60 30 94 111 85 75 88 99 112 124 45 84 49 104 2 39 20 120 18 22 12 79 98 125 16 91 90 121 53 115 81 103 48 4 59 58 36 87
107 59 103 49 116 87 101 60 76 56 43 13 105 1 10 14 67 125 9 29 126 70 41 100 20 94 86 82 106 8 96 15 84 74 52 108 6 98 99 40 22 2 69 104 5 3 33 54 80 63 118 119 42 62 93 65 46 12 61 7 121 112 38 31 50 88 21 58 39 113 30 23 19 110 72 57 24 35 115 97 77 124 11 111 48 117 89 17 81 16 45 64 51 73 44 83 102 0 78 27 25 28 66 71 122 75 68 32 90 92 123 91 26 85 18 55 37 47 79 53 34 95 109 4 114 120 36
125 49 88 103 41 80 114 16 69 105 81 2 76 29 11 84 111 94 34 75 0 7 31 120 108 82 99 63 97 43 27 121 40 58 122 126 5 25 9 22 70 107 54 19 68 53 15 4 30 32 93 89 28 112 74 12 123 6 109 87 1 98 24 8 52 65 95 48 37 66 35 50 110 100 47 72 64 78 77 55 36 61 57 104 67 17 39 116 102 101 113 51 86 3 83 71 60 85 117 91 79 124 90 115 118 92 42 14 46 45 13 106 23 119 18 33 10 20 73 38 21 26 62 96 56 59 44
126 31 24 32 124 68 101 96 87 76 69 73 38 117 93 51 99 33 16 42 62 1 80 125 37 65 121 90 83 66 85 11 84 100 5 36 6 43 112 56 54 74 53 114 29 13 2 7 118 63 106 79 57 102 123 8 14 107 9 75 58 92 81 0 12 109 72 89 34 103 64 19 21 115 49 98 27 97 35 4 48 77 116 113 46 60 86 120 40 39 104 18 22 61 110 25 59 3 82 23 44 28 108 91 20 50 94 122 26 30 15 41 67 70 55 71 47 119 105 88 17 95 52 10 78 45 111
1 119 104 28 112 81 97 115 110 100 65 117 93 96 3 6 58 34 92 60 7 75 44 10 64 4 29 22 109 72 12 48 8 20 85 82 32 124 26 77 33 21 18 103 89 66 46 39 88 101 35 84 36 40 106 99 121 31 126 0 118 41 56 122 13 63 57 83 76 87 78 14 105 55 70 113 90 86 11 54 95 111 62 30 59 116 50 114 42 79 17 9 125 67 74 37 53 19 91 51 102 38 2 47 23 61 5 80 108 24 68 49 16 123 43 69 15 73 107 52 94 71 45 25 98 27 120
31 74 92 124 110 55 41 6 0 63 34 72 114 40 56 17 84 117 39 66 24 121 51 83 2 125 15 8 10 86 43 23 36 70 35 57 126 80 96 78 29 112 25 13 85 30 98 53 111 103 87 75 64 58 62 99 26 88 1 115 14 48 120 60 21 49 22 4 102 7 37 65 119 122 73 67 81 38 9 18 91 47 3 32 95 107 71 106 59 44 42 20 45 77 12 105 28 69 104 97 93 54 123 61 82 116 46 94 5 11 27 52 33 113 101 79 118 16 89 100 19 108 68 50 109 76 90
124 14 82 103 102 119 75 69 118 7 53 12 15 113 39 4 68 49 125 107 65 111 3 55 66 51 43 93 94 19 36 57 42 72 54 37 44 80 99 90 76 106 35 121 89 38 0 100 5 52 74 95 92 63 86 112 67 110 109 83 117 23 40 122 2 21 10 91 48 31 120 77 108 25 28 18 104 84 45 17 101 22 20 8 79 115 116 32 50 114 33 88 105 71 24 70 87 81 126 13 98 41 16 73 62 9 78 34 59 1 96 123 58 46 64 61 26 27 30 6 29 11 47 85 56 97 60
0 69 33 22 41 111 101 121 19 11 109 59 77 55 63 93 68 118 107 84 52 50 82 115 24 43 57 114 105 99 98 35 3 123 75 64 97 31 108 117 12 110 80 32 49 53 46 90 28 94 23 16 9 48 100 14 6 72 38 116 104 44 34 91 103 61 87 40 92 74 42 39 26 17 37 113 65 67 51 83 36 119 86 4 5 20 124 76 85 96 73 27 81 102 89 10 30 79 71 8 1 66 106 7 21 45 78 56 62 122 18 120 47 29 58 95 15 70 112 54 60 2 126 13 25 125 88
58 32 70 57 74 62 78 60 88 3 41 13 66 114 53 48 12 45 39 91 28 82 63 93 0 109 18 17 125 43 19 42 23 22 100 120 51 115 34 124 31 29 4 6 56 111 2 113 77 37 1 98 116 86 97 92 99 49 40 76 35 14 117 121 102 107 5 71 89 59 7 103 101 85 104 122 47 94 81 72 36 112 15 105 46 84 87 21 26 67 118 75 96 30 110 25 65 69 61 80 90 126 55 79 52 11 33 44 24 68 20 106 8 50 73 9 108 38 10 123 64 95 119 54 83 16 27
57 54 118 40 25 74 112 122 4 35 115 92 3 123 46 12 88 103 73 65 67 87 71 69 52 0 28 33 55 125 84 22 7 76 58 36 99 41 62 85 45 102 23 11 49 113 108 101 106 66 48 44 83 61 90 94 1 104 109 10 13 9 8 98 110 53 78 116 56 117 18 59 91 96 51 82 30 15 95 72 121 38 29 60 81 124 86 107 75 119 24 43 32 14 70 26 105 31 79 19 21 97 34 37 68 42 39 126 114 2 20 64 63 80 6 111 120 27 16 17 47 50 100 5 77 89 93
86 116 0 46 95 94 87 53 58 78 62 112 115 51 101 105 39 82 120 12 45 15 64 48 99 89 68 125 81 55 37 65 21 117 8 38 34 22 98 97 83 30 56 106 20 123 111 14 119 41 26 103 16 28 69 88 23 108 24 72 36 71 80 2 29 107 11 126 4 35 19 27 85 76 47 57 104 42 59 6 79 25 122 70 5 50 92 77 74 114 67 7 61 10 60 44 113 52 66 90 40 1 75 18 43 54 102 91 9 31 49 3 100 84 121 109 93 13 32 33 63 124 73 110 17 118 96
33 105 1 26 72 53 39 84 16 0 108 42 38 69 8 61 111 13 23 62 96 41 20 116 44 119 17 112 52 37 122 123 110 11 45 103 10 63 57 81 77 104 28 74 73 114 30 118 22 125 79 124 89 86 91 14 12 21 31 18 29 64 34 48 27 9 100 43 126 117 50 107 6 3 47 66 25 101 95 97 88 106 87 32 99 68 85 56 83 113 76 65 51 71 60 70 35 55 80 82 98 121 115 40 24 4 36 59 102 7 109 90 58 75 2 46 19 54 92 93 15 78 120 67 5 49 94
37 22 0 10 1 102 66 34 14 15 23 98 94 93 35 117 111 100 85 49 82 45 16 77 106 104 44 28 27 126 118 38 84 56 4 64 119 61 50 36 48 86 65 17 105 96 31 75 74 39 53 63 25 101 121 41 103 108 8 5 92 72 33 19 89 71 97 90 9 67 124 11 70 83 32 113 91 107 51 43 6 55 20 24 99 81 122 120 3 52 57 46 73 116 18 68 76 21 13 26 7 59 125 47 110 62 12 95 79 58 30 78 69 40 2 112 123 114 115 88 80 60 109 54 29 42 87
35 112 7 47 11 0 114 57 26 44 102 23 31 61 32 20 115 21 60 118 124 90 98 71 18 82 30 56 72 46 103 54 106 33 116 113 22 97 6 28 2 78 70 59 51 12 79 110 96 123 73 83 10 42 74 58 119 84 77 53 95 125 64 81 39 92 37 1 24 99 8 111 9 105 75 107 68 101 100 62 67 126 89 52 43 122 85 121 14 17 38 88 36 29 69 45 25 15 76 40 13 3 93 117 4 5 108 34 80 94 55 50 41 104 66 109 48 86 65 49 16 120 63 91 27 87 19
85 90 114 44 14 104 109 51 63 58 75 112 115 100 1 67 99 31 29 92 93 108 77 81 43 126 76 123 64 88 94 32 111 36 71 65 86 25 23 3 37 120 47 45 80 35 82 54 68 106 121 33 57 113 62 116 19 91 119 49 87 13 20 56 21 50 96 0 61 79 110 84 2 7 42 70 17 40 34 27 9 41 16 12 59 73 48 8 24 53 102 103 26 72 10 117 69 5 95 66 11 18 98 39 28 118 74 101 107 38 83 4 125 78 52 122 55 97 124 6 46 22 105 15 89 60 30
115 57 108 117 15 77 126 5 51 80 92 74 103 82 81 49 25 111 59 69 101 66 47 61 4 7 83 22 30 0 27 54 32 104 38 37 58 91 73 85 93 99 98 50 52 89 121 19 110 68 10 56 118 17 97 21 23 14 29 114 79 11 8 40 55 34 78 87 88 13 45 3 42 65 95 46 94 16 35 102 96 41 75 116 18 123 63 112 43 109 39 67 124 120 76 84 31 71 86 20 105 64 26 72 36 113 33 2 90 107 106 24 119 62 100 28 12 70 48 1 9 6 122 60 44 125 53
104 116 47 97 123 94 92 4 3 8 42 122 115 46 39 106 91 51 63 71 17 11 80 44 28 110 57 33 35 37 56 13 89 87 10 59 22 32 9 38 55 125 52 85 68 75 120 72 74 12 78 29 73 31 111 6 30 61 15 26 23 2 7 25 14 34 66 79 124 88 20 60 64 76 82 99 70 36 43 62 40 119 0 69 48 83 103 21 109 102 27 58 54 84 117 101 112 19 90 1 53 41 24 65 107 45 77 50 5 113 105 81 49 118 67 86 114 126 100 93 16 18 95 98 121 96 108
33 121 9 124 10 69 87 17 80 107 14 117 49 92 74 30 5 72 13 35 97 59 6 105 104 28 12 108 37 84 122 36 34 76 23 44 68 64 123 0 110 95 75 100 2 39 96 52 56 90 113 119 22 46 118 81 109 126 71 19 99 102 1 60 116 16 24 38 18 51 67 89 57 98 70 63 94 43 27 42 61 21 106 85 7 55 114 77 66 40 65 78 4 45 93 86 29 73 50 125 91 112 31 101 83 103 47 115 79 20 25 41 3 26 8 32 58 53 111 48 11 88 54 15 82 62 120
86 105 124 92 115 4 65 104 109 22 122 113 44 76 96 77 70 10 90 95 9 117 64 93 35 51 74 119 40 69 49 3 60 94 116 5 1 98 29 36 11 80 8 46 125 23 126 50 68 18 21 42 67 84 52 48 15 20 2 85 45 120 110 7 32 54 59 101 118 24 114 61 28 53 58 83 108 97 73 30 111 63 100 89 19 34 0 47 103 78 37 33 62 121 12 14 81 106 87 55 99 43 112 66 39 26 71 38 91 107 13 41 82 56 16 102 6 75 79 17 72 123 27 57 88 31 25
24 25 57 30 69 59 48 117 16 113 87 85 47 44 14 119 98 41 56 78 28 79 39 35 5 92 80 4 114 9 12 8 74 63 70 72 73 77 19 38 84 42 17 108 26 88 109 115 102 66 60 27 50 2 83 6 52 106 43 34 23 55 20 116 75 93 33 49 10 22 81 54 0 99 124 36 89 58 40 68 15 61 111 11 122 7 76 51 3 94 13 82 53 125 64 126 46 103 86 110 96 91 29 121 112 21 1 118 97 67 107 45 120 31 32 105 71 123 90 65 95 37 18 104 100 101 62
0 62 1 13 66 79 77 124 100 60 61 80 41 89 115 9 35 57 45 78 85 58 7 50 119 23 110 59 82 44 125 112 118 4 21 39 27 72 12 53 97 5 34 73 24 28 68 19 123 64 104 122 88 103 120 70 25 33 8 30 14 87 69 32 121 76 111 56 47 116 106 93 109 83 63 113 49 16 22 102 20 92 114 98 117 81 42 18 48 107 99 71 126 31 101 94 36 17 10 3 51 38 84 75 90 37 26 95 46 55 52 6 2 105 91 108 96 29 40 11 15 86 43 65 67 74 54
120 97 52 72 3 50 47 39 79 15 16 80 42 31 67 12 22 119 89 53 40 95 17 82 57 123 75 56 20 49 106 116 112 32 34 19 55 14 87 73 101 28 35 76 126 36 62 91 48 18 117 63 113 51 124 108 71 54 37 24 58 25 44 45 30 41 13 69 0 122 102 21 2 81 88 38 7 114 68 93 86 64 26 70 9 110 43 104 125 111 10 4 29 115 33 27 118 8 60 78 85 83 66 98 107 103 99 92 65 11 121 77 23 94 74 59 5 84 96 90 100 46 6 1 105 109 61
1 126 58 12 100 90 104 113 34 3 24 27 0 61 11 65 108 56 43 123 103 63 29 71 42 109 95 60 35 53 31 49 92 10 13 54 57 76 89 45 48 14 73 18 68 38 77 97 72 40 47 37 17 96 50 119 41 120 79 124 25 8 87 115 55 117 99 15 33 94 28 101 86 44 59 85 80 39 46 114 69 121 75 7 84 5 116 105 106 81 4 20 62 110 82 118 70 91 102 66 36 22 16 21 98 6 78 32 74 83 93 52 51 30 122 2 107 112 64 111 26 88 125 67 19 23 9
49 9 63 109 26 55 20 115 0 121 93 102 14 108 24 56 3 77 124 45 50 117 21 70 46 87 22 106 100 13 44 122 79 6 84 81 62 68 58 98 28 32 120 65 67 90 88 64 61 35 86 23 12 5 104 126 111 73 47 19 43 103 11 29 41 53 118 114 110 94 40 91 39 75 74 31 18 17 101 33 76 42 123 89 2 107 7 27 8 59 116 85 113 119 97 105 1 15 125 34 99 95 10 112 96 72 25 52 92 78 51 36 37 82 38 60 30 80 83 4 48 54 66 16 71 57 69
13 20 41 67 112 59 123 105 39 98 65 88 93 76 29 74 57 40 122 107 85 26 100 38 60 55 30 7 77 114 12 109 31 47 68 63 9 5 119 99 106 83 84 18 125 95 81 3 72 2 126 16 34 62 14 66 21 75 96 43 117 89 118 0 33 23 15 32 61 44 64 36 90 25 110 70 92 49 17 86 4 108 69 120 97 115 102 1 58 42 6 121 104 11 113 37 27 53 94 103 101 22 80 124 82 73 28 56 79 35 46 10 19 87 78 111 54 51 48 45 91 8 50 116 24 52 71
55 112 77 51 108 33 35 12 40 19 27 24 4 63 83 124 48 30 82 58 111 20 71 3 53 122 61 104 11 98 86 25 47 66 60 46 57 119 121 72 109 114 99 31 34 49 74 81 110 126 6 117 84 1 118 13 54 87 62 92 29 105 32 2 16 96 36 23 42 102 56 103 21 22 94 115 7 101 116 125 107 120 45 78 17 106 93 123 68 75 0 18 10 80 67 9 39 38 89 65 73 43 113 85 91 69 79 97 37 14 50 95 28 88 76 100 41 90 5 26 64 8 52 15 44 59 70
116 124 101 57 51 38 89 99 73 63 79 20 0 24 59 84 91 76 95 9 7 94 34 62 81 87 26 92 86 12 67 115 37 41 55 111 47 125 25 17 4 39 96 114 2 117 64 13 65 88 31 10 71 121 68 42 109 15 33 23 75 126 22 48 118 85 50 46 27 113 119 112 93 104 105 72 3 80 53 36 90 97 78 77 44 18 40 61 60 120 69 58 70 5 35 103 122 54 83 30 1 14 45 21 29 100 74 107 98 123 11 56 108 52 19 82 106 16 8 66 102 32 49 6 28 43 110
53 8 113 101 1 116 85 34 102 124 51 18 99 13 14 109 69 83 38 41 27 107 29 122 2 28 16 15 52 30 118 50 54 114 97 43 6 22 87 115 119 60 17 75 32 84 110 95 58 56 98 39 68 31 120 79 48 93 88 63 9 12 82 77 70 26 5 126 78 4 86 103 92 117 105 10 89 40 123 74 44 96 7 55 71 11 67 23 47 81 25 33 42 36 62 46 76 57 106 59 0 72 112 45 3 111 64 20 49 37 121 100 80 19 65 94 35 91 104 61 21 66 125 24 90 108 73
109 100 94 29 92 3 120 30 4 85 27 81 33 64 49 14 104 95 66 7 9 53 11 39 68 36 32 82 21 124 19 20 18 122 8 111 69 102 97 99 98 35 55 31 59 67 70 23 2 76 37 115 91 86 6 88 1 93 38 0 114 79 110 84 45 12 65 58 56 15 123 126 101 121 112 60 119 61 52 78 73 118 108 113 26 17 71 90 10 54 50 25 5 83 72 62 75 63 106 80 13 41 107 125 34 77 40 103 87 43 28 74 47 42 89 105 51 22 24 48 16 44 57 46 116 96 117
5 13 41 108 47 113 99 1 89 18 82 90 52 95 28 102 120 15 38 67 81 68 39 100 10 69 121 96 80 101 70 34 7 65 17 125 51 107 32 109 124 104 92 44 115 76 85 126 36 57 56 54 122 42 27 118 105 86 33 16 3 75 66 40 62 64 20 77 30 98 83 73 43 60 11 119 14 37 50 111 112 79 29 61 6 48 114 24 93 25 23 110 46 116 19 8 123 45 35 9 97 91 84 55 12 78 53 58 88 0 87 4 63 21 49 71 2 72 26 94 103 74 106 117 31 22 59
90 88 5 2 23 115 49 104 7 35 21 80 108 17 59 58 39 91 29 62 67 55 31 50 106 57 60 125 78 46 71 70 68 105 120 61 63 26 121 126 84 52 112 103 113 24 117 64 86 30 4 102 93 11 122 118 124 98 66 65 111 13 33 69 38 15 73 8 36 79 45 114 77 119 82 44 92 42 85 37 14 19 95 40 48 56 3 81 116 41 100 22 76 101 16 27 89 28 25 123 110 54 109 9 47 32 12 97 74 72 0 18 10 94 51 34 87 107 75 96 20 6 1 83 53 43 99
45 67 116 51 27 97 32 60 104 10 106 4 57 7 95 14 54 105 69 83 114 24 111 70 89 42 56 58 6 3 44 99 48 28 37 35 80 0 123 63 25 102 13 34 61 92 118 84 22 2 31 19 53 18 1 78 109 26 108 41 23 43 113 121 16 98 17 73 90 46 126 72 65 21 75 15 8 52 38 77 76 94 125 101 33 110 85 62 91 68 12 50 5 36 93 47 74 115 66 122 88 79 20 86 49 39 40 107 59 117 71 124 30 29 82 96 11 100 64 119 55 112 103 87 81 120 9
