90 82 107 43 3 53 15 6 93 84 12 22 33 106 126 88 115 59 100 1 119 7 78 95 111 34 42 62 52 83 36 58 13 10 66 68 37 123 118 50 47 51 60 21 80 108 97 86 75 5 19 18 102 31 57 41 67 94 63 77 85 87 45 55 110 11 71 46 103 79 27 74 104 28 9 96 8 4 17 16 65 38 89 49 35 122 30 54 124 23 69 121 29 20 39 48 25 14 32 113 116 92 40 0 105 70 56 99 112 73 24 91 26 44 2 117 72 125 120 61 101 76 64 109 114 98 81
5 85 56 8 34 89 101 63 16 26 60 70 110 53 0 38 104 48 10 124 65 15 123 98 86 23 55 97 106 119 121 33 57 14 83 73 36 13 41 108 43 7 120 100 27 18 113 122 32 1 66 22 62 105 47 103 9 116 80 40 44 19 94 81 12 75 107 42 114 91 50 58 29 82 68 3 126 45 59 109 96 76 54 95 21 111 79 25 4 17 84 71 88 51 118 90 24 52 115 39 49 112 28 74 99 117 20 72 46 11 92 67 61 69 37 30 35 64 93 102 6 78 87 77 2 31 125
102 97 1 81 115 54 111 63 114 41 3 53 56 80 20 37 93 5 74 55 106 88 126 48 120 112 69 50 15 117 92 113 58 90 76 60 125 105 31 27 24 39 32 30 85 25 87 66 33 47 96 19 18 34 44 119 122 59 8 71 23 100 52 118 29 103 84 12 121 16 57 108 17 67 94 70 116 99 72 2 61 68 95 78 124 38 35 83 43 110 11 46 49 101 36 40 7 64 45 10 62 26 91 65 21 89 86 42 13 82 0 75 22 14 6 28 107 73 51 9 79 4 109 98 123 77 104
111 46 86 67 84 19 65 26 85 44 104 115 62 2 30 71 41 9 25 11 61 125 29 60 54 0 20 80 112 92 94 43 74 59 81 36 126 103 70 119 63 116 39 33 108 24 18 16 1 51 28 31 97 110 100 99 64 57 40 101 34 14 12 4 105 75 15 79 32 89 58 76 73 114 96 109 55 22 68 83 78 38 56 23 50 27 48 77 10 107 52 69 5 120 37 91 123 35 113 93 6 118 117 98 49 45 8 66 121 3 122 106 95 87 102 72 53 13 21 88 42 47 124 90 17 7 82
96 51 30 50 93 73 43 61 88 122 84 42 24 69 76 85 118 124 86 109 37 113 71 99 15 45 82 49 119 29 95 13 112 90 32 33 66 57 65 56 121 11 12 18 117 48 83 39 63 123 110 40 89 22 19 59 28 79 87 53 78 23 106 27 68 54 77 126 80 105 62 67 17 102 46 7 16 8 31 114 1 92 47 21 34 26 55 25 20 70 5 108 104 14 100 120 60 125 9 107 115 58 35 116 81 74 44 94 0 64 38 72 3 91 98 4 6 2 97 10 36 101 52 103 41 111 75
62 96 109 114 100 48 99 67 55 123 93 18 71 98 103 15 110 43 17 29 37 32 88 21 44 2 24 102 36 75 94 47 41 6 85 59 51 11 89 30 82 42 83 80 16 72 70 10 34 91 13 35 117 120 68 20 27 25 90 63 50 54 118 45 28 9 31 92 113 106 40 14 108 115 95 49 8 61 0 33 7 119 38 104 74 101 57 53 66 125 56 121 87 79 19 3 23 1 22 5 112 86 46 116 76 111 65 58 81 12 64 52 73 126 69 124 39 78 77 84 105 26 107 60 122 97 4
60 86 75 54 59 5 81 77 69 53 25 22 31 0 80 112 1 117 123 49 14 43 93 47 109 4 76 19 71 114 23 103 26 66 61 107 21 84 15 52 119 101 7 96 91 46 63 106 108 42 82 40 65 94 17 70 88 38 100 85 57 10 3 34 124 32 20 72 125 39 24 9 122 36 104 120 126 118 102 79 115 98 6 35 64 78 41 16 113 116 29 51 110 73 27 37 87 105 44 2 30 83 99 50 95 8 33 45 12 13 18 92 11 111 97 62 55 67 74 58 28 89 121 68 48 90 56
5 72 124 42 46 55 37 122 90 70 118 19 1 0 25 69 16 17 76 51 59 26 101 81 63 39 114 3 97 88 117 103 13 61 71 75 23 126 74 35 104 73 40 18 94 54 67 82 84 120 87 45 98 27 77 68 107 111 123 53 79 36 99 110 105 62 96 30 78 41 44 43 52 64 93 119 85 89 20 48 65 9 100 14 106 109 121 15 113 56 38 24 11 91 92 102 57 33 8 86 66 60 34 83 58 28 95 116 47 4 29 12 22 112 80 50 7 2 31 32 6 108 49 10 115 125 21
83 103 56 91 30 95 82 45 39 54 0 13 114 58 119 25 40 73 1 31 104 6 5 105 126 107 96 42 37 87 60 12 52 38 116 65 88 55 43 53 8 7 26 9 3 99 49 46 18 74 92 44 85 36 68 41 94 64 48 66 89 22 59 35 10 61 69 76 17 2 28 117 16 21 33 4 97 23 115 86 101 122 106 15 100 98 67 93 57 110 62 51 111 70 27 102 118 14 90 72 121 24 109 71 120 47 84 123 20 113 19 11 125 63 32 112 124 78 50 81 29 34 77 75 80 79 108
1 69 93 62 38 126 4 26 6 124 35 50 113 120 7 52 85 37 79 105 51 97 111 87 33 73 29 41 57 123 99 108 60 89 64 92 82 71 78 22 67 28 11 16 9 75 114 2 49 116 53 5 106 119 104 18 47 101 19 46 81 107 91 103 115 58 118 12 23 36 74 3 40 121 76 84 109 112 66 27 25 83 122 61 44 72 14 55 24 125 59 80 100 42 17 68 70 34 90 39 48 8 63 86 0 15 31 10 54 65 56 96 13 43 117 21 110 30 94 88 102 98 77 95 32 45 20
120 14 53 117 100 109 98 97 20 40 6 82 124 54 113 63 7 90 73 69 4 91 105 10 36 108 8 16 21 58 96 119 2 33 13 46 104 70 76 44 125 122 52 34 35 39 29 74 5 89 37 27 0 77 28 75 62 31 26 43 114 15 99 111 85 32 121 112 60 81 80 65 84 92 93 107 72 25 18 19 22 86 83 126 12 71 95 88 48 23 102 11 61 30 41 24 45 49 38 59 123 42 78 67 101 118 103 110 55 51 56 17 66 50 79 3 1 115 87 47 94 57 64 9 68 106 116
64 53 81 48 71 86 21 33 56 34 4 12 73 92 69 5 24 57 22 23 104 11 25 30 55 31 106 42 116 112 63 49 124 98 108 20 70 77 6 75 61 74 93 26 10 94 39 29 107 67 90 79 43 17 8 83 13 41 100 59 85 118 32 66 58 97 95 35 99 38 28 50 114 110 46 91 113 60 125 119 96 87 18 65 103 105 111 117 37 14 121 36 62 1 122 84 109 123 82 54 44 2 120 0 15 40 45 89 102 78 3 101 47 16 126 80 88 27 76 51 52 115 19 68 9 7 72
123 105 38 94 99 37 119 14 53 76 68 97 18 91 15 71 85 19 43 29 26 54 4 117 110 59 89 1 51 9 106 48 16 124 96 104 21 11 17 84 95 107 73 114 120 78 66 47 82 12 8 102 116 32 98 122 126 23 62 70 74 101 86 13 40 75 25 31 45 42 65 103 77 35 50 121 30 100 6 46 64 57 69 52 118 0 113 2 87 56 44 24 83 88 112 41 10 111 3 60 28 27 36 90 67 81 22 5 93 39 49 55 72 115 34 58 79 80 20 125 33 109 63 108 92 7 61
74 56 17 114 63 14 102 89 20 22 10 76 1 41 27 99 116 117 115 32 61 59 8 5 31 0 73 38 37 113 112 65 16 82 43 9 68 48 11 86 123 52 124 98 121 4 51 92 24 93 118 104 108 21 7 30 87 45 84 62 97 72 3 95 13 57 25 55 44 110 36 6 35 2 64 75 69 85 119 107 101 49 125 58 71 105 122 12 50 96 66 94 81 91 77 39 15 88 23 70 80 42 46 126 109 79 106 18 103 47 111 40 19 100 34 53 83 90 33 78 54 67 29 26 28 60 120
71 82 117 124 75 23 33 120 18 80 125 37 11 17 76 27 57 60 95 29 38 113 61 14 98 66 101 97 112 34 88 49 110 54 102 115 40 89 7 12 13 77 36 109 25 8 126 53 24 47 3 35 50 16 92 64 72 83 94 43 5 2 63 32 1 42 91 62 122 67 30 87 74 48 119 59 51 28 90 22 84 0 106 56 69 19 65 9 6 79 45 105 108 46 103 107 31 78 86 99 104 26 10 39 93 44 20 52 116 96 15 111 121 55 123 114 85 70 73 100 41 81 58 118 21 68 4
94 49 16 60 106 89 67 33 32 17 41 4 30 47 8 112 75 107 10 37 105 65 101 111 114 38 122 79 31 72 55 42 90 119 21 110 48 18 123 77 124 43 25 71 7 66 80 5 2 82 68 81 58 88 93 50 78 45 86 39 22 24 54 118 108 51 85 9 115 73 59 19 84 14 52 120 29 35 44 57 13 15 109 96 76 62 95 117 87 91 27 36 103 126 83 74 1 92 12 3 40 53 125 46 98 6 26 11 104 99 63 121 20 28 70 113 0 97 34 116 56 23 100 102 64 69 61
34 54 42 102 96 109 63 104 26 87 6 20 115 37 73 118 101 24 81 83 105 36 48 80 120 62 8 29 55 58 85 112 121 124 114 61 70 5 14 50 4 76 32 53 31 51 117 94 125 11 52 98 0 67 68 91 93 106 60 57 38 7 79 116 75 64 90 33 19 74 47 23 89 10 71 49 88 59 119 77 78 82 35 56 25 28 30 110 9 86 92 97 21 66 3 18 43 123 111 39 46 122 107 41 1 40 17 22 100 2 65 45 108 12 103 15 95 44 99 72 69 16 27 13 113 126 84
23 76 53 85 9 64 4 13 26 46 119 113 42 60 10 37 27 126 36 117 86 29 112 123 84 100 116 115 17 49 75 57 107 104 73 2 93 35 101 61 66 34 120 12 77 39 18 111 50 24 38 44 79 3 30 5 32 51 88 81 95 7 56 20 14 94 109 8 96 11 105 89 91 110 33 80 62 97 92 47 102 67 124 41 122 98 40 71 65 63 22 19 125 6 31 59 83 82 45 99 21 121 68 15 70 118 48 0 43 78 25 87 74 1 106 54 55 52 28 103 69 72 16 108 114 90 58
11 119 41 30 125 39 57 99 47 112 85 32 123 25 45 72 65 113 31 83 107 80 63 110 35 79 89 56 78 87 36 94 109 76 81 106 93 116 84 92 62 33 3 98 126 111 50 69 38 52 53 14 100 16 2 7 118 124 58 15 24 6 44 60 55 101 27 37 40 67 77 8 28 117 43 90 105 122 95 0 96 12 20 54 68 108 75 61 91 49 88 9 86 46 115 103 104 97 34 1 114 71 4 64 17 13 42 19 59 120 82 121 22 66 74 48 5 73 18 26 23 29 10 51 21 102 70
64 116 93 13 34 50 35 69 102 61 48 85 20 79 22 112 87 125 89 111 16 97 17 43 58 10 6 91 78 29 40 39 72 109 23 92 27 57 36 47 73 12 96 95 32 7 11 55 110 121 88 115 124 77 53 5 2 120 68 76 126 108 52 9 67 114 41 86 84 100 65 118 62 28 107 106 18 75 119 46 63 19 24 51 59 44 4 101 38 80 49 71 117 33 103 83 60 82 54 30 14 42 70 3 90 56 99 31 105 113 74 26 94 1 15 45 98 0 37 123 21 104 81 122 66 25 8
85 29 51 1 26 109 52 58 50 87 104 118 71 11 88 106 25 47 68 8 123 44 48 32 83 55 40 46 114 6 72 110 65 45 16 80 67 4 23 7 28 98 108 49 73 77 57 95 103 75 19 91 115 89 34 64 113 21 107 38 60 121 53 82 0 101 94 86 22 105 37 18 69 66 97 27 43 76 116 3 5 117 120 17 126 63 119 90 14 81 122 79 31 111 2 41 78 84 35 56 125 70 62 42 100 99 10 12 96 33 15 39 92 30 24 9 74 20 102 54 36 59 124 93 61 13 112
125 77 41 74 69 83 14 2 18 117 56 0 48 76 36 116 8 123 68 113 75 42 119 15 29 108 16 46 86 88 118 39 78 120 51 114 52 92 37 23 70 17 105 81 115 82 111 122 19 55 45 64 110 71 126 44 84 35 28 101 121 90 32 72 60 79 4 10 58 6 124 57 31 85 80 5 33 73 106 67 95 63 9 107 12 26 98 102 104 59 25 34 54 1 47 93 103 50 30 61 27 87 96 38 66 100 20 99 97 21 24 65 91 7 43 94 112 49 53 89 40 62 3 11 22 109 13
110 5 66 65 13 120 54 75 98 90 64 97 22 72 43 102 29 112 89 45 69 123 62 109 108 3 94 24 95 85 50 114 121 18 107 12 11 71 17 53 100 44 76 9 82 2 51 21 34 125 55 99 32 113 52 86 60 1 106 87 103 80 68 8 83 47 49 77 46 56 126 115 31 15 105 117 16 59 42 4 96 30 67 20 41 33 10 38 79 26 63 84 122 91 57 74 61 40 19 93 39 28 116 70 119 92 81 58 111 27 0 104 124 101 36 88 37 7 78 25 23 73 118 14 48 35 6
75 71 123 104 72 103 89 85 28 110 14 18 82 106 10 36 120 119 121 47 20 5 29 24 62 27 70 31 125 94 13 112 2 91 81 84 66 7 111 108 65 99 98 0 4 124 6 107 73 49 51 78 12 11 1 50 74 97 25 41 88 109 68 92 87 60 53 118 23 34 122 21 54 93 115 30 61 33 117 79 126 43 64 76 44 95 63 116 22 67 16 3 15 52 19 83 45 114 59 80 55 69 38 9 40 39 101 113 86 42 58 46 77 8 37 96 56 32 17 57 102 35 105 100 90 48 26
38 5 83 43 115 18 10 94 60 98 123 114 110 46 31 116 66 27 74 90 30 101 17 126 2 121 67 125 109 0 62 122 89 42 40 64 12 25 23 59 11 92 9 84 1 72 68 96 36 26 20 29 53 63 73 111 45 106 88 81 33 28 54 87 78 19 108 79 113 75 34 48 97 50 100 95 80 21 56 44 69 51 77 3 102 118 32 99 6 119 22 52 70 41 4 8 86 85 76 13 103 117 37 65 47 71 91 35 61 105 55 39 82 7 112 24 107 120 16 49 14 15 57 93 104 124 58
32 81 46 45 25 106 47 26 69 0 20 110 67 2 62 117 98 101 56 70 104 15 71 112 97 74 17 77 64 63 121 111 60 100 50 92 68 54 108 84 9 78 29 109 119 66 49 85 43 116 51 61 33 122 82 123 76 107 19 36 52 72 115 7 13 5 38 113 102 86 89 23 75 87 99 3 27 48 59 30 126 41 80 22 91 11 83 1 34 65 28 31 18 44 55 73 105 90 124 79 93 40 24 6 120 96 118 4 37 14 39 125 95 114 8 21 57 42 94 53 88 10 58 35 16 12 103
40 72 12 109 75 27 71 117 22 125 104 78 106 124 58 123 113 31 14 5 60 8 88 100 65 66 63 83 107 42 0 95 26 91 15 2 110 105 121 39 59 103 94 7 41 18 81 116 108 73 97 115 45 43 86 13 114 23 47 84 77 17 93 69 89 82 9 118 74 55 37 28 96 126 102 25 64 111 80 57 16 34 112 92 54 79 32 1 50 122 11 3 56 49 87 52 38 70 33 44 53 35 90 46 24 10 48 76 4 19 21 85 120 61 20 36 29 67 119 101 51 6 68 98 99 30 62
42 68 6 88 40 0 105 84 4 57 95 104 100 60 90 115 107 53 3 50 55 19 72 103 9 14 54 125 65 27 24 30 13 36 45 63 2 70 122 81 96 82 59 49 41 76 120 5 25 124 80 62 89 51 119 93 8 21 38 56 26 85 109 110 69 16 98 102 106 77 18 87 11 58 12 46 113 17 97 7 29 78 86 47 75 117 123 99 83 10 15 48 61 35 112 73 1 71 34 28 74 22 111 92 52 33 108 37 39 31 126 118 91 20 79 116 44 66 114 101 94 64 23 67 43 32 121
66 78 34 116 9 73 104 62 23 30 39 71 15 43 122 121 102 0 67 60 40 80 26 83 99 45 125 110 55 50 29 123 14 36 21 16 100 108 87 68 118 82 69 124 117 111 56 53 101 97 114 58 52 12 48 57 115 22 75 5 65 92 109 88 24 95 86 64 113 81 76 42 94 28 6 1 32 89 91 93 25 98 105 44 112 41 37 54 11 106 47 10 90 18 13 63 103 20 70 4 19 120 7 84 46 8 49 107 72 77 31 74 3 33 79 17 35 119 59 96 126 27 85 61 2 38 51
49 124 75 39 66 87 48 109 102 28 1 113 71 118 70 24 104 32 103 92 56 93 59 68 110 119 78 23 81 41 64 126 67 16 114 18 91 30 60 0 98 9 62 4 33 85 54 42 53 117 65 80 45 43 69 57 115 96 21 11 38 14 20 44 2 108 10 79 107 52 17 100 86 19 26 123 15 36 111 27 120 6 55 25 34 125 61 77 12 82 89 40 31 84 97 58 3 74 46 94 121 112 7 5 51 72 37 105 63 122 95 106 88 90 29 13 73 83 99 35 116 22 8 76 47 101 50
45 33 30 17 81 92 54 62 1 116 108 80 72 63 57 70 65 51 100 29 99 48 85 102 60 89 42 37 82 104 109 31 40 49 2 13 0 61 26 28 15 77 24 39 52 5 74 3 122 90 83 94 18 38 68 76 43 50 11 79 103 71 75 119 112 118 78 106 88 23 58 96 44 95 107 98 53 91 110 9 25 84 113 14 20 8 97 7 36 16 69 55 126 105 64 121 93 120 4 86 115 22 66 73 56 123 34 117 59 111 32 67 41 47 46 35 114 19 27 6 10 87 12 21 125 124 101
3 14 91 114 47 21 38 74 18 23 24 39 36 100 49 46 2 121 117 34 61 122 30 37 4 12 116 43 69 83 17 11 10 42 9 103 16 77 99 65 27 109 115 113 104 82 20 72 1 96 54 108 51 55 106 76 13 105 48 8 25 79 71 119 44 98 57 60 118 45 86 95 84 126 73 29 125 7 92 32 28 31 56 87 120 97 26 90 5 15 85 107 112 102 89 80 6 22 94 124 62 50 101 66 59 52 40 63 93 0 58 88 64 78 70 35 67 41 81 75 111 68 123 110 19 53 33
105 60 17 48 70 78 43 80 95 76 69 98 46 23 39 21 121 72 65 49 92 94 5 53 101 73 33 16 15 12 61 99 41 34 36 28 90 25 58 37 86 7 113 89 14 100 79 102 45 97 22 117 87 112 1 10 19 20 40 74 67 59 103 68 56 6 84 77 81 2 63 88 104 55 66 107 26 114 118 124 116 0 51 120 54 42 27 35 71 82 8 9 110 31 91 62 30 64 44 119 123 3 24 4 115 11 93 125 50 122 106 38 75 57 29 47 85 83 111 126 18 109 32 108 13 52 96
61 105 104 31 38 76 4 103 24 71 74 121 44 70 2 54 79 8 62 118 6 100 102 45 116 59 12 11 49 89 125 109 39 40 85 34 29 65 20 35 99 101 72 80 113 17 9 92 110 48 41 10 16 88 30 77 23 107 51 52 18 119 1 63 14 28 108 66 22 84 57 69 5 117 86 56 114 26 58 115 122 93 27 75 55 81 46 19 60 87 111 90 97 68 7 124 37 95 98 67 47 94 36 15 53 82 21 120 50 64 96 33 0 25 32 73 91 78 123 112 43 42 13 126 106 3 83
17 55 57 79 97 95 91 111 52 64 8 100 18 87 75 30 61 1 35 110 49 108 24 23 72 47 20 90 42 96 78 84 70 109 106 105 19 68 93 31 14 2 117 29 123 11 39 6 54 118 43 89 53 40 120 73 37 77 67 9 38 112 28 33 119 99 51 81 116 86 0 71 10 104 60 65 34 85 107 88 45 3 58 48 41 12 22 121 76 32 103 13 74 94 21 115 113 124 114 63 83 46 26 66 16 80 122 36 15 56 102 25 69 126 44 125 5 98 92 82 27 59 7 50 4 62 101
13 19 96 116 71 17 15 123 79 63 72 97 52 120 0 56 46 87 59 65 62 21 82 29 114 4 2 23 44 69 77 75 48 93 74 16 20 32 106 1 121 49 95 83 7 98 5 119 43 54 117 81 39 90 91 89 25 37 105 6 30 111 99 36 27 126 33 58 41 100 8 70 101 73 51 53 66 85 31 38 84 42 47 113 10 125 26 115 60 24 94 22 122 18 9 124 14 110 67 107 11 80 57 64 78 68 40 45 35 102 109 88 76 12 108 28 86 61 104 103 55 92 3 112 118 50 34
26 12 102 84 38 52 23 107 120 122 53 93 15 101 25 65 116 85 54 62 77 57 104 41 74 55 106 13 10 60 68 20 59 124 117 112 43 87 71 4 83 111 81 110 22 45 86 113 9 78 98 72 42 109 121 32 105 79 17 56 7 35 46 39 33 6 18 89 19 114 16 40 118 108 67 58 0 126 51 63 123 34 36 11 48 64 3 44 97 69 76 73 37 2 27 75 50 91 94 96 28 8 103 80 1 92 29 82 30 100 70 95 49 90 47 5 88 66 14 115 119 99 61 125 21 31 24
73 119 75 28 31 32 20 121 5 101 104 24 115 125 27 77 41 98 64 81 108 49 118 35 1 126 71 90 103 78 117 2 40 112 3 67 62 88 50 48 96 63 87 93 113 22 102 123 54 95 21 110 68 37 8 13 100 16 10 36 86 91 9 83 39 124 84 51 47 42 89 6 43 80 18 34 12 79 4 33 11 52 122 29 106 15 94 114 69 60 7 111 65 53 0 14 76 57 92 58 97 30 59 17 45 116 38 72 25 105 46 109 70 19 44 23 120 66 26 55 74 107 56 82 85 99 61
110 50 27 107 126 69 18 79 120 42 32 6 40 33 115 25 34 54 80 70 17 74 78 96 97 47 109 91 71 72 0 31 94 37 104 55 92 51 100 88 1 5 67 11 98 124 8 73 125 102 41 64 56 44 52 81 13 57 121 101 113 95 36 122 76 86 90 26 63 116 43 65 45 14 38 106 118 103 35 29 119 59 85 9 16 99 19 10 30 23 4 2 3 77 61 117 49 114 89 28 15 22 60 39 46 82 62 66 21 12 112 53 68 20 48 58 108 123 111 93 84 83 24 7 105 75 87
96 13 49 5 102 10 109 108 40 123 19 82 89 95 34 76 111 58 30 61 65 33 116 26 66 117 18 23 88 80 75 48 20 112 110 9 44 17 94 12 74 2 87 125 114 25 97 3 105 16 86 59 41 69 42 29 56 72 21 79 55 43 91 120 83 51 73 27 15 8 7 46 38 11 98 100 45 37 113 85 103 64 101 1 53 14 126 6 39 81 31 0 78 121 119 107 22 84 92 67 63 52 77 71 124 70 118 93 115 68 57 106 28 90 104 122 62 50 99 54 36 35 4 24 32 47 60
56 33 49 41 94 92 93 119 89 7 116 125 105 91 88 90 8 111 61 1 118 37 27 69 122 9 64 19 38 25 57 50 28 0 51 44 96 113 31 10 13 75 20 72 112 60 21 59 2 100 84 74 126 70 48 104 97 82 62 79 29 36 40 103 71 42 68 46 95 45 39 52 47 117 65 121 115 14 58 109 78 12 98 24 3 86 11 6 55 80 4 32 77 22 30 54 99 85 18 101 102 114 83 15 16 76 124 107 43 81 108 110 34 17 53 66 73 5 120 67 87 23 26 123 106 63 35
111 6 48 8 22 66 96 103 59 63 85 72 116 26 14 58 109 73 39 1 49 117 52 108 81 45 10 121 28 13 102 83 100 74 34 7 27 77 114 62 24 57 90 18 55 15 61 35 16 92 17 67 84 126 65 21 78 33 50 51 120 89 106 101 82 11 4 115 113 94 99 71 0 64 125 42 88 118 70 93 38 104 110 91 53 79 107 68 9 37 123 75 3 80 43 20 40 29 41 30 122 76 97 105 47 60 19 112 46 124 25 54 5 36 31 44 23 56 2 95 32 69 12 86 119 87 98
39 8 108 60 44 20 47 16 3 113 110 52 32 30 74 50 107 115 11 27 87 25 94 5 21 49 119 103 80 12 19 23 98 91 92 62 10 14 31 13 111 71 89 41 70 38 63 18 53 93 24 117 114 69 85 61 51 42 105 84 9 125 104 28 83 15 77 34 86 126 79 0 100 112 99 67 76 120 102 68 2 1 88 116 73 106 64 7 43 75 65 82 72 66 37 40 4 97 59 55 56 45 90 58 96 121 26 35 48 46 118 6 57 78 101 36 109 17 122 33 123 124 54 29 22 95 81
79 6 66 31 33 52 109 3 40 106 83 91 65 7 29 36 55 76 19 122 69 17 113 107 59 0 126 77 116 72 13 48 81 98 5 61 38 35 62 42 21 28 58 41 39 57 100 64 15 9 99 2 4 123 26 54 12 108 47 114 11 80 94 96 37 68 103 85 92 27 60 78 74 97 16 105 73 56 10 30 8 32 44 115 49 23 1 50 18 67 110 34 75 20 84 101 87 104 25 119 70 90 24 118 51 125 46 112 53 89 93 22 95 124 102 120 63 71 43 82 121 86 14 45 88 117 111
38 124 97 73 12 11 55 70 114 120 25 40 50 82 22 30 109 78 41 113 53 48 98 66 118 16 54 96 4 93 65 58 68 24 110 43 14 49 108 84 8 106 101 67 39 81 121 115 69 85 37 119 6 112 29 56 122 35 99 76 32 89 59 36 91 86 92 126 72 1 80 18 111 51 117 100 5 34 13 87 0 42 116 45 23 9 3 17 83 79 75 47 15 33 52 2 10 95 64 27 125 102 61 90 57 103 88 62 104 63 19 123 21 26 77 20 74 94 60 46 31 44 28 7 107 105 71
22 89 65 44 113 3 63 37 5 15 19 24 43 84 8 94 42 119 61 35 97 36 64 90 4 39 70 0 92 14 85 49 80 110 99 23 123 69 41 28 105 54 57 12 103 38 46 52 104 75 31 115 102 125 73 100 81 34 106 98 88 117 111 74 62 118 107 77 55 86 45 20 59 21 47 17 18 40 1 32 108 26 50 120 124 114 6 27 112 95 82 9 2 93 66 76 78 67 71 109 58 7 11 30 96 16 91 29 116 53 122 72 126 83 121 33 13 48 60 10 87 51 25 68 79 56 101
38 8 78 55 24 14 90 62 42 48 103 20 32 17 116 6 7 0 101 117 126 107 11 51 4 77 56 36 113 52 106 28 123 114 71 3 37 34 63 100 29 30 2 43 22 61 110 98 79 73 18 67 124 31 45 97 35 59 121 40 13 64 25 92 69 122 108 15 65 68 47 111 57 5 81 82 9 104 102 21 58 12 41 10 76 115 94 120 83 86 109 119 49 23 96 72 88 60 46 105 125 95 27 19 91 66 85 54 99 53 112 1 75 50 84 39 118 93 87 89 70 33 16 80 74 44 26
33 24 3 122 5 51 97 65 96 90 88 110 58 84 13 1 40 63 26 66 67 4 91 56 101 0 59 98 100 85 124 105 55 86 60 123 16 108 46 83 53 32 107 31 68 104 45 119 57 15 43 99 29 48 106 14 87 94 21 112 76 116 42 30 52 70 109 23 73 50 82 80 61 69 121 28 17 12 11 27 118 2 74 18 25 126 37 22 117 49 39 9 77 41 10 72 115 62 111 125 47 93 34 20 64 36 6 103 78 92 8 89 79 81 75 113 95 38 35 120 7 19 44 102 54 114 71
46 50 115 65 100 92 97 117 99 16 101 78 1 37 126 81 33 66 28 69 74 38 41 119 49 68 122 54 29 85 25 53 95 59 44 34 35 55 77 114 124 56 71 47 10 91 94 36 27 70 86 67 93 31 17 7 3 103 61 24 11 83 82 62 4 42 90 26 58 102 18 112 52 2 123 87 108 106 75 121 57 76 110 73 125 19 39 51 0 79 40 111 96 20 48 13 12 15 14 6 104 9 89 113 43 5 80 64 23 109 116 105 88 118 8 22 63 107 72 30 60 45 21 32 84 120 98
79 96 17 54 48 124 5 112 51 126 2 115 71 16 117 39 3 122 100 78 70 10 45 91 41 93 60 25 107 15 108 50 31 38 4 94 57 59 90 14 95 82 97 26 85 56 101 99 22 103 86 8 121 6 7 120 88 62 119 116 27 77 28 55 9 76 104 32 74 106 29 113 98 46 67 19 68 33 47 89 11 69 43 18 0 111 63 81 53 92 123 114 83 40 118 80 12 24 125 30 42 109 72 35 73 105 37 75 34 23 13 52 44 84 66 36 64 87 20 49 58 21 1 110 65 102 61
117 125 73 47 16 78 54 81 19 85 70 22 58 76 5 24 37 95 13 51 30 18 36 118 122 106 52 112 34 88 11 104 1 80 59 35 71 86 94 126 119 92 2 23 41 49 63 90 21 27 89 115 101 20 48 61 14 25 50 87 98 83 109 42 15 67 43 123 29 8 72 55 114 79 45 57 39 9 53 68 69 84 3 7 96 113 82 103 31 111 77 110 12 62 26 64 75 0 91 105 121 4 99 28 38 100 33 46 6 40 102 116 74 107 65 124 93 10 44 60 56 17 97 66 32 108 120
105 97 59 67 11 13 98 49 96 62 44 121 55 22 40 103 6 45 75 52 17 88 15 65 112 106 68 9 24 99 42 64 76 87 85 26 90 12 54 70 2 73 30 39 83 66 86 1 57 43 51 46 50 100 36 74 77 31 116 111 71 34 47 8 4 28 3 69 61 20 119 125 78 113 60 117 0 126 48 94 89 58 38 81 122 25 108 124 37 114 120 109 18 93 41 107 16 84 33 7 21 102 123 115 72 29 27 23 110 14 92 63 53 80 82 95 79 10 5 101 32 35 56 91 104 118 19
122 64 15 52 22 114 2 42 21 26 97 51 94 29 1 30 115 34 71 88 3 102 84 11 103 53 46 105 36 27 125 19 39 58 104 41 85 47 37 80 119 69 107 106 32 126 4 31 116 82 89 91 111 110 10 8 48 5 18 24 13 60 73 54 17 7 50 96 25 118 77 16 109 45 99 92 124 74 65 113 112 9 28 12 49 14 72 20 117 43 44 67 33 95 38 35 59 0 57 79 123 120 121 93 87 70 55 108 68 63 101 56 23 66 81 40 98 61 75 100 76 62 86 83 90 78 6
1 115 114 96 87 83 11 42 107 76 24 39 117 14 25 32 120 105 55 69 125 48 20 23 79 27 2 22 58 89 70 73 93 81 4 98 38 44 56 51 0 50 82 97 94 95 47 63 5 91 85 86 17 6 68 49 121 28 18 26 54 65 13 10 111 43 108 100 122 33 66 7 101 31 60 40 110 84 35 53 104 118 15 71 37 61 45 3 19 124 80 119 78 113 36 116 64 109 90 88 34 103 41 59 67 77 112 62 75 102 9 8 29 12 99 52 126 92 46 74 106 123 16 21 72 30 57
27 42 95 15 122 69 19 4 61 105 5 97 96 91 40 45 8 64 109 114 115 26 68 82 41 39 79 101 60 52 123 56 34 25 48 49 102 59 18 72 10 70 100 3 30 73 74 58 57 53 120 33 11 36 83 84 89 107 28 22 71 81 119 2 46 37 16 35 31 98 125 113 126 121 54 104 112 44 50 12 76 20 63 13 51 118 21 75 78 103 0 110 38 86 6 92 85 1 55 7 29 90 65 108 116 87 99 77 106 14 62 17 43 47 117 94 23 111 24 32 67 9 88 124 80 66 93
84 30 66 93 113 78 91 68 44 89 60 75 70 95 31 9 82 111 17 107 118 5 15 0 100 126 42 86 58 20 45 27 7 38 1 115 110 112 116 120 12 67 63 88 109 81 121 83 56 125 65 54 72 69 16 123 124 28 26 52 94 114 46 119 74 32 80 59 8 35 25 34 96 36 11 73 37 55 18 99 22 61 33 50 108 41 106 49 47 51 6 13 29 117 104 102 40 23 77 79 21 71 103 19 98 53 57 43 62 2 64 105 4 3 122 90 24 87 97 101 85 76 14 48 92 10 39
78 7 17 29 82 88 124 119 49 19 10 34 71 66 94 54 64 13 59 111 4 79 37 73 77 2 122 22 58 83 61 28 51 15 113 91 68 106 21 93 8 26 57 116 62 109 18 55 41 85 69 45 118 115 72 114 101 103 104 50 46 65 100 42 76 16 92 14 53 27 84 107 5 32 81 20 44 80 30 102 121 105 3 31 35 126 60 56 9 23 108 95 87 123 125 97 112 117 63 52 0 99 6 38 40 48 98 120 89 86 43 33 74 39 24 75 67 47 70 90 1 25 36 11 12 110 96
52 65 1 54 9 83 117 56 47 124 121 18 57 89 111 13 28 7 95 87 96 53 101 105 106 64 91 90 66 25 118 34 60 94 35 15 99 36 11 76 21 29 37 33 67 114 70 50 45 100 61 73 23 102 20 77 22 82 113 6 41 42 81 5 63 12 75 97 24 119 19 126 85 115 32 49 10 0 55 62 38 72 112 108 44 14 27 78 107 110 17 43 86 80 30 104 103 69 46 8 122 93 4 31 40 48 3 92 59 88 26 58 16 123 98 120 68 2 125 39 51 84 79 71 74 116 109
65 85 52 8 95 29 37 84 96 18 44 112 125 6 75 19 17 94 27 35 28 53 100 105 3 74 0 16 73 64 66 72 62 82 2 15 51 22 23 90 68 124 61 31 116 113 26 78 30 36 98 50 69 101 118 76 34 41 93 107 38 60 108 12 39 13 88 24 126 121 104 43 120 9 99 7 111 58 4 86 83 89 114 47 11 56 81 46 79 97 55 123 109 33 103 71 1 10 106 117 119 25 21 40 14 49 32 67 57 80 87 110 115 20 102 122 45 63 77 91 54 70 92 48 42 5 59
49 26 23 105 46 8 7 16 87 18 80 55 53 38 92 28 40 109 20 58 94 75 96 9 74 35 57 61 86 4 31 12 77 126 115 121 3 111 119 101 95 125 124 85 117 123 106 59 33 78 25 98 44 65 48 37 104 51 64 15 73 88 100 45 39 71 10 62 122 112 72 118 84 82 68 13 52 21 89 120 24 42 11 93 83 19 41 6 27 103 43 97 22 102 56 67 114 30 70 79 0 47 76 110 2 54 116 90 113 29 63 69 32 34 108 17 36 50 14 91 107 66 5 81 99 60 1
126 29 3 92 111 99 63 49 124 58 9 53 85 12 120 108 104 73 86 37 83 116 68 96 93 24 65 51 30 67 34 82 0 115 105 46 117 77 16 19 122 38 15 8 11 56 20 45 70 18 5 28 101 102 42 41 89 112 118 98 13 40 48 47 71 36 100 50 25 17 27 103 114 76 79 1 87 90 88 14 95 52 110 43 97 61 113 106 10 80 123 66 54 21 64 78 125 119 59 74 72 4 60 57 55 91 26 35 107 6 62 33 39 81 84 75 2 109 69 32 121 23 22 94 31 44 7
6 73 19 60 58 9 96 100 43 26 44 15 120 21 25 78 108 99 93 76 113 64 55 114 80 63 7 104 10 88 27 39 125 20 87 110 40 112 54 106 16 118 98 71 4 31 77 105 126 91 34 83 68 30 67 79 94 109 49 56 74 102 85 62 117 50 0 45 111 72 18 24 70 61 84 38 75 2 52 51 41 59 42 101 13 81 17 46 3 28 115 22 122 123 103 33 119 12 57 116 65 121 69 37 95 89 48 8 32 92 29 66 47 53 90 107 124 97 36 35 5 11 86 23 82 14 1
16 87 57 63 71 90 112 89 30 120 56 14 46 61 38 114 0 65 34 101 110 31 29 52 17 47 124 43 77 106 74 10 117 96 24 4 48 32 109 121 95 93 26 116 3 28 81 8 62 59 83 54 125 104 118 91 70 66 42 105 11 5 35 22 86 69 2 36 82 113 79 37 9 20 103 100 92 88 99 49 1 18 45 7 67 76 94 78 27 73 60 39 75 23 55 84 115 122 97 51 68 123 6 15 12 41 64 40 119 107 80 19 98 126 102 85 13 53 111 21 72 58 25 44 33 108 50
54 7 13 76 79 115 66 93 26 9 22 83 80 0 27 103 61 40 58 37 28 20 121 73 8 15 48 70 78 11 34 86 111 87 117 106 102 14 30 1 89 126 98 119 43 46 36 44 112 124 64 31 33 109 65 113 17 123 6 92 118 120 114 101 84 125 29 63 5 52 56 67 51 88 68 81 18 90 42 4 99 60 25 94 53 47 97 55 59 77 12 62 2 41 122 71 3 75 19 108 110 24 104 74 21 10 82 91 32 69 57 45 23 39 95 35 49 50 38 107 100 105 116 85 72 16 96
8 0 88 91 18 25 41 119 35 12 70 38 28 73 77 13 56 50 96 72 76 107 15 46 4 6 124 52 37 27 61 45 9 79 57 94 104 26 103 109 99 83 121 62 117 36 108 87 63 111 82 120 85 92 53 40 93 113 71 116 114 14 86 1 125 64 67 7 75 90 22 60 68 123 17 106 44 3 65 66 126 49 47 105 20 110 19 43 30 33 42 112 78 39 51 55 34 89 21 118 23 10 97 16 54 11 58 74 122 115 48 31 24 80 69 95 29 5 59 84 32 102 101 81 2 100 98
80 35 19 28 109 6 2 92 83 52 88 56 74 124 73 68 25 50 118 98 40 5 31 48 0 39 55 77 24 12 49 46 66 101 47 91 79 10 57 72 30 71 27 82 53 15 93 43 26 113 106 90 112 84 22 126 41 36 18 14 16 51 32 99 13 67 61 17 9 115 85 78 20 110 23 116 54 125 103 102 105 21 34 75 8 108 69 86 11 76 45 96 3 60 111 87 64 94 97 4 104 119 1 117 107 123 62 70 58 7 114 121 120 33 95 44 63 42 81 100 65 122 29 37 38 59 89
73 74 91 19 124 40 86 102 57 126 67 90 39 107 79 38 78 84 98 119 48 87 85 63 46 17 97 25 53 71 116 93 62 41 26 108 2 109 1 30 27 76 118 113 56 125 100 18 7 65 88 9 99 117 16 81 60 51 89 5 43 82 12 92 4 34 122 50 20 37 59 52 29 32 75 35 8 47 14 69 33 42 103 80 0 112 58 22 44 115 110 77 21 95 94 83 64 49 96 36 28 66 24 15 104 70 101 13 45 68 121 3 10 6 54 55 123 114 72 105 23 106 111 120 11 31 61
96 70 88 33 40 104 86 5 49 119 59 42 19 44 89 63 84 124 91 50 46 83 62 61 120 107 16 121 10 3 87 125 99 51 23 102 109 32 7 43 58 20 114 34 25 79 73 35 24 4 18 77 100 111 101 48 60 71 112 11 22 52 9 85 41 17 92 82 31 27 54 115 6 2 75 80 93 105 78 64 90 126 103 117 106 110 45 13 1 47 74 55 116 37 15 28 68 26 72 56 95 65 8 21 69 0 97 29 123 57 94 81 30 53 66 122 39 67 118 12 14 113 76 36 38 108 98
72 25 126 59 32 71 118 49 77 92 111 42 60 0 121 11 120 78 51 125 29 98 52 101 16 26 80 43 38 104 12 40 57 3 93 19 20 114 102 97 47 8 82 7 61 70 44 109 87 24 86 94 10 14 91 21 27 115 112 45 28 41 5 90 99 116 34 84 4 65 83 95 105 117 23 58 35 46 31 36 62 54 108 124 55 89 30 39 9 103 22 123 53 2 76 81 106 68 79 119 37 56 63 69 18 13 107 73 17 33 1 67 75 50 122 66 85 74 113 48 100 15 88 6 110 96 64
12 111 56 39 11 104 14 100 64 91 60 90 68 119 85 49 98 16 75 24 78 61 45 72 9 101 70 17 66 71 43 97 109 92 21 65 115 108 67 41 57 25 120 26 48 10 112 34 118 3 35 18 121 1 51 106 15 116 55 36 69 81 84 87 4 105 37 33 42 27 76 124 54 80 8 52 126 83 31 74 102 99 5 117 88 30 93 6 96 77 19 62 29 122 44 46 7 94 58 22 59 38 50 13 40 2 123 86 73 107 28 32 53 82 110 103 114 89 0 63 23 47 95 113 20 125 79
18 76 58 66 112 102 123 81 110 37 85 19 59 103 39 44 35 106 90 95 69 89 54 65 20 71 87 96 118 42 72 29 101 53 28 67 60 88 21 52 25 51 31 75 108 94 124 12 49 45 121 93 74 79 119 86 23 111 56 17 27 117 113 120 43 125 78 47 13 107 8 3 14 116 70 10 115 73 1 109 99 64 30 7 50 6 100 122 98 126 80 92 114 36 41 46 16 77 9 32 61 62 11 57 5 22 91 0 105 48 33 4 15 97 26 68 24 63 55 2 84 38 83 82 104 40 34
6 51 70 2 114 105 15 108 55 96 59 120 88 52 21 123 99 115 13 67 4 74 45 89 87 91 126 46 125 19 112 68 41 54 37 57 92 71 73 77 25 48 75 103 18 32 111 7 61 69 82 22 72 124 104 62 84 109 121 47 31 83 56 17 50 97 76 85 20 58 66 79 0 11 95 5 36 40 118 38 14 30 35 116 60 26 93 86 80 110 98 43 100 90 63 8 23 107 65 49 9 39 113 34 53 122 10 33 28 102 44 27 24 3 106 12 42 1 117 16 101 94 81 78 119 64 29
123 68 51 105 95 63 10 48 41 107 6 22 113 12 126 56 96 87 49 28 5 108 84 11 77 76 106 124 37 27 86 24 19 70 89 72 36 60 23 80 43 8 18 110 100 122 97 42 111 93 75 99 120 1 66 81 33 0 15 39 17 116 114 57 61 40 14 16 62 59 54 65 30 109 92 29 58 98 13 74 83 121 38 67 88 119 44 79 125 78 102 103 91 52 73 64 35 7 82 104 31 32 69 71 85 118 26 55 46 34 9 2 45 50 112 94 4 90 115 20 117 3 47 21 25 101 53
45 1 108 72 94 118 39 61 113 82 95 112 10 125 60 56 6 62 46 28 63 70 52 122 117 54 64 14 12 35 78 84 96 104 71 68 81 76 49 30 124 86 24 51 58 83 37 106 57 77 85 47 97 126 9 93 13 27 79 11 43 115 21 110 102 23 87 69 74 16 111 100 26 33 41 50 99 121 48 19 53 3 5 101 32 67 66 40 120 2 88 123 107 59 103 0 73 114 18 65 22 116 15 42 89 20 34 75 55 4 38 109 80 105 91 31 36 29 25 8 119 44 7 92 98 17 90
108 67 51 116 75 80 5 83 3 93 94 1 106 35 41 6 84 12 50 29 9 72 95 4 68 48 99 104 113 87 44 26 22 10 38 77 79 19 39 78 25 120 60 125 90 27 53 74 31 45 64 58 11 111 124 122 23 34 36 126 102 115 98 62 107 14 7 0 105 91 33 114 43 28 118 112 57 42 13 20 59 65 24 52 17 2 56 88 55 63 30 101 71 37 123 69 15 92 82 8 96 16 119 66 97 49 85 89 18 70 32 103 54 100 40 110 81 73 86 76 47 46 117 121 61 109 21
50 106 51 118 112 119 65 24 18 82 81 29 58 8 101 48 54 43 44 2 115 74 126 55 36 62 124 83 103 89 33 79 77 30 41 27 105 120 98 17 99 104 1 94 35 16 19 20 64 110 123 14 60 87 121 70 69 12 95 38 13 46 45 85 91 52 80 4 122 26 42 107 3 92 114 68 23 71 111 25 96 72 39 61 0 5 21 47 59 88 63 7 28 37 84 6 32 66 67 56 76 100 15 34 10 113 117 97 90 11 102 78 125 22 109 93 86 49 53 116 75 108 31 9 57 73 40
119 69 99 91 64 94 126 95 13 67 33 37 86 96 0 107 58 65 9 44 78 85 74 60 54 6 35 55 49 38 27 118 104 41 105 112 46 56 76 30 92 40 79 87 19 100 93 10 82 108 23 73 57 102 101 48 20 59 52 90 66 75 7 4 43 8 17 97 42 122 88 114 71 123 81 68 47 12 124 109 61 16 11 50 80 63 2 26 31 29 53 77 103 106 115 5 36 25 116 125 28 22 72 113 120 98 45 62 3 14 110 84 51 21 111 24 15 18 32 89 34 1 70 121 117 83 39
106 11 52 60 25 75 74 15 83 21 55 122 44 49 58 69 20 53 26 59 48 35 2 8 7 29 42 94 24 121 114 45 33 62 34 67 38 81 79 72 90 113 47 111 18 80 30 31 115 51 125 23 66 112 91 73 92 41 77 103 105 19 12 99 93 22 28 54 1 64 119 70 10 76 86 61 97 124 120 84 65 104 71 117 88 13 17 3 40 43 78 39 6 110 46 63 5 126 68 89 14 108 95 100 82 96 0 56 107 32 9 102 98 57 85 37 87 101 50 109 16 123 4 27 118 36 116
56 67 2 76 30 125 95 62 115 83 96 10 29 24 65 78 71 49 111 114 72 64 101 39 87 38 74 9 19 117 100 14 60 92 86 89 45 110 121 7 102 105 32 116 98 48 43 81 109 6 40 84 15 103 5 1 113 34 112 27 119 20 53 22 93 68 66 16 0 55 106 13 12 80 61 85 3 41 104 50 108 51 57 59 97 90 4 94 37 123 44 11 75 124 58 70 91 107 82 35 52 26 54 28 77 23 79 47 17 118 122 73 31 36 126 18 21 120 25 8 63 42 69 46 99 88 33
84 39 6 50 5 28 43 7 92 57 97 31 122 83 103 106 69 113 32 111 80 101 14 73 33 74 62 125 20 36 48 89 56 60 53 117 99 119 70 72 82 67 1 41 35 85 42 96 124 107 9 78 18 49 114 65 26 109 4 66 10 86 120 105 17 102 64 75 112 12 115 55 34 63 22 44 77 47 90 54 2 24 68 126 79 0 61 95 59 29 81 19 13 98 58 3 116 123 37 88 8 91 110 71 15 108 51 94 27 45 46 121 25 52 76 93 100 23 118 11 104 87 38 40 30 21 16
96 83 9 27 45 20 110 117 30 25 56 5 47 63 80 84 37 121 13 7 104 21 76 120 8 40 124 36 66 101 11 52 42 65 43 116 81 41 119 38 35 22 34 4 103 108 105 122 69 118 109 98 95 54 112 107 111 90 94 39 75 23 0 33 62 68 64 10 31 82 59 126 53 18 3 92 29 73 70 79 55 91 85 87 16 24 19 46 86 58 106 114 28 100 49 48 6 32 113 51 93 72 99 71 74 123 44 88 1 2 15 78 12 102 26 97 61 50 89 125 17 115 60 77 14 67 57
69 42 10 30 48 120 33 74 13 5 119 109 34 49 95 17 66 54 64 115 36 105 98 123 19 73 70 78 39 83 68 50 97 51 55 82 93 15 27 57 35 90 65 87 18 71 52 9 53 46 86 114 7 76 100 104 124 28 88 43 102 22 72 59 37 11 3 26 29 16 85 92 25 60 2 77 1 45 56 89 20 61 122 24 62 0 126 41 81 8 75 96 44 32 63 94 47 79 91 12 38 40 67 111 108 121 58 6 31 4 106 99 112 84 118 125 101 21 14 116 23 117 80 113 107 110 103
99 118 30 88 90 16 8 59 86 18 14 42 11 26 68 116 119 120 52 79 124 5 102 41 1 115 13 65 21 121 101 71 24 87 93 57 17 49 28 54 92 6 58 7 19 81 78 61 45 80 66 103 72 83 107 112 122 126 22 85 91 50 64 44 36 32 96 110 109 94 113 84 77 114 9 100 70 63 108 35 55 20 37 2 123 104 75 31 38 62 98 51 4 43 23 0 67 29 27 56 53 47 111 105 106 3 39 15 46 48 89 10 97 12 69 95 117 25 74 60 40 82 33 73 76 125 34
92 30 7 67 105 34 86 31 91 101 27 41 99 18 3 122 35 89 1 6 71 78 87 85 103 40 70 113 123 84 80 48 58 125 81 100 110 12 107 22 54 124 118 117 66 109 44 51 2 115 47 61 96 29 102 10 79 4 33 104 46 52 69 97 11 32 0 36 49 42 17 28 9 45 59 98 82 93 90 114 120 19 108 88 38 20 75 23 63 95 116 50 83 26 119 73 106 121 55 76 43 37 126 14 39 64 77 24 15 94 60 8 56 65 68 5 74 62 16 53 111 13 21 25 57 112 72
86 98 68 44 74 89 107 36 83 116 15 55 80 81 73 26 122 12 93 69 3 112 25 4 88 19 11 108 2 61 13 60 75 31 101 35 48 96 124 32 117 67 82 84 46 92 5 58 10 106 94 41 18 72 43 102 8 33 103 120 9 22 105 65 56 85 114 121 39 17 90 38 23 110 1 29 27 113 115 70 100 87 118 6 77 14 104 21 78 119 54 95 62 0 42 16 47 49 20 40 109 53 52 30 57 126 79 99 59 24 111 125 63 64 51 66 28 7 34 50 123 97 91 45 71 37 76
69 80 103 19 86 31 2 120 41 53 6 77 62 35 16 100 8 26 56 88 50 97 15 70 9 76 113 68 30 7 106 37 20 29 10 64 115 108 12 46 117 40 75 49 21 123 54 102 111 87 126 116 47 45 119 95 57 27 43 39 101 51 0 85 36 66 14 34 112 109 125 33 84 104 5 44 79 24 114 122 81 99 65 32 22 18 96 55 63 23 71 11 118 105 60 90 13 82 3 4 38 74 98 93 59 48 124 83 61 1 58 17 67 52 78 28 89 72 42 107 110 73 92 94 25 121 91
42 48 105 55 79 102 98 82 115 41 12 25 116 35 9 88 0 21 56 51 16 7 11 15 76 87 52 91 84 72 60 22 31 75 43 110 47 67 113 40 45 23 30 2 18 34 33 107 37 97 121 69 20 104 106 117 59 119 65 83 32 118 63 86 112 123 81 93 89 8 124 3 74 71 57 17 53 80 126 58 90 29 108 94 64 13 54 49 70 78 66 26 73 61 125 5 36 24 100 19 114 109 62 27 1 120 103 4 111 38 77 46 92 85 6 68 99 39 50 14 95 101 28 122 96 44 10
121 12 89 64 99 112 57 7 59 32 118 22 72 60 30 11 68 37 9 93 31 28 109 42 61 77 53 41 62 27 116 115 97 29 75 113 15 35 51 80 10 79 40 56 110 101 21 90 111 6 46 102 16 45 50 17 14 125 78 70 67 3 106 19 87 23 88 126 117 5 65 92 39 114 26 103 69 74 96 108 71 66 85 84 105 73 58 98 81 24 34 43 55 100 123 63 38 54 107 104 91 36 2 47 18 20 82 1 120 8 4 76 94 119 48 86 95 52 83 13 49 0 33 25 122 44 124
107 61 113 19 56 111 82 108 67 103 81 38 6 70 51 2 121 13 125 16 28 36 39 89 48 23 84 78 11 93 52 105 24 54 119 29 126 18 95 69 49 117 76 55 100 66 112 53 4 86 77 41 104 26 32 3 33 109 25 96 64 97 10 90 20 27 85 44 110 98 80 87 122 8 74 115 40 65 101 42 12 94 106 37 124 17 71 7 34 57 92 14 35 59 1 31 62 83 50 60 43 58 91 63 79 116 9 75 88 5 47 99 15 46 118 73 22 45 123 21 68 72 102 120 0 114 30
23 117 76 60 104 98 39 74 72 34 124 87 38 122 73 25 43 48 75 90 20 31 96 57 103 33 16 3 106 37 56 42 95 68 125 120 51 119 61 67 126 82 70 22 116 27 92 63 121 77 80 21 115 110 62 47 100 102 54 83 19 53 86 13 15 97 111 78 4 11 94 18 85 66 30 35 93 1 12 109 26 79 114 69 7 112 84 58 71 49 28 118 40 50 81 29 107 24 55 44 113 101 91 2 17 105 99 14 64 88 46 6 9 41 89 10 5 108 32 65 8 0 123 45 59 52 36
17 36 80 107 11 16 43 95 85 114 40 29 0 14 125 75 106 66 61 79 46 25 27 112 105 4 59 7 15 67 49 56 32 63 64 98 26 120 126 94 10 82 101 108 87 48 65 69 83 28 34 33 103 55 18 22 68 81 117 31 35 115 121 52 92 93 6 19 51 110 23 13 109 90 71 3 70 116 72 2 53 20 1 91 50 78 37 24 45 88 57 111 84 118 119 21 42 89 104 77 123 113 86 99 8 58 122 12 74 30 96 76 9 62 97 44 73 100 41 60 54 38 47 5 39 124 102
101 87 39 29 6 80 66 102 109 45 92 96 114 76 18 79 42 2 108 68 31 36 15 62 112 20 21 91 85 49 17 69 11 113 98 100 88 103 124 0 104 37 120 93 63 50 110 95 34 78 59 121 89 116 22 107 35 72 23 74 65 3 1 97 61 77 119 41 90 94 55 10 43 81 111 57 60 38 12 56 73 16 24 33 52 25 58 53 27 46 13 4 64 14 84 71 40 48 122 51 19 82 117 86 8 106 47 115 67 5 70 105 99 28 32 9 126 125 26 75 118 54 44 123 7 30 83
48 40 112 5 23 54 66 26 13 36 56 33 59 96 11 17 3 32 117 4 22 78 62 122 35 53 101 107 69 91 87 34 114 110 14 89 95 50 0 45 61 92 81 24 28 88 104 111 42 123 77 73 72 75 109 84 52 102 79 113 116 31 12 43 86 93 126 55 70 21 51 98 38 115 20 15 121 19 1 76 44 49 99 85 16 74 6 10 18 2 47 106 60 39 27 63 103 120 108 8 9 83 57 105 118 94 97 125 58 68 37 90 7 30 124 64 65 29 80 41 82 119 25 67 71 100 46
74 96 119 115 29 117 20 7 88 87 69 99 86 85 12 62 94 72 51 37 50 30 54 56 93 14 97 114 49 95 46 112 1 3 122 57 19 45 10 8 21 111 53 121 11 24 104 67 52 107 109 6 44 60 22 103 61 38 125 76 124 0 100 102 90 41 71 43 5 23 63 77 40 91 47 31 73 92 25 59 123 33 35 80 101 68 70 34 66 4 28 81 116 39 36 32 89 15 113 16 64 108 27 118 98 58 9 17 110 126 106 82 48 84 105 75 120 55 79 13 26 83 18 78 2 65 42
89 22 73 45 125 108 56 10 116 16 14 35 86 70 40 104 105 24 11 113 96 54 120 98 0 28 115 71 59 44 31 88 85 84 121 7 18 60 69 123 62 66 15 102 122 64 72 6 58 43 4 42 93 82 111 87 33 79 63 13 2 92 126 17 103 32 114 23 49 83 67 78 25 34 65 37 51 94 75 26 106 99 81 90 55 48 38 91 30 27 52 12 80 95 36 8 112 97 9 61 118 1 39 46 77 41 68 110 3 109 50 76 21 119 57 74 20 53 101 47 117 19 5 100 29 124 107
1 77 68 113 79 17 45 2 44 43 94 111 103 0 12 8 123 118 15 115 58 22 105 62 42 9 18 31 101 104 35 112 50 52 66 99 20 40 75 116 71 85 84 76 3 124 32 64 55 5 14 107 88 74 34 54 125 106 47 24 11 51 90 53 110 120 56 46 126 81 80 61 89 92 93 29 6 16 119 78 98 59 38 60 87 122 41 33 83 57 67 82 36 63 48 7 21 91 69 49 23 100 28 25 95 86 30 26 97 13 39 114 117 19 96 102 73 70 65 37 4 109 121 72 27 10 108
32 44 114 31 103 56 5 21 123 113 73 38 126 91 78 9 3 25 63 97 66 4 40 19 109 122 51 22 67 68 34 69 0 27 17 100 107 57 83 53 81 70 13 2 43 120 28 92 29 94 1 24 72 52 99 90 108 117 119 76 16 71 59 121 49 47 124 102 35 110 80 45 23 46 116 89 15 105 60 8 48 50 115 86 118 87 12 18 61 79 14 77 84 95 101 96 11 6 58 98 65 74 36 20 55 85 41 37 88 33 93 39 62 7 112 125 106 54 75 42 64 30 26 104 10 82 111
121 7 117 74 113 110 20 35 126 56 6 100 120 111 119 115 118 125 30 38 79 19 116 58 8 88 45 86 42 46 93 47 65 17 99 16 33 69 28 106 29 41 96 109 24 48 98 3 66 10 62 60 13 101 50 80 76 44 84 43 81 31 55 89 34 53 52 95 107 37 97 61 77 39 4 51 9 59 123 108 114 75 104 85 87 82 68 122 102 54 70 27 94 36 25 63 18 103 57 112 72 71 67 91 64 1 22 2 0 73 78 21 40 92 32 11 14 5 90 15 105 23 124 26 49 83 12
15 100 73 13 87 116 14 80 94 107 79 6 25 89 43 52 125 112 53 1 111 103 59 92 20 97 30 34 77 17 27 35 115 105 69 75 55 22 36 29 47 108 0 41 121 2 5 56 23 21 42 46 122 68 83 110 81 74 26 39 114 93 7 62 12 126 67 11 4 49 31 119 70 82 91 76 60 78 113 86 10 57 61 98 19 38 101 109 45 44 118 18 48 37 54 85 24 96 71 104 32 95 106 16 64 51 58 88 124 40 84 8 72 9 63 90 123 3 50 33 102 65 117 28 120 99 66
41 98 48 96 65 85 30 19 43 54 31 49 62 57 0 50 6 29 105 11 60 120 80 118 15 9 46 10 18 66 21 2 51 123 102 94 17 70 77 106 36 89 4 103 42 39 63 90 82 16 125 97 76 55 28 101 34 93 23 1 24 45 114 67 12 3 14 13 53 72 35 26 104 115 86 25 8 81 52 109 71 124 121 75 37 92 108 64 99 40 33 113 110 95 83 73 78 56 116 22 27 119 111 126 69 7 107 5 91 88 32 20 117 38 68 44 58 79 122 100 112 84 74 87 59 47 61
