6 -48 -62 -87 61 59 1 30 39 -80
82 -63 -93 94 -23 18 21 -59 -72 32
61 -90 85 -9 4 -5 -9 94 -93 -21
46 85 -45 29 68 78 88 -50 -67 29
44 -55 -46 66 80 17 63 3 39 -54
-37 93 -2 -20 79 33 -10 37 57 7
19 73 65 -85 -53 45 -16 84 -8 -92
-67 44 -11 -16 72 93 -65 59 97 -68
-54 14 -71 64 -27 59 -95 3 -82 85
-83 -63 -3 -21 19 -22 -69 84 20 7
-28 67 -55 -95 82 29 -58 15 -76 -73
-53 7 6 9 49 75 -72 31 -59 -20
-83 13 -25 -85 27 -71 -2 88 30 76
2 -89 -2 -15 2 97 -62 -99 -74 -20
54 99 -15 -81 68 18 -40 -42 47 -66
-67 -51 40 99 -94 -5 73 -66 -84 -31
-16 78 56 -41 -5 3 95 -10 64 14
69 -54 -21 30 -70 65 65 54 -37 -6
48 41 53 58 -5 79 -56 -75 8 81
-42 -12 -71 49 -8 28 -42 41 -74 -60
-57 -93 12 10 57 -81 -67 9 -31 66
-8 -95 13 -72 42 -22 62 50 -90 -69
75 80 -25 91 -94 -40 16 84 67 -1
-81 53 -14 -21 5 -83 -70 41 -98 -18
-13 -3 29 -55 -11 -65 81 36 44 14
-63 -47 82 -49 -57 -50 -96 29 40 21
-7 52 79 -21 -85 -29 -94 61 84 6
59 -87 -30 -35 -91 0 22 -62 -99 46
66 -27 24 25 39 -94 -60 70 -55 27
20 -75 -20 17 67 -77 -41 -35 10 70
-12 19 69 -86 -27 59 29 71 46 -95
-75 57 -30 -93 -21 10 -3 -74 12 -32
-20 -73 76 39 21 -65 34 -16 26 46
77 10 0 -38 22 36 -84 -66 -82 54
-67 8 -56 26 51 27 60 52 -58 83
-94 -74 97 27 -77 60 -21 -44 38 1
42 68 -7 65 85 13 43 -40 -67 17
55 63 14 31 -57 -71 -63 99 98 63
-8 -40 -77 -13 89 -12 -37 -99 -93 -60
-76 -26 -21 -28 -13 -91 4 -82 54 -6
-68 -64 19 8 -44 -82 -5 -67 0 -38
10 -59 -99 -81 -15 -58 23 55 51 -88
-48 76 -81 -20 -29 22 26 -23 -17 -90
-74 -1 47 76 77 -31 56 -97 37 44
54 -92 75 42 -28 -84 -19 -3 63 53
-67 -90 -37 32 72 61 33 88 -88 2
85 92 -76 -89 67 15 -87 -55 0 12
-81 -27 -69 29 -10 -62 -83 -11 -10 68
-80 57 88 -81 70 -82 -36 -1 1 24
3 -49 -8 24 37 -6 29 21 58 -3
-75 41 77 -46 86 45 -60 47 -48 -12
6 -51 -78 74 -59 -62 -10 34 -17 44
-3 27 66 16 98 75 -49 13 11 13
-31 -67 58 -11 -62 41 96 -62 21 -61
-53 -1 69 69 -1 32 70 -76 3 -3
85 -30 33 -33 -64 -47 5 2 78 67
-35 -58 -80 6 24 94 20 -36 50 -92
-52 -67 49 -25 70 85 -63 63 97 1
-51 -64 58 68 55 42 7 73 48 -62
-2 -92 -76 55 -22 -33 24 -46 10 73
94 49 -80 66 86 -26 6 92 -51 1
-55 91 -21 65 -76 88 2 -15 6 -95
-20 -77 -17 38 -69 42 47 -37 -37 -27
13 86 -33 -14 64 81 -88 -91 82 -31
11 89 63 92 -56 -74 -35 -93 -62 39
-8 -1 -26 -48 65 -5 70 -30 -83 -54
-73 -98 67 33 90 -57 33 47 -71 99
59 5 -76 19 2 73 72 -32 -21 84
40 -42 86 95 37 -58 65 -24 -33 14
-18 -34 72 -86 -24 63 -72 31 -17 -57
-56 -90 3 -36 -83 -66 81 -14 77 32
41 -71 92 -98 0 66 22 -31 64 50
-81 14 1 95 -18 -96 -63 -70 26 88
-46 -66 70 40 -35 -16 -27 -27 -43 -51
-71 -65 -91 17 -91 30 43 -24 6 39
-8 15 27 90 72 -48 59 13 51 -80
37 -53 -6 -13 -42 21 -77 80 66 78
-55 -61 -88 -42 55 85 -7 -59 -73 -43
-43 -15 22 83 -75 93 84 -16 79 17
-35 -56 -71 84 -90 70 -57 87 88 -59
40 -92 62 -9 -48 -8 -4 -97 95 66
92 -76 -19 4 -90 -26 45 -4 47 17
35 21 42 17 -17 -17 -85 94 -53 80
-23 -26 16 20 -19 -61 39 38 71 -2
23 14 95 84 -67 -50 -6 -51 69 -17
96 42 -71 -4 17 -73 21 32 -3 62
-41 33 87 9 -51 90 -41 59 -40 -73
-58 28 27 3 37 -17 5 21 -61 44
63 26 47 26 -61 20 34 82 -26 22
-14 8 -83 -65 -99 79 -64 68 97 -30
-70 -88 42 98 -11 46 12 39 -45 11
-57 -87 -74 50 78 -20 0 -54 54 -94
-12 86 -52 66 -37 29 -9 -4 -42 63
33 69 71 -82 -72 -97 91 44 91 -34
11 47 -31 33 -93 -40 57 37 -25 23
-57 -36 10 9 -56 -15 -66 -38 95 -80
-47 28 1 26 19 47 65 96 30 42
18 0 87 -19 52 -48 41 2 80 14
80 48 -51 4 75 -36 84 -98 -2 13
-78 55 -82 93 -77 -64 -67 -62 -77 53
