-78 27 -73 66 69 16 25 50 -86 35
-23 34 -81 27 16 -92 70 -6 91 21
-25 57 15 -14 24 87 -58 16 -46 -15
-10 -63 66 15 8 10 -59 35 94 -31
-90 -7 82 16 23 54 91 -35 99 97
-23 42 60 -2 84 0 -62 -48 94 61
-31 -38 88 -7 56 -63 -40 71 97 -39
-5 1 19 69 85 27 -31 -3 -76 -78
56 36 38 -19 50 -76 5 34 -4 63
43 54 61 85 41 -48 56 -90 9 -99
-95 -19 -66 99 -84 -31 54 -78 72 -15
-85 52 66 -69 -29 68 81 74 61 -9
7 36 -67 74 -56 12 51 74 14 72
-63 -36 -9 21 -52 72 -27 55 22 77
35 -75 -20 -79 -66 89 -64 -19 11 -79
68 47 -93 53 6 40 -73 20 -57 -26
37 24 33 -26 -6 -37 -20 77 -43 69
-91 19 3 47 87 73 -15 2 5 -20
-92 -33 4 -77 -83 -54 60 -18 -15 1
-55 -5 -43 -80 -30 -27 98 -7 51 19
52 18 -2 26 41 37 29 -5 -95 20
-31 -65 -7 -79 65 -6 11 95 40 -55
55 -98 17 -3 -57 -54 -98 56 -50 69
-4 -31 -20 91 -41 -28 -44 47 -56 -1
-81 82 63 -89 52 -98 -22 -12 14 37
-2 43 80 28 -69 93 83 -19 94 -4
-20 -21 3 77 -94 89 88 -68 7 -4
-51 35 -30 0 -21 -99 85 -4 35 -95
-16 98 12 52 -92 54 -3 0 -73 54
-40 -81 1 74 7 -82 -41 0 31 -83
9 -71 6 15 -51 -73 -75 -32 90 87
-75 -74 -5 40 48 -61 23 -23 -74 -97
38 -70 14 54 41 41 94 -65 -20 60
96 -19 53 73 -72 19 -28 -45 -16 -99
-16 88 54 -61 -68 -16 82 -79 -40 -16
-62 -64 -3 -15 17 -91 97 -84 66 30
-56 30 59 61 84 -23 69 33 87 9
-39 -72 -76 66 -34 42 -94 85 23 31
9 -13 89 28 97 -9 -78 23 -71 -10
85 -30 67 -59 -75 -88 94 -10 58 -30
23 -67 85 58 -48 69 20 73 -40 -10
57 -69 -95 -54 -87 28 -26 -99 -80 -57
-47 78 -89 98 -28 79 -5 72 -40 17
-7 -99 -19 71 46 -75 -22 3 42 81
-43 92 -4 45 -45 47 -60 -83 57 0
-2 -10 -94 5 13 -69 -45 44 -69 -78
6 53 79 -92 28 -57 68 -26 -29 -94
-32 -26 81 83 -46 14 69 -44 -21 -25
84 -12 -75 6 -14 -38 74 -48 78 67
25 -96 33 94 87 -89 70 30 -50 -27
94 -76 -83 -50 -5 -52 4 -29 36 -65
8 20 -8 -42 46 42 -90 -20 33 9
70 67 50 -39 -11 26 -72 55 81 33
66 67 -75 29 -43 -35 -20 -45 -78 77
65 -32 15 -75 29 10 -95 -70 69 81
-16 92 -27 -5 97 44 -39 26 -10 -29
-54 55 14 60 -3 -31 25 -41 15 72
2 37 56 57 -70 -54 -19 -83 15 -63
85 35 -32 -18 83 -97 -15 20 -69 -48
89 -6 44 -5 25 21 71 56 -87 27
-5 39 32 19 -92 55 -14 40 57 -33
-82 96 28 77 -40 0 32 -8 -42 90
72 30 68 93 -15 -29 -30 15 -64 24
4 90 10 -7 49 32 -34 1 -78 -66
-13 37 -95 63 72 35 97 -49 -82 -58
-30 22 25 -41 26 -32 98 -7 -98 17
8 22 47 67 68 33 -54 53 50 63
77 -59 5 92 91 -83 30 4 -93 96
0 49 -11 -37 27 -78 -56 -86 -92 -98
-32 97 -94 -27 -9 99 -73 50 27 -84
-25 -16 -47 -68 -80 -98 -48 80 -70 99
71 -91 7 73 54 44 74 93 15 -59
93 -71 -13 -16 -42 -44 43 -71 -40 -29
-11 -19 -69 80 -4 90 -18 -56 68 44
26 -55 21 59 -47 63 49 -22 3 -78
63 -15 -57 98 -30 29 83 -10 0 -11
12 20 84 -66 86 93 -28 68 75 -69
2 49 -71 50 -98 -66 -2 27 68 -93
18 -94 -32 -49 -11 -39 96 32 94 47
-46 26 66 31 65 -44 -52 54 -89 -37
-25 11 33 77 61 -76 -46 8 20 -8
59 -97 -7 -72 27 -57 -98 -58 -54 67
-98 70 -94 26 -39 81 -49 79 -84 -96
-64 -91 15 -82 -14 75 -7 32 -50 -6
-33 -15 -93 -61 73 -66 -53 26 4 14
59 15 -48 79 -3 4 37 87 73 -46
-52 39 90 87 -34 -42 -12 -99 39 -73
40 -38 -42 -77 92 -60 74 -97 -10 31
-76 -90 -57 -56 4 -53 -63 53 54 -64
-64 -38 29 38 -11 40 -41 -94 -6 -77
-64 10 -69 46 -83 -40 29 -84 49 98
-61 41 35 5 72 19 67 8 -95 59
24 49 27 -25 -60 -33 -99 -19 38 3
44 66 51 -9 18 -63 19 70 76 -2
31 35 -13 0 2 30 52 -55 -27 79
59 17 17 92 82 -10 52 -32 -29 -8
-88 74 94 12 12 6 68 -57 -50 -15
-35 24 26 -11 -63 -28 65 -50 20 67
-31 -71 -75 -37 52 -92 -65 67 33 71
-95 50 -30 76 21 66 -90 85 -7 -89
