96 48 61 69 34 29 46 31 0 103 87 49 15 82 85 28 89 80 36 79 30 37 76 125 10 118 126 101 88 47 2 112 22 14 54 51 72 86 116 92 117 102 9 84 99 124 120 53 58 44 75 106 83 113 105 25 115 8 42 43 97 108 59 35 91 68 19 12 78 64 52 95 100 56 5 41 77 17 94 24 71 74 50 70 111 11 4 20 73 33 27 81 1 16 90 3 23 39 55 32 122 121 114 6 109 63 57 67 98 66 93 62 104 40 13 38 18 107 65 60 45 110 7 123 26 119 21
102 17 109 103 41 76 46 65 54 60 79 63 82 72 24 99 61 29 70 113 34 56 64 31 19 52 118 126 5 10 68 117 101 95 20 57 83 3 13 48 14 27 110 122 50 49 96 15 2 89 105 12 28 119 115 123 66 81 69 25 18 124 40 85 0 84 91 100 97 107 21 111 22 125 4 35 121 104 87 23 67 112 98 78 59 92 108 58 45 86 11 43 73 38 37 1 6 42 7 8 114 26 9 71 33 30 94 16 74 55 47 36 88 75 51 120 93 44 116 80 62 90 39 77 106 32 53
51 120 21 55 1 28 77 91 6 18 5 76 123 119 46 39 53 32 126 90 15 75 17 40 13 49 81 31 3 95 54 59 60 122 34 101 124 72 92 69 45 97 4 100 10 24 38 41 109 52 87 33 110 102 80 74 118 112 113 61 98 96 43 27 99 93 67 83 56 62 71 125 85 22 114 37 14 63 70 50 117 35 68 20 36 103 111 107 11 66 25 19 12 84 121 7 8 73 86 65 105 2 44 82 115 26 108 57 48 29 104 88 0 79 106 78 94 58 23 42 9 16 47 89 116 30 64
56 94 115 108 121 85 84 66 75 27 39 106 114 3 37 33 54 102 18 74 40 78 99 23 76 6 116 49 65 90 63 14 48 96 72 117 15 120 16 103 7 107 83 64 101 59 61 20 88 8 2 55 45 52 29 69 79 62 30 68 113 124 47 109 91 1 126 71 0 53 80 19 82 32 77 118 21 95 10 34 50 93 97 111 92 73 67 9 41 17 119 5 57 13 43 89 125 60 87 86 122 4 12 31 26 25 35 46 22 110 100 81 38 11 105 98 42 70 51 123 24 36 104 112 44 28 58
96 94 42 59 21 69 34 78 75 41 76 121 123 86 43 108 14 49 71 66 60 73 45 72 102 65 8 1 77 15 91 120 57 79 109 3 70 103 38 28 85 9 58 44 67 122 117 24 46 25 83 39 13 118 81 54 104 113 84 7 40 36 92 63 55 0 11 37 125 116 30 5 6 27 48 107 26 17 62 124 80 18 100 119 22 31 64 61 4 12 101 99 20 16 56 74 95 32 35 51 10 33 19 114 68 110 47 88 53 82 23 98 105 97 90 50 93 106 115 111 2 89 126 87 29 52 112
78 64 23 28 6 25 60 5 114 85 7 43 109 111 84 100 8 51 75 0 56 13 4 81 35 70 26 99 86 79 10 3 33 38 61 118 31 119 74 104 52 29 122 80 89 30 93 55 108 49 11 19 72 117 83 21 76 65 34 48 9 12 94 47 116 66 68 110 24 17 20 90 96 45 42 125 39 87 46 36 16 27 112 18 126 71 123 41 107 103 106 58 53 1 69 113 120 121 73 22 37 82 92 102 57 115 2 32 77 62 67 124 50 40 105 95 59 88 44 91 101 54 14 97 98 63 15
19 15 12 10 118 64 0 116 52 95 70 110 120 80 7 82 94 60 108 72 88 33 63 27 2 101 92 4 34 115 9 36 125 6 85 39 38 75 98 121 111 86 20 50 49 22 29 37 43 105 14 79 30 106 25 13 8 28 69 3 93 17 114 55 71 90 46 67 81 35 73 65 31 51 26 99 62 40 78 53 112 126 66 87 47 89 48 18 74 16 83 124 44 100 56 103 109 58 23 102 54 57 5 91 1 32 117 119 77 84 96 42 24 122 97 123 76 45 21 107 68 104 59 11 61 41 113
26 74 45 101 66 53 7 24 109 78 106 96 86 38 21 83 44 68 81 124 51 2 75 100 121 49 27 55 76 99 46 64 47 111 3 1 126 14 104 65 35 113 80 112 15 102 5 61 9 72 98 110 18 11 108 42 119 95 41 67 32 114 8 31 82 120 39 87 13 92 77 48 60 43 85 69 123 0 29 16 34 79 22 17 70 122 58 36 54 50 73 90 23 33 91 40 57 117 97 107 30 25 89 93 10 94 116 88 63 84 105 115 103 52 118 28 12 4 62 71 56 19 6 59 20 125 37
95 76 104 72 80 73 100 27 53 107 62 34 25 12 0 68 20 61 87 110 13 10 91 123 19 24 14 16 118 46 64 48 63 28 23 2 40 33 50 7 70 79 29 49 60 88 5 105 102 9 32 121 126 86 116 115 57 113 69 38 47 84 125 42 93 15 77 1 97 106 122 59 78 26 111 92 18 96 117 36 58 35 99 3 120 44 103 108 21 75 124 43 67 37 114 83 66 6 41 17 109 52 98 54 90 89 39 30 71 119 55 94 82 51 56 112 11 81 45 65 4 85 22 8 74 31 101
81 114 56 119 83 39 107 91 110 26 11 9 7 89 74 93 17 109 5 6 94 117 24 111 30 43 68 79 54 37 124 86 61 65 97 2 49 60 58 57 10 0 42 73 113 121 120 108 118 98 35 52 31 126 116 101 75 23 40 47 16 85 3 99 122 4 92 125 66 95 87 34 100 123 22 27 14 62 50 41 1 88 80 55 15 21 13 106 82 19 71 59 32 112 76 36 44 38 84 48 25 18 29 104 45 64 115 20 90 12 51 33 28 77 78 67 102 70 53 69 72 8 46 105 103 96 63
112 81 30 20 3 118 107 10 46 98 79 32 97 44 113 69 102 77 8 86 37 7 59 84 82 74 55 66 119 43 15 122 90 6 58 94 104 11 19 50 106 68 31 16 75 45 41 105 103 116 56 111 26 4 89 60 42 99 40 54 49 76 2 124 121 63 126 70 9 72 91 101 92 110 47 36 108 78 85 83 109 96 125 27 12 71 5 14 93 34 80 67 61 53 17 48 21 1 64 117 87 95 123 33 29 18 0 62 22 52 114 24 115 28 51 88 65 39 120 73 13 100 38 57 25 23 35
56 105 12 48 73 6 107 31 87 13 121 59 120 115 67 82 86 35 50 32 21 123 126 80 125 98 72 9 34 93 100 38 75 39 76 103 8 77 58 52 7 40 11 109 15 116 60 104 36 78 84 1 42 92 90 14 28 57 114 27 43 122 25 65 37 63 24 47 2 10 18 81 4 53 95 89 102 119 3 22 66 101 96 5 70 26 124 83 54 112 99 91 17 45 108 64 88 41 111 62 16 79 85 71 23 118 69 44 46 68 106 110 113 0 19 94 49 20 97 117 33 61 29 51 74 55 30
85 14 34 40 118 120 88 30 42 15 74 27 126 90 65 105 63 113 1 53 54 44 0 112 38 72 7 41 25 60 17 6 87 4 24 70 93 37 71 49 22 59 89 52 8 111 108 86 117 10 82 92 121 9 57 5 28 51 16 67 13 62 46 50 73 94 106 55 48 101 116 98 29 11 110 99 19 77 43 79 3 123 96 102 18 56 83 69 81 115 26 47 103 109 84 75 33 119 97 64 80 32 125 39 104 114 78 58 36 31 2 35 66 100 21 76 68 61 107 91 12 23 20 122 124 95 45
120 36 16 77 91 89 51 48 14 102 103 8 97 30 106 40 71 95 92 96 118 83 54 87 81 31 114 88 115 42 2 21 55 17 99 18 46 108 58 61 119 45 47 107 60 13 84 98 59 68 69 72 85 9 64 11 80 94 90 32 116 62 7 29 15 49 19 3 23 117 50 123 57 73 65 26 27 112 28 63 20 37 122 86 34 5 126 111 44 124 52 4 25 6 109 101 10 110 35 121 82 70 67 78 0 56 105 43 38 76 93 79 74 39 75 24 1 41 125 104 66 22 53 100 33 113 12
66 9 1 86 110 4 81 111 99 85 34 121 104 82 44 120 35 3 53 108 76 109 29 114 8 54 30 25 11 49 51 17 12 68 41 16 97 91 95 42 14 36 71 115 28 55 102 57 123 96 47 107 101 70 116 72 62 21 60 2 100 78 50 15 61 56 13 87 63 112 23 79 22 67 58 43 40 52 106 5 33 32 77 18 119 46 38 83 73 80 26 65 93 92 103 6 10 90 74 45 117 59 7 113 89 64 0 27 39 48 69 105 20 122 98 88 118 24 84 19 125 75 94 31 37 124 126
83 28 98 99 31 120 88 95 10 104 91 66 68 113 80 117 40 14 1 122 25 108 121 30 53 24 82 76 2 89 56 50 112 74 42 49 100 60 125 54 70 64 13 23 65 12 110 126 11 71 59 21 4 47 9 45 19 96 27 39 69 84 111 43 101 109 63 93 85 41 52 123 116 86 46 106 119 115 48 124 67 102 22 20 32 107 81 6 29 75 37 79 26 94 90 35 72 16 105 51 7 3 18 97 15 103 8 61 36 92 34 62 55 77 78 33 0 44 57 58 114 87 5 73 38 17 118
64 18 20 73 37 79 115 112 116 98 88 109 5 3 67 108 23 13 82 89 58 41 24 11 4 117 50 54 75 45 56 40 110 30 12 85 32 59 19 72 31 36 0 48 46 43 106 6 86 118 78 121 52 101 96 119 97 87 7 71 42 111 94 104 126 28 1 91 57 15 66 22 51 125 38 90 27 17 47 120 26 55 68 62 61 16 113 123 8 25 100 44 69 21 102 84 2 76 33 92 124 14 81 49 35 77 65 70 60 93 63 9 10 95 103 29 80 39 122 34 114 74 83 107 99 53 105
56 100 27 24 59 66 29 52 70 36 122 64 22 44 95 39 111 2 113 81 14 11 126 3 38 65 42 125 85 6 89 1 60 48 31 84 74 71 9 0 107 33 53 109 115 94 93 117 99 69 43 5 34 88 26 17 82 32 103 90 16 13 112 76 63 12 28 8 46 79 50 68 118 23 19 114 20 37 119 96 57 80 61 62 58 35 75 110 45 51 120 101 98 25 83 55 91 10 123 40 102 72 15 108 104 86 105 87 18 7 41 124 4 47 54 106 121 49 97 92 73 116 77 21 30 67 78
117 63 113 111 19 9 2 31 55 105 42 68 5 56 13 57 102 69 106 112 123 24 61 115 60 99 18 116 81 20 37 34 16 4 122 93 109 47 108 107 49 114 118 76 8 51 50 66 85 0 43 38 3 98 86 12 29 89 44 124 59 26 126 71 23 97 1 80 54 41 79 84 64 62 36 11 104 40 33 32 30 67 65 120 82 28 48 75 100 15 73 21 39 94 22 87 121 7 77 53 35 96 25 103 70 101 17 10 74 91 27 45 88 95 78 58 72 14 46 119 92 83 52 90 125 6 110
122 108 107 95 66 64 89 65 26 62 75 106 70 22 30 82 23 90 119 124 97 96 102 35 51 9 1 25 80 11 63 69 92 77 27 81 115 18 36 60 28 3 110 112 61 32 44 55 19 48 5 79 113 10 121 24 14 101 4 37 20 0 59 67 40 52 116 114 38 84 45 117 105 13 118 94 99 7 87 58 76 34 56 88 73 42 33 57 126 104 125 53 91 16 41 109 21 54 100 71 43 111 6 29 31 39 50 78 72 85 83 47 120 123 68 49 17 93 12 2 46 103 8 15 98 86 74
87 93 86 81 113 98 83 78 124 122 39 110 44 0 59 11 28 4 76 120 29 116 55 89 40 95 42 71 119 60 26 102 31 15 125 48 56 30 45 14 111 6 18 10 20 112 123 73 19 106 49 12 32 43 85 104 99 68 2 3 34 88 58 80 108 107 64 82 79 36 51 100 105 126 41 17 27 66 109 67 118 94 9 121 69 77 7 75 47 74 117 115 70 54 65 24 23 90 72 8 103 21 16 22 46 101 53 57 52 63 50 35 84 96 61 114 13 92 62 1 25 91 97 38 5 37 33
9 53 114 30 50 99 102 119 82 83 93 62 78 20 98 2 46 100 66 57 95 11 23 75 60 124 123 21 80 79 61 111 4 106 105 104 77 36 97 6 58 31 59 48 45 0 41 15 113 72 109 64 68 69 37 108 63 24 16 71 43 25 13 27 47 10 115 107 110 55 125 73 34 94 121 54 85 74 56 116 1 8 35 112 70 87 88 86 5 7 92 103 126 14 44 91 117 18 33 52 90 81 101 29 38 118 3 17 42 26 40 76 39 49 96 89 120 22 12 122 28 84 65 32 67 51 19
66 100 61 83 72 65 67 41 3 55 28 17 48 60 14 87 49 53 92 46 75 19 125 69 119 21 30 43 73 80 33 45 84 78 31 121 10 114 77 90 68 27 86 93 112 97 95 16 62 111 18 96 117 9 58 47 44 8 15 40 71 109 123 94 0 20 79 107 39 12 6 101 23 74 108 25 126 4 24 88 85 98 116 91 5 35 81 70 59 105 110 51 36 56 113 38 103 34 124 50 118 120 115 82 26 11 42 106 63 89 22 13 57 122 7 64 29 1 76 54 32 104 2 52 37 99 102
14 16 117 125 52 106 119 80 18 6 91 66 110 86 30 24 21 13 50 38 123 32 43 74 44 76 56 19 75 89 109 118 35 17 69 126 55 51 112 103 23 65 25 102 77 98 97 29 63 60 67 62 61 78 70 40 1 3 90 49 94 73 28 95 124 2 0 27 100 96 48 34 41 71 81 79 12 121 7 57 11 120 122 37 42 105 4 82 113 108 8 39 22 107 88 46 53 47 84 85 93 10 15 116 33 45 9 99 20 26 72 68 104 87 54 64 111 31 114 36 59 115 92 101 58 83 5
126 44 65 1 80 3 107 86 97 15 116 66 82 89 124 112 84 81 79 67 100 83 95 88 37 2 49 62 68 45 96 115 26 108 34 103 11 85 33 24 119 27 23 105 78 52 53 19 5 122 31 18 28 48 63 22 54 61 17 57 13 42 104 10 7 109 20 50 9 75 125 4 118 8 59 46 73 40 41 94 102 64 114 32 117 77 47 113 123 106 71 0 120 98 101 56 110 6 55 21 69 93 87 121 12 16 29 99 36 58 74 43 70 30 90 60 92 51 25 76 72 39 91 14 111 35 38
28 61 86 103 23 88 52 126 80 71 32 99 53 117 57 14 84 67 15 64 25 106 60 10 116 118 30 68 42 17 72 46 79 55 92 45 90 101 0 82 19 21 69 20 113 13 105 102 108 73 24 41 6 78 104 87 9 70 107 50 124 81 39 119 97 16 112 98 38 94 63 59 125 75 76 96 5 12 93 95 27 100 37 62 121 7 40 115 66 111 51 58 29 110 22 43 83 74 35 65 47 36 1 48 33 91 109 49 26 122 4 89 11 8 3 44 56 34 18 114 123 2 120 85 54 77 31
91 63 46 87 39 113 119 23 38 17 11 36 123 85 8 37 82 57 92 49 41 118 48 42 89 110 59 90 86 4 76 81 61 43 10 20 50 95 107 33 77 3 27 40 70 24 105 30 126 68 94 83 18 74 93 31 55 7 45 106 101 111 29 13 54 25 124 114 16 78 12 51 52 5 66 72 47 14 56 0 75 122 65 9 100 108 80 99 32 98 19 35 69 109 34 44 88 112 21 64 79 102 116 71 125 26 117 120 60 115 73 2 67 97 84 58 6 103 96 53 22 62 1 28 104 15 121
77 45 112 35 63 46 21 104 66 62 18 40 5 51 121 65 68 16 78 50 122 73 29 34 119 86 95 118 102 19 120 10 91 85 36 80 116 87 110 3 53 25 2 38 30 98 58 109 81 1 26 71 75 22 96 125 20 33 90 108 28 14 12 105 0 106 79 8 70 92 4 9 115 56 7 23 117 99 24 100 74 43 15 37 49 94 64 93 89 59 113 11 123 72 57 32 76 83 42 52 67 41 82 101 60 61 103 48 114 88 27 69 44 126 84 13 97 124 17 47 54 111 6 31 39 107 55
73 7 63 24 79 103 113 101 25 35 29 30 53 105 98 92 123 4 80 64 122 115 81 23 59 38 66 48 13 32 86 108 52 55 75 116 17 18 77 72 70 34 47 97 42 106 112 78 91 49 114 89 54 2 19 45 15 68 11 14 94 51 56 5 44 107 90 37 69 125 62 83 74 118 22 50 0 109 93 58 100 31 99 88 6 1 82 26 120 57 124 41 76 71 61 102 3 84 8 65 46 126 36 121 96 16 43 28 110 60 21 9 95 85 119 27 39 20 117 67 10 111 33 40 104 87 12
117 20 57 30 110 94 50 49 93 95 47 31 14 68 71 55 96 33 37 70 65 25 88 83 91 85 6 74 102 26 24 125 84 42 7 67 87 60 51 124 116 43 32 11 10 27 35 53 39 28 81 45 40 8 100 107 78 3 21 126 89 73 118 86 63 82 106 123 44 58 1 18 15 69 113 122 120 76 92 56 66 97 38 46 103 9 77 23 75 16 112 36 109 22 2 52 34 111 79 99 13 98 19 41 5 48 90 80 0 108 54 114 4 105 101 72 119 115 59 121 64 12 61 62 29 104 17
55 101 23 61 32 65 67 18 46 53 66 4 85 14 92 75 116 112 110 41 25 70 103 102 13 95 123 6 26 52 39 59 11 60 105 35 121 91 57 82 58 97 0 64 100 68 115 90 56 111 72 78 86 44 107 96 34 113 104 29 83 76 63 89 99 1 16 31 38 108 21 22 5 119 48 43 114 9 79 71 37 84 120 19 3 94 20 12 54 69 49 87 45 50 125 77 93 2 124 28 8 47 30 126 106 15 62 10 117 51 42 122 118 33 17 109 81 40 74 73 27 36 24 80 7 88 98
108 124 64 87 100 69 44 73 116 28 58 8 35 54 113 84 24 86 36 85 46 38 15 18 45 39 120 1 106 63 40 121 91 29 5 17 7 68 105 25 97 56 102 26 50 67 59 52 72 0 20 99 111 101 93 31 43 83 95 122 19 74 125 42 33 90 117 98 119 22 76 71 81 126 37 10 89 114 66 75 88 112 30 92 51 14 55 94 78 12 109 34 27 53 41 70 79 3 2 6 60 48 49 21 65 118 107 23 16 80 77 123 62 32 47 115 4 57 13 103 11 61 82 110 9 96 104
66 107 88 97 120 59 101 20 8 44 76 30 57 93 52 22 111 21 83 48 82 2 32 19 40 96 9 1 109 58 50 5 34 91 38 105 26 29 35 89 122 103 13 53 126 23 113 25 27 110 36 28 117 61 95 12 65 84 0 56 43 24 77 102 14 60 4 45 41 94 124 81 79 47 67 86 17 72 31 10 62 68 63 16 42 80 104 106 112 75 49 7 64 74 85 51 15 125 70 114 123 118 116 99 121 100 108 92 115 39 11 6 73 55 71 33 69 3 46 87 98 119 90 18 54 78 37
22 46 41 78 115 57 38 30 20 8 119 122 116 25 94 109 103 7 110 4 36 63 71 101 62 21 16 74 77 76 69 9 29 93 111 60 95 28 120 72 12 96 70 42 118 27 24 19 35 3 87 13 108 53 82 45 2 107 0 80 85 68 51 117 121 10 15 61 98 59 33 5 23 43 54 81 105 113 1 14 11 48 58 31 125 104 126 79 47 89 97 92 84 91 106 73 102 64 112 6 39 52 56 114 86 99 49 83 18 17 44 55 37 100 66 34 75 26 123 88 65 67 32 124 40 50 90
57 4 79 43 103 44 98 23 40 97 82 37 27 7 60 28 126 39 92 76 11 65 91 47 46 38 42 22 24 1 35 100 78 41 21 62 124 72 86 120 17 20 96 84 90 31 59 56 29 77 45 26 12 16 122 54 110 71 114 88 2 3 95 94 111 50 14 18 113 13 64 117 107 0 93 51 87 15 33 112 9 123 75 63 105 61 108 48 8 73 30 10 101 19 106 125 115 58 25 67 116 55 53 83 99 5 66 69 52 74 104 89 49 121 32 70 80 118 119 6 102 36 68 81 34 85 109
22 85 35 93 14 91 31 24 6 95 3 39 0 60 80 53 48 82 92 12 83 105 25 117 87 112 65 97 81 108 124 103 8 27 54 100 76 121 116 15 9 2 4 55 29 70 59 20 45 46 50 119 123 47 126 90 32 73 72 84 26 38 66 23 125 102 42 10 62 69 28 114 89 36 33 115 101 58 1 67 98 37 122 56 19 109 71 88 7 17 61 94 52 78 107 57 64 21 86 43 106 44 99 110 5 34 74 63 40 77 13 51 18 118 113 16 30 49 120 75 104 79 111 68 41 11 96
82 0 107 5 103 52 90 44 50 1 85 118 60 15 108 97 13 100 21 55 18 33 31 22 68 122 42 75 26 70 62 117 37 64 77 6 102 78 36 45 9 57 34 47 121 61 73 114 46 126 54 112 29 43 72 98 106 40 16 76 32 80 24 110 93 56 49 120 104 116 58 115 30 41 11 28 86 91 95 35 20 69 39 4 125 59 111 27 14 105 48 8 81 109 123 84 87 2 3 124 88 89 19 71 63 10 65 12 94 83 92 101 17 74 67 23 66 79 119 96 51 113 38 7 25 99 53
101 85 35 124 97 23 121 80 13 53 58 84 112 56 79 98 9 61 6 11 94 91 48 3 45 32 49 5 111 59 89 99 1 104 44 75 118 115 83 34 38 51 36 10 17 18 109 19 63 71 50 8 24 100 60 14 123 114 30 52 126 81 4 7 65 28 43 41 76 26 37 96 90 95 93 106 122 55 2 102 22 73 107 68 119 110 0 117 29 72 47 86 40 31 105 57 78 15 74 70 120 62 39 103 116 16 77 25 20 92 87 67 27 113 69 46 108 88 21 33 66 12 82 64 125 42 54
44 91 54 7 96 15 12 61 87 13 113 45 65 55 106 88 33 21 46 111 72 17 51 126 67 102 90 42 43 1 94 85 52 120 99 118 36 122 71 56 105 98 86 117 31 11 103 125 80 82 79 104 22 28 78 53 49 68 38 123 93 16 114 89 8 69 58 75 70 108 24 5 83 109 26 81 9 23 34 6 48 39 47 112 30 107 57 101 4 76 3 124 110 14 32 84 73 20 59 50 97 121 10 19 35 119 18 115 92 40 116 0 63 74 60 25 66 2 62 77 64 29 27 100 95 41 37
115 7 34 21 116 107 5 35 108 68 0 51 52 78 55 41 60 90 13 4 69 36 106 16 6 45 114 2 37 49 73 15 44 11 104 70 75 65 18 61 125 48 76 64 86 92 85 122 95 59 26 38 109 89 42 27 120 40 99 50 29 94 121 110 97 66 123 28 3 57 33 101 62 111 30 93 124 77 74 63 53 32 81 10 9 58 88 79 113 83 1 72 20 19 112 126 96 118 46 105 8 12 80 71 103 98 117 102 43 14 82 22 87 17 91 39 119 54 56 31 23 25 47 24 67 100 84
59 39 77 38 74 8 120 28 117 32 105 108 45 123 47 21 109 35 1 31 92 95 25 88 46 82 44 36 12 5 7 9 4 94 83 81 52 65 126 122 2 104 19 91 50 103 49 15 43 0 102 3 62 24 75 18 71 55 112 78 58 67 100 89 10 23 11 85 64 99 115 16 125 73 63 101 66 22 34 42 33 68 106 37 69 80 60 79 114 13 20 98 51 90 118 70 53 96 54 17 48 124 93 110 27 121 107 26 41 72 61 87 14 113 97 86 116 56 119 6 40 57 29 111 76 84 30
60 21 59 12 97 13 16 88 61 53 26 62 33 2 96 118 66 110 104 67 20 58 32 1 64 126 49 77 52 3 79 85 57 65 28 73 41 6 105 56 84 14 0 47 68 81 55 76 90 117 71 99 82 15 116 75 78 31 27 80 11 74 72 108 35 36 106 5 39 124 19 51 25 113 114 24 46 121 120 107 45 95 89 109 17 38 125 69 87 70 119 54 115 98 4 83 43 111 122 23 10 102 18 29 34 92 48 112 63 91 22 101 103 44 93 94 123 42 40 86 100 8 50 30 9 37 7
32 75 85 126 52 51 56 54 9 31 69 110 99 94 125 109 3 62 76 53 81 21 77 72 10 15 91 117 5 11 78 58 124 65 40 121 100 71 35 17 39 43 45 116 14 68 70 101 87 44 38 89 29 28 8 49 16 119 22 103 88 93 34 98 48 73 1 57 106 50 47 96 83 41 18 92 102 0 74 33 24 37 114 27 19 64 36 123 104 4 55 118 30 82 84 80 90 63 12 6 79 97 2 46 67 122 60 108 111 113 61 13 115 112 105 20 120 86 66 26 107 7 42 25 23 59 95
74 38 64 57 124 7 86 93 88 37 123 117 3 70 31 104 71 65 73 23 53 107 17 43 9 95 18 80 126 62 14 30 120 6 4 24 40 34 52 125 106 118 49 25 79 105 41 89 116 102 20 39 54 75 60 51 36 103 5 82 87 90 84 96 99 113 59 12 13 85 26 47 10 81 69 78 2 67 119 42 83 98 58 44 68 114 108 91 101 22 50 66 97 48 77 55 76 21 100 92 1 61 19 122 15 33 35 72 29 121 28 45 109 115 112 94 56 8 11 63 32 0 111 46 16 110 27
101 59 93 19 57 96 81 49 21 69 110 29 72 98 78 63 67 40 25 39 83 61 73 43 90 8 122 14 22 62 97 48 54 117 75 33 77 65 105 87 76 32 31 16 2 95 7 23 20 51 70 1 88 4 107 58 38 26 86 6 89 123 68 80 126 119 109 11 103 71 55 28 104 17 9 36 52 15 5 99 50 60 100 34 111 27 10 124 79 85 114 66 92 91 45 94 53 56 113 41 112 108 84 118 3 82 121 0 64 116 115 102 30 42 120 125 18 46 12 106 24 47 35 37 44 13 74
95 101 73 46 35 34 102 89 122 79 4 69 78 2 94 8 106 0 15 96 121 72 28 108 98 60 119 87 64 50 13 124 126 99 92 85 62 71 90 63 105 110 7 93 109 97 5 6 53 41 22 116 55 125 25 81 11 43 54 51 24 103 67 80 42 32 112 19 9 38 39 91 120 18 82 57 12 3 44 74 14 61 83 59 1 26 21 114 33 36 52 10 30 86 37 49 68 104 111 75 47 115 66 123 48 77 107 113 31 117 29 84 20 56 40 17 16 65 58 45 100 118 76 70 23 27 88
62 1 10 105 102 73 22 107 69 48 42 66 18 8 90 51 23 71 26 97 29 34 44 57 30 16 11 123 79 4 75 80 64 96 117 99 49 125 14 109 59 121 58 31 98 6 5 43 120 72 12 82 93 28 32 118 0 68 119 91 77 2 3 101 52 55 115 54 103 108 53 126 65 17 113 25 24 74 81 84 38 61 83 86 85 47 19 111 67 41 45 92 60 88 20 116 36 100 70 94 78 89 76 35 124 46 13 95 112 21 50 63 7 9 104 40 87 39 37 110 114 15 122 56 27 33 106
3 33 54 17 83 8 72 108 123 110 116 27 112 101 76 51 118 36 19 58 82 92 73 25 68 79 63 62 55 30 97 50 66 78 26 100 60 64 121 125 14 109 0 104 119 23 29 2 75 69 4 20 15 9 86 103 52 45 102 10 24 88 22 46 114 31 41 77 91 47 42 1 95 71 105 5 67 99 28 85 98 56 70 44 84 107 81 65 48 7 53 11 43 89 117 120 113 74 122 38 18 13 90 6 87 57 96 49 111 80 94 93 106 35 16 34 21 37 59 40 115 124 32 39 61 126 12
13 110 26 32 119 123 99 42 61 71 50 16 47 79 76 24 121 65 53 122 88 28 33 29 91 62 104 34 64 111 67 46 36 41 30 19 73 60 69 45 63 97 23 52 14 51 112 92 9 124 59 114 25 54 100 81 105 27 87 0 10 3 57 6 115 116 35 49 103 75 15 89 68 7 12 84 38 48 126 80 90 37 39 18 77 125 17 21 40 43 118 20 82 106 94 102 22 8 72 56 101 95 44 58 66 55 120 78 5 86 108 93 83 74 1 117 70 113 98 2 11 31 109 96 85 4 107
77 55 49 83 48 97 63 74 98 40 93 19 122 59 9 94 17 126 115 88 14 89 5 20 23 41 53 109 15 24 80 62 86 10 121 58 25 18 111 116 112 12 95 78 65 16 104 29 34 51 113 82 52 44 92 47 11 100 3 70 87 114 39 105 27 30 45 13 54 96 60 71 33 102 67 64 56 120 26 6 42 50 66 117 8 118 22 21 72 125 7 37 57 38 43 108 85 84 76 99 79 124 106 81 0 75 90 1 28 107 91 4 119 35 61 73 101 103 69 110 2 46 68 123 36 32 31
42 11 10 31 100 32 69 111 6 40 39 49 74 56 73 104 26 43 82 65 77 27 4 80 7 121 107 45 93 25 75 62 51 83 17 95 119 117 70 18 23 55 3 76 50 58 34 20 13 37 68 116 67 84 60 1 109 8 86 5 85 99 103 125 66 101 30 94 54 2 118 90 41 124 89 122 97 105 114 78 28 16 21 12 92 110 38 115 35 126 63 57 52 48 72 71 29 15 47 113 36 59 81 102 88 106 53 91 33 46 123 87 64 22 98 120 108 14 24 112 19 0 44 79 61 9 96
45 101 2 4 103 18 87 48 80 67 68 65 114 94 25 15 116 14 102 22 69 112 122 105 118 20 43 98 12 47 36 0 24 40 126 26 96 50 61 53 56 5 35 8 92 88 81 70 62 3 27 113 117 58 52 38 74 95 42 44 32 31 108 77 110 120 34 76 73 21 30 39 90 93 89 115 107 124 91 97 64 82 16 13 49 111 119 123 100 78 7 99 75 57 84 83 29 125 17 11 37 23 72 63 46 104 51 79 28 66 86 59 55 41 54 71 10 121 9 106 109 60 33 1 85 6 19
88 65 22 32 63 99 12 82 123 49 10 84 124 113 4 77 53 78 66 111 6 81 40 115 80 120 54 34 56 37 92 52 108 73 117 76 41 119 0 59 28 43 118 18 31 39 68 89 103 19 75 51 58 69 42 21 110 67 90 122 104 85 107 55 114 86 116 7 24 25 102 20 1 121 71 44 30 87 83 64 23 62 98 72 79 45 38 11 50 33 46 5 3 105 48 26 74 16 91 2 15 29 27 97 17 61 100 13 8 60 9 57 47 36 70 112 126 125 94 95 101 109 14 35 96 93 106
120 35 18 76 70 19 40 75 21 123 41 101 88 118 89 90 111 36 49 68 84 44 124 17 94 16 100 12 105 95 45 77 4 92 91 24 96 15 93 117 86 107 8 23 33 85 29 26 37 73 57 3 81 83 63 60 119 126 32 30 56 106 121 11 55 51 125 22 31 74 47 34 53 1 59 80 48 69 67 65 0 58 87 42 9 6 112 79 2 71 110 7 122 14 38 27 104 78 25 62 54 66 103 20 98 10 72 82 97 5 13 109 102 46 39 28 108 116 99 64 113 52 114 115 43 50 61
54 12 88 56 102 70 59 49 118 115 78 6 26 16 4 94 108 121 51 116 122 36 97 80 40 123 92 67 11 71 3 45 107 37 77 42 96 86 43 69 18 44 21 76 61 48 5 60 47 124 17 120 20 74 25 81 114 98 95 10 58 93 30 106 19 72 104 52 24 111 79 33 23 73 46 64 91 14 90 2 66 0 7 32 8 38 55 28 117 34 101 82 62 50 22 53 27 119 89 29 100 35 109 9 75 103 105 1 65 112 99 68 113 85 57 87 84 31 13 15 83 125 41 39 63 110 126
110 21 8 0 106 36 120 6 124 109 18 95 100 71 59 68 116 22 89 96 73 2 45 62 112 63 118 38 17 49 57 98 70 27 50 66 114 77 51 61 37 91 76 24 4 97 92 40 113 32 83 105 67 53 48 39 93 11 115 65 55 85 7 86 82 29 78 58 125 104 47 46 5 84 10 42 69 123 75 1 20 80 15 126 99 23 102 13 81 25 12 26 31 56 117 121 30 72 9 107 33 88 3 43 94 87 74 34 28 52 101 111 119 44 60 35 41 64 14 54 90 79 122 103 16 19 108
6 76 48 3 73 90 8 53 79 123 41 110 114 106 100 84 86 16 124 107 63 74 87 71 26 54 78 70 38 46 72 66 9 27 111 91 112 103 75 25 121 5 52 93 67 7 94 81 116 34 45 85 99 125 117 39 77 108 64 109 15 18 13 82 69 31 80 44 102 119 17 59 23 61 1 30 122 58 47 126 40 95 49 101 115 68 105 21 11 98 36 2 56 33 42 118 57 10 83 88 12 28 37 50 43 65 32 89 14 51 62 4 60 35 113 97 0 24 92 29 96 20 22 104 55 19 120
67 12 55 125 98 13 36 116 38 96 87 11 28 102 114 69 72 34 77 126 62 104 8 99 10 5 2 117 90 22 20 35 17 85 30 89 40 33 29 100 1 120 46 3 76 75 123 106 115 71 4 122 103 49 110 24 119 43 91 68 51 14 94 74 82 23 59 60 0 19 80 81 58 18 105 42 25 66 95 56 88 31 64 50 9 113 70 112 79 7 54 73 86 92 45 84 47 32 15 107 78 37 97 63 61 52 121 118 44 108 93 6 109 39 48 53 57 21 41 27 111 101 16 124 26 83 65
107 42 55 100 35 65 39 10 81 72 74 19 86 49 63 125 80 121 5 47 111 12 62 11 34 118 51 48 73 60 8 57 71 56 50 85 58 119 117 95 97 89 64 79 44 69 46 31 36 114 37 90 54 4 109 82 17 40 28 83 106 98 15 45 32 126 75 70 2 92 7 122 94 38 23 101 33 6 21 27 68 18 78 104 113 105 123 116 67 29 16 84 53 20 24 26 93 25 103 96 66 87 112 76 14 77 52 124 120 3 30 1 108 115 0 13 110 61 88 22 43 102 91 59 99 41 9
33 65 36 53 123 96 103 108 99 8 76 111 32 7 37 104 113 63 73 120 88 66 79 22 97 59 69 75 92 42 86 68 107 78 57 38 13 102 71 94 80 125 41 54 35 51 45 2 93 82 26 56 83 84 72 124 95 112 24 119 39 109 48 70 19 29 116 87 1 0 106 34 91 28 20 17 105 100 46 114 81 43 21 47 16 101 62 12 122 49 6 3 30 23 115 9 121 110 27 98 52 40 50 55 85 118 18 15 10 90 60 25 4 126 74 89 117 44 14 67 31 64 11 61 5 77 58
3 29 36 91 74 87 47 120 84 77 99 90 28 61 8 95 1 10 68 45 33 6 124 16 93 15 98 24 109 27 81 108 52 2 21 85 30 101 55 25 60 89 9 69 23 20 43 32 19 96 38 62 119 50 86 18 46 44 118 49 31 117 102 14 7 56 66 42 63 40 73 107 5 79 26 83 123 94 51 125 70 111 113 48 13 75 17 122 4 103 121 88 54 67 110 37 11 12 41 105 64 82 76 126 116 59 65 92 34 106 97 71 58 22 78 114 112 0 53 57 35 115 80 39 104 100 72
18 24 77 104 39 124 2 95 62 57 84 17 105 116 56 59 75 72 117 46 60 94 13 100 28 88 47 3 48 20 108 87 16 79 80 32 103 33 78 4 120 64 114 65 74 51 35 63 21 97 11 40 5 107 85 71 53 96 115 106 25 73 68 89 69 67 123 111 66 44 19 10 126 92 23 58 7 0 52 93 38 27 34 49 54 9 102 125 101 118 109 98 55 90 81 61 91 119 42 29 12 112 70 82 99 122 22 14 41 8 86 113 6 50 37 121 43 26 31 110 30 36 76 83 1 45 15
75 69 114 76 96 13 15 118 111 121 10 117 37 91 123 112 104 39 63 110 89 60 6 64 26 113 54 97 36 78 70 40 79 56 93 22 58 102 83 18 116 4 41 125 90 109 84 32 55 67 71 94 0 115 80 45 21 35 62 51 7 33 1 120 65 98 31 86 66 99 12 50 68 23 57 72 95 74 43 73 20 100 24 8 34 107 42 82 16 2 81 48 53 88 106 92 19 77 38 3 119 29 47 44 124 9 46 101 30 14 103 28 52 27 87 105 25 108 17 49 126 5 59 61 122 85 11
124 27 21 101 94 96 17 33 62 31 45 20 46 9 100 1 65 83 89 77 69 2 88 29 109 92 32 24 99 63 13 4 11 106 91 72 74 35 15 82 93 117 105 58 8 97 14 0 75 111 103 115 37 71 28 49 30 23 10 112 51 107 48 22 59 73 3 38 102 110 84 53 7 125 34 87 121 118 126 123 39 6 78 104 114 36 42 70 67 56 19 60 122 16 116 50 52 57 47 5 26 95 44 18 119 81 98 86 41 66 40 64 55 85 68 76 113 80 61 25 43 90 54 12 108 120 79
48 10 37 17 76 35 32 16 44 23 82 12 3 93 62 55 11 115 33 117 113 80 68 57 105 27 52 110 47 8 60 30 28 72 26 90 45 63 41 64 6 9 92 25 54 86 94 39 2 126 36 50 61 29 20 100 66 108 34 95 79 96 43 13 107 21 74 75 1 38 118 124 15 51 4 59 56 53 99 24 101 111 22 46 73 81 31 14 85 97 104 89 18 42 91 112 123 83 119 121 84 120 102 98 67 5 65 87 70 122 7 49 125 106 103 40 114 0 77 109 69 116 88 78 58 19 71
78 123 91 60 96 118 79 87 36 59 24 88 121 47 48 16 52 103 30 97 7 75 68 56 89 45 49 28 17 57 85 29 13 46 51 3 84 124 10 0 43 99 73 61 116 58 12 53 20 21 15 8 98 112 38 94 104 125 100 86 109 44 93 119 113 92 11 82 122 107 63 5 83 41 27 81 80 114 37 70 71 108 19 34 102 50 18 65 2 105 74 62 1 76 39 26 72 120 64 6 54 110 42 77 66 9 67 69 115 90 126 55 117 33 4 35 40 101 25 95 106 22 14 31 23 32 111
117 97 11 15 10 30 118 77 6 90 114 12 44 52 89 23 46 91 86 112 2 65 104 21 26 57 25 63 95 71 68 94 53 42 96 116 120 3 17 32 8 24 103 115 123 4 106 33 27 14 105 28 22 122 64 20 39 67 76 119 7 79 80 37 108 13 36 87 85 38 56 62 72 111 82 29 109 107 101 100 99 60 70 35 125 69 19 55 45 126 110 1 124 81 78 92 58 34 16 49 50 75 48 43 73 88 98 102 5 47 0 51 18 61 74 66 84 9 113 83 54 31 40 59 121 41 93
107 42 27 61 93 50 44 114 33 101 95 115 99 57 7 37 92 0 116 16 32 86 66 68 8 70 88 48 119 9 23 40 83 19 65 125 58 59 20 15 12 45 100 60 63 113 1 84 103 87 108 80 89 47 82 81 102 55 98 28 91 124 122 10 73 5 90 3 53 121 120 69 13 118 29 43 64 18 30 39 94 17 26 51 75 49 72 52 67 106 4 126 78 41 14 109 105 85 79 22 31 117 123 25 76 34 96 21 24 71 110 11 62 104 2 97 112 46 56 74 38 36 77 111 6 54 35
88 94 112 89 63 58 30 9 75 13 16 51 11 31 62 101 37 45 73 6 86 91 3 66 59 20 93 78 119 15 97 24 114 67 8 48 125 83 118 115 2 61 50 107 71 102 96 19 49 52 124 56 17 74 4 116 34 113 44 14 123 77 33 109 126 68 117 35 54 47 36 100 76 98 92 43 53 120 79 22 110 70 39 72 99 7 65 29 84 40 121 25 10 0 27 57 90 81 80 41 106 28 104 1 69 105 32 64 38 46 122 12 18 103 42 23 95 87 60 108 82 26 21 85 55 5 111
68 73 93 102 123 55 13 26 85 103 64 88 34 124 66 77 61 0 45 107 15 28 19 37 67 21 78 29 3 100 113 48 76 79 65 40 38 50 106 57 118 22 31 108 62 23 125 112 104 84 2 90 43 42 12 8 119 89 96 101 4 52 98 44 18 114 41 46 97 6 99 120 14 111 117 35 1 83 75 59 121 54 27 47 105 71 30 94 92 5 49 24 70 82 20 33 53 39 110 32 63 16 116 80 10 86 87 36 95 17 51 109 58 9 81 115 72 74 56 126 25 60 91 69 11 7 122
52 12 87 122 11 96 124 125 48 35 9 68 31 80 88 71 56 115 41 16 89 84 32 46 83 8 58 0 110 98 59 26 123 4 61 38 54 121 51 97 118 66 37 63 49 70 53 20 126 43 114 19 107 101 50 117 10 77 3 104 108 36 39 67 74 1 106 69 21 22 7 92 45 82 29 60 24 116 94 109 111 55 42 76 28 119 18 86 65 102 100 13 112 90 64 62 95 34 57 6 120 91 81 47 85 113 93 72 5 33 78 27 2 79 99 105 14 30 23 25 75 15 17 40 73 44 103
38 53 2 113 105 84 57 56 25 122 80 20 83 17 31 23 82 79 87 70 94 61 110 63 93 15 5 48 1 85 115 126 69 106 99 7 103 30 14 24 119 77 6 88 36 64 29 124 34 74 4 58 91 102 28 125 78 120 42 111 117 8 76 121 51 49 37 21 41 66 3 43 123 0 92 32 16 46 26 27 19 89 11 62 9 96 72 75 108 47 112 100 39 33 73 67 116 44 109 90 54 98 35 45 13 60 71 81 55 12 10 86 22 97 114 101 40 50 59 104 95 65 18 52 68 107 118
90 19 118 116 16 126 53 28 79 5 83 37 100 94 88 124 25 125 98 23 32 91 39 0 72 10 78 113 17 26 114 115 95 111 101 112 40 55 3 8 107 108 96 14 48 33 38 13 71 2 63 6 57 74 75 22 62 27 92 69 30 21 73 65 103 44 104 85 1 60 84 58 49 45 41 9 109 64 11 43 31 120 93 18 47 102 105 81 106 110 76 82 70 77 34 20 12 119 67 7 54 59 121 29 4 46 66 52 123 35 117 36 97 61 42 80 86 68 56 51 89 50 87 99 122 15 24
74 56 124 57 105 10 2 73 116 16 68 26 70 113 6 101 45 1 126 71 27 59 38 3 76 67 40 41 119 84 12 69 125 83 44 89 102 22 123 54 64 42 117 23 121 36 112 110 107 80 122 48 77 17 108 37 100 87 4 65 11 63 33 47 53 20 35 18 0 106 25 30 90 15 79 85 114 82 5 39 115 21 55 104 109 7 92 120 111 91 32 75 28 88 19 14 29 24 86 66 34 93 9 94 62 118 60 97 31 72 43 103 13 50 96 49 99 46 61 52 8 81 58 95 78 98 51
68 3 89 7 19 63 73 108 96 126 85 57 61 121 86 37 125 2 106 69 124 98 62 44 48 102 36 78 42 115 99 67 104 49 17 66 31 70 65 24 5 51 18 23 6 105 41 90 12 94 55 43 64 27 50 46 9 15 32 30 87 95 8 110 123 1 88 60 117 84 10 116 40 35 119 97 101 4 76 52 113 29 47 38 93 11 114 16 71 92 54 111 28 22 91 45 34 56 72 53 79 74 20 103 82 118 26 25 81 33 83 77 109 112 120 80 107 122 39 100 0 13 21 14 59 58 75
47 70 39 7 103 79 112 64 54 50 10 41 76 31 8 53 95 52 125 14 57 38 124 20 19 6 30 13 12 121 22 1 92 36 51 81 35 26 123 56 82 15 91 105 113 61 100 0 96 40 68 120 28 87 69 45 115 17 84 65 89 101 98 21 29 66 78 23 110 126 71 3 42 9 106 90 63 114 37 102 67 25 59 5 44 18 49 122 60 34 118 2 97 11 27 85 24 43 88 77 33 73 111 107 109 4 16 119 46 94 72 108 104 93 48 32 55 80 62 117 86 116 99 75 58 83 74
50 54 116 47 70 28 42 5 20 73 16 76 33 38 103 106 48 24 9 46 2 23 4 90 58 101 13 74 79 57 10 121 45 126 39 27 21 94 123 85 68 83 102 17 61 119 100 91 11 105 62 44 19 120 110 69 6 80 88 115 43 14 67 35 114 84 56 64 26 36 87 12 96 34 71 109 111 8 7 95 113 25 15 66 107 118 40 72 75 117 1 82 41 112 97 124 30 99 65 3 86 125 55 93 122 0 77 108 59 37 18 52 63 51 29 60 49 89 53 32 78 81 22 98 92 31 104
34 70 39 30 23 117 31 60 5 13 6 21 18 89 8 118 11 121 37 27 49 63 38 98 46 99 75 48 115 68 66 26 119 122 1 111 106 2 108 65 22 76 109 81 74 105 15 113 93 78 87 82 24 72 126 20 16 103 91 94 17 50 102 45 120 14 85 29 67 84 55 33 3 32 56 77 112 116 100 54 25 47 53 35 96 62 79 90 86 12 0 110 59 51 88 57 104 64 92 43 69 107 125 52 95 42 123 124 19 40 44 97 101 80 114 83 9 58 71 10 41 61 4 73 36 28 7
115 108 48 60 117 110 95 29 7 83 89 93 91 123 39 105 46 9 40 21 125 69 64 100 30 24 18 31 102 23 70 55 3 58 17 73 121 88 68 66 28 20 81 85 49 78 104 126 59 119 87 36 96 120 84 1 122 56 92 80 5 42 0 54 38 26 27 79 63 45 97 19 90 101 74 53 47 15 16 65 118 61 8 25 4 6 94 51 86 14 71 112 37 22 43 2 62 72 11 107 103 82 75 67 114 50 44 12 57 113 99 124 116 76 98 33 10 32 52 35 109 77 41 13 111 34 106
68 37 91 126 69 88 28 85 31 50 58 23 17 11 80 56 47 115 49 46 82 12 114 35 78 10 27 75 107 108 38 92 76 118 93 18 57 124 109 94 6 2 5 86 79 90 123 102 100 97 110 51 54 105 70 73 95 8 19 33 55 103 26 116 64 98 72 39 53 25 14 16 15 96 43 125 22 113 4 7 3 40 120 48 0 24 62 29 83 36 71 59 34 101 1 45 65 67 9 52 87 20 42 44 21 66 30 74 106 60 63 122 121 84 99 117 111 119 41 104 112 61 77 32 81 89 13
58 123 35 54 88 45 86 95 120 110 53 32 78 59 94 122 7 70 9 102 77 103 26 2 5 41 89 62 8 116 80 24 74 23 29 43 12 17 48 22 87 10 1 91 61 75 40 106 73 33 21 111 71 63 76 3 56 28 68 107 64 50 104 13 72 46 34 6 121 37 0 69 60 51 105 65 49 101 67 124 115 96 93 39 14 99 11 90 117 16 31 113 109 66 42 125 36 97 112 52 18 20 108 100 19 118 126 27 82 55 15 25 114 44 4 38 79 85 119 30 84 47 98 57 81 83 92
50 71 108 103 46 76 42 60 12 27 51 120 52 36 122 99 70 83 33 6 69 41 26 16 112 68 17 1 3 67 62 102 82 43 23 21 38 32 93 118 14 121 18 47 24 77 56 58 72 39 25 79 64 57 96 92 15 84 117 35 91 88 49 63 109 54 7 4 89 61 95 75 123 65 74 107 105 124 19 110 115 78 126 9 80 94 55 2 13 28 97 0 114 119 104 44 73 90 66 48 125 85 40 116 10 59 101 20 53 106 87 22 37 5 113 31 81 34 98 29 11 30 8 86 111 100 45
85 0 13 40 10 9 102 55 35 7 6 52 88 111 66 43 53 19 54 37 58 126 50 99 119 64 42 2 21 59 86 49 62 80 108 116 69 76 28 25 46 91 117 77 112 121 124 123 61 104 115 33 71 73 122 4 68 81 87 74 89 30 83 1 63 38 57 75 78 8 103 96 22 48 92 3 79 97 24 16 105 118 32 47 14 107 29 44 106 110 90 41 17 82 94 36 95 72 60 109 20 5 23 70 45 98 84 120 11 65 15 101 67 27 56 125 34 100 93 39 31 18 12 51 113 26 114
38 30 114 29 45 86 22 72 0 79 53 55 31 90 80 64 120 1 25 19 24 18 124 66 10 9 122 39 11 32 110 44 88 100 12 15 65 33 103 84 115 16 56 74 35 102 78 62 3 119 67 52 82 37 5 14 7 99 117 92 57 108 60 70 71 13 21 89 76 26 101 42 116 83 43 48 81 6 27 2 4 98 61 85 8 47 111 121 51 63 59 118 41 77 125 105 97 75 20 34 23 94 93 95 54 46 109 28 17 73 58 91 36 96 113 49 104 107 40 50 68 106 87 126 69 123 112
69 25 104 24 53 5 8 92 14 105 123 34 125 112 118 101 119 10 109 17 122 16 82 18 27 94 76 126 47 61 102 88 51 93 59 78 108 0 62 80 70 60 120 83 100 57 20 32 84 67 28 96 68 1 12 48 111 22 29 65 46 54 90 39 26 114 106 23 56 13 58 63 81 52 42 30 4 115 113 37 11 95 91 9 21 107 38 3 55 121 45 71 87 74 116 40 33 86 98 72 7 36 89 103 6 75 73 41 110 66 97 117 64 49 31 35 77 79 19 124 15 2 43 85 44 99 50
120 62 21 64 10 25 82 53 116 113 27 111 19 14 30 99 93 0 55 60 57 69 50 66 44 105 80 72 87 43 91 71 76 122 26 109 51 126 18 78 46 63 40 110 79 37 59 49 1 9 20 36 4 119 102 15 75 41 8 54 58 94 118 24 89 92 5 70 106 7 112 65 88 123 115 100 42 56 68 22 23 104 61 12 73 84 114 45 52 101 85 48 77 107 90 108 95 117 32 6 29 34 13 125 103 39 16 38 35 74 3 17 124 67 121 31 97 2 86 33 11 83 47 28 96 98 81
42 70 41 14 85 11 86 43 90 74 121 62 6 32 89 57 48 31 97 64 113 39 123 93 75 50 88 120 91 44 115 119 25 7 118 38 69 36 66 13 82 37 103 125 78 1 2 72 20 23 107 47 55 102 53 28 46 24 65 26 96 77 16 104 51 109 81 63 101 52 94 9 22 92 54 67 100 0 34 58 35 5 98 21 80 108 56 33 15 124 60 27 29 30 110 4 18 10 40 49 8 79 126 87 83 12 73 114 116 3 106 71 59 117 68 99 45 76 112 17 84 105 122 19 111 95 61
97 53 18 68 122 45 2 70 126 98 55 93 67 49 23 51 61 105 71 42 33 9 121 5 16 26 80 83 125 19 92 89 46 12 114 63 56 20 85 118 73 86 115 112 107 32 88 59 4 79 24 76 11 119 77 84 54 99 117 43 91 113 17 0 60 78 10 66 65 102 96 34 62 94 82 29 110 87 30 28 22 103 39 15 21 27 38 106 109 90 74 108 7 44 72 69 8 57 47 124 14 36 48 64 6 95 123 120 37 104 3 58 100 52 116 25 13 41 75 50 35 81 111 101 40 31 1
65 8 64 66 62 77 76 25 56 69 118 43 126 52 74 1 6 11 109 123 27 83 0 24 89 97 108 70 120 46 116 121 105 13 84 122 45 14 79 102 92 22 47 41 94 16 119 67 54 3 73 37 51 32 5 30 29 93 31 57 106 80 15 61 82 49 55 117 40 115 18 48 91 19 99 23 71 34 113 53 87 38 28 10 20 60 78 17 4 12 98 58 59 85 100 111 39 42 72 63 9 75 81 112 36 86 110 68 125 101 7 50 124 95 90 35 21 103 107 88 96 2 33 44 26 114 104
73 58 41 18 89 118 107 55 22 78 76 121 21 96 3 119 85 1 115 105 100 82 0 97 120 6 36 117 30 59 60 68 66 111 16 28 124 84 24 32 39 33 123 63 44 95 25 49 61 88 86 113 110 12 7 48 64 114 31 50 65 20 35 53 109 43 19 29 108 62 34 40 125 51 52 99 75 71 5 87 46 74 93 9 122 17 103 80 77 14 42 56 27 101 81 98 102 11 13 104 4 70 57 67 10 83 106 8 47 26 126 92 37 69 38 45 79 94 23 116 15 2 90 91 72 112 54
116 51 78 83 124 8 10 107 105 91 48 6 25 31 43 89 60 58 15 126 110 22 40 92 65 96 86 121 100 57 79 34 93 106 84 114 119 120 56 1 104 20 113 122 98 39 0 37 38 90 70 26 95 87 12 67 64 112 33 41 74 69 81 71 30 52 46 18 88 49 16 68 47 117 99 42 45 21 80 27 4 72 82 3 19 94 76 85 5 75 101 97 111 54 123 63 14 35 32 50 61 2 66 53 108 55 13 102 62 59 36 115 7 24 28 109 11 17 118 29 9 44 23 77 73 103 125
22 110 101 39 98 118 6 84 70 23 17 72 28 59 73 54 68 45 74 56 44 47 26 83 93 85 64 36 27 49 52 42 2 96 119 14 53 8 51 11 124 113 0 30 81 123 125 50 91 77 80 111 67 108 61 58 9 82 90 116 112 79 48 107 43 121 76 24 109 25 103 117 104 65 97 41 120 3 37 5 63 94 99 71 38 100 16 66 31 62 35 21 92 88 102 40 46 33 18 75 4 1 87 10 89 57 20 19 60 15 55 13 105 34 7 126 32 69 106 115 95 122 114 12 29 86 78
74 46 81 68 8 62 102 35 45 4 9 26 52 64 98 92 12 42 66 44 10 21 3 14 30 97 0 112 50 126 6 43 76 23 107 1 77 49 70 54 19 39 86 114 33 104 36 47 94 57 100 73 72 82 90 80 106 125 41 95 55 53 31 11 25 115 109 28 93 105 56 75 15 91 2 7 34 78 121 69 89 118 58 108 116 79 51 84 16 71 59 85 101 110 117 37 123 65 87 120 32 111 38 83 60 61 22 5 18 17 20 40 63 24 13 29 99 96 48 27 119 124 103 88 122 113 67
55 13 47 123 14 1 108 110 81 96 64 44 19 42 70 26 50 125 18 95 33 75 5 111 97 87 92 124 74 89 39 31 35 52 65 112 68 43 77 23 61 122 63 3 93 40 48 6 66 94 102 30 29 120 69 72 117 80 56 9 79 113 16 126 119 121 58 34 49 103 107 60 21 115 37 86 106 118 67 109 45 91 15 101 25 46 38 8 7 105 4 32 100 116 10 71 90 57 54 51 98 53 12 20 11 84 104 73 2 62 41 28 17 24 36 22 78 76 82 59 83 27 85 0 88 114 99
10 12 123 48 107 122 102 38 26 74 56 6 16 42 101 8 108 89 19 18 11 90 117 120 33 71 49 105 99 124 113 75 80 23 1 126 51 118 24 3 98 25 41 87 94 52 69 88 15 32 95 103 111 68 27 61 73 84 54 77 121 91 37 30 34 45 21 78 28 82 4 9 14 13 67 85 104 43 59 62 70 64 115 72 55 96 60 5 17 100 93 22 31 58 36 92 7 76 44 79 119 46 114 63 106 86 47 81 2 125 29 110 0 83 53 50 97 65 66 57 40 35 112 39 116 109 20
38 36 32 101 19 116 1 67 16 20 43 10 15 111 86 26 91 119 52 73 39 99 3 124 35 0 25 30 44 76 77 82 5 79 14 37 63 11 59 41 22 84 2 93 49 18 103 72 45 60 125 21 64 104 121 13 68 17 57 7 75 70 88 69 61 83 108 62 85 123 89 74 92 87 90 6 65 78 126 112 95 120 109 51 58 42 8 31 28 50 53 94 117 4 46 115 27 81 100 105 55 47 80 113 114 24 23 96 34 98 102 48 40 33 66 71 9 97 56 106 29 122 110 12 107 118 54
89 5 1 83 28 47 39 97 74 59 103 42 26 22 111 91 7 64 80 68 10 43 106 100 85 32 25 45 125 114 77 40 57 19 0 107 23 93 123 13 37 117 70 73 36 14 76 67 94 99 108 116 75 8 126 120 69 38 95 113 66 72 119 105 124 109 56 44 33 49 87 81 122 52 35 50 11 61 15 79 31 121 118 102 110 86 12 96 84 6 9 101 17 78 48 41 4 55 90 60 63 34 29 104 115 3 27 58 18 53 54 65 30 21 98 62 2 16 92 20 112 24 88 71 46 51 82
80 46 1 114 111 15 68 101 73 62 10 24 79 85 113 33 74 0 47 93 57 7 19 22 55 67 81 87 56 71 21 39 32 59 105 60 106 90 116 124 119 5 27 64 121 43 58 40 97 49 11 17 82 69 96 107 41 28 3 23 25 29 31 44 37 35 99 92 26 54 20 48 75 89 52 86 76 115 91 16 77 14 66 108 36 117 38 51 2 70 104 94 78 12 18 34 83 6 13 103 61 9 112 4 123 120 125 30 84 72 118 88 65 98 110 95 42 122 109 53 126 8 100 102 63 45 50
67 121 55 19 18 71 13 96 68 47 5 81 24 14 72 73 114 54 84 98 108 7 50 94 99 75 125 107 88 77 74 44 57 16 51 29 46 40 9 52 87 35 115 39 101 104 63 30 21 91 12 112 38 65 116 64 83 124 36 100 78 122 126 110 28 33 97 95 89 11 1 22 37 34 58 106 123 32 8 109 17 26 27 86 103 85 62 60 82 48 6 53 118 23 120 4 10 20 42 45 69 79 0 92 66 90 56 49 117 119 70 41 76 61 93 3 2 102 25 15 111 80 31 43 113 105 59
77 87 103 11 76 71 22 2 37 88 83 27 98 67 73 56 36 107 123 120 8 26 47 66 48 93 100 102 13 5 96 90 18 72 58 35 70 6 106 14 12 51 69 40 52 4 10 3 0 101 49 62 53 92 125 15 78 91 124 105 7 108 97 116 43 46 94 63 20 65 42 79 21 16 84 39 59 80 119 45 55 81 41 85 121 25 30 44 99 23 61 31 74 89 110 117 122 64 109 17 9 34 114 24 82 50 32 112 29 68 118 19 86 126 1 33 104 115 113 28 54 75 60 57 95 111 38
