8 86 75 -43 -63 18 46 74 42 -13
-13 48 83 -75 26 96 0 -34 -7 17
81 48 72 -76 83 -76 53 60 4 18
30 60 35 39 0 -57 -55 -13 -59 64
-15 -16 -51 -53 -61 -24 -20 58 18 71
56 94 -28 -72 74 -68 13 38 -13 1
-27 -46 22 -66 -77 61 53 27 42 -15
88 93 4 -75 21 10 89 75 -34 -4
-4 -94 21 -72 -97 -85 -86 95 -28 -84
99 -45 -15 -94 -2 -64 -48 -31 -42 71
16 -81 44 6 -58 -96 -52 -59 47 93
-36 -28 -73 49 -61 -53 -5 17 -60 -50
-92 -81 -40 -7 92 -92 -10 56 -86 -77
8 -45 -90 -76 -18 69 -81 96 88 45
77 -48 21 -50 32 -44 80 14 62 -35
91 -26 96 3 64 -13 -42 -51 -28 86
60 -20 -18 89 -3 -96 -89 33 15 -42
0 -1 -31 -42 77 -11 -14 -62 -2 -4
16 53 -32 58 -30 -61 64 -8 44 63
71 -63 91 -15 -97 -6 95 -26 89 11
91 -15 32 -61 -51 -78 10 -88 79 45
-60 89 13 -13 -14 64 80 -53 73 99
-65 99 59 80 -90 28 19 -67 -42 -80
-15 97 63 -29 -40 -67 55 92 -56 15
78 5 2 44 -36 2 -68 -10 -15 37
-40 -17 0 -24 25 -89 -32 28 -94 -58
38 -65 14 64 78 -45 -3 8 -60 86
-30 -70 -58 66 4 -77 -64 35 -24 -83
37 27 -47 90 84 -48 69 -48 -68 44
85 43 97 56 68 2 -92 65 -89 13
46 79 -41 -56 -20 -1 45 46 -96 36
-58 49 -95 -29 -44 -56 -84 -64 56 45
-24 -57 84 70 -15 43 96 -59 -87 45
9 68 -75 77 64 68 -73 -49 -63 -57
-29 19 29 -19 95 -89 -30 -90 -66 -20
66 25 -18 -73 43 -9 -99 -44 26 21
93 84 -46 61 33 43 79 21 17 17
-24 71 -67 26 -98 -26 5 -22 94 4
-94 -28 35 -85 34 -83 -40 -1 0 -33
-90 38 31 -86 -96 -94 -33 72 -47 -6
-37 43 -30 7 25 10 -60 -62 -11 93
-51 72 94 -63 -89 82 -22 -61 -25 -86
-99 -85 -72 -67 -18 -43 41 -4 -38 -87
-55 21 85 11 93 -50 85 87 -18 30
34 42 60 52 30 -71 -80 -58 -32 -48
95 -23 -54 31 44 -26 85 0 -2 -34
-44 -95 -73 95 59 29 75 -30 -78 -59
-98 21 78 94 -85 7 87 -36 4 28
-94 -98 -69 -58 -71 -3 48 24 21 -84
-16 -11 -83 -88 -58 92 92 -49 -3 -61
35 72 -31 64 97 31 78 -97 11 -11
84 48 6 -37 56 -81 53 -6 73 -29
-83 26 4 -70 -36 -22 20 18 -53 10
-53 -29 -46 9 -64 83 81 -7 44 78
24 8 -66 35 -19 -36 -40 -42 -42 1
-25 -2 -5 -12 35 -76 -18 -54 -71 2
-8 -44 82 45 -3 44 -19 -3 -21 28
-16 12 -61 60 -53 10 82 -23 -79 77
79 17 -50 -30 75 -21 58 -76 79 -97
-60 68 -40 -10 -92 74 75 82 95 85
49 -15 -62 -44 -19 -44 -21 -73 -50 -4
51 -42 -78 12 40 -1 -20 39 -41 -95
-70 17 -78 -63 -88 -19 -76 80 -18 70
12 -75 -59 74 -8 28 -6 81 -48 -99
-62 71 -78 -36 -91 27 74 16 39 -35
-2 -70 -41 -2 80 7 47 -18 97 -41
-81 -17 -2 79 67 -37 11 -41 -22 -49
-98 54 38 41 89 -82 -69 -92 94 43
-75 -79 54 58 57 -7 18 68 -38 -10
-45 24 4 -23 -51 -54 98 -49 58 -8
-74 -58 -79 -70 23 75 15 64 -45 46
-17 52 -33 42 74 92 45 22 -17 77
39 82 -25 0 -67 -99 -4 44 77 -28
93 98 82 -64 26 -72 -3 75 -33 -52
-83 -77 25 51 52 -15 -9 -67 42 -98
27 72 1 89 -17 45 -52 77 -36 79
25 -54 -16 -57 -77 -80 19 50 -62 -9
68 -71 1 67 95 -15 91 20 74 57
-24 -86 3 -79 98 78 -19 -42 39 -32
-40 15 -24 -38 -43 -63 -64 -90 -84 11
-26 -9 84 -93 41 86 -68 3 27 62
42 -19 62 -54 18 -1 73 -37 -48 -61
82 43 92 90 18 87 -6 -56 46 -21
-32 -51 -62 48 62 -73 67 -39 -98 -25
84 -42 -59 -84 -94 83 0 21 97 15
-4 -55 -89 13 11 -2 21 -68 -10 76
76 29 -78 -6 -82 -12 -28 35 75 -92
-61 57 2 -80 -76 70 36 45 13 21
10 56 -38 -84 62 -59 -95 7 50 0
38 26 -13 68 16 94 -68 77 66 39
-85 63 -69 -4 -21 99 -52 0 -18 45
41 95 49 57 -66 95 -33 42 92 -39
-84 31 78 -32 -24 46 24 -44 56 -16
-43 -24 52 73 98 -78 53 -78 -5 58
84 -47 -99 -65 -15 61 6 79 8 -67
-50 37 -95 77 -54 -46 78 15 16 -38
-38 -20 -66 -42 -51 -26 61 -40 -12 2
-70 89 -61 -22 86 38 94 5 -49 37
-21 2 53 72 62 33 -80 -58 36 -11
-27 -81 31 -49 -30 60 27 74 30 33
