57 -77 79 -50 60 53 73 65 88 -32
-27 16 49 -71 -52 -26 -50 15 -86 7
-92 10 48 -92 54 83 44 -86 0 -59
47 -74 79 -27 8 -10 89 -25 75 89
-53 -22 -26 -8 -32 24 -12 71 59 -43
62 -87 -90 -19 11 -76 97 -69 -46 -60
81 10 -57 30 -49 -61 78 -47 -98 -14
56 65 51 -25 4 -61 12 -90 -64 24
56 65 64 -88 -28 59 76 34 -28 92
-59 -46 50 -67 19 6 96 12 -70 -84
-23 64 -93 77 -95 -11 71 -20 -50 -92
49 40 -6 55 12 -30 -55 -21 -4 38
61 79 -94 -6 -11 -64 -85 80 -42 42
28 81 -89 -84 -16 -59 -1 10 10 7
67 -76 14 -71 30 -62 89 44 36 -82
51 -7 -67 1 38 -44 -80 80 93 63
92 -98 20 -93 -86 99 -96 74 -87 -3
-10 -66 -58 -76 98 -92 53 -98 -49 21
-68 -61 6 78 -13 -69 2 -53 86 4
-86 -12 97 10 -15 0 -88 -78 -28 -52
78 -82 20 -59 70 -52 36 50 31 -97
30 -77 28 -33 78 45 -27 -85 -48 67
76 -89 -90 34 -48 -44 -58 53 23 8
90 34 -71 9 79 -67 -9 -78 58 -83
42 88 66 -5 9 -66 95 89 57 39
66 8 -46 4 -91 -28 29 -96 -88 -6
76 -6 -44 -53 99 67 81 -87 48 61
35 38 -77 49 -31 -2 -31 7 14 -56
56 0 -46 -35 83 -10 42 -18 -92 21
-35 -46 61 -65 -59 -87 -50 -6 75 13
41 56 -2 45 -62 -44 -72 -19 59 -79
-88 -66 -27 34 -81 80 73 27 -94 17
4 5 58 -16 -49 -41 53 -70 -45 -48
6 82 -35 5 -96 95 -32 93 -94 73
-45 35 -7 68 -98 -63 99 -45 89 -79
56 -34 -5 -27 51 52 78 45 16 8
-15 -19 -59 -99 -39 23 -45 -78 72 69
-3 -62 -53 -85 48 -61 -77 -95 -96 78
-15 -26 74 30 -34 87 -18 24 -76 9
-1 45 0 -76 14 -72 45 -11 64 -31
36 98 -75 86 66 -61 -41 17 59 -80
9 -61 -69 -96 73 -2 -52 0 88 56
22 40 46 53 58 -7 -89 2 65 -84
-67 -38 63 52 -28 -18 54 -68 -47 -60
-13 -77 -92 51 -63 86 28 16 -32 -20
96 11 -28 55 -78 14 40 -25 -80 57
74 -22 -2 -39 -13 -24 -72 -72 -99 -90
-13 -46 -14 -84 -22 -12 85 50 -48 87
63 71 -70 71 -9 39 21 -58 94 76
-60 12 -85 -21 -22 51 86 -76 96 -13
9 -59 38 -58 -74 -58 -49 -84 -10 50
41 34 -46 96 58 -35 73 -49 -66 -50
-33 63 -21 -9 39 -76 24 -71 0 -29
-53 42 42 55 -59 -37 -98 69 38 -15
87 0 89 -27 36 -57 -35 -31 5 25
32 2 -33 -20 -57 -36 34 69 18 86
-10 -95 42 53 2 -60 -13 -58 -69 -46
41 -15 -11 -19 64 24 79 -38 -50 45
-52 -73 -78 19 -87 -99 -20 -84 -99 89
40 64 -84 -82 94 24 -26 -50 -73 -9
-34 51 -47 87 -7 -20 -41 1 40 -5
-69 -26 -25 -82 23 44 -25 69 29 73
37 76 33 -45 16 -63 -34 -47 63 87
-31 -35 -66 46 36 42 92 -89 40 -16
12 28 74 -13 68 -95 -90 72 64 97
46 -20 79 6 50 -92 80 -78 43 -57
91 -67 60 -89 62 46 -92 -97 25 -40
-30 -50 -36 19 19 -15 -90 50 -53 -73
-17 1 99 82 42 81 -42 -98 11 -82
-63 88 -58 -70 92 13 -58 82 -73 -84
52 79 -62 -36 13 -19 -91 14 15 -90
12 -84 37 40 -62 -58 20 39 11 -86
-16 52 -65 -41 16 -26 -45 24 -3 -59
49 76 77 -17 -57 -42 35 75 35 87
-47 35 -4 18 -30 82 -7 -36 -73 94
86 90 -47 -7 -41 -68 33 10 49 -2
73 -41 13 36 -8 -40 53 -41 -76 84
-19 35 51 -53 19 76 -25 -41 24 -78
-31 2 -66 59 76 -86 -89 -71 57 7
-58 61 69 74 -89 -76 53 -86 4 16
14 -63 78 97 26 -90 -44 -8 -93 -62
57 -98 -86 69 7 -22 68 17 -64 -87
72 -18 -4 83 -64 -46 -60 48 -36 -25
21 73 63 -8 -2 -85 18 54 7 46
4 69 3 74 -35 57 -10 56 -69 5
-59 -68 -79 -61 -77 -71 64 60 -17 -85
14 -14 95 18 -30 -61 95 81 -94 30
-45 51 -2 62 -1 -49 -33 -48 46 -30
-64 30 51 -15 3 77 -36 -47 -17 96
-35 97 37 32 -17 -17 -23 70 -58 -21
-6 -67 93 -81 81 7 -62 76 9 -43
-49 70 -80 -3 13 58 -32 -8 38 -85
86 -31 6 83 -64 -58 46 -53 97 -83
2 70 -50 -87 -97 7 -95 7 -41 -41
-39 67 65 91 -39 7 -15 8 21 -9
58 81 -45 -34 -51 65 -42 28 2 76
54 86 -71 26 -72 -93 -58 -19 -68 50
-10 16 -96 11 -95 -50 63 99 -56 -9
80 -47 26 -48 81 45 83 -92 99 -13
11 -78 -94 57 -86 -16 73 -42 -28 96
