-88 -28 -16 25 -74 73 -44 -84 82 -54
27 -48 -40 58 -27 1 -99 8 31 -27
-81 65 -50 -37 81 -10 21 -90 3 41
-67 -41 -61 -22 -43 9 -20 16 -53 -99
-24 95 6 70 35 -3 35 -1 -83 -86
22 -75 -96 50 -4 81 0 -32 -71 -71
-1 3 -74 -40 99 77 13 91 3 54
-4 83 39 -60 -45 33 -92 44 45 -35
5 -39 34 88 87 77 82 -89 -91 -89
-52 65 -39 -2 -79 -20 55 -51 -58 15
-69 -15 45 -63 -89 -56 -38 -7 66 23
-77 74 -61 33 -51 -79 7 78 -59 -93
-25 -32 -7 76 -13 31 51 94 30 -79
-44 -95 49 -17 -67 60 -96 -35 -89 -20
36 2 16 -59 52 18 19 -36 30 -6
-17 -89 82 77 -25 -13 34 -94 82 83
7 21 98 -29 70 21 63 51 88 -88
28 71 -74 88 19 44 50 74 59 61
83 98 -63 48 -9 75 -75 -11 -41 14
-18 -74 -31 38 1 -57 76 77 71 -81
61 47 -25 -88 79 44 68 6 -45 70
-26 -88 6 45 -24 82 -5 -28 14 11
60 50 15 76 12 56 3 -1 43 -24
87 27 -12 -93 -12 -27 -10 -68 20 57
-19 -47 -1 -45 37 72 56 -20 7 -58
-7 -90 -42 10 -57 28 63 4 72 -9
-48 -23 30 73 21 36 22 20 49 75
18 -28 63 -78 57 -55 29 -53 -71 -49
27 62 28 -20 35 -73 98 -92 -90 -56
-93 54 -6 -13 67 -18 -52 -93 -40 -97
-75 -23 -78 -13 87 36 55 -16 64 29
88 -37 -74 79 24 -25 -39 -91 -21 96
19 -3 50 -69 32 -45 54 -22 34 91
-35 61 53 52 -5 -80 22 58 -51 70
95 -88 -31 38 -53 -16 -96 60 62 -58
-99 -59 65 60 79 -99 -54 -72 -54 67
-77 3 -79 50 -54 -49 64 -2 30 -73
4 -48 -92 89 30 11 19 -28 8 85
18 65 20 -48 -16 52 -54 0 2 27
0 -37 51 -99 79 33 -14 12 -75 13
99 -78 20 35 -53 -10 87 43 -49 45
29 78 -24 -50 58 -73 68 38 61 -92
51 61 72 77 19 23 41 67 94 -56
-75 24 -81 0 48 -76 81 -71 -89 -24
-44 -13 2 10 97 -53 40 -18 -47 -51
17 73 32 -96 -65 75 -52 -49 -20 -22
-61 42 -86 -2 -32 95 -22 -70 -47 -22
17 -93 -28 69 -9 -47 -90 58 -55 21
-78 -16 33 -45 69 82 -47 45 64 20
-62 19 95 27 -27 73 -11 45 -16 94
-74 36 -1 98 -57 -12 -12 24 16 -95
4 4 87 -31 -47 7 -87 -1 43 29
36 53 77 79 -77 -95 5 30 -78 -49
25 -9 -16 79 46 48 -9 -12 93 -55
39 83 -7 49 99 2 71 -30 4 51
24 -33 14 -28 -82 62 -79 -16 42 0
70 -98 29 -30 -4 -95 -1 47 51 -36
8 95 -43 63 51 57 70 41 63 30
-3 16 73 -40 -91 -9 -75 -10 -59 -45
-35 -5 26 -54 68 92 88 41 -65 -32
75 -22 -45 -78 -85 29 85 -98 -96 19
12 -30 -87 -69 -8 -17 -26 1 58 -60
0 -7 -19 -68 -55 -22 79 -62 -29 43
7 12 31 95 91 8 66 0 78 18
36 90 88 59 13 -1 -20 59 11 -66
-74 -38 -70 -14 24 99 77 62 25 32
-91 -58 -76 -48 48 -3 17 90 -89 47
14 -92 -38 -91 -28 -22 4 -91 -65 76
-76 -23 87 54 -56 -22 75 -57 -43 41
-47 -63 -35 -82 32 75 -25 23 58 -99
-97 -66 -67 75 -26 60 97 88 -24 68
-22 -7 -72 1 9 -7 -66 29 84 -75
98 89 -30 64 98 -47 9 -30 2 -88
-29 55 21 92 74 25 5 35 -99 -71
-53 -61 -37 43 28 89 61 93 -41 -17
60 35 -69 -93 20 0 2 -83 25 48
46 29 69 -5 -75 -78 98 -1 44 -66
50 47 34 92 93 97 89 90 -65 -93
-13 -54 22 -16 97 -10 21 -82 -40 -91
57 65 -55 -54 95 -31 -7 96 19 32
87 -21 -2 21 24 -32 -51 -32 60 -92
0 -9 -16 -20 -72 7 54 78 -67 -47
79 49 -9 -26 -62 5 -92 29 95 36
76 9 65 -93 45 -29 75 54 -51 -99
72 -99 -30 -69 -3 77 -2 -58 17 98
80 43 -38 64 -31 27 68 74 -47 42
-85 -68 87 -87 -13 76 -76 -96 75 84
-54 97 53 37 36 86 -17 -25 87 57
40 -15 -61 94 -98 -62 16 26 9 -97
61 -39 76 -86 -27 -93 54 92 -88 -44
8 -8 -29 77 79 -83 -34 40 -82 52
81 -89 -56 -34 -14 60 69 31 -24 -74
1 -45 -40 68 -62 -27 24 9 -19 39
-84 71 36 6 37 62 77 35 -18 -37
-21 -15 -49 -58 -85 -69 -97 45 -36 72
57 57 31 -27 -65 -19 28 96 50 47
74 -40 -46 18 -20 -5 -90 -74 39 -36
64 0 -40 4 29 61 -24 -88 -56 -6
-39 -64 -6 -31 48 -59 -7 -47 -98 18
-80 -57 48 -88 -43 -69 36 -26 -42 -31
