-50 47 -24 -61 -70 -28 39 55 8 83
-45 75 62 -60 90 -48 -31 51 30 96
76 79 21 -94 41 62 -19 20 1 57
91 37 -86 56 73 73 -71 -73 60 -56
28 41 -73 62 -16 -13 63 -55 69 3
85 91 86 23 45 -24 9 36 21 -86
-78 8 -69 52 -68 -35 90 82 72 51
40 -18 37 -74 -9 -82 58 70 95 40
-13 48 -12 17 -31 -37 96 93 72 -75
32 67 0 26 34 86 64 -43 48 97
11 77 62 -27 -72 66 32 27 -32 -52
43 -41 36 75 -73 -38 -64 -44 -63 24
-8 58 8 72 -20 -54 86 -55 61 9
-79 -77 65 60 28 -93 80 64 -47 3
-37 -60 -13 -48 -43 63 64 -44 -54 -74
-3 44 -74 -29 -99 89 95 62 94 45
99 -56 -36 -65 77 -11 72 -42 9 51
73 -39 28 -24 57 32 -61 21 24 20
-65 -48 -78 56 -50 51 -25 8 93 79
84 -51 -73 85 21 -89 99 9 -32 32
2 -86 42 -32 42 -41 30 87 -10 -96
31 21 -1 92 18 94 -63 -35 22 -29
68 22 58 77 63 55 -30 39 -4 58
34 32 11 16 35 54 -40 89 79 13
98 81 -22 -58 67 3 -24 79 38 70
-75 -52 -15 96 54 -40 72 -74 59 36
48 44 25 -69 -31 -41 -47 9 -12 -72
15 -38 -79 8 -6 69 -16 73 -78 58
17 56 -69 0 -44 64 55 -63 20 -92
-93 -24 -69 20 -27 15 64 46 15 0
-78 -89 -21 60 -45 5 17 18 76 -45
86 18 -13 48 66 -80 -19 -96 83 -16
42 5 39 -48 69 -62 70 -10 -61 39
-73 95 87 7 1 -87 -27 -94 36 70
-86 -59 86 -97 6 -76 -33 -43 -77 -64
55 97 77 -74 -40 51 96 -19 81 78
-90 11 -12 -17 -66 31 -29 -71 99 -75
-99 -59 0 36 12 -30 8 76 -75 -16
68 82 -91 -10 -81 -69 68 14 -98 22
6 21 8 -21 -99 46 -46 -22 -78 30
-64 -66 99 0 91 12 29 99 -74 42
-64 70 -49 92 -94 98 90 70 79 -2
-19 -71 11 -73 -12 -61 -92 82 8 -53
-36 -45 -51 26 -30 15 -1 -47 42 92
31 -67 51 -19 -62 87 -26 -89 52 2
-69 0 -22 9 12 17 -18 56 12 -81
88 -51 -81 41 22 7 37 -60 4 32
-10 -45 -13 2 81 34 -65 72 2 59
-95 51 97 63 54 33 -85 -58 -19 -23
-34 89 54 11 -85 -13 90 -46 -55 18
-85 -29 58 -32 89 -71 -64 -78 -83 85
33 -54 -50 -81 72 -94 64 62 -57 -35
45 71 59 3 -34 97 -36 -48 9 -96
79 34 -65 -9 -13 -44 13 -79 54 -90
-77 -71 -52 -33 -46 92 77 -95 -53 -39
-98 44 5 -72 53 -21 71 -16 56 13
-60 36 45 25 1 -44 -55 20 2 -18
70 -59 13 0 -25 -33 -83 -91 20 -80
-38 61 -3 -18 -60 -25 92 -97 -9 84
33 -53 -90 -87 17 26 67 20 99 59
97 -91 -22 -54 43 -2 78 67 85 66
-81 46 46 -32 87 -55 89 11 66 15
-56 57 -82 91 7 -96 61 -84 -63 -59
78 53 89 -34 73 -71 68 5 -86 42
-26 -38 -21 44 -4 88 93 -59 77 92
-44 79 33 -57 -20 -37 -53 -59 -17 83
19 87 -46 75 22 -46 49 -89 85 93
-62 -21 34 4 -89 7 -9 -51 22 6
-71 82 90 -68 53 59 53 -75 39 54
33 85 -67 64 -2 40 25 -54 7 -33
48 -25 -10 52 87 54 5 16 80 -17
-17 72 -35 14 94 -13 -46 94 -31 -11
57 51 -20 90 76 -6 -40 36 -72 72
62 -79 -57 75 -7 61 -17 16 81 89
-83 23 13 92 -44 40 -5 86 -99 45
-22 -11 3 29 6 80 4 77 94 5
11 -52 -50 30 86 -97 41 43 -95 -43
87 47 -9 -63 72 83 67 52 -67 -84
-92 12 -20 24 -34 55 -49 -44 17 89
-75 -22 -35 33 -35 -5 -6 -87 -53 -56
19 59 -32 21 -7 -86 78 59 -97 -82
-25 15 95 85 67 44 -37 -52 -32 82
-68 -76 -12 -85 14 9 -35 -33 95 20
-72 -5 11 40 -28 93 -83 -91 22 -31
58 -22 -28 -33 -25 -81 -95 -20 -25 -4
-4 17 21 12 -8 -91 -5 49 60 51
3 43 74 -44 73 14 34 67 -22 94
-89 -43 -45 28 22 87 -18 22 -79 82
98 7 96 -26 9 45 1 -62 28 -4
-62 -48 73 79 -91 -99 -11 -25 -76 -13
-23 -89 48 -63 47 -27 -14 0 1 44
2 -56 74 -16 -94 -8 25 -12 56 77
34 80 -51 87 11 84 58 96 -61 -4
36 -42 -29 -38 -74 -89 16 -74 55 95
-23 1 37 91 21 -7 71 4 -76 82
-66 -99 34 -14 57 61 49 90 39 23
31 37 -12 22 92 43 -3 89 44 -56
89 98 -43 -3 83 91 77 -14 -19 -53
57 -68 61 -7 10 -51 22 -50 -80 35
-32 13 -30 -35 -41 -32 88 -81 67 -32
