66 -49 -2 -97 92 47 7 92 66 63
17 -19 -86 -65 67 0 12 16 -74 -81
50 2 9 -16 -12 -91 30 63 67 -32
12 -6 3 89 90 37 -18 33 -62 20
41 -54 -60 -28 -66 43 67 39 -15 41
45 -53 56 21 81 28 86 -57 -67 35
-13 12 74 23 -31 -25 -50 36 -97 -45
-2 -11 81 21 -62 51 85 -39 89 -9
-93 -17 50 31 71 -13 -32 -11 -79 -70
67 -8 -51 69 87 -63 -86 49 98 95
76 -43 -74 51 -63 -82 -76 15 -59 81
20 56 47 -67 81 85 0 85 21 -14
11 -77 -80 47 -62 -45 -31 -83 -68 -53
29 35 67 83 42 -15 -27 10 -7 -24
20 -29 -63 -46 16 -37 92 12 43 -18
-90 -6 43 -3 -58 78 67 -99 78 12
20 -94 45 -69 10 6 -20 38 -96 73
41 3 -87 -95 -34 38 15 74 -58 29
-25 -64 43 -11 64 52 36 36 -29 6
-19 47 97 -26 -54 -90 -27 84 -94 -20
-25 40 -63 90 -44 -42 7 29 -96 79
55 61 -75 34 56 2 64 -76 56 14
11 -62 27 -82 -10 97 17 14 -20 46
69 31 53 4 4 -20 32 46 17 -40
82 -56 -20 -4 2 14 -33 87 80 63
-17 68 41 -19 -10 32 57 35 76 55
13 53 98 58 -98 -89 -25 81 56 43
-85 -47 85 33 -45 66 -22 -10 88 99
91 23 32 -18 -12 59 -2 -37 17 -95
-50 -35 41 -90 44 -69 -76 49 -85 55
18 -11 -51 18 75 17 35 -94 92 55
71 -85 12 38 12 -29 -66 -16 -18 -90
68 97 32 -59 60 -73 -30 2 -21 -4
-82 -21 -97 15 94 72 5 93 -42 2
-24 84 -96 58 -58 -93 64 -8 -92 67
57 -19 80 -3 -46 2 -68 -54 -13 -86
53 -66 52 -21 -7 -94 2 -3 68 -20
-98 -58 -25 -32 23 65 16 -23 -41 -40
-25 6 86 59 -92 87 25 88 -11 -52
78 22 6 2 -93 -50 36 36 -45 -6
78 -33 60 82 77 -21 -56 -31 -57 -52
-18 -30 0 -90 -41 4 -91 -55 37 -11
-92 -22 -23 81 -80 74 94 -53 29 -36
25 -87 -77 94 89 -73 -29 32 -48 -88
62 -67 -95 27 80 10 80 -4 -69 -90
55 56 4 -96 -1 -31 -93 -41 -53 51
-63 -27 24 20 -85 84 -9 50 -28 55
91 99 42 -81 3 -66 0 -14 -85 78
23 49 96 -80 -41 -33 -97 -92 74 11
-95 21 45 36 -7 88 49 81 -80 -45
89 91 -47 -95 56 -10 -7 49 -53 -73
98 39 -80 12 -27 -10 -59 -92 88 24
48 -8 57 -11 64 59 16 -94 76 -31
63 -78 67 -94 19 51 -73 92 -88 -49
-69 -26 57 8 28 -98 -78 69 70 -56
49 -88 49 -94 23 -36 70 37 -55 -95
-14 -5 35 -90 -28 62 -23 -28 -95 -41
-50 -97 -11 -89 -86 -47 42 34 55 -46
39 -33 -75 -96 -23 0 -1 -73 57 -22
-33 72 25 90 -75 -25 8 12 39 50
-5 73 -63 -77 -79 10 -90 -24 -6 -10
-49 -26 -1 -97 -27 -23 26 -30 31 48
0 23 -96 54 14 50 -50 -96 16 38
94 74 69 3 -96 21 -29 -42 62 34
-77 27 -4 -34 79 15 -75 -65 75 93
8 57 -13 57 -43 32 47 94 -4 44
73 -89 -22 -40 -53 0 -96 -42 48 97
-37 -77 17 41 -39 -42 -40 -32 -87 -61
-57 71 -59 -19 -32 19 12 -71 65 48
-2 -43 68 -37 11 82 65 41 -65 95
-31 24 -38 -21 62 -64 -64 -74 -82 89
23 15 12 -22 59 70 50 82 31 -51
-17 -3 60 61 33 73 -92 -35 -18 72
-71 -48 -47 3 92 77 66 -36 -41 -79
-60 -71 74 7 72 -91 85 26 70 -43
-72 -53 68 -10 -64 50 75 62 3 -30
40 -79 16 -82 -81 -67 -14 23 -20 -60
28 29 -79 -72 37 -14 -54 -63 -83 -82
37 -6 -95 -69 3 -47 -46 57 -75 -49
72 -58 -88 39 -49 68 -29 -40 -26 7
-17 -15 -56 -58 -36 35 51 57 -15 66
93 -62 -45 42 58 -4 66 71 95 2
-37 -13 29 -70 -4 86 58 -79 87 75
-27 -87 40 -98 54 -10 64 -76 55 79
39 -56 33 -92 25 -57 47 67 68 -69
-19 0 91 -46 -15 3 -78 -12 -21 -68
35 55 -96 -29 -61 -97 86 -39 64 -68
50 12 76 36 73 80 -44 74 64 35
-73 38 59 71 -73 29 83 -26 -48 52
-19 -5 -78 74 -44 -87 45 -10 -70 92
-18 60 -24 65 71 21 37 62 -36 64
-63 47 -6 98 -95 92 -14 28 94 -74
12 -39 17 -82 -73 78 98 -48 57 -54
50 -79 -23 -44 -85 72 -25 20 -61 37
27 19 -83 -20 -14 31 13 -51 22 -18
33 27 40 -34 22 -10 17 -92 -4 23
-8 14 -14 -28 -77 6 24 -2 -15 67
-17 -98 -15 92 -40 72 -36 99 -45 6
34 -37 89 -31 90 -77 31 -25 -71 -13
-84 -35 -88 91 -81 -44 -30 -34 51 16
