7 13 18 19 5 33 58 39 57 10 71 16 30 21 15 47 67 36 24 56 1 64 23 26 35 25 11 2 46 0 53 51 14 65 42 68 37 66 75 27 41 38 45 44 54 63 28 61 34 8 12 50 20 49 60 4 40 62 52 6 3 55 59 17 74 22 72 69 48 9 73 29 43 32 70 31
57 27 39 3 0 13 70 54 63 30 24 9 38 42 6 32 69 59 17 74 61 11 66 52 37 33 20 45 23 53 43 19 49 51 14 31 44 71 50 28 29 10 73 48 40 55 7 35 58 67 62 72 12 4 46 34 26 36 25 16 18 65 75 15 41 64 60 47 2 1 22 21 56 5 8 68
8 5 52 32 14 36 23 30 1 66 11 51 68 45 35 26 4 65 38 46 28 0 39 49 42 44 2 67 71 41 17 31 74 58 37 27 43 50 21 64 54 20 19 18 62 60 48 69 3 63 72 34 40 33 53 61 24 13 55 22 70 73 25 15 47 75 12 16 56 9 29 57 59 10 7 6
56 31 27 57 5 33 15 52 18 48 42 41 9 8 22 19 74 16 72 63 55 10 62 44 65 50 53 1 75 73 66 14 54 17 70 34 67 32 43 29 36 24 11 3 23 51 26 35 59 61 37 46 12 7 58 49 40 13 6 25 30 21 45 39 71 69 38 2 68 0 28 60 4 64 20 47
26 75 42 45 47 30 69 11 23 40 51 2 8 25 9 24 50 3 55 73 59 53 17 34 16 54 74 56 0 28 35 33 39 48 62 43 57 14 36 5 38 66 10 60 68 1 49 6 20 13 65 22 67 21 29 4 63 37 44 64 58 12 15 61 46 7 52 71 18 31 72 32 27 41 19 70
58 59 32 52 57 49 74 39 63 44 16 51 72 10 26 15 73 24 75 56 4 66 30 47 38 48 6 19 70 43 67 55 36 71 33 62 54 14 28 50 69 34 53 40 23 17 22 20 31 45 41 35 60 65 68 27 42 2 64 11 12 25 9 21 37 61 5 46 18 8 1 13 7 3 0 29
7 2 14 42 54 55 3 16 41 13 45 64 20 11 70 75 15 73 57 23 10 74 40 31 29 72 52 65 44 43 37 60 48 22 71 47 9 8 39 69 30 28 4 68 62 24 50 0 58 49 18 25 34 59 35 56 12 32 63 46 27 61 53 66 19 1 21 5 6 26 38 67 17 33 51 36
3 65 52 61 58 41 21 62 40 57 18 54 19 15 0 5 37 74 22 32 30 72 20 28 24 9 13 27 38 25 42 70 26 55 64 10 4 53 6 12 63 31 56 23 73 71 47 59 51 11 67 49 75 16 50 46 69 14 29 44 34 66 2 43 17 68 33 45 39 60 36 1 7 8 48 35
2 30 15 61 52 5 70 41 26 24 14 4 54 32 29 71 55 25 67 13 19 23 37 0 66 7 20 47 60 68 51 53 22 73 9 18 64 43 8 28 49 34 62 3 36 75 11 56 69 46 10 35 74 48 38 63 65 1 57 21 39 58 42 12 31 6 50 45 40 16 59 17 72 27 44 33
73 72 34 23 28 58 48 13 35 6 61 53 18 27 43 51 25 71 24 21 49 22 14 8 54 36 50 70 68 3 19 45 15 56 4 57 7 59 0 38 65 66 10 64 29 52 2 39 62 42 17 69 16 41 47 74 75 31 1 11 44 26 9 32 40 12 67 37 20 5 30 60 33 46 63 55
74 12 21 7 48 10 58 64 42 52 35 20 8 67 71 38 37 15 68 0 47 13 25 46 50 33 61 29 30 66 63 26 24 14 17 3 55 19 32 9 51 40 16 1 28 62 2 60 57 22 18 41 54 36 73 43 23 27 6 34 4 56 45 49 11 72 44 59 65 31 5 75 53 39 69 70
13 42 34 1 65 49 16 64 70 23 45 35 40 7 36 39 56 50 46 72 10 58 38 14 60 22 5 3 54 43 71 37 69 52 31 2 17 44 15 28 41 68 19 63 33 61 11 51 47 32 66 73 25 8 75 20 74 0 48 21 24 59 18 67 26 12 6 53 57 30 9 55 29 62 4 27
69 26 39 62 15 0 53 43 32 60 25 35 41 58 16 20 70 18 75 50 61 42 44 1 10 30 55 38 34 46 74 36 54 68 49 72 52 12 63 19 31 33 71 64 57 47 24 29 22 65 67 23 5 40 17 21 66 8 7 56 48 27 59 6 14 51 37 11 3 2 45 28 9 4 13 73
6 0 56 69 58 46 60 33 26 63 50 24 30 51 62 54 67 39 7 35 48 66 5 18 71 75 4 25 38 59 36 57 15 40 2 10 53 3 49 52 37 64 22 34 8 42 17 16 12 23 43 68 14 72 1 32 19 65 27 29 9 31 74 28 11 70 55 73 47 21 44 45 61 20 13 41
48 24 25 35 4 26 34 30 44 71 12 68 9 50 37 41 13 70 63 43 73 5 28 3 45 62 2 64 27 60 10 20 42 66 1 69 19 49 39 21 61 40 72 31 33 74 52 36 29 53 59 7 47 16 11 14 51 22 8 75 46 56 32 6 17 0 67 23 15 58 54 18 55 57 65 38
35 24 36 52 66 57 11 55 50 45 20 1 44 51 61 40 43 8 21 30 47 73 6 28 68 56 74 33 19 41 23 49 34 69 37 12 2 17 42 63 67 27 9 22 64 5 71 65 62 59 18 4 31 0 46 15 38 53 29 39 10 3 26 70 48 58 7 54 60 16 25 32 72 75 14 13
15 55 36 11 8 38 9 67 51 32 42 60 37 53 27 58 19 66 46 6 47 75 31 28 69 71 0 64 72 49 2 35 7 59 10 62 3 22 17 43 54 65 24 21 25 12 20 50 33 61 57 56 14 41 44 5 16 23 1 63 70 52 48 18 74 29 30 68 13 73 45 26 40 34 39 4
70 8 34 65 68 40 62 36 42 60 38 44 17 4 0 69 61 64 52 57 54 56 5 67 51 27 73 19 41 2 46 28 21 18 20 50 16 59 43 66 13 24 3 22 33 74 9 10 6 75 15 72 30 63 25 23 12 71 1 47 7 58 14 49 48 29 11 55 26 45 37 31 35 32 53 39
5 31 38 59 32 47 2 25 15 11 37 56 7 54 4 52 17 51 48 28 71 9 46 18 23 44 13 61 10 40 67 35 21 33 63 0 53 49 19 64 22 14 50 20 57 69 62 1 29 68 30 72 6 60 34 8 58 75 74 42 3 16 26 24 41 39 70 43 45 36 66 73 55 27 12 65
46 74 33 51 27 26 66 17 57 12 71 65 60 54 31 18 20 55 25 7 58 73 62 22 56 37 24 39 5 50 53 42 4 8 75 29 16 10 48 3 28 34 45 52 40 30 41 63 1 61 11 67 0 32 2 43 64 6 13 9 23 70 72 59 44 47 35 19 38 36 15 14 68 69 49 21
46 64 28 63 22 8 13 29 49 3 36 41 61 66 35 18 2 72 12 11 16 7 69 48 31 5 1 75 59 71 68 14 43 58 62 26 24 25 32 23 55 45 57 19 30 44 38 21 15 65 52 51 6 74 54 27 34 60 37 4 33 47 17 20 39 9 42 10 0 56 53 70 40 73 50 67
16 4 73 31 6 67 10 58 19 23 55 21 13 65 54 56 53 12 25 74 3 17 22 30 1 40 37 48 35 34 49 43 63 60 71 2 14 44 24 46 70 41 29 45 18 72 27 59 51 7 9 39 62 75 15 69 66 52 57 50 32 68 42 38 33 64 61 36 5 0 26 20 8 28 47 11
72 68 60 23 32 50 8 52 10 53 65 21 9 6 7 41 37 47 58 3 63 29 56 4 55 48 39 14 61 28 12 54 73 64 57 0 15 31 38 24 75 2 40 49 70 66 69 13 34 59 5 42 74 1 51 25 33 19 67 20 27 30 16 44 62 22 17 71 36 26 45 43 11 18 35 46
68 9 70 0 36 60 53 62 3 73 58 1 24 71 6 33 59 38 54 22 20 16 14 69 72 61 28 26 63 21 17 2 52 32 10 25 65 56 27 51 46 42 11 55 35 67 44 37 30 47 57 23 13 39 50 7 64 75 31 40 4 45 34 43 66 19 15 12 48 74 41 5 49 8 18 29
37 30 43 36 69 0 3 26 28 48 12 32 63 75 40 59 57 39 73 53 27 72 8 23 64 5 60 49 67 9 24 47 11 25 61 17 56 50 34 7 71 55 22 35 42 19 45 51 4 62 46 66 15 41 68 20 31 18 2 38 6 14 52 65 33 54 16 70 13 1 44 21 29 58 74 10
43 75 63 49 55 13 15 1 33 73 47 2 67 12 44 58 4 66 51 70 50 10 65 22 8 19 46 74 59 61 35 30 27 52 31 34 53 3 24 38 18 45 39 42 57 28 68 17 56 29 64 36 23 5 60 9 37 16 7 71 72 62 40 54 41 26 20 32 14 69 11 25 21 48 6 0
4 48 65 11 21 34 9 74 72 7 45 17 13 16 32 36 73 27 54 40 49 20 33 53 28 46 22 25 39 64 24 1 19 41 67 60 29 70 66 63 69 47 6 75 38 15 3 35 5 8 61 10 57 18 26 37 52 56 50 12 0 62 43 68 44 14 59 23 31 55 30 71 58 42 51 2
20 40 3 66 21 41 27 9 73 37 44 26 65 59 28 50 30 64 0 32 48 10 67 18 60 1 35 19 25 70 46 53 14 11 54 57 55 52 72 49 47 45 39 74 51 2 38 15 58 6 69 4 34 56 36 61 75 24 62 43 8 33 13 63 29 17 23 12 7 42 22 16 31 5 68 71
24 27 75 28 63 10 39 47 12 43 9 73 59 1 14 6 41 62 37 38 65 64 44 55 53 13 69 22 31 61 70 72 8 68 58 71 25 52 67 15 0 19 36 66 17 30 49 29 42 40 11 2 48 45 33 46 56 3 74 50 18 16 26 34 21 7 57 32 35 54 51 4 20 60 23 5
27 16 51 54 61 60 17 13 47 53 15 2 3 33 40 22 38 4 67 71 30 72 7 73 10 57 1 11 24 39 46 75 29 26 59 12 19 66 63 69 37 8 6 20 68 25 28 56 0 50 49 34 70 5 65 32 14 31 41 45 9 62 64 52 21 18 35 58 43 36 48 55 42 23 74 44
37 35 53 68 69 9 27 54 23 24 57 22 70 75 29 21 67 8 34 16 64 71 55 50 49 74 39 46 19 10 20 32 72 15 58 44 40 25 51 62 43 65 45 42 4 6 56 0 18 48 5 3 59 47 36 26 41 52 61 11 38 63 66 1 28 12 60 30 2 73 33 14 13 17 31 7
45 11 39 42 44 75 35 66 14 12 52 25 9 29 20 57 4 8 31 74 54 30 15 50 21 65 0 47 68 46 48 24 7 64 32 62 37 43 23 27 6 36 28 40 10 13 34 58 3 53 71 38 60 41 1 51 22 49 26 18 72 2 70 33 19 55 17 61 5 59 56 63 73 69 67 16
72 24 21 5 11 10 16 57 15 39 1 4 61 25 31 48 46 38 73 65 12 51 53 6 40 55 18 32 56 42 27 71 36 19 13 0 9 49 26 63 14 59 22 33 64 60 2 66 8 20 54 37 28 35 43 50 69 23 70 29 68 7 44 34 3 17 52 41 74 75 47 30 67 62 58 45
11 12 50 75 31 71 72 55 28 64 30 68 25 65 53 17 61 29 59 35 22 57 4 27 56 63 34 6 74 40 19 0 46 45 7 21 20 18 3 58 49 15 62 42 5 32 14 33 2 41 16 9 70 26 24 39 60 13 44 67 43 36 47 1 54 8 52 73 66 51 38 37 48 69 10 23
25 3 61 58 15 4 73 55 31 24 66 37 67 60 23 18 11 35 17 7 39 51 14 52 6 49 32 74 33 46 30 54 44 48 56 2 34 16 71 43 0 45 12 75 29 53 9 38 40 27 5 22 41 8 42 50 20 70 57 13 64 62 63 21 65 72 19 1 69 59 28 26 47 68 10 36
55 41 21 34 53 51 40 13 39 65 18 35 71 62 66 49 75 28 54 67 69 61 32 5 52 8 38 47 70 25 73 15 50 14 19 59 27 64 44 3 42 58 20 33 30 7 12 9 24 72 10 1 45 26 4 16 60 43 23 74 36 37 22 63 11 57 17 68 0 2 29 46 31 56 6 48
6 52 45 24 32 69 50 36 48 17 46 49 47 7 55 75 67 68 41 9 61 42 25 12 13 0 8 16 4 18 5 1 70 30 66 44 22 60 43 73 3 11 14 19 58 15 20 54 62 35 21 56 51 57 34 53 65 31 39 29 38 27 63 59 71 28 33 10 26 64 37 74 72 23 40 2
18 27 58 15 61 7 25 73 54 19 66 51 35 23 52 41 39 32 2 49 28 38 43 22 56 3 26 72 20 13 60 59 44 42 0 36 53 24 68 65 1 5 6 9 40 34 67 70 16 74 8 4 71 17 48 64 30 45 46 75 62 63 31 37 10 11 57 50 21 12 47 55 69 33 14 29
7 71 75 51 41 42 26 13 54 58 30 65 38 0 24 69 11 64 40 9 48 27 56 4 72 35 50 66 16 3 10 33 61 73 5 44 21 39 45 74 67 60 2 53 8 36 43 14 34 62 12 47 68 52 29 20 28 63 55 32 70 19 18 37 15 17 59 25 49 23 1 31 57 6 22 46
53 12 72 75 20 56 43 3 39 74 68 67 46 9 73 44 21 2 51 41 7 58 38 70 28 49 47 23 1 63 45 10 8 55 17 18 13 29 60 36 50 31 6 24 0 35 11 71 34 37 19 22 66 59 15 25 32 65 54 57 62 4 16 40 5 30 69 52 48 27 33 64 26 14 42 61
68 63 18 7 36 8 54 12 20 25 67 46 39 56 30 57 55 40 5 31 28 10 51 72 14 47 38 73 64 23 66 53 0 17 21 32 65 27 52 16 33 2 35 42 49 48 4 60 19 26 61 9 24 43 69 75 15 70 45 13 71 6 41 59 34 3 44 29 58 74 1 62 11 22 37 50
22 24 13 74 63 11 7 10 2 34 18 61 30 17 45 46 41 39 31 23 68 50 56 5 72 12 9 36 55 26 32 40 21 73 6 37 54 8 16 27 3 52 4 71 19 14 1 75 49 25 28 42 44 33 20 48 35 51 57 38 60 53 29 69 64 47 0 67 65 43 15 66 62 58 59 70
54 20 22 33 71 35 45 21 0 59 18 7 11 24 55 46 16 65 39 73 3 10 49 52 6 75 61 56 74 42 4 19 41 23 68 63 1 14 38 31 15 37 60 50 9 12 13 53 47 27 26 48 5 8 70 25 30 29 69 72 64 66 40 58 44 36 32 51 62 43 17 28 57 2 34 67
19 52 66 73 1 22 72 54 20 70 17 62 46 32 16 8 48 56 34 51 4 40 7 21 25 26 39 33 24 12 3 44 23 31 58 10 27 61 42 55 68 43 47 30 14 50 59 65 28 2 57 36 49 18 75 5 29 60 41 74 64 0 45 11 67 71 13 35 69 38 6 9 63 15 53 37
65 6 21 70 47 12 24 53 71 29 42 36 33 41 54 17 14 62 69 10 19 1 34 50 64 59 5 18 72 67 63 13 46 32 4 2 38 55 37 20 9 22 44 43 48 58 23 31 25 57 61 8 39 60 52 15 74 26 3 73 68 27 28 66 75 0 7 35 16 45 51 30 56 49 11 40
1 34 71 56 67 28 32 57 41 52 0 36 25 23 27 53 16 47 12 40 51 44 73 4 22 15 9 75 70 50 24 63 8 35 37 38 62 59 18 69 21 30 5 20 6 14 3 65 54 13 68 42 66 11 74 55 7 49 29 45 60 2 72 33 17 19 39 64 10 43 31 26 61 58 48 46
57 4 6 9 32 33 62 56 13 26 30 54 45 47 29 52 15 17 51 3 74 12 58 68 0 1 11 42 39 59 27 65 70 35 24 34 55 72 63 28 48 61 75 18 50 8 37 21 67 66 36 53 64 31 20 22 10 19 23 46 14 44 16 25 40 69 2 38 5 41 43 49 71 60 73 7
56 59 19 7 24 6 61 15 70 8 66 55 34 27 0 68 33 22 58 45 67 39 75 69 63 48 16 23 40 1 42 12 64 65 60 62 11 49 21 32 71 57 46 10 47 9 26 53 3 50 74 17 51 18 52 5 43 38 25 13 20 4 35 54 73 14 41 36 30 2 72 31 37 44 28 29
23 33 70 46 64 38 42 11 75 43 37 28 62 8 61 13 2 20 58 17 36 65 18 39 35 74 1 54 4 34 21 51 12 45 27 57 5 3 25 53 24 10 40 31 48 47 7 15 50 67 41 73 60 55 22 59 26 19 0 14 29 49 44 66 30 6 9 63 68 71 72 69 52 16 32 56
39 34 33 32 38 40 64 72 27 61 50 3 23 29 12 59 8 46 11 16 36 17 65 63 51 26 1 55 24 57 21 15 70 4 9 20 74 54 62 58 6 66 56 49 37 67 41 47 25 48 43 45 53 52 18 7 69 14 2 35 75 19 31 42 44 60 28 10 5 13 68 0 22 30 73 71
24 75 45 27 23 54 53 52 19 10 4 7 59 70 61 69 36 62 71 30 41 47 2 42 20 35 32 37 38 65 18 43 55 46 0 5 22 34 40 9 66 3 67 29 6 14 28 49 17 16 33 39 31 11 51 58 26 12 25 48 8 1 56 50 63 74 13 64 73 60 68 21 72 57 44 15
56 21 57 17 60 10 59 37 13 31 48 26 0 3 61 29 4 75 52 2 12 27 68 23 73 7 5 69 71 14 36 38 67 18 22 42 49 72 40 44 51 34 9 64 63 70 25 39 35 1 33 8 45 62 6 58 19 65 43 30 53 47 16 74 41 54 66 11 32 20 28 15 55 46 24 50
41 1 33 2 8 75 69 68 46 22 18 49 67 40 58 30 43 5 73 61 63 15 4 45 42 16 48 24 19 72 0 32 21 38 47 13 39 60 27 51 14 29 50 3 53 36 52 55 44 12 65 35 17 11 7 64 10 56 20 74 70 71 23 37 9 31 28 25 26 54 6 34 62 57 66 59
58 8 36 47 25 15 60 5 7 9 22 3 69 51 11 63 0 26 57 2 29 61 20 71 32 4 30 54 28 44 18 65 41 66 50 59 17 38 42 34 24 68 43 75 52 13 64 14 55 46 40 33 10 53 56 31 16 23 45 67 49 12 70 1 6 72 27 37 35 48 19 74 73 21 62 39
62 21 7 72 42 10 28 5 14 39 30 20 2 18 26 22 44 54 45 40 46 0 32 11 75 73 9 57 41 70 48 69 34 64 53 52 63 68 59 74 23 60 61 36 66 24 51 29 16 71 17 33 49 56 3 37 35 19 13 31 15 4 65 58 27 6 1 38 67 43 47 50 12 25 8 55
0 22 59 33 56 43 62 49 65 64 48 17 46 74 29 68 51 12 47 13 10 31 73 71 18 28 36 66 50 11 15 23 30 63 14 34 24 42 6 52 39 40 26 44 20 32 37 41 58 21 69 3 2 60 25 9 8 19 57 4 1 61 7 53 27 67 54 70 35 16 38 5 72 55 45 75
49 38 19 20 4 37 72 33 59 44 45 28 32 43 23 10 54 29 35 15 61 14 9 6 16 2 60 42 39 13 7 51 64 55 63 0 34 69 40 73 26 57 66 48 36 12 46 24 58 5 65 30 41 62 31 70 21 53 27 22 1 47 75 74 18 50 11 17 56 71 68 3 8 25 52 67
63 69 23 20 8 50 37 51 46 65 34 40 35 14 30 58 59 48 68 53 25 27 43 52 16 64 33 10 21 38 6 22 44 0 39 7 75 26 66 61 74 54 67 71 1 17 13 45 70 60 57 24 36 72 12 5 4 29 2 32 73 15 19 42 56 49 55 31 28 41 47 18 62 11 9 3
38 64 11 13 75 68 58 1 40 10 12 31 36 37 54 41 61 50 59 57 47 17 21 15 24 39 60 27 42 70 5 28 66 52 35 71 44 55 16 45 56 18 62 7 33 23 34 63 43 73 6 8 9 32 4 20 74 65 53 19 30 67 72 46 69 51 49 3 25 29 0 48 14 26 22 2
31 61 43 15 41 27 35 36 44 72 12 69 40 26 42 37 66 67 17 52 7 70 19 5 60 11 59 34 33 13 53 38 23 58 68 74 8 64 51 20 73 39 56 45 25 48 18 65 0 49 63 1 4 50 47 71 62 29 3 57 16 75 9 46 30 32 54 55 14 21 24 28 6 10 22 2
12 5 32 59 60 62 8 53 70 49 13 67 23 2 44 20 17 1 33 19 16 30 15 37 31 26 4 54 55 18 50 69 7 41 68 52 47 48 11 74 34 75 28 73 14 22 51 39 71 24 43 65 72 36 27 0 58 3 45 66 21 61 9 35 29 25 38 63 64 57 10 42 40 6 56 46
35 33 48 53 28 42 0 70 30 58 56 18 44 21 7 54 31 43 75 55 24 20 72 14 36 13 57 49 52 71 66 73 9 25 39 38 40 3 69 1 15 51 50 22 59 2 5 4 26 27 62 67 60 41 32 45 29 23 74 46 8 65 19 68 34 11 6 12 61 17 47 10 64 63 37 16
67 40 13 61 42 16 22 55 56 1 6 50 2 60 43 49 36 39 9 21 11 28 4 34 10 48 44 25 29 68 51 18 8 32 24 7 64 17 30 31 3 41 20 46 57 15 71 59 75 66 73 47 72 14 58 0 45 5 23 54 65 26 38 70 19 33 12 62 35 52 63 27 74 37 53 69
16 2 30 44 37 31 60 53 14 5 4 35 46 41 61 63 50 36 8 38 68 49 62 48 42 70 59 26 18 40 51 27 1 29 52 39 11 64 56 13 24 7 69 12 21 58 17 73 75 9 15 67 65 19 74 54 3 55 72 23 71 22 20 25 66 45 10 0 32 57 34 28 47 43 33 6
31 70 5 49 18 48 42 75 56 46 40 60 44 58 64 66 9 15 0 72 27 65 51 62 43 28 69 68 10 39 74 45 22 50 29 32 61 59 35 71 8 19 33 13 38 34 73 24 26 14 54 17 53 4 41 7 11 36 12 1 47 30 25 6 2 67 21 63 23 57 16 37 3 52 55 20
67 7 30 28 38 23 44 34 68 37 62 66 64 40 48 60 63 27 47 69 1 14 74 29 59 18 46 52 12 13 43 5 39 3 10 49 6 51 24 35 56 11 21 25 54 26 70 61 53 32 65 45 17 58 71 57 41 55 73 72 4 36 19 50 16 75 31 0 42 33 8 15 9 2 22 20
27 45 30 51 38 35 62 10 73 60 1 52 33 13 43 46 41 42 50 26 71 2 39 23 40 58 9 4 69 8 14 75 57 21 24 29 56 34 67 31 61 66 12 3 32 16 7 70 54 59 48 0 47 20 37 65 19 6 49 64 18 5 36 15 63 72 11 28 22 17 55 74 25 44 53 68
60 27 75 53 72 73 5 1 21 10 41 4 47 34 36 68 0 52 39 18 29 43 22 38 25 20 31 2 56 45 33 8 74 19 30 15 58 70 59 17 67 23 63 48 49 6 13 7 46 28 16 51 54 35 61 37 57 12 3 44 71 24 42 65 64 14 32 9 26 11 50 62 69 66 55 40
0 75 44 51 23 6 15 60 46 69 21 43 19 54 10 62 36 37 20 47 16 58 53 7 73 74 30 27 24 29 71 49 56 8 57 1 5 33 14 22 42 9 55 65 3 32 31 18 66 63 17 40 59 41 11 61 70 28 72 4 52 35 38 45 39 48 12 13 64 34 67 25 26 2 68 50
3 15 30 16 14 25 67 13 55 70 35 72 49 22 33 19 32 5 73 52 53 74 1 57 0 66 17 56 51 10 62 20 42 8 44 34 21 4 23 40 2 45 11 38 12 47 69 39 41 26 59 65 64 71 54 6 36 48 7 75 27 29 63 50 18 9 43 61 37 58 60 46 68 31 28 24
23 7 45 40 50 65 64 70 67 24 36 10 57 43 27 52 8 63 75 60 44 37 46 1 21 59 12 51 16 69 31 3 73 55 11 5 19 6 47 17 18 54 74 15 20 39 29 34 49 33 48 9 13 71 14 58 41 25 56 62 4 35 0 26 38 2 61 30 66 53 22 72 32 28 42 68
39 41 29 30 51 0 17 56 15 50 2 12 49 48 71 24 35 16 25 52 75 22 6 40 31 19 63 34 38 53 46 54 36 42 32 3 58 67 11 9 33 74 8 28 27 43 21 7 69 18 61 55 70 14 73 64 37 66 62 68 45 72 5 57 23 60 65 20 26 44 1 10 4 47 59 13
73 41 68 22 54 57 20 34 24 52 39 6 63 8 42 65 11 44 1 9 27 51 48 21 40 7 32 38 71 46 18 45 56 75 58 72 64 14 53 55 5 26 10 37 43 19 35 2 28 0 61 29 59 17 50 4 60 66 67 16 25 33 12 70 69 31 36 15 74 30 49 62 23 3 13 47
27 35 58 62 25 45 53 22 36 57 55 23 24 10 12 68 19 50 72 17 21 75 29 16 51 61 33 54 20 14 52 11 9 56 71 70 1 40 65 49 6 31 34 39 42 32 44 47 7 66 59 2 67 74 64 73 30 18 48 46 4 63 41 26 60 28 5 13 37 8 69 3 0 43 38 15
3 45 17 66 7 28 8 25 30 19 65 35 15 27 34 74 13 64 42 11 16 12 49 46 41 47 36 44 31 67 14 62 10 56 6 71 43 58 51 52 29 32 33 9 50 5 75 48 53 55 4 1 69 24 40 61 26 54 18 57 23 59 0 20 39 70 72 60 38 68 37 2 22 73 63 21
17 4 60 21 58 62 32 5 2 65 53 49 24 72 39 35 37 55 40 36 0 68 16 7 69 70 22 25 1 44 67 31 73 11 47 23 52 6 48 10 42 51 29 26 33 75 3 9 41 66 46 38 71 30 20 18 61 28 12 43 34 56 64 13 19 63 50 14 27 15 74 59 45 57 54 8
70 58 71 68 15 64 50 1 5 3 67 44 72 51 48 9 46 52 45 39 29 41 24 6 18 21 7 49 4 19 22 11 27 8 31 57 10 38 12 74 75 53 26 63 14 30 66 16 32 61 65 13 20 42 34 47 59 73 56 2 33 37 55 23 62 36 60 43 54 28 69 35 40 25 0 17
28 38 25 8 1 48 29 3 59 40 20 75 46 0 68 11 51 56 37 31 60 45 10 43 34 15 18 21 12 57 63 6 9 44 36 5 61 55 41 52 23 26 4 74 67 54 71 53 39 72 2 14 32 58 19 65 49 13 30 62 70 33 73 7 22 27 17 42 64 35 69 47 16 50 24 66
16 75 1 9 29 22 31 44 39 8 52 15 73 72 19 35 21 62 10 41 20 58 23 57 56 45 34 50 68 64 42 36 54 33 6 61 17 5 59 12 49 40 28 11 26 51 24 7 38 14 63 46 13 74 25 60 55 30 0 53 18 4 48 27 3 66 32 65 70 47 69 2 71 43 37 67
52 2 1 27 8 16 26 14 10 40 62 20 46 65 13 64 71 37 73 58 51 25 53 43 41 74 50 54 63 49 23 61 29 6 30 60 47 66 5 67 34 31 15 44 22 70 48 3 17 36 12 32 55 75 7 21 11 24 42 57 59 69 9 35 72 4 56 38 0 39 33 68 45 28 19 18
17 72 28 70 33 22 24 41 65 52 35 14 23 51 8 37 3 39 66 31 29 59 13 75 47 5 34 71 11 64 9 38 67 43 2 7 32 49 57 20 60 16 44 10 15 19 56 42 26 18 46 12 58 6 36 40 48 1 69 55 27 73 25 54 21 4 63 74 0 45 50 68 30 61 53 62
14 69 1 29 17 44 21 33 2 39 34 24 16 59 23 62 8 67 60 73 61 52 70 38 74 0 75 15 48 27 6 30 42 13 65 55 11 28 37 47 50 54 56 3 45 5 35 9 63 43 46 18 49 12 71 57 4 32 66 41 40 7 72 31 22 68 51 26 53 58 36 10 64 19 20 25
16 13 28 6 0 24 68 29 10 59 18 21 23 25 51 73 42 50 66 64 31 39 5 27 61 30 40 2 52 3 71 37 65 34 56 46 35 49 4 60 32 15 54 12 17 74 8 19 47 33 55 7 72 70 36 1 41 48 11 44 43 57 75 22 67 20 14 63 69 58 26 45 38 53 9 62
65 57 46 21 9 7 43 63 10 42 14 0 26 36 31 27 3 45 67 52 54 37 38 1 20 2 5 13 24 58 12 40 72 61 66 48 18 4 56 62 15 35 28 32 23 11 34 6 55 50 16 49 75 47 73 44 68 30 53 51 29 71 70 41 74 39 59 22 69 33 60 25 19 8 64 17
67 6 26 44 29 57 39 74 58 31 28 1 40 11 65 9 48 14 10 62 35 17 37 25 50 27 64 2 22 34 13 21 3 7 16 43 42 24 61 8 19 71 47 52 53 5 12 70 18 36 55 38 30 15 41 72 49 56 0 32 54 20 23 46 45 51 59 68 69 60 75 4 33 66 63 73
63 35 7 0 43 25 20 6 50 57 65 8 11 10 22 24 9 30 15 4 68 66 21 40 61 73 72 27 47 37 31 60 36 38 3 46 56 58 55 18 69 48 12 1 62 70 14 41 16 45 2 17 53 19 26 49 75 64 33 59 28 74 39 34 71 32 51 44 67 29 54 52 13 5 23 42
20 23 27 46 5 60 66 42 59 56 47 62 34 44 36 39 18 69 30 24 28 8 43 74 16 3 58 13 2 32 52 41 48 54 14 67 6 57 45 17 51 65 21 38 0 33 37 31 10 11 50 73 70 72 9 71 75 1 25 40 64 22 35 4 19 15 68 53 12 55 26 7 61 29 49 63
26 11 68 9 71 47 4 14 70 62 64 8 75 42 16 30 7 67 23 65 39 0 18 72 28 58 17 66 49 15 10 41 40 35 56 22 60 74 32 50 43 13 24 3 37 55 31 59 44 1 29 45 69 33 34 53 48 20 54 19 46 12 25 63 52 73 27 6 38 5 57 61 51 2 36 21
16 57 74 28 0 3 26 20 41 19 53 55 21 73 30 42 64 13 72 56 5 31 34 51 32 54 65 40 23 66 36 25 45 35 67 27 52 9 46 7 29 58 44 48 49 17 10 15 37 60 4 39 68 8 6 61 14 70 33 50 75 71 63 1 22 59 38 12 11 24 2 69 18 62 47 43
13 3 21 18 39 2 71 11 26 60 36 33 40 45 9 43 59 75 27 72 64 37 69 44 62 34 70 38 52 49 29 19 74 55 66 5 61 54 57 24 31 7 15 73 67 53 32 56 0 17 58 47 4 48 28 68 6 16 63 35 46 20 8 50 12 65 14 42 23 30 22 41 1 10 51 25
15 65 31 71 67 74 56 16 54 45 61 21 22 18 27 23 5 43 1 25 0 53 32 73 11 20 51 66 50 39 69 46 70 63 41 28 47 37 2 62 10 60 35 8 24 9 40 55 36 64 12 68 52 4 14 7 59 30 49 3 57 48 17 44 72 42 19 75 34 26 38 33 29 6 58 13
14 6 61 3 57 28 42 10 24 58 56 55 31 70 59 22 21 5 33 29 68 18 16 7 75 72 74 52 2 34 9 11 48 25 71 26 37 27 23 41 17 43 46 65 39 32 20 50 38 0 47 60 63 53 12 15 49 69 19 35 64 30 8 44 36 66 54 62 73 51 13 45 67 40 4 1
35 22 23 51 17 42 48 38 14 72 20 13 10 3 70 61 50 52 47 6 58 9 57 56 5 73 44 33 54 59 18 71 1 66 36 65 68 46 4 34 11 31 25 8 40 24 39 74 29 7 41 62 21 16 60 0 69 45 55 15 53 75 32 26 2 67 43 28 19 30 63 27 64 12 37 49
22 72 40 53 68 69 2 33 52 73 74 29 71 7 34 18 54 62 38 35 50 65 64 58 1 20 0 70 56 46 41 17 25 14 37 24 28 43 31 66 67 63 49 26 13 59 3 30 60 57 44 10 51 61 39 21 42 4 16 12 32 5 9 11 15 45 6 75 48 47 19 23 36 8 27 55
29 48 27 25 30 26 35 44 52 59 56 58 31 3 71 14 73 55 36 1 66 4 21 37 13 23 75 68 38 51 2 11 65 6 41 20 54 43 39 70 10 40 64 72 34 7 67 8 69 60 46 22 24 57 0 32 45 61 16 47 62 49 12 53 42 63 33 5 15 74 19 17 50 28 18 9
67 0 58 35 8 44 31 5 20 73 69 22 1 26 17 4 15 43 30 19 48 34 13 37 75 49 16 21 28 61 45 6 25 18 62 70 53 74 54 2 68 27 33 3 47 55 64 46 11 41 32 66 72 71 12 50 10 39 29 7 57 63 65 42 14 60 51 36 9 23 24 52 40 38 56 59
70 4 1 68 62 9 2 64 8 51 26 45 19 0 6 11 39 13 65 44 36 15 21 72 75 74 10 18 37 52 42 43 24 25 46 58 55 3 60 20 66 35 30 41 32 48 17 59 56 12 53 31 67 40 14 50 7 29 28 54 73 71 33 38 23 5 61 69 57 47 34 63 27 22 49 16
71 46 9 26 41 43 66 5 45 4 73 21 22 74 17 75 6 63 40 7 15 36 39 8 55 69 72 61 13 10 67 35 24 25 70 18 12 59 50 65 34 64 68 0 32 52 37 1 38 30 48 62 27 56 28 49 53 57 58 3 16 2 51 11 23 54 31 19 20 42 60 44 29 14 47 33
23 54 12 50 14 48 63 72 18 75 42 41 74 61 0 20 68 45 1 58 25 49 5 19 44 47 46 62 37 65 39 6 24 57 2 3 26 59 17 53 35 73 16 31 28 38 29 56 36 11 60 22 13 27 4 52 71 55 15 43 67 21 8 33 69 40 70 10 9 32 34 7 66 30 64 51
60 36 58 20 65 42 0 54 4 63 70 32 28 17 5 38 24 61 62 66 64 55 6 2 41 56 1 45 11 31 30 9 14 3 16 8 57 37 51 43 18 29 73 53 75 12 46 40 74 48 33 39 26 10 7 71 68 22 59 50 34 35 19 23 47 49 15 27 25 13 21 67 72 52 44 69
