25 58 15 65 59 71 19 61 75 8 12 52 22 14 38 6 30 73 37 57 74 27 34 60 55 63 9 4 56 23 18 54 66 29 67 39 28 20 69 31 1 36 2 51 24 46 64 53 68 45 26 35 0 13 42 41 72 49 16 11 7 48 33 40 17 43 21 47 50 44 70 62 10 5 3 32
26 2 16 59 8 18 34 46 55 56 14 39 61 40 7 60 27 64 23 5 1 32 49 65 72 68 52 44 24 10 35 41 4 67 30 3 25 69 74 28 19 51 75 42 37 17 0 20 9 38 21 22 12 29 58 15 31 47 71 6 70 13 53 62 66 43 11 36 63 50 48 33 54 73 45 57
20 31 32 11 71 64 29 4 74 14 9 61 6 28 50 60 55 41 37 52 36 26 19 69 57 47 63 16 33 43 58 15 38 65 46 56 67 3 73 35 70 7 49 18 53 48 23 72 17 12 24 44 0 27 75 39 13 34 40 51 2 22 5 10 30 8 59 62 68 1 25 42 54 45 66 21
18 49 70 33 42 44 38 41 8 46 63 24 5 21 55 25 7 57 4 14 6 75 3 56 9 29 34 65 62 26 19 31 0 50 43 74 36 23 61 73 72 17 20 16 10 27 22 69 60 53 71 28 67 35 30 66 64 15 68 40 1 12 39 11 54 2 52 32 51 59 13 48 47 58 45 37
72 23 70 30 66 34 29 26 43 13 0 17 39 38 47 25 57 16 75 28 48 37 8 11 35 53 9 32 51 67 62 45 55 12 18 36 21 10 40 2 42 24 46 20 5 49 33 63 54 14 50 65 71 73 58 19 44 4 69 59 61 15 22 27 68 52 41 31 6 74 1 64 56 3 7 60
69 56 46 61 2 6 47 50 54 28 5 3 24 33 74 22 20 71 15 18 48 21 55 19 4 35 62 25 27 51 23 70 30 67 17 49 29 43 72 13 12 73 1 26 66 10 65 68 52 38 8 36 63 31 75 14 57 39 16 41 9 34 37 58 60 7 0 40 45 44 42 32 59 64 53 11
11 6 68 53 61 66 21 58 10 41 0 17 63 12 20 8 73 23 39 59 46 27 9 65 34 28 19 62 40 49 51 75 48 29 47 67 15 1 64 69 31 56 24 70 52 54 16 42 7 57 74 43 4 33 5 35 45 55 36 60 50 18 30 2 37 72 44 13 3 32 22 26 14 38 71 25
68 54 38 34 23 49 58 20 31 28 64 39 65 50 60 5 30 16 75 32 72 66 63 6 22 29 11 52 36 24 3 59 69 13 25 46 27 12 57 7 0 14 56 45 26 61 70 18 53 35 37 41 67 17 33 2 19 71 10 21 40 8 42 48 47 73 1 55 15 62 44 9 74 43 51 4
20 44 4 18 6 22 50 32 15 43 12 0 9 34 59 27 31 46 37 45 61 23 55 64 52 72 74 49 24 66 41 30 35 71 48 75 47 73 1 2 63 39 29 62 53 67 70 21 40 56 11 13 54 38 10 25 57 7 68 58 19 17 42 16 3 33 28 51 8 5 60 65 14 36 69 26
6 21 27 65 44 18 39 34 45 14 3 22 36 38 12 63 66 53 7 32 41 55 23 16 28 52 72 58 69 61 64 40 57 75 0 49 56 35 4 51 30 8 50 68 13 59 67 17 37 2 25 60 48 62 71 11 33 73 1 47 19 20 74 70 10 43 9 42 26 15 31 46 54 29 24 5
8 20 24 31 25 70 19 64 52 69 15 17 40 6 32 63 46 43 14 42 37 54 2 10 57 33 36 45 48 44 16 60 61 0 75 21 3 72 29 47 68 1 49 7 11 58 56 41 38 35 22 62 55 23 73 18 28 53 5 59 71 9 66 50 67 13 65 74 51 26 12 34 39 30 27 4
54 18 63 16 25 62 23 70 13 17 69 53 0 74 58 57 37 47 14 75 65 5 8 66 27 73 67 61 59 9 56 3 51 72 1 2 21 40 49 60 7 28 31 10 22 20 33 11 34 45 55 64 68 48 44 43 71 38 35 12 19 52 39 6 4 50 26 36 42 30 24 15 29 46 41 32
74 10 66 59 62 11 30 38 33 17 51 46 52 9 70 29 60 7 31 43 58 69 21 3 41 5 45 16 65 36 28 35 20 68 1 26 0 37 14 53 61 8 67 22 55 23 4 12 75 47 44 54 57 48 56 15 32 50 19 64 27 6 24 2 40 49 13 39 71 63 42 73 72 34 18 25
48 67 1 4 20 25 0 7 46 31 29 33 63 37 17 71 55 30 44 49 47 18 34 2 58 73 68 75 38 11 5 66 59 54 56 10 57 6 51 16 69 24 35 60 19 14 22 53 13 41 50 21 32 36 45 40 39 15 23 43 65 61 64 3 28 72 42 8 70 52 12 27 74 26 9 62
38 0 13 74 71 53 41 20 24 18 6 47 3 5 50 63 15 62 23 11 46 66 2 56 48 73 25 31 29 30 42 65 55 51 4 54 69 39 10 45 58 28 60 1 57 32 64 43 40 12 35 26 14 7 9 59 22 49 16 36 37 72 44 27 75 67 52 19 33 68 70 17 61 21 8 34
7 8 59 0 73 1 57 16 55 26 18 54 65 42 9 38 15 17 56 66 5 61 70 62 27 63 11 60 74 72 41 53 25 50 58 47 51 6 46 13 3 22 68 4 31 43 64 40 52 34 10 28 2 36 37 21 29 19 24 23 33 49 69 35 48 75 30 45 71 12 39 20 67 14 32 44
37 20 41 31 70 30 56 74 16 49 25 18 33 45 13 2 5 23 60 34 55 1 46 21 63 12 15 14 40 48 29 32 39 66 53 58 22 75 42 36 68 19 6 9 65 4 52 61 50 8 72 7 69 47 44 28 24 3 51 26 59 71 54 27 17 62 57 10 11 35 67 43 38 73 0 64
36 63 52 0 73 72 3 64 61 21 65 7 12 42 53 39 56 47 58 67 32 34 10 33 30 24 45 51 59 5 14 54 26 75 49 6 55 16 57 44 8 38 62 18 70 74 71 28 60 31 22 25 2 9 68 19 11 17 40 4 13 23 37 50 41 29 66 48 46 20 69 1 35 15 43 27
32 69 9 53 63 21 0 26 20 4 61 30 47 39 45 71 68 23 10 27 5 43 36 54 67 44 70 3 34 58 15 56 24 57 65 72 2 48 33 60 75 18 7 74 28 55 51 12 64 14 40 59 49 73 11 13 29 19 42 50 6 52 35 62 17 8 41 25 16 31 38 66 46 1 22 37
35 40 24 58 37 47 33 19 65 1 73 69 22 68 63 12 31 5 11 28 39 27 70 7 64 10 17 49 74 36 43 42 0 48 16 45 34 67 3 8 13 41 2 54 50 4 62 23 15 52 75 44 72 25 59 20 61 55 14 51 53 18 26 6 60 32 57 9 46 38 71 30 66 29 56 21
32 6 50 69 2 27 7 58 19 61 14 75 28 11 71 52 31 44 49 65 30 48 18 41 39 72 63 68 37 12 36 62 26 42 3 43 8 29 9 5 60 13 33 10 21 24 34 70 45 23 1 64 73 22 40 0 17 38 66 20 35 57 47 56 16 51 74 59 25 53 15 67 46 54 4 55
10 4 22 47 35 69 39 36 55 17 59 44 28 40 64 67 75 14 60 19 2 43 16 23 70 56 65 18 74 33 29 34 57 5 9 62 31 50 27 48 21 58 12 46 42 0 38 1 15 49 37 30 68 52 61 72 8 25 32 71 53 13 54 7 41 11 20 73 45 3 24 51 6 63 66 26
64 46 70 58 17 30 39 10 59 68 1 33 11 74 28 19 52 12 26 57 60 4 24 67 37 15 66 69 7 55 45 29 50 47 18 48 0 6 54 3 75 49 5 38 25 42 44 41 14 36 31 63 20 53 22 9 65 32 61 71 51 34 56 13 35 21 40 23 27 62 73 2 16 72 43 8
19 45 44 60 54 70 32 39 65 75 12 21 17 16 34 74 11 55 40 13 10 64 59 31 61 63 1 36 67 28 41 69 2 57 50 42 73 0 38 7 51 52 37 29 35 24 5 48 4 6 66 68 56 58 72 14 49 8 15 46 27 43 62 26 20 25 71 47 18 23 33 30 53 3 9 22
20 57 1 64 37 73 7 45 53 74 75 2 63 31 68 67 4 30 70 39 33 72 62 65 23 12 60 34 54 5 28 50 56 36 59 48 29 32 13 38 17 71 25 47 52 44 43 42 9 69 18 40 51 49 3 35 66 58 11 8 21 0 55 22 61 10 16 46 19 15 41 26 24 14 6 27
74 69 5 6 47 7 22 3 11 63 39 20 37 31 36 14 61 70 42 65 72 0 17 21 56 46 49 28 4 25 38 60 40 75 50 53 45 2 12 67 58 48 16 55 19 43 73 66 33 57 52 9 68 41 15 51 8 44 26 64 27 18 35 30 13 24 62 54 59 1 71 10 32 29 23 34
69 58 4 9 8 43 67 26 1 68 45 24 39 63 59 12 5 10 50 71 34 53 49 57 0 47 28 62 22 52 29 51 41 74 37 73 14 18 30 40 60 6 25 35 33 36 15 13 20 42 17 2 72 55 16 54 23 48 7 3 70 11 21 75 31 65 56 61 32 64 46 27 66 44 19 38
45 47 32 52 28 11 69 10 6 36 20 1 29 21 44 54 46 43 72 26 65 18 35 68 5 42 60 12 7 53 19 27 70 59 30 40 9 0 49 67 73 41 25 61 2 16 56 55 63 39 66 3 50 34 64 75 24 48 4 71 51 62 33 31 22 13 23 8 74 38 15 57 17 58 14 37
73 21 69 24 59 37 29 61 55 41 31 32 30 14 64 40 67 1 57 50 53 34 47 9 46 65 63 28 10 66 75 42 0 74 48 4 54 27 11 33 62 2 44 56 49 17 19 5 38 12 39 58 70 72 7 8 71 18 22 20 26 35 25 68 52 13 43 3 6 45 15 60 51 36 16 23
53 19 11 2 44 59 22 4 21 9 29 12 50 75 13 72 38 23 63 51 69 65 54 0 34 25 48 40 52 6 37 5 17 7 30 15 41 74 71 45 66 42 46 64 24 8 70 56 43 14 26 28 68 20 18 73 16 49 55 58 62 10 47 39 32 67 35 27 1 3 33 36 31 61 57 60
69 58 26 17 52 23 49 14 62 11 8 50 61 56 15 30 33 71 47 45 73 27 39 65 3 1 57 32 59 7 4 60 48 18 10 28 63 35 44 9 55 66 72 22 54 29 41 64 6 0 34 68 5 42 67 16 19 43 40 2 12 53 36 20 21 13 37 38 24 51 75 31 70 46 25 74
23 62 17 56 61 73 24 51 18 41 69 30 57 31 43 71 70 47 63 59 34 65 0 16 10 66 15 74 38 12 25 20 68 39 67 22 35 48 2 3 37 44 52 14 6 28 7 5 27 60 42 45 40 4 21 32 8 29 1 49 46 53 50 19 11 9 54 36 64 72 58 55 75 33 13 26
0 59 50 48 2 47 12 41 9 58 30 16 73 36 71 55 63 3 57 28 24 66 67 25 6 44 11 72 8 19 15 35 43 33 62 37 21 52 60 20 27 74 17 26 68 14 5 61 65 42 1 40 46 39 10 70 13 49 34 53 22 64 51 45 7 38 31 75 54 32 69 18 4 29 23 56
73 26 0 41 29 47 67 30 22 20 12 75 24 28 50 69 49 58 62 34 23 64 27 3 10 68 37 51 21 7 32 44 39 1 4 11 56 71 59 72 40 38 9 66 31 14 46 48 16 25 18 65 6 70 55 36 13 17 35 57 45 33 74 60 61 42 54 2 19 43 5 52 15 8 53 63
31 46 10 61 52 28 73 35 66 9 72 32 56 68 42 18 50 29 59 16 33 7 45 8 58 41 54 4 5 27 67 65 2 23 38 71 63 69 48 34 17 25 20 30 51 14 22 13 47 53 15 12 44 43 40 1 6 36 60 39 49 3 75 19 70 0 55 11 74 26 64 57 37 24 62 21
44 42 61 43 10 39 30 45 26 63 38 15 64 40 73 20 8 71 25 35 59 53 34 13 17 3 54 31 69 19 9 49 36 23 14 52 62 60 32 21 75 66 22 46 0 47 48 37 1 29 65 68 24 33 2 4 41 57 27 74 67 16 6 11 12 5 51 18 55 56 50 7 72 28 70 58
34 67 2 15 51 62 7 5 60 1 16 31 58 27 12 23 42 49 3 38 53 72 17 37 47 29 36 35 14 71 18 54 56 6 26 9 52 24 20 74 8 57 39 65 19 21 4 68 33 11 0 73 30 46 28 25 63 22 32 70 40 64 66 75 69 61 48 13 55 44 10 50 43 59 45 41
75 9 7 27 47 13 38 46 40 28 61 15 19 48 41 35 53 42 43 52 68 23 66 2 32 72 26 0 71 25 67 29 4 1 16 37 73 49 45 3 65 59 31 69 70 74 18 55 54 39 33 34 12 20 58 11 51 63 36 17 62 21 24 64 8 56 30 10 50 14 5 6 57 22 60 44
65 17 41 70 2 44 25 13 22 73 58 26 10 6 69 49 21 74 30 75 0 15 14 7 62 19 4 55 36 23 40 67 52 31 8 63 50 72 39 42 16 38 32 5 18 48 59 34 20 61 9 46 1 57 64 54 24 29 37 60 51 45 27 35 66 12 47 56 3 11 68 28 71 53 33 43
71 69 46 8 34 32 57 72 49 18 6 40 15 54 35 17 52 59 22 50 24 66 61 65 37 4 48 29 73 27 21 9 28 56 10 7 12 44 51 2 33 42 20 19 43 55 74 67 47 70 38 68 23 16 3 45 39 75 58 36 0 30 62 5 41 1 14 26 63 25 13 60 11 53 64 31
1 21 59 23 9 52 18 30 12 75 45 36 72 13 22 20 43 31 28 54 58 61 0 41 16 62 73 11 65 10 51 29 67 25 70 32 35 46 33 71 8 2 38 56 7 14 48 3 15 39 60 69 63 37 74 42 19 47 24 27 40 68 66 55 6 17 26 5 57 53 4 44 50 49 34 64
41 33 36 25 11 8 39 3 13 57 55 15 29 71 10 9 4 64 0 67 48 44 59 43 54 21 23 19 1 20 61 68 2 27 40 6 30 50 70 56 34 60 74 49 62 46 5 26 69 31 51 47 73 52 12 32 24 45 35 38 65 53 58 22 66 7 14 16 18 28 17 37 72 75 63 42
12 57 17 54 43 67 32 72 62 41 46 1 47 39 15 40 26 2 0 73 61 18 51 42 25 4 53 3 19 24 6 74 33 34 14 10 60 30 71 68 9 44 36 13 8 45 11 37 5 35 22 75 48 31 63 29 65 49 64 59 52 58 56 20 16 55 70 50 7 27 69 28 23 21 38 66
8 34 53 55 54 42 2 63 31 13 30 56 64 60 44 28 71 57 68 22 16 5 65 52 41 1 62 73 26 50 33 43 27 19 46 6 36 70 48 15 11 12 40 39 58 67 14 24 47 23 51 75 3 20 32 38 0 45 37 59 69 9 61 66 74 25 72 49 10 35 29 21 4 17 7 18
33 44 43 50 23 47 31 68 22 67 37 14 58 2 28 30 42 0 17 21 3 26 39 75 36 73 66 72 1 4 56 69 35 48 11 24 18 62 32 53 46 41 12 29 6 55 54 60 38 13 49 27 7 70 15 20 64 16 45 74 8 63 57 19 71 10 5 52 59 9 65 34 40 61 51 25
26 18 56 0 54 73 67 57 74 15 29 70 1 40 41 33 64 66 44 53 5 35 20 32 12 31 36 69 23 9 34 30 7 60 8 14 68 46 6 72 21 62 22 3 61 38 50 25 19 42 49 43 51 37 4 65 2 71 17 59 11 55 27 10 52 28 45 75 16 58 13 39 47 63 24 48
34 11 52 46 24 1 12 29 38 57 63 61 50 6 41 73 53 25 59 15 43 16 10 13 0 36 19 72 40 42 27 39 31 3 5 71 20 22 56 9 7 68 55 54 32 2 48 44 18 30 69 45 37 62 58 60 65 26 66 28 33 47 74 70 4 23 67 21 64 49 8 17 14 51 75 35
0 4 72 27 33 63 2 48 19 73 3 49 43 21 50 9 24 17 39 11 58 54 25 30 42 75 12 20 51 71 13 56 31 10 37 8 32 34 65 66 69 67 28 57 64 16 47 46 6 41 36 53 45 5 61 35 1 62 22 55 7 59 74 44 38 23 18 40 68 52 70 26 60 14 15 29
21 11 46 31 32 63 9 66 25 39 4 26 68 20 65 43 48 35 24 70 71 10 47 19 33 54 29 42 60 45 16 18 44 51 40 62 53 69 1 22 57 64 58 41 28 74 27 5 75 12 49 0 7 72 8 50 2 73 52 56 23 67 61 13 59 15 34 6 37 36 17 38 3 14 30 55
33 28 47 68 55 24 21 74 25 22 67 75 14 43 40 1 72 9 50 41 31 13 60 23 48 63 53 6 49 62 38 65 10 26 54 52 42 56 11 29 2 32 71 34 5 4 18 64 17 61 58 66 8 35 30 45 27 0 12 15 37 46 20 36 59 69 16 3 73 70 44 7 39 19 51 57
49 2 55 36 64 40 6 67 39 1 72 75 43 46 63 48 0 35 53 34 74 62 17 21 68 11 25 73 59 24 20 10 71 51 14 57 3 37 58 50 12 29 54 38 42 69 47 32 8 15 52 23 13 60 65 30 56 7 4 70 9 19 26 44 5 18 16 28 66 33 45 31 27 61 41 22
36 17 35 53 62 38 19 40 14 49 63 20 70 65 29 54 51 6 0 10 66 9 39 60 43 16 27 73 52 71 23 74 57 18 3 47 15 46 13 5 32 7 69 61 50 21 8 28 37 59 44 33 42 2 30 64 41 4 56 55 12 11 24 26 22 48 45 25 31 72 68 58 75 1 34 67
27 33 6 26 57 14 66 59 39 56 37 75 20 18 34 31 29 32 21 48 5 68 60 19 74 38 51 61 46 53 1 55 45 71 73 72 3 43 2 16 7 41 69 36 63 52 28 8 11 10 25 44 47 58 22 30 40 49 9 15 62 35 42 65 67 54 64 23 24 12 4 0 70 13 17 50
4 11 56 52 36 5 19 68 74 12 17 44 75 51 27 66 13 24 53 2 49 48 28 39 31 40 47 65 42 64 26 69 43 23 21 29 25 61 57 8 0 37 3 1 62 6 10 32 41 35 58 72 16 38 45 55 14 18 20 15 9 63 30 46 22 71 7 33 67 73 59 70 54 50 60 34
62 63 6 0 16 43 20 35 5 46 57 40 9 48 38 4 33 60 49 11 75 15 23 74 32 14 69 71 27 19 10 17 53 21 73 1 28 2 51 7 58 72 39 42 24 64 66 34 3 41 25 52 45 37 29 31 68 47 67 50 12 13 65 36 26 44 18 59 22 54 8 56 55 30 61 70
63 53 42 11 3 36 39 12 30 75 41 64 56 68 43 46 23 57 38 28 1 72 40 21 34 62 10 19 52 16 22 15 48 25 17 20 44 32 51 50 60 49 33 70 66 71 13 59 8 45 31 14 26 29 65 55 73 35 27 5 47 69 67 9 61 18 58 37 7 6 74 2 4 24 0 54
0 22 27 28 19 40 4 3 5 43 62 15 73 45 8 37 61 46 41 64 1 16 70 72 29 60 55 69 7 2 14 26 24 44 38 13 18 20 9 10 39 66 58 11 23 59 47 6 33 35 57 34 54 21 25 30 49 53 71 36 51 52 50 17 75 67 12 65 68 56 32 63 42 48 31 74
36 64 7 18 56 5 55 68 37 41 46 16 29 24 58 40 17 0 72 49 28 53 38 3 33 47 21 8 10 12 62 67 51 44 57 30 74 71 42 59 14 63 75 48 70 4 27 50 22 15 34 13 6 9 26 39 54 61 25 73 52 43 45 60 23 32 20 65 19 35 69 1 31 66 11 2
21 0 48 75 56 55 20 64 26 40 11 22 14 58 31 15 19 45 2 10 69 72 74 51 9 50 71 38 73 27 30 54 13 12 63 6 28 3 36 33 16 53 41 67 44 4 17 39 49 25 62 23 47 42 59 7 65 60 1 52 34 8 37 29 24 32 57 5 18 68 66 43 70 35 46 61
43 27 53 13 60 11 39 44 10 56 68 1 3 9 18 74 41 32 69 31 12 16 75 58 45 40 28 66 19 36 54 59 63 35 22 65 26 51 23 71 72 48 73 4 25 6 14 46 34 61 37 67 7 38 70 20 8 57 47 64 0 15 50 2 33 21 30 42 5 24 62 17 49 55 52 29
75 48 29 18 12 50 5 62 63 30 36 7 52 24 59 45 6 27 21 4 70 1 34 57 20 51 55 47 56 31 28 38 39 61 35 58 10 16 49 3 2 64 9 19 42 65 44 32 43 11 54 15 68 67 25 17 74 23 46 8 26 72 66 13 33 14 37 22 0 40 73 41 69 53 60 71
42 57 64 4 10 68 75 61 59 16 28 41 39 70 46 19 27 52 14 7 53 63 20 49 0 34 35 48 32 17 72 62 1 47 30 67 56 18 36 6 44 23 15 60 26 2 71 12 58 66 24 65 33 8 43 54 3 69 9 5 73 21 25 40 38 29 74 45 51 50 13 11 31 22 55 37
52 62 44 29 74 26 48 13 45 53 18 68 1 51 27 40 2 61 19 33 31 66 14 60 6 25 63 5 70 54 16 50 71 32 21 47 55 4 28 36 67 30 73 23 49 34 41 38 12 35 9 59 65 22 24 11 39 10 69 3 46 17 57 37 15 72 56 0 20 42 58 7 43 75 64 8
24 17 37 36 22 45 61 34 52 5 75 47 12 1 49 28 4 65 74 57 31 8 58 68 26 48 53 19 69 43 40 64 54 72 13 32 10 3 30 25 35 67 59 62 14 63 15 29 38 33 60 20 50 0 27 70 39 2 21 42 23 9 73 41 51 56 55 18 71 44 66 6 16 11 46 7
30 43 14 3 61 42 58 27 46 54 47 50 32 68 2 60 51 0 35 23 26 17 25 19 45 40 1 31 39 69 48 12 52 5 6 24 57 8 34 36 28 11 21 10 73 55 49 65 4 7 18 56 72 29 38 63 22 70 41 33 13 59 20 64 37 67 71 66 16 9 75 62 53 74 15 44
5 21 55 33 35 1 41 61 37 13 11 7 66 25 67 52 12 32 28 59 14 38 60 20 29 58 45 39 54 72 70 19 30 68 3 27 18 63 57 16 17 53 50 47 31 64 22 24 62 4 6 65 43 71 46 69 23 26 56 15 40 9 34 74 10 2 44 42 75 49 51 36 48 0 8 73
35 4 2 62 51 57 30 69 26 13 66 24 71 21 45 54 32 29 67 18 11 56 6 65 46 61 75 23 49 55 52 50 0 19 17 64 53 41 34 31 68 72 44 12 43 40 22 47 39 16 3 73 1 14 33 74 10 7 36 28 25 38 48 42 8 5 20 63 37 27 15 60 59 70 9 58
42 3 48 51 35 49 62 31 6 23 32 69 41 68 0 67 17 18 46 72 33 9 47 30 74 50 55 54 10 7 24 56 25 39 40 15 75 52 22 28 36 21 12 29 13 26 19 57 38 70 44 73 2 5 11 66 14 71 1 65 58 20 59 16 45 37 53 61 8 27 34 43 4 64 63 60
8 4 59 75 35 73 34 61 71 28 16 40 47 18 39 54 6 55 31 65 13 69 2 1 58 19 37 33 21 36 11 20 15 42 48 68 9 70 62 72 56 30 25 24 23 52 22 43 26 41 44 5 0 3 57 53 64 14 74 45 17 63 66 46 10 27 50 7 29 67 32 51 49 12 38 60
22 13 31 9 28 18 6 50 33 61 25 63 26 49 15 12 57 35 46 5 62 8 23 10 36 54 58 44 48 17 64 55 70 68 19 59 74 72 39 71 11 38 14 75 40 52 24 29 20 67 51 4 21 32 37 41 30 2 56 65 43 3 60 53 73 66 45 69 47 7 27 42 34 1 16 0
5 66 52 48 62 44 8 32 19 46 68 28 29 42 6 51 36 7 59 70 74 13 35 60 63 55 75 53 54 73 58 10 37 22 0 18 61 45 72 31 69 38 11 40 16 23 57 50 49 43 24 4 14 71 2 65 21 33 25 15 34 64 26 12 47 27 39 41 1 17 20 9 30 3 67 56
33 72 23 15 8 9 1 21 3 70 65 67 71 2 57 12 31 51 39 7 30 49 19 20 16 36 61 46 55 42 13 37 63 40 56 26 35 0 44 4 59 54 53 47 50 45 66 64 48 38 28 73 58 41 34 6 24 74 17 11 68 52 10 29 69 62 27 22 25 5 75 14 18 32 43 60
71 32 12 2 75 14 72 42 11 69 18 25 50 37 34 38 21 28 33 35 20 63 6 3 51 19 30 24 73 4 58 9 59 7 36 70 53 68 1 55 29 8 65 45 27 26 0 66 41 44 67 61 40 46 15 23 39 74 54 48 60 13 10 56 64 62 43 52 22 16 49 5 57 47 31 17
43 53 1 12 71 3 11 18 58 10 6 27 68 59 35 67 41 63 21 47 36 20 54 40 61 0 74 28 29 37 9 49 62 51 42 38 48 25 52 70 57 65 50 72 45 17 31 73 56 8 5 2 24 44 34 55 7 26 23 39 15 22 64 30 75 32 13 66 4 16 33 14 69 46 60 19
56 2 74 0 9 16 68 72 36 20 58 63 44 62 30 55 34 54 59 60 65 49 27 14 37 43 42 4 41 18 5 39 26 33 25 52 6 17 13 46 70 45 71 10 23 29 66 24 7 53 40 31 75 3 51 8 67 19 50 48 15 22 69 32 57 21 28 64 73 12 1 61 38 11 35 47
12 39 51 35 21 55 41 6 67 48 23 50 27 29 36 46 38 11 15 57 0 68 33 9 72 69 73 32 45 18 42 49 37 20 64 44 75 54 34 40 8 2 62 22 43 47 4 1 5 13 3 28 7 59 74 30 52 71 10 24 58 63 14 17 31 53 61 19 26 66 56 25 60 70 16 65
5 31 52 40 21 27 56 48 57 47 55 50 66 46 25 12 64 63 51 4 36 49 68 71 54 15 39 32 30 43 28 6 42 61 59 3 74 23 41 45 19 37 22 20 53 33 16 67 72 62 13 10 26 0 38 24 65 7 34 58 29 11 73 75 60 35 14 44 70 69 18 8 1 9 2 17
26 51 48 59 16 19 47 74 41 4 40 67 0 30 15 22 9 75 32 11 56 21 36 37 72 64 14 54 24 68 62 25 55 7 39 70 33 23 18 31 46 65 69 57 12 42 44 73 29 35 38 8 34 20 5 10 63 71 58 28 17 53 13 66 61 60 45 6 49 50 27 43 52 3 2 1
58 59 30 23 46 66 69 63 70 35 6 37 2 72 44 48 68 73 36 34 28 12 0 71 9 10 42 52 57 16 5 54 47 32 60 13 8 4 31 14 25 55 27 43 65 41 3 11 29 61 40 50 24 74 56 17 26 1 53 19 64 51 15 38 33 67 22 7 45 20 75 18 21 39 49 62
68 72 57 39 69 14 49 54 33 75 20 24 46 74 9 34 6 4 56 35 45 28 10 51 47 64 27 52 15 17 67 37 8 38 2 53 36 12 11 60 58 32 43 63 1 59 40 21 19 70 0 61 41 65 23 22 18 50 71 13 29 3 44 5 55 62 16 66 30 73 25 48 31 7 42 26
5 31 66 49 35 50 64 30 16 40 62 34 0 9 27 47 22 17 10 57 48 52 60 37 7 70 8 41 75 15 12 44 55 13 74 71 18 1 72 51 67 25 69 58 73 56 23 28 21 45 20 19 11 4 63 65 46 33 61 32 24 43 54 26 3 39 68 36 53 14 29 2 6 42 59 38
22 11 53 51 55 27 35 70 1 29 25 59 52 0 19 49 39 10 65 13 32 36 61 42 20 44 56 23 18 60 21 12 30 14 57 9 63 47 46 69 6 26 43 45 8 2 16 48 15 58 34 68 17 54 7 33 74 31 64 37 72 50 71 62 38 66 67 40 75 73 24 5 41 3 4 28
71 29 45 38 49 41 23 50 37 53 12 59 40 58 62 56 18 48 16 4 51 36 74 55 15 20 72 63 8 44 46 17 35 10 27 57 54 32 9 13 31 52 33 68 14 26 3 60 42 70 47 66 67 61 69 65 30 39 28 2 64 1 19 22 11 21 7 25 43 6 24 73 0 75 5 34
14 13 1 72 49 20 6 41 0 19 52 28 46 23 63 64 66 39 11 26 22 24 74 4 57 51 71 12 38 9 7 65 34 17 47 3 27 62 58 37 48 50 68 44 67 25 55 18 35 56 31 16 40 30 54 73 75 29 36 43 45 15 33 42 8 32 2 53 69 70 21 5 60 61 10 59
24 64 56 41 36 20 30 5 37 48 51 47 42 67 26 25 2 43 68 53 74 52 58 15 57 14 49 60 12 27 4 21 44 59 45 7 13 71 73 40 55 75 16 65 32 63 23 19 35 28 72 31 22 6 0 9 17 39 1 34 8 62 11 18 3 46 10 33 66 38 54 50 70 69 61 29
26 74 47 38 24 50 21 54 17 36 30 25 8 73 15 42 23 11 29 33 75 69 44 53 65 31 72 34 27 6 68 7 19 3 43 20 41 32 14 35 16 56 57 9 46 62 40 45 49 71 59 4 5 13 58 64 63 48 39 37 52 60 28 1 12 2 66 70 61 0 67 22 51 10 55 18
51 72 44 73 1 74 18 71 24 69 38 50 23 36 8 41 53 61 14 47 35 33 42 37 52 27 3 45 13 56 63 4 59 66 65 49 19 28 0 25 70 75 55 7 17 39 9 22 31 20 48 30 10 34 62 12 68 57 5 11 64 40 26 21 67 29 58 43 16 60 32 2 6 15 46 54
5 53 47 41 64 74 30 39 67 19 33 59 11 10 12 25 26 35 22 29 13 24 15 9 14 34 54 73 66 56 2 44 8 65 21 37 70 49 69 23 68 32 7 40 3 50 6 42 4 72 36 57 27 48 46 28 55 17 0 58 18 51 16 63 20 43 62 38 60 75 31 71 52 45 1 61
72 40 49 54 8 68 15 64 66 27 75 18 38 57 23 16 46 59 36 31 51 45 26 62 19 47 24 3 2 42 63 5 71 9 73 65 11 67 25 13 50 35 20 32 44 70 21 30 29 28 74 4 53 34 10 7 69 33 52 60 14 12 37 17 0 41 55 48 39 61 58 56 22 43 6 1
42 63 28 39 32 14 52 2 37 6 8 46 53 9 22 61 29 36 71 55 0 41 3 4 15 30 13 27 74 20 16 54 7 58 19 70 48 51 64 73 60 59 57 11 72 23 75 10 5 56 25 38 45 65 12 33 44 24 67 69 31 17 18 1 35 62 50 66 26 21 68 43 40 34 47 49
60 27 21 47 29 50 28 62 52 34 11 66 37 36 63 0 71 26 15 12 48 56 18 6 70 3 68 46 74 42 22 43 8 44 24 55 33 5 59 58 72 41 69 17 64 32 61 31 20 45 13 1 54 23 73 16 7 39 65 53 40 35 25 51 67 4 19 75 49 38 14 9 10 30 2 57
34 62 60 51 0 4 58 8 16 49 72 9 73 22 2 10 12 27 36 19 61 57 15 69 41 63 23 3 24 6 30 29 50 35 46 21 33 71 42 47 37 17 67 25 20 48 11 39 55 56 18 43 1 45 5 68 32 7 75 64 26 59 28 13 70 66 44 40 38 53 54 31 14 65 52 74
13 27 12 71 17 22 26 6 64 23 10 47 51 62 57 66 54 11 52 21 53 36 2 67 15 7 65 39 42 28 3 18 9 74 59 30 55 61 58 70 31 1 20 8 75 49 63 60 37 69 29 72 46 41 40 0 34 4 48 68 14 50 43 73 38 5 16 25 24 32 45 56 44 33 19 35
13 23 36 24 73 11 9 19 10 47 51 67 58 62 41 53 20 7 61 21 31 3 26 75 18 25 71 12 27 52 60 45 34 0 49 56 48 42 14 44 55 39 70 50 64 16 57 28 65 68 2 40 17 37 43 74 46 30 5 4 8 33 15 38 1 59 6 29 54 35 32 63 72 22 66 69
64 34 26 19 49 47 27 9 17 70 4 63 7 18 42 5 31 39 20 75 50 73 24 61 21 54 71 55 41 30 6 52 67 38 13 28 23 53 58 57 43 33 62 68 12 1 10 65 48 2 74 11 14 45 72 3 40 15 22 8 69 59 46 16 32 29 66 60 25 35 37 44 56 0 36 51
46 53 22 58 3 28 17 72 27 36 34 32 23 10 50 55 43 6 12 13 41 8 42 63 26 35 52 68 7 19 48 66 49 4 51 0 21 54 74 2 70 31 11 16 29 56 75 5 71 25 15 40 61 62 30 67 33 65 60 14 9 20 37 1 38 64 44 47 57 73 24 18 39 45 69 59
29 45 59 14 60 7 50 39 38 17 48 9 40 41 54 6 10 70 8 47 44 27 42 5 1 37 21 31 33 35 30 26 49 19 62 63 12 73 58 15 28 75 13 55 66 32 65 52 3 68 51 0 71 23 74 72 34 4 20 11 2 43 46 57 36 69 53 24 56 67 64 25 16 61 18 22
46 49 19 39 69 11 44 8 31 28 38 74 29 2 53 52 1 56 16 6 17 47 15 75 27 24 36 60 65 63 25 18 20 48 57 67 0 12 45 4 34 37 41 73 30 40 33 68 62 58 54 59 22 43 5 35 50 23 55 72 66 32 7 10 64 9 42 71 14 3 26 21 61 13 70 51
22 16 6 26 27 62 5 7 65 15 49 48 51 54 71 75 50 45 38 36 18 57 37 69 20 74 66 24 64 14 73 40 9 30 63 35 32 42 55 23 39 72 12 58 2 0 17 21 60 59 19 10 4 25 31 8 33 34 46 61 56 11 47 68 1 41 44 13 3 53 70 43 29 67 28 52
29 63 50 56 40 9 38 16 74 46 24 3 44 36 4 53 41 57 32 30 59 66 33 6 14 34 54 61 18 35 67 47 7 25 48 10 52 1 72 60 45 73 20 23 69 0 27 12 13 55 51 75 2 70 22 58 42 68 11 65 37 8 5 43 62 19 49 31 28 17 39 21 64 71 26 15
