34 50 6 61 24 51 14 62 32 41 4 63 22 47 18 52 75 40 9 60 27 45 11 58 29 53 1 59 20 54 16 57 73 39 7 64 25 44 12 69 30 38 2 70 21 46 17 37 74 43 8 68 26 42 10 67 28 35 0 56 19 36 15 71 33 48 5 65 23 49 13 66 31 55 3 72
22 47 17 51 74 42 7 61 27 41 10 62 30 46 1 55 20 40 15 60 72 45 5 58 25 53 12 63 31 52 2 59 21 39 16 36 73 37 6 69 26 38 9 64 29 44 0 57 19 43 14 68 71 34 4 70 24 35 13 56 32 33 3 67 23 48 18 49 75 50 8 65 28 54 11 66
30 42 2 63 21 47 16 62 73 51 7 61 25 46 12 54 31 41 3 60 22 40 17 55 74 52 8 58 26 53 10 59 28 37 0 69 19 44 14 68 33 38 5 57 24 45 13 56 32 34 4 71 23 39 18 35 75 43 9 70 27 36 11 67 29 48 1 65 20 50 15 64 72 49 6 66
25 50 12 61 32 47 3 60 22 51 17 40 74 41 7 62 27 45 9 58 29 52 0 63 19 53 14 59 34 54 5 57 24 37 13 69 33 39 4 64 23 44 18 46 75 38 8 70 28 42 10 68 30 43 1 56 20 35 15 67 73 36 6 71 26 48 11 65 31 49 2 66 21 55 16 72
73 47 7 63 25 42 10 61 28 41 0 60 19 40 15 62 33 45 5 58 23 52 14 59 32 53 4 57 22 54 18 51 75 39 9 55 27 37 12 69 30 44 2 68 20 46 16 70 72 38 6 56 24 43 13 67 31 35 3 71 21 36 17 34 74 48 8 64 26 49 11 65 29 50 1 66
20 50 15 61 34 51 5 60 25 41 13 62 32 47 3 63 23 40 18 52 75 45 8 58 28 53 10 59 30 46 1 57 21 39 16 55 73 37 6 69 26 44 11 64 31 38 2 70 22 43 17 68 74 42 7 67 27 35 9 56 29 36 0 71 19 48 14 65 33 49 4 66 24 54 12 72
31 42 3 63 22 47 17 41 74 51 8 61 27 54 11 62 29 45 1 60 20 40 15 64 72 52 6 58 25 53 12 59 30 37 2 68 21 46 16 38 73 44 7 69 26 39 10 57 28 34 0 70 19 43 14 56 33 35 5 71 24 36 13 67 32 48 4 65 23 50 18 49 75 55 9 66
28 50 11 63 31 47 2 62 21 51 16 61 73 46 6 55 25 41 12 60 32 40 3 64 22 52 17 58 74 53 7 59 26 37 9 69 29 44 0 68 19 38 14 57 34 45 5 56 24 42 13 70 33 39 4 71 23 43 18 36 75 35 8 67 27 48 10 65 30 49 1 66 20 54 15 72
72 47 6 63 24 51 13 61 31 41 3 62 21 54 17 42 74 40 8 60 26 45 10 58 28 52 0 55 19 53 15 59 33 37 5 69 23 44 14 57 32 38 4 56 22 46 18 43 75 39 9 68 27 34 11 70 29 35 1 71 20 36 16 67 73 48 7 64 25 49 12 65 30 50 2 66
21 47 16 62 73 42 6 61 26 51 9 60 29 41 0 55 19 45 14 58 33 40 4 63 24 53 13 59 32 46 3 57 23 39 18 44 75 37 8 69 28 38 11 64 30 52 1 70 20 43 15 68 72 34 5 67 25 35 12 56 31 36 2 71 22 48 17 49 74 50 7 65 27 54 10 66
29 50 1 61 20 51 15 60 34 41 6 62 24 47 13 63 32 45 4 59 23 40 18 53 75 52 9 58 27 46 11 57 30 37 2 55 21 39 16 64 73 44 7 69 25 38 12 70 31 42 3 68 22 43 17 56 74 35 8 67 26 36 10 71 28 48 0 65 19 49 14 66 33 54 5 72
24 50 12 61 32 47 3 63 22 51 17 56 75 41 8 65 28 45 10 60 30 40 1 64 20 52 15 62 73 53 6 59 26 37 11 69 31 46 2 68 21 44 16 39 74 38 7 57 27 42 9 70 29 43 0 58 19 35 14 71 34 36 5 67 25 48 13 72 33 49 4 66 23 55 18 54
75 47 9 63 27 42 12 61 30 51 2 62 20 46 16 54 72 40 6 60 24 41 13 58 31 52 3 55 21 53 17 59 73 45 7 56 25 37 10 69 28 38 0 68 19 39 15 57 33 34 5 70 23 43 14 71 32 35 4 67 22 36 18 44 74 48 8 64 26 49 11 65 29 50 1 66
20 47 15 63 72 42 5 61 25 51 12 60 31 54 2 62 22 41 17 40 74 45 7 58 27 52 9 55 29 53 0 59 19 37 14 69 33 44 4 68 24 38 13 57 32 46 3 56 23 39 18 43 75 34 8 70 28 35 10 71 30 36 1 67 21 48 16 64 73 49 6 65 26 50 11 66
30 42 2 60 21 47 16 41 73 51 7 61 26 40 10 62 28 45 0 58 19 52 14 63 33 53 5 59 24 54 13 57 32 37 4 64 23 39 18 38 75 44 9 69 27 46 11 70 29 34 1 68 20 43 15 56 72 35 6 67 25 36 12 71 31 48 3 65 22 50 17 49 74 55 8 66
27 50 10 61 30 47 1 60 20 51 15 55 72 46 5 62 24 44 13 58 33 41 4 63 23 40 18 52 75 45 8 59 28 37 11 54 31 39 2 64 21 36 16 69 73 38 6 57 25 42 12 68 32 43 3 56 22 35 17 70 74 34 7 71 26 48 9 65 29 49 0 66 19 53 14 67
33 50 5 61 23 51 13 62 31 41 3 63 22 47 18 52 75 40 9 60 27 45 11 58 29 53 1 59 20 54 16 57 73 39 7 64 25 44 12 69 30 38 2 70 21 46 17 37 74 43 8 68 26 42 10 67 28 35 0 56 19 36 15 71 34 48 6 65 24 49 14 66 32 55 4 72
23 47 18 51 75 42 8 61 28 41 11 62 30 46 1 55 20 40 15 60 72 45 5 58 25 52 12 63 31 53 2 59 21 39 16 64 73 37 6 69 26 44 9 68 29 38 0 57 19 34 14 70 33 43 4 56 24 35 13 71 32 36 3 67 22 48 17 49 74 50 7 65 27 54 10 66
29 42 1 63 20 47 15 60 72 51 6 61 25 54 12 62 31 45 3 55 22 41 17 52 74 40 8 58 26 53 10 59 28 37 0 69 19 44 14 68 33 38 5 57 24 46 13 56 32 34 4 71 23 39 18 35 75 43 9 70 27 36 11 67 30 48 2 65 21 50 16 64 73 49 7 66
26 50 11 62 31 47 2 60 21 51 16 61 74 41 7 65 27 45 9 58 29 40 0 63 19 53 14 59 34 46 5 57 24 37 13 69 33 39 4 64 23 44 18 52 75 38 8 70 28 42 10 68 30 43 1 56 20 35 15 67 73 36 6 71 25 48 12 72 32 49 3 66 22 55 17 54
74 47 8 63 26 42 11 61 29 41 1 60 19 40 15 62 33 45 5 58 23 52 14 59 32 53 4 57 22 46 18 51 75 39 9 54 27 37 12 69 30 44 2 55 20 38 16 70 72 43 6 68 24 34 13 67 31 35 3 56 21 36 17 71 73 48 7 64 25 49 10 65 28 50 0 66
19 50 14 61 33 51 4 60 24 41 12 62 32 47 3 63 23 40 18 52 75 45 8 58 28 53 10 59 30 54 1 57 21 39 16 64 73 37 6 69 26 44 11 68 31 46 2 70 22 38 17 43 74 42 7 67 27 35 9 56 29 36 0 71 20 48 15 65 34 49 5 66 25 55 13 72
32 42 4 62 23 47 18 41 75 51 9 61 27 46 11 55 29 45 1 60 20 40 15 63 72 52 6 58 25 53 12 59 30 37 2 64 21 39 16 68 73 44 7 69 26 38 10 57 28 34 0 70 19 43 14 56 33 35 5 71 24 36 13 67 31 48 3 65 22 50 17 49 74 54 8 66
27 50 10 63 30 47 1 60 20 51 15 61 73 54 6 62 25 45 12 58 32 41 3 64 22 40 17 53 74 52 7 59 26 37 9 69 29 44 0 68 19 38 14 57 34 46 5 56 24 42 13 70 33 39 4 71 23 43 18 36 75 35 8 67 28 48 11 65 31 49 2 66 21 55 16 72
73 47 7 63 25 42 12 61 30 51 2 62 21 46 17 54 74 40 8 60 26 41 10 58 28 52 0 55 19 53 15 59 33 37 5 69 23 44 14 57 32 38 4 56 22 45 18 43 75 39 9 68 27 34 11 70 29 35 1 71 20 36 16 67 72 48 6 64 24 49 13 65 31 50 3 66
22 47 17 51 74 42 7 61 27 41 10 60 29 40 0 62 19 45 14 58 33 52 4 63 24 53 13 59 32 54 3 57 23 39 18 44 75 37 8 69 28 38 11 55 30 46 1 70 20 43 15 68 72 34 5 67 25 35 12 56 31 36 2 71 21 48 16 64 73 49 6 65 26 50 9 66
28 50 0 61 19 51 14 60 33 41 5 62 24 47 13 63 32 45 4 59 23 40 18 53 75 52 9 58 27 54 11 57 30 37 2 64 21 39 16 68 73 44 7 69 25 46 12 70 31 42 3 56 22 38 17 35 74 43 8 67 26 36 10 71 29 48 1 65 20 49 15 66 34 55 6 72
25 50 13 61 33 47 4 63 23 51 18 56 75 41 8 65 28 45 10 60 30 40 1 64 20 52 15 62 73 53 6 59 26 37 11 69 31 46 2 68 21 44 16 39 74 38 7 57 27 42 9 70 29 43 0 58 19 35 14 71 34 36 5 67 24 48 12 72 32 49 3 66 22 55 17 54
74 47 8 63 26 42 11 61 29 51 1 60 20 54 16 62 72 41 6 55 24 40 13 58 31 52 3 59 21 53 17 45 73 46 7 56 25 37 10 69 28 38 0 68 19 39 15 57 33 34 5 70 23 43 14 71 32 35 4 67 22 36 18 44 75 48 9 64 27 49 12 65 30 50 2 66
21 47 16 63 73 42 6 61 26 51 11 62 31 46 2 54 22 40 17 60 74 41 7 58 27 52 9 55 29 53 0 59 19 37 14 69 33 44 4 68 24 38 13 57 32 45 3 56 23 39 18 43 75 34 8 70 28 35 10 71 30 36 1 67 20 48 15 64 72 49 5 65 25 50 12 66
31 42 3 60 22 47 17 41 74 51 8 61 26 40 10 62 28 45 0 58 19 52 14 63 33 53 5 59 24 54 13 57 32 37 4 55 23 39 18 38 75 44 9 69 27 46 11 70 29 34 1 68 20 43 15 56 72 35 6 67 25 36 12 71 30 48 2 65 21 50 16 64 73 49 7 66
26 50 9 61 29 51 0 60 19 41 14 62 34 47 5 63 24 45 13 58 33 40 4 59 23 52 18 54 75 53 8 57 28 37 11 64 31 39 2 68 21 44 16 69 73 46 6 70 25 42 12 67 32 38 3 56 22 43 17 36 74 35 7 71 27 48 10 65 30 49 1 66 20 55 15 72
34 50 6 61 24 51 14 62 32 41 4 63 22 47 18 52 75 40 9 60 27 45 11 58 29 53 1 59 20 46 16 57 73 39 7 55 25 37 12 69 30 44 2 64 21 38 17 70 74 43 8 68 26 42 10 67 28 35 0 56 19 36 15 71 33 48 5 65 23 49 13 66 31 54 3 72
22 47 17 51 74 42 7 61 27 41 10 63 30 54 1 62 20 40 15 60 72 45 5 58 25 52 12 64 31 53 2 59 21 46 16 44 73 37 6 69 26 38 9 68 29 39 0 57 19 34 14 70 33 43 4 56 24 35 13 71 32 36 3 67 23 48 18 49 75 50 8 65 28 55 11 66
30 42 2 63 21 47 16 62 73 51 7 61 25 46 12 54 31 41 3 60 22 40 17 55 74 52 8 58 26 53 10 59 28 37 0 69 19 44 14 68 33 38 5 57 24 45 13 56 32 34 4 71 23 39 18 35 75 43 9 70 27 36 11 67 29 48 1 65 20 50 15 64 72 49 6 66
25 50 12 61 32 47 3 60 22 51 17 40 74 41 7 62 27 45 9 58 29 52 0 63 19 53 14 59 34 54 5 57 24 37 13 69 33 39 4 64 23 44 18 46 75 38 8 70 28 42 10 68 30 43 1 56 20 35 15 67 73 36 6 71 26 48 11 65 31 49 2 66 21 55 16 72
73 47 7 63 25 42 10 61 28 41 0 60 19 40 15 62 33 45 5 58 23 52 14 59 32 53 4 57 22 54 18 51 75 39 9 55 27 37 12 69 30 44 2 68 20 46 16 70 72 38 6 56 24 43 13 67 31 35 3 71 21 36 17 34 74 48 8 64 26 49 11 65 29 50 1 66
20 50 15 61 34 51 5 60 25 41 13 62 32 47 3 63 23 40 18 52 75 45 8 58 28 53 10 59 30 46 1 57 21 39 16 55 73 37 6 69 26 44 11 64 31 38 2 70 22 43 17 68 74 42 7 67 27 35 9 56 29 36 0 71 19 48 14 65 33 49 4 66 24 54 12 72
31 42 3 63 22 47 17 41 74 51 8 61 27 54 11 62 29 45 1 60 20 40 15 64 72 52 6 58 25 53 12 59 30 37 2 68 21 46 16 38 73 44 7 69 26 39 10 57 28 34 0 70 19 43 14 56 33 35 5 71 24 36 13 67 32 48 4 65 23 50 18 49 75 55 9 66
28 50 11 63 31 47 2 62 21 51 16 61 73 46 6 55 25 41 12 60 32 40 3 64 22 52 17 58 74 53 7 59 26 37 9 69 29 44 0 68 19 38 14 57 34 45 5 56 24 42 13 70 33 39 4 71 23 43 18 36 75 35 8 67 27 48 10 65 30 49 1 66 20 54 15 72
72 47 6 63 24 51 13 61 31 41 3 62 21 54 17 42 74 40 8 60 26 45 10 58 28 52 0 55 19 53 15 59 33 37 5 69 23 44 14 57 32 38 4 56 22 46 18 43 75 39 9 68 27 34 11 70 29 35 1 71 20 36 16 67 73 48 7 64 25 49 12 65 30 50 2 66
21 47 16 51 73 42 6 61 26 41 9 60 29 40 0 62 19 45 14 58 33 52 4 63 24 53 13 59 32 54 3 57 23 39 18 44 75 37 8 69 28 38 11 64 30 46 1 70 20 43 15 68 72 34 5 67 25 35 12 56 31 36 2 71 22 48 17 49 74 50 7 65 27 55 10 66
29 50 1 61 20 47 15 60 72 51 6 55 24 46 13 62 32 44 4 63 23 41 18 45 75 40 9 58 27 52 11 59 30 37 2 54 21 39 16 64 73 36 7 69 25 38 12 57 31 42 3 68 22 43 17 56 74 35 8 70 26 34 10 71 28 48 0 65 19 49 14 66 33 53 5 67
24 50 12 61 32 47 3 63 22 51 17 56 75 41 8 65 28 45 10 60 30 40 1 64 20 52 15 62 73 53 6 59 26 37 11 69 31 46 2 68 21 44 16 39 74 38 7 57 27 42 9 70 29 43 0 58 19 35 14 71 34 36 5 67 25 48 13 72 33 49 4 66 23 55 18 54
75 47 9 63 27 42 12 61 30 51 2 62 20 46 16 54 72 40 6 60 24 41 13 58 31 52 3 55 21 53 17 59 73 45 7 56 25 37 10 69 28 38 0 68 19 39 15 57 33 34 5 70 23 43 14 71 32 35 4 67 22 36 18 44 74 48 8 64 26 49 11 65 29 50 1 66
20 47 15 63 72 42 5 61 25 51 12 60 31 54 2 62 22 41 17 40 74 45 7 58 27 52 9 55 29 53 0 59 19 37 14 69 33 44 4 68 24 38 13 57 32 46 3 56 23 39 18 43 75 34 8 70 28 35 10 71 30 36 1 67 21 48 16 64 73 49 6 65 26 50 11 66
30 42 2 62 21 47 16 60 73 51 7 61 26 41 10 55 28 45 0 58 19 40 14 63 33 53 5 59 24 46 13 57 32 37 4 64 23 39 18 38 75 44 9 69 27 52 11 70 29 34 1 68 20 43 15 56 72 35 6 67 25 36 12 71 31 48 3 65 22 50 17 49 74 54 8 66
27 50 10 61 30 51 1 60 20 41 15 62 34 47 5 63 24 45 13 58 33 40 4 59 23 52 18 46 75 53 8 57 28 37 11 55 31 39 2 64 21 44 16 69 73 38 6 70 25 42 12 68 32 43 3 56 22 35 17 67 74 36 7 71 26 48 9 65 29 49 0 66 19 54 14 72
33 50 5 61 23 51 13 62 31 41 3 63 22 47 18 52 75 40 9 60 27 45 11 58 29 53 1 59 20 54 16 57 73 39 7 64 25 44 12 69 30 38 2 70 21 46 17 37 74 43 8 68 26 42 10 67 28 35 0 56 19 36 15 71 34 48 6 65 24 49 14 66 32 55 4 72
23 47 18 51 75 42 8 61 28 41 11 62 30 46 1 55 20 40 15 60 72 45 5 58 25 52 12 63 31 53 2 59 21 39 16 64 73 37 6 69 26 44 9 68 29 38 0 57 19 34 14 70 33 43 4 56 24 35 13 71 32 36 3 67 22 48 17 49 74 50 7 65 27 54 10 66
29 42 1 63 20 47 15 60 72 51 6 61 25 54 12 62 31 45 3 55 22 41 17 52 74 40 8 58 26 53 10 59 28 37 0 69 19 44 14 68 33 38 5 57 24 46 13 56 32 34 4 71 23 39 18 35 75 43 9 70 27 36 11 67 30 48 2 65 21 50 16 64 73 49 7 66
26 50 11 62 31 47 2 60 21 51 16 61 74 41 7 65 27 45 9 58 29 40 0 63 19 53 14 59 34 46 5 57 24 37 13 69 33 39 4 64 23 44 18 52 75 38 8 70 28 42 10 68 30 43 1 56 20 35 15 67 73 36 6 71 25 48 12 72 32 49 3 66 22 55 17 54
74 47 8 63 26 42 11 61 29 41 1 60 19 40 15 62 33 45 5 58 23 52 14 59 32 53 4 57 22 46 18 51 75 39 9 54 27 37 12 69 30 44 2 55 20 38 16 70 72 43 6 68 24 34 13 67 31 35 3 56 21 36 17 71 73 48 7 64 25 49 10 65 28 50 0 66
19 50 14 61 33 51 4 60 24 41 12 62 32 47 3 63 23 40 18 52 75 45 8 58 28 53 10 59 30 54 1 57 21 39 16 64 73 37 6 69 26 44 11 68 31 46 2 70 22 38 17 43 74 42 7 67 27 35 9 56 29 36 0 71 20 48 15 65 34 49 5 66 25 55 13 72
32 42 4 63 23 47 18 41 75 51 9 61 27 54 11 62 29 45 1 60 20 40 15 64 72 52 6 58 25 53 12 59 30 37 2 68 21 46 16 38 73 44 7 69 26 39 10 57 28 34 0 70 19 43 14 56 33 35 5 71 24 36 13 67 31 48 3 65 22 50 17 49 74 55 8 66
27 50 10 62 30 47 1 60 20 51 15 61 73 46 6 55 25 45 12 58 32 41 3 63 22 40 17 52 74 53 7 59 26 37 9 64 29 39 0 68 19 36 14 69 72 44 5 57 24 42 13 70 33 38 4 56 23 43 18 34 75 35 8 71 28 48 11 65 31 49 2 66 21 54 16 67
73 47 7 63 25 42 12 61 30 51 2 62 21 46 17 54 74 40 8 60 26 41 10 58 28 52 0 55 19 53 15 59 33 37 5 69 23 44 14 57 32 38 4 56 22 45 18 43 75 39 9 68 27 34 11 70 29 35 1 71 20 36 16 67 72 48 6 64 24 49 13 65 31 50 3 66
22 47 17 51 74 42 7 61 27 41 10 60 29 40 0 62 19 45 14 58 33 52 4 63 24 53 13 59 32 54 3 57 23 39 18 44 75 37 8 69 28 38 11 55 30 46 1 70 20 43 15 68 72 34 5 67 25 35 12 56 31 36 2 71 21 48 16 64 73 49 6 65 26 50 9 66
28 50 0 61 19 51 14 60 33 41 5 62 24 47 13 63 32 45 4 59 23 40 18 53 75 52 9 58 27 54 11 57 30 37 2 64 21 39 16 68 73 44 7 69 25 46 12 70 31 42 3 56 22 38 17 35 74 43 8 67 26 36 10 71 29 48 1 65 20 49 15 66 34 55 6 72
25 50 13 61 33 47 4 62 23 51 18 46 75 41 8 65 28 45 10 60 30 40 1 63 20 52 15 58 73 53 6 59 26 37 11 64 31 39 2 68 21 44 16 69 74 38 7 57 27 42 9 70 29 43 0 56 19 35 14 71 34 36 5 67 24 48 12 72 32 49 3 66 22 55 17 54
74 47 8 63 26 42 11 61 29 51 1 60 20 54 16 62 72 41 6 55 24 40 13 58 31 52 3 59 21 53 17 45 73 46 7 56 25 37 10 69 28 38 0 68 19 39 15 57 33 34 5 70 23 43 14 71 32 35 4 67 22 36 18 44 75 48 9 64 27 49 12 65 30 50 2 66
21 47 16 63 73 42 6 61 26 51 11 60 31 54 2 62 22 41 17 40 74 45 7 58 27 52 9 55 29 53 0 59 19 37 14 69 33 44 4 68 24 38 13 57 32 46 3 56 23 39 18 43 75 34 8 70 28 35 10 71 30 36 1 67 20 48 15 64 72 49 5 65 25 50 12 66
31 42 3 60 22 47 17 41 74 51 8 61 26 40 10 62 28 45 0 58 19 52 14 63 33 53 5 59 24 54 13 57 32 37 4 55 23 39 18 38 75 44 9 69 27 46 11 70 29 34 1 68 20 43 15 56 72 35 6 67 25 36 12 71 30 48 2 65 21 50 16 64 73 49 7 66
26 50 9 61 29 51 0 60 19 41 14 62 34 47 5 63 24 45 13 58 33 40 4 59 23 52 18 54 75 53 8 57 28 37 11 64 31 39 2 68 21 44 16 69 73 46 6 70 25 42 12 67 32 38 3 56 22 43 17 36 74 35 7 71 27 48 10 65 30 49 1 66 20 55 15 72
34 50 6 61 24 51 14 62 32 41 4 63 22 47 18 52 75 40 9 60 27 45 11 58 29 53 1 59 20 46 16 57 73 39 7 55 25 37 12 69 30 44 2 64 21 38 17 70 74 43 8 68 26 42 10 67 28 35 0 56 19 36 15 71 33 48 5 65 23 49 13 66 31 54 3 72
22 47 17 51 74 42 7 61 27 41 10 63 30 54 1 62 20 40 15 60 72 45 5 58 25 52 12 64 31 53 2 59 21 46 16 44 73 37 6 69 26 38 9 68 29 39 0 57 19 34 14 70 33 43 4 56 24 35 13 71 32 36 3 67 23 48 18 49 75 50 8 65 28 55 11 66
30 42 2 63 21 47 16 62 73 51 7 61 25 46 12 54 31 41 3 60 22 40 17 55 74 52 8 58 26 53 10 59 28 37 0 69 19 44 14 68 33 38 5 57 24 45 13 56 32 34 4 71 23 39 18 35 75 43 9 70 27 36 11 67 29 48 1 65 20 50 15 64 72 49 6 66
25 50 12 61 32 47 3 60 22 51 17 40 74 41 7 65 27 45 9 62 29 52 0 63 19 53 14 59 34 56 5 57 24 37 13 69 33 39 4 64 23 44 18 46 75 38 8 70 28 42 10 68 30 43 1 58 20 35 15 67 73 36 6 71 26 48 11 72 31 49 2 66 21 55 16 54
73 47 7 63 25 42 10 61 28 41 0 60 19 40 15 62 33 45 5 58 23 52 14 59 32 53 4 57 22 54 18 51 75 39 9 55 27 37 12 69 30 44 2 68 20 46 16 70 72 38 6 56 24 43 13 67 31 35 3 71 21 36 17 34 74 48 8 64 26 49 11 65 29 50 1 66
20 47 15 61 72 50 5 55 25 51 13 60 32 46 3 62 23 41 18 40 75 44 8 58 28 45 10 63 30 52 1 59 21 39 16 54 73 37 6 69 26 36 11 64 31 38 2 57 22 43 17 68 74 42 7 70 27 35 9 56 29 34 0 71 19 48 14 65 33 49 4 66 24 53 12 67
31 42 3 63 22 47 17 41 74 51 8 61 27 54 11 62 29 45 1 60 20 40 15 64 72 52 6 58 25 53 12 59 30 37 2 68 21 46 16 38 73 44 7 69 26 39 10 57 28 34 0 70 19 43 14 56 33 35 5 71 24 36 13 67 32 48 4 65 23 50 18 49 75 55 9 66
28 50 11 63 31 47 2 62 21 51 16 61 73 46 6 55 25 41 12 60 32 40 3 64 22 52 17 58 74 53 7 59 26 37 9 69 29 44 0 68 19 38 14 57 34 45 5 56 24 42 13 70 33 39 4 71 23 43 18 36 75 35 8 67 27 48 10 65 30 49 1 66 20 54 15 72
72 47 6 63 24 51 13 61 31 41 3 62 21 54 17 42 74 40 8 60 26 45 10 58 28 52 0 55 19 53 15 59 33 37 5 69 23 44 14 57 32 38 4 56 22 46 18 43 75 39 9 68 27 34 11 70 29 35 1 71 20 36 16 67 73 48 7 64 25 49 12 65 30 50 2 66
21 47 16 62 73 42 6 61 26 51 9 60 29 41 0 55 19 45 14 58 33 40 4 63 24 53 13 59 32 46 3 57 23 39 18 44 75 37 8 69 28 38 11 64 30 52 1 70 20 43 15 68 72 34 5 67 25 35 12 56 31 36 2 71 22 48 17 49 74 50 7 65 27 54 10 66
29 50 1 61 20 51 15 60 34 41 6 62 24 47 13 63 32 45 4 59 23 40 18 53 75 52 9 58 27 46 11 57 30 37 2 55 21 39 16 64 73 44 7 69 25 38 12 70 31 42 3 68 22 43 17 56 74 35 8 67 26 36 10 71 28 48 0 65 19 49 14 66 33 54 5 72
24 50 12 61 32 47 3 63 22 51 17 56 75 41 8 65 28 45 10 60 30 40 1 64 20 52 15 62 73 53 6 59 26 37 11 69 31 46 2 68 21 44 16 39 74 38 7 57 27 42 9 70 29 43 0 58 19 35 14 71 34 36 5 67 25 48 13 72 33 49 4 66 23 55 18 54
75 47 9 63 27 42 12 61 30 51 2 62 20 46 16 54 72 40 6 60 24 41 13 58 31 52 3 55 21 53 17 59 73 45 7 56 25 37 10 69 28 38 0 68 19 39 15 57 33 34 5 70 23 43 14 71 32 35 4 67 22 36 18 44 74 48 8 64 26 49 11 65 29 50 1 66
20 47 15 63 72 42 5 61 25 51 12 60 31 54 2 62 22 41 17 40 74 45 7 58 27 52 9 55 29 53 0 59 19 37 14 69 33 44 4 68 24 38 13 57 32 46 3 56 23 39 18 43 75 34 8 70 28 35 10 71 30 36 1 67 21 48 16 64 73 49 6 65 26 50 11 66
30 42 2 62 21 47 16 60 73 51 7 61 26 41 10 55 28 45 0 58 19 40 14 63 33 53 5 59 24 46 13 57 32 37 4 64 23 39 18 38 75 44 9 69 27 52 11 70 29 34 1 68 20 43 15 56 72 35 6 67 25 36 12 71 31 48 3 65 22 50 17 49 74 54 8 66
27 50 10 61 30 51 1 60 20 41 15 62 34 47 5 63 24 45 13 58 33 40 4 59 23 52 18 46 75 53 8 57 28 37 11 55 31 39 2 64 21 44 16 69 73 38 6 70 25 42 12 68 32 43 3 56 22 35 17 67 74 36 7 71 26 48 9 65 29 49 0 66 19 54 14 72
33 50 5 61 23 51 13 62 31 41 3 63 22 47 18 52 75 40 9 60 27 45 11 58 29 53 1 59 20 54 16 57 73 39 7 64 25 44 12 69 30 38 2 70 21 46 17 37 74 43 8 68 26 42 10 67 28 35 0 56 19 36 15 71 34 48 6 65 24 49 14 66 32 55 4 72
23 47 18 51 75 42 8 61 28 41 11 63 30 54 1 62 20 40 15 60 72 45 5 58 25 52 12 64 31 53 2 59 21 46 16 44 73 37 6 69 26 38 9 68 29 39 0 57 19 34 14 70 33 43 4 56 24 35 13 71 32 36 3 67 22 48 17 49 74 50 7 65 27 55 10 66
29 42 1 63 20 47 15 60 72 51 6 61 25 54 12 62 31 45 3 55 22 41 17 52 74 40 8 58 26 53 10 59 28 37 0 69 19 44 14 68 33 38 5 57 24 46 13 56 32 34 4 71 23 39 18 35 75 43 9 70 27 36 11 67 30 48 2 65 21 50 16 64 73 49 7 66
26 50 11 62 31 47 2 60 21 51 16 61 74 41 7 65 27 45 9 58 29 40 0 63 19 53 14 59 34 46 5 57 24 37 13 69 33 39 4 64 23 44 18 52 75 38 8 70 28 42 10 68 30 43 1 56 20 35 15 67 73 36 6 71 25 48 12 72 32 49 3 66 22 55 17 54
74 47 8 63 26 42 11 61 29 41 1 60 19 40 15 62 33 45 5 58 23 52 14 59 32 53 4 57 22 46 18 51 75 39 9 54 27 37 12 69 30 44 2 55 20 38 16 70 72 43 6 68 24 34 13 67 31 35 3 56 21 36 17 71 73 48 7 64 25 49 10 65 28 50 0 66
19 50 14 61 33 51 4 60 24 41 12 62 32 47 3 63 23 40 18 52 75 45 8 58 28 53 10 59 30 54 1 57 21 39 16 64 73 37 6 69 26 44 11 68 31 46 2 70 22 38 17 43 74 42 7 67 27 35 9 56 29 36 0 71 20 48 15 65 34 49 5 66 25 55 13 72
32 42 4 62 23 47 18 41 75 51 9 61 27 46 11 55 29 45 1 60 20 40 15 63 72 52 6 58 25 53 12 59 30 37 2 64 21 39 16 68 73 44 7 69 26 38 10 57 28 34 0 70 19 43 14 56 33 35 5 71 24 36 13 67 31 48 3 65 22 50 17 49 74 54 8 66
27 50 10 63 30 47 1 60 20 51 15 61 73 54 6 62 25 45 12 58 32 41 3 64 22 40 17 53 74 52 7 59 26 37 9 69 29 44 0 68 19 38 14 57 34 46 5 56 24 42 13 70 33 39 4 71 23 43 18 36 75 35 8 67 28 48 11 65 31 49 2 66 21 55 16 72
73 47 7 63 25 42 12 61 30 51 2 62 21 46 17 54 74 40 8 60 26 41 10 58 28 52 0 55 19 53 15 59 33 37 5 69 23 44 14 57 32 38 4 56 22 45 18 43 75 39 9 68 27 34 11 70 29 35 1 71 20 36 16 67 72 48 6 64 24 49 13 65 31 50 3 66
22 47 17 51 74 42 7 61 27 41 10 60 29 40 0 62 19 45 14 58 33 52 4 63 24 53 13 59 32 54 3 57 23 39 18 44 75 37 8 69 28 38 11 55 30 46 1 70 20 43 15 68 72 34 5 67 25 35 12 56 31 36 2 71 21 48 16 64 73 49 6 65 26 50 9 66
28 50 0 61 19 51 14 60 33 41 5 62 24 47 13 63 32 45 4 59 23 40 18 53 75 52 9 58 27 54 11 57 30 37 2 64 21 39 16 68 73 44 7 69 25 46 12 70 31 42 3 56 22 38 17 35 74 43 8 67 26 36 10 71 29 48 1 65 20 49 15 66 34 55 6 72
25 50 13 61 33 47 4 62 23 51 18 46 75 41 8 65 28 45 10 60 30 40 1 63 20 52 15 58 73 53 6 59 26 37 11 64 31 39 2 68 21 44 16 69 74 38 7 57 27 42 9 70 29 43 0 56 19 35 14 71 34 36 5 67 24 48 12 72 32 49 3 66 22 55 17 54
74 47 8 63 26 42 11 61 29 51 1 60 20 54 16 62 72 41 6 55 24 40 13 58 31 52 3 59 21 53 17 45 73 46 7 56 25 37 10 69 28 38 0 68 19 39 15 57 33 34 5 70 23 43 14 71 32 35 4 67 22 36 18 44 75 48 9 64 27 49 12 65 30 50 2 66
21 47 16 63 73 42 6 61 26 51 11 62 31 46 2 54 22 40 17 60 74 41 7 58 27 52 9 55 29 53 0 59 19 37 14 69 33 44 4 68 24 38 13 57 32 45 3 56 23 39 18 43 75 34 8 70 28 35 10 71 30 36 1 67 20 48 15 64 72 49 5 65 25 50 12 66
31 42 3 60 22 47 17 41 74 51 8 61 26 40 10 62 28 45 0 58 19 52 14 63 33 53 5 59 24 54 13 57 32 37 4 64 23 39 18 38 75 44 9 69 27 46 11 70 29 34 1 68 20 43 15 56 72 35 6 67 25 36 12 71 30 48 2 65 21 50 16 49 73 55 7 66
26 50 9 61 29 51 0 60 19 41 14 62 34 47 5 63 24 45 13 58 33 40 4 59 23 52 18 54 75 53 8 57 28 37 11 64 31 39 2 68 21 44 16 69 73 46 6 70 25 42 12 67 32 38 3 56 22 43 17 36 74 35 7 71 27 48 10 65 30 49 1 66 20 55 15 72
72 47 6 61 24 51 14 55 32 41 4 62 22 46 18 50 75 40 9 60 27 44 11 58 29 45 1 63 20 52 16 59 73 39 7 54 25 37 12 69 30 36 2 64 21 38 17 57 74 43 8 68 26 42 10 70 28 35 0 56 19 34 15 71 33 48 5 65 23 49 13 66 31 53 3 67
22 47 17 51 74 42 7 61 27 41 10 63 30 54 1 62 20 40 15 60 72 45 5 58 25 52 12 64 31 53 2 59 21 46 16 44 73 37 6 69 26 38 9 68 29 39 0 57 19 34 14 70 33 43 4 56 24 35 13 71 32 36 3 67 23 48 18 49 75 50 8 65 28 55 11 66
30 42 2 63 21 47 16 62 73 51 7 61 25 46 12 54 31 41 3 60 22 40 17 55 74 52 8 58 26 53 10 59 28 37 0 69 19 44 14 68 33 38 5 57 24 45 13 56 32 34 4 71 23 39 18 35 75 43 9 70 27 36 11 67 29 48 1 65 20 50 15 64 72 49 6 66
25 50 12 61 32 47 3 60 22 51 17 40 74 41 7 62 27 45 9 58 29 52 0 63 19 53 14 59 34 54 5 57 24 37 13 69 33 39 4 64 23 44 18 46 75 38 8 70 28 42 10 68 30 43 1 56 20 35 15 67 73 36 6 71 26 48 11 65 31 49 2 66 21 55 16 72
