-10 6 11 52 41 -98 82 -54 -16 -28
-53 -60 93 -12 85 -84 -16 80 89 55
42 -34 -81 -5 -72 -33 -31 30 -75 58
-66 -18 44 86 1 -65 51 36 -78 40
83 -51 -40 -76 78 61 97 58 56 18
-71 30 36 -99 -19 31 1 -13 -3 -59
28 -16 -13 44 87 -51 -65 -82 65 0
45 -44 -51 -48 -95 79 19 -99 -92 -33
-99 -7 -50 73 -12 46 80 64 81 56
81 -93 -2 -3 83 -67 -62 -77 83 -13
-56 43 -32 -5 76 -98 27 56 8 -54
95 -9 -76 49 -6 28 79 -59 -77 27
31 -20 -13 -87 44 81 -40 -64 4 -93
-94 -43 -68 -32 42 -74 -7 87 -1 46
-80 89 -83 -26 42 -60 32 -28 43 51
30 -56 72 32 0 -86 74 -59 10 10
38 -62 -31 -45 -42 24 -91 -30 64 55
83 58 74 -30 -77 80 -98 0 51 -49
-76 -33 39 42 5 -85 -83 -21 54 -47
-21 61 -55 -64 95 10 -83 29 77 -10
93 -46 -15 -2 11 -73 38 -49 60 1
15 -7 74 92 -63 26 -14 30 -59 -9
90 -83 52 67 -88 37 12 -45 25 -16
-86 -41 -55 -88 -79 55 23 -58 -4 -43
49 50 -52 -68 -15 -96 -56 -31 12 57
-39 -91 -57 47 89 -66 23 0 -64 -41
39 -5 28 82 -34 -26 -98 -87 1 -26
27 77 51 21 63 74 -30 89 -14 -45
-91 -6 61 -11 -6 10 88 -35 -83 65
-83 -76 60 -62 -15 91 89 97 -81 48
47 -43 44 57 -85 47 20 -66 79 -39
90 -83 9 46 -53 61 -22 -20 -22 20
-16 -50 91 -23 57 -98 -28 9 10 39
53 24 -63 -69 67 -34 -16 29 -13 -37
15 88 70 -23 47 -39 -15 38 43 93
-4 73 -82 35 75 61 -81 92 13 59
-63 -73 48 28 11 -55 98 -29 -15 82
-62 -64 53 -54 91 -66 -9 -18 -53 -84
39 70 -88 1 -16 36 -96 -36 91 -9
-46 -10 -11 21 -14 50 -93 -49 86 58
-80 66 21 0 -90 -91 -71 24 -99 51
41 -72 -67 55 -41 53 -76 65 39 64
-20 -98 1 -91 25 -72 -55 36 -8 -94
13 -5 -75 -60 -76 -24 -31 -49 -89 52
-68 -5 90 -81 -33 -27 13 73 43 16
-47 9 0 86 -44 86 -75 -19 36 36
-45 -67 -83 95 60 -54 77 -57 -34 -33
-37 86 -55 -12 53 -78 -65 -83 18 27
-56 -6 13 4 -31 73 15 -92 -9 -1
85 -42 -4 31 -30 -6 -49 -54 -76 42
-7 -67 60 55 -88 87 -79 98 72 -22
83 72 -87 -87 -22 37 71 -77 -62 76
0 2 -25 -98 82 -77 -60 55 41 0
-66 -22 -46 -71 39 -19 56 -51 -35 -25
26 14 23 89 -13 -37 79 -67 41 -70
90 -9 -40 19 79 45 54 16 -23 -86
-10 67 -4 -43 58 91 86 80 7 -30
-96 -96 20 69 -79 48 -91 -56 -21 73
-11 15 40 -64 67 9 64 -11 70 85
65 -24 33 18 -54 -48 16 -46 29 -18
41 63 66 -57 81 94 47 -55 6 -59
47 -67 -30 -57 67 85 -90 -47 -73 39
-58 77 -7 77 -38 76 19 98 -60 94
-80 -44 0 0 11 97 -28 -55 -61 93
-72 28 -32 -3 13 65 0 -80 -61 25
-22 36 -3 -91 -62 85 -63 59 73 -10
20 -42 22 5 -98 77 19 51 -93 -76
-50 -42 53 83 -1 18 -99 -79 -86 -79
30 71 93 -67 -38 -92 -98 -73 -42 -41
-25 -70 52 51 57 -55 -97 38 34 -15
-50 10 -74 -37 -2 -47 -24 -19 -51 -93
57 -87 -48 -49 -56 38 74 -3 -25 89
-46 -97 -46 -91 93 -74 -75 -74 -77 -73
-93 36 -2 65 59 64 51 -56 8 68
-90 -98 71 -11 -23 89 96 -49 50 75
-22 59 -45 54 -96 -36 -6 -95 -68 -60
62 74 -98 -10 -31 -58 -90 -79 74 -66
20 -26 -59 -37 -49 -66 -43 55 -28 -1
-86 -40 -74 -43 27 52 -48 34 -7 -28
18 -21 12 -64 -74 43 87 34 -50 54
-96 63 58 6 80 45 -41 -88 -32 6
94 -43 31 2 25 -85 8 -19 -48 60
-72 -52 -55 -85 -10 47 -31 -47 -23 -83
37 9 52 -92 -2 -32 86 98 -44 39
-48 -34 72 82 18 35 -32 -10 -1 73
-8 -30 86 95 -49 -99 94 69 -39 -12
-17 -34 -98 -67 -81 -24 -61 47 -97 52
11 -16 40 -10 45 35 45 73 1 97
0 -34 78 -97 -82 -1 58 30 92 -63
82 -5 68 30 -62 -13 -66 60 -58 -32
-23 -3 -48 27 -94 -88 -95 -35 72 -42
-95 52 93 -42 -99 10 -58 -9 73 76
98 -14 62 63 -69 63 -40 3 -24 67
63 -34 86 70 -33 -73 79 92 78 -10
21 -54 -70 20 0 1 -80 -83 89 -8
48 -25 -6 -15 1 44 90 57 0 -33
3 -46 82 98 -8 -24 9 -79 38 76
-42 -55 -41 21 -6 -98 -25 -75 63 91
63 -93 97 -16 45 3 -8 -99 91 52
-20 -92 83 -36 -82 -34 74 86 -37 -61
