95 -26 -57 73 -65 69 52 -74 5 51
96 -44 -83 98 45 33 -52 32 -72 44
56 9 15 -86 71 36 39 89 57 -79
-61 -91 42 48 -87 -54 16 -20 7 -5
76 -52 -56 10 7 -19 -43 -17 18 96
25 -19 -51 -44 -50 85 98 45 -93 -80
8 14 44 -78 18 -48 85 -82 -53 -89
-38 -18 -64 88 -4 66 -40 79 8 84
54 -10 82 -74 42 -65 65 73 -3 89
-59 -76 26 67 41 -82 75 43 11 -25
52 -3 -18 -86 -66 15 -74 63 17 -27
15 -74 -19 76 -51 -82 -62 -54 46 64
-28 50 -62 0 -63 5 -18 12 -49 0
96 44 -75 -86 -73 -66 48 -37 -56 67
82 57 99 51 -98 55 62 97 6 88
-78 87 51 -89 86 60 -92 -1 -26 0
16 -15 -87 12 93 35 40 55 -52 -46
44 -21 34 -9 55 -29 34 -25 41 -95
-54 -27 14 21 21 -20 -2 33 -19 32
13 52 23 99 69 47 31 -42 -35 -80
-78 56 65 -60 22 -23 89 18 -48 58
-67 26 -98 49 38 33 -90 -73 -34 25
80 0 -18 71 -14 36 -51 -38 2 83
88 79 -53 -20 -30 -59 -44 87 60 -71
67 -50 95 35 -38 21 93 -65 -29 -74
-7 -95 45 -32 -95 -55 -35 96 33 97
43 -10 -4 -39 -90 -14 -58 -97 -26 25
47 54 32 89 90 -13 67 7 -59 -8
16 -61 79 31 -10 -54 -79 -95 -46 -37
86 -78 85 -49 -76 -15 96 -60 -23 -49
13 -79 19 -48 70 -39 -60 6 -52 11
55 -64 12 -15 79 71 37 -34 -77 89
58 9 -76 43 -2 24 -33 20 -28 -58
-13 -84 63 97 -74 -38 44 8 -38 -50
39 -54 -26 36 65 -14 48 32 63 -43
60 36 4 35 -72 7 14 -92 2 78
-47 -52 58 -71 -63 89 34 -69 -26 -74
-65 31 -11 63 -94 9 74 0 23 15
-17 83 -65 -51 71 96 0 99 67 4
-49 -49 -32 44 28 43 77 -13 -69 2
47 62 42 93 45 46 -64 83 -21 57
13 33 -38 -52 -19 0 84 57 -22 46
5 -20 -63 -51 -3 -86 -56 13 86 -57
-28 48 61 77 13 77 54 -6 -60 0
-85 -61 -70 -65 -81 71 -48 -92 -73 -91
90 -60 -18 -28 67 -52 90 -69 -27 53
56 40 85 43 -6 69 -71 -51 -21 38
2 -31 88 91 47 -75 77 90 1 -42
53 -76 -51 25 46 -22 -8 34 24 29
92 9 81 84 96 3 10 -4 -27 70
31 -68 98 -32 87 77 -81 8 19 63
47 97 12 -98 26 -82 19 -51 82 49
23 40 46 8 -76 -2 -68 -79 69 67
83 -57 46 -94 80 82 52 -19 -28 22
56 -77 6 81 -86 -5 -24 -37 -97 20
-37 -48 -62 -31 -77 -26 -94 -61 -36 -14
79 -97 65 -61 75 -11 -90 19 -11 22
66 58 10 71 82 51 51 -64 27 -78
-66 65 -77 85 13 0 64 15 70 -71
-60 85 68 69 -50 75 0 75 45 -78
-39 -59 -15 85 95 60 -2 -35 -4 -37
42 -52 -76 -64 29 67 68 -53 -53 74
-14 -62 -46 -10 93 -95 62 -37 93 -64
-41 63 23 -25 -41 56 -60 -93 99 -71
-34 -28 75 68 99 79 95 -34 50 -25
-14 -7 -49 -91 82 53 60 -59 -76 -63
-64 99 -55 -93 61 45 69 19 -6 58
60 94 38 64 70 -12 52 -3 -73 36
84 87 -39 91 80 -7 -89 36 -54 70
-85 40 78 -63 29 96 -74 46 -40 26
-96 57 90 -46 -3 -1 -98 55 29 -50
39 7 -27 87 64 -58 16 -83 -77 39
-25 93 -90 95 1 94 27 39 29 45
-52 16 16 -46 16 85 15 -99 59 21
65 83 71 7 38 59 43 67 4 -33
-92 -51 -21 -18 59 9 -34 85 83 -89
59 55 -21 0 -6 -60 53 -61 -7 -68
-19 -16 14 -39 87 38 80 2 99 -13
-87 -59 -92 84 61 76 51 26 43 55
-42 -10 99 30 40 -95 -65 51 9 76
-93 22 99 50 -83 -59 42 -93 59 -48
58 -65 95 -87 81 49 -33 -81 29 -69
56 -97 41 -48 78 0 60 0 5 -38
-65 93 -15 8 44 62 4 58 95 46
31 -27 94 71 -15 -22 55 -36 -62 1
-85 43 69 52 42 -82 -27 -97 -14 -87
-57 98 -17 -7 46 56 62 60 95 -14
-54 -81 -91 62 69 -40 83 17 -64 92
7 74 -69 -71 -1 -56 1 -78 43 64
91 93 68 57 6 -26 33 96 -34 -8
51 -5 6 37 -46 -40 72 -37 -81 91
-17 -76 -74 -55 58 -20 -27 -49 22 29
45 21 -10 45 -50 38 30 52 79 -78
1 -23 35 -46 -43 -30 65 50 1 66
24 -80 -94 83 -64 -56 -89 -44 41 -67
63 51 5 -93 -84 76 -39 61 -72 53
-77 -81 9 93 -35 79 20 73 -55 98
-5 -8 -12 55 50 -10 -34 94 39 66
86 30 20 14 40 35 87 22 -17 51
13 31 39 50 -59 -94 44 58 -20 -99
