59 -11 10 -95 -49 -72 -32 14 -61 89
41 -23 7 56 99 -3 -46 -76 45 77
-66 0 -65 -45 -69 63 5 -68 -71 19
62 -46 42 31 -11 -91 -38 75 -23 -77
79 33 -33 -65 29 98 -96 -92 33 35
66 -8 54 28 -90 66 25 23 -40 19
44 -42 39 52 -41 50 -21 -38 -66 -41
-76 21 -72 41 -50 -49 -26 -50 67 51
42 93 42 47 -97 -83 92 0 -81 -55
64 -15 74 -41 -65 -4 55 -28 -68 8
-67 -73 33 -95 -99 46 -59 -41 29 94
88 0 -94 -70 94 -93 79 -92 -64 -16
79 65 -19 3 -24 67 64 -64 -68 27
64 62 51 12 10 41 16 -77 -82 -24
-49 0 87 34 64 -73 89 93 -41 61
3 -91 -69 98 64 -48 -41 38 -2 79
-16 57 -94 -68 -64 72 -66 65 62 72
4 -28 -6 71 31 -68 5 -84 99 -49
-52 -36 1 69 -95 20 -73 44 -66 97
29 69 -4 -34 -38 24 18 20 17 70
-97 -25 -59 -94 -87 63 38 -21 19 -59
44 37 35 -23 35 -82 60 -6 23 -94
-44 -38 -99 5 64 -92 17 22 -15 -95
-69 73 85 -59 21 -78 -41 -11 27 72
-66 76 -50 -76 54 -51 -95 50 0 -15
18 28 87 -58 -61 25 24 -45 34 -78
56 41 58 -86 91 1 -47 -48 -59 -60
-5 29 75 97 -7 83 13 -74 62 22
-63 83 -70 -65 38 77 -72 -27 -43 -50
-65 -90 61 -49 -40 -8 -98 -76 -66 -32
87 80 82 -90 -79 69 -26 -23 -88 -5
-46 -30 -52 -3 95 -8 73 -70 -57 -79
-64 88 -98 -59 68 96 -20 64 73 75
49 65 -31 -29 6 -81 -68 87 53 -15
35 67 -12 25 10 -41 -60 -48 -46 10
71 79 91 -63 72 -41 -75 -11 86 -60
-98 -14 80 58 -62 -48 -50 24 75 -26
-9 -33 95 48 -79 -96 92 12 1 -87
71 -78 82 32 -91 16 43 73 50 31
-70 40 -32 31 6 76 -82 -20 34 -17
-19 28 22 -3 26 7 1 -97 -55 99
-51 -58 -98 -4 -14 -93 -74 -80 -38 10
90 -53 -72 93 -77 63 66 -41 -91 53
-88 -9 -18 -36 89 -45 -50 -14 88 14
89 56 87 39 9 13 -16 68 -86 -94
69 -7 50 9 90 10 4 34 73 72
-58 -27 -3 -94 10 -32 -2 -12 -81 -14
-45 63 63 -60 74 -9 -68 -33 -25 6
72 4 66 -30 -28 -9 0 59 9 39
55 7 38 19 0 23 -70 78 32 -66
80 -33 86 -74 -57 29 -82 -62 27 91
72 57 -77 -88 -83 -14 -5 15 -16 -6
74 -10 -10 69 80 -26 23 -70 -47 92
98 -4 -62 -69 -88 -15 90 35 68 -7
58 -80 -55 -48 98 54 34 -38 -75 -1
88 -71 33 -19 16 30 -65 71 -68 45
-19 81 -20 -76 -17 85 -48 -62 -17 93
88 -23 88 58 15 66 79 63 -8 -53
-17 52 66 -95 -31 93 -10 -46 2 -42
-53 25 88 7 -5 30 -59 -70 95 -14
-60 17 57 19 -58 36 32 -24 25 62
-49 45 44 55 -69 -5 -95 -2 75 28
89 -57 6 -93 12 40 20 -12 69 -23
-66 34 49 -55 -41 4 -85 -45 41 -71
-36 48 60 -62 68 -10 -4 -80 -29 -77
-47 -74 57 89 24 -89 -15 10 20 -12
50 61 87 -76 77 -86 -61 91 34 46
-51 -29 26 -81 -84 -8 -66 57 25 -56
34 -83 88 -65 23 39 18 -43 91 11
-51 -29 27 1 -59 50 56 -47 -59 39
-36 5 47 -48 -27 -30 -17 -74 55 30
-8 2 -27 3 34 -41 3 -2 -41 -32
93 0 71 97 -80 -61 -16 38 8 58
76 74 67 13 53 -32 56 -54 98 -99
25 30 62 -97 37 2 18 -48 -62 -89
-41 2 79 -96 13 -62 17 -56 -34 -48
28 -34 72 74 -69 92 -20 68 75 68
-16 -34 -19 44 -69 -83 -38 -38 -27 96
-67 -4 -44 -73 -66 -56 -7 -36 0 84
1 56 20 -16 -60 -42 -81 -84 -84 -33
18 38 -63 -9 67 -36 9 -6 5 -98
83 -50 25 -98 -89 96 -87 27 -19 11
-24 71 61 23 -1 -23 -74 -89 -3 -40
-46 -78 -56 68 76 -74 -82 20 92 -63
-29 -35 5 63 33 -31 -66 -50 -40 -64
-49 -3 -94 -83 -59 74 -89 71 27 44
-24 -47 -59 47 -22 -25 -94 -59 -36 -89
-89 -93 -92 10 -14 40 -89 -88 -66 -16
44 -96 -51 43 68 -72 -14 -21 83 74
40 28 -94 -51 -76 -45 -40 -75 0 -88
27 1 -5 23 74 -73 -59 -19 22 -1
-73 47 80 37 -6 -56 -61 4 64 4
82 26 0 -66 -27 -50 27 58 38 30
-28 99 -3 -55 -19 -18 1 78 52 -49
-67 3 -66 61 -73 24 -47 -19 -12 25
-91 -90 -7 89 -83 -84 40 -45 -67 81
97 -22 -80 -39 -98 68 -1 43 -86 40
14 -67 -70 7 -78 -31 -94 -87 76 49
-29 -40 66 -72 -47 -4 -97 -47 -43 86
65 47 -41 55 -95 5 33 89 -80 2
