-69 20 30 20 -25 20 74 20 -75 20
24 20 0 20 99 20 -50 20 49 20
-38 20 61 20 -88 20 11 20 -13 20
86 20 -63 20 36 20 -36 20 63 20
-86 20 13 20 -11 20 88 20 -61 20
38 20 -49 20 50 20 -99 20 0 20
-24 20 75 20 -74 20 25 20 -30 20
69 20 -80 20 19 20 -5 20 94 20
-55 20 44 20 -42 20 57 20 -92 20
7 20 -17 20 82 20 -67 20 32 20
-33 20 66 20 -83 20 16 20 -8 20
91 20 -58 20 41 20 -46 20 53 20
-96 20 3 20 -21 20 78 20 -71 20
28 20 -27 20 72 20 -77 20 22 20
-2 20 97 20 -52 20 47 20 -39 20
60 20 -89 20 10 20 -14 20 85 20
-64 20 35 20 -35 20 64 20 -85 20
14 20 -10 20 89 20 -60 20 39 20
-47 20 52 20 -97 20 2 20 -22 20
77 20 -72 20 27 20 -29 20 70 20
-79 20 20 20 -4 20 95 20 -54 20
45 20 -41 20 58 20 -91 20 8 20
-16 20 83 20 -66 20 33 20 -32 20
67 20 -82 20 17 20 -7 20 92 20
-57 20 42 20 -44 20 55 20 -94 20
5 20 -19 20 80 20 -69 20 30 20
-26 20 73 20 -76 20 23 20 -1 20
98 20 -51 20 48 20 -38 20 61 20
-88 20 11 20 -13 20 86 20 -63 20
36 20 -37 20 62 20 -87 20 12 20
-12 20 87 20 -62 20 37 20 -49 20
50 20 -99 20 0 20 -24 20 75 20
-74 20 25 20 -30 20 69 20 -80 20
19 20 -5 20 94 20 -55 20 44 20
-43 20 56 20 -93 20 6 20 -18 20
81 20 -68 20 31 20 -33 20 66 20
-83 20 16 20 -8 20 91 20 -58 20
41 20 -46 20 53 20 -96 20 3 20
-21 20 78 20 -71 20 28 20 -27 20
72 20 -77 20 22 20 -2 20 97 20
-52 20 47 20 -40 20 59 20 -90 20
9 20 -15 20 84 20 -65 20 34 20
-34 20 65 20 -84 20 15 20 -9 20
90 20 -59 20 40 20 -47 20 52 20
-97 20 2 20 -22 20 77 20 -72 20
27 20 -28 20 71 20 -78 20 21 20
-3 20 96 20 -53 20 46 20 -40 20
59 20 -90 20 9 20 -15 20 84 20
-65 20 34 20 -31 20 68 20 -81 20
18 20 -6 20 93 20 -56 20 43 20
-44 20 55 20 -94 20 5 20 -19 20
80 20 -69 20 30 20 -25 20 74 20
-75 20 24 20 0 20 99 20 -50 20
49 20 -37 20 62 20 -87 20 12 20
-12 20 87 20 -62 20 37 20 -36 20
63 20 -86 20 13 20 -11 20 88 20
-61 20 38 20 -48 20 51 20 -98 20
1 20 -23 20 76 20 -73 20 26 20
-29 20 70 20 -79 20 20 20 -4 20
95 20 -54 20 45 20 -42 20 57 20
-92 20 7 20 -17 20 82 20 -67 20
32 20 -33 20 66 20 -83 20 16 20
-8 20 91 20 -58 20 41 20 -45 20
54 20 -95 20 4 20 -20 20 79 20
-70 20 29 20 -26 20 73 20 -76 20
23 20 -1 20 98 20 -51 20 48 20
-39 20 60 20 -89 20 10 20 -14 20
85 20 -64 20 35 20 -35 20 64 20
-85 20 14 20 -10 20 89 20 -60 20
39 20 -48 20 51 20 -98 20 1 20
-23 20 76 20 -73 20 26 20 -29 20
70 20 -79 20 20 20 -4 20 95 20
-54 20 45 20 -41 20 58 20 -91 20
8 20 -16 20 83 20 -66 20 33 20
-32 20 67 20 -82 20 17 20 -7 20
92 20 -57 20 42 20 -45 20 54 20
-95 20 4 20 -20 20 79 20 -70 20
29 20 -26 20 73 20 -76 20 23 20
-1 20 98 20 -51 20 48 20 -38 20
61 20 -88 20 11 20 -13 20 86 20
-63 20 36 20 -37 20 62 20 -87 20
12 20 -12 20 87 20 -62 20 37 20
-49 20 50 20 -99 20 0 20 -24 20
75 20 -74 20 25 20 -30 20 69 20
-80 20 19 20 -5 20 94 20 -55 20
44 20 -43 20 56 20 -93 20 6 20
-18 20 81 20 -68 20 31 20 -34 20
65 20 -84 20 15 20 -9 20 90 20
-59 20 40 20 -46 20 53 20 -96 20
3 20 -21 20 78 20 -71 20 28 20
-27 20 72 20 -77 20 22 20 -2 20
97 20 -52 20 47 20 -40 20 59 20
-90 20 9 20 -15 20 84 20 -65 20
34 20 -34 20 65 20 -84 20 15 20
-9 20 90 20 -59 20 40 20 -47 20
52 20 -97 20 2 20 -22 20 77 20
-72 20 27 20 -28 20 71 20 -78 20
21 20 -3 20 96 20 -53 20 46 20
-41 20 58 20 -91 20 8 20 -16 20
83 20 -66 20 33 20 -31 20 68 20
