41 -99 -5 -38 -25 -33 75 -65 -65 98
36 -6 -3 94 -11 44 -97 -65 -47 99
16 -61 30 17 -61 -95 -17 4 -84 10
32 5 0 58 -84 -9 91 84 42 66
38 -19 -54 17 -36 -61 -15 48 -17 69
56 4 2 92 -35 67 72 -74 70 -72
-26 -10 -46 68 -80 16 -69 36 63 70
42 -45 -22 48 91 27 58 -91 70 -74
61 59 25 -14 -11 81 -72 -46 -63 47
46 -51 -38 -86 -1 -3 -76 -4 18 40
-46 -53 -77 -58 -80 0 -28 -24 89 9
-22 20 1 -88 55 76 -8 -46 -21 -86
79 34 -33 12 -45 46 -74 30 59 70
-37 -11 57 89 91 -42 97 97 -18 73
-4 72 -84 9 -29 42 1 -65 29 22
-35 -62 6 72 -37 -67 -54 96 59 -73
-43 -74 0 -83 89 -56 -34 9 89 40
53 32 -2 -39 -91 97 -33 -36 -33 -65
-63 -83 79 -17 60 21 0 -8 92 46
17 -80 32 18 -98 -25 30 10 51 40
72 -62 7 -1 92 -63 70 0 -64 -61
-77 50 -51 48 -62 -33 -96 11 81 -1
-96 62 36 -40 1 -88 -36 -68 67 -94
45 -9 -90 -40 61 -94 75 9 -46 85
-39 42 -2 -56 -71 -24 29 25 -3 -88
-6 -46 -32 -54 -29 -25 1 -6 -15 2
-18 -78 62 -39 -19 45 25 27 -8 -20
-94 35 -41 -34 -87 -44 -9 81 -89 -11
-51 -80 31 96 -54 32 22 -53 -72 -23
-63 -4 10 -18 -55 76 31 -73 -50 -67
-99 -36 -49 82 -48 -24 -42 62 -45 -82
78 -97 24 54 -46 -56 -92 -59 -88 36
98 36 -77 49 -24 -16 59 47 -10 39
-14 28 -64 -4 73 37 -4 -67 -54 -31
79 48 55 -64 -47 11 -40 83 -3 89
-10 90 9 -8 -23 70 -62 -25 79 -23
-82 91 -92 78 -88 94 88 11 -46 15
-75 19 87 61 -34 -37 -63 92 -75 40
-8 69 -9 17 -30 -43 -12 -52 72 5
-70 -49 -36 -58 -92 -9 52 -64 71 -86
49 39 11 -68 -72 -18 -95 73 -84 -14
-43 -75 57 93 30 13 -22 61 -53 19
51 48 -90 -10 -48 94 -87 -12 -70 -37
34 59 -27 -51 -1 0 -68 -88 19 95
62 64 -41 -8 36 42 -3 30 86 -98
-19 -45 -41 73 56 21 -69 39 54 17
54 -46 22 75 -80 -42 -68 11 -86 -90
32 0 36 31 -83 -83 -46 18 -68 -94
19 -13 86 -30 -20 -26 63 -9 16 26
-98 -71 -27 94 -76 49 30 86 -27 -71
47 -10 -98 -55 -80 6 21 70 -17 84
11 -50 63 21 -38 -70 13 99 -22 73
91 49 92 23 47 30 81 -87 -54 27
37 53 -1 1 29 -31 37 -47 30 -76
-97 -7 42 -75 51 90 64 -77 2 63
7 95 75 98 55 26 55 -62 -94 -61
77 -98 -67 36 -83 -90 53 -53 -88 21
70 90 13 -89 -62 -98 -42 66 -44 -82
25 87 -74 9 91 66 -36 -85 10 30
-29 -37 -70 45 -2 -71 97 52 -41 -37
39 -52 -2 7 -60 45 27 -47 91 49
-30 69 72 76 5 78 33 -56 10 -81
-28 -71 24 48 -85 29 32 76 5 4
-63 63 -74 -62 -90 32 -50 18 72 33
10 -55 20 53 28 28 20 87 -36 96
43 -36 70 -37 -10 -49 -65 -8 17 6
57 16 -65 -84 -49 -65 1 70 -24 90
76 45 92 -84 -20 -63 -4 -62 -33 -49
-74 -59 88 30 34 35 47 36 -64 -44
-10 -37 -16 31 38 -60 -72 18 18 5
-3 -97 -52 14 -27 -82 -5 -5 -15 -31
-43 -23 -96 13 27 77 -8 81 -99 31
-17 -80 -16 -70 23 20 87 6 4 -25
20 -68 66 -65 -92 -45 -83 -47 -82 12
7 27 82 0 -98 -76 -52 81 26 -25
-94 74 -39 -43 97 63 45 38 -6 -42
-43 29 69 39 -36 75 -61 72 51 -82
-13 61 84 -93 -55 68 98 -75 -84 -20
-9 -52 75 78 99 -25 33 13 -53 78
-9 -88 -70 -73 -88 8 75 -59 -25 -54
-4 2 -59 2 5 37 -6 -89 19 -35
-30 48 -2 -20 45 -32 34 77 20 -34
88 79 90 -43 5 -72 -50 -33 0 -29
44 79 82 -83 -31 15 11 10 -71 63
8 -64 -27 -82 95 -1 98 42 38 -94
-57 47 6 27 59 -34 -79 1 20 10
85 69 -33 35 -95 26 21 -94 -39 -42
58 33 -63 -19 -22 86 -44 -11 23 43
-23 -98 -7 96 -28 8 20 -97 -13 -23
11 -74 -34 87 40 37 -45 -63 90 -59
-7 -3 90 86 -7 65 -94 -14 72 64
-88 91 64 21 75 -36 -25 42 48 -82
16 -68 70 55 -98 21 77 4 -15 8
-9 -12 11 90 -35 3 -52 87 -49 -4
-47 -16 -35 24 -46 56 30 -6 0 -28
-10 86 -87 26 -30 -71 91 -6 56 48
52 -95 72 40 49 -82 0 -3 -5 -61
-40 63 -80 13 -41 35 8 33 -65 3
-97 -5 45 -28 32 -70 -69 79 27 -17
-89 -35 67 -4 -77 63 -12 -88 84 -8
