11 29 -77 6 71 -46 -58 26 49 -71
-5 -83 57 -93 38 42 47 87 -7 -15
21 -1 84 55 -64 -15 98 -62 52 -67
-97 73 -86 43 -12 -50 -90 -31 55 -5
-11 1 -6 -57 -99 93 -66 -66 -53 31
52 -84 -59 -91 24 83 48 29 67 -74
-98 -88 94 -57 14 -62 11 68 -16 -24
39 87 -51 -91 -88 25 -61 -87 83 -15
3 -57 -22 74 -35 -47 60 83 27 74
57 -86 72 39 58 90 -96 -28 63 -80
-3 85 70 41 66 -73 0 -19 51 29
-91 0 18 -1 66 11 -69 -97 62 -89
95 48 26 6 -54 97 -76 -3 -26 56
-19 -18 -79 23 32 40 -79 99 11 25
-1 13 -78 -51 15 79 50 27 -4 94
10 26 -32 -69 -29 64 -14 15 95 -66
-61 -7 37 31 12 -22 30 40 65 16
19 6 54 -30 98 86 31 -97 -54 1
-42 -53 36 48 -41 65 46 69 65 -28
86 -6 26 -55 -16 -61 89 -92 0 95
46 14 49 96 44 7 63 40 -4 -39
88 -76 61 -76 -69 -66 5 -39 91 88
80 -64 58 -1 97 24 60 43 -10 -33
30 25 86 -33 34 -6 -87 31 51 -51
-26 -46 48 32 75 85 45 -8 76 83
-84 23 94 -4 43 13 -51 -65 45 33
94 -87 -95 -76 -35 -48 63 -95 42 25
-52 -25 17 99 -91 -81 64 55 20 42
62 -69 -79 -97 -20 0 -77 84 -21 -88
-68 -74 8 20 33 -11 80 -15 89 -44
94 -73 -56 -73 80 45 48 -40 53 -47
-25 30 90 -42 -70 -71 -76 -32 21 -44
7 37 62 51 67 -2 -11 7 96 -16
36 -93 35 -11 4 77 0 -4 -82 46
60 -88 -8 -82 98 67 -51 -2 -69 -6
10 -80 19 -24 -2 19 76 24 87 18
69 -6 56 36 -13 -76 -99 83 -34 55
9 -2 14 -88 -53 19 38 21 -97 63
17 22 -12 -32 -5 -98 -81 -42 -73 78
-78 31 -2 36 -15 -1 -45 -75 -53 4
-70 -68 -62 -82 -43 -67 41 31 16 28
-14 35 26 96 -30 -71 74 -32 56 -56
79 -51 -18 61 -44 95 71 37 11 90
62 26 -78 -40 86 43 -88 10 14 20
-83 -36 95 -67 -7 -82 -17 -71 69 -85
12 70 -66 81 -66 24 1 44 -71 6
98 -85 60 -53 -69 -31 13 -74 -55 53
57 73 28 50 65 31 -15 10 5 -50
-95 21 -92 -41 -84 44 -82 38 46 -6
0 -13 -80 88 63 48 -57 0 86 -51
-46 36 -79 74 -40 -35 65 -75 2 -82
60 12 -8 68 -26 79 -94 -67 5 31
57 12 65 -34 -87 -35 32 88 30 -88
64 76 75 -80 -78 67 69 -65 48 -9
28 5 73 -9 99 22 71 24 45 96
-54 -55 70 -78 74 2 -6 1 -8 -73
32 53 -71 10 59 69 86 -40 -74 5
82 95 -14 97 -51 94 47 -55 35 -18
0 -28 -8 87 -52 84 -79 69 65 67
-90 -17 0 -75 56 51 77 17 95 88
17 -85 -92 -49 -67 65 64 45 -27 -59
-59 85 65 -81 -56 -21 -93 50 -14 -75
37 -52 19 5 -57 -71 -66 16 -99 31
-47 65 -36 11 77 -27 -11 26 5 -99
54 -21 83 -69 0 2 -51 13 73 56
50 -52 -61 8 -82 0 -36 -64 60 11
-43 50 -52 -17 -3 -79 -59 -69 -76 -84
-45 47 63 9 -21 -83 -36 -66 34 57
-73 37 -60 -21 75 -94 65 31 -79 53
88 -68 -20 59 52 45 85 -2 73 9
-83 98 59 80 -81 -26 69 98 89 6
21 -84 -57 28 75 -20 81 31 95 -95
-93 -48 -93 55 53 -76 77 -42 -23 -10
-51 60 -71 65 -40 2 61 -4 -97 -45
-38 48 -84 66 83 -66 -89 30 -2 -12
-26 -73 -10 -2 -32 -51 -58 -89 25 -22
-97 38 26 58 15 97 25 -54 21 -50
46 38 30 -82 -25 75 66 -70 0 -96
-26 -2 -17 64 -39 -56 -91 -48 -12 -53
-89 -79 49 -71 33 -3 42 46 76 -85
-71 -82 -9 -44 4 14 -76 -86 51 56
0 59 -66 -21 6 -5 82 45 -47 -39
-31 40 -12 13 -40 -94 -4 73 -88 42
15 84 84 -58 7 11 20 -36 -16 44
82 0 -75 -29 51 50 99 -53 58 93
-35 8 11 51 -84 27 -66 -41 -21 -45
-28 50 50 95 -35 -8 -16 -92 83 -91
-35 -91 27 -40 94 44 -33 66 76 79
-88 66 -49 70 -9 0 28 81 1 -21
-37 29 76 83 82 -82 -17 -26 -89 -96
-59 -62 -8 -56 -75 95 53 50 -35 -84
43 -1 -57 79 76 -35 -28 94 84 -88
-81 32 -41 -24 -70 79 37 78 -14 -47
-93 -11 -73 82 54 94 23 -2 61 -97
37 -40 -63 14 95 51 -87 13 -86 -94
-5 -42 60 -96 85 55 20 -44 45 -5
-20 -75 79 -51 4 89 -35 8 -72 -8
-44 -52 64 -82 82 -92 -76 16 30 -4
-87 33 -79 -23 -22 -42 -25 94 28 84
-20 -65 -1 -36 -94 65 -71 -90 56 63
