24 -52 -46 -39 62 97 -84 51 -35 -4
-38 -62 -52 70 -43 -71 -88 -58 -82 6
-90 -29 -70 -77 68 -91 -22 53 0 77
-12 -84 92 80 -82 -25 -66 31 -72 -26
58 9 -83 29 3 -12 22 15 57 -80
53 -55 67 -56 -12 -45 -46 63 -58 -7
-63 98 99 -80 -26 -26 14 80 85 -17
-54 14 63 -54 71 43 85 -88 -5 53
-14 9 -88 -2 -74 68 -13 74 49 84
99 47 -53 9 -2 18 -3 -6 -8 -30
94 -83 5 69 -42 86 -36 -46 -42 -94
-79 -1 -33 46 51 -92 -92 -86 -42 -41
32 -71 35 89 51 -39 -64 91 51 -7
32 -53 -99 52 55 62 -35 20 -7 -23
7 -61 59 -43 73 -65 -38 62 -28 60
-44 66 84 -67 -43 45 -30 -24 72 93
53 -38 -72 -99 -78 -55 -64 -32 97 -33
-64 5 -39 -80 11 -16 41 -47 52 20
22 -78 4 -92 -63 -43 -25 93 4 73
-59 -22 -17 86 -73 -16 -56 -55 44 -76
93 30 -38 -48 64 -13 -16 -68 69 -36
28 48 -33 -88 -88 83 -94 98 -56 -92
85 90 58 -44 4 94 -65 -31 84 -1
57 -39 9 -65 77 57 85 40 -39 41
-70 47 -72 83 0 71 -14 51 81 58
-66 -42 0 -35 47 -38 -88 70 55 -63
-14 -23 -15 87 -47 64 60 -79 15 80
40 39 17 4 -9 1 81 58 32 25
-95 -76 88 -22 57 -53 -10 -83 -94 17
89 34 -2 -47 -45 50 -61 61 27 -87
-66 -73 -74 54 -18 12 -76 -36 -68 59
-81 -19 -64 -16 40 13 -44 -30 33 -25
66 -86 88 -63 -21 15 -25 2 9 37
89 17 63 65 44 55 -65 -43 -10 81
12 73 -21 -25 -50 -13 -43 -52 24 62
-87 -99 -53 76 -61 -57 -49 -78 95 -80
-65 -65 77 36 96 -29 68 -84 -82 32
-72 -54 75 -47 -5 -7 -62 -47 6 -23
-38 -93 76 -14 68 -51 27 -61 -5 -46
-29 -68 7 -42 73 96 36 85 -80 -74
65 37 -13 16 -56 90 32 45 -41 -6
19 40 82 33 31 -47 -58 -49 -2 67
48 -76 73 18 68 -40 59 -35 19 84
-85 42 1 17 43 82 2 -61 -17 37
-8 -9 73 -61 7 -70 84 84 87 -99
75 98 -42 84 -68 80 85 -14 -35 91
-16 -45 -14 78 40 -53 -10 93 -42 66
88 -77 7 93 98 10 35 80 -68 -48
-24 -41 72 -47 3 -85 -39 84 15 -84
94 28 31 58 -78 -6 92 -70 21 92
-63 -91 -3 66 3 67 92 -67 83 91
-71 68 -32 -56 46 -88 96 -93 -43 84
-21 16 -42 -2 72 12 -35 58 -10 34
5 2 -29 9 -39 48 77 58 -16 -57
-2 24 -22 55 -57 0 25 -44 -21 6
19 47 -74 15 28 -98 95 67 31 69
-5 85 19 20 -83 4 -75 -66 -40 -46
66 58 19 -33 -92 50 -92 -69 59 -76
-79 -92 -3 69 -93 46 -2 -76 92 -53
6 -34 -78 -7 59 -43 73 -61 61 -67
-37 -26 -76 82 -79 -8 -70 72 -87 -53
88 74 30 54 66 -61 47 -86 98 61
-43 -9 26 59 -98 -44 -83 -3 45 -61
8 73 -88 48 -60 87 69 -41 -83 -29
47 7 54 87 -37 -55 -75 -27 -25 -74
29 98 96 78 19 57 -65 -9 -63 -55
-7 -65 -16 -7 2 79 -27 -61 11 -21
-43 62 -94 -89 8 62 65 70 -30 3
-61 -44 -81 -82 81 -69 42 21 26 10
75 80 53 -85 -2 43 -62 69 -58 95
26 5 -62 -67 22 76 4 -95 98 20
57 -12 27 91 -52 -58 -69 -35 51 -9
-21 70 88 -20 40 -84 72 -99 -96 99
49 23 1 23 -79 42 67 -36 -74 80
-28 34 69 -49 -58 35 -54 83 -75 -25
40 86 38 42 -84 -55 -68 -92 -1 7
-52 -45 -77 -72 49 96 33 87 -96 -71
-56 -4 -4 -47 8 14 -99 -77 58 11
-10 -85 -77 5 16 -47 22 -26 72 12
89 -23 11 53 67 -8 -45 -28 -60 44
-29 -28 32 52 14 -95 -9 -30 -50 -32
-87 53 91 -58 20 65 -11 -28 41 80
-28 37 -14 -18 -81 41 -93 51 41 -92
-27 -36 -5 77 -7 35 98 -86 -92 9
35 -11 -63 -82 94 13 -22 96 -30 28
-25 0 22 76 68 -98 -7 48 -5 95
96 62 -40 -47 73 71 46 -22 88 8
-3 -28 -16 46 31 -65 93 73 -22 65
-2 44 -93 -90 81 -3 -15 85 -81 -84
63 39 46 96 -27 -9 0 28 61 84
9 85 18 -10 -4 -51 -20 -65 -4 -63
98 87 34 6 47 -95 92 76 96 21
32 33 86 18 7 -95 -5 22 -89 73
49 -99 89 39 69 97 -55 20 -77 -4
-65 -93 -61 -90 -96 32 -17 62 -67 -93
-12 4 -85 33 -26 -14 82 -99 64 82
-22 -25 -37 25 37 -46 9 25 -72 -55
-57 -2 57 -56 -93 -34 47 93 -86 79
-51 52 44 25 58 3 -33 53 -74 -70
54 -95 -95 65 2 99 -5 83 52 -62
