47 5 37 16 39 43 12 48 28 8 19 41 51 21 15 27 2 46 35 36 18 44 33 45 9 34 20 40 22 49 3 17 4 24 50 1 30 38 13 6 10 25 32 0 29 23 11 31 7 42 14 26
17 24 25 47 38 35 20 8 18 21 27 26 12 2 48 46 14 6 40 29 51 15 11 3 39 7 1 0 28 41 36 50 4 13 30 42 33 10 43 49 16 19 31 22 9 44 34 45 32 23 37 5
45 47 4 3 2 48 24 28 10 21 38 41 39 46 18 0 22 27 37 19 11 25 43 17 35 20 5 15 14 34 51 44 30 32 33 49 26 9 7 13 8 1 6 36 40 29 42 16 31 50 23 12
6 24 32 47 5 28 23 38 44 42 25 7 18 48 31 2 8 22 50 12 30 21 19 10 17 9 11 41 1 43 4 3 26 46 39 14 34 33 0 45 20 49 27 37 51 29 15 35 40 13 16 36
27 36 12 22 47 26 24 20 4 31 32 21 19 44 43 1 42 29 33 13 3 34 17 28 48 41 23 40 30 46 7 11 18 38 2 35 14 8 6 15 49 0 37 9 5 50 51 25 16 45 39 10
45 33 37 50 10 39 20 26 12 36 32 8 40 43 4 27 5 28 25 1 24 29 16 0 2 30 15 18 9 35 19 23 38 6 49 46 31 51 42 44 13 34 21 11 3 48 17 41 47 14 7 22
41 0 40 18 22 23 35 10 25 30 2 34 3 14 8 19 51 44 5 49 42 12 27 37 29 31 32 26 20 7 50 43 6 39 11 47 45 16 38 15 48 46 9 33 36 21 13 24 17 28 4 1
8 25 4 36 9 47 10 6 14 0 49 31 15 21 22 20 24 46 23 18 32 34 44 19 2 43 50 30 42 13 41 51 26 29 37 12 39 1 3 7 45 11 48 33 38 35 28 5 27 40 17 16
34 26 9 36 25 16 22 4 43 28 51 13 17 19 29 45 14 39 46 0 21 35 8 30 37 49 38 10 7 3 48 18 27 32 23 33 2 24 44 5 47 1 11 6 12 42 20 41 50 40 31 15
6 11 15 37 28 20 23 46 51 47 38 16 45 0 5 7 24 48 12 50 13 44 27 33 35 18 9 25 34 43 4 14 22 1 8 42 3 21 49 26 30 2 40 41 19 31 36 10 39 17 29 32
28 26 18 44 41 15 4 48 1 19 31 12 11 42 9 46 27 10 47 3 21 40 24 5 16 39 49 38 45 37 33 17 36 23 2 30 50 32 25 13 35 43 6 14 51 34 8 22 7 29 20 0
33 29 14 18 45 24 32 15 9 39 10 26 2 30 12 51 1 23 21 22 7 34 0 27 20 43 5 40 50 16 42 25 48 38 3 41 19 44 46 4 11 17 31 49 13 47 6 37 28 36 35 8
12 17 27 14 18 34 0 1 43 13 44 28 8 24 51 48 33 22 5 39 21 19 29 15 10 32 16 7 35 23 30 9 26 45 2 42 47 37 3 40 11 25 46 38 4 20 31 6 36 49 41 50
30 42 46 43 48 19 3 26 9 10 12 6 29 51 22 27 31 14 20 16 11 8 45 25 24 0 15 1 13 7 23 18 28 32 41 5 38 34 17 36 40 49 47 2 37 33 50 35 21 4 39 44
25 38 6 30 26 31 35 45 2 46 39 5 20 4 49 37 44 22 28 33 14 9 29 19 1 51 23 50 42 12 15 3 40 7 34 48 32 47 13 24 17 8 16 18 43 36 27 0 10 21 41 11
33 19 24 9 50 4 10 43 5 0 44 3 25 40 1 32 28 17 35 29 51 12 34 39 8 6 30 7 36 11 26 48 16 31 14 37 18 46 47 42 20 15 23 21 41 45 2 22 38 49 13 27
36 21 14 8 32 28 0 31 11 41 18 13 2 12 40 51 44 47 22 46 38 19 35 6 16 10 48 15 25 39 49 9 27 4 7 37 1 29 17 20 3 50 43 24 45 5 23 30 33 34 42 26
10 13 3 46 6 38 17 0 2 44 29 45 50 23 12 27 16 28 14 11 4 31 24 35 42 34 25 43 9 49 1 30 8 20 37 21 22 40 32 18 26 47 15 39 51 48 41 7 36 33 5 19
5 14 23 11 25 6 30 29 20 26 46 41 24 7 19 21 1 15 31 49 35 40 4 8 17 18 47 42 22 39 44 32 27 48 3 51 12 0 28 43 37 50 9 33 13 38 36 45 2 16 10 34
21 33 30 8 37 19 7 11 38 50 20 40 28 23 17 35 6 13 48 26 0 42 49 24 14 41 18 15 39 47 22 5 44 45 1 31 12 16 25 34 9 10 32 36 27 4 46 3 2 29 43 51
33 14 20 5 34 39 51 32 16 36 41 47 49 25 28 8 42 38 43 27 15 30 26 22 37 17 10 50 13 40 2 45 9 21 7 1 0 4 6 18 29 3 12 19 24 46 44 48 11 35 23 31
1 46 27 32 29 42 11 51 40 49 44 47 39 19 14 7 9 16 26 3 6 24 43 45 10 25 23 22 18 31 41 0 21 20 35 28 15 36 2 12 5 48 50 8 33 4 17 34 13 38 37 30
25 31 51 39 23 27 16 2 50 6 28 38 47 17 4 32 37 30 43 15 34 49 10 3 48 40 9 20 5 12 22 18 24 21 46 11 33 7 41 45 8 44 36 19 0 26 42 1 13 35 14 29
17 4 43 25 7 16 39 26 42 46 0 24 22 6 40 48 27 14 18 36 15 11 13 5 41 19 49 37 10 28 33 21 8 23 47 35 38 12 9 30 51 1 3 20 50 2 29 34 31 32 45 44
7 28 33 43 30 13 12 45 8 19 42 44 41 34 2 32 11 16 35 31 47 1 51 50 4 38 14 23 17 49 46 9 18 25 27 29 20 3 40 15 26 24 5 22 37 6 21 10 48 0 39 36
23 5 36 1 15 3 20 32 29 30 28 4 22 16 27 12 17 46 7 45 44 6 2 39 26 18 47 9 14 33 19 34 40 13 31 51 8 21 10 49 25 0 37 50 42 48 24 38 41 43 11 35
16 15 2 28 0 22 1 35 25 38 37 5 32 42 33 3 43 11 41 23 24 27 34 47 8 45 40 26 51 19 4 36 29 12 46 7 14 30 39 17 6 13 21 20 49 18 31 44 50 48 9 10
16 17 33 35 4 23 11 34 28 38 36 41 26 6 0 13 40 7 30 19 20 14 44 2 31 37 18 49 3 8 51 12 5 45 22 43 1 25 39 32 50 29 47 10 24 42 9 46 15 21 27 48
45 41 5 46 36 15 44 51 18 21 35 17 14 1 7 4 43 38 2 6 26 30 19 10 16 37 8 0 20 27 39 33 12 23 40 48 11 32 3 29 22 42 50 13 24 47 31 28 9 34 49 25
50 46 18 25 44 10 9 12 38 27 37 11 41 26 48 0 3 51 23 1 34 35 39 2 43 40 5 22 16 13 49 29 36 28 30 17 15 42 14 20 7 21 6 4 33 47 8 32 19 45 31 24
18 36 25 50 30 44 40 39 42 9 38 14 6 51 33 21 28 5 15 3 31 32 0 43 23 27 19 45 17 34 12 8 37 49 11 1 29 4 16 26 48 47 20 22 10 35 13 46 41 7 24 2
25 12 23 8 39 27 15 49 6 5 18 51 24 3 13 36 44 48 7 31 17 32 50 43 45 1 16 14 10 26 19 47 41 21 9 4 29 30 0 20 33 42 2 37 40 28 46 35 22 34 38 11
33 36 39 43 22 15 1 23 6 20 35 30 14 27 46 34 0 12 25 24 42 31 38 51 10 21 18 41 45 9 4 3 19 29 28 26 16 48 8 11 50 7 40 32 13 17 2 5 49 44 37 47
37 20 50 10 30 28 44 1 18 17 2 45 9 46 36 43 41 7 16 4 11 32 22 3 8 35 48 49 33 23 26 14 27 13 39 0 47 5 24 38 40 25 42 51 15 19 21 6 29 34 31 12
27 18 25 29 13 26 24 0 32 48 4 14 16 37 28 45 6 47 7 2 36 31 12 19 40 39 42 50 22 17 46 34 8 43 33 10 21 15 49 5 9 51 11 38 3 41 23 44 1 30 35 20
14 12 43 30 27 4 11 28 49 0 2 44 38 15 23 41 8 35 3 10 7 32 16 36 24 31 34 20 13 40 33 39 37 21 25 18 19 17 42 22 6 47 50 45 46 1 29 9 26 5 48 51
9 46 38 42 50 40 6 45 4 25 34 28 37 32 19 51 20 11 17 44 18 15 27 5 43 1 14 16 47 26 21 7 2 35 12 22 23 48 24 49 33 29 13 8 0 41 39 36 10 3 31 30
11 34 41 15 8 43 3 21 30 13 35 24 19 0 37 33 26 5 38 9 32 45 28 17 22 1 31 46 16 20 51 7 50 49 44 6 23 36 2 47 42 10 12 27 40 48 4 39 29 18 14 25
21 24 1 13 50 47 16 25 17 15 51 4 32 35 0 26 45 28 7 10 22 42 37 2 38 41 19 31 43 39 44 29 36 33 3 5 34 30 11 49 46 14 8 27 9 48 20 23 6 12 18 40
47 48 24 35 29 13 12 11 44 20 49 30 19 7 32 41 15 28 51 0 23 22 27 26 50 37 17 42 43 16 39 14 45 40 1 38 5 3 18 4 2 46 21 36 8 9 34 10 6 31 33 25
40 32 20 19 42 4 14 15 9 28 49 11 22 33 26 3 39 50 34 35 43 46 47 5 0 8 12 10 23 2 44 38 36 31 29 16 1 25 21 13 37 17 7 18 51 27 30 48 41 45 24 6
36 26 41 25 17 45 4 49 29 6 40 12 9 34 37 1 50 22 11 24 43 3 16 18 20 8 27 21 31 5 0 33 15 30 2 38 10 35 39 28 42 48 14 13 51 44 19 47 46 32 23 7
46 15 48 7 19 1 43 22 27 36 37 29 28 38 40 51 6 45 0 24 32 4 34 49 26 39 5 16 8 2 41 35 23 10 17 50 21 25 47 12 11 13 44 14 3 30 20 33 31 9 18 42
31 45 15 44 18 3 48 43 19 8 37 24 10 34 9 30 33 39 20 26 7 4 25 28 5 46 50 38 47 13 36 41 29 27 16 21 32 6 1 35 42 0 49 17 11 51 22 23 14 12 2 40
34 25 36 20 26 51 17 7 8 47 23 3 6 46 12 16 50 43 44 19 45 21 35 5 13 38 37 14 41 31 30 10 48 18 24 27 42 39 32 49 4 2 22 15 40 33 1 0 29 9 28 11
25 42 23 41 11 26 21 15 12 43 13 5 34 47 2 50 38 24 29 10 17 39 8 1 40 35 30 9 20 16 36 27 14 3 18 6 0 4 19 45 51 46 7 33 32 28 31 44 48 22 49 37
50 11 8 46 31 23 21 0 51 19 41 1 13 24 6 44 17 27 42 10 49 29 9 26 30 5 33 7 25 32 47 35 3 36 28 4 39 45 14 12 15 34 20 48 40 43 18 2 37 16 22 38
45 30 7 9 10 6 28 38 44 19 21 11 39 25 29 17 31 12 18 50 20 22 32 48 51 13 40 36 27 5 35 4 14 1 3 33 16 26 24 15 23 2 42 41 0 34 8 47 43 46 37 49
45 12 23 3 2 38 14 31 32 41 46 33 16 10 5 27 51 47 50 4 8 36 22 26 0 18 43 17 40 44 39 9 35 25 28 24 30 42 6 48 19 21 13 34 15 49 11 1 20 29 7 37
25 19 18 16 15 46 43 10 37 49 0 50 29 6 39 5 21 1 34 17 33 42 11 2 4 28 9 51 8 40 23 41 35 20 14 26 27 7 24 31 36 45 48 22 12 44 3 38 32 47 13 30
48 43 13 5 22 26 37 41 28 10 12 27 6 36 50 0 49 51 2 11 45 4 24 17 33 35 7 44 19 23 3 16 21 20 32 46 39 14 47 25 38 40 34 15 29 18 30 1 8 42 9 31
48 18 50 51 47 12 1 31 38 23 44 10 37 43 3 14 35 15 20 13 19 32 41 0 17 25 40 36 4 8 39 22 29 28 16 49 7 30 46 34 6 26 2 9 5 45 11 27 33 42 24 21
35 22 28 30 6 33 43 3 31 42 49 15 37 4 48 41 0 34 44 32 16 29 51 40 11 45 19 39 27 46 23 14 25 1 12 21 26 36 8 2 9 17 47 7 5 24 13 20 38 18 10 50
46 42 16 22 1 15 5 50 35 0 49 31 32 51 23 38 36 41 30 24 34 2 26 47 29 3 9 14 17 13 43 25 28 21 44 20 19 11 4 10 6 40 37 8 39 45 7 27 33 18 12 48
15 35 10 25 11 28 34 1 38 23 21 8 18 42 5 46 47 17 9 4 22 12 19 51 6 49 41 31 44 43 45 16 50 32 14 40 36 0 2 39 24 3 33 7 27 37 13 26 29 30 20 48
14 17 21 27 18 32 38 16 42 6 5 39 28 47 44 40 13 34 50 20 7 0 33 9 49 26 41 2 22 23 15 45 12 29 11 37 31 30 25 10 36 51 19 8 4 48 1 3 24 43 35 46
47 37 46 18 13 9 20 36 43 1 49 15 39 10 34 41 12 30 0 5 42 7 33 11 2 14 23 25 38 8 32 31 48 51 3 19 17 35 28 45 50 22 27 16 24 4 40 6 26 29 21 44
35 31 30 44 49 9 10 6 21 45 5 47 36 43 16 11 46 41 24 0 39 27 15 33 13 37 7 2 8 34 1 12 20 18 17 51 29 50 28 22 23 4 42 38 3 19 48 40 14 32 25 26
47 3 35 11 33 19 30 34 46 45 1 16 41 44 31 29 2 9 39 13 38 12 18 21 42 25 23 37 15 8 27 36 51 24 40 5 28 4 20 6 17 10 32 7 50 22 49 26 0 48 43 14
17 6 22 12 1 19 3 31 0 26 23 30 28 38 5 25 39 11 48 46 34 14 9 4 51 36 2 43 24 29 44 50 40 16 20 42 41 45 47 32 21 33 10 18 8 13 15 49 37 35 7 27
38 43 48 31 30 47 49 10 3 32 41 21 12 36 39 11 17 16 8 4 27 23 40 44 37 33 0 42 45 13 6 9 25 24 18 46 35 22 19 5 7 15 28 20 50 51 14 26 1 29 2 34
0 32 51 21 15 14 10 16 48 33 1 11 36 22 24 5 8 46 49 13 20 23 44 17 26 6 28 29 27 25 47 45 30 38 37 19 7 34 42 43 40 50 39 9 18 31 12 4 41 35 3 2
7 10 51 18 38 17 8 14 42 15 13 21 5 2 47 3 4 24 6 19 0 31 27 45 48 39 26 43 44 34 22 16 23 41 20 46 29 30 36 40 35 11 28 37 25 49 1 32 9 33 12 50
2 4 24 49 48 11 28 31 1 40 45 43 23 3 50 42 27 19 32 44 37 29 38 6 26 16 8 20 13 47 10 5 36 0 30 17 51 7 9 34 25 14 22 41 15 39 21 46 33 18 12 35
27 24 30 41 13 38 34 46 10 16 44 40 36 31 18 21 29 32 51 15 7 22 43 14 35 20 37 11 45 50 23 0 48 1 9 6 2 3 28 42 49 39 12 19 25 33 5 8 4 17 47 26
35 40 51 2 4 15 23 14 42 9 7 48 33 28 49 5 21 25 44 45 13 26 29 18 38 6 0 32 47 30 34 46 22 43 39 11 50 31 3 12 16 20 17 36 19 10 8 41 1 37 27 24
11 47 42 16 29 33 0 17 35 25 46 36 4 45 23 2 51 44 27 8 14 37 7 28 31 22 15 41 26 21 49 24 19 3 48 43 12 39 18 20 13 9 30 10 5 50 38 6 32 40 1 34
45 18 43 33 7 15 12 22 39 36 0 25 23 50 48 51 6 4 29 8 16 17 38 35 46 30 5 44 10 37 20 24 1 26 42 32 19 34 27 40 14 11 49 31 2 28 41 13 47 3 9 21
8 18 40 30 45 27 36 14 16 46 42 11 13 5 1 9 32 10 26 38 2 41 24 12 20 4 44 19 22 37 3 47 43 35 48 23 17 21 39 28 31 50 33 0 15 29 6 34 51 7 49 25
27 6 5 17 18 15 30 32 3 23 31 44 43 51 21 16 20 42 11 24 4 0 40 22 38 12 35 46 26 9 1 34 49 13 47 33 41 14 48 45 8 36 28 7 25 39 2 37 10 29 50 19
42 6 13 4 11 14 10 15 41 16 17 37 30 36 51 0 22 3 24 34 43 12 9 49 7 46 19 45 38 31 26 35 47 5 20 39 50 18 29 23 27 8 2 40 32 44 25 1 48 21 33 28
33 18 10 35 24 12 7 47 31 48 11 3 43 51 17 34 40 28 22 36 46 2 45 9 8 0 39 16 49 21 38 37 23 41 14 29 42 5 4 15 13 44 6 50 27 30 20 1 19 32 25 26
18 40 38 4 50 33 30 17 42 14 24 47 45 8 25 44 22 39 28 12 9 51 32 29 36 2 21 15 48 26 16 41 43 37 31 7 5 3 20 11 27 13 35 49 0 19 1 34 46 6 23 10
50 29 22 41 33 35 19 14 23 8 40 38 20 2 4 39 34 47 16 18 5 25 6 32 42 36 48 49 24 13 43 37 27 45 3 0 31 30 51 17 15 9 46 7 44 28 12 26 11 1 10 21
51 4 30 7 23 20 15 41 42 12 24 48 14 0 38 49 43 47 50 22 21 19 1 33 35 9 40 13 46 44 8 10 18 26 25 6 16 11 3 39 5 45 37 34 28 32 31 36 27 2 29 17
3 19 31 48 17 49 4 46 32 12 23 15 27 10 6 25 28 21 39 51 20 24 13 50 26 45 7 34 5 41 18 11 2 44 14 33 0 16 47 22 1 35 8 36 40 30 43 42 38 9 37 29
50 38 14 16 27 2 15 40 33 11 9 29 21 17 49 19 5 7 25 45 44 34 39 10 24 8 35 48 13 51 31 6 36 22 3 23 47 1 32 20 30 12 37 42 0 41 18 43 28 26 4 46
23 45 10 18 36 43 49 22 28 5 6 39 13 16 1 44 14 20 31 25 24 46 30 12 33 41 50 48 17 3 42 9 4 26 35 7 21 2 19 27 37 0 40 15 8 29 34 11 47 51 38 32
18 29 46 12 48 31 44 0 26 4 5 28 45 33 22 37 43 19 34 23 27 9 24 25 35 11 14 8 13 32 36 41 1 7 38 20 49 16 15 6 2 40 50 17 42 51 47 30 39 10 3 21
15 14 0 21 17 37 2 23 51 16 10 11 28 24 45 41 36 33 26 35 40 50 7 47 4 3 38 5 13 19 32 31 39 46 20 25 12 8 18 42 48 1 30 27 43 44 6 29 49 22 9 34
33 25 19 21 17 4 32 22 30 12 51 18 43 40 27 35 13 31 44 42 39 14 50 38 28 47 49 24 20 8 16 9 10 5 34 45 41 37 46 11 6 2 7 0 29 3 26 23 15 48 1 36
47 42 34 9 27 41 50 11 0 33 25 45 19 51 2 13 20 10 7 36 24 12 32 43 28 1 6 49 30 14 21 5 37 26 16 40 23 44 29 35 48 46 38 18 22 3 15 31 8 39 17 4
17 51 40 29 48 28 12 31 8 4 20 13 49 46 5 7 47 41 26 19 42 14 24 45 32 33 0 15 35 6 10 38 18 21 3 22 43 25 34 9 2 37 44 11 23 1 50 36 39 16 30 27
9 26 7 17 13 49 18 6 20 8 23 48 37 22 19 36 31 35 28 24 14 21 33 44 2 41 5 0 39 29 11 25 45 16 1 47 15 30 3 12 43 40 4 34 27 38 46 10 51 32 42 50
48 42 31 5 29 16 9 44 15 51 24 19 35 13 14 30 49 4 33 34 22 25 20 40 3 17 36 12 39 0 10 32 7 45 46 26 41 38 6 8 2 27 11 37 21 47 50 43 23 1 28 18
51 1 33 5 29 3 18 36 45 23 14 28 13 21 2 6 43 17 38 7 11 16 30 42 34 26 25 39 15 48 41 49 24 12 47 4 35 32 40 9 46 27 19 20 10 37 8 0 31 44 22 50
51 33 5 12 48 22 11 29 7 46 49 25 38 24 30 27 42 2 28 44 0 9 18 16 34 50 36 13 19 17 40 3 10 47 20 8 45 26 43 41 6 4 39 32 1 31 14 23 15 21 37 35
5 26 48 13 25 0 39 18 17 15 45 9 37 1 49 14 33 10 2 40 20 47 36 50 4 24 27 51 22 38 12 3 28 43 16 29 7 35 19 6 21 41 30 11 8 32 42 23 44 31 34 46
34 49 3 22 44 13 39 16 50 38 11 35 24 28 48 31 20 47 45 36 51 42 6 5 19 41 18 9 29 14 21 46 27 17 23 10 1 12 43 30 8 37 4 26 32 15 7 40 2 33 0 25
35 48 11 50 19 0 39 31 16 17 32 1 33 37 49 7 28 24 13 44 18 6 23 34 51 43 12 2 10 5 15 25 9 36 46 20 22 3 14 27 21 26 38 8 45 4 29 42 47 41 40 30
41 26 0 15 47 10 24 45 23 44 40 43 25 29 9 37 51 22 48 16 17 46 50 3 12 28 33 11 38 2 36 49 39 34 21 32 30 14 6 8 19 31 4 13 27 7 35 20 5 18 42 1
47 11 30 2 35 33 38 6 34 51 14 1 15 50 46 13 8 42 16 18 28 26 29 12 48 32 41 25 17 45 20 4 37 21 9 24 39 10 40 22 36 7 49 19 3 23 27 0 43 31 44 5
17 16 38 5 21 10 12 48 15 32 43 28 49 3 0 42 11 47 13 51 36 46 22 50 8 27 25 26 41 24 30 6 9 35 1 45 33 18 19 23 7 2 29 31 4 20 40 34 44 37 14 39
13 43 6 35 21 11 16 34 8 27 29 18 25 31 49 47 36 12 42 39 4 15 33 5 22 23 48 14 7 26 37 45 32 3 51 24 17 9 0 2 28 38 46 41 30 10 50 44 19 20 1 40
20 13 18 30 36 37 32 42 38 7 28 5 45 46 9 33 6 49 35 1 50 43 4 21 14 47 27 40 26 2 12 8 29 19 3 39 41 17 16 24 0 11 31 34 10 15 23 44 48 25 22 51
11 20 1 23 43 25 50 35 8 16 14 15 48 32 30 44 34 38 2 39 29 28 3 18 46 7 9 51 13 36 17 6 47 45 21 24 10 41 4 26 31 0 27 19 22 37 33 5 12 49 40 42
1 47 2 8 10 43 42 18 45 14 30 23 37 24 22 46 35 11 51 26 32 36 21 5 4 44 41 25 38 7 16 17 0 9 31 50 3 27 28 19 33 12 6 40 48 20 34 39 15 49 29 13
30 27 42 16 0 38 17 11 28 44 46 47 26 35 13 33 6 21 20 2 8 37 10 49 19 24 40 1 23 14 31 9 12 39 51 4 29 25 48 32 45 36 22 7 15 34 50 18 41 3 5 43
12 46 7 42 30 47 2 20 31 19 32 16 6 9 29 22 5 25 45 18 49 33 1 37 44 27 4 43 34 36 24 10 51 38 48 17 23 40 0 28 11 3 39 26 35 41 8 50 15 14 13 21
41 6 47 13 30 49 31 46 33 28 29 24 10 43 17 37 40 9 35 44 19 2 36 48 16 1 25 39 18 8 22 38 20 0 45 42 26 50 32 4 27 21 51 3 34 23 5 14 12 7 11 15
