28 31 49 0 21 8 33 7 22 27 43 35 25 12 29 34 1 41 9 32 37 42 45 40 13 15 17 4 5 39 2 26 14 3 24 51 36 38 50 23 44 19 16 11 10 47 30 46 48 18 20 6
30 36 16 28 19 35 9 48 23 20 39 7 50 3 27 8 49 31 33 14 0 44 12 51 32 6 11 18 4 29 1 25 34 42 45 5 47 2 21 41 10 46 17 40 38 15 22 26 43 24 13 37
8 24 17 16 39 13 49 30 34 26 25 35 33 22 27 21 2 28 44 4 3 29 43 23 42 15 37 45 9 14 10 48 18 12 32 1 50 31 40 51 11 5 20 6 41 46 47 36 38 19 0 7
47 4 26 44 39 0 51 35 50 37 12 20 23 34 9 24 18 6 36 30 42 32 17 10 1 38 27 25 19 16 2 8 14 21 3 45 31 22 15 49 7 48 46 29 43 13 40 5 11 28 41 33
5 8 6 1 48 44 16 3 43 31 18 7 9 32 11 42 37 13 10 49 17 19 36 39 40 33 24 29 20 34 46 25 21 15 47 30 23 26 27 4 28 2 41 50 14 35 51 0 45 12 38 22
16 6 35 47 29 21 22 14 26 38 8 51 1 18 27 30 36 2 49 12 34 41 10 42 37 3 0 17 43 23 50 25 31 32 15 45 33 48 20 19 9 46 13 28 40 7 24 39 11 44 5 4
44 13 18 8 2 17 48 38 36 32 23 5 4 20 7 51 33 6 15 16 45 26 27 39 22 46 21 31 9 50 34 11 37 40 30 29 25 3 35 28 14 47 24 0 49 41 19 12 42 1 43 10
16 19 3 48 39 25 8 43 41 29 44 22 50 9 17 12 7 34 21 11 23 42 37 26 15 40 32 2 38 47 46 5 51 49 45 1 14 27 10 6 18 31 33 24 30 35 28 20 36 0 4 13
15 11 27 16 17 36 1 39 21 22 25 6 3 18 5 42 43 20 26 40 51 49 23 46 24 44 45 8 19 32 10 2 48 28 38 47 4 35 30 33 13 37 9 41 12 31 34 50 29 14 7 0
42 13 47 24 28 3 7 34 19 5 27 37 4 45 18 39 10 36 6 40 20 48 1 0 22 29 2 41 15 51 32 17 30 21 9 16 38 44 35 14 26 11 31 49 46 8 43 25 23 12 50 33
24 25 8 34 23 18 37 33 5 35 48 32 17 49 44 14 41 38 6 47 3 16 9 42 21 40 27 50 13 15 29 10 39 22 20 31 2 26 43 7 30 12 11 28 0 45 1 51 36 19 4 46
30 49 16 27 50 0 5 18 40 48 28 45 26 4 39 6 14 7 10 32 35 17 25 51 22 38 13 21 12 42 36 33 44 31 8 23 3 46 15 20 43 41 29 24 34 19 2 11 37 1 9 47
1 31 32 12 22 9 27 3 40 33 11 23 29 16 30 39 36 50 41 7 18 14 25 43 46 48 6 51 15 44 24 49 28 5 8 37 20 42 21 35 17 19 38 45 47 2 4 34 10 26 0 13
44 37 6 8 38 32 39 49 21 50 16 14 29 34 22 7 40 26 23 35 47 30 18 11 1 51 33 31 45 36 43 5 42 20 46 4 10 2 13 24 19 25 3 27 41 17 0 28 48 12 15 9
40 0 50 45 14 38 32 6 7 47 26 35 3 39 34 22 23 42 12 18 13 37 49 25 43 24 28 48 16 20 46 33 1 15 17 11 5 31 36 19 4 51 44 41 29 21 8 10 2 9 27 30
10 2 4 47 0 30 42 3 39 38 5 12 31 50 8 37 15 16 14 25 49 41 18 13 24 22 33 48 32 45 27 36 11 46 40 21 1 29 6 34 44 35 19 43 17 23 28 51 7 20 9 26
13 45 29 41 18 15 7 39 38 9 25 40 19 0 1 14 27 43 44 32 16 21 8 23 4 35 10 6 42 12 5 46 24 2 51 3 30 48 49 37 47 28 26 22 33 50 31 11 36 20 17 34
21 35 46 30 27 10 9 2 41 12 29 50 22 44 48 25 45 11 19 7 26 3 24 34 38 16 39 43 13 31 6 32 17 18 33 40 49 0 51 47 36 5 14 37 42 15 1 23 28 4 8 20
5 1 10 13 20 15 50 26 32 42 16 8 0 6 34 18 29 7 19 38 49 28 36 51 9 11 2 24 12 47 27 17 14 43 3 33 48 31 37 40 41 22 35 21 4 44 23 30 45 25 39 46
30 45 10 33 15 3 50 43 19 25 29 49 27 4 42 26 48 7 51 6 17 2 39 0 23 20 1 13 46 16 40 31 35 11 18 24 38 28 32 41 8 5 21 37 9 47 22 14 36 44 34 12
19 4 24 28 49 7 36 8 0 3 51 9 48 46 45 10 13 20 11 37 43 50 12 35 26 17 30 16 38 14 34 27 32 44 15 18 5 42 41 29 39 6 21 33 1 40 2 31 47 25 22 23
32 22 47 5 21 37 26 6 51 9 12 42 11 19 43 10 3 39 2 46 8 0 45 17 30 44 15 18 31 38 28 34 20 29 49 16 27 14 4 13 24 25 35 48 41 23 1 33 36 40 50 7
37 50 2 30 38 20 26 12 8 45 34 3 24 32 42 31 35 19 4 43 13 18 48 39 36 6 22 25 5 21 27 41 10 11 40 23 33 29 17 51 7 47 9 28 1 44 49 16 14 46 0 15
33 47 3 42 6 49 0 4 46 35 21 29 23 48 14 22 39 45 1 9 8 17 19 24 50 36 30 18 2 12 7 40 27 13 10 44 51 15 32 28 25 34 26 43 11 5 20 16 37 41 31 38
4 6 51 3 20 47 39 7 18 14 50 12 25 32 2 28 49 10 21 34 0 23 41 44 8 16 40 42 36 33 29 38 22 13 15 48 24 30 45 35 26 17 46 31 11 43 19 1 37 27 9 5
7 42 14 1 40 35 19 44 28 34 27 12 50 49 39 10 2 36 20 24 30 51 21 31 37 13 4 23 8 32 33 47 6 43 45 11 22 48 16 29 0 9 26 15 46 5 3 38 17 18 25 41
23 16 22 46 8 37 26 2 29 41 4 10 19 33 36 28 45 18 17 32 27 7 50 12 1 35 30 48 34 49 20 6 44 21 25 47 3 31 9 51 14 39 13 42 38 43 15 0 5 11 40 24
14 12 46 23 47 2 16 50 0 28 15 21 5 36 40 34 26 3 7 11 41 51 37 9 29 8 27 13 42 17 1 43 45 31 18 39 35 25 49 30 6 33 44 48 4 32 38 22 20 24 10 19
36 45 16 25 51 28 21 43 50 30 34 22 15 37 17 19 24 10 42 8 18 7 12 3 23 35 47 1 11 49 44 38 29 31 5 2 4 39 9 48 27 32 6 20 13 26 14 33 46 41 0 40
18 0 42 49 51 15 48 17 33 1 39 22 27 30 37 40 26 31 32 8 41 21 16 24 28 45 50 23 38 46 10 34 29 14 4 6 7 13 9 11 43 25 5 2 44 35 12 36 20 19 47 3
36 46 3 30 15 4 25 22 2 29 23 27 48 20 43 21 11 5 24 37 44 31 6 34 7 28 19 17 12 9 13 42 50 41 32 0 10 35 8 51 33 14 47 18 26 16 49 38 39 1 40 45
1 14 36 13 2 6 35 0 50 51 30 41 7 33 8 34 44 47 48 11 12 39 17 24 40 25 26 21 28 19 27 49 22 29 9 23 45 37 20 32 42 43 3 18 16 5 4 15 46 38 10 31
19 1 12 47 43 45 44 38 46 26 8 42 35 29 2 39 36 31 23 0 40 50 13 37 6 34 25 9 49 30 15 17 16 18 24 7 27 20 33 10 14 41 51 32 3 4 22 11 48 21 28 5
3 13 38 25 36 35 44 39 8 47 42 27 24 4 12 6 45 30 16 26 5 29 1 41 14 19 10 48 20 43 9 23 31 7 2 17 46 21 50 32 34 0 11 33 28 22 37 18 15 40 51 49
15 32 10 7 22 39 5 12 29 44 16 1 24 14 2 38 26 45 36 8 25 46 33 21 28 37 3 30 48 34 27 17 47 23 49 31 42 13 43 35 0 11 18 51 20 19 40 4 9 6 41 50
36 7 40 42 25 31 51 0 17 13 16 32 38 37 24 29 21 4 49 5 22 30 15 12 33 46 48 3 20 8 45 14 18 28 2 34 19 50 44 43 9 39 26 47 23 27 6 41 35 11 10 1
23 16 17 0 24 50 28 9 26 43 51 35 41 25 38 18 45 46 30 10 42 2 47 5 37 20 40 39 21 15 1 3 11 44 6 32 14 22 8 48 7 29 4 34 36 33 27 12 31 19 49 13
48 40 1 49 38 8 3 15 2 37 33 25 14 13 5 44 12 7 50 29 10 20 26 17 23 0 21 36 34 42 6 43 19 4 28 9 41 24 16 32 45 39 47 27 46 11 31 18 22 51 30 35
40 32 25 41 1 46 8 45 4 7 28 44 26 6 36 2 22 42 18 10 5 29 51 38 48 16 14 47 35 37 12 19 30 27 31 13 24 17 15 33 21 39 3 0 50 49 9 20 43 23 11 34
30 37 9 5 15 26 14 19 16 46 51 3 49 17 11 10 13 18 25 1 28 20 45 48 29 6 31 27 22 0 24 32 33 43 8 36 34 23 44 4 42 12 2 41 39 35 50 21 40 47 38 7
43 40 4 20 31 17 15 11 23 36 47 33 35 45 46 50 16 26 6 32 24 44 22 42 7 10 30 34 19 0 28 37 8 49 21 12 27 5 25 41 13 14 18 1 29 39 2 3 9 51 48 38
38 40 42 36 13 50 31 15 48 21 2 6 1 33 24 32 47 34 49 41 5 3 11 43 14 20 4 23 39 12 26 17 46 29 10 30 8 9 22 25 16 37 35 19 0 28 51 45 27 7 18 44
21 19 17 50 18 2 43 0 11 30 45 22 28 16 49 48 1 6 8 5 47 32 34 23 7 4 33 42 27 3 9 13 40 15 38 25 37 44 31 29 24 20 14 51 41 12 35 26 39 36 10 46
17 22 33 16 13 25 38 10 21 11 3 2 39 15 34 27 1 45 7 23 31 36 24 14 32 26 18 29 28 19 48 47 30 40 5 49 41 37 35 46 4 6 8 9 50 42 43 51 0 44 12 20
26 21 51 46 12 7 5 47 9 17 16 44 1 14 0 27 23 33 43 39 25 41 4 32 6 24 30 31 48 19 8 50 10 38 37 49 40 3 28 18 45 20 42 15 13 22 2 36 34 11 29 35
26 2 30 32 34 5 27 3 20 33 28 43 35 0 17 9 6 46 24 4 38 12 47 21 15 19 7 11 39 1 10 16 31 48 44 45 51 13 50 14 42 25 23 29 49 18 41 22 40 37 36 8
29 40 16 32 21 50 9 28 31 27 36 42 44 48 10 17 38 34 47 24 20 3 15 7 41 5 49 37 18 14 25 39 1 35 51 0 13 12 23 19 11 45 6 30 43 33 26 8 46 22 2 4
13 36 8 16 2 26 33 7 3 18 6 12 0 9 32 10 29 20 22 15 23 47 44 5 30 25 24 1 37 49 11 50 51 45 31 39 41 46 35 34 4 42 43 19 38 40 28 48 21 14 27 17
36 25 37 23 45 13 41 47 40 27 46 33 15 21 39 2 12 29 9 32 49 16 0 48 6 51 22 42 10 24 17 30 1 3 35 44 43 18 38 7 26 50 11 34 19 4 14 5 31 20 8 28
18 0 13 23 37 10 22 39 12 33 25 26 19 9 48 27 36 29 32 16 4 35 47 31 49 46 44 50 15 38 51 14 3 41 28 7 5 34 42 2 11 40 6 17 30 24 1 21 45 8 20 43
15 34 7 10 46 8 2 9 28 42 49 23 44 5 14 38 31 27 36 35 18 30 29 22 26 19 1 43 12 21 4 41 45 32 3 20 50 37 6 24 39 16 40 11 13 17 0 33 51 48 47 25
28 18 48 32 4 30 5 46 17 33 41 21 26 19 51 9 13 22 45 44 39 35 15 12 23 50 0 7 36 43 42 47 14 8 25 49 40 20 34 11 6 29 38 27 1 3 2 37 31 10 24 16
50 10 8 27 30 5 49 11 42 26 43 4 16 18 15 47 29 25 37 7 33 32 2 22 19 21 23 51 13 9 0 1 17 20 45 28 14 48 12 34 38 31 6 3 41 24 35 39 46 44 36 40
39 30 29 31 36 47 12 21 25 9 50 35 1 45 16 43 20 28 48 23 2 26 38 37 24 13 22 7 49 5 0 17 51 4 10 8 6 18 15 32 3 44 34 11 14 27 40 46 19 33 42 41
36 19 4 28 30 37 48 0 9 21 6 22 5 18 45 51 43 39 14 16 20 40 25 12 24 34 11 31 23 10 17 38 8 1 7 29 35 26 47 27 13 3 46 32 49 50 42 15 2 41 33 44
23 26 40 6 35 42 38 1 8 13 17 11 16 27 41 4 43 51 45 37 22 19 34 48 0 9 25 14 15 7 5 50 30 3 18 21 12 31 33 49 20 10 32 44 28 24 29 47 2 46 36 39
41 15 21 10 12 23 20 16 34 36 11 13 14 47 2 7 9 28 35 22 37 18 31 3 4 51 30 46 24 6 50 38 42 32 5 1 26 8 48 27 49 25 29 0 19 40 44 33 43 39 45 17
14 44 33 0 40 4 50 6 13 27 22 12 32 51 30 47 7 15 9 34 29 8 20 35 28 1 38 26 46 3 39 45 31 16 21 17 36 48 37 19 25 43 24 49 23 5 42 41 11 10 18 2
0 47 45 17 44 11 21 10 38 46 3 28 1 42 32 19 50 24 25 16 40 7 35 12 51 29 37 41 15 43 34 48 23 6 14 2 31 5 8 4 49 30 33 26 27 22 36 20 13 18 9 39
33 31 23 19 16 1 30 6 12 42 43 7 48 29 26 35 34 28 21 44 51 38 11 45 5 40 37 2 50 14 8 39 47 10 13 20 27 41 32 22 0 24 4 46 15 49 36 18 9 3 25 17
14 1 43 36 9 31 13 20 33 19 25 32 41 10 11 51 35 50 5 0 46 4 12 15 30 8 29 34 16 3 48 40 2 47 38 27 23 6 24 49 21 42 7 44 22 45 26 39 17 28 18 37
15 48 3 0 31 6 20 18 4 11 23 35 46 32 29 10 21 8 45 27 17 49 47 12 25 36 37 19 42 33 39 44 38 41 2 50 40 5 43 1 26 13 16 24 9 22 7 34 51 14 28 30
28 23 49 16 51 31 13 26 40 35 33 42 19 9 37 2 8 6 18 47 20 7 15 4 39 25 0 44 22 27 34 17 50 32 3 21 36 1 5 12 10 30 45 11 43 46 48 14 38 41 29 24
28 15 4 0 32 37 12 17 33 8 42 23 44 22 20 1 21 19 46 35 25 30 40 26 45 24 10 39 36 29 27 38 2 50 47 6 11 16 48 5 41 31 43 34 9 13 14 3 18 7 51 49
9 37 28 17 27 45 20 44 10 30 41 23 26 12 13 36 39 8 46 33 43 47 24 2 38 19 6 11 49 32 48 7 35 25 5 22 34 42 15 16 18 1 50 29 4 3 40 31 0 14 51 21
39 17 0 36 5 27 30 15 41 46 24 38 21 4 10 7 31 45 9 28 50 22 19 33 47 13 20 23 3 48 12 8 51 16 1 25 26 42 34 43 29 40 18 32 35 44 49 37 11 6 2 14
42 6 12 14 11 44 51 48 38 29 37 46 17 27 34 49 10 20 30 24 40 16 32 23 19 13 26 39 35 5 2 33 0 15 3 45 18 47 9 28 21 4 41 22 1 31 25 36 7 8 43 50
18 11 35 2 16 40 51 20 38 44 41 12 22 13 48 27 26 6 8 0 4 39 30 14 32 9 23 21 36 45 25 28 19 47 31 37 33 24 1 17 3 5 15 42 29 34 43 46 10 49 50 7
28 29 31 24 42 33 3 40 16 0 10 41 4 25 50 8 32 22 30 27 38 47 51 35 21 2 36 39 17 19 6 23 44 5 9 7 45 26 20 11 49 48 43 1 13 14 12 46 34 15 37 18
20 10 30 1 9 25 42 39 49 45 21 2 14 19 50 34 37 16 48 27 51 23 8 12 0 11 35 32 24 4 33 13 3 5 22 40 15 44 28 29 38 26 47 6 7 31 46 43 18 41 36 17
33 5 31 27 12 45 39 10 35 23 32 14 47 42 6 30 49 43 16 34 28 2 46 29 38 25 15 24 50 7 26 17 13 22 40 36 44 3 21 0 20 1 51 37 9 19 8 18 41 4 48 11
6 4 18 11 42 23 50 5 19 20 7 51 30 21 27 2 37 10 41 46 22 36 26 25 14 31 1 24 17 28 43 8 48 47 16 15 40 12 39 33 34 49 38 45 9 35 13 29 0 32 44 3
42 45 24 40 47 46 13 29 22 36 48 8 49 30 21 44 50 38 34 3 51 5 23 31 17 11 15 41 25 32 26 9 0 16 2 43 33 19 28 12 37 6 18 27 7 14 10 1 4 35 20 39
19 38 26 7 13 30 4 6 28 49 39 1 29 51 23 46 42 43 21 17 9 33 11 32 15 14 27 3 5 48 31 35 45 18 22 10 44 34 16 50 36 40 41 25 0 24 47 8 2 12 20 37
31 30 42 50 46 29 12 5 38 40 43 13 23 16 18 37 21 44 2 41 15 24 33 36 3 22 25 26 32 10 28 1 8 17 48 45 19 39 51 35 34 49 20 47 4 14 0 11 9 7 27 6
18 42 34 43 11 10 5 17 49 19 0 1 7 50 4 29 12 23 8 9 40 35 6 44 45 21 3 39 20 16 27 47 32 37 26 33 13 24 48 31 25 38 22 28 14 46 41 51 36 2 15 30
7 26 34 8 40 36 50 15 38 51 30 13 16 5 0 39 12 22 14 10 45 41 28 42 35 32 4 46 49 6 21 3 17 1 23 9 31 43 20 2 11 37 27 44 19 47 48 18 24 33 25 29
7 48 6 23 51 26 34 19 25 32 42 11 20 45 38 0 37 21 8 31 4 12 1 24 13 10 33 46 39 40 14 3 29 27 28 2 41 36 50 44 18 30 17 49 35 5 47 15 9 43 22 16
38 9 17 30 36 33 19 0 49 40 37 24 34 21 43 42 31 50 11 48 26 12 27 29 15 51 4 35 32 39 5 25 3 46 10 22 14 8 41 45 2 1 7 16 44 18 28 6 47 23 13 20
24 2 6 25 32 7 30 0 45 20 29 28 23 18 11 13 17 37 42 1 12 41 9 3 35 27 31 50 26 38 49 34 48 22 40 47 44 16 39 10 15 51 46 8 14 19 43 5 21 36 33 4
18 51 9 0 22 5 17 25 47 45 6 26 29 39 23 41 2 15 33 43 12 7 13 21 40 48 20 4 35 38 50 11 36 1 24 32 14 31 8 37 34 30 46 10 28 49 42 44 3 16 27 19
6 29 23 46 30 17 1 12 45 26 31 18 50 0 19 51 15 22 3 28 43 36 21 5 42 41 24 27 44 14 48 40 35 11 10 2 49 37 47 33 9 16 39 34 7 25 38 20 32 4 13 8
51 31 42 8 45 3 40 23 24 10 6 43 37 25 48 13 21 0 50 7 33 38 44 2 18 35 49 46 28 14 26 27 39 17 30 4 16 20 15 41 9 11 34 5 12 47 19 29 1 36 32 22
42 37 22 34 40 38 4 9 39 14 18 46 25 50 17 12 8 23 45 21 10 27 1 6 7 16 11 26 29 28 5 15 32 44 36 47 3 43 19 30 49 13 24 35 31 41 33 48 20 0 51 2
3 9 50 24 40 38 41 35 11 37 31 18 10 28 43 33 29 44 14 5 45 46 48 21 0 20 32 49 47 17 15 36 34 42 22 23 1 51 13 7 2 39 12 30 27 25 26 6 8 16 4 19
2 28 36 25 19 11 8 15 49 26 5 10 34 31 41 37 21 20 43 14 51 38 32 46 23 1 40 47 35 22 33 6 44 18 7 0 9 30 16 3 45 50 4 17 12 27 48 39 42 24 29 13
19 42 35 10 15 31 12 22 2 29 49 20 38 25 6 50 9 23 17 8 14 44 33 37 40 36 51 39 1 21 48 45 26 27 13 5 7 3 47 34 16 32 41 0 18 46 28 11 24 30 43 4
38 34 2 13 41 10 18 8 28 19 1 11 33 6 35 22 51 5 40 48 31 47 46 32 24 9 3 17 37 50 49 0 12 25 15 27 29 20 44 39 43 16 26 4 23 7 45 14 42 30 36 21
10 27 0 3 34 45 30 37 16 12 8 47 13 17 48 35 24 4 50 2 15 9 25 20 40 19 49 42 31 29 39 36 23 5 33 7 6 11 21 43 1 51 44 14 38 22 32 41 28 46 18 26
19 44 40 11 15 50 27 16 4 25 9 37 3 29 7 38 17 2 6 23 47 34 42 51 49 48 14 31 12 35 13 22 36 24 0 10 33 8 28 18 46 21 39 26 41 43 20 5 30 32 45 1
8 20 23 13 34 19 36 0 51 40 10 12 1 14 33 26 16 30 49 4 25 35 22 42 28 43 44 46 41 5 21 45 15 2 3 11 37 18 29 50 32 48 38 27 17 7 9 24 31 47 39 6
8 38 9 16 2 45 4 31 13 19 27 34 10 18 21 46 6 30 32 28 36 24 1 17 0 33 12 22 20 15 50 3 39 49 5 44 35 47 14 37 7 26 42 51 11 48 29 40 25 41 23 43
27 5 11 18 31 12 30 1 33 19 26 49 37 21 28 20 6 22 42 13 46 34 3 2 24 32 45 15 51 7 44 0 14 39 36 9 29 40 38 48 41 17 10 4 25 35 8 47 23 16 43 50
34 17 38 36 16 20 48 26 8 21 29 44 30 43 25 33 3 23 18 41 7 24 49 45 9 12 35 27 15 0 14 5 37 1 13 50 39 10 19 42 32 28 31 46 2 6 51 22 4 40 11 47
7 22 44 18 39 34 43 5 17 0 6 12 29 32 33 9 19 51 50 15 24 23 42 21 37 28 11 25 13 20 4 30 27 48 8 45 35 36 46 26 49 10 2 47 3 31 16 40 41 14 1 38
40 21 30 38 5 29 18 6 13 7 44 19 0 35 15 33 24 45 32 23 48 49 46 20 17 27 51 39 9 37 11 10 2 50 25 34 14 4 31 36 41 26 1 28 22 16 12 3 42 8 43 47
24 18 4 25 42 2 40 46 3 44 6 16 14 33 9 10 17 0 12 13 27 51 26 29 23 32 50 11 28 35 7 49 5 19 41 37 15 39 38 1 22 47 43 45 8 30 31 34 36 21 20 48
20 24 49 3 8 27 5 1 4 51 43 45 30 11 22 38 0 42 13 46 15 39 40 28 18 14 9 44 2 47 7 25 48 26 41 50 23 34 10 16 31 6 12 17 35 33 36 37 29 19 21 32
26 38 40 14 9 6 18 13 27 23 46 5 25 32 39 12 8 37 15 0 36 47 45 7 35 51 28 43 41 1 31 48 42 50 10 33 49 22 4 19 44 21 30 29 11 24 2 17 16 34 3 20
12 0 26 28 47 15 32 37 14 36 21 35 30 46 8 48 24 6 17 23 22 10 16 18 49 42 1 5 19 13 27 38 45 34 2 31 39 11 7 9 4 40 44 50 25 43 41 29 20 3 51 33
