18 38 48 20 5 49 50 14 44 34 36 45 46 17 1 6 4 12 8 26 32 43 42 2 28 24 29 25 40 22 7 30 39 10 35 31 41 13 11 0 51 21 15 19 27 37 16 33 47 23 3 9
40 2 1 17 26 45 25 50 18 34 44 10 32 49 7 30 20 28 42 41 4 0 11 3 38 9 6 5 31 15 33 29 22 51 36 8 39 47 21 13 12 19 46 27 24 35 23 16 14 43 48 37
12 49 46 30 43 17 11 35 34 21 14 28 10 15 41 0 29 5 48 33 47 42 36 9 25 23 20 40 45 6 24 7 16 27 26 13 31 8 44 51 50 3 2 38 22 37 1 39 18 19 32 4
17 29 3 14 33 42 34 7 43 16 38 44 1 40 28 35 13 39 9 6 8 23 50 12 5 21 48 27 26 31 18 36 51 32 30 15 2 10 25 37 11 24 20 47 45 46 22 41 0 4 19 49
44 30 21 15 12 18 1 25 17 9 13 28 47 46 10 7 51 6 11 0 48 37 16 24 33 40 39 19 27 3 26 34 2 20 31 8 38 42 23 5 50 29 35 49 32 14 22 4 36 43 45 41
12 36 15 44 20 26 37 6 35 17 48 24 3 23 2 40 19 1 10 39 51 47 38 25 16 29 5 11 9 4 27 0 13 14 50 31 49 46 21 45 43 22 28 42 8 7 18 41 34 33 32 30
41 6 32 39 22 24 27 47 10 19 45 8 31 17 44 12 9 40 42 20 34 46 18 37 30 23 21 25 29 49 2 26 36 28 50 14 51 3 38 33 11 13 35 43 0 5 48 16 7 15 4 1
44 34 23 36 24 32 35 21 50 49 31 17 40 7 46 42 13 0 47 16 37 12 27 18 15 1 38 9 30 33 8 48 20 5 6 39 43 26 14 29 25 41 4 51 19 3 2 22 11 45 10 28
17 11 26 47 41 43 2 6 39 42 12 51 25 44 8 34 46 37 29 38 33 30 45 49 9 35 50 48 20 13 22 15 31 23 19 36 21 32 28 10 0 4 7 14 3 18 40 24 27 1 16 5
48 19 16 17 3 49 2 33 23 31 18 10 0 42 12 47 20 44 32 6 45 24 25 4 27 26 39 46 9 30 34 1 41 15 40 36 5 22 28 14 13 43 11 50 51 7 38 37 8 21 29 35
15 26 12 42 25 41 7 27 22 29 33 23 43 6 13 32 10 3 5 2 47 34 28 14 16 40 48 0 30 1 49 36 46 37 17 24 19 9 44 45 8 31 38 11 20 39 21 50 18 35 51 4
3 0 14 24 30 21 18 23 29 47 13 38 1 41 27 35 32 16 4 40 19 22 11 6 25 7 31 42 8 33 39 45 49 34 48 20 2 37 51 10 28 44 9 15 17 36 26 5 50 43 46 12
49 34 4 6 13 35 3 39 22 18 51 5 38 23 20 25 8 41 42 46 44 10 0 43 16 28 40 11 27 19 26 24 50 47 30 31 48 29 1 15 36 33 2 45 32 37 9 7 17 14 21 12
37 12 43 22 32 26 5 49 40 23 34 30 0 42 1 20 51 44 25 9 33 7 2 50 45 29 8 36 10 13 15 4 14 11 38 41 3 18 17 47 35 46 48 27 39 21 6 16 28 24 19 31
12 14 42 39 30 31 11 41 48 37 32 19 29 23 6 3 10 15 0 46 47 45 34 49 40 43 17 38 22 5 1 28 44 36 8 2 27 16 33 18 21 25 4 50 26 20 35 13 7 51 9 24
31 24 26 14 37 23 0 20 1 7 6 32 5 18 15 36 3 48 10 41 30 19 43 12 4 8 50 42 40 44 47 25 2 29 34 51 38 21 28 9 16 49 46 35 33 27 39 22 17 13 45 11
18 13 22 24 27 29 43 16 19 38 4 15 35 10 34 51 1 50 42 30 23 21 20 26 14 40 12 2 36 46 9 7 5 3 44 37 28 45 48 17 33 6 47 11 49 41 39 25 31 32 0 8
8 47 3 50 21 16 42 7 51 35 41 24 1 33 36 39 31 34 13 14 32 40 19 43 11 5 2 23 44 12 26 38 15 49 6 37 25 48 29 4 0 18 22 17 46 45 28 10 30 9 27 20
12 3 45 36 10 20 42 6 7 19 47 44 41 32 13 0 23 30 46 5 9 4 15 25 1 34 24 37 35 8 38 22 28 51 29 31 14 18 21 40 27 2 16 11 26 48 43 33 17 50 39 49
27 22 18 44 2 21 34 48 3 40 47 16 20 26 8 14 23 15 10 0 29 42 41 45 12 35 33 11 7 38 9 43 36 5 46 32 51 37 39 50 1 6 49 25 31 19 28 30 13 4 24 17
16 7 37 29 17 46 4 18 19 50 34 13 26 2 42 45 49 14 48 23 31 38 10 21 39 5 6 20 44 40 32 15 43 22 33 28 41 35 0 30 3 9 1 25 12 11 36 47 8 24 51 27
45 7 13 29 23 6 43 25 11 34 18 5 38 40 30 20 0 37 2 47 19 31 24 21 51 35 16 39 15 4 50 26 10 27 28 3 22 9 33 36 32 12 1 14 8 44 48 49 46 41 17 42
51 12 25 49 17 10 8 39 43 48 26 45 36 11 6 29 7 23 5 18 34 1 31 27 37 14 46 41 3 20 47 0 35 15 19 16 40 42 9 21 38 22 13 24 50 32 4 28 33 2 44 30
51 29 31 27 22 8 44 25 35 12 5 18 37 26 36 32 11 33 10 46 43 0 50 21 40 42 17 19 2 39 13 45 41 47 4 23 15 24 28 34 30 20 6 9 49 7 3 48 1 38 14 16
10 3 43 41 50 18 2 1 36 35 14 47 9 37 32 49 7 12 21 39 33 0 26 22 23 28 8 42 24 25 29 20 27 38 13 16 6 44 34 51 48 45 15 46 40 5 17 19 11 31 4 30
34 41 5 27 36 14 10 28 16 11 30 49 37 47 33 29 1 43 32 2 20 19 50 22 40 8 18 13 51 3 21 44 39 24 42 17 25 46 23 4 31 15 26 38 7 0 6 9 12 35 48 45
47 41 48 38 0 12 7 28 17 20 29 22 33 15 3 43 11 31 50 10 35 9 19 14 51 30 39 45 37 49 27 4 36 26 2 18 25 5 24 1 23 21 13 6 8 32 42 34 44 16 46 40
47 4 0 34 46 31 30 25 41 19 13 17 44 45 23 48 36 15 8 51 9 38 14 21 26 6 42 32 20 22 12 1 24 29 43 11 35 50 37 18 28 5 7 16 27 49 3 10 40 39 33 2
38 47 10 42 8 14 26 18 4 46 23 6 13 20 49 22 3 2 35 29 50 7 44 16 45 30 28 34 33 0 24 43 32 37 12 19 15 41 1 39 31 25 36 9 51 17 5 48 27 40 11 21
3 2 36 25 14 24 47 15 43 13 45 31 29 26 33 11 12 48 32 41 22 18 35 5 1 21 28 9 23 44 10 46 20 30 49 50 42 19 7 17 0 8 40 38 37 27 16 34 39 6 4 51
18 35 11 24 8 14 48 16 29 1 0 22 10 6 37 26 17 19 40 41 23 25 4 46 34 31 7 50 12 5 51 47 15 28 42 49 33 2 9 13 27 43 3 38 39 30 44 21 32 36 20 45
35 18 2 5 28 51 4 9 34 42 32 47 41 40 31 0 48 38 50 3 46 49 15 7 14 25 36 16 1 19 29 45 43 11 33 10 24 6 23 12 20 8 17 30 13 22 26 21 37 27 44 39
31 6 4 50 32 41 11 18 10 12 30 17 16 24 26 20 8 5 49 14 43 34 1 0 38 2 15 47 27 7 3 36 21 35 42 13 48 25 46 22 19 51 33 28 40 29 37 23 45 44 9 39
9 2 18 43 5 31 44 41 35 7 12 50 19 22 46 23 4 45 11 24 10 39 37 25 48 40 32 0 49 8 47 1 16 26 38 27 20 51 28 30 34 3 33 6 14 17 42 29 21 13 36 15
9 18 11 10 25 47 27 26 8 35 40 23 51 20 28 45 50 13 5 1 44 37 15 36 33 16 49 32 6 7 22 34 14 41 3 48 30 42 39 46 4 21 2 0 38 17 29 31 24 12 19 43
17 42 41 1 38 26 34 24 31 7 6 51 40 19 0 10 21 20 14 35 46 13 45 27 50 12 47 22 44 30 11 18 25 29 5 36 49 43 9 8 37 28 48 15 33 23 39 16 4 32 3 2
38 37 12 7 44 0 43 39 51 49 30 31 33 2 48 45 3 24 9 34 50 46 28 19 11 40 5 22 17 23 41 4 32 14 25 26 47 6 15 20 29 13 21 36 35 18 10 8 27 1 42 16
17 7 19 43 4 24 38 41 6 33 29 35 30 48 46 15 27 49 14 37 12 44 42 25 16 50 23 8 1 20 36 10 28 40 0 21 13 32 51 11 2 26 31 5 34 47 22 45 9 39 3 18
2 25 35 17 51 26 29 32 10 0 46 41 9 27 30 43 8 37 3 45 49 12 44 5 24 11 15 28 1 23 7 34 40 42 50 33 20 48 31 47 22 39 38 13 18 19 21 36 6 4 16 14
40 30 35 16 9 2 34 17 26 49 50 15 19 29 39 37 13 51 36 23 22 46 18 6 7 31 32 12 1 24 5 4 41 47 42 43 28 21 10 0 14 44 38 27 45 3 33 11 8 20 48 25
25 9 41 22 15 48 27 37 11 46 26 8 43 39 20 38 12 1 30 6 23 29 3 33 19 17 13 44 14 40 35 7 24 42 51 16 0 5 45 47 21 10 36 32 34 31 28 49 50 18 4 2
19 36 1 13 49 41 16 20 3 28 32 40 44 7 29 9 8 14 22 42 30 4 25 50 10 12 43 18 21 17 51 6 5 23 26 47 31 48 38 37 27 0 11 33 34 39 15 24 35 46 2 45
21 35 13 25 1 41 11 4 37 16 33 32 2 3 31 8 23 51 30 43 47 5 19 24 36 7 40 18 34 10 15 38 6 26 48 20 49 9 14 17 39 29 42 28 44 27 22 12 46 50 45 0
35 36 38 22 34 26 14 50 11 37 24 43 39 44 25 46 3 20 47 31 13 41 49 12 5 51 16 17 32 33 21 30 19 1 15 28 10 9 7 18 29 48 4 6 0 40 45 2 8 42 23 27
36 45 42 38 12 5 28 2 14 34 0 35 11 39 30 18 20 33 19 8 37 29 7 22 40 13 50 4 48 21 31 1 43 27 41 44 6 32 9 15 25 26 3 46 47 16 10 23 51 17 49 24
31 2 12 21 26 46 49 24 20 44 0 37 39 9 18 34 40 15 35 50 6 13 30 7 28 3 42 17 23 51 33 43 8 16 4 48 25 19 41 5 14 38 1 36 45 10 32 47 29 22 27 11
14 8 34 22 15 36 27 37 2 6 11 26 42 10 24 21 51 40 3 25 9 28 16 39 50 20 31 4 13 12 45 49 33 41 23 5 19 43 32 18 17 29 35 1 38 48 0 30 7 46 47 44
38 23 26 44 7 27 14 19 30 31 10 36 4 32 43 0 18 48 25 8 37 20 17 21 50 35 6 47 39 16 22 11 46 1 9 24 45 15 28 51 2 3 41 49 40 5 12 42 33 29 13 34
9 34 24 33 36 0 40 29 50 46 39 16 31 41 13 21 43 45 51 12 23 35 25 20 26 11 19 8 15 6 30 38 4 42 47 18 27 10 48 32 49 14 5 7 22 1 37 17 28 44 2 3
23 22 38 4 27 17 50 24 29 28 2 36 13 44 45 12 43 1 40 26 21 32 14 30 41 47 3 46 6 9 11 34 19 37 0 49 8 16 42 39 18 33 31 35 20 15 25 7 10 5 51 48
0 7 51 39 25 17 46 15 41 37 44 36 18 1 49 26 43 13 45 31 23 9 19 33 22 42 38 10 35 2 29 11 8 5 28 34 6 16 4 14 50 32 40 12 20 30 27 48 21 24 47 3
1 38 13 9 40 32 42 14 19 23 48 15 47 18 49 30 44 34 17 35 50 21 12 27 36 45 6 51 28 41 16 24 4 3 0 33 11 43 46 5 29 22 31 8 26 20 37 7 10 39 25 2
10 0 33 43 34 3 22 5 13 14 17 4 50 32 2 39 44 7 35 20 18 28 12 16 29 25 26 49 8 11 1 45 31 30 24 36 40 6 27 38 46 47 19 21 41 23 15 48 9 51 37 42
12 19 24 51 40 33 45 22 15 10 3 2 41 35 4 39 30 49 36 29 42 32 1 11 18 26 44 9 21 34 5 8 50 16 7 43 20 37 31 14 25 48 28 47 46 6 0 13 27 23 38 17
13 27 6 7 50 14 24 11 19 12 0 37 46 30 39 47 16 41 34 51 49 42 44 3 35 25 23 5 10 29 8 33 31 48 21 38 40 15 22 45 26 1 4 36 43 9 17 2 28 18 20 32
33 11 3 16 12 27 28 21 31 35 47 19 42 29 24 45 7 10 17 44 49 18 25 26 43 41 37 39 32 0 6 8 48 20 9 4 36 13 15 1 2 22 30 23 40 51 50 34 46 5 38 14
36 35 44 3 2 16 19 15 39 23 31 50 33 0 51 4 18 45 41 22 40 48 9 1 8 47 38 29 30 14 26 27 20 5 13 11 32 43 24 6 37 21 12 28 49 25 17 7 42 34 46 10
6 11 28 20 42 19 1 12 0 45 10 13 14 7 22 32 39 29 23 37 8 44 50 38 21 26 3 5 33 16 43 25 40 41 47 24 36 34 30 15 46 18 2 49 4 51 35 27 48 31 9 17
29 47 48 49 31 21 24 41 42 43 15 20 11 25 50 32 6 36 40 28 34 46 22 45 7 30 35 4 33 5 18 19 17 1 2 23 26 38 3 44 9 37 39 14 0 51 16 10 12 8 13 27
49 16 40 1 9 18 11 12 19 26 13 28 33 41 30 20 46 5 43 51 7 24 21 10 32 44 25 36 23 38 39 34 29 8 4 48 35 0 37 22 42 14 27 15 45 6 47 31 3 2 17 50
9 47 40 13 11 45 44 16 15 35 19 2 3 37 29 1 24 12 21 27 26 17 33 50 34 5 22 39 30 46 14 10 48 6 43 23 7 36 41 28 4 0 8 49 18 42 20 31 51 25 38 32
3 27 24 48 15 28 14 4 38 34 8 30 21 6 13 42 47 2 44 51 32 23 29 7 33 49 5 10 22 50 41 9 26 40 37 39 36 16 11 17 46 0 1 35 19 20 18 12 45 31 25 43
17 47 45 30 5 19 34 10 49 51 38 35 15 27 44 4 29 24 33 11 0 9 39 31 23 48 50 26 14 21 46 18 7 43 12 32 42 22 37 25 6 3 13 8 2 20 28 1 36 41 16 40
24 26 48 45 8 39 5 19 30 28 44 41 13 49 18 27 7 11 46 16 20 47 1 50 21 32 35 43 51 42 34 3 2 31 25 0 4 36 14 6 29 15 10 23 22 40 33 12 17 38 9 37
10 21 22 41 31 20 46 45 3 39 13 8 40 1 33 38 19 6 12 36 14 26 42 16 18 51 30 23 0 48 24 34 37 28 50 4 11 7 27 9 32 49 47 17 35 43 5 29 44 2 15 25
11 44 46 16 24 15 36 40 23 31 3 19 1 12 39 50 51 13 32 35 27 25 22 48 45 8 5 4 38 47 20 21 33 10 14 28 42 18 26 30 9 34 2 41 17 37 49 29 6 7 0 43
17 36 43 19 49 15 32 31 42 8 5 16 4 11 18 29 3 46 22 44 50 7 47 26 34 2 39 45 0 20 35 40 48 23 21 14 33 12 27 41 38 30 24 9 10 1 37 51 13 25 6 28
51 39 17 34 35 44 48 24 42 14 8 0 20 22 2 10 31 49 9 4 46 27 25 15 38 6 12 36 11 47 18 37 40 28 3 30 16 21 43 13 50 7 5 23 45 29 19 26 33 41 32 1
34 2 14 11 3 4 16 10 28 20 23 35 36 33 38 12 39 8 22 31 13 47 32 51 27 30 29 26 25 45 48 49 0 40 7 41 18 42 46 50 9 43 17 6 44 21 37 5 19 15 24 1
24 29 49 11 26 34 20 47 36 31 8 38 45 33 16 14 51 27 22 48 19 3 25 43 44 39 37 17 42 35 12 1 40 32 46 5 2 21 18 13 41 9 15 0 6 23 4 28 50 30 7 10
22 46 24 18 8 17 3 50 37 26 12 13 38 51 25 7 14 29 28 36 11 34 45 35 41 27 31 43 40 9 6 1 23 19 44 47 20 48 49 4 10 0 42 30 39 5 15 21 16 2 33 32
29 1 33 24 32 8 26 39 16 44 13 36 43 25 27 38 19 23 37 40 42 35 21 14 22 2 17 41 15 12 50 10 6 20 28 3 45 46 48 30 34 11 4 49 7 31 5 9 18 0 51 47
37 27 39 0 9 13 1 6 23 51 14 17 33 46 45 15 30 47 48 7 44 12 28 38 26 29 42 18 19 22 3 20 21 50 10 43 49 36 16 31 34 40 5 8 25 2 24 32 4 41 35 11
21 2 48 11 19 8 27 28 9 51 43 38 32 1 30 25 18 22 7 5 23 31 15 36 34 40 39 24 16 14 50 13 12 33 42 4 44 20 17 45 41 6 37 0 46 49 3 29 35 26 47 10
40 36 38 29 7 43 48 41 45 10 28 31 8 19 15 27 16 13 44 20 39 17 2 42 34 23 46 49 4 26 1 30 9 14 18 0 50 51 21 24 22 6 25 12 35 11 33 37 3 32 5 47
6 13 18 21 16 4 41 49 17 23 46 2 7 25 27 14 43 36 29 34 47 10 12 19 28 37 44 24 9 1 3 35 31 26 20 33 39 40 8 48 11 15 22 50 32 42 38 45 5 0 51 30
38 28 15 0 13 31 27 1 51 16 12 35 49 34 21 50 48 37 8 40 45 25 41 30 26 33 10 22 17 20 42 24 6 3 7 36 32 9 19 2 39 14 29 11 46 18 43 4 44 5 23 47
11 40 27 51 20 23 47 5 14 39 9 16 50 48 2 45 44 18 29 43 46 33 7 26 1 30 0 42 28 34 24 38 41 36 19 35 10 15 32 22 37 8 21 12 4 3 17 6 25 31 13 49
24 15 16 47 37 36 42 6 20 31 21 30 17 8 35 50 41 27 33 5 29 2 13 32 28 39 51 19 9 22 1 44 10 11 45 23 0 46 26 18 12 49 3 38 4 43 40 14 25 48 34 7
20 32 34 28 0 10 45 19 35 5 21 49 42 11 43 26 2 18 50 51 48 7 31 46 41 38 36 40 24 33 3 1 29 17 16 14 27 6 8 9 23 22 12 37 39 25 47 13 4 30 44 15
21 23 20 7 30 49 27 19 13 24 11 15 38 22 37 3 12 25 46 10 43 28 17 0 26 44 6 47 41 31 39 8 2 9 48 35 45 42 34 18 16 40 4 32 33 51 1 29 50 14 36 5
23 14 8 22 24 36 5 10 20 13 45 28 41 1 29 39 0 25 40 30 7 34 46 6 42 44 4 48 15 31 26 2 12 21 16 17 37 47 18 50 35 51 38 33 9 43 3 27 11 49 32 19
26 29 46 10 18 27 12 51 24 22 33 49 39 47 16 0 40 13 32 9 4 19 15 6 3 34 42 50 5 44 45 14 37 25 36 31 28 1 11 38 48 43 41 20 23 21 35 30 2 7 8 17
15 46 29 8 32 19 39 12 20 40 9 26 4 36 24 22 47 0 51 17 13 7 1 5 23 33 49 31 14 43 11 18 48 16 3 41 50 28 38 21 6 44 34 45 10 25 30 42 37 35 27 2
51 20 24 26 12 16 35 40 49 9 39 8 13 2 48 23 21 1 44 11 34 37 6 45 46 27 7 17 22 36 31 14 4 19 10 15 3 42 29 47 33 30 38 43 25 0 28 5 50 41 18 32
41 43 27 3 32 13 25 30 29 1 2 37 20 38 49 33 22 46 11 7 0 50 39 17 21 51 12 16 47 10 40 6 35 24 28 31 36 48 42 19 26 18 5 45 34 15 23 8 14 4 44 9
36 12 0 29 20 42 26 49 21 39 51 3 16 34 8 22 9 11 32 19 18 44 43 47 45 30 35 33 50 17 13 23 4 28 1 37 10 48 5 40 24 14 25 6 41 7 15 38 2 27 31 46
15 47 1 13 22 26 39 49 38 35 5 8 7 37 27 29 31 11 51 20 19 21 23 44 0 43 6 41 36 48 9 34 45 10 42 30 40 32 3 14 33 17 12 46 18 2 16 25 28 4 24 50
24 27 42 49 0 9 50 31 20 32 1 28 21 11 39 6 46 5 47 33 10 22 23 43 3 4 12 38 8 7 51 41 26 16 2 18 36 37 17 30 35 48 19 15 13 25 14 40 44 45 29 34
22 38 25 45 8 11 48 21 3 18 41 47 34 51 9 14 42 16 10 4 29 40 1 30 0 46 5 36 6 27 43 28 20 50 33 44 17 2 26 24 35 15 12 19 32 13 23 49 39 7 31 37
42 39 38 16 12 15 1 51 36 9 14 6 33 2 28 44 50 23 25 32 18 47 40 0 8 30 43 48 21 34 49 37 10 11 7 4 3 26 20 46 41 27 22 5 31 45 24 29 17 13 35 19
16 17 25 48 0 24 4 10 46 23 45 44 18 22 8 14 49 28 30 36 21 6 51 37 35 1 13 40 9 7 29 5 34 38 39 31 3 33 42 32 19 27 12 50 20 41 26 43 15 11 47 2
13 3 27 1 25 21 16 37 8 15 35 20 47 39 6 46 41 48 42 38 43 22 31 12 44 9 30 14 28 45 36 51 23 4 0 19 32 5 24 7 34 18 11 33 50 10 2 17 49 29 26 40
42 36 49 41 37 1 9 32 46 38 51 50 6 19 16 21 47 8 0 18 34 29 13 27 17 31 45 33 24 4 15 30 25 40 43 22 35 14 26 11 20 5 39 3 10 7 23 12 28 2 44 48
14 27 32 44 5 1 9 13 16 26 24 4 43 8 19 10 39 40 30 51 38 46 33 21 15 20 0 49 45 34 37 2 28 47 17 29 3 6 41 7 50 48 31 12 35 18 23 11 42 25 36 22
41 0 20 21 33 37 45 31 26 9 39 42 36 23 15 6 32 19 11 35 30 25 49 28 48 8 43 17 5 40 22 46 44 4 27 34 10 50 14 12 38 2 3 16 13 47 51 18 29 24 7 1
7 22 41 19 30 27 44 31 49 21 37 45 47 34 33 18 6 50 25 23 38 2 32 42 40 11 17 43 35 24 1 48 0 15 12 10 14 3 46 51 13 4 36 20 16 29 9 8 5 28 39 26
20 12 7 11 14 34 45 43 48 51 3 32 5 46 27 36 41 37 17 9 26 23 25 28 18 33 1 39 13 21 31 15 38 0 22 6 4 30 8 19 24 42 50 2 10 49 16 47 40 29 44 35
39 31 41 16 42 5 30 26 20 10 50 7 23 11 12 9 51 35 40 29 32 38 27 22 46 43 2 1 3 44 17 18 21 36 49 45 33 28 8 0 24 25 13 6 34 15 48 37 19 47 14 4
29 49 21 27 50 1 8 32 48 18 46 28 13 31 17 39 26 33 30 0 16 35 44 45 22 40 5 24 37 25 23 43 9 51 20 34 7 11 10 38 42 3 36 47 12 19 41 4 15 2 6 14
