8 49 3 47 5 36 7 29 25 31 10 32 6 14 27 21 40 19 18 4 44 42 1 22 23 0 37 38 45 35 30 20 2 9 13 24 48 41 46 12 17 33 15 34 39 26 43 11 28 51 16 50
36 41 10 27 49 44 1 19 21 0 17 37 13 28 48 14 15 39 5 22 18 6 29 40 20 8 30 25 3 50 35 51 46 45 47 9 32 26 23 4 31 7 11 33 43 24 12 16 34 2 38 42
51 12 40 6 21 0 50 28 17 25 42 4 20 32 38 34 37 9 48 45 16 27 33 2 39 22 23 14 19 3 26 29 31 10 43 1 41 49 18 15 8 46 24 5 35 7 44 11 47 13 36 30
25 44 21 17 11 33 8 27 18 10 49 6 50 47 7 43 0 3 9 39 29 42 37 41 16 15 4 28 23 13 48 32 35 38 20 1 24 45 46 31 5 34 51 14 36 26 12 22 19 40 2 30
4 35 36 24 25 41 3 1 23 10 7 37 44 51 18 17 45 28 34 39 12 22 11 0 49 20 13 42 19 6 31 14 9 29 16 15 30 48 26 27 21 47 32 38 40 2 43 33 8 50 5 46
45 21 48 43 5 50 33 44 26 51 23 7 27 46 15 3 14 18 41 12 0 11 40 28 32 35 24 9 20 37 13 19 31 22 34 29 39 17 1 4 8 16 2 49 30 42 6 38 47 25 10 36
10 14 13 49 51 1 39 40 2 34 9 12 18 22 31 35 27 45 15 37 21 25 0 29 7 3 17 16 48 4 5 30 38 8 28 23 50 44 47 20 24 36 43 33 19 32 42 11 26 6 41 46
37 23 39 33 8 40 26 34 25 30 22 15 45 47 18 38 14 27 19 24 13 41 11 29 5 17 31 43 51 49 1 35 42 36 6 48 12 50 0 2 16 46 32 44 10 20 3 21 4 7 28 9
31 16 24 22 15 9 30 32 4 41 7 33 23 36 37 50 11 34 40 17 21 46 8 42 5 47 12 38 20 14 19 39 6 26 29 10 25 13 49 18 43 2 28 1 27 3 44 48 45 51 0 35
49 29 35 15 5 17 48 43 9 6 47 3 37 38 18 10 24 51 25 26 11 44 27 2 21 16 1 14 4 45 22 7 40 20 50 30 41 23 8 33 31 0 28 19 39 36 12 42 46 13 32 34
11 33 51 15 8 2 7 26 16 0 9 28 37 31 18 5 20 27 46 39 25 1 4 36 12 38 14 43 24 34 23 13 41 3 22 17 30 47 6 42 29 49 21 10 45 40 48 35 32 50 19 44
46 6 0 50 14 31 2 1 10 3 30 37 48 39 45 42 22 25 41 28 15 7 8 13 38 43 27 12 18 5 49 9 51 35 40 34 11 23 21 19 29 16 20 32 4 26 36 17 44 24 47 33
23 7 50 34 37 27 17 2 28 4 22 6 15 38 42 44 49 13 16 18 26 46 3 51 35 31 9 8 12 48 39 10 32 20 29 36 21 41 1 25 33 24 47 0 5 40 43 14 19 45 11 30
10 9 37 50 17 12 38 7 0 22 48 20 13 42 11 21 45 5 32 31 24 2 26 19 33 44 39 46 3 6 18 8 29 30 47 49 41 23 14 16 27 36 15 1 43 40 28 4 34 51 35 25
48 7 32 43 33 17 18 23 19 22 42 51 5 13 10 44 8 15 46 47 36 0 28 21 41 35 40 37 34 12 14 39 45 9 49 38 29 31 30 25 50 4 24 27 16 1 20 6 2 11 26 3
5 20 32 33 45 19 0 2 24 27 37 48 25 8 38 13 49 47 29 31 46 12 11 4 1 14 22 15 44 34 3 16 36 40 42 39 23 50 35 43 18 51 26 10 41 21 30 28 6 7 17 9
18 32 28 16 12 48 7 30 1 29 45 24 8 13 35 4 23 41 40 37 11 15 39 10 21 33 34 25 22 17 19 46 50 49 5 42 26 43 31 0 27 2 36 14 47 9 6 51 20 38 44 3
42 26 6 38 21 2 51 3 37 10 19 35 40 36 16 9 23 32 24 1 8 25 0 20 45 13 14 17 29 48 22 43 49 18 27 4 44 28 47 30 5 11 31 7 39 50 33 12 15 41 34 46
17 38 26 18 15 46 43 33 12 3 40 4 39 19 9 8 29 45 7 36 34 28 14 13 49 0 23 24 22 30 6 41 44 50 1 2 51 37 21 35 25 10 32 11 20 16 31 48 42 5 47 27
11 42 7 29 38 22 24 33 6 44 31 2 4 36 49 48 0 46 17 12 41 27 5 25 20 50 40 21 9 51 39 19 1 18 47 43 23 30 13 8 10 16 28 26 15 14 34 35 37 32 3 45
49 28 43 7 48 9 44 14 20 25 5 45 50 2 34 18 37 3 36 6 46 17 1 24 16 33 10 32 40 23 35 27 13 0 31 30 12 47 42 51 21 15 4 38 29 41 19 26 11 22 39 8
15 27 4 11 21 7 39 1 33 6 20 45 9 44 40 38 37 32 18 34 43 5 30 10 28 25 49 51 24 0 22 14 48 8 2 42 29 3 12 47 26 46 23 36 13 41 50 31 35 16 19 17
30 21 24 27 8 15 45 7 47 9 44 12 49 51 37 33 28 20 13 10 1 29 5 6 3 19 48 25 23 35 4 2 32 0 34 17 11 46 31 43 22 18 50 42 26 39 16 14 38 41 40 36
48 29 45 41 5 51 43 3 11 33 47 30 20 19 0 6 4 44 18 38 1 16 49 17 15 36 21 39 12 46 40 10 25 34 8 9 23 7 22 24 27 31 32 35 2 37 28 42 50 13 14 26
50 12 7 49 2 34 30 5 13 37 19 8 51 32 18 21 41 42 45 47 23 4 17 3 38 44 15 27 16 25 14 40 11 24 10 9 0 36 20 29 46 26 22 1 48 35 28 31 39 33 6 43
48 21 5 16 38 33 18 25 47 32 49 40 14 51 8 2 30 45 9 12 35 17 39 7 29 3 13 1 0 19 46 22 6 44 26 11 42 4 20 24 43 41 23 28 37 15 50 34 36 31 27 10
0 18 44 35 43 31 22 24 13 50 40 32 46 8 49 45 30 7 34 19 10 47 5 2 11 39 48 12 27 15 14 17 29 41 23 6 37 21 51 26 33 9 16 42 4 1 20 25 28 3 36 38
6 10 16 37 50 11 17 3 47 32 40 38 7 1 30 19 36 43 45 31 39 25 35 21 22 44 46 41 14 12 33 26 24 18 15 27 48 49 8 29 4 28 20 13 42 0 9 23 5 2 34 51
7 16 5 2 19 20 47 50 23 51 26 45 49 18 33 24 34 27 42 11 15 31 13 43 8 48 32 22 14 40 25 17 3 38 1 21 4 6 44 41 28 37 9 29 12 36 10 0 46 30 39 35
34 19 2 49 43 40 23 25 18 3 5 7 36 48 15 47 28 30 20 39 46 4 17 45 26 41 1 42 13 27 11 6 22 8 44 9 0 12 50 16 29 37 10 51 38 24 33 32 31 21 14 35
11 35 16 31 46 45 14 42 13 17 33 50 39 19 44 27 2 26 34 8 32 37 21 15 40 51 36 5 29 22 12 43 23 30 6 49 24 1 41 28 25 4 0 9 47 20 7 48 18 10 3 38
24 46 20 41 51 16 44 15 33 50 39 11 36 38 3 35 17 25 42 26 23 1 49 6 4 14 28 47 2 18 9 12 34 48 31 8 19 7 29 5 37 22 40 32 13 45 0 27 43 21 10 30
35 7 14 39 15 10 18 11 43 2 13 16 37 25 24 51 23 5 6 46 22 31 28 47 3 41 48 32 17 9 27 19 0 34 38 21 29 45 8 33 20 40 30 44 26 36 1 49 50 4 42 12
7 24 50 0 23 32 31 22 44 19 28 26 47 48 46 6 8 39 37 14 18 1 9 5 51 15 45 10 25 40 43 11 27 30 12 13 20 38 33 2 16 17 3 49 41 4 35 42 36 21 29 34
17 39 50 21 6 11 42 15 22 31 13 9 1 10 36 51 35 5 29 41 32 20 40 0 14 38 37 49 4 30 43 44 23 12 28 33 46 26 47 27 45 19 24 3 48 7 2 16 18 25 8 34
2 33 18 40 30 41 23 15 29 21 24 4 51 45 35 16 42 17 6 31 44 48 27 39 9 50 43 7 38 12 1 5 11 26 22 25 14 3 32 8 20 10 28 34 47 49 0 46 19 13 36 37
28 45 6 7 2 44 49 15 37 33 5 27 0 50 48 20 41 8 26 34 31 47 18 51 1 10 32 4 13 38 3 39 12 35 24 9 22 25 14 43 29 23 46 16 42 30 17 11 19 21 36 40
45 43 37 12 15 47 35 49 31 39 18 22 2 23 38 34 36 7 0 14 44 19 27 21 26 11 25 40 17 50 13 46 42 32 16 8 28 4 6 10 24 29 1 51 41 3 48 5 33 20 30 9
42 27 46 22 7 8 3 44 24 6 21 49 50 17 4 19 5 51 41 10 37 48 33 18 40 43 38 25 39 35 1 9 23 20 12 14 31 16 15 34 32 13 11 0 47 28 36 29 2 30 26 45
0 31 6 27 35 10 33 1 29 48 50 45 39 18 11 15 7 25 30 21 23 17 36 37 4 20 24 12 2 28 43 47 14 19 44 41 9 49 51 46 8 40 26 5 13 16 34 3 38 22 42 32
38 48 41 43 44 6 40 15 28 37 31 50 45 51 12 24 26 8 33 19 36 22 30 16 21 25 34 9 13 5 42 46 4 11 29 10 35 14 3 7 1 32 0 20 2 17 49 39 27 18 23 47
35 25 6 32 43 48 36 40 30 33 2 18 37 39 28 45 49 13 50 3 10 38 8 7 46 31 21 5 24 22 20 29 4 23 47 0 44 17 19 15 26 16 11 34 27 14 12 1 41 9 42 51
19 1 50 47 7 32 0 12 3 16 15 44 42 51 22 29 38 36 39 4 49 41 2 34 40 9 46 10 11 45 35 33 31 8 5 27 23 18 14 43 20 25 24 21 26 48 30 13 6 37 17 28
15 31 39 33 2 43 8 17 13 48 32 16 37 4 0 14 36 24 12 11 7 26 44 9 41 19 20 21 29 3 1 49 23 38 22 5 51 27 50 25 28 18 47 35 46 40 45 34 6 30 42 10
7 20 36 6 22 32 48 21 23 19 3 30 35 50 31 46 12 10 11 17 2 49 9 1 41 42 5 38 51 37 44 14 34 25 4 13 15 26 43 0 27 47 29 24 16 45 18 28 39 8 40 33
51 3 26 25 22 33 18 50 8 44 39 34 30 38 7 41 42 6 32 13 17 43 1 46 2 21 14 47 9 20 28 19 0 45 36 49 16 5 4 23 10 12 31 24 27 37 15 11 48 35 29 40
43 34 35 4 12 19 36 39 46 2 10 28 45 41 29 15 8 23 21 25 3 42 7 40 27 31 51 9 50 14 17 37 18 24 30 26 1 48 33 38 20 22 5 49 44 32 6 11 13 0 47 16
1 45 8 6 48 30 51 11 42 26 29 44 28 38 41 9 23 27 13 22 46 14 7 19 25 24 43 10 37 34 20 16 47 4 17 35 32 39 21 50 3 40 36 5 0 49 12 15 2 18 33 31
23 40 26 28 18 3 47 33 22 50 35 36 4 30 20 13 27 38 41 14 19 32 29 8 44 42 48 43 10 17 5 37 45 51 1 21 24 46 9 16 12 34 11 0 2 31 49 6 15 39 25 7
0 17 28 41 13 9 51 14 46 39 33 11 7 30 36 23 10 50 37 32 4 1 38 49 6 12 44 42 45 47 15 43 31 26 5 16 27 24 2 3 29 20 19 35 25 40 48 21 8 22 34 18
8 6 48 5 51 49 15 45 10 19 47 9 14 27 36 34 38 17 20 23 30 31 16 0 41 7 25 4 44 26 43 13 18 32 11 29 50 1 3 37 35 42 22 2 39 33 21 12 40 46 28 24
41 36 23 38 3 48 11 9 4 51 25 14 20 33 29 16 27 22 35 37 26 8 32 17 7 28 50 6 42 49 43 30 13 45 10 46 5 21 24 12 18 2 15 31 19 0 39 1 44 47 34 40
10 41 21 43 8 9 45 38 24 12 11 6 20 13 50 26 15 33 4 39 5 37 49 46 32 44 2 48 31 19 25 18 36 35 34 3 51 1 30 23 47 22 40 7 42 16 0 17 28 14 29 27
51 19 0 6 10 3 28 49 26 31 2 36 42 9 47 12 48 22 24 35 44 45 8 33 17 14 25 15 27 41 7 18 5 1 20 39 43 40 32 29 11 50 38 13 37 34 16 21 23 4 30 46
39 46 19 27 32 6 20 42 26 16 29 25 21 49 48 38 37 44 51 35 45 10 13 7 0 41 8 22 30 17 28 34 11 14 23 1 43 18 33 15 24 40 12 5 2 4 3 50 9 36 31 47
32 25 0 1 36 50 22 28 46 24 21 7 14 35 37 43 6 41 29 44 18 30 26 47 15 2 8 20 4 3 48 16 19 5 34 10 42 31 45 17 12 9 33 39 40 13 49 27 23 38 51 11
51 38 29 37 12 21 18 6 5 31 16 50 0 17 22 48 20 23 28 40 24 1 26 46 14 2 33 39 36 30 44 4 10 45 41 8 19 32 42 15 47 11 25 3 43 49 35 34 9 7 13 27
21 38 39 4 23 31 33 43 15 20 45 8 6 40 24 26 34 32 44 30 51 41 19 25 28 13 46 29 9 48 5 12 18 17 16 1 10 7 3 2 50 0 27 49 35 22 14 37 36 11 47 42
29 50 19 16 15 0 21 18 36 32 2 40 42 1 39 14 30 5 24 13 35 46 41 37 17 31 6 26 34 20 3 43 33 38 25 51 4 12 44 10 27 28 48 7 9 8 23 22 11 45 47 49
10 28 38 25 16 34 47 1 37 15 8 41 3 29 19 27 6 22 36 40 12 13 20 49 24 18 9 31 11 21 43 50 46 14 30 4 42 17 26 44 7 45 2 5 51 33 0 48 39 35 32 23
42 39 5 50 49 36 13 14 34 16 31 7 2 25 27 0 43 29 45 23 46 8 35 38 40 51 12 19 47 4 6 20 28 41 3 26 17 10 32 33 11 1 48 22 37 21 44 30 15 18 9 24
11 13 35 34 16 1 32 22 37 46 41 28 18 47 43 36 14 10 33 17 51 5 19 26 7 31 38 40 6 49 15 50 24 4 9 25 48 20 21 8 42 45 29 3 39 44 30 0 2 27 23 12
3 23 30 44 35 40 22 46 8 26 7 1 41 20 4 0 39 33 12 51 2 38 18 28 31 17 36 6 25 32 48 47 15 13 29 45 43 49 50 16 21 14 19 24 42 9 10 27 5 37 11 34
2 17 44 0 23 43 19 37 16 24 32 27 42 51 22 20 30 14 7 48 39 25 40 13 50 6 47 45 41 9 8 15 29 1 5 46 4 26 28 35 49 11 12 31 10 36 21 34 38 3 18 33
1 22 8 40 50 11 36 31 38 3 23 16 24 44 10 14 46 35 33 41 43 32 13 20 0 34 48 2 15 21 28 39 4 17 51 9 29 47 42 7 18 6 12 19 27 37 5 26 30 25 45 49
45 16 39 43 12 51 2 37 35 23 3 48 50 6 28 40 42 41 17 22 24 30 49 4 8 7 26 36 21 0 19 32 34 11 14 9 33 46 1 31 29 5 38 27 10 13 18 25 15 47 20 44
24 39 51 0 41 8 22 20 43 29 50 48 49 40 27 16 19 42 9 3 33 37 14 4 28 13 36 35 30 15 2 25 32 26 1 38 10 11 7 44 5 23 45 46 18 47 21 17 34 6 12 31
36 19 12 11 16 29 50 4 2 13 1 10 31 30 15 28 41 42 33 47 3 46 24 7 40 8 9 45 39 22 48 5 0 32 37 26 49 18 43 51 25 44 27 38 35 17 34 14 20 6 23 21
46 2 33 37 16 15 30 29 34 20 9 51 8 40 6 50 17 25 38 7 41 21 47 36 31 45 1 43 19 0 44 22 12 3 4 14 23 49 13 24 5 28 26 39 18 27 32 42 48 35 11 10
15 6 44 37 16 11 14 17 46 48 24 12 45 38 29 19 5 34 2 25 3 40 22 30 33 21 35 50 43 28 4 31 13 32 42 10 20 8 36 41 7 18 26 49 51 27 9 23 1 47 0 39
46 19 0 17 21 18 41 27 5 34 20 42 2 44 10 12 37 3 50 25 24 32 23 31 47 43 11 45 28 6 38 7 15 16 1 9 39 33 22 30 4 14 51 26 49 35 48 29 36 40 13 8
0 20 43 7 15 30 27 5 17 41 22 16 6 25 4 46 45 34 47 38 21 18 36 33 42 12 10 9 8 40 2 35 48 23 3 49 31 37 24 19 50 32 14 44 39 26 13 51 11 29 1 28
44 34 47 2 9 8 31 23 43 49 46 12 39 5 11 17 7 51 42 33 35 13 32 24 20 1 30 27 21 15 29 4 50 10 45 28 16 38 40 3 37 22 25 18 26 48 6 19 14 41 0 36
31 24 3 6 25 46 51 39 35 11 4 28 40 22 50 33 37 48 20 8 5 16 49 42 10 14 21 9 7 34 2 27 19 45 36 12 43 23 1 0 30 44 17 26 15 32 18 29 41 13 47 38
36 26 47 32 11 37 6 13 42 15 43 20 49 12 9 0 10 7 45 33 51 2 41 18 50 46 1 29 22 44 5 35 21 39 30 3 14 40 38 4 23 16 24 34 31 27 17 8 19 48 25 28
49 10 28 44 30 45 37 38 40 26 18 36 25 0 34 27 50 41 19 16 32 35 43 3 6 2 4 24 11 48 23 9 12 42 21 33 22 47 31 5 8 20 1 46 17 15 7 13 39 14 29 51
14 51 34 19 24 6 0 27 44 46 12 3 7 47 1 10 5 37 26 20 45 43 9 18 13 17 33 42 38 25 16 2 15 50 36 22 21 28 29 30 23 40 35 32 11 41 39 4 8 48 49 31
51 2 33 40 9 46 23 34 35 39 12 15 1 50 22 10 24 0 31 27 11 3 43 25 28 49 6 19 18 20 26 47 29 36 41 4 42 37 21 38 44 30 32 13 48 14 5 45 17 16 8 7
48 35 51 10 18 8 29 26 2 15 33 24 14 32 41 4 40 30 20 28 46 21 27 43 31 44 23 13 50 16 22 12 3 0 37 36 7 25 17 9 6 42 19 47 49 39 1 11 38 34 5 45
7 2 32 27 44 30 46 20 38 29 36 35 26 43 0 51 24 37 17 14 33 47 45 13 18 31 28 8 11 5 15 50 22 39 3 19 6 25 9 23 4 42 1 21 10 12 40 41 48 16 49 34
22 43 29 41 37 45 9 13 44 0 10 28 38 6 4 34 18 42 46 3 49 27 15 33 8 50 48 30 11 26 36 35 5 20 39 21 31 16 7 1 51 40 32 23 2 25 24 14 47 17 12 19
5 19 2 39 40 26 11 0 32 51 45 42 41 21 8 48 9 17 24 34 43 25 29 6 12 16 33 31 47 35 10 4 7 23 37 49 13 18 14 46 28 38 50 22 44 1 15 36 27 3 20 30
12 31 19 7 35 27 23 24 50 39 34 6 42 28 30 14 11 33 38 13 22 25 32 9 41 8 10 47 2 43 3 5 26 1 4 16 18 46 48 37 29 45 21 20 40 51 17 44 36 15 0 49
43 32 8 19 38 22 36 1 30 4 51 25 45 40 10 50 12 6 26 33 37 16 15 35 44 5 28 24 9 31 18 17 0 20 3 42 13 23 46 49 14 27 21 34 2 11 39 7 29 47 48 41
51 50 4 24 48 1 26 46 33 8 39 37 12 34 41 9 22 5 23 29 38 15 32 20 16 3 10 11 25 42 27 35 43 47 30 13 18 14 45 6 36 0 31 28 17 40 49 44 19 7 21 2
45 32 11 3 42 4 13 47 20 40 41 46 36 25 7 6 43 17 51 10 28 29 14 9 31 22 34 50 2 12 18 26 23 39 16 48 1 5 30 24 33 15 35 21 19 27 8 0 49 38 44 37
11 43 40 22 12 25 2 42 50 28 36 23 32 14 45 4 24 19 44 29 46 48 7 20 9 51 31 33 8 0 47 38 17 26 34 39 15 18 21 16 10 30 6 3 37 41 35 1 13 49 5 27
32 47 28 2 37 0 23 14 29 33 26 1 20 39 25 44 41 38 48 10 30 3 34 24 21 22 35 50 46 19 17 36 7 13 31 40 9 16 5 27 18 6 43 42 11 8 4 51 45 49 12 15
29 15 46 44 12 36 19 9 6 45 3 23 26 13 18 37 47 31 50 8 38 41 22 33 1 4 49 10 39 30 11 14 21 34 42 28 7 35 43 48 51 17 2 40 16 20 25 32 24 5 0 27
28 22 30 34 5 14 7 25 38 48 23 9 6 1 32 27 8 31 39 51 50 12 17 45 16 29 0 46 36 15 49 13 3 35 2 41 24 43 44 20 11 47 42 40 18 19 21 26 10 4 37 33
39 49 15 25 47 28 40 31 2 4 1 17 21 7 19 48 36 11 45 50 30 20 13 22 34 26 0 12 3 42 41 37 6 8 35 18 9 16 14 46 32 51 29 43 23 38 33 24 5 44 10 27
11 51 29 23 9 34 19 48 41 16 21 32 25 6 10 38 15 3 46 44 13 37 17 5 40 28 35 49 27 30 2 20 43 4 33 18 50 14 31 8 22 42 7 39 45 0 47 36 12 24 26 1
17 40 31 43 13 44 21 33 51 39 24 16 36 38 19 22 27 25 23 47 14 10 49 50 3 7 37 46 2 30 42 28 48 41 18 34 35 0 45 12 5 4 20 1 15 32 26 6 9 8 11 29
35 23 30 1 14 9 18 48 22 49 10 6 34 24 33 37 11 20 51 36 12 44 32 29 39 50 13 43 46 16 21 17 15 27 19 0 4 38 28 41 40 42 5 8 7 45 31 47 25 2 26 3
25 43 50 16 41 7 20 35 23 38 1 4 44 51 32 40 18 46 22 0 48 29 30 2 28 39 27 26 11 49 37 21 12 14 9 5 6 34 47 36 10 13 8 24 33 31 42 19 15 45 3 17
46 32 6 31 1 17 39 22 50 3 8 15 36 35 37 38 28 34 42 26 44 40 5 45 4 24 7 19 41 33 48 9 29 21 16 47 10 20 13 12 49 18 0 30 25 11 43 2 27 23 51 14
43 16 20 10 22 7 5 26 49 24 11 2 44 39 51 15 36 23 1 8 9 37 25 28 27 29 34 41 18 4 48 46 47 42 33 50 40 12 14 19 38 45 3 6 31 35 13 21 17 32 30 0
13 25 23 39 36 50 19 28 44 17 12 15 33 26 31 46 40 51 9 35 34 30 21 45 10 5 32 14 47 2 0 24 3 27 48 1 4 8 37 49 29 42 6 11 20 22 18 38 43 7 16 41
46 36 43 13 21 26 27 49 37 8 4 41 3 22 31 39 44 25 47 18 24 51 23 35 28 6 34 5 0 42 19 1 15 11 29 33 48 32 40 14 16 50 45 12 9 2 10 7 17 38 20 30
33 23 47 16 46 5 22 31 39 12 30 2 8 27 50 10 32 49 51 37 15 26 21 9 35 34 4 43 11 36 7 1 38 6 45 24 42 40 28 17 0 29 18 41 14 20 19 3 48 25 13 44
