27 3 34 42 30 9 35 48 29 2 32 15 19 12 28 51 17 6 33 45 18 7 38 46 26 0 31 13 16 10 39 49 20 4 40 43 25 8 41 47 24 1 36 14 22 11 23 50 21 5 37 44
27 6 34 45 28 0 30 13 20 10 32 49 29 3 33 42 18 9 31 48 19 2 38 15 17 12 26 51 16 5 39 44 22 7 40 46 25 1 41 14 23 11 36 50 24 4 35 43 21 8 37 47
30 2 34 15 26 11 35 50 28 5 40 44 29 7 33 46 25 0 31 13 27 10 38 49 17 4 39 43 18 9 36 48 20 3 41 16 24 12 21 51 22 6 37 45 23 8 42 47 19 1 32 14
27 10 34 49 30 4 35 43 29 7 33 46 28 1 32 14 18 11 19 50 26 5 31 44 17 6 38 45 16 0 39 13 20 9 40 48 25 3 41 42 24 8 37 47 23 2 36 15 21 12 22 51
27 6 34 45 26 8 29 47 28 1 33 14 20 11 32 50 17 4 30 43 19 9 38 48 18 2 31 15 16 12 39 51 22 5 40 44 25 7 41 46 24 0 35 13 23 10 36 49 21 3 37 42
27 9 34 48 30 2 35 15 19 12 29 51 28 5 32 44 17 7 33 46 18 0 38 13 16 10 39 49 26 3 31 42 20 8 40 47 25 1 41 14 22 11 24 50 23 4 36 43 21 6 37 45
27 0 34 13 30 10 35 49 28 4 40 43 29 9 33 48 18 3 38 16 26 12 19 51 25 6 39 45 17 7 31 46 20 1 42 14 21 11 41 50 23 5 36 44 24 8 37 47 22 2 32 15
27 11 34 50 30 4 35 43 29 6 33 45 28 0 32 13 26 9 31 48 19 3 37 16 17 8 38 47 18 2 39 15 20 12 25 51 24 5 40 44 22 7 42 46 23 1 36 14 21 10 41 49
27 4 34 43 30 8 35 47 29 1 32 14 19 11 28 50 17 5 33 44 18 7 38 46 26 0 31 13 16 10 39 49 20 3 40 42 25 9 41 48 24 2 36 15 22 12 23 51 21 6 37 45
27 7 34 46 26 1 29 14 20 11 32 50 28 4 33 43 17 8 30 47 19 2 38 15 16 12 39 51 18 5 31 44 22 6 40 45 25 0 41 13 23 10 36 49 24 3 35 42 21 9 37 48
31 3 35 16 29 12 30 51 27 6 40 45 28 8 34 47 25 1 33 14 18 10 38 49 17 4 39 43 26 9 36 48 20 2 41 15 24 11 21 50 22 5 37 44 23 7 42 46 19 0 32 13
27 9 34 48 28 3 30 42 29 8 33 47 20 2 32 15 18 12 19 51 26 5 31 44 17 6 38 45 16 0 39 13 22 10 40 49 25 4 41 43 24 7 35 46 23 1 36 14 21 11 37 50
30 5 34 44 28 7 31 46 29 0 33 13 20 10 32 49 19 3 37 16 27 9 38 48 26 2 39 15 17 12 18 51 22 6 40 45 25 8 42 47 24 1 35 14 23 11 36 50 21 4 41 43
27 8 34 47 30 1 35 14 19 11 29 50 28 4 32 43 17 6 33 45 18 0 38 13 16 10 39 49 26 3 31 42 20 9 40 48 25 2 41 15 22 12 24 51 23 5 36 44 21 7 37 46
27 1 34 14 26 11 35 50 28 5 40 44 29 8 33 47 25 2 30 15 19 12 38 51 17 6 39 45 18 7 31 46 20 0 42 13 21 10 41 49 23 4 36 43 24 9 37 48 22 3 32 16
27 12 30 51 29 5 34 44 19 7 35 46 28 1 32 14 17 10 33 49 18 3 38 42 26 8 31 47 16 2 39 15 20 11 25 50 24 4 40 43 22 6 41 45 23 0 36 13 21 9 37 48
27 3 34 42 28 9 30 48 29 2 32 15 19 12 20 51 17 6 33 45 18 7 38 46 26 0 31 13 16 10 39 49 22 4 40 43 25 8 41 47 24 1 35 14 23 11 36 50 21 5 37 44
30 6 34 45 28 0 31 13 29 10 33 49 20 3 32 16 19 9 37 48 26 2 38 15 17 12 27 51 18 5 39 44 22 7 40 46 25 1 42 14 23 11 36 50 24 4 35 43 21 8 41 47
31 2 35 15 29 11 30 50 27 5 40 44 28 7 34 46 25 0 33 13 18 10 38 49 17 4 39 43 26 9 36 48 20 3 41 16 24 12 21 51 22 6 37 45 23 8 42 47 19 1 32 14
27 10 34 49 30 4 35 43 29 7 33 46 28 1 32 14 18 11 19 50 26 5 31 44 17 6 38 45 16 0 39 13 20 9 40 48 25 3 41 42 24 8 37 47 23 2 36 15 21 12 22 51
27 6 34 45 28 8 30 47 29 1 33 14 20 11 32 50 18 4 31 43 19 9 38 48 26 2 39 15 17 12 16 51 22 5 40 44 25 7 41 46 24 0 35 13 23 10 36 49 21 3 37 42
27 9 34 48 28 2 30 15 19 12 29 51 20 5 32 44 17 7 33 46 18 0 38 13 16 10 39 49 26 3 31 42 22 8 40 47 25 1 41 14 23 11 36 50 24 4 35 43 21 6 37 45
27 0 34 13 30 10 35 49 28 4 40 43 29 9 33 48 18 3 38 16 26 12 19 51 25 6 39 45 17 7 31 46 20 1 42 14 21 11 41 50 23 5 36 44 24 8 37 47 22 2 32 15
27 11 30 50 29 4 34 43 19 6 35 45 28 0 32 13 17 9 33 48 18 3 38 42 26 8 31 47 16 2 39 15 20 12 25 51 24 5 40 44 22 7 41 46 23 1 36 14 21 10 37 49
27 4 34 43 26 8 35 47 29 1 33 14 28 11 32 50 17 5 30 44 19 7 38 46 18 0 31 13 16 10 39 49 20 3 40 42 25 9 41 48 24 2 36 15 22 12 23 51 21 6 37 45
27 7 34 46 28 1 30 14 20 11 32 50 29 4 33 43 18 8 31 47 19 2 38 15 17 12 26 51 16 5 39 44 22 6 40 45 25 0 41 13 23 10 36 49 24 3 35 42 21 9 37 48
27 3 35 16 29 12 30 51 19 6 40 45 28 8 34 47 25 1 33 14 18 10 38 49 17 4 39 43 26 9 31 48 20 2 42 15 21 11 41 50 23 5 36 44 24 7 37 46 22 0 32 13
31 9 34 48 30 3 35 16 29 8 33 47 28 2 32 15 19 12 26 51 27 5 37 44 17 6 38 45 18 0 39 13 20 10 40 49 25 4 42 43 24 7 41 46 23 1 36 14 21 11 22 50
27 5 34 44 28 7 30 46 29 0 33 13 20 10 32 49 18 3 31 42 19 9 38 48 26 2 39 15 17 12 16 51 22 6 40 45 25 8 41 47 24 1 35 14 23 11 36 50 21 4 37 43
27 8 34 47 26 1 35 14 28 11 32 50 29 4 33 43 17 6 30 45 19 0 38 13 16 10 39 49 18 3 31 42 20 9 40 48 25 2 41 15 22 12 24 51 23 5 36 44 21 7 37 46
27 1 34 14 30 11 35 50 28 5 40 44 29 8 33 47 18 2 38 15 26 12 19 51 25 6 39 45 17 7 31 46 20 0 42 13 21 10 41 49 23 4 36 43 24 9 37 48 22 3 32 16
27 12 28 51 29 5 34 44 19 7 30 46 20 1 32 14 17 10 33 49 18 3 38 42 26 8 31 47 16 2 39 15 22 11 40 50 25 4 41 43 24 6 35 45 23 0 36 13 21 9 37 48
27 3 34 42 30 9 35 48 29 2 32 15 19 12 28 51 17 6 33 45 18 7 38 46 26 0 31 13 16 10 39 49 20 4 40 43 25 8 41 47 24 1 36 14 22 11 23 50 21 5 37 44
27 6 34 45 28 0 30 13 20 10 32 49 29 3 33 42 18 9 31 48 19 2 38 15 17 12 26 51 16 5 39 44 22 7 40 46 25 1 41 14 23 11 36 50 24 4 35 43 21 8 37 47
30 2 34 15 26 11 35 50 28 5 40 44 29 7 33 46 25 0 31 13 27 10 38 49 17 4 39 43 18 9 36 48 20 3 41 16 24 12 21 51 22 6 37 45 23 8 42 47 19 1 32 14
27 10 34 49 30 4 35 43 29 7 33 46 28 1 32 14 18 11 19 50 26 5 31 44 17 6 38 45 16 0 39 13 20 9 40 48 25 3 41 42 24 8 37 47 23 2 36 15 21 12 22 51
27 6 34 45 26 8 35 47 29 1 33 14 28 11 40 50 25 4 30 43 19 9 38 48 18 2 31 15 17 12 39 51 20 5 42 44 21 7 41 46 24 0 37 13 23 10 36 49 22 3 32 16
27 9 34 48 30 2 35 15 19 12 29 51 28 5 32 44 17 7 33 46 18 0 38 13 16 10 39 49 26 3 31 42 20 8 40 47 25 1 41 14 22 11 24 50 23 4 36 43 21 6 37 45
27 0 34 13 30 10 35 49 28 4 40 43 29 9 33 48 18 3 38 16 26 12 19 51 25 6 39 45 17 7 31 46 20 1 42 14 21 11 41 50 23 5 36 44 24 8 37 47 22 2 32 15
27 11 30 50 29 4 34 43 19 6 35 45 28 0 32 13 17 9 33 48 18 3 38 42 26 8 31 47 16 2 39 15 20 12 25 51 24 5 40 44 22 7 41 46 23 1 36 14 21 10 37 49
27 4 34 43 30 8 35 47 29 1 32 14 19 11 28 50 17 5 33 44 18 7 38 46 26 0 31 13 16 10 39 49 20 3 40 42 25 9 41 48 24 2 36 15 22 12 23 51 21 6 37 45
27 7 34 46 26 1 29 14 20 11 32 50 28 4 33 43 17 8 30 47 19 2 38 15 16 12 39 51 18 5 31 44 22 6 40 45 25 0 41 13 23 10 36 49 24 3 35 42 21 9 37 48
31 3 35 16 29 12 30 51 27 6 40 45 28 8 34 47 25 1 33 14 18 10 38 49 17 4 39 43 26 9 36 48 20 2 41 15 24 11 21 50 22 5 37 44 23 7 42 46 19 0 32 13
27 9 34 48 28 3 30 42 29 8 33 47 20 2 32 15 18 12 19 51 26 5 31 44 17 6 38 45 16 0 39 13 22 10 40 49 25 4 41 43 24 7 35 46 23 1 36 14 21 11 37 50
27 5 34 44 28 7 30 46 29 0 33 13 20 10 32 49 18 3 31 42 19 9 38 48 26 2 39 15 17 12 16 51 22 6 40 45 25 8 41 47 24 1 35 14 23 11 36 50 21 4 37 43
27 8 34 47 30 1 35 14 19 11 29 50 28 4 32 43 17 6 33 45 18 0 38 13 16 10 39 49 26 3 31 42 20 9 40 48 25 2 41 15 22 12 24 51 23 5 36 44 21 7 37 46
30 1 34 14 26 11 35 50 28 5 40 44 29 8 41 47 25 2 31 15 27 12 38 51 24 6 39 45 18 7 36 46 20 0 42 13 21 10 43 49 22 4 32 17 23 9 37 48 19 3 33 16
27 12 30 51 29 5 34 44 19 7 35 46 28 1 32 14 17 10 33 49 18 3 38 42 26 8 31 47 16 2 39 15 20 11 25 50 24 4 40 43 22 6 41 45 23 0 36 13 21 9 37 48
27 3 34 42 28 9 30 48 29 2 32 15 19 12 20 51 17 6 33 45 18 7 38 46 26 0 31 13 16 10 39 49 22 4 40 43 25 8 41 47 24 1 35 14 23 11 36 50 21 5 37 44
27 6 34 45 28 0 30 13 20 10 32 49 29 3 33 42 18 9 31 48 19 2 38 15 17 12 26 51 16 5 39 44 22 7 40 46 25 1 41 14 23 11 36 50 24 4 35 43 21 8 37 47
31 2 35 15 29 11 30 50 27 5 40 44 28 7 34 46 25 0 33 13 18 10 38 49 17 4 39 43 26 9 36 48 20 3 41 16 24 12 21 51 22 6 37 45 23 8 42 47 19 1 32 14
27 10 34 49 26 4 35 43 29 7 33 46 28 1 32 14 17 11 30 50 19 5 38 44 18 6 31 45 16 0 39 13 20 9 40 48 25 3 41 42 24 8 37 47 23 2 36 15 21 12 22 51
27 6 34 45 28 8 30 47 29 1 33 14 20 11 32 50 18 4 31 43 19 9 38 48 26 2 39 15 17 12 16 51 22 5 40 44 25 7 41 46 24 0 35 13 23 10 36 49 21 3 37 42
27 9 34 48 28 2 30 15 19 12 29 51 20 5 32 44 17 7 33 46 18 0 38 13 16 10 39 49 26 3 31 42 22 8 40 47 25 1 41 14 23 11 36 50 24 4 35 43 21 6 37 45
27 0 34 13 30 10 35 49 28 4 40 43 29 9 33 48 18 3 38 16 26 12 19 51 25 6 39 45 17 7 31 46 20 1 42 14 21 11 41 50 23 5 36 44 24 8 37 47 22 2 32 15
27 11 30 50 29 4 34 43 19 6 35 45 28 0 32 13 17 9 33 48 18 3 38 42 26 8 31 47 16 2 39 15 20 12 25 51 24 5 40 44 22 7 41 46 23 1 36 14 21 10 37 49
30 4 34 43 26 8 35 47 29 1 33 14 28 11 40 50 25 5 31 44 27 7 38 46 18 0 36 13 17 10 39 49 20 3 41 16 24 9 37 48 21 2 42 15 22 12 23 51 19 6 32 45
27 7 34 46 28 1 30 14 20 11 32 50 29 4 33 43 18 8 31 47 19 2 38 15 17 12 26 51 16 5 39 44 22 6 40 45 25 0 41 13 23 10 36 49 24 3 35 42 21 9 37 48
31 3 35 16 29 12 30 51 27 6 40 45 28 8 34 47 25 1 33 14 18 10 38 49 17 4 39 43 26 9 36 48 20 2 41 15 24 11 21 50 22 5 37 44 23 7 42 46 19 0 32 13
27 9 34 48 30 3 35 42 29 8 33 47 28 2 32 15 18 12 19 51 26 5 31 44 17 6 38 45 16 0 39 13 20 10 40 49 25 4 41 43 24 7 37 46 23 1 36 14 21 11 22 50
27 5 34 44 28 7 30 46 29 0 33 13 20 10 32 49 18 3 31 42 19 9 38 48 26 2 39 15 17 12 16 51 22 6 40 45 25 8 41 47 24 1 35 14 23 11 36 50 21 4 37 43
27 8 34 47 26 1 35 14 28 11 32 50 29 4 33 43 17 6 30 45 19 0 38 13 16 10 39 49 18 3 31 42 20 9 40 48 25 2 41 15 22 12 24 51 23 5 36 44 21 7 37 46
27 1 34 14 30 11 35 50 28 5 40 44 29 8 33 47 18 2 38 15 26 12 19 51 25 6 39 45 17 7 31 46 20 0 42 13 21 10 41 49 23 4 36 43 24 9 37 48 22 3 32 16
27 12 28 51 29 5 34 44 19 7 30 46 20 1 32 14 17 10 33 49 18 3 38 42 26 8 31 47 16 2 39 15 22 11 40 50 25 4 41 43 24 6 35 45 23 0 36 13 21 9 37 48
27 3 34 42 30 9 35 48 29 2 32 15 19 12 28 51 17 6 33 45 18 7 38 46 26 0 31 13 16 10 39 49 20 4 40 43 25 8 41 47 24 1 36 14 22 11 23 50 21 5 37 44
27 6 34 45 28 0 30 13 20 10 32 49 29 3 33 42 18 9 31 48 19 2 38 15 17 12 26 51 16 5 39 44 22 7 40 46 25 1 41 14 23 11 36 50 24 4 35 43 21 8 37 47
31 2 34 15 30 11 35 50 28 5 40 44 29 7 33 46 26 0 36 13 27 10 37 49 25 4 38 17 18 9 39 48 20 3 43 16 24 12 21 51 22 6 41 45 23 8 42 47 19 1 32 14
27 10 34 49 30 4 35 43 29 7 33 46 28 1 32 14 18 11 19 50 26 5 31 44 17 6 38 45 16 0 39 13 20 9 40 48 25 3 41 42 24 8 37 47 23 2 36 15 21 12 22 51
27 6 34 45 28 8 30 47 29 1 33 14 20 11 32 50 18 4 31 43 19 9 38 48 26 2 39 15 17 12 16 51 22 5 40 44 25 7 41 46 24 0 35 13 23 10 36 49 21 3 37 42
27 9 34 48 30 2 35 15 19 12 29 51 28 5 32 44 17 7 33 46 18 0 38 13 16 10 39 49 26 3 31 42 20 8 40 47 25 1 41 14 22 11 24 50 23 4 36 43 21 6 37 45
27 0 34 13 30 10 35 49 28 4 40 43 29 9 33 48 18 3 38 16 26 12 19 51 25 6 39 45 17 7 31 46 20 1 42 14 21 11 41 50 23 5 36 44 24 8 37 47 22 2 32 15
27 11 34 50 26 4 35 43 29 6 33 45 28 0 32 13 17 9 30 48 19 3 38 42 18 8 31 47 16 2 39 15 20 12 25 51 24 5 40 44 22 7 41 46 23 1 36 14 21 10 37 49
27 4 34 43 30 8 35 47 29 1 32 14 19 11 28 50 17 5 33 44 18 7 38 46 26 0 31 13 16 10 39 49 20 3 40 42 25 9 41 48 24 2 36 15 22 12 23 51 21 6 37 45
27 7 34 46 26 1 29 14 20 11 32 50 28 4 33 43 17 8 30 47 19 2 38 15 16 12 39 51 18 5 31 44 22 6 40 45 25 0 41 13 23 10 36 49 24 3 35 42 21 9 37 48
31 3 35 16 29 12 30 51 27 6 40 45 28 8 34 47 25 1 33 14 18 10 38 49 17 4 39 43 26 9 36 48 20 2 41 15 24 11 21 50 22 5 37 44 23 7 42 46 19 0 32 13
27 9 34 48 28 3 30 42 29 8 33 47 20 2 32 15 18 12 19 51 26 5 31 44 17 6 38 45 16 0 39 13 22 10 40 49 25 4 41 43 24 7 35 46 23 1 36 14 21 11 37 50
30 5 34 44 28 7 31 46 29 0 33 13 20 10 32 49 19 3 37 16 27 9 38 48 26 2 39 15 17 12 18 51 22 6 40 45 25 8 42 47 24 1 35 14 23 11 36 50 21 4 41 43
27 8 34 47 30 1 35 14 19 11 29 50 28 4 32 43 17 6 33 45 18 0 38 13 16 10 39 49 26 3 31 42 20 9 40 48 25 2 41 15 22 12 24 51 23 5 36 44 21 7 37 46
27 1 34 14 30 11 35 50 28 5 40 44 29 8 33 47 18 2 38 15 26 12 19 51 25 6 39 45 17 7 31 46 20 0 42 13 21 10 41 49 23 4 36 43 24 9 37 48 22 3 32 16
27 12 30 51 29 5 34 44 19 7 35 46 28 1 32 14 17 10 33 49 18 3 38 42 26 8 31 47 16 2 39 15 20 11 25 50 24 4 40 43 22 6 41 45 23 0 36 13 21 9 37 48
27 3 34 42 28 9 30 48 29 2 32 15 19 12 20 51 17 6 33 45 18 7 38 46 26 0 31 13 16 10 39 49 22 4 40 43 25 8 41 47 24 1 35 14 23 11 36 50 21 5 37 44
27 6 34 45 28 0 30 13 20 10 32 49 29 3 33 42 18 9 31 48 19 2 38 15 17 12 26 51 16 5 39 44 22 7 40 46 25 1 41 14 23 11 36 50 24 4 35 43 21 8 37 47
31 2 35 15 29 11 30 50 27 5 40 44 28 7 34 46 25 0 33 13 18 10 38 49 17 4 39 43 26 9 36 48 20 3 41 16 24 12 21 51 22 6 37 45 23 8 42 47 19 1 32 14
27 10 34 49 26 4 35 43 29 7 33 46 28 1 32 14 17 11 30 50 19 5 38 44 18 6 31 45 16 0 39 13 20 9 40 48 25 3 41 42 24 8 37 47 23 2 36 15 21 12 22 51
27 6 34 45 28 8 30 47 29 1 33 14 20 11 32 50 18 4 31 43 19 9 38 48 26 2 39 15 17 12 16 51 22 5 40 44 25 7 41 46 24 0 35 13 23 10 36 49 21 3 37 42
27 9 34 48 28 2 30 15 19 12 29 51 20 5 32 44 17 7 33 46 18 0 38 13 16 10 39 49 26 3 31 42 22 8 40 47 25 1 41 14 23 11 36 50 24 4 35 43 21 6 37 45
31 0 34 13 30 10 35 49 29 4 33 17 28 9 40 48 19 3 38 16 27 12 26 51 25 6 39 45 18 7 37 46 20 1 42 14 21 11 43 50 23 5 36 44 24 8 41 47 22 2 32 15
27 11 30 50 29 4 34 43 19 6 35 45 28 0 32 13 17 9 33 48 18 3 38 42 26 8 31 47 16 2 39 15 20 12 25 51 24 5 40 44 22 7 41 46 23 1 36 14 21 10 37 49
27 4 34 43 26 8 35 47 29 1 33 14 28 11 32 50 17 5 30 44 19 7 38 46 18 0 31 13 16 10 39 49 20 3 40 42 25 9 41 48 24 2 36 15 22 12 23 51 21 6 37 45
27 7 34 46 28 1 30 14 20 11 32 50 29 4 33 43 18 8 31 47 19 2 38 15 17 12 26 51 16 5 39 44 22 6 40 45 25 0 41 13 23 10 36 49 24 3 35 42 21 9 37 48
27 3 35 16 29 12 30 51 19 6 40 45 28 8 34 47 25 1 33 14 18 10 38 49 17 4 39 43 26 9 31 48 20 2 42 15 21 11 41 50 23 5 36 44 24 7 37 46 22 0 32 13
27 9 34 48 30 3 35 42 29 8 33 47 28 2 32 15 18 12 19 51 26 5 31 44 17 6 38 45 16 0 39 13 20 10 40 49 25 4 41 43 24 7 37 46 23 1 36 14 21 11 22 50
27 5 34 44 28 7 30 46 29 0 33 13 20 10 32 49 18 3 31 42 19 9 38 48 26 2 39 15 17 12 16 51 22 6 40 45 25 8 41 47 24 1 35 14 23 11 36 50 21 4 37 43
27 8 34 47 26 1 35 14 28 11 32 50 29 4 33 43 17 6 30 45 19 0 38 13 16 10 39 49 18 3 31 42 20 9 40 48 25 2 41 15 22 12 24 51 23 5 36 44 21 7 37 46
27 1 34 14 30 11 35 50 28 5 40 44 29 8 33 47 18 2 38 15 26 12 19 51 25 6 39 45 17 7 31 46 20 0 42 13 21 10 41 49 23 4 36 43 24 9 37 48 22 3 32 16
27 12 28 51 29 5 34 44 19 7 30 46 20 1 32 14 17 10 33 49 18 3 38 42 26 8 31 47 16 2 39 15 22 11 40 50 25 4 41 43 24 6 35 45 23 0 36 13 21 9 37 48
31 3 35 16 30 9 33 48 27 2 32 15 29 12 28 51 19 6 37 45 26 7 38 46 17 0 34 13 18 10 39 49 20 4 40 43 25 8 42 47 24 1 36 14 22 11 23 50 21 5 41 44
27 6 34 45 28 0 30 13 20 10 32 49 29 3 33 42 18 9 31 48 19 2 38 15 17 12 26 51 16 5 39 44 22 7 40 46 25 1 41 14 23 11 36 50 24 4 35 43 21 8 37 47
31 2 35 15 29 11 30 50 27 5 40 44 28 7 34 46 25 0 33 13 18 10 38 49 17 4 39 43 26 9 36 48 20 3 41 16 24 12 21 51 22 6 37 45 23 8 42 47 19 1 32 14
27 10 34 49 30 4 35 43 29 7 33 46 28 1 32 14 18 11 19 50 26 5 31 44 17 6 38 45 16 0 39 13 20 9 40 48 25 3 41 42 24 8 37 47 23 2 36 15 21 12 22 51
