56 67 31 57 8 58 41 3 26 13 21 46 40 4 37 18 23 35 20 27 1 16 48 63 14 44 47 24 53 33 59 28 64 62 49 50 19 11 52 54 25 6 2 5 29 9 51 34 38 12 45 17 36 39 42 32 30 61 55 22 0 65 10 15 69 7 68 60 43 66
50 4 38 19 33 45 37 53 22 13 64 20 51 56 44 52 27 58 21 30 7 60 57 49 25 2 5 61 48 12 29 8 10 1 26 0 55 68 3 15 35 62 54 46 34 59 14 9 39 40 32 24 16 47 43 69 17 28 31 18 65 11 36 42 66 41 67 23 6 63
38 15 45 35 27 34 48 23 29 12 32 24 66 18 11 46 41 13 49 6 55 53 40 43 47 22 63 3 8 1 30 64 10 9 17 31 68 25 2 58 5 36 37 26 28 33 65 60 19 61 52 14 56 50 20 42 54 62 44 59 4 57 21 0 67 69 7 39 16 51
68 10 62 39 58 4 54 37 11 26 64 24 30 42 46 52 60 36 19 7 63 48 66 25 69 67 49 6 53 13 31 28 16 22 57 18 43 41 21 59 32 61 0 3 9 15 33 56 8 45 38 2 1 5 14 29 17 35 23 20 44 34 47 50 65 40 27 12 51 55
30 13 49 34 45 22 59 68 7 58 67 14 47 1 19 37 23 11 53 56 40 43 3 20 5 29 10 55 41 51 27 4 64 66 16 28 8 25 31 36 24 15 21 9 48 6 44 60 69 42 26 32 50 38 39 0 65 57 54 18 33 61 12 63 2 46 62 52 17 35
46 68 53 54 28 49 32 44 8 43 24 59 66 35 51 48 36 25 16 41 3 4 63 15 33 65 18 11 26 2 21 5 12 14 19 40 52 30 58 61 23 60 55 50 57 39 20 38 62 0 37 47 17 45 27 9 67 13 64 31 10 1 69 42 29 56 22 6 7 34
3 29 58 44 32 11 37 54 20 42 9 66 68 41 43 12 14 48 49 1 30 33 7 61 39 56 23 67 22 34 6 24 15 45 28 5 35 16 47 4 27 55 13 38 46 51 40 53 18 19 60 21 31 63 25 50 65 17 2 36 10 64 52 62 8 59 26 0 69 57
61 14 26 22 59 25 2 60 40 38 67 65 3 6 51 46 41 68 42 12 58 21 9 13 34 52 35 27 24 64 4 1 57 39 10 16 56 49 32 19 53 50 11 23 37 7 29 33 20 5 15 8 31 43 63 47 54 30 66 62 36 48 17 44 69 45 0 28 18 55
6 50 32 23 10 39 67 47 24 51 66 68 20 27 21 42 25 34 26 28 40 60 14 35 56 48 59 54 7 9 63 31 4 29 62 22 13 41 17 43 16 3 11 8 46 52 44 55 45 12 5 1 2 69 65 19 49 18 33 58 30 15 57 37 64 0 36 38 61 53
30 33 62 5 64 59 13 36 57 29 47 35 32 41 39 54 55 69 2 63 44 61 45 14 31 56 42 12 16 34 65 15 49 28 48 7 20 37 17 26 6 43 22 21 68 23 25 60 19 52 66 50 53 18 8 10 38 51 67 40 9 4 1 3 58 0 27 11 46 24
15 10 63 2 35 17 45 52 30 41 59 42 1 69 40 29 43 49 48 34 31 33 68 21 38 46 14 28 61 57 24 50 58 0 56 5 47 53 60 54 39 26 4 12 44 13 7 55 9 3 27 18 36 20 22 19 23 67 37 11 66 64 8 16 25 6 32 62 51 65
60 63 62 64 39 34 9 48 40 12 22 44 24 68 36 54 7 65 45 3 67 14 5 47 13 50 18 28 33 55 25 31 11 51 46 6 38 23 19 49 53 1 30 58 37 20 8 52 15 4 35 69 16 27 17 57 43 2 0 42 61 66 32 59 29 56 41 26 21 10
36 15 25 26 30 22 57 27 58 45 37 1 47 40 20 21 16 64 50 51 61 54 17 43 38 52 23 67 68 24 10 18 59 39 46 8 62 49 63 42 44 32 28 33 55 14 4 7 53 29 35 66 41 34 56 6 48 2 9 19 11 0 5 60 13 65 3 12 69 31
69 57 17 14 9 33 24 25 66 50 64 52 27 32 60 55 48 65 29 6 36 18 53 30 28 23 20 42 0 43 41 44 35 62 22 37 5 46 4 10 56 21 34 19 11 39 31 7 47 58 1 49 15 16 45 13 67 26 61 40 38 54 8 68 59 2 51 3 63 12
55 63 42 14 17 61 24 37 51 15 49 3 22 31 30 33 13 1 38 18 19 11 59 25 56 5 53 32 4 35 47 10 50 65 48 36 58 23 66 28 54 41 20 26 43 44 6 40 60 27 67 8 34 21 16 29 68 57 9 46 62 0 7 45 2 12 52 64 39 69
49 6 30 23 42 21 43 10 16 63 8 28 34 32 45 66 35 18 61 33 29 36 17 60 14 25 59 56 1 68 31 55 13 20 4 0 15 12 58 11 46 24 19 47 40 51 65 57 44 52 64 3 62 38 54 9 26 53 48 37 27 7 2 5 41 50 69 39 67 22
41 61 36 53 65 43 23 35 37 49 9 69 39 32 46 25 13 8 2 31 1 64 20 5 22 18 38 4 42 7 44 48 15 28 67 47 55 10 30 24 66 60 16 6 51 3 14 40 17 45 33 29 68 34 26 63 59 62 52 12 58 19 56 11 27 21 54 57 50 0
41 40 56 22 34 37 45 42 8 0 3 12 19 64 25 36 57 68 17 33 38 53 16 48 27 32 20 39 49 69 7 47 2 60 31 1 28 9 44 65 23 46 24 66 26 13 35 62 10 63 43 59 58 30 5 11 51 21 14 50 61 4 29 6 54 15 67 55 52 18
65 25 5 33 11 23 2 48 53 1 10 0 66 64 42 39 7 12 68 69 55 61 38 27 62 26 28 24 20 40 51 3 44 54 58 31 45 14 15 52 50 19 37 13 4 63 35 8 41 49 56 17 34 36 6 32 29 46 67 60 16 9 47 59 22 21 18 43 57 30
67 25 37 3 58 62 36 4 49 15 28 16 20 64 23 61 13 19 44 31 52 56 59 66 48 21 42 12 47 17 33 2 14 53 11 30 51 24 29 38 26 9 43 10 35 68 1 60 0 63 41 57 8 69 6 54 5 22 65 7 45 46 40 55 18 32 34 50 27 39
36 64 59 22 3 50 9 34 28 43 14 67 56 66 19 57 58 33 2 24 21 12 1 30 10 48 29 61 54 69 15 17 25 37 52 31 35 26 63 47 20 16 8 49 13 40 0 38 4 60 18 32 68 27 55 51 44 7 23 62 6 41 11 42 65 53 46 39 5 45
32 37 42 12 54 38 52 58 23 5 24 13 15 45 48 39 14 31 35 0 30 27 46 53 43 25 19 65 20 68 66 62 44 3 9 33 56 36 40 11 67 47 4 60 69 8 29 26 21 63 61 17 1 2 51 34 59 22 49 28 7 6 55 64 50 10 41 16 18 57
65 68 34 10 52 26 60 43 31 21 8 18 29 2 55 66 61 42 54 15 49 16 51 56 53 37 17 14 44 50 41 28 5 36 27 62 69 59 25 35 23 4 67 45 47 24 64 7 30 46 63 0 11 1 19 6 3 39 57 9 20 32 13 38 33 48 22 40 58 12
25 17 32 15 68 61 54 45 37 36 59 12 23 20 4 49 46 3 31 2 6 48 27 24 38 42 19 51 53 22 65 50 14 63 55 41 26 47 28 39 30 0 1 18 69 56 10 8 62 57 11 43 9 13 66 58 67 35 52 44 29 7 21 34 64 16 60 40 33 5
29 48 14 10 26 41 39 64 56 53 13 47 62 7 54 22 65 45 36 19 21 6 58 52 49 20 25 9 16 15 30 23 33 38 8 31 37 24 57 35 28 59 43 46 11 5 40 17 67 4 68 27 44 51 1 66 12 55 34 42 2 63 69 0 60 32 61 3 18 50
39 20 60 42 54 21 65 23 10 29 66 18 68 6 8 13 57 14 59 7 26 3 50 0 49 31 25 12 61 5 40 4 28 17 62 58 52 37 53 35 32 55 63 34 19 69 36 67 11 22 47 24 51 1 27 48 43 45 33 9 15 38 16 64 2 46 41 56 30 44
51 55 59 1 45 48 9 7 69 10 62 53 52 57 5 39 2 29 19 67 66 16 13 61 41 14 25 18 64 32 26 22 28 30 12 56 58 17 40 54 3 50 8 36 33 63 34 11 20 6 65 38 49 60 46 44 21 68 42 4 27 35 24 15 23 37 31 0 43 47
7 18 2 49 58 33 38 52 6 27 55 23 17 9 21 65 54 48 16 19 57 59 10 28 41 14 63 42 15 8 44 0 50 53 60 12 25 40 69 20 35 24 22 13 31 34 4 67 11 66 1 37 5 56 39 51 32 47 61 46 29 64 30 45 36 3 68 62 43 26
67 53 20 4 60 31 26 47 40 62 66 51 11 34 27 22 9 24 35 16 33 43 65 6 56 52 12 38 19 39 29 18 61 59 63 57 55 1 7 41 48 54 10 0 64 37 3 30 8 50 17 58 45 2 23 46 68 49 14 28 32 44 5 42 25 21 69 36 13 15
21 30 45 62 46 57 64 10 0 28 18 2 63 42 3 66 4 29 27 5 52 38 48 60 59 17 8 35 33 23 65 44 37 7 58 16 1 6 14 61 67 22 54 12 9 36 26 15 19 50 56 34 41 53 40 47 25 43 20 11 32 55 49 13 31 51 68 39 24 69
27 28 64 8 47 46 38 34 56 55 49 35 1 33 60 17 11 62 26 63 3 9 45 7 21 19 51 36 57 69 20 23 10 50 40 52 53 68 31 13 24 16 2 12 67 25 39 14 41 0 29 48 30 22 43 18 37 65 42 15 32 4 61 54 6 44 58 66 5 59
62 55 20 53 60 49 2 50 16 54 14 22 29 12 64 69 65 11 44 47 51 26 15 18 43 35 24 37 5 38 31 66 13 61 58 17 33 6 30 45 27 21 23 9 52 63 57 48 59 68 7 19 32 8 56 46 4 1 42 28 39 41 40 34 67 3 0 25 10 36
16 35 64 14 13 60 49 28 15 46 40 34 56 5 18 59 42 7 29 55 22 52 43 37 58 50 8 12 54 2 0 48 23 6 30 33 27 19 1 41 32 10 36 65 11 69 61 25 57 68 45 62 31 24 21 20 44 38 26 17 63 67 66 47 9 51 39 53 4 3
33 35 18 49 10 40 58 9 38 31 2 55 64 28 1 57 4 19 61 34 65 0 48 59 67 8 26 16 17 37 14 50 53 7 23 12 39 69 3 11 41 32 22 52 21 15 43 25 62 63 6 44 68 27 5 29 66 46 47 56 36 24 45 42 13 60 51 20 30 54
30 63 11 62 31 47 42 21 67 51 23 10 34 14 9 57 53 50 18 64 3 43 22 66 28 35 36 40 61 65 55 60 7 69 49 1 24 52 59 44 39 54 68 25 20 13 19 56 17 27 29 26 32 46 41 38 5 48 45 8 58 37 16 15 4 2 33 0 6 12
47 34 2 41 20 24 42 64 56 6 7 30 33 27 68 60 37 9 11 19 62 66 43 16 49 22 46 55 29 25 52 26 38 23 59 54 14 51 12 57 58 0 21 39 44 61 17 3 15 65 63 4 40 67 18 5 13 32 35 45 50 1 8 69 53 28 10 36 31 48
64 24 59 29 11 0 15 34 38 16 41 7 21 13 56 66 2 27 10 22 60 44 36 65 25 4 5 53 42 19 62 46 55 67 14 69 26 30 35 57 32 52 61 68 33 63 43 9 8 31 23 49 47 18 12 45 37 28 20 58 48 17 3 39 54 40 1 51 50 6
46 1 20 6 2 58 56 44 4 22 17 52 55 43 54 24 30 61 67 11 66 62 7 41 8 51 60 29 45 38 50 9 25 53 16 39 14 13 12 35 64 65 37 26 21 68 40 34 10 15 0 18 57 28 36 32 48 63 69 5 31 59 42 3 23 27 49 19 47 33
12 18 17 43 26 29 2 30 22 51 47 7 39 48 34 1 33 36 55 52 46 27 53 68 35 21 5 24 60 19 10 69 3 62 57 11 20 54 58 37 0 9 41 56 40 31 66 59 67 16 42 50 28 13 14 61 8 23 45 32 65 44 49 15 64 6 25 63 4 38
19 66 39 58 50 2 40 20 69 64 67 48 52 27 60 32 34 23 8 31 16 57 37 43 17 38 26 12 33 61 18 46 11 29 6 59 10 30 45 28 22 5 15 36 56 7 47 41 49 0 3 44 55 1 54 42 24 9 62 25 13 63 21 14 35 51 53 68 65 4
3 64 63 23 8 58 56 39 9 52 31 34 65 19 51 32 14 20 53 13 55 11 21 49 16 46 59 67 50 38 66 69 25 47 60 61 29 33 37 43 41 44 30 2 42 40 1 15 54 48 22 5 4 28 45 27 57 26 62 35 68 6 10 18 12 7 0 24 17 36
30 23 43 42 56 14 9 65 61 41 54 50 49 22 33 69 8 51 15 40 53 64 39 0 5 27 21 58 11 25 44 31 67 37 2 63 18 60 32 52 62 28 34 59 4 36 10 3 7 26 55 13 29 6 19 47 68 45 38 66 46 20 57 16 35 12 17 24 1 48
53 57 36 34 6 5 21 16 41 54 62 59 0 32 19 67 51 18 9 69 56 48 22 65 52 25 27 11 17 44 37 63 13 46 35 28 4 50 23 10 68 58 12 45 64 39 47 15 40 14 31 20 55 38 30 8 61 49 66 26 24 60 43 1 29 33 3 42 2 7
22 20 21 1 6 64 43 30 52 62 31 53 50 24 61 69 3 55 54 44 35 5 8 60 25 13 19 46 65 67 68 41 51 45 63 15 18 33 38 48 28 9 10 23 4 2 49 7 39 12 37 34 42 36 26 40 16 11 17 29 59 47 14 57 56 32 66 0 58 27
11 21 63 55 4 62 38 54 26 12 24 28 61 5 13 59 0 48 17 44 33 32 20 10 50 19 1 15 2 58 46 14 25 23 31 27 39 41 3 36 53 52 34 8 6 7 9 67 45 57 69 30 37 65 49 40 64 60 43 51 22 35 29 68 56 66 16 42 47 18
39 33 66 44 19 6 26 54 10 38 40 7 4 59 55 63 57 51 8 29 15 23 20 3 36 41 67 56 45 42 61 25 17 58 30 52 35 47 48 22 12 49 0 69 32 62 64 46 18 50 34 1 27 60 13 43 21 28 5 53 65 24 11 31 14 37 9 2 68 16
58 34 54 57 67 17 50 36 30 20 35 32 45 69 42 63 59 16 29 9 38 64 23 37 52 68 4 28 62 13 12 65 56 51 27 33 49 6 24 53 61 0 5 1 25 10 3 11 2 55 14 15 7 66 8 47 26 41 48 22 60 46 18 44 39 40 31 19 21 43
43 0 60 24 34 22 32 14 41 59 13 54 7 9 48 29 20 56 63 53 1 25 65 10 45 68 2 47 18 12 35 8 30 27 33 15 67 57 64 36 37 16 46 26 3 11 62 61 4 69 39 50 42 19 38 44 49 17 58 66 21 23 31 5 40 28 51 55 6 52
29 34 55 33 56 24 45 67 16 41 25 51 19 13 12 14 2 42 30 53 4 31 68 21 48 36 26 11 43 28 50 62 5 7 37 9 52 20 32 35 39 44 15 64 47 54 17 23 63 49 59 69 22 0 61 3 1 8 10 46 27 6 40 60 65 38 57 58 66 18
10 27 28 66 55 52 12 56 1 45 58 67 48 20 4 63 36 42 5 40 53 6 57 25 69 50 0 49 23 46 65 38 44 61 22 43 37 31 51 8 26 62 14 11 17 59 13 2 30 47 24 35 19 15 16 33 7 54 18 60 68 64 34 32 29 41 9 39 3 21
69 27 25 44 36 10 54 31 42 40 2 15 21 16 9 5 61 50 46 48 19 60 38 32 7 11 47 12 30 33 8 37 18 63 26 57 0 62 28 68 14 29 23 39 49 41 53 34 56 13 4 20 58 51 17 24 64 22 3 67 35 45 66 59 43 65 6 1 52 55
64 2 49 41 48 17 15 34 26 58 8 55 39 9 13 22 33 37 28 57 16 11 27 61 12 59 51 42 35 32 19 47 68 0 40 44 54 14 30 31 18 10 29 66 1 43 60 7 50 3 21 67 53 5 65 45 56 4 6 62 36 63 52 23 24 38 25 46 69 20
63 55 69 29 46 21 52 50 1 9 39 15 12 30 31 4 43 18 16 37 66 48 65 14 47 32 67 28 5 64 35 54 26 13 6 20 17 22 45 33 56 58 8 60 7 59 42 25 61 38 19 10 34 51 41 68 23 49 53 24 3 2 40 11 44 62 57 0 36 27
50 54 37 9 65 3 22 13 2 42 35 60 6 39 59 66 69 67 17 33 4 44 40 26 68 31 11 63 52 34 7 32 61 30 18 0 19 36 5 1 24 29 47 51 64 62 21 12 49 56 25 16 14 55 27 43 58 48 57 41 20 28 38 8 23 45 46 15 10 53
35 52 47 23 19 63 48 39 42 50 32 24 27 15 26 37 29 55 33 66 46 67 28 69 11 59 62 57 68 10 31 64 38 2 49 43 34 56 7 41 25 60 3 61 40 0 54 17 22 8 58 18 65 16 1 51 36 4 9 53 30 6 14 44 12 45 21 20 5 13
53 64 39 33 45 68 52 13 44 43 9 24 66 15 26 58 49 41 16 63 17 55 23 14 1 28 60 6 57 32 22 29 34 10 2 4 35 27 54 59 7 65 48 0 19 8 12 18 46 3 11 42 21 51 61 50 30 62 38 36 40 37 25 5 69 67 47 20 56 31
13 1 61 53 23 9 42 18 5 41 56 49 43 19 12 57 17 65 28 46 33 24 4 52 16 68 15 29 8 32 30 11 50 0 35 59 62 51 38 14 25 2 37 63 69 64 26 10 44 7 22 31 45 36 47 34 55 27 60 48 67 6 20 21 58 54 40 39 66 3
65 46 59 12 30 7 23 35 10 48 31 41 47 26 45 17 36 24 55 6 25 2 54 61 40 27 42 15 44 1 49 11 21 57 37 5 13 52 14 32 39 8 0 16 66 34 19 9 20 69 51 64 38 18 56 60 58 33 22 28 67 53 4 29 62 43 3 50 68 63
40 23 48 30 42 4 51 53 8 37 11 58 14 52 24 60 66 25 54 62 45 68 50 38 7 18 57 41 29 55 33 5 47 0 22 43 31 12 26 28 64 46 21 2 6 65 20 36 17 67 61 35 16 27 44 1 15 34 13 49 19 32 10 39 56 63 9 3 59 69
16 65 23 50 51 26 49 69 33 37 25 46 17 31 44 53 20 4 68 59 28 34 56 1 47 5 62 22 29 63 54 39 61 27 55 67 60 64 15 3 66 41 10 18 24 19 9 38 0 42 43 21 52 36 6 45 7 12 57 40 35 32 11 30 2 48 58 13 14 8
46 29 51 20 17 67 7 57 66 24 41 21 33 58 19 0 16 8 22 1 14 31 30 69 27 38 11 50 53 12 26 40 39 3 32 6 5 47 25 28 55 65 4 68 59 36 60 43 56 34 63 64 42 61 37 15 9 52 23 10 49 44 18 45 54 62 2 35 13 48
42 9 24 40 41 69 0 23 15 4 65 22 20 67 54 16 7 8 25 18 28 46 63 3 11 60 6 68 47 36 17 39 26 21 58 34 38 12 10 1 56 33 32 27 2 35 66 50 30 45 31 43 62 61 49 37 59 19 48 51 44 64 5 53 14 29 13 52 57 55
42 54 7 69 59 5 16 61 40 25 9 55 58 12 37 28 6 60 0 34 41 8 63 52 23 47 29 49 65 31 17 35 2 11 19 24 36 53 46 15 10 62 45 30 33 21 18 3 67 1 44 13 20 50 38 51 32 22 14 43 66 56 4 26 27 57 39 68 48 64
64 58 11 36 31 9 16 32 0 67 10 43 6 15 57 24 20 38 39 59 40 8 18 26 1 54 14 4 53 51 45 55 47 28 44 69 3 7 68 30 5 63 19 56 49 50 52 35 41 22 2 46 61 25 60 27 37 12 13 65 29 62 66 34 48 23 42 17 21 33
38 10 26 40 66 11 2 62 12 33 4 1 18 61 52 55 56 46 39 69 14 43 36 25 28 9 30 34 42 51 68 44 15 8 19 64 5 37 48 50 57 24 3 53 23 7 45 0 60 20 17 22 49 54 21 41 13 27 29 35 63 58 59 67 6 32 16 47 31 65
27 55 34 4 15 44 52 32 12 25 22 41 29 17 38 36 53 62 67 10 6 26 33 19 61 48 28 65 66 45 14 49 56 64 9 47 59 0 68 23 37 3 69 43 35 21 60 16 30 31 57 46 39 54 42 5 20 8 1 11 50 7 13 24 63 18 40 51 58 2
35 1 43 48 47 65 52 7 5 13 66 24 51 2 33 56 20 19 16 40 64 45 31 14 60 59 58 63 39 36 8 41 23 50 29 30 37 18 46 12 26 25 6 42 21 32 55 69 4 28 9 57 68 34 22 49 38 44 0 11 62 17 61 27 67 10 53 3 15 54
11 57 40 54 66 15 41 30 29 45 53 67 23 38 31 9 17 3 12 69 18 65 47 0 46 62 19 1 27 5 24 22 50 28 8 60 61 55 52 33 7 58 25 43 4 20 39 2 35 42 37 34 36 48 14 68 56 59 16 63 44 64 32 49 6 26 10 21 13 51
3 47 33 13 56 5 29 21 32 14 23 16 60 68 18 55 54 19 67 7 52 41 44 43 28 36 51 15 9 17 49 25 45 30 8 37 24 12 22 57 58 61 11 53 1 27 66 50 64 42 31 35 46 48 63 6 4 0 40 20 69 34 38 65 2 62 59 26 39 10
14 53 34 17 45 61 30 4 40 33 32 51 58 54 25 43 35 49 0 60 36 62 6 18 38 37 39 13 20 8 69 50 11 47 55 52 24 10 12 28 27 41 67 23 21 44 42 15 63 26 65 2 59 68 3 31 64 7 22 56 1 57 16 46 5 9 29 19 66 48
32 23 18 11 4 44 22 56 31 49 7 39 58 50 21 17 16 2 35 62 60 66 42 1 25 34 47 51 24 30 26 68 33 67 52 8 10 12 65 59 36 15 3 13 38 46 27 6 61 48 28 14 0 53 69 9 45 40 54 19 43 5 63 57 37 41 55 29 64 20
37 67 53 48 26 40 45 0 19 23 5 27 38 10 22 35 6 24 60 55 17 50 58 39 3 12 68 43 69 21 14 61 57 4 41 51 18 62 30 64 32 13 52 59 31 63 36 2 34 47 8 20 11 29 15 44 16 42 1 65 46 25 9 7 56 33 49 28 66 54
48 62 49 10 23 35 34 31 1 61 54 15 18 40 39 3 17 33 42 66 47 45 36 5 16 59 21 4 58 53 41 50 60 55 8 24 7 25 22 57 43 38 37 28 11 44 2 46 56 13 30 0 29 69 68 64 20 12 6 32 63 67 19 51 52 14 65 9 26 27
64 7 31 59 23 35 25 3 16 47 18 33 61 12 66 67 37 38 24 36 8 57 10 17 34 11 39 9 29 65 28 55 30 20 2 41 56 42 13 15 68 49 4 48 1 0 58 5 32 45 50 51 52 6 54 27 19 43 69 53 40 22 14 21 63 26 44 46 62 60
31 46 32 58 60 25 26 40 41 27 61 68 57 5 50 69 35 12 56 44 0 22 11 1 2 33 21 19 18 48 65 14 34 45 15 36 24 28 7 39 62 51 23 13 66 52 55 3 16 10 53 59 42 64 49 67 4 6 47 38 54 30 17 63 9 37 20 43 8 29
38 37 17 15 25 57 28 33 27 5 69 18 40 45 65 24 9 11 32 56 29 54 36 66 55 8 68 14 2 10 48 21 51 13 1 43 26 12 35 58 47 52 34 59 30 64 0 49 6 4 41 44 63 19 53 22 50 16 61 46 3 60 31 62 20 39 7 67 23 42
35 1 11 4 45 55 26 12 5 60 20 56 51 30 16 19 66 33 50 39 53 0 43 3 48 52 40 61 6 8 23 64 67 2 57 18 69 21 63 28 41 7 29 37 42 59 31 49 68 9 22 32 13 25 46 58 27 34 24 44 14 62 65 38 10 47 15 36 54 17
41 59 69 25 55 53 1 61 3 7 58 29 6 62 57 5 67 13 35 19 36 34 28 17 68 0 27 46 21 12 47 65 16 64 10 24 9 60 2 32 49 40 14 66 52 30 44 45 50 22 54 20 23 15 42 18 31 48 63 33 39 8 37 26 56 38 4 11 51 43
7 9 54 30 39 20 32 6 28 48 22 43 17 37 1 63 46 53 26 47 2 65 5 14 45 34 41 44 24 3 29 11 13 16 59 19 35 61 66 58 25 21 10 52 0 4 64 62 67 68 38 40 42 33 51 31 27 60 56 18 36 49 15 12 23 69 57 50 55 8
19 51 57 42 6 12 61 27 52 63 54 50 65 17 53 37 8 45 7 41 4 16 9 0 49 44 29 60 40 28 18 38 31 68 69 26 33 55 13 3 56 23 47 30 25 14 66 58 15 64 24 36 34 43 21 2 11 48 39 59 35 46 1 5 22 62 20 32 67 10
43 62 50 4 6 10 52 46 25 61 44 24 2 56 37 8 14 59 41 34 60 31 49 9 53 55 69 32 3 66 17 26 22 40 51 63 47 21 33 13 0 68 18 19 39 23 5 54 57 48 36 42 45 38 16 35 64 12 27 30 58 1 67 65 20 11 29 15 28 7
7 67 59 2 65 43 1 52 29 36 19 28 62 46 35 5 61 48 40 21 44 12 49 41 6 38 17 63 10 14 58 24 30 20 16 32 26 33 69 11 66 18 34 51 4 60 25 45 57 64 53 31 56 55 47 0 54 3 15 13 23 39 68 8 42 22 27 50 37 9
4 0 69 68 8 45 17 24 37 59 42 34 16 39 55 35 50 38 32 26 21 10 9 2 7 25 31 11 5 20 49 53 40 23 47 52 29 19 12 6 61 62 22 27 36 13 64 3 30 58 66 60 63 14 43 18 56 28 48 33 54 44 65 51 67 15 41 1 46 57
25 27 32 44 4 7 17 62 58 12 15 46 48 43 0 53 11 1 47 50 68 52 29 28 30 6 54 10 24 59 20 26 34 16 49 63 57 65 14 56 38 51 35 60 42 5 9 41 37 21 39 67 36 2 55 64 22 33 61 18 23 31 13 8 19 66 45 3 69 40
36 34 26 28 48 2 46 18 40 58 42 41 5 14 47 57 59 10 67 20 64 4 29 50 33 32 37 65 30 49 69 27 44 62 51 3 24 55 54 35 16 1 12 17 52 15 19 68 45 11 39 9 7 38 8 31 66 13 25 53 61 21 22 23 0 6 43 63 56 60
2 69 35 67 52 11 60 28 13 62 27 55 50 21 40 49 53 56 31 59 34 36 38 37 66 14 32 0 29 47 46 64 58 19 44 17 7 26 39 41 65 43 61 23 68 24 15 16 48 57 63 54 9 42 25 12 33 22 20 5 3 1 30 4 51 45 8 6 10 18
25 50 39 57 52 17 56 43 2 12 35 54 64 27 60 36 32 69 42 19 11 10 22 63 6 40 48 18 65 53 9 31 26 14 16 28 62 34 30 21 55 58 46 1 38 68 24 29 15 8 13 3 51 66 5 67 45 0 4 20 23 37 47 41 49 7 61 44 33 59
14 32 43 52 16 66 45 59 31 5 57 48 62 3 10 25 23 28 63 60 46 8 54 18 53 33 55 12 61 15 17 9 21 29 69 38 39 58 34 56 30 20 0 41 37 36 44 1 68 26 6 51 24 64 4 50 40 7 13 67 42 2 47 27 19 11 65 35 22 49
17 35 54 52 44 6 21 57 5 41 68 25 33 53 37 47 24 28 39 42 46 64 55 20 23 10 14 66 51 8 60 29 59 36 38 45 19 32 62 63 40 61 13 67 30 2 65 16 34 15 27 56 22 4 48 69 49 18 58 50 31 26 0 11 7 1 12 3 43 9
25 13 58 36 5 12 51 15 34 32 6 44 20 28 0 38 55 29 37 54 46 45 65 53 64 50 16 68 49 23 60 61 66 63 40 22 48 56 31 67 33 17 42 47 52 7 19 18 35 24 43 14 57 3 39 1 2 26 59 30 69 41 11 4 21 62 27 8 9 10
35 1 51 66 26 3 69 5 11 25 17 32 46 40 6 44 55 63 61 10 43 53 58 18 13 47 64 8 7 0 21 52 14 57 28 68 50 38 41 24 67 27 23 19 34 29 42 60 37 16 12 48 59 31 9 62 36 45 30 22 2 49 65 54 4 33 20 39 56 15
41 2 25 66 7 12 19 54 39 64 3 47 32 36 30 23 45 35 61 34 6 52 69 44 49 18 26 15 37 31 5 0 1 16 48 17 55 60 10 24 56 33 68 51 20 38 21 11 57 27 53 13 28 43 4 46 40 50 9 22 65 29 67 8 42 63 14 59 58 62
14 43 64 23 19 20 17 7 34 61 8 28 49 58 11 51 16 48 57 29 42 3 33 24 40 25 38 56 6 55 31 69 2 62 10 5 53 4 1 39 67 37 52 18 22 50 45 27 30 36 59 60 65 21 47 54 41 35 9 26 12 46 15 44 63 66 13 0 32 68
9 14 30 57 50 68 13 1 25 20 2 54 48 69 33 22 45 65 43 28 17 10 56 67 12 31 59 46 40 7 5 55 60 41 64 21 15 44 19 47 16 38 27 34 8 66 6 49 37 26 63 62 52 42 0 18 11 53 23 58 3 29 32 51 24 36 39 35 61 4
7 44 21 30 17 55 31 27 50 23 5 41 57 68 10 22 35 66 65 56 54 51 15 67 11 4 28 40 19 34 63 1 61 58 46 20 0 36 52 3 42 2 39 25 32 53 8 69 14 6 49 9 43 62 64 29 13 33 38 26 45 16 12 18 37 59 60 24 47 48
54 19 28 13 23 55 6 16 21 32 64 15 1 65 27 0 67 48 26 52 69 3 9 57 51 44 11 5 49 62 59 35 4 45 33 18 53 42 31 10 36 8 47 17 2 50 63 37 14 29 25 43 30 38 20 66 61 40 24 12 56 60 68 58 22 34 7 46 41 39
69 42 66 45 35 24 5 50 43 25 58 55 28 59 4 51 13 65 15 17 16 14 60 41 19 44 68 3 52 31 46 54 22 1 12 56 48 32 33 67 10 64 39 34 40 0 63 11 20 2 18 47 7 29 21 26 49 23 37 53 36 8 57 61 27 62 6 30 38 9
19 35 64 67 17 42 30 50 33 12 23 60 34 9 14 61 45 31 48 4 1 29 47 25 63 65 44 39 69 37 11 8 32 68 24 28 58 43 5 2 41 15 27 0 53 54 38 57 59 20 49 40 46 56 16 10 3 52 13 7 18 21 55 26 22 36 51 6 62 66
41 27 39 29 22 12 58 7 55 47 65 54 63 34 1 61 16 44 38 10 48 21 14 18 26 6 57 60 45 0 28 30 68 11 59 69 37 40 33 5 24 56 19 67 42 4 43 2 25 53 50 52 62 3 64 66 9 49 13 31 20 36 46 15 23 17 35 8 32 51
18 5 25 46 51 44 59 41 64 63 54 13 57 6 35 16 66 53 27 56 10 15 0 58 47 23 62 55 24 26 4 28 40 17 49 21 30 29 31 1 43 3 36 34 12 38 11 33 68 52 65 32 45 67 50 22 2 69 61 60 20 14 37 19 39 48 42 7 8 9
