32 -94 51 -55 30 -97 -85 38 -40 -18
-35 -88 -58 49 32 -45 18 -31 -42 95
91 7 82 -93 -12 12 76 -26 61 58
-11 18 -21 11 57 99 71 41 38 -16
90 82 -60 33 43 -62 63 59 24 -35
4 65 -59 -45 -47 90 95 13 68 -48
62 32 -95 20 90 -73 21 -37 -86 -57
-68 -70 85 31 67 97 -61 50 -27 -78
96 42 95 64 -16 -21 -8 13 -43 25
-4 82 31 -47 87 -46 -82 90 70 10
93 -25 -1 -59 -23 95 -68 -79 43 -36
-77 -25 75 64 79 -86 26 -68 -67 54
-82 25 43 -58 11 -42 -96 -19 -61 -43
26 -51 -41 -9 -91 -4 96 -80 -98 -24
-3 4 -2 -50 -35 63 -1 42 -48 -88
25 3 -78 63 -61 -18 -97 89 -93 -8
5 46 -1 -41 6 73 26 64 4 -10
-52 -30 36 -44 -54 0 -4 -26 -15 -80
54 -70 -41 -67 -46 -54 -37 68 30 -30
-57 28 -8 11 27 81 -33 -46 -58 4
-97 13 -57 65 -65 43 -11 -82 -37 92
32 -48 -54 16 -45 -18 67 53 -61 71
-25 -75 59 59 49 82 28 -70 -14 36
-15 87 52 -96 -89 -2 -10 28 50 -59
-10 -76 -51 -4 45 75 -63 72 -18 -98
-8 20 74 10 -58 -53 57 82 60 73
21 83 20 -59 -91 -81 -71 80 -16 -35
84 6 90 86 0 90 -75 -34 67 -86
-12 30 -69 -68 64 58 -57 61 98 79
79 -29 -19 17 77 -34 -24 51 -46 98
96 48 -80 -94 -5 42 -70 -56 -61 -55
-13 34 45 0 53 -29 82 0 -35 14
60 -9 33 -82 -47 -72 96 49 -67 -82
-64 -53 -45 13 26 40 18 -33 33 -25
-48 -92 66 -17 -8 54 82 -96 -79 6
-51 53 -53 11 -39 46 77 25 -97 39
72 -70 53 -64 -60 97 57 -68 35 33
10 2 56 -44 -69 -58 54 -52 46 -25
57 56 99 -40 -13 98 81 -53 -27 32
-25 37 -94 5 -84 67 14 18 75 45
-11 32 -56 18 67 -7 5 -27 -59 -80
62 -34 -2 -34 57 67 -15 30 18 -54
91 45 23 0 -90 30 -95 -6 87 -59
-93 -46 29 45 7 -53 8 34 -8 -86
-36 -69 0 -46 -83 -71 -93 8 -59 -52
21 -79 47 -37 -46 -34 -75 -53 18 -74
-19 23 -70 -1 9 79 -68 -25 -51 -94
-28 -9 38 -20 -81 80 51 75 0 -85
66 -70 -84 -53 -22 -90 -24 -33 76 87
39 76 -20 -67 -17 -75 72 9 -22 36
-73 -5 73 -14 8 26 -36 82 -90 82
94 42 80 93 -93 -92 80 -27 -17 -50
93 -20 99 -45 28 41 -62 11 20 -86
-13 -15 -79 33 -26 -29 58 18 -32 24
-85 29 53 94 33 -6 -93 -69 95 30
-31 30 81 -42 -29 37 -19 -16 -70 -21
-96 -31 92 81 16 94 -1 -35 -38 57
75 -61 69 93 -75 -48 41 -83 54 4
7 48 -2 -92 -84 12 0 -94 -72 -74
-37 4 90 53 -24 0 -40 -38 -79 5
-40 2 -72 -65 -78 57 -20 -54 -64 -83
17 -62 0 -46 33 8 -44 -11 -8 43
-40 -7 34 73 74 -17 99 33 69 16
-7 24 -78 -27 49 -56 -60 82 -49 -56
-85 -83 -29 68 96 98 -80 -35 -39 -37
-79 -67 91 78 -21 -17 -25 -20 -62 -32
-90 -42 -43 12 -19 -51 87 -51 67 -54
1 81 87 -74 2 -10 84 -93 -62 5
-19 88 -26 49 68 -46 94 -87 -26 -89
81 -97 -42 58 -52 9 -78 -32 -33 60
-87 -55 10 -65 -32 -10 -77 -94 75 36
-18 -98 -50 -42 -32 -76 -93 68 -96 60
-93 41 49 -43 45 56 96 -21 -85 -66
1 -10 -59 72 18 68 -70 41 88 -1
64 47 -90 85 86 12 88 19 -76 4
32 65 34 -89 35 37 -45 29 -29 62
41 -63 -62 77 53 66 9 11 81 41
76 -79 -34 65 32 40 69 -86 -45 -95
-54 -98 64 -77 30 -9 72 -25 -3 49
61 88 -20 -65 -50 34 11 -2 -91 77
-16 0 -7 -60 36 38 53 53 18 36
29 34 -43 64 -49 -60 92 -66 -58 45
99 -92 -33 -18 49 31 23 -22 59 -5
-27 3 -52 -7 -75 -6 -46 96 71 -13
-77 -16 98 64 90 42 -44 9 -50 -60
-77 -52 0 -49 -81 5 -66 30 72 95
-62 39 68 9 -40 -22 -7 -60 46 55
0 94 33 73 76 44 78 53 59 -62
73 -32 15 -38 -15 -47 -36 30 0 -37
-16 -39 37 -94 -34 99 -8 43 -15 76
25 -75 69 -9 7 53 64 28 -53 78
78 40 28 -16 80 -10 80 -89 68 16
-96 -68 -95 -70 91 59 -28 47 -95 28
37 41 94 -10 -28 -55 -62 97 54 61
-24 -2 37 18 30 99 79 78 14 -97
92 -68 -9 -72 -67 97 31 -28 -34 79
5 -89 66 -8 12 -64 15 64 -37 -61
-57 -61 -52 26 12 87 17 90 89 17
48 -92 -57 58 23 53 -77 -17 52 -80
73 -76 76 -11 -47 -47 26 92 -23 97
