-43 -99 -88 59 61 8 -96 7 -72 43
-90 38 49 -62 -87 -22 -9 -24 -9 11
25 -29 85 49 57 38 -70 -32 -38 91
96 -88 -91 -81 -46 8 -25 -5 98 -56
16 -51 54 73 44 -54 99 -43 55 23
-53 -1 61 -14 -1 37 25 35 0 44
-66 -10 -19 77 54 45 97 34 -51 25
97 -31 -45 -25 19 1 99 -28 13 8
58 6 78 65 7 28 -42 62 -88 39
-25 78 14 -67 -56 0 84 0 -77 37
34 63 -21 15 97 -69 -76 -52 -52 99
44 -52 -3 -90 -32 98 8 66 35 -77
-61 62 56 85 89 55 -35 36 71 -96
3 96 14 -25 8 -89 -29 98 -70 -86
-4 53 -41 -57 51 -2 -96 -78 -61 64
57 37 51 44 -5 4 57 0 -46 95
47 48 71 -6 -23 41 -65 66 -26 55
39 55 -15 -29 72 -6 6 88 -21 -17
-98 85 62 96 -54 -61 37 57 97 83
41 55 62 -30 18 38 13 30 83 75
8 -56 54 -67 38 -25 56 46 -14 -82
-90 -53 -1 -15 -69 2 0 -26 76 -3
4 -49 52 -57 53 -2 -44 4 -61 67
-36 15 -18 37 70 -96 -64 53 66 37
-10 65 46 52 9 81 70 93 84 -32
38 11 -48 -9 -15 -85 92 -56 -28 -5
-90 97 13 76 49 30 -90 -19 82 44
-13 -97 -87 52 -57 -43 -77 -11 91 41
22 40 -79 -77 3 -14 -23 -52 27 10
-47 -13 -26 33 83 -64 -92 -32 53 -77
14 -14 13 11 -10 62 -28 -83 45 -93
-73 -90 -37 -31 -44 -35 -43 -37 -5 46
-85 -51 7 -87 -81 96 56 21 4 -21
-15 -29 -82 11 70 -37 5 -30 68 25
73 -16 1 -88 -79 13 -49 -76 54 43
43 -27 -24 15 74 -9 -89 -81 18 83
58 -72 -84 86 -74 86 3 -90 24 31
-91 9 63 65 -16 20 -61 -5 -10 -28
-81 99 -21 -23 -5 86 31 -4 -32 44
2 -91 -14 -15 -8 86 14 -55 18 -34
87 -66 93 56 -4 -6 -25 95 4 -78
-6 55 88 92 -65 -90 -6 62 19 -14
89 -38 60 3 -62 -96 -2 -17 19 -4
-27 -94 11 -77 -23 -2 -30 38 30 -87
45 -3 -16 -30 86 32 -90 83 74 12
95 -20 93 42 26 -22 88 52 87 59
30 -34 71 -3 -6 42 -1 86 -78 -7
92 19 84 -89 -9 -10 -38 -77 28 -53
-74 68 -6 20 -76 -78 -69 33 33 67
-85 -75 -41 -24 78 99 -36 -75 5 18
87 -50 43 23 -55 -62 -50 78 -34 -32
-54 3 -86 -31 -50 65 -73 -45 71 -54
-58 -26 96 -49 88 -18 -2 62 25 95
-54 -30 -73 -2 -53 -73 91 33 13 2
-62 -87 -92 83 31 -70 -7 -1 58 -14
-42 62 -60 -5 -7 -9 76 38 -63 0
62 44 -79 41 -64 29 -73 94 -87 43
43 -99 51 -31 68 19 -76 -19 -65 -85
46 -33 19 -61 80 -42 83 96 -77 0
-29 -31 6 -37 78 14 -72 -73 -78 -34
89 -1 -23 -7 -59 -76 -54 61 85 -13
-43 -25 55 86 49 -63 22 -96 -55 -69
4 -69 -32 -72 18 -55 89 -57 -96 67
91 -38 45 64 52 40 3 60 75 -95
-62 -17 -70 55 -97 -73 34 -28 18 -21
76 -9 35 -25 -82 87 29 -23 -93 -95
14 49 99 47 55 -49 -11 96 3 -63
-42 55 0 -84 -75 -68 74 98 68 -1
-56 2 -91 83 -25 -62 48 3 -10 -7
-87 -26 -80 12 -18 54 87 -37 -36 -37
-86 -17 19 34 44 0 20 86 -46 -18
-2 -11 40 -87 64 85 -88 14 -48 -8
-62 -55 0 -72 -78 -85 50 37 -4 88
53 16 -62 44 -52 70 46 36 32 24
3 92 -53 13 -61 62 -4 12 -56 -83
-23 50 85 57 -23 -63 -66 -22 -79 -61
81 10 -65 37 -33 62 95 -38 14 -4
-75 -55 2 -75 -2 72 49 -79 -2 -61
-43 -85 -15 -65 5 69 -87 35 45 -16
56 24 -65 73 9 -82 -29 -3 38 93
2 64 -1 97 89 13 -93 79 -64 -37
-93 -19 -11 0 8 98 83 -44 -59 29
0 -75 -46 -97 88 73 -65 51 84 11
-55 79 -94 -98 24 46 50 25 82 43
-73 -57 18 57 -78 30 76 63 23 -10
58 -16 66 -29 40 89 73 47 65 -92
10 52 36 52 35 51 67 -41 97 -41
-29 -12 48 -42 10 52 17 2 76 21
58 15 17 57 29 -93 -2 -86 -75 11
-8 -29 26 -12 55 86 -90 -35 29 91
47 72 -89 85 -37 8 -90 -67 -83 29
-31 12 -44 20 79 -64 51 28 -39 -4
-91 78 10 -23 -69 93 66 36 14 51
-13 -74 -74 -25 19 -23 43 86 30 49
63 72 86 12 86 -24 -59 -16 -25 -79
-22 94 17 29 78 11 -25 31 -22 35
-86 -96 95 97 -91 54 94 61 -33 51
-10 -50 57 -10 70 -73 -14 77 -13 -83
-97 -50 27 -21 44 62 64 9 -97 80
-37 -28 -48 41 -20 25 67 25 -75 80
