81 14 96 32 37 60 71 -16 -39 -88
20 -19 54 10 35 -49 32 19 -10 -62
78 56 42 -78 -22 88 -23 67 -33 18
-44 0 -90 26 -71 -5 -86 -70 14 -9
-25 -2 42 -71 94 -18 43 8 -47 -40
-98 37 -52 -34 -25 -2 6 -51 94 -57
-64 -99 -38 -77 35 -30 32 95 -96 -74
31 -59 -95 -18 -12 43 -31 93 7 -19
-49 94 -25 22 -76 -70 63 -98 4 17
9 -62 -22 -96 9 -24 90 -69 97 89
35 94 24 96 67 -61 23 -33 9 -57
49 -91 -79 51 56 -14 -57 -94 90 -28
-93 -62 -82 44 14 -48 69 -6 60 33
-48 21 59 52 18 -32 44 96 0 -93
-58 21 16 -17 81 -33 -75 27 53 36
18 83 -28 -47 85 -10 -40 27 -90 -88
43 -75 -49 46 40 -25 -54 -62 73 79
44 2 -19 -46 4 4 -43 -68 -72 -74
-15 53 -45 -34 42 -75 -20 -84 10 -89
-76 -26 -46 62 11 -82 -70 71 -40 85
-12 -94 42 26 30 9 45 96 -82 -48
69 -91 -59 74 5 75 -36 29 -16 35
-19 -72 -3 59 25 -13 46 -44 -49 -82
-6 70 68 -13 -8 -28 8 -99 -35 45
13 22 -8 93 -42 -92 -74 53 20 -15
50 22 99 -28 65 62 -74 -54 94 -38
-79 -51 -61 15 25 78 -13 28 -22 66
16 93 80 -54 56 -35 96 53 4 -91
-98 -76 -48 90 -64 37 -17 -17 -44 13
-85 -65 -86 29 -25 10 -44 -35 99 -83
29 70 -89 -96 19 42 82 96 22 67
72 -91 -20 -38 36 -63 -51 -6 -59 -25
6 -43 -95 42 -52 82 4 14 93 -65
-90 -36 -33 -67 -82 91 -56 -41 2 84
32 -92 5 16 21 3 -68 -70 -5 -25
44 -50 -30 -61 -83 -7 15 7 -22 23
-71 -92 -21 8 42 -57 25 -29 -3 -25
-41 -47 -98 -39 -46 81 -49 -25 -92 88
-30 84 -35 -64 -60 53 -43 -95 -86 -38
93 -58 34 72 62 -95 -58 48 -59 -34
-49 -39 -66 -38 51 -75 93 46 61 -68
10 -62 74 3 77 48 -17 65 61 10
48 85 36 22 57 -36 -30 -17 98 -38
56 93 93 -73 0 62 -87 -26 -29 65
-96 -69 -67 -2 68 67 41 73 59 48
-45 -17 -58 33 -52 17 23 32 57 -49
-2 4 -34 21 -70 -87 31 66 13 -16
-67 64 44 99 -48 -85 65 14 2 19
-25 43 98 -5 45 -16 -23 86 76 -95
-87 6 34 -96 -19 -40 -47 -79 -15 0
17 79 74 37 -87 75 76 0 -73 -79
-9 12 -20 87 48 -81 -41 84 -74 89
3 32 89 -77 10 87 -26 97 62 71
95 48 58 -53 -31 0 46 93 -53 -37
9 73 77 85 -69 -60 -11 -47 -16 -55
-23 98 -40 -77 -93 -20 -23 28 8 -34
31 -88 49 57 -86 -11 77 -64 6 -4
76 -85 -47 56 -29 -35 -54 -46 92 78
-88 23 -25 -53 -7 64 15 -98 66 -97
0 -20 80 -34 -39 7 61 -53 -44 98
94 3 96 35 -80 13 -16 -81 97 12
59 92 -71 -4 -63 33 29 35 -81 9
66 4 48 -96 16 43 -60 53 96 -78
41 55 21 -52 85 -32 -50 16 -12 -14
12 35 22 66 24 -50 43 -25 -95 -29
86 96 5 76 -20 27 -39 24 -60 -70
88 37 -70 -49 -43 21 -15 89 87 9
-70 -49 -15 -26 -87 21 20 51 39 81
-99 -76 96 47 -74 -31 78 -85 -60 12
52 84 60 24 37 41 11 -50 -92 42
-84 70 -67 38 -88 12 -65 35 -66 -5
71 52 17 59 23 64 -18 48 -8 81
62 -13 15 31 -59 23 -10 44 37 -7
77 -2 34 50 -66 83 -36 26 -93 4
76 59 74 5 -21 -12 27 -70 26 83
-49 68 12 -45 -92 -90 -58 83 89 -30
-39 17 13 5 -70 14 -44 -35 -67 -98
-15 -75 -75 39 -81 37 6 3 88 -61
-25 95 98 -70 -73 -93 -28 -89 -49 46
3 17 -53 -62 -86 21 -23 -22 13 2
-5 -58 -89 -36 23 10 -83 6 -86 72
98 93 -78 -57 -28 84 -59 -97 -86 79
-17 -97 52 98 -30 18 66 67 -29 -85
35 -54 15 -99 -48 -80 13 -68 95 -83
-96 75 78 -92 61 85 69 -1 97 -65
22 18 -3 -87 48 -79 -44 22 -90 -68
48 -44 37 -2 52 -88 81 -96 -11 83
-89 -35 -32 0 -11 73 -71 -64 -35 23
-41 -27 -77 -55 -16 -50 66 -21 68 -98
-97 -69 -19 32 30 -67 -48 -81 -90 -96
-59 18 -60 -86 -56 0 92 22 -67 -55
-32 -22 -62 -13 -85 36 95 -96 68 -38
22 45 1 -45 -36 -42 -10 -71 34 12
27 69 29 -90 50 -48 30 66 34 -74
-11 -53 -79 19 -5 79 99 -53 -19 53
-69 23 88 -97 15 58 -20 -84 76 -33
93 32 -16 -55 -94 -19 93 57 -90 17
44 -4 -47 90 78 -21 -2 9 10 -90
-22 55 85 91 -36 -18 35 95 3 92
-61 78 -19 -32 95 -76 -11 13 -91 76
