46 37 13 34 50 35 38 7 40 39 44 49 26 51 42 19 23 15 4 18 3 47 8 12 17 16 29 9 5 30 33 1 21 6 24 20 36 25 11 43 28 32 31 27 22 10 41 48 2 45 14 0
2 9 36 15 18 46 47 8 40 6 25 13 43 22 50 32 3 37 17 24 41 21 35 5 34 16 10 45 42 49 29 39 28 31 0 51 33 38 12 1 4 19 44 30 26 11 14 23 7 27 20 48
26 11 29 4 30 37 38 41 48 33 13 32 25 39 43 51 5 2 28 50 49 36 18 9 16 45 19 20 21 23 10 44 8 3 15 31 27 14 7 1 17 40 24 6 46 22 12 42 47 0 34 35
1 23 24 18 34 5 31 4 8 0 22 49 10 38 47 19 12 9 36 6 16 39 27 3 48 40 50 46 26 25 15 33 17 44 32 20 41 42 30 11 2 43 45 7 35 14 29 51 13 37 21 28
44 10 35 37 25 31 0 34 12 27 15 36 45 4 17 28 30 23 19 26 51 48 42 5 21 8 16 39 18 50 3 22 6 9 46 41 2 7 32 38 43 47 40 14 1 49 24 29 20 13 33 11
47 16 41 43 19 14 15 39 33 37 34 38 18 21 8 42 49 13 40 11 27 20 9 51 5 6 1 4 35 17 44 45 12 2 23 26 3 32 0 22 7 31 50 28 48 25 24 10 46 36 29 30
7 46 26 8 2 5 9 35 11 22 39 20 28 17 38 4 32 14 49 21 16 15 25 19 41 31 40 12 29 34 23 33 47 37 30 18 24 27 50 51 36 48 13 45 6 3 44 1 42 43 10 0
17 3 25 21 22 15 27 46 30 7 10 4 14 43 18 35 24 47 1 34 36 42 44 2 31 51 8 49 5 50 23 0 29 9 12 37 20 13 28 16 11 33 45 40 39 26 48 32 19 6 38 41
0 12 51 15 49 27 6 42 14 33 45 19 21 39 22 40 29 35 20 31 4 30 10 11 1 24 48 26 9 13 43 28 5 8 18 37 23 25 2 41 38 3 7 36 47 46 44 32 34 50 16 17
1 14 23 19 44 7 22 4 40 15 18 20 46 48 32 26 36 51 29 45 5 13 34 6 12 16 0 47 35 21 10 43 17 24 11 49 37 2 50 28 30 33 41 38 42 27 8 31 9 3 25 39
45 8 51 33 37 34 19 15 49 31 16 3 11 35 29 14 1 42 25 6 18 39 40 24 22 50 32 44 41 10 23 30 13 17 2 43 5 12 7 9 36 20 38 28 47 46 0 21 48 26 4 27
4 26 48 0 18 20 10 50 45 5 3 23 29 21 15 9 49 2 7 30 38 37 40 33 11 31 22 36 43 8 35 28 25 1 47 42 13 19 34 16 39 14 41 44 27 32 46 24 12 17 6 51
3 1 27 42 4 7 50 45 18 33 48 34 10 23 21 6 51 25 22 41 30 46 32 17 29 35 0 39 8 24 44 16 28 9 37 19 14 15 2 43 11 36 12 40 31 49 13 47 20 5 38 26
49 34 16 32 28 42 21 8 1 10 15 43 33 14 5 39 9 24 7 20 30 3 25 40 31 51 36 38 2 35 50 4 44 6 45 19 11 0 41 26 18 37 48 27 22 17 46 13 47 29 12 23
22 21 17 8 43 14 37 11 49 23 51 28 2 19 0 40 41 36 18 42 26 30 39 4 38 48 10 24 13 33 35 46 20 12 3 5 29 25 1 50 9 45 6 27 16 47 34 44 32 31 7 15
18 10 14 28 48 49 2 8 21 47 27 36 17 37 7 13 24 42 16 5 1 4 15 3 29 30 41 11 6 38 35 34 45 51 19 32 50 43 39 9 44 33 0 26 12 31 20 25 40 46 23 22
2 28 33 13 42 21 4 1 46 45 36 3 23 50 43 51 41 44 20 19 17 16 34 49 26 5 35 10 40 47 37 24 18 38 25 39 6 0 27 29 15 11 14 7 32 31 22 48 12 9 8 30
44 21 7 36 3 15 8 42 39 0 43 10 30 27 37 46 6 29 16 41 51 34 25 32 17 19 35 49 31 23 47 4 38 28 26 5 18 11 9 1 33 2 50 40 20 14 12 24 45 22 48 13
25 20 38 34 18 46 50 16 44 10 6 27 15 45 23 17 5 0 35 2 12 51 43 13 26 1 31 33 9 41 4 14 11 37 21 29 32 3 39 49 28 47 19 42 7 24 36 30 40 48 22 8
29 3 30 23 16 14 41 19 33 11 20 42 46 49 40 27 5 6 50 44 8 31 13 18 24 32 43 0 28 21 48 15 39 34 2 25 35 12 45 36 7 37 10 9 38 22 51 4 47 26 1 17
32 47 37 26 22 42 46 18 12 50 27 48 13 25 21 3 45 4 19 28 36 43 41 30 6 9 31 8 51 20 44 7 38 1 33 16 35 15 23 5 17 0 24 39 29 40 49 34 10 14 2 11
12 1 20 28 16 30 45 26 18 37 47 48 22 6 42 51 24 8 33 13 40 0 49 38 9 41 7 35 44 39 3 34 10 4 23 14 21 36 29 50 43 25 27 5 15 2 17 46 31 11 19 32
2 30 33 10 4 35 34 48 45 16 12 22 37 5 6 42 39 28 50 14 18 23 20 38 31 43 47 9 26 40 51 49 15 11 8 13 41 36 17 46 29 21 25 32 3 7 0 44 27 1 24 19
24 39 28 43 13 18 11 33 40 49 36 12 14 16 47 31 38 26 46 0 2 17 25 50 10 35 41 4 45 32 42 48 19 1 30 51 8 5 23 21 20 15 7 37 9 6 3 44 29 27 34 22
46 37 17 33 48 23 34 27 45 5 9 35 13 0 6 7 19 41 16 47 49 24 29 38 20 10 1 4 2 42 39 18 32 40 30 22 12 44 31 21 50 26 36 43 15 51 11 25 8 14 28 3
27 8 41 48 26 11 12 43 14 50 25 1 34 15 16 6 30 0 5 3 36 4 20 42 32 46 28 24 38 7 18 39 51 45 21 9 19 23 13 31 44 40 35 10 2 47 33 37 22 29 49 17
21 7 44 14 30 11 27 43 16 32 25 48 24 19 18 50 38 17 31 5 34 4 2 8 33 37 40 49 0 15 23 13 46 45 28 47 20 42 3 9 1 26 36 29 39 51 12 10 35 22 41 6
42 12 5 11 43 7 19 26 30 8 47 20 36 3 23 39 0 25 29 28 45 17 44 27 10 33 38 51 49 2 1 32 35 48 13 21 18 41 15 50 31 16 22 24 4 9 40 46 34 14 6 37
0 16 35 36 12 31 4 43 42 5 29 20 47 44 7 8 21 9 17 45 46 3 10 19 11 1 50 22 40 2 28 49 27 18 41 34 23 32 38 37 25 13 15 48 33 26 24 14 39 6 51 30
45 46 28 16 24 2 29 9 38 32 48 49 51 19 34 50 30 26 17 39 47 27 44 0 14 15 6 25 43 8 4 22 31 5 40 20 41 18 3 21 10 13 36 7 23 12 1 37 35 42 11 33
15 29 12 1 43 45 35 38 33 41 28 8 3 5 0 44 47 27 24 22 51 13 49 32 10 50 23 30 17 20 18 39 34 14 2 37 7 21 31 42 48 26 36 25 40 9 19 4 46 16 6 11
30 43 28 0 2 40 13 15 44 45 51 27 37 25 31 17 16 48 42 10 6 12 19 23 24 11 36 9 8 34 32 47 14 7 35 22 5 20 4 1 18 39 46 49 21 50 29 41 26 33 38 3
15 27 50 11 1 0 38 2 34 28 51 18 12 10 7 13 33 43 24 26 45 23 17 36 32 19 46 44 40 39 4 35 5 3 6 41 20 42 14 21 47 29 9 31 48 30 22 49 8 37 16 25
21 37 16 24 33 51 50 22 5 34 46 17 41 26 23 11 27 13 3 32 44 18 20 1 8 39 49 14 0 9 40 30 4 2 36 45 10 43 29 42 35 7 12 19 15 47 6 31 28 48 25 38
6 29 50 15 35 8 47 12 48 41 36 51 25 38 0 42 20 17 28 4 9 3 5 7 44 16 32 34 43 2 31 30 27 37 18 21 11 45 39 13 1 10 22 24 26 46 33 49 40 19 14 23
37 28 22 34 13 17 47 0 15 21 40 35 24 20 26 7 38 8 25 14 39 32 43 9 18 51 11 44 4 10 27 2 50 19 23 33 12 16 45 1 48 5 6 41 3 31 29 46 49 30 36 42
46 39 14 13 29 8 31 51 44 45 7 2 42 0 16 18 43 32 6 33 17 5 11 30 38 3 40 34 26 23 10 36 47 48 15 21 28 1 19 35 22 37 20 41 27 12 9 24 25 49 50 4
37 12 51 46 2 23 32 3 16 4 9 10 25 29 15 11 7 44 41 42 1 34 50 22 43 28 8 49 14 36 48 35 21 13 18 31 47 45 38 5 39 24 6 17 30 27 26 20 19 0 33 40
23 37 26 41 17 39 12 27 46 32 25 3 0 16 18 31 2 7 21 4 15 9 14 28 22 44 42 8 50 24 33 47 51 13 45 38 10 29 48 1 36 5 30 20 34 35 43 40 6 11 49 19
28 13 40 3 27 20 15 12 37 19 6 5 25 8 47 18 49 35 11 43 21 32 2 17 22 1 39 34 23 29 30 10 0 41 33 45 36 44 48 46 24 50 51 4 9 14 16 42 38 31 26 7
39 1 36 19 50 24 21 11 27 17 3 7 25 28 40 13 2 10 37 15 42 43 33 6 31 5 49 12 45 47 20 26 9 48 46 34 35 8 16 41 30 51 18 0 44 22 38 23 14 4 32 29
17 47 48 1 50 39 7 45 20 28 26 30 40 10 32 22 51 23 16 2 43 14 9 46 3 35 42 18 33 8 0 4 41 34 44 36 6 15 21 13 37 25 27 5 29 49 12 24 19 11 38 31
18 47 34 13 45 49 29 24 6 31 15 19 21 28 40 48 7 36 12 41 0 27 17 42 30 33 46 5 25 35 1 4 16 9 37 22 32 23 14 10 51 20 26 2 38 39 44 8 43 3 50 11
6 13 25 46 9 14 40 28 15 44 21 47 29 41 48 18 2 22 19 38 17 32 42 7 1 11 26 35 20 24 8 23 36 34 10 31 5 49 50 4 51 27 43 12 39 37 3 33 0 45 30 16
31 46 43 41 26 15 20 8 4 32 38 9 47 23 19 34 0 1 30 22 6 2 29 33 24 48 12 39 3 14 18 35 37 50 51 10 28 40 16 5 45 13 42 11 44 27 49 21 25 7 36 17
30 46 41 3 14 33 29 47 4 44 24 38 8 21 36 19 42 1 23 5 39 51 35 37 43 18 32 26 7 31 34 0 27 13 10 40 22 15 11 17 20 45 48 50 9 12 25 2 16 49 28 6
25 6 2 37 7 45 33 42 29 34 44 10 12 0 43 48 1 40 5 19 26 21 17 36 20 14 24 38 46 30 11 22 49 18 15 3 27 31 4 41 28 35 9 8 13 23 16 50 32 47 39 51
16 45 34 36 50 27 40 4 37 51 47 43 2 17 21 12 24 49 3 13 8 10 42 9 14 26 11 29 30 32 39 46 7 33 19 18 0 35 6 31 1 20 25 44 5 48 28 38 23 41 22 15
21 5 20 46 38 35 40 50 0 12 45 44 25 39 48 49 14 8 31 47 6 2 11 34 32 37 30 15 51 18 42 27 9 16 41 33 1 29 22 10 3 7 13 36 28 24 26 23 19 43 17 4
21 30 20 35 19 51 8 40 48 27 9 46 43 12 1 7 14 4 10 6 45 47 16 32 5 39 34 50 36 33 15 23 31 3 41 22 42 13 0 26 37 44 28 49 17 11 38 25 29 18 2 24
31 48 25 14 41 29 13 16 22 46 40 51 27 9 45 3 21 8 1 24 0 26 35 38 20 34 23 36 4 10 42 6 28 50 18 49 15 47 5 32 43 30 44 37 12 33 11 7 17 39 2 19
35 49 39 7 37 51 40 29 14 16 38 33 45 20 30 11 10 26 41 21 3 47 5 32 25 27 43 12 42 22 50 1 15 18 8 9 4 44 17 24 34 0 36 19 6 46 13 2 31 28 48 23
37 32 45 44 49 7 24 30 39 48 6 46 19 5 26 38 23 42 12 29 14 36 21 9 27 31 17 25 2 8 1 34 10 35 40 18 0 16 20 51 33 22 4 15 43 11 41 13 28 50 3 47
1 18 43 51 50 25 47 31 8 41 12 32 24 49 9 29 27 45 28 7 19 21 37 46 0 10 2 23 14 17 36 20 42 39 26 34 3 5 38 4 30 33 22 13 16 35 11 6 40 48 44 15
5 45 8 36 24 2 11 10 3 35 47 29 49 34 15 39 22 18 25 38 12 33 21 9 13 32 7 17 27 42 0 20 43 37 51 50 1 6 48 28 46 26 41 30 19 16 4 31 14 40 23 44
31 5 41 1 14 36 12 16 22 27 43 51 7 8 32 30 23 44 29 42 26 38 21 13 34 18 19 6 37 48 47 11 15 4 24 46 3 10 25 20 49 28 0 39 45 17 50 2 33 35 9 40
28 2 18 31 14 13 26 49 15 11 38 10 25 12 47 29 40 51 44 5 45 16 21 8 19 34 39 22 3 37 1 33 6 4 41 17 48 42 0 46 43 24 50 32 20 27 7 30 23 36 35 9
31 33 2 20 46 18 26 6 34 49 7 4 36 51 44 0 28 1 15 37 43 47 24 38 30 14 35 21 9 22 45 10 12 5 8 16 41 13 42 27 11 32 29 39 50 25 48 40 19 23 17 3
29 23 49 20 48 1 44 24 18 13 47 33 7 3 14 8 28 11 36 38 37 30 16 17 6 10 41 0 9 35 21 15 40 34 22 12 2 26 32 19 46 50 5 43 31 27 4 42 51 45 39 25
27 39 30 7 32 44 5 46 17 40 9 20 43 14 35 11 23 2 4 1 37 51 22 8 26 34 42 47 41 12 0 28 49 16 6 3 50 18 25 33 24 19 48 21 15 31 13 45 36 38 29 10
45 34 0 15 27 29 47 12 19 33 36 28 5 37 51 40 1 24 22 7 43 48 26 20 25 10 2 30 11 14 39 49 6 32 41 31 23 42 13 38 46 4 17 16 50 8 21 3 44 9 18 35
20 26 35 27 43 5 49 30 11 38 36 44 6 28 25 19 7 31 34 51 22 40 4 14 0 42 15 50 21 47 33 13 24 46 18 23 2 29 37 8 10 16 39 41 9 12 1 45 3 48 17 32
39 37 36 41 40 32 28 25 22 0 3 44 45 35 5 50 30 47 2 6 12 13 34 17 20 4 29 33 46 11 16 31 15 9 43 24 14 48 42 7 27 10 51 38 18 8 49 1 19 26 23 21
41 23 34 12 26 4 29 32 35 47 14 5 19 38 7 25 48 22 50 37 46 49 10 39 42 2 0 8 21 28 43 9 51 1 30 31 17 33 3 20 45 24 13 18 11 6 16 44 36 40 27 15
17 22 25 27 12 42 8 46 6 45 9 41 51 24 38 37 15 40 11 32 19 31 50 2 49 44 10 0 3 23 26 18 1 21 39 20 16 7 48 34 5 14 35 29 43 13 4 47 28 30 33 36
23 10 41 35 12 44 21 42 34 3 36 50 46 40 14 0 31 20 47 15 9 39 38 43 1 37 13 45 27 26 51 28 8 48 5 32 49 18 16 17 7 25 29 11 22 19 24 30 6 2 4 33
15 37 12 11 20 47 44 19 6 42 14 1 46 22 26 10 32 23 29 51 40 24 18 30 4 7 28 27 43 8 9 38 49 3 0 2 25 33 5 34 13 31 21 39 50 36 17 16 41 48 45 35
1 15 20 31 10 48 18 27 14 21 2 5 46 30 23 43 9 45 4 6 33 41 34 35 40 3 7 17 38 28 8 44 26 16 11 19 39 42 29 49 32 47 22 24 51 50 25 37 36 12 13 0
7 39 30 4 26 12 25 22 42 33 11 47 10 18 37 6 14 9 36 3 38 51 28 8 34 45 13 0 43 24 40 15 27 50 1 5 35 49 17 31 44 32 19 20 2 16 46 48 21 29 41 23
12 51 38 37 27 22 19 31 14 6 3 36 20 18 24 1 30 0 28 13 32 9 48 5 10 2 39 33 40 16 43 21 44 49 41 50 45 35 42 47 15 46 26 25 4 17 34 8 11 7 23 29
23 33 3 46 47 5 41 26 45 9 31 19 7 18 15 22 35 27 24 42 50 25 40 30 32 38 21 44 51 11 36 39 28 14 49 16 6 48 29 4 37 0 43 2 8 12 13 34 10 20 1 17
4 3 21 49 45 47 16 36 17 23 10 48 32 5 38 30 31 8 9 35 42 37 34 18 11 2 51 22 0 39 50 25 12 27 33 15 20 6 44 7 13 46 41 29 24 14 19 28 43 26 1 40
12 35 5 27 47 37 25 7 40 46 4 43 15 18 3 10 45 31 51 17 34 28 13 42 32 29 21 39 41 48 16 38 11 26 14 2 30 0 9 33 20 49 44 1 50 36 6 8 24 19 23 22
44 28 50 9 23 12 5 14 15 6 0 17 11 35 41 49 45 48 16 37 2 1 27 30 18 39 10 38 36 47 20 19 26 34 40 13 32 31 7 33 22 8 4 21 42 51 3 46 43 24 29 25
26 47 50 40 39 45 3 18 30 17 19 42 37 41 44 20 7 32 13 21 24 29 49 8 5 0 48 46 10 33 14 31 38 9 43 51 6 25 15 23 34 12 16 22 35 4 27 36 2 11 1 28
26 21 38 16 14 3 44 4 32 49 7 37 25 43 30 19 18 1 47 2 10 22 46 13 33 48 15 12 11 36 31 24 28 34 40 29 41 51 39 50 17 42 27 8 5 20 23 45 9 35 0 6
40 37 42 18 0 31 11 25 12 49 2 22 24 33 51 30 39 34 43 5 41 29 4 23 14 7 50 47 28 16 8 21 26 19 13 32 15 48 17 35 27 38 9 3 46 1 10 20 45 36 44 6
29 9 21 16 38 45 33 15 26 42 35 7 28 12 2 6 50 8 19 34 40 4 1 36 13 17 43 20 47 39 51 32 23 22 0 14 25 41 24 49 46 48 30 44 31 27 37 10 11 18 3 5
17 8 20 34 36 9 49 2 43 42 45 0 37 24 16 13 35 3 28 30 50 1 33 5 12 48 22 29 18 44 46 51 14 40 10 47 21 4 6 25 19 27 26 15 32 39 7 23 41 31 38 11
26 22 5 48 37 12 30 8 2 17 21 10 38 39 40 43 29 7 32 47 28 34 36 45 4 27 24 16 9 6 46 20 51 19 23 42 35 18 11 31 50 0 13 41 14 25 15 3 44 49 33 1
43 28 1 17 21 38 31 19 14 37 23 10 35 15 2 7 40 18 0 30 12 9 33 25 41 16 22 39 6 50 4 51 26 8 34 46 24 42 47 36 48 45 13 44 5 49 11 27 20 29 32 3
27 39 50 12 46 24 0 28 29 48 10 11 6 1 41 2 34 33 44 19 42 30 16 25 3 43 9 36 22 32 51 13 31 18 7 23 45 35 21 37 47 4 5 26 20 49 40 15 14 38 17 8
8 32 20 9 24 46 19 44 38 12 22 47 51 18 10 27 41 35 17 23 43 15 25 7 30 21 16 37 6 45 11 50 49 40 4 42 33 1 5 3 36 39 29 48 28 0 26 2 34 14 31 13
7 5 6 16 48 2 22 43 28 21 11 9 39 45 34 47 42 30 26 4 51 33 25 3 49 1 36 37 41 46 23 29 18 24 31 38 10 8 32 35 0 19 17 40 44 50 13 14 27 15 20 12
29 37 50 33 12 6 26 40 17 45 42 8 38 25 36 22 24 31 48 23 47 34 41 20 19 39 9 18 27 15 30 14 35 1 3 32 46 21 44 5 0 2 13 11 49 7 43 16 51 10 4 28
38 21 13 26 5 27 36 6 1 17 32 18 2 23 12 49 29 43 50 20 14 7 47 31 9 10 40 35 0 25 39 41 48 44 45 30 33 22 16 15 28 19 46 37 51 42 11 8 4 34 24 3
19 28 26 45 46 30 4 50 42 20 17 29 40 23 41 8 5 16 44 38 13 0 34 31 37 47 27 10 3 25 2 35 24 6 33 43 1 7 51 14 22 11 9 36 18 32 15 49 48 39 12 21
44 11 21 7 6 31 34 3 46 27 35 0 47 16 15 33 32 4 38 25 29 5 19 17 1 30 40 22 12 39 51 10 8 50 49 24 9 48 26 45 36 13 42 14 43 28 20 2 18 23 41 37
19 23 30 50 46 18 13 28 9 16 14 31 49 39 11 41 47 33 1 22 34 36 32 20 21 26 5 38 45 6 4 29 15 43 37 35 24 2 42 27 0 17 48 8 25 51 40 3 7 44 12 10
9 18 51 34 39 42 50 3 17 32 10 28 12 47 22 26 30 31 16 46 33 36 41 21 40 11 45 0 19 38 6 8 15 13 48 44 2 37 43 5 23 29 7 35 20 14 49 24 25 27 4 1
27 45 1 43 13 46 47 49 33 51 50 6 23 24 0 39 26 38 2 11 18 19 41 12 30 28 48 34 36 9 32 21 17 37 14 7 44 10 40 22 20 29 4 3 8 35 5 15 16 25 31 42
4 46 8 33 25 51 2 10 23 6 0 11 38 31 13 9 44 34 47 16 21 49 7 30 43 26 5 27 35 24 20 32 1 12 42 3 40 19 50 41 15 29 18 17 37 48 36 39 14 22 28 45
17 23 48 5 29 24 1 45 18 14 7 31 19 28 33 27 40 42 39 47 3 16 15 51 0 25 46 43 2 26 21 6 49 35 38 11 4 12 9 8 20 34 50 36 30 32 13 10 37 41 22 44
19 30 41 47 43 23 14 24 40 15 51 16 27 2 48 12 4 5 33 46 8 20 42 29 49 44 35 6 26 22 28 31 45 9 37 13 38 0 32 10 18 39 50 11 36 25 21 1 34 3 7 17
16 48 38 21 12 50 14 5 22 20 23 1 9 41 31 2 7 36 3 33 42 44 35 25 46 34 4 24 37 18 51 29 40 11 6 19 15 13 49 43 32 0 17 8 39 45 30 26 28 10 47 27
10 3 50 40 29 6 34 13 45 19 42 23 31 18 21 16 33 14 4 47 36 32 28 41 15 12 44 7 27 24 35 17 25 51 8 49 46 5 26 0 30 2 9 37 48 38 39 43 22 20 11 1
16 22 33 36 5 51 4 20 14 6 50 43 42 45 26 39 7 17 24 11 23 46 30 48 0 47 35 15 9 44 32 28 21 12 19 40 34 29 49 31 10 38 1 41 13 37 25 27 2 8 3 18
17 25 24 22 37 48 13 26 32 41 23 50 12 44 30 27 40 45 49 14 47 21 43 33 29 8 1 38 10 9 6 36 20 4 11 18 34 5 2 16 35 42 19 7 15 31 39 0 51 46 3 28
18 49 42 47 27 30 25 36 34 24 17 37 31 4 40 43 39 45 2 11 7 35 22 26 9 13 29 48 0 20 12 28 15 38 50 1 5 51 6 14 16 41 19 33 21 32 23 44 10 3 46 8
45 48 42 16 17 49 13 15 31 6 20 23 2 36 33 41 50 43 0 47 29 11 32 9 25 3 24 14 5 1 35 51 40 12 10 30 39 22 34 8 19 37 27 38 21 4 44 46 7 18 26 28
