46 4 43 0 21 32 25 11 1 34 35 16 17 20 5 40 14 45 51 33 10 49 36 26 18 44 3 27 37 7 30 19 24 8 9 15 50 48 23 6 12 31 41 42 22 39 2 38 29 28 13 47
49 34 20 12 15 18 39 50 0 37 19 24 8 13 45 36 23 26 28 51 38 48 27 21 9 43 1 22 40 4 41 5 25 2 31 17 29 33 10 7 14 3 6 42 35 16 30 32 47 46 11 44
21 31 34 27 19 48 40 49 8 32 9 10 5 15 18 44 2 28 11 16 23 30 12 45 35 6 29 42 20 7 33 22 47 51 4 37 43 50 26 36 38 13 39 46 0 1 24 41 3 14 17 25
8 51 18 14 33 17 37 47 7 26 15 5 36 25 49 35 11 20 2 43 21 42 4 38 46 30 19 29 31 41 6 28 23 48 22 9 24 50 32 40 0 44 13 12 1 27 39 3 16 45 10 34
25 48 41 7 45 36 12 42 3 8 33 29 35 31 10 11 16 44 21 20 6 14 22 34 4 15 9 19 13 0 2 17 43 49 1 5 23 27 46 32 24 40 38 50 30 51 47 37 28 26 18 39
44 49 18 4 24 39 3 32 1 6 51 43 35 30 8 20 19 38 11 12 33 29 34 46 26 47 25 15 14 31 16 5 28 45 48 17 50 9 41 36 27 0 21 7 42 40 10 23 37 2 13 22
1 13 28 27 37 39 42 0 25 12 47 8 43 26 44 31 5 7 32 23 51 29 6 18 2 3 41 22 15 11 24 40 20 16 48 35 34 38 50 17 36 33 45 14 30 21 10 49 46 9 19 4
51 19 26 11 24 20 7 43 13 28 48 16 31 8 49 23 14 6 27 2 39 32 21 25 1 30 45 42 38 9 18 36 34 4 0 29 22 17 35 40 33 5 10 3 50 15 41 37 12 47 46 44
47 26 15 18 25 31 24 48 28 34 43 4 39 45 41 23 46 2 51 20 49 38 40 10 22 0 27 36 6 30 7 16 11 21 5 17 13 1 50 8 19 9 33 32 12 42 35 44 29 14 3 37
35 8 26 13 9 41 33 45 14 12 37 50 31 4 28 39 32 7 21 24 0 6 48 18 17 16 22 36 3 42 29 5 38 30 49 20 11 44 2 46 51 27 25 34 43 10 1 15 19 23 47 40
28 45 22 46 26 2 12 25 5 19 38 51 49 13 29 7 15 31 1 42 18 16 8 3 41 6 35 17 0 40 36 14 30 9 48 21 34 20 23 24 27 44 10 32 47 50 33 37 43 39 4 11
3 43 1 0 10 35 46 42 20 22 39 8 19 31 44 6 47 25 34 5 36 24 41 50 14 29 11 18 40 49 4 45 37 16 26 7 21 27 28 2 30 13 51 32 12 33 48 17 23 15 9 38
22 0 1 27 4 42 50 48 26 29 41 37 51 28 32 12 10 25 20 19 31 7 21 2 35 33 23 39 15 40 13 36 5 38 11 18 24 17 3 43 14 16 49 44 34 46 47 30 8 9 45 6
25 43 49 2 10 38 26 37 44 19 27 48 31 23 0 34 8 24 46 51 22 1 3 42 9 17 5 7 18 45 32 14 11 36 29 20 33 13 21 35 28 40 50 6 12 15 39 41 30 4 47 16
8 2 45 44 22 48 35 28 27 16 17 1 41 4 51 47 20 43 50 5 0 7 19 18 15 36 14 38 37 32 21 11 33 26 12 42 10 49 23 34 39 24 40 25 46 3 6 13 31 9 30 29
15 38 10 41 16 21 6 50 30 5 2 29 35 24 44 51 11 43 17 28 19 4 33 12 23 14 40 3 31 22 9 13 27 42 46 49 26 47 0 8 1 32 36 25 45 20 7 39 18 37 34 48
45 9 42 50 31 28 13 34 5 17 11 39 0 27 44 6 15 38 2 20 26 14 12 10 51 19 48 36 35 30 4 25 3 33 7 46 40 23 47 21 18 24 16 29 49 22 32 43 1 41 37 8
4 12 17 45 11 27 25 23 22 8 42 35 20 13 5 34 36 49 37 51 18 21 16 6 39 48 0 29 14 50 9 44 46 7 30 19 41 47 2 38 3 24 1 15 28 31 10 43 40 32 26 33
14 17 44 30 6 10 48 12 41 1 7 19 23 5 33 49 36 43 50 16 11 3 2 27 40 42 13 25 21 28 47 37 20 24 26 9 45 29 18 8 31 15 38 46 0 32 35 22 51 39 4 34
6 24 40 27 28 12 18 16 4 49 30 10 35 33 2 13 14 45 38 8 43 21 50 11 39 20 36 37 42 25 22 9 26 47 5 19 1 41 17 34 0 32 46 48 29 23 15 7 51 3 31 44
44 18 13 11 51 29 35 49 19 33 23 28 8 0 46 42 24 47 4 6 38 3 12 41 17 25 30 16 10 27 9 40 39 34 31 43 1 2 36 7 26 14 5 45 50 21 32 15 48 37 22 20
4 35 3 9 28 33 49 34 31 11 7 23 17 20 0 27 43 26 16 14 8 6 29 36 24 38 15 25 44 39 47 2 41 30 37 51 46 48 5 40 42 50 12 13 19 22 10 32 21 1 18 45
22 11 16 26 21 47 20 37 31 46 44 35 4 15 45 33 51 32 6 49 1 34 23 42 30 14 24 50 41 18 17 40 8 10 19 27 25 43 7 48 39 13 3 0 29 2 38 36 12 9 5 28
16 13 14 11 48 45 36 33 8 17 22 47 7 38 40 15 26 20 9 50 10 30 44 51 19 32 29 18 42 28 24 5 1 23 37 27 34 41 31 46 43 3 2 25 21 39 6 49 12 0 35 4
50 41 43 36 47 40 10 17 51 30 42 3 26 21 32 22 25 33 0 5 11 4 9 23 38 34 13 27 24 48 29 19 12 28 1 2 35 18 20 31 46 16 6 37 8 44 15 39 49 45 7 14
32 14 24 6 21 49 48 17 28 11 8 50 7 33 42 20 22 16 40 18 26 5 45 27 15 36 2 43 10 4 25 44 23 31 30 12 29 51 34 19 47 39 38 35 46 37 1 9 13 41 0 3
4 21 27 24 29 34 9 35 26 44 46 1 37 49 28 31 42 19 5 41 10 22 23 51 13 17 14 20 6 3 15 38 48 11 7 40 50 32 12 47 30 45 39 25 8 36 18 33 0 16 43 2
47 38 15 10 44 40 49 1 39 7 45 23 42 37 36 30 35 17 2 4 25 3 43 5 24 12 19 20 11 6 22 26 13 0 34 41 33 46 28 9 50 51 27 18 31 14 8 48 29 21 16 32
37 19 29 0 46 23 39 6 33 40 35 14 32 45 11 18 25 38 9 41 1 22 2 3 24 10 15 44 4 16 7 36 47 42 51 13 48 34 21 12 26 27 49 31 20 5 43 17 8 50 30 28
4 14 24 1 35 36 11 33 50 21 46 20 17 18 6 40 42 7 0 16 45 28 41 48 2 3 19 47 44 29 43 23 26 5 38 32 30 10 49 12 8 13 34 15 31 22 9 25 39 37 51 27
32 18 7 49 10 17 35 29 3 45 50 33 25 51 47 19 11 24 14 38 39 37 12 28 41 43 22 36 1 8 20 30 6 15 0 40 42 31 21 2 27 26 5 44 4 13 16 48 46 34 23 9
21 7 32 11 15 5 20 22 39 38 26 9 25 43 51 24 44 31 12 48 42 50 34 45 27 30 17 2 0 23 14 13 16 37 4 18 8 6 36 29 46 35 19 10 40 3 28 33 49 41 1 47
31 43 13 29 49 34 24 17 26 45 3 12 14 19 38 28 22 50 23 11 40 16 2 32 35 36 33 0 6 21 47 10 7 18 1 20 9 25 8 48 39 46 37 15 42 30 4 51 41 27 44 5
50 33 2 26 48 29 3 44 7 31 25 17 42 11 35 47 5 30 18 10 28 40 46 21 24 43 14 6 1 49 27 13 39 32 0 34 23 15 36 37 20 19 22 38 4 41 16 45 9 51 12 8
27 46 41 7 16 37 36 12 22 43 42 38 0 6 24 11 25 10 51 9 50 40 4 44 5 33 30 34 47 26 49 2 18 28 23 14 32 19 17 1 8 35 45 39 15 48 13 3 21 29 20 31
38 16 13 23 39 0 25 42 6 30 36 45 47 32 8 3 37 34 44 51 15 27 40 5 33 35 11 2 18 48 49 1 43 9 29 31 46 26 41 28 21 24 20 22 14 12 19 10 7 4 17 50
49 14 24 13 44 46 25 19 47 5 22 8 23 26 15 40 45 20 27 48 2 34 41 10 12 4 30 29 16 50 39 3 6 9 28 1 7 36 35 37 17 38 43 32 33 18 51 11 0 31 21 42
36 33 34 44 47 28 8 26 24 41 17 32 15 50 0 13 9 48 23 25 2 21 45 37 10 49 14 29 42 19 35 5 46 20 3 7 38 4 16 11 6 22 12 1 31 27 43 30 51 18 40 39
49 50 1 17 32 40 3 13 46 37 7 12 10 51 39 48 6 16 19 21 14 45 22 26 23 2 24 41 44 34 38 4 43 5 33 30 20 29 36 35 42 27 15 11 18 0 8 47 25 31 9 28
41 9 27 35 10 17 22 32 24 25 3 4 20 16 39 28 11 40 15 33 46 19 47 38 26 49 48 2 12 1 6 0 23 18 36 29 21 7 45 44 42 8 37 51 50 14 13 34 30 5 43 31
4 36 23 26 44 31 7 35 39 1 40 13 21 51 24 33 50 18 48 2 45 28 47 5 29 25 12 6 16 9 43 46 41 14 10 15 17 22 42 30 38 3 37 27 34 19 8 11 0 32 49 20
17 4 13 39 0 49 42 34 47 8 2 1 16 6 15 12 45 18 20 14 7 23 30 24 19 46 22 33 37 31 29 32 25 21 9 26 11 38 35 40 36 27 28 10 50 48 43 41 3 5 44 51
51 39 34 19 40 46 44 35 50 6 43 38 18 27 0 31 32 4 7 36 47 49 29 1 21 42 25 3 14 45 5 33 16 37 17 41 2 22 48 26 9 12 15 23 13 10 28 30 8 11 24 20
9 49 22 21 35 51 2 1 38 5 41 4 13 6 26 14 8 28 20 12 37 15 24 3 44 0 50 25 29 11 36 45 18 48 7 10 40 27 23 42 30 34 31 17 33 39 46 32 43 16 19 47
49 12 1 43 47 2 8 25 30 46 50 38 21 31 48 13 23 42 10 45 33 5 41 26 27 18 36 19 40 35 39 24 32 51 34 11 44 6 17 28 20 37 14 4 15 3 7 29 0 16 9 22
1 45 3 10 27 42 14 43 47 50 11 38 26 25 51 49 46 18 44 37 8 21 36 32 6 39 33 16 40 34 29 9 19 28 30 20 22 48 31 24 23 17 41 12 2 5 7 15 13 4 35 0
16 24 11 5 39 18 22 26 7 44 12 27 1 14 13 25 28 48 23 9 15 40 38 2 51 3 10 36 45 35 17 8 4 50 21 43 37 31 46 6 30 19 32 49 47 33 29 41 42 0 20 34
13 46 30 32 21 43 22 33 26 18 51 0 35 37 44 7 27 24 36 23 17 12 50 31 25 34 2 40 42 20 11 19 49 47 14 45 29 38 28 8 4 16 48 41 9 6 3 15 1 10 39 5
27 40 34 3 13 17 11 28 41 22 20 19 51 26 38 33 32 30 12 29 8 0 44 5 21 45 42 35 48 10 24 47 39 31 46 36 4 1 23 49 15 7 37 50 18 9 2 6 16 43 25 14
49 5 50 51 30 43 46 7 29 44 19 6 2 39 15 35 20 32 10 33 48 0 22 21 23 3 16 28 8 26 12 47 31 18 40 37 13 45 25 34 42 36 41 24 4 27 1 14 38 17 9 11
21 32 22 23 2 15 19 7 46 39 43 37 42 40 14 4 16 1 3 30 18 26 17 9 11 6 50 44 48 29 27 20 41 45 47 25 13 10 51 35 36 49 12 38 0 5 8 24 33 31 34 28
38 40 18 30 45 33 26 2 43 28 48 4 19 1 10 24 21 20 42 22 35 5 23 17 47 46 32 31 11 12 39 14 50 6 13 51 41 25 16 8 29 49 0 36 3 37 15 9 27 34 7 44
4 43 34 26 33 23 15 48 37 11 30 25 47 35 24 21 44 31 49 40 32 14 46 7 10 28 39 5 9 3 1 50 51 20 22 6 0 36 29 27 41 8 2 17 18 16 45 38 42 19 12 13
18 42 26 10 12 31 17 48 43 38 20 45 36 3 8 34 37 30 32 23 50 22 4 49 24 35 15 51 28 47 0 1 7 33 14 46 44 2 41 21 16 40 11 9 39 13 5 6 25 19 27 29
45 32 5 41 46 18 33 10 27 25 9 22 44 51 6 38 29 36 15 48 2 50 28 47 3 42 39 40 1 13 30 14 21 19 24 16 17 34 49 11 12 31 23 43 35 26 4 7 0 37 20 8
29 49 31 48 2 25 1 22 40 26 15 12 5 10 36 23 32 14 8 4 9 42 21 33 47 19 45 38 34 18 17 16 51 37 6 50 0 3 35 24 27 41 7 39 30 13 20 43 44 11 28 46
45 13 7 43 49 21 5 51 32 50 8 17 4 28 33 37 14 19 29 44 22 10 25 9 39 35 23 24 2 16 31 36 34 26 30 38 12 18 0 6 42 46 27 15 48 3 41 40 11 20 47 1
22 26 6 48 47 0 27 42 46 1 24 45 10 20 28 18 39 41 7 21 12 38 37 17 14 3 35 9 8 5 40 51 25 31 30 43 4 19 34 2 29 32 49 23 36 44 33 15 50 13 11 16
25 13 12 36 2 11 24 43 41 21 5 8 51 17 37 23 39 18 47 14 4 38 42 33 22 16 46 7 6 48 9 15 44 29 1 31 20 45 32 3 28 35 19 49 10 0 50 30 27 34 40 26
13 7 46 17 33 28 14 35 41 27 9 47 2 32 3 23 40 19 37 39 50 42 12 29 1 22 6 0 4 21 51 38 49 26 11 16 24 31 10 45 36 30 25 18 8 20 5 15 44 43 48 34
3 8 30 49 36 27 11 35 1 16 19 50 42 43 2 22 37 29 12 32 34 14 0 46 9 48 40 17 41 39 23 10 5 38 26 45 31 28 51 18 15 6 13 25 20 4 21 24 47 7 44 33
14 46 8 42 47 0 48 21 41 25 43 50 29 26 3 35 49 51 17 5 12 6 19 32 33 39 7 16 45 30 34 37 28 44 20 1 23 31 11 24 27 15 36 40 38 22 10 4 13 9 18 2
42 15 16 9 46 29 33 49 45 2 10 17 36 38 47 0 13 14 19 40 26 11 21 41 44 50 39 37 3 48 43 12 28 23 32 30 18 8 34 4 20 31 5 24 27 22 7 1 35 51 6 25
44 35 21 7 5 49 20 3 45 33 51 4 39 17 6 36 34 12 2 50 41 32 42 40 43 19 14 24 22 9 29 11 13 47 48 26 16 23 30 25 0 27 1 31 8 15 10 28 37 18 38 46
2 34 35 9 4 44 5 42 8 25 47 7 19 14 28 1 23 24 46 36 18 39 41 37 17 45 10 48 21 31 11 3 0 50 40 49 6 22 43 26 12 30 20 16 51 32 33 38 15 27 29 13
7 26 11 39 44 32 36 1 15 37 14 5 10 2 13 8 38 20 30 49 19 16 25 46 48 50 29 28 0 34 6 3 23 35 43 17 9 45 51 47 12 40 21 31 27 42 24 22 18 33 41 4
36 43 51 45 2 32 35 37 28 47 13 7 26 42 40 12 34 6 46 5 23 15 50 11 9 8 27 22 48 24 31 16 20 44 30 0 10 3 18 29 1 17 41 25 19 14 4 49 39 38 21 33
30 18 39 22 38 27 29 41 2 44 42 49 12 0 26 11 34 16 36 28 19 31 20 8 6 17 1 45 5 14 13 24 3 15 47 25 32 23 40 51 7 10 50 37 9 21 4 46 33 35 48 43
47 16 41 38 48 30 32 5 35 43 29 13 3 1 24 28 50 36 39 23 37 33 9 12 22 42 51 46 44 45 0 21 34 31 26 17 14 19 2 15 8 10 11 7 4 18 25 27 40 20 6 49
21 11 27 28 4 43 42 51 39 29 8 44 22 25 1 9 35 38 17 32 3 14 19 2 18 5 40 6 16 50 10 49 30 48 0 37 46 33 23 13 41 20 26 15 47 34 31 12 7 45 24 36
25 23 30 31 44 2 28 15 6 33 9 40 17 0 12 43 41 22 19 10 48 24 35 26 27 47 50 13 46 11 20 14 8 18 1 42 39 32 16 37 5 38 3 49 4 29 45 51 34 21 36 7
16 42 5 10 33 39 12 22 29 46 38 47 2 37 11 35 32 41 20 50 3 19 17 36 21 13 1 44 48 14 0 15 25 7 6 23 49 18 28 9 34 24 51 40 26 45 4 8 43 30 27 31
23 13 22 36 27 47 38 49 16 1 6 45 20 40 28 8 10 35 17 2 46 31 37 14 25 26 9 51 5 29 42 19 24 12 43 34 18 11 39 41 15 50 4 32 7 33 0 44 48 30 3 21
6 17 37 19 46 27 3 10 5 24 42 35 34 51 9 45 40 16 15 13 8 50 22 14 18 49 43 26 1 12 31 48 11 2 28 47 29 33 32 21 36 39 4 20 7 41 30 44 23 25 0 38
36 21 24 18 22 27 47 5 11 41 8 2 28 25 39 34 6 9 26 42 29 7 45 44 14 0 49 43 48 19 40 38 37 30 4 23 16 51 10 46 17 50 31 3 15 12 1 20 33 13 35 32
39 17 49 25 33 7 43 13 14 46 11 32 12 18 5 40 41 23 1 9 31 51 24 35 38 47 26 3 15 2 19 48 8 45 4 16 22 42 21 37 20 27 50 29 28 6 34 0 30 36 44 10
21 9 41 6 15 20 50 40 39 33 24 23 34 13 46 31 7 10 1 12 28 37 25 11 14 27 19 38 49 44 16 18 17 47 36 45 51 35 48 29 2 43 8 0 22 5 3 32 4 30 42 26
16 20 24 51 46 30 34 11 45 4 35 38 28 1 6 43 36 23 44 15 49 40 31 33 42 17 32 7 47 10 9 41 29 12 5 48 2 14 37 21 0 50 18 22 39 19 13 3 26 27 25 8
15 40 14 22 51 43 42 38 18 37 50 0 16 5 36 6 39 46 33 27 2 9 1 29 13 12 35 10 3 30 47 19 48 11 17 21 49 24 32 41 23 31 28 8 25 44 34 20 7 4 45 26
4 17 0 7 26 13 2 38 45 24 49 25 42 30 43 51 47 8 12 44 15 39 33 5 9 1 41 3 34 36 37 19 18 14 32 40 21 35 28 20 31 11 50 16 22 6 29 46 27 23 10 48
5 40 32 28 1 36 34 15 37 4 8 41 10 13 48 30 14 11 12 9 7 46 16 24 20 31 33 25 26 3 29 50 17 0 6 51 35 47 38 2 39 19 22 49 44 43 21 45 18 42 23 27
41 30 22 2 35 23 12 16 48 40 21 17 50 34 44 8 11 20 0 27 6 4 28 47 31 3 43 5 1 25 29 18 9 49 14 10 37 15 7 19 42 38 13 36 32 33 26 24 39 45 46 51
1 25 19 39 13 51 30 29 31 3 6 0 22 11 20 35 4 18 16 7 42 5 41 17 43 48 44 28 50 38 26 9 12 21 10 47 32 8 36 2 40 34 23 46 15 49 14 33 27 45 24 37
26 34 3 44 8 5 7 49 51 18 17 48 36 6 38 22 19 27 28 47 30 10 35 23 39 16 42 1 14 0 46 29 15 12 43 33 2 25 21 32 13 9 11 45 37 41 20 40 4 31 24 50
2 10 27 21 51 29 33 44 32 13 18 23 5 7 39 50 34 9 22 1 15 17 28 4 47 38 3 6 35 14 20 25 41 26 31 43 11 40 30 49 45 42 24 12 36 46 0 37 8 16 48 19
31 5 46 26 7 17 32 3 27 4 33 20 10 16 44 38 45 34 14 35 24 41 23 42 1 18 22 47 50 13 30 15 28 51 6 19 40 39 36 11 2 8 48 0 12 29 9 25 21 43 37 49
48 23 5 33 34 45 11 17 2 24 27 39 32 8 25 20 1 3 36 9 43 37 19 4 28 12 44 13 21 26 35 22 41 0 6 50 14 10 31 49 40 7 47 42 29 30 18 46 51 15 38 16
48 19 51 47 26 8 49 17 22 21 6 25 41 13 35 37 30 50 16 32 36 10 15 39 23 0 18 27 11 42 28 20 24 45 12 7 33 1 14 5 44 29 46 4 31 40 3 2 9 43 34 38
31 41 36 40 25 38 50 20 2 3 43 46 4 21 17 30 24 51 19 49 14 23 10 18 42 8 35 28 27 39 29 6 34 33 7 48 37 45 44 5 13 15 26 16 32 12 22 47 11 1 0 9
44 42 13 30 31 27 40 33 38 8 23 47 25 48 15 49 26 41 34 10 29 0 11 32 7 45 50 16 24 20 12 1 17 36 6 46 4 9 2 22 5 18 14 51 43 28 21 37 19 39 3 35
35 10 37 23 8 39 5 20 29 42 32 45 16 4 47 31 30 36 2 46 12 48 9 41 38 6 1 28 7 40 24 19 22 17 14 50 44 15 34 26 11 3 21 0 18 25 49 13 27 43 33 51
42 24 50 2 51 1 46 33 35 5 49 25 36 15 12 26 6 28 18 29 31 40 41 0 20 27 47 39 43 21 16 10 44 22 14 7 38 3 34 19 13 17 4 30 23 9 32 45 8 11 37 48
51 1 47 14 9 27 31 44 20 19 41 16 37 25 39 15 42 24 32 22 30 2 18 8 7 21 49 4 10 48 35 45 17 38 6 36 13 11 5 28 26 33 29 50 23 34 43 12 46 0 40 3
29 39 42 37 15 35 13 26 50 22 41 25 38 0 51 40 33 43 49 3 19 28 24 30 44 7 23 36 6 27 20 21 12 17 14 5 47 16 34 1 18 4 32 46 48 8 45 31 9 11 10 2
46 14 40 17 44 33 22 15 26 16 11 51 13 0 25 43 41 31 6 8 39 32 2 34 19 20 49 47 7 12 18 21 28 9 10 29 4 50 35 23 1 42 30 45 5 3 27 24 48 37 36 38
40 44 33 8 26 15 9 11 35 6 25 30 43 1 0 24 45 48 32 7 18 39 38 27 4 51 21 23 19 3 47 31 42 46 49 12 37 13 20 16 28 2 5 41 14 22 36 29 34 50 10 17
8 35 10 32 6 51 5 0 42 29 46 27 39 30 9 20 36 12 33 45 4 19 3 31 41 24 34 17 40 47 18 25 14 38 44 43 16 13 28 49 23 1 7 21 22 15 26 11 2 48 37 50
40 15 39 16 18 48 22 23 33 35 14 7 42 20 12 50 25 24 44 32 36 10 0 46 27 6 9 8 2 13 26 17 28 4 30 19 34 47 21 11 43 45 3 37 1 41 51 31 5 29 38 49
22 20 49 32 23 43 0 50 16 19 26 11 31 33 51 41 17 12 5 35 8 34 9 7 24 46 44 2 15 4 45 13 6 18 28 27 47 1 40 29 25 36 21 3 39 30 10 48 42 37 38 14
25 26 0 37 47 40 6 19 38 1 50 15 45 7 33 3 11 48 41 5 17 14 13 29 2 18 32 43 28 24 20 36 30 16 27 35 10 46 12 34 42 49 4 31 8 39 44 23 51 21 22 9
