31 0 34 13 30 10 41 49 29 4 37 17 28 9 40 48 27 3 44 16 26 12 20 51 25 6 38 19 24 7 39 46 33 1 42 14 21 11 43 50 22 5 36 18 23 8 45 47 32 2 35 15
31 11 35 50 28 4 41 17 29 6 40 19 30 0 38 13 27 9 45 48 26 3 44 16 25 8 43 47 24 2 39 15 33 12 21 51 34 5 46 18 22 7 42 20 23 1 37 14 32 10 36 49
31 4 41 17 30 8 45 47 21 1 40 14 28 11 29 50 26 5 44 18 27 7 39 20 25 0 38 13 24 10 43 49 35 3 46 16 32 9 36 48 34 2 42 15 22 12 23 51 33 6 37 19
31 7 34 46 30 1 35 14 29 11 41 50 28 4 40 17 27 8 37 47 26 2 44 15 25 12 38 51 24 5 39 18 21 6 43 19 20 0 42 13 22 10 45 49 23 3 33 16 32 9 36 48
31 3 41 16 23 12 28 51 29 6 40 19 30 8 46 21 27 1 45 14 26 10 44 49 25 4 43 17 24 9 39 48 36 2 38 15 32 11 35 50 22 5 47 18 34 7 37 20 33 0 42 13
31 9 34 48 30 3 35 16 29 8 37 47 28 2 40 15 27 12 26 51 20 5 36 18 25 6 38 45 19 0 39 13 32 10 42 49 24 4 43 17 22 7 41 46 23 1 44 14 21 11 33 50
23 5 41 18 31 7 40 20 29 0 45 13 30 10 38 49 27 3 44 16 28 9 43 48 26 2 39 15 25 12 24 51 32 6 47 19 35 8 46 21 22 1 36 14 34 11 37 50 33 4 42 17
31 8 41 47 30 1 45 14 21 11 28 50 29 4 40 17 26 6 44 19 27 0 39 13 25 10 38 49 24 3 43 16 35 9 46 48 32 2 36 15 34 12 22 51 23 5 42 18 33 7 37 20
31 1 34 14 30 11 41 50 28 5 37 18 29 8 40 47 27 2 44 15 26 12 38 51 25 6 39 19 24 7 43 20 33 0 42 13 21 10 46 49 22 4 36 17 23 9 45 48 32 3 35 16
31 12 21 51 28 5 41 18 29 7 40 20 30 1 38 14 27 10 45 49 26 3 44 16 25 8 43 47 24 2 39 15 33 11 34 50 35 4 46 17 22 6 42 19 23 0 37 13 32 9 36 48
31 3 34 16 30 9 41 48 20 2 40 15 29 12 28 51 27 6 37 19 26 7 44 46 25 0 38 13 24 10 39 49 33 4 42 17 21 8 43 47 22 1 36 14 23 11 45 50 32 5 35 18
21 6 41 19 31 0 40 13 29 10 37 49 30 3 38 16 27 9 44 48 28 2 43 15 26 12 25 51 24 5 39 18 34 7 46 20 33 1 42 14 22 11 45 50 23 4 35 17 32 8 36 47
31 2 41 15 21 11 28 50 29 5 40 18 30 7 38 20 27 0 45 13 26 10 44 49 25 4 43 17 24 9 39 48 35 3 46 16 34 12 32 51 22 6 36 19 23 8 42 47 33 1 37 14
31 10 34 49 30 4 35 17 28 7 37 46 29 1 40 14 27 11 44 50 26 5 38 18 25 6 39 19 20 0 43 13 33 9 42 48 24 3 45 16 22 8 36 47 23 2 41 15 21 12 32 51
23 6 41 19 31 8 40 21 29 1 45 14 30 11 38 50 27 4 44 17 28 9 43 48 26 2 39 15 25 12 24 51 32 5 47 18 35 7 46 20 22 0 36 13 34 10 37 49 33 3 42 16
31 9 34 48 30 2 41 15 20 12 29 51 28 5 40 18 27 7 37 46 26 0 44 13 25 10 38 49 24 3 39 16 33 8 42 47 21 1 43 14 22 11 36 50 23 4 45 17 32 6 35 19
31 0 40 13 30 10 41 49 28 4 37 17 29 9 44 48 21 3 38 16 26 12 27 51 25 6 39 19 24 7 43 20 33 1 42 14 34 11 46 50 22 5 36 18 23 8 45 47 32 2 35 15
31 11 21 50 28 4 35 17 29 6 40 19 30 0 38 13 27 9 37 48 26 3 44 16 25 8 43 47 20 2 39 15 33 12 34 51 24 5 45 18 22 7 41 46 23 1 42 14 32 10 36 49
31 4 41 17 30 8 45 47 21 1 40 14 28 11 29 50 26 5 44 18 27 7 39 20 25 0 38 13 24 10 43 49 35 3 46 16 32 9 36 48 34 2 42 15 22 12 23 51 33 6 37 19
21 7 41 20 31 1 40 14 29 11 37 50 30 4 38 17 27 8 44 47 28 2 43 15 26 12 25 51 24 5 39 18 34 6 46 19 33 0 42 13 22 10 45 49 23 3 35 16 32 9 36 48
31 3 42 16 21 12 30 51 29 6 41 19 28 8 40 47 27 1 45 14 26 10 44 49 25 4 38 17 24 9 39 48 34 2 43 15 32 11 36 50 22 5 46 18 23 7 37 20 33 0 35 13
31 9 40 48 30 3 35 16 28 8 37 47 29 2 44 15 21 12 26 51 27 5 38 18 25 6 39 19 20 0 43 13 33 10 42 49 24 4 45 17 22 7 36 46 23 1 41 14 34 11 32 50
21 5 41 18 31 7 40 20 29 0 37 13 30 10 38 49 27 3 44 16 28 9 43 48 26 2 39 15 25 12 24 51 33 6 42 19 34 8 46 47 22 1 36 14 23 11 45 50 32 4 35 17
31 8 35 47 30 1 41 14 28 11 45 50 29 4 40 17 26 6 44 19 27 0 39 13 25 10 38 49 24 3 43 16 34 9 46 48 32 2 36 15 21 12 22 51 23 5 42 18 33 7 37 20
31 1 40 14 30 11 41 50 28 5 37 18 29 8 44 47 21 2 38 15 26 12 27 51 25 6 39 19 24 7 43 20 33 0 42 13 34 10 46 49 22 4 36 17 23 9 45 48 32 3 35 16
31 12 20 51 30 5 34 18 29 7 41 46 28 1 40 14 27 10 37 49 26 3 44 16 25 8 38 47 24 2 39 15 33 11 43 50 21 4 45 17 22 6 42 19 23 0 35 13 32 9 36 48
31 3 41 16 30 9 45 48 21 2 40 15 28 12 29 51 26 6 44 19 27 7 39 20 25 0 38 13 24 10 43 49 35 4 46 17 32 8 36 47 34 1 42 14 22 11 23 50 33 5 37 18
21 6 41 19 31 0 40 13 29 10 37 49 30 3 38 16 27 9 44 48 28 2 43 15 26 12 25 51 24 5 39 18 34 7 46 20 33 1 42 14 22 11 45 50 23 4 35 17 32 8 36 47
31 2 42 15 28 11 41 50 29 5 40 18 30 7 46 20 27 0 45 13 26 10 44 49 25 4 43 17 24 9 39 48 34 3 36 16 32 12 35 51 22 6 47 19 23 8 37 21 33 1 38 14
31 10 40 49 30 4 35 17 28 7 37 46 29 1 44 14 21 11 26 50 27 5 38 18 25 6 39 19 20 0 43 13 33 9 42 48 24 3 45 16 22 8 36 47 23 2 41 15 34 12 32 51
31 6 42 19 30 8 35 47 29 1 41 14 28 11 40 50 27 4 45 17 26 9 44 48 25 2 38 15 24 12 39 51 32 5 43 18 21 7 46 20 22 0 36 13 23 10 37 49 33 3 34 16
31 9 41 48 30 2 45 15 21 12 28 51 29 5 40 18 26 7 44 20 27 0 39 13 25 10 38 49 24 3 43 16 35 8 46 47 32 1 36 14 34 11 22 50 23 4 42 17 33 6 37 19
31 0 34 13 30 10 41 49 29 4 37 17 28 9 40 48 27 3 44 16 26 12 20 51 25 6 38 19 24 7 39 46 33 1 42 14 21 11 43 50 22 5 36 18 23 8 45 47 32 2 35 15
31 11 35 50 28 4 41 17 29 6 40 19 30 0 38 13 27 9 45 48 26 3 44 16 25 8 43 47 24 2 39 15 33 12 21 51 34 5 46 18 22 7 42 20 23 1 37 14 32 10 36 49
31 4 41 17 30 8 45 47 21 1 40 14 28 11 29 50 26 5 44 18 27 7 39 20 25 0 38 13 24 10 43 49 35 3 46 16 32 9 36 48 34 2 42 15 22 12 23 51 33 6 37 19
31 7 34 46 30 1 35 14 29 11 41 50 28 4 40 17 27 8 37 47 26 2 44 15 25 12 38 51 24 5 39 18 21 6 43 19 20 0 42 13 22 10 45 49 23 3 33 16 32 9 36 48
31 3 41 16 23 12 28 51 29 6 40 19 30 8 46 21 27 1 45 14 26 10 44 49 25 4 43 17 24 9 39 48 36 2 38 15 32 11 35 50 22 5 47 18 34 7 37 20 33 0 42 13
31 9 34 48 30 3 35 16 29 8 37 47 28 2 40 15 27 12 26 51 20 5 44 18 25 6 38 45 19 0 39 13 33 10 42 49 24 4 43 17 22 7 36 46 23 1 41 14 21 11 32 50
23 5 41 18 31 7 40 20 29 0 45 13 30 10 38 49 27 3 44 16 28 9 43 48 26 2 39 15 25 12 24 51 32 6 47 19 35 8 46 21 22 1 36 14 34 11 37 50 33 4 42 17
31 8 35 47 30 1 37 14 21 11 28 50 29 4 40 17 26 6 44 19 27 0 39 13 25 10 38 49 20 3 43 16 33 9 45 48 24 2 41 15 34 12 22 51 23 5 42 18 32 7 36 46
31 1 34 14 30 11 41 50 28 5 37 18 29 8 40 47 27 2 44 15 26 12 38 51 25 6 39 19 24 7 43 20 33 0 42 13 21 10 46 49 22 4 36 17 23 9 45 48 32 3 35 16
31 12 21 51 28 5 41 18 29 7 40 20 30 1 38 14 27 10 45 49 26 3 44 16 25 8 43 47 24 2 39 15 33 11 34 50 35 4 46 17 22 6 42 19 23 0 37 13 32 9 36 48
31 3 34 16 30 9 41 48 20 2 40 15 29 12 28 51 27 6 37 19 26 7 44 46 25 0 38 13 24 10 39 49 33 4 42 17 21 8 43 47 22 1 36 14 23 11 45 50 32 5 35 18
21 6 41 19 31 0 40 13 29 10 37 49 30 3 38 16 27 9 44 48 28 2 43 15 26 12 25 51 24 5 39 18 34 7 46 20 33 1 42 14 22 11 45 50 23 4 35 17 32 8 36 47
31 2 41 15 21 11 28 50 29 5 40 18 30 7 38 20 27 0 45 13 26 10 44 49 25 4 43 17 24 9 39 48 35 3 46 16 34 12 32 51 22 6 36 19 23 8 42 47 33 1 37 14
31 10 34 49 30 4 35 17 28 7 37 46 29 1 40 14 27 11 44 50 26 5 38 18 25 6 39 19 20 0 43 13 33 9 42 48 24 3 45 16 22 8 36 47 23 2 41 15 21 12 32 51
23 6 41 19 31 8 40 21 29 1 45 14 30 11 38 50 27 4 44 17 28 9 43 48 26 2 39 15 25 12 24 51 32 5 47 18 35 7 46 20 22 0 36 13 34 10 37 49 33 3 42 16
31 9 41 48 30 2 45 15 21 12 28 51 29 5 40 18 26 7 44 20 27 0 39 13 25 10 38 49 24 3 43 16 35 8 46 47 32 1 36 14 34 11 22 50 23 4 42 17 33 6 37 19
31 0 40 13 30 10 41 49 28 4 37 17 29 9 44 48 21 3 38 16 26 12 27 51 25 6 39 19 24 7 43 20 33 1 42 14 34 11 46 50 22 5 36 18 23 8 45 47 32 2 35 15
31 11 21 50 28 4 35 17 29 6 40 19 30 0 38 13 27 9 37 48 26 3 44 16 25 8 43 47 20 2 39 15 33 12 34 51 24 5 45 18 22 7 41 46 23 1 42 14 32 10 36 49
31 4 35 17 30 8 41 47 28 1 45 14 29 11 40 50 26 5 44 18 27 7 39 20 25 0 38 13 24 10 43 49 34 3 46 16 32 9 36 48 21 2 42 15 22 12 23 51 33 6 37 19
21 7 41 20 31 1 40 14 29 11 37 50 30 4 38 17 27 8 44 47 28 2 43 15 26 12 25 51 24 5 39 18 34 6 46 19 33 0 42 13 22 10 45 49 23 3 35 16 32 9 36 48
31 3 42 16 21 12 30 51 29 6 41 19 28 8 40 47 27 1 45 14 26 10 44 49 25 4 38 17 24 9 39 48 34 2 43 15 32 11 36 50 22 5 46 18 23 7 37 20 33 0 35 13
31 9 40 48 30 3 35 16 28 8 37 47 29 2 44 15 21 12 26 51 27 5 38 18 25 6 39 19 20 0 43 13 33 10 42 49 24 4 45 17 22 7 36 46 23 1 41 14 34 11 32 50
21 5 41 18 31 7 40 20 29 0 37 13 30 10 38 49 27 3 44 16 28 9 43 48 26 2 39 15 25 12 24 51 33 6 42 19 34 8 46 47 22 1 36 14 23 11 45 50 32 4 35 17
31 8 35 47 30 1 41 14 28 11 45 50 29 4 40 17 26 6 44 19 27 0 39 13 25 10 38 49 24 3 43 16 34 9 46 48 32 2 36 15 21 12 22 51 23 5 42 18 33 7 37 20
31 1 40 14 30 11 41 50 28 5 37 18 29 8 44 47 21 2 38 15 26 12 27 51 25 6 39 19 24 7 43 20 33 0 42 13 34 10 46 49 22 4 36 17 23 9 45 48 32 3 35 16
31 12 20 51 30 5 35 18 29 7 41 46 28 1 40 14 27 10 45 49 26 3 44 16 25 8 38 47 24 2 39 15 33 11 21 50 34 4 43 17 22 6 42 19 23 0 37 13 32 9 36 48
31 3 41 16 30 9 45 48 21 2 40 15 28 12 29 51 26 6 44 19 27 7 39 20 25 0 38 13 24 10 43 49 35 4 46 17 32 8 36 47 34 1 42 14 22 11 23 50 33 5 37 18
21 6 35 19 31 0 40 13 29 10 37 49 30 3 38 16 27 9 36 48 28 2 43 15 26 12 25 51 20 5 39 18 33 7 42 46 24 1 45 14 22 11 41 50 23 4 44 17 32 8 34 47
31 2 42 15 28 11 41 50 29 5 40 18 30 7 46 20 27 0 45 13 26 10 44 49 25 4 43 17 24 9 39 48 34 3 36 16 32 12 35 51 22 6 47 19 23 8 37 21 33 1 38 14
31 10 40 49 30 4 35 17 28 7 37 46 29 1 44 14 21 11 26 50 27 5 38 18 25 6 39 19 20 0 43 13 33 9 42 48 24 3 45 16 22 8 36 47 23 2 41 15 34 12 32 51
31 6 42 19 30 8 35 47 29 1 41 14 28 11 40 50 27 4 45 17 26 9 44 48 25 2 38 15 24 12 39 51 32 5 43 18 21 7 46 20 22 0 36 13 23 10 37 49 33 3 34 16
31 9 41 48 30 2 45 15 21 12 28 51 29 5 40 18 26 7 44 20 27 0 39 13 25 10 38 49 24 3 43 16 35 8 46 47 32 1 36 14 34 11 22 50 23 4 42 17 33 6 37 19
31 0 34 13 30 10 41 49 29 4 37 17 28 9 40 48 27 3 44 16 26 12 20 51 25 6 38 19 24 7 39 46 33 1 42 14 21 11 43 50 22 5 36 18 23 8 45 47 32 2 35 15
31 11 35 50 28 4 41 17 29 6 40 19 30 0 38 13 27 9 45 48 26 3 44 16 25 8 43 47 24 2 39 15 33 12 21 51 34 5 46 18 22 7 42 20 23 1 37 14 32 10 36 49
31 4 41 17 30 8 45 47 21 1 40 14 28 11 29 50 26 5 44 18 27 7 39 20 25 0 38 13 24 10 43 49 35 3 46 16 32 9 36 48 34 2 42 15 22 12 23 51 33 6 37 19
28 7 34 20 31 1 40 14 29 11 41 50 30 4 38 17 27 8 37 47 26 2 44 15 25 12 43 51 24 5 39 18 21 6 46 19 33 0 42 13 22 10 45 49 23 3 35 16 32 9 36 48
31 3 41 16 23 12 28 51 29 6 40 19 30 8 46 21 27 1 45 14 26 10 44 49 25 4 43 17 24 9 39 48 36 2 38 15 32 11 35 50 22 5 47 18 34 7 37 20 33 0 42 13
31 9 34 48 30 3 35 16 29 8 37 47 28 2 40 15 27 12 26 51 20 5 36 18 25 6 38 45 19 0 39 13 32 10 42 49 24 4 43 17 22 7 41 46 23 1 44 14 21 11 33 50
23 5 41 18 31 7 40 20 29 0 45 13 30 10 38 49 27 3 44 16 28 9 43 48 26 2 39 15 25 12 24 51 32 6 47 19 35 8 46 21 22 1 36 14 34 11 37 50 33 4 42 17
31 8 35 47 30 1 37 14 21 11 28 50 29 4 40 17 26 6 44 19 27 0 39 13 25 10 38 49 20 3 43 16 33 9 45 48 24 2 41 15 34 12 22 51 23 5 42 18 32 7 36 46
31 1 34 14 30 11 41 50 28 5 37 18 29 8 40 47 27 2 44 15 26 12 38 51 25 6 39 19 24 7 43 20 33 0 42 13 21 10 46 49 22 4 36 17 23 9 45 48 32 3 35 16
31 12 21 51 28 5 41 18 29 7 40 20 30 1 38 14 27 10 45 49 26 3 44 16 25 8 43 47 24 2 39 15 33 11 34 50 35 4 46 17 22 6 42 19 23 0 37 13 32 9 36 48
31 3 34 16 30 9 41 48 20 2 40 15 29 12 28 51 27 6 37 19 26 7 44 46 25 0 38 13 24 10 39 49 33 4 42 17 21 8 43 47 22 1 36 14 23 11 45 50 32 5 35 18
21 6 41 19 31 0 40 13 29 10 37 49 30 3 38 16 27 9 44 48 28 2 43 15 26 12 25 51 24 5 39 18 34 7 46 20 33 1 42 14 22 11 45 50 23 4 35 17 32 8 36 47
31 2 41 15 23 11 28 50 29 5 40 18 30 7 46 20 27 0 45 13 26 10 44 49 25 4 43 17 24 9 39 48 36 3 38 16 32 12 35 51 22 6 47 19 34 8 37 21 33 1 42 14
31 10 40 49 30 4 35 17 28 7 37 46 29 1 44 14 21 11 26 50 27 5 38 18 25 6 39 19 20 0 43 13 33 9 42 48 24 3 45 16 22 8 36 47 23 2 41 15 34 12 32 51
23 6 41 19 31 8 40 21 29 1 45 14 30 11 38 50 27 4 44 17 28 9 43 48 26 2 39 15 25 12 24 51 32 5 47 18 35 7 46 20 22 0 36 13 34 10 37 49 33 3 42 16
31 9 34 48 30 2 41 15 20 12 29 51 28 5 40 18 27 7 37 46 26 0 44 13 25 10 38 49 24 3 39 16 33 8 42 47 21 1 43 14 22 11 36 50 23 4 45 17 32 6 35 19
31 0 40 13 30 10 41 49 28 4 37 17 29 9 44 48 21 3 38 16 26 12 27 51 25 6 39 19 24 7 43 20 33 1 42 14 34 11 46 50 22 5 36 18 23 8 45 47 32 2 35 15
31 11 21 50 28 4 35 17 29 6 40 19 30 0 38 13 27 9 37 48 26 3 44 16 25 8 43 47 20 2 39 15 33 12 34 51 24 5 45 18 22 7 41 46 23 1 42 14 32 10 36 49
31 4 35 17 30 8 41 47 28 1 45 14 29 11 40 50 26 5 44 18 27 7 39 20 25 0 38 13 24 10 43 49 34 3 46 16 32 9 36 48 21 2 42 15 22 12 23 51 33 6 37 19
21 7 41 20 31 1 40 14 29 11 37 50 30 4 38 17 27 8 44 47 28 2 43 15 26 12 25 51 24 5 39 18 34 6 46 19 33 0 42 13 22 10 45 49 23 3 35 16 32 9 36 48
31 3 42 16 21 12 30 51 29 6 41 19 28 8 40 47 27 1 45 14 26 10 44 49 25 4 38 17 24 9 39 48 34 2 43 15 32 11 36 50 22 5 46 18 23 7 37 20 33 0 35 13
31 9 40 48 30 3 35 16 28 8 37 47 29 2 44 15 21 12 26 51 27 5 38 18 25 6 39 19 20 0 43 13 33 10 42 49 24 4 45 17 22 7 36 46 23 1 41 14 34 11 32 50
23 5 41 18 31 7 40 20 29 0 45 13 30 10 38 49 27 3 44 16 28 9 43 48 26 2 39 15 25 12 24 51 32 6 47 19 35 8 46 21 22 1 36 14 34 11 37 50 33 4 42 17
31 8 35 47 30 1 41 14 28 11 45 50 29 4 40 17 26 6 44 19 27 0 39 13 25 10 38 49 24 3 43 16 34 9 46 48 32 2 36 15 21 12 22 51 23 5 42 18 33 7 37 20
31 1 40 14 30 11 41 50 28 5 37 18 29 8 44 47 21 2 38 15 26 12 27 51 25 6 39 19 24 7 43 20 33 0 42 13 34 10 46 49 22 4 36 17 23 9 45 48 32 3 35 16
31 12 20 51 30 5 34 18 29 7 41 46 28 1 40 14 27 10 37 49 26 3 44 16 25 8 38 47 24 2 39 15 33 11 43 50 21 4 45 17 22 6 42 19 23 0 35 13 32 9 36 48
31 3 41 16 30 9 45 48 21 2 40 15 28 12 29 51 26 6 44 19 27 7 39 20 25 0 38 13 24 10 43 49 35 4 46 17 32 8 36 47 34 1 42 14 22 11 23 50 33 5 37 18
21 6 35 19 31 0 40 13 29 10 37 49 30 3 38 16 27 9 36 48 28 2 43 15 26 12 25 51 20 5 39 18 33 7 42 46 24 1 45 14 22 11 41 50 23 4 44 17 32 8 34 47
31 2 42 15 28 11 41 50 29 5 40 18 30 7 46 20 27 0 45 13 26 10 44 49 25 4 43 17 24 9 39 48 34 3 36 16 32 12 35 51 22 6 47 19 23 8 37 21 33 1 38 14
31 10 40 49 30 4 35 17 28 7 37 46 29 1 44 14 21 11 26 50 27 5 38 18 25 6 39 19 20 0 43 13 33 9 42 48 24 3 45 16 22 8 36 47 23 2 41 15 34 12 32 51
31 6 42 19 30 8 35 47 29 1 41 14 28 11 40 50 27 4 45 17 26 9 44 48 25 2 38 15 24 12 39 51 32 5 43 18 21 7 46 20 22 0 36 13 23 10 37 49 33 3 34 16
31 9 41 48 30 2 45 15 21 12 28 51 29 5 40 18 26 7 44 20 27 0 39 13 25 10 38 49 24 3 43 16 35 8 46 47 32 1 36 14 34 11 22 50 23 4 42 17 33 6 37 19
31 0 34 13 30 10 41 49 29 4 37 17 28 9 40 48 27 3 44 16 26 12 20 51 25 6 38 19 24 7 39 46 33 1 42 14 21 11 43 50 22 5 36 18 23 8 45 47 32 2 35 15
31 11 21 50 28 4 41 17 29 6 40 19 30 0 38 13 27 9 45 48 26 3 44 16 25 8 43 47 24 2 39 15 33 12 34 51 35 5 46 18 22 7 42 20 23 1 37 14 32 10 36 49
31 4 41 17 30 8 45 47 21 1 40 14 28 11 29 50 26 5 44 18 27 7 39 20 25 0 38 13 24 10 43 49 35 3 46 16 32 9 36 48 34 2 42 15 22 12 23 51 33 6 37 19
31 7 34 46 30 1 35 14 29 11 41 50 28 4 40 17 27 8 37 47 26 2 44 15 25 12 38 51 24 5 39 18 21 6 43 19 20 0 42 13 22 10 45 49 23 3 33 16 32 9 36 48
