5 53 90 103 116 87 0 111 76 123 39 115 72 8 113 1 109 13 11 59 17 121 24 89 27 92 61 81 33 25 52 68 54 16 4 124 126 62 118 51 10 56 31 43 122 107 41 30 98 46 60 36 108 26 85 44 20 117 91 66 88 21 70 65 95 38 71 119 77 125 49 79 102 45 32 22 28 40 99 29 34 57 105 73 9 69 15 112 50 75 7 2 3 48 97 55 94 6 42 12 84 67 18 74 120 83 47 78 37 106 58 35 14 64 23 86 96 104 93 100 19 82 110 80 63 114 101
4 23 101 91 37 43 67 55 97 113 1 48 39 125 52 96 14 93 30 2 5 118 32 106 35 59 109 111 119 0 104 108 65 3 73 76 10 50 120 70 102 15 57 112 56 33 100 63 47 49 74 68 121 84 53 99 85 122 34 58 114 64 44 21 126 83 25 116 62 8 72 77 110 61 16 24 18 36 7 28 117 69 60 80 90 87 124 9 45 27 40 81 13 82 51 71 12 107 98 19 86 54 42 29 6 38 115 88 26 11 75 123 92 31 78 17 46 20 41 103 79 66 89 22 95 105 94
1 34 23 30 75 7 81 65 83 108 51 8 92 31 45 63 4 61 126 59 42 17 48 56 49 105 60 46 98 27 58 120 26 47 111 29 122 103 109 13 54 16 116 121 104 79 62 110 19 99 37 36 39 107 87 114 2 78 88 89 76 112 119 21 117 125 22 86 25 18 71 80 11 0 50 12 115 82 15 5 66 95 68 43 33 113 24 10 69 90 123 96 38 35 124 77 52 73 28 94 74 84 53 93 70 55 64 106 40 41 102 44 57 118 9 85 101 91 67 3 32 72 14 100 20 97 6
71 93 63 125 100 35 44 106 38 3 119 126 36 99 22 20 69 43 73 80 61 30 89 27 96 7 46 94 108 74 31 60 48 39 1 19 29 70 15 75 28 34 95 79 21 92 55 13 87 90 109 123 12 59 11 53 47 65 16 23 0 42 78 98 110 105 6 18 107 118 97 86 56 111 51 26 84 41 76 116 8 102 81 122 112 121 54 37 67 120 14 77 50 72 25 83 45 115 57 68 24 9 101 124 66 82 114 117 103 2 64 5 58 17 40 32 52 104 62 33 91 88 4 113 10 49 85
81 24 42 72 21 2 67 80 4 79 18 102 20 44 59 90 71 14 84 33 40 85 106 118 68 38 45 116 82 5 125 124 74 87 62 89 66 104 10 11 56 32 91 1 36 88 26 53 97 15 114 83 13 16 58 120 27 52 96 115 113 101 98 110 92 51 95 31 123 65 69 107 34 23 126 9 103 122 61 7 63 49 93 25 99 86 108 77 70 75 117 60 78 8 100 64 121 30 37 73 41 119 94 76 35 17 50 55 22 43 19 109 6 47 105 54 28 12 112 46 3 57 48 29 111 39 0
123 97 26 108 100 87 28 82 120 75 50 76 16 91 27 3 90 53 111 56 2 62 20 35 52 124 104 67 112 43 72 61 79 29 88 22 6 36 105 125 95 77 119 84 30 64 109 34 39 49 48 38 60 113 46 47 55 122 70 42 73 54 40 17 117 19 83 121 45 1 25 68 78 86 118 18 24 59 32 23 11 115 98 5 99 8 89 102 0 110 92 58 44 80 81 116 94 74 41 9 33 106 13 107 65 7 15 71 96 10 93 12 57 14 4 51 126 69 103 31 21 66 85 37 101 114 63
17 79 67 52 21 89 123 90 116 87 32 53 109 28 105 39 7 41 61 100 62 126 4 38 83 34 20 119 70 55 50 99 82 59 80 101 85 1 73 35 14 9 110 88 114 78 57 97 12 44 42 93 25 24 30 122 10 120 43 27 104 75 117 84 16 103 76 58 22 40 77 33 68 95 66 5 31 48 6 26 56 112 8 29 98 3 0 102 2 49 108 46 69 54 36 37 15 45 115 23 18 106 64 96 124 65 63 94 121 86 51 13 19 81 113 92 72 60 11 47 91 107 125 111 74 118 71
38 70 76 17 71 90 37 16 59 97 10 14 46 120 83 28 4 95 52 36 5 77 19 45 94 62 69 112 61 116 23 78 122 108 6 66 63 117 0 65 125 44 113 33 24 87 64 3 54 56 47 2 40 102 88 7 57 49 126 85 74 12 82 30 109 31 26 114 68 18 72 93 80 106 84 41 29 32 34 22 107 115 123 89 111 118 73 110 11 98 124 27 67 42 75 121 20 119 13 39 92 100 25 53 58 104 55 9 48 96 15 86 50 101 99 8 91 35 105 21 79 103 43 1 60 81 51
51 102 13 3 108 80 66 0 73 54 119 103 24 17 107 104 99 105 126 32 26 67 21 31 30 70 11 43 113 106 23 27 85 36 89 115 92 15 37 53 83 123 34 48 41 39 65 88 44 4 60 45 46 8 72 71 20 76 109 75 111 78 87 124 64 12 50 118 114 57 19 14 116 58 68 59 25 100 28 86 42 101 110 94 9 91 18 63 122 49 121 93 16 117 120 98 38 69 40 29 95 6 1 52 33 7 97 82 10 81 112 62 47 35 96 5 61 125 84 56 90 79 74 55 77 22 2
121 122 3 17 9 116 47 4 102 32 93 25 81 73 36 79 111 55 45 105 96 78 58 90 70 37 5 51 14 110 12 107 48 62 82 11 89 95 21 99 124 69 113 68 28 10 35 57 40 88 106 76 19 26 49 75 20 94 118 50 104 29 101 33 22 54 44 7 41 119 98 66 52 39 43 108 112 2 91 15 16 80 125 24 34 117 18 1 120 31 38 85 71 115 23 77 83 97 67 53 86 92 30 103 65 0 87 72 63 123 64 61 60 59 114 84 74 126 6 8 27 42 109 100 46 13 56
81 89 15 8 65 61 54 87 48 33 123 45 93 29 90 56 37 14 46 99 64 24 67 5 31 102 92 83 50 30 78 42 104 115 58 0 113 53 63 95 23 36 32 7 25 108 66 28 119 96 97 60 116 112 118 12 3 13 82 55 52 75 71 126 86 105 103 72 77 91 80 121 34 18 6 68 62 69 35 40 10 59 20 124 94 57 120 26 51 43 100 27 21 70 2 101 85 39 84 9 88 17 106 4 109 44 19 1 76 41 47 122 98 79 114 74 16 107 73 49 117 125 110 111 38 11 22
96 55 68 125 39 74 23 83 70 11 104 84 119 99 42 14 109 17 50 79 111 67 18 22 34 33 6 46 93 26 44 107 66 32 82 122 38 69 94 89 54 51 115 101 71 100 60 117 77 118 59 114 29 49 112 61 91 65 31 45 19 72 103 105 35 88 41 16 21 63 116 20 58 126 92 1 124 15 12 47 123 48 87 13 43 98 121 76 106 3 78 24 81 90 85 2 62 97 5 86 0 120 56 36 113 102 73 80 57 27 40 9 25 8 4 53 30 7 10 37 75 52 28 108 95 64 110
3 122 23 83 33 20 67 78 42 31 9 94 37 120 103 24 55 65 118 89 70 99 58 38 17 107 119 121 44 41 69 76 46 66 51 28 25 93 4 79 96 115 123 86 40 112 1 111 49 56 124 22 16 60 113 117 82 7 105 39 68 45 5 53 30 48 81 64 29 63 91 74 50 87 6 109 54 13 97 34 21 116 43 62 27 114 84 47 2 80 57 35 100 102 72 75 101 36 52 92 59 61 32 108 104 12 15 0 110 125 10 85 14 26 71 73 126 8 77 11 95 90 18 88 98 106 19
110 51 91 100 104 10 76 59 24 61 99 81 63 15 124 19 42 115 71 48 14 13 97 79 74 38 83 119 122 49 6 40 114 31 89 121 111 36 16 7 126 41 34 45 98 101 56 78 25 123 35 22 26 82 108 4 65 64 107 32 90 9 46 57 116 86 118 29 1 62 113 52 75 3 17 92 96 93 20 44 67 69 77 27 80 28 95 60 53 47 105 39 21 30 72 11 84 2 68 102 88 37 50 5 109 8 33 85 106 18 125 117 55 112 23 0 58 94 66 87 12 120 73 103 70 43 54
7 78 90 126 63 73 55 91 4 121 20 38 93 5 39 29 2 54 120 97 68 33 28 86 14 17 116 3 10 101 52 53 62 8 124 43 96 67 16 46 79 119 72 103 42 26 57 11 99 69 51 89 76 30 77 114 74 122 56 117 106 44 115 31 94 88 125 48 92 105 60 64 58 49 100 107 22 19 83 18 81 27 82 0 47 102 24 110 50 41 75 84 25 85 70 9 66 6 71 40 13 61 65 37 59 32 15 112 23 35 21 98 12 95 111 80 1 36 104 123 113 118 108 45 109 87 34
40 71 95 58 98 126 80 122 74 65 35 116 86 49 2 117 106 48 20 66 21 70 124 99 81 64 33 87 114 24 83 90 100 16 23 88 57 111 31 93 112 115 104 17 103 8 46 113 42 97 29 32 69 85 101 44 50 38 110 51 9 34 52 26 54 121 78 105 10 61 0 3 94 19 96 14 53 120 7 18 60 27 12 62 55 82 4 91 11 75 37 28 6 41 77 13 118 102 22 79 43 76 109 84 63 73 39 25 119 45 5 92 89 30 68 123 125 1 108 59 36 15 72 56 107 47 67
65 51 12 25 50 93 68 46 75 115 78 30 109 74 87 20 8 58 15 81 90 39 80 85 69 22 67 33 102 125 31 113 57 106 53 40 63 14 71 119 120 111 21 122 91 92 32 27 107 34 89 94 88 112 47 64 100 42 54 43 41 13 38 84 18 10 26 97 72 70 86 16 5 114 99 7 49 60 98 77 73 1 117 76 95 105 44 101 37 121 24 0 11 45 110 23 96 116 3 9 35 62 56 83 2 52 82 124 28 19 126 59 123 4 103 17 108 118 6 48 29 36 61 66 55 79 104
11 79 58 20 7 15 33 75 4 22 91 99 14 1 83 102 49 3 125 8 96 30 16 112 57 38 94 60 82 50 98 9 120 122 63 40 108 65 107 13 32 55 71 110 35 126 54 74 109 85 69 56 92 0 97 103 116 27 106 124 19 123 87 111 48 37 72 62 118 26 45 61 101 43 77 119 28 105 46 95 81 86 24 10 89 17 31 18 76 88 73 52 41 21 84 80 115 29 90 5 34 47 53 100 67 66 78 68 12 59 93 36 44 104 2 51 113 114 64 25 121 42 6 70 117 39 23
75 42 32 94 7 50 77 62 110 111 6 97 56 40 88 124 34 117 102 116 121 31 30 5 70 47 120 18 24 3 28 114 59 27 0 66 53 83 39 107 91 81 95 98 122 87 52 12 10 14 55 67 74 22 11 73 86 46 96 17 38 2 8 79 43 92 60 90 84 58 123 63 82 26 41 119 13 48 112 104 54 57 35 36 71 61 15 64 9 21 72 113 44 23 89 4 20 125 106 109 118 108 99 103 65 25 1 101 78 16 68 115 76 45 37 33 85 69 126 80 51 105 93 29 49 19 100
52 1 53 69 57 16 108 79 6 17 78 74 86 61 2 88 19 89 67 106 35 111 21 46 9 64 65 95 47 49 122 58 100 70 91 66 83 84 39 22 13 26 42 60 54 27 32 103 120 114 116 15 94 75 126 101 3 123 98 38 37 11 93 107 5 55 112 63 0 28 99 104 62 76 115 105 41 56 51 121 14 33 87 80 102 77 81 23 10 125 117 25 92 36 68 82 40 90 43 18 48 29 4 24 8 71 110 12 31 119 20 118 85 44 30 50 97 34 124 96 73 113 109 59 7 72 45
44 118 16 90 119 84 49 13 23 22 86 57 66 55 0 7 91 85 64 100 1 97 12 40 52 65 107 79 104 94 19 117 47 43 25 82 113 42 120 122 39 111 72 11 50 46 106 96 32 73 60 4 48 74 95 61 103 67 101 27 87 6 77 81 30 71 78 110 3 59 36 80 109 5 83 98 41 68 76 93 75 58 33 112 126 56 2 29 114 51 34 108 18 9 54 121 15 88 62 99 17 10 8 70 123 116 63 45 89 26 28 35 105 69 14 102 20 53 24 92 124 125 37 38 115 31 21
22 21 94 113 103 45 18 24 64 37 98 60 1 126 8 88 106 99 42 26 72 111 79 67 19 119 31 47 65 44 102 17 6 70 104 23 73 53 95 48 61 114 101 110 34 76 56 105 25 84 120 89 69 33 93 55 109 87 116 85 83 86 52 28 124 15 91 41 4 108 97 10 57 49 3 11 82 16 117 112 68 90 14 2 78 5 51 43 81 38 115 27 62 20 35 13 107 40 63 96 36 39 100 30 50 92 75 7 118 12 32 9 46 66 74 77 0 59 123 122 121 80 29 54 125 58 71
2 52 18 118 100 87 17 102 30 58 41 106 96 77 0 80 75 120 13 105 89 9 35 114 20 48 44 124 62 1 119 104 125 71 56 91 5 107 6 46 70 33 68 74 12 110 51 122 116 126 26 45 34 28 14 69 115 60 47 38 94 121 82 95 92 97 55 79 123 40 113 117 72 73 39 43 29 78 10 57 32 111 76 50 3 22 36 24 19 54 112 64 49 7 16 98 101 8 66 25 93 85 108 15 37 31 21 88 42 27 65 23 4 59 61 99 67 90 83 84 109 63 81 103 53 86 11
108 122 70 72 9 56 82 113 21 117 51 87 102 98 96 18 34 77 36 22 28 26 94 14 54 64 41 106 24 119 1 104 17 48 46 125 74 93 121 126 84 32 110 3 11 45 99 27 71 33 59 69 118 50 111 107 57 123 8 52 16 7 73 5 89 55 12 30 105 81 47 53 124 67 6 101 86 43 80 60 83 44 39 2 58 114 79 90 97 61 109 4 25 116 35 100 76 40 85 0 75 63 31 38 78 29 92 103 66 91 23 49 112 13 95 19 37 115 15 68 10 62 65 120 42 88 20
113 0 41 73 104 69 117 10 83 38 42 107 106 119 125 61 101 81 29 67 3 116 23 89 27 109 59 39 53 70 50 52 31 58 20 111 96 33 17 64 44 16 36 66 49 19 122 110 45 56 25 57 6 48 95 103 112 108 11 115 68 34 71 78 99 12 100 7 26 91 62 46 84 8 80 97 15 51 72 120 1 24 9 102 32 47 63 4 90 30 75 74 87 60 28 37 55 105 92 76 43 88 65 5 79 124 98 94 77 93 85 21 35 54 86 123 14 114 13 121 2 82 22 118 18 40 126
27 79 94 35 12 17 25 93 45 7 37 52 56 39 109 84 64 40 54 76 3 85 19 0 34 98 121 68 50 57 87 23 65 123 81 13 1 107 58 78 32 116 100 102 90 111 59 114 69 91 77 38 75 117 61 97 74 104 103 122 49 41 119 29 92 48 28 126 16 22 72 6 21 89 80 113 2 86 5 73 15 9 43 66 11 67 42 62 63 20 46 82 108 120 24 4 55 105 14 70 101 124 33 47 8 125 18 99 115 96 110 60 71 53 106 30 10 36 118 112 95 44 31 83 88 51 26
115 101 10 20 108 32 48 28 95 109 116 46 33 57 63 125 40 55 27 71 89 110 54 8 59 68 67 97 30 47 50 92 18 76 111 26 80 83 3 117 22 17 60 25 84 35 112 120 39 77 72 7 24 12 16 88 123 15 102 41 79 1 0 98 96 105 42 103 6 75 14 19 58 99 126 82 29 4 106 70 90 78 66 62 94 65 56 23 100 121 114 49 5 104 34 69 44 91 124 61 43 9 81 37 93 36 31 53 119 52 51 107 45 38 11 87 122 113 2 73 13 118 86 64 74 21 85
23 87 9 89 69 29 49 0 64 104 10 106 100 56 5 21 118 113 82 101 114 84 103 34 117 36 75 111 92 81 3 110 120 126 15 102 98 51 60 40 70 65 37 50 99 62 4 74 11 20 38 16 54 68 41 116 90 43 44 42 93 61 112 115 124 121 85 52 91 13 95 76 58 119 32 12 94 33 8 2 107 28 45 123 17 78 25 88 71 27 79 53 39 6 96 24 47 14 125 83 59 77 66 31 63 73 30 1 35 122 108 55 67 86 105 19 22 97 26 48 72 7 18 109 80 57 46
118 52 28 112 30 87 12 74 70 115 58 125 121 6 94 107 23 38 33 16 81 113 120 4 20 86 48 99 93 45 59 5 54 72 66 49 50 116 126 60 101 71 43 110 34 14 79 22 51 68 37 62 1 83 15 91 65 39 57 46 75 42 84 44 61 104 21 123 85 73 18 64 117 111 80 78 41 67 26 102 56 17 25 8 0 55 47 9 82 119 89 108 3 63 122 105 7 2 114 24 95 40 27 53 32 109 96 98 88 90 11 29 36 92 97 76 69 106 100 103 19 77 10 31 124 13 35
49 33 102 39 61 52 120 38 50 26 57 48 84 82 59 22 3 87 13 58 91 21 118 93 78 36 83 94 67 14 53 123 71 65 20 121 86 7 15 8 32 43 73 63 24 19 80 51 66 106 88 64 54 45 47 79 40 100 89 4 112 68 12 117 55 108 35 74 75 10 96 46 34 2 18 95 30 5 27 60 17 70 42 31 116 25 9 1 6 105 92 23 98 41 0 125 90 110 62 99 124 126 56 16 115 72 107 103 109 69 104 97 37 122 111 28 114 11 85 44 76 113 77 101 29 81 119
114 115 74 36 118 109 0 106 108 80 13 30 113 89 125 68 29 39 43 91 95 7 61 67 2 98 16 9 121 49 24 124 54 101 84 33 92 40 57 104 14 28 10 11 50 70 12 31 86 45 126 96 93 42 15 20 17 105 21 94 82 110 55 97 41 44 120 79 85 119 117 34 63 26 90 65 22 19 59 51 37 111 123 69 78 88 75 72 83 112 103 46 6 3 25 38 32 35 71 1 48 60 107 66 87 122 23 99 27 18 64 116 52 58 102 4 81 47 53 8 100 76 77 62 73 56 5
24 125 19 18 113 2 126 26 12 21 74 61 31 76 112 84 58 20 34 42 10 72 124 30 63 93 5 8 110 46 40 35 70 118 27 77 106 98 4 105 48 16 81 36 51 47 79 120 86 66 0 13 87 50 88 101 38 97 65 9 103 59 116 22 123 49 104 121 14 95 92 107 3 17 122 69 64 67 73 83 41 57 117 96 119 44 55 99 33 53 80 32 6 90 29 37 28 23 85 25 56 78 52 109 54 15 45 111 108 115 75 43 71 100 62 39 91 94 82 60 1 7 68 102 114 89 11
13 126 45 80 36 72 125 98 108 71 103 26 118 61 77 84 121 4 107 81 12 68 110 25 32 51 105 90 89 106 8 66 34 63 44 73 23 109 17 112 55 38 22 50 113 102 28 117 122 10 3 49 86 21 123 52 27 0 97 14 111 94 116 31 19 78 100 85 75 46 15 2 119 42 20 91 115 65 29 48 30 120 24 69 16 64 67 35 87 7 59 5 54 56 82 70 1 57 83 47 124 53 40 88 11 114 43 76 92 79 58 9 62 101 99 33 41 96 37 39 6 60 104 93 74 95 18
33 61 31 92 108 43 55 53 90 27 117 121 105 14 109 93 125 6 42 94 91 112 102 15 96 77 123 89 24 88 47 9 19 54 44 35 115 2 74 32 85 59 25 52 36 5 12 39 49 0 57 120 67 37 82 28 66 124 119 13 84 113 22 58 17 40 34 110 38 56 111 60 80 48 20 114 16 116 45 70 8 69 10 4 126 41 101 46 107 73 21 106 76 68 86 18 7 83 98 62 79 122 1 95 29 78 23 51 103 71 118 104 81 50 100 99 30 64 63 72 97 26 3 87 75 11 65
125 108 93 120 31 10 43 47 24 115 68 113 7 98 72 8 22 106 102 117 77 0 34 51 65 45 122 49 79 80 15 94 19 59 62 99 52 63 11 53 69 3 54 20 107 126 39 67 89 46 73 84 9 114 86 5 119 75 92 40 61 21 17 48 35 33 32 83 118 124 105 82 29 103 112 66 12 57 42 81 87 91 116 44 78 95 13 28 121 76 100 111 96 25 88 97 2 110 60 1 26 64 37 71 109 55 38 4 14 30 6 36 101 23 58 123 90 16 27 104 56 41 70 18 85 50 74
100 33 23 63 120 90 4 105 102 25 91 81 28 20 42 124 72 115 19 58 34 109 52 69 57 98 60 83 46 111 48 107 122 62 99 37 123 36 11 73 92 79 54 44 76 14 106 121 96 30 94 16 7 61 2 13 47 101 70 6 8 12 113 53 10 5 1 45 55 32 49 80 51 74 118 87 117 41 75 112 21 39 31 0 15 86 110 38 82 126 50 103 104 24 56 108 68 77 93 125 22 18 71 65 35 97 27 78 67 64 84 43 59 17 26 3 116 29 89 114 95 119 88 85 40 9 66
100 23 22 1 94 18 77 38 69 52 10 122 17 78 55 57 113 66 80 125 108 63 85 93 84 31 47 112 42 61 58 34 95 51 39 56 73 110 105 14 119 89 118 120 88 49 62 65 64 48 107 67 74 109 99 26 96 101 79 87 16 45 115 91 50 92 72 43 83 71 13 86 36 82 124 19 21 97 20 5 53 3 32 25 68 104 59 46 37 103 106 4 90 15 40 60 33 27 75 41 35 116 54 8 6 29 111 123 30 81 98 76 117 44 0 114 12 70 121 7 102 28 24 11 2 9 126
13 57 107 40 38 29 87 5 34 65 9 10 33 35 58 23 110 39 121 19 0 104 103 109 28 111 60 43 106 12 1 122 36 120 54 86 45 81 37 59 61 20 17 75 124 21 11 70 3 2 94 64 56 112 100 101 74 108 126 89 55 48 69 93 99 50 26 67 62 31 91 125 119 68 24 95 30 52 85 16 44 77 92 14 79 51 73 71 118 7 115 102 123 113 49 76 6 83 18 98 53 72 47 8 46 15 42 22 97 82 63 116 84 4 96 66 117 32 41 90 80 25 114 27 105 88 78
36 68 31 20 85 116 73 45 87 111 65 75 72 76 121 114 5 32 37 118 78 77 106 1 29 12 93 46 64 19 104 56 2 62 96 109 61 8 51 23 98 91 70 40 58 105 71 66 60 21 112 0 48 126 83 9 53 50 99 49 43 86 80 95 14 94 35 47 74 122 41 27 67 102 84 123 3 30 25 34 44 7 101 39 16 38 120 10 42 124 79 115 52 88 90 125 107 100 15 59 55 24 22 13 82 17 6 54 103 97 11 110 4 81 92 18 113 69 63 89 119 117 57 108 28 26 33
61 13 3 101 14 92 47 51 29 27 4 7 90 64 32 76 58 72 97 52 93 82 74 105 12 59 43 5 22 119 23 18 79 80 103 9 50 94 73 19 83 16 24 38 88 11 124 68 33 104 49 25 87 107 84 35 20 91 116 44 62 99 6 15 42 63 60 2 21 53 48 110 46 56 89 96 122 109 125 26 85 98 75 17 114 57 45 78 95 102 113 69 121 71 37 1 66 81 126 120 54 65 10 40 77 117 28 108 0 41 106 115 86 36 34 8 123 39 70 112 118 67 55 30 111 100 31
11 57 39 75 38 16 92 43 17 80 69 22 46 81 116 47 36 29 13 24 78 8 122 58 12 15 67 84 85 18 50 104 40 63 100 34 87 94 91 45 114 48 107 6 41 124 4 51 20 54 21 95 61 72 83 106 3 121 79 119 70 126 117 88 97 109 56 52 23 19 14 66 102 99 110 26 71 82 112 74 105 103 0 28 68 60 98 31 86 59 89 113 55 65 108 123 73 42 64 30 53 44 27 32 33 101 49 93 35 120 10 1 2 9 76 118 96 62 37 115 25 125 7 90 5 111 77
4 67 122 11 94 99 83 119 1 3 110 7 43 97 6 0 89 124 105 39 26 104 20 78 21 13 9 109 19 2 23 106 35 112 101 125 51 42 15 31 22 60 68 111 66 14 12 115 53 47 96 48 58 55 72 10 90 88 37 57 70 117 44 63 108 123 84 85 73 25 18 33 24 8 87 114 49 126 93 82 52 50 95 36 91 100 120 29 103 46 79 16 54 40 64 92 107 62 81 74 65 59 38 121 71 32 45 86 28 75 76 56 98 80 5 27 34 77 113 116 17 41 30 61 102 118 69
30 5 73 72 82 37 106 71 68 116 86 64 76 19 94 99 28 96 61 57 26 67 110 101 18 90 89 124 122 69 75 58 50 103 92 100 123 0 44 43 95 70 107 14 83 81 10 97 91 63 78 80 48 9 77 62 36 88 4 41 15 108 6 65 47 21 46 105 98 40 39 38 93 85 104 66 111 20 126 7 125 27 24 35 87 1 60 2 13 51 3 52 25 34 121 119 29 112 11 31 118 42 45 102 49 114 53 59 32 113 33 22 23 55 54 109 117 16 115 56 74 12 17 8 120 79 84
95 43 13 94 36 24 6 64 90 25 114 89 105 116 26 60 108 29 33 86 16 63 11 31 42 107 44 34 2 50 41 15 23 81 37 7 100 87 104 9 118 73 12 14 65 80 96 76 19 75 1 53 30 97 35 61 92 62 54 119 110 91 71 27 101 115 20 55 82 79 74 21 18 59 0 57 51 22 3 67 99 84 8 93 88 102 120 111 68 117 85 78 69 32 39 48 10 109 70 17 38 125 66 103 124 4 5 123 56 28 45 49 98 121 46 72 52 113 122 77 58 112 47 83 40 106 126
33 81 73 26 72 76 10 89 114 36 90 0 50 94 43 88 106 9 102 125 69 25 123 29 101 83 57 11 52 2 67 124 15 30 121 44 87 19 5 60 42 62 48 85 95 55 17 28 109 71 91 82 47 58 120 98 110 40 107 7 35 23 38 20 53 104 118 117 41 46 105 80 75 45 103 6 96 65 100 24 66 4 32 119 70 31 61 122 56 86 112 21 97 3 113 126 12 68 92 54 108 34 49 16 37 64 116 13 22 111 78 51 84 1 39 93 59 77 27 18 74 8 14 115 79 63 99
104 50 86 63 77 112 9 11 74 79 19 124 103 70 115 51 38 28 92 49 55 110 58 37 8 47 14 119 45 43 113 76 1 46 5 107 84 82 69 66 78 67 10 118 52 97 44 20 40 68 7 30 108 16 33 109 57 48 60 80 27 96 25 36 53 23 6 26 17 94 35 122 65 116 91 75 90 61 106 31 93 100 32 3 22 12 101 102 2 64 81 125 56 114 42 73 39 21 83 0 120 54 13 18 85 29 72 87 98 59 111 88 24 126 34 62 4 95 99 121 105 123 41 71 89 117 15
63 106 23 3 119 117 61 66 45 16 1 14 9 76 10 87 116 33 124 90 81 31 30 94 8 89 68 12 22 74 42 34 47 56 13 15 109 25 79 93 108 97 32 100 123 26 53 99 98 70 113 83 17 88 65 41 112 64 37 19 75 44 24 84 114 21 96 111 6 58 69 7 43 5 71 60 104 103 102 95 0 39 62 28 77 115 92 122 72 49 55 105 51 125 36 107 35 91 126 52 121 46 110 82 50 118 20 101 4 48 86 73 78 57 38 2 120 29 40 85 59 80 67 27 18 11 54
43 68 5 85 101 88 84 75 108 122 38 6 56 21 120 28 14 92 37 24 27 48 19 44 72 106 67 3 53 23 82 107 26 123 89 63 59 39 118 65 97 111 64 33 35 86 117 52 47 80 22 99 15 41 114 9 55 0 112 115 1 57 40 119 12 32 125 54 73 42 93 109 34 121 103 17 102 116 113 11 13 90 58 124 60 87 96 78 98 71 61 91 2 66 104 50 10 110 77 20 105 95 100 74 18 45 36 4 70 62 49 8 30 51 76 79 81 31 94 16 83 25 29 7 126 46 69
6 107 74 124 32 22 34 123 69 57 109 44 24 41 19 47 64 115 25 53 70 80 46 33 62 20 14 99 15 30 56 61 27 87 79 23 51 102 9 100 71 93 97 3 91 49 78 11 96 106 126 42 8 122 94 39 18 52 113 50 118 58 103 77 10 111 104 1 110 68 82 38 98 54 36 73 28 4 76 83 37 108 116 13 65 121 85 119 84 120 43 7 86 117 0 75 114 29 59 31 89 92 35 17 26 105 45 60 63 12 112 101 5 55 90 88 72 40 2 125 81 16 48 95 66 67 21
27 71 104 102 93 73 72 8 63 86 116 36 5 64 15 98 70 115 12 66 89 67 112 2 11 26 16 48 103 38 91 44 28 23 65 46 59 74 39 76 9 108 54 45 125 106 120 69 79 83 121 50 40 6 24 111 62 99 29 33 32 97 3 124 101 84 34 75 1 92 17 100 113 10 43 60 61 57 107 105 18 35 41 110 42 7 90 4 13 122 80 109 117 78 82 14 51 77 58 94 114 118 0 87 53 49 55 126 119 95 22 88 21 37 20 56 19 81 68 52 30 85 31 25 47 96 123
47 31 11 20 51 112 111 110 2 114 49 53 30 126 101 76 3 32 98 26 102 105 42 24 92 67 117 6 99 63 71 84 15 25 59 73 19 108 18 86 113 33 4 107 60 16 116 28 21 37 75 87 45 95 43 103 46 79 38 57 78 91 125 124 80 62 22 81 121 77 72 36 70 118 55 96 14 58 54 65 52 12 61 35 13 29 56 64 90 120 39 123 27 50 44 82 0 5 122 74 97 7 10 104 17 68 93 115 83 119 23 41 85 109 100 8 48 34 40 89 88 94 106 66 69 9 1
8 119 113 93 40 118 39 21 67 85 124 34 2 107 13 48 105 75 31 125 32 126 10 37 86 83 101 70 115 69 89 45 109 25 94 43 117 108 33 123 16 116 0 79 99 56 60 68 97 77 76 104 27 58 64 63 74 96 49 81 14 78 90 66 12 3 17 62 24 54 102 9 1 4 112 71 23 19 55 26 100 65 80 73 72 41 57 22 121 103 29 98 120 95 38 18 82 122 42 61 15 114 47 111 59 87 106 7 30 28 91 35 88 6 36 46 92 110 51 53 5 52 20 44 84 11 50
76 89 63 116 125 118 107 27 34 46 113 23 74 109 102 26 38 121 14 4 77 111 52 12 64 112 33 69 0 22 60 110 106 122 48 75 44 93 21 45 98 54 68 24 30 9 83 124 57 15 70 32 87 123 72 41 114 35 81 62 65 100 105 90 82 85 1 73 5 51 43 20 108 50 126 39 71 31 40 58 84 6 61 56 103 97 17 78 47 59 11 13 67 88 86 101 49 29 28 10 96 42 19 3 53 120 99 104 115 7 95 16 91 80 18 66 25 37 2 94 92 117 8 79 36 55 119
109 110 74 85 103 68 111 82 71 98 120 92 43 1 10 112 95 16 101 90 117 93 2 36 44 33 76 47 35 54 58 5 24 0 124 13 40 3 94 27 25 60 62 75 96 100 21 72 55 29 8 45 78 65 63 126 114 99 108 7 18 79 53 19 34 32 15 66 113 80 28 39 104 59 102 4 17 115 86 57 38 88 125 70 64 91 9 11 30 122 119 14 67 97 6 23 31 50 37 123 48 87 121 56 107 20 106 42 41 116 73 26 22 89 83 46 52 77 61 118 84 12 81 49 69 105 51
56 106 71 98 54 2 10 32 122 75 84 116 31 76 41 73 35 36 63 120 87 91 1 64 23 27 92 14 48 57 4 93 61 33 24 105 70 28 13 118 26 79 80 102 101 16 85 124 5 50 62 3 100 18 40 21 6 19 78 74 110 97 99 107 109 82 95 55 89 112 104 52 20 9 125 46 29 69 115 15 96 42 117 49 38 37 60 43 58 103 66 44 45 53 72 59 51 39 114 121 108 8 113 17 111 65 126 77 12 0 7 88 67 25 81 94 86 47 22 30 90 119 34 83 68 123 11
114 80 88 126 115 23 111 87 79 24 49 5 56 110 42 63 34 20 1 32 55 40 16 123 103 74 105 14 12 44 85 106 60 0 119 117 71 112 89 10 26 13 68 29 43 83 109 81 51 102 91 59 97 58 18 84 90 6 38 66 92 27 125 108 100 39 82 11 122 53 73 28 107 57 93 2 70 64 22 65 101 77 113 9 96 33 35 62 30 98 52 95 67 31 25 7 75 61 41 94 116 15 48 120 118 124 78 104 36 3 21 72 99 47 54 69 121 46 19 4 8 45 37 76 86 17 50
37 38 9 98 0 12 60 81 40 116 95 102 3 34 21 41 77 50 10 49 65 114 121 25 33 7 35 75 13 70 23 18 107 90 16 74 86 30 103 76 112 109 111 72 115 68 32 42 67 110 57 61 63 120 31 123 91 93 46 56 52 53 87 89 92 39 108 125 88 82 66 2 26 19 80 43 113 55 14 54 104 79 48 44 20 11 29 122 100 15 106 59 58 17 84 85 6 124 101 71 45 24 64 69 22 47 83 51 126 4 78 105 36 73 118 8 117 62 1 5 97 28 119 96 94 27 99
63 58 79 81 24 0 57 68 45 17 35 60 66 70 5 21 96 25 108 75 125 2 99 28 15 90 92 1 33 30 27 10 11 39 53 80 113 59 104 13 72 106 14 4 112 101 98 67 85 105 16 19 97 109 110 20 117 56 94 9 65 115 7 52 18 71 37 95 93 120 124 114 8 40 6 89 82 122 36 47 74 100 34 69 103 44 32 87 22 102 88 29 86 76 126 49 119 55 46 38 26 3 121 84 61 12 118 111 64 123 51 73 43 116 78 50 62 48 42 23 54 107 31 77 91 41 83
67 90 82 125 111 32 75 104 12 1 66 63 6 64 98 20 86 119 42 112 30 38 46 27 115 0 126 52 123 23 83 4 40 61 88 24 19 62 33 43 101 106 39 60 65 84 78 124 8 25 73 13 15 72 81 34 49 55 79 105 77 31 91 16 50 118 89 74 113 108 14 107 35 37 99 18 85 109 68 117 121 47 28 2 54 41 22 92 45 95 96 29 114 7 44 48 59 5 122 10 17 58 56 120 53 110 57 87 51 102 76 97 100 69 103 21 11 94 26 80 36 71 3 93 70 116 9
107 73 111 46 52 21 17 28 7 94 72 24 102 19 53 18 100 4 13 89 61 12 10 49 27 81 91 58 77 87 33 6 44 62 109 9 120 99 57 108 98 37 93 76 113 35 118 41 50 16 2 126 42 84 79 90 59 125 114 124 40 8 74 63 117 1 0 86 34 30 20 85 83 45 64 78 68 43 38 115 122 48 69 95 66 70 31 15 54 11 56 112 119 121 110 60 67 75 104 103 123 88 96 71 92 82 80 25 101 36 97 23 106 55 65 26 105 116 29 3 22 14 51 32 5 47 39
28 106 57 110 32 111 22 38 29 9 89 44 105 55 125 115 0 113 84 43 37 62 59 19 5 99 119 73 78 40 80 20 16 42 45 102 15 70 126 90 63 66 35 2 100 123 86 81 39 91 7 118 11 52 112 61 54 108 18 1 56 67 96 53 49 24 65 21 3 82 31 4 75 72 26 71 120 25 8 51 109 83 33 107 17 13 34 69 14 95 92 23 94 74 121 114 103 87 124 68 77 30 58 85 76 104 88 64 41 46 93 12 10 122 47 101 117 116 48 97 36 60 98 6 27 79 50
67 50 110 90 121 97 81 85 101 28 17 25 47 54 1 30 105 68 74 42 59 64 38 116 122 43 39 29 18 89 26 6 79 126 10 22 115 112 56 60 19 104 4 34 87 35 21 78 58 119 118 37 8 5 48 52 123 24 69 80 31 36 13 120 109 114 71 92 62 84 53 3 124 76 44 91 93 86 2 70 98 94 14 117 27 100 82 61 113 95 23 32 40 65 83 75 111 45 108 77 41 0 12 11 51 107 55 88 46 103 125 49 7 72 66 106 99 9 73 102 63 96 33 57 15 16 20
75 9 13 79 46 89 43 22 60 72 12 29 4 76 74 120 73 94 18 105 70 68 20 32 121 41 65 109 10 17 38 110 118 25 78 81 14 26 2 27 55 102 0 86 67 39 15 103 93 71 47 87 82 35 77 69 7 3 1 95 61 126 101 53 108 57 114 84 48 98 30 24 49 23 5 85 21 50 51 97 56 33 113 80 83 123 31 88 112 117 125 42 28 6 19 63 92 124 44 37 54 104 66 58 36 107 59 116 91 96 8 111 45 62 119 106 122 100 11 16 90 40 52 115 99 64 34
96 102 1 6 35 83 99 15 97 40 0 118 77 27 46 86 20 73 66 90 61 23 19 60 81 47 75 71 117 119 21 109 3 41 122 10 72 13 82 48 59 44 108 22 80 28 103 62 18 42 91 12 98 79 5 31 116 123 68 45 104 84 107 8 16 29 113 53 9 121 124 92 78 65 76 17 70 100 85 33 126 43 101 105 93 106 24 30 52 120 32 64 114 7 56 125 57 110 87 38 95 50 69 14 36 54 115 4 111 37 67 49 26 74 55 2 88 39 34 25 51 58 94 89 11 63 112
91 11 93 34 87 16 60 62 47 51 105 110 84 111 108 79 119 120 22 1 56 58 13 8 106 116 50 75 81 49 92 55 37 5 63 39 65 99 14 117 69 43 101 103 46 85 72 123 59 126 24 3 12 64 96 29 40 19 98 53 124 33 61 0 109 118 83 48 31 78 102 32 121 97 88 100 77 2 68 28 7 21 20 104 35 44 74 23 80 66 114 15 25 67 70 54 41 6 4 76 107 94 57 125 95 112 38 115 17 71 36 89 42 82 27 90 45 86 10 52 9 30 18 26 113 73 122
117 43 122 113 33 63 67 36 58 107 126 26 41 123 59 56 29 34 121 6 125 28 105 76 120 27 83 98 60 106 68 70 48 91 55 45 102 75 1 50 16 31 118 38 10 21 8 80 88 44 77 109 119 62 3 52 114 71 49 17 18 92 115 99 112 53 54 87 32 66 84 96 81 101 7 14 110 9 25 111 95 74 30 23 2 79 47 37 78 39 35 0 40 85 20 73 97 82 86 90 22 64 116 12 89 46 51 57 11 42 5 13 72 24 4 69 104 61 93 65 103 108 124 94 100 15 19
122 1 45 100 31 90 38 88 126 23 42 86 40 41 114 72 48 43 59 30 33 116 57 99 47 80 109 103 36 2 9 44 105 70 19 26 4 71 12 15 79 107 96 119 108 52 73 10 76 82 3 20 78 115 102 98 5 55 46 95 123 37 63 8 93 111 117 118 27 35 94 25 68 16 83 81 67 85 112 64 29 21 0 53 106 18 65 24 11 74 125 14 51 50 58 75 62 87 104 54 17 89 39 32 66 92 77 6 22 84 121 110 69 49 28 101 97 124 120 91 60 34 7 13 113 56 61
88 36 100 123 30 7 27 120 116 89 98 6 53 121 92 42 41 8 58 103 125 14 74 35 20 40 73 117 13 63 99 23 105 33 71 26 64 126 86 61 93 67 5 119 65 91 43 122 47 10 44 60 4 109 66 50 94 28 124 113 104 55 114 69 48 31 45 11 108 78 115 57 38 101 22 56 70 18 87 72 96 90 81 52 107 83 1 3 111 112 2 110 19 0 76 9 17 54 49 84 25 34 32 82 15 75 95 21 51 16 37 68 24 29 62 118 59 97 79 12 85 102 46 106 39 80 77
81 20 60 116 10 100 104 125 89 121 82 9 57 11 43 80 46 48 109 31 4 102 37 41 21 64 76 54 5 90 115 35 56 19 79 119 108 24 14 70 49 111 33 97 73 96 83 23 3 40 85 86 77 0 87 13 68 42 99 6 93 17 65 74 110 51 92 78 118 45 94 58 63 7 12 98 1 39 75 30 61 15 91 26 69 22 50 84 126 114 36 8 47 95 88 55 59 25 103 123 105 27 112 16 72 101 18 106 122 28 29 66 34 32 52 53 38 113 124 44 71 117 120 67 107 62 2
76 48 11 75 98 24 61 2 38 95 93 33 49 103 6 88 50 126 47 19 51 105 59 111 21 121 85 55 82 7 115 102 108 26 100 23 78 56 110 96 15 123 29 120 8 36 101 124 70 63 113 81 45 4 64 109 125 30 79 34 37 57 87 89 40 42 66 44 14 122 46 62 28 25 60 12 31 35 67 107 32 53 84 116 83 77 41 3 22 92 86 20 17 94 71 43 52 114 5 80 99 119 118 69 65 54 73 74 9 117 1 68 90 91 18 13 58 0 27 39 97 72 104 112 10 16 106
15 53 108 18 82 2 9 24 35 43 106 99 26 80 63 41 118 84 37 44 115 107 92 16 86 57 71 34 85 104 3 55 87 47 73 112 27 1 109 59 102 19 97 52 21 113 60 66 36 72 11 105 10 17 49 42 95 54 98 79 110 45 7 124 20 117 76 51 96 103 69 94 114 6 90 123 32 77 74 5 28 13 101 119 25 91 22 125 30 120 58 70 100 93 64 68 14 111 46 62 48 83 78 89 23 38 33 56 12 8 50 116 122 61 88 126 4 65 81 0 67 121 39 40 31 29 75
119 117 94 46 125 106 55 103 34 8 109 30 20 23 73 91 0 58 70 64 80 61 45 87 60 95 99 105 7 42 18 51 35 74 54 41 112 38 1 9 13 3 6 37 33 22 57 53 11 50 44 101 82 47 26 17 115 123 97 88 28 71 65 84 66 118 85 100 59 121 126 107 24 5 90 63 14 75 43 98 122 36 27 39 86 67 4 56 21 110 62 78 96 49 72 15 31 124 89 114 68 52 32 108 93 79 19 120 81 29 69 76 10 113 111 40 83 25 48 104 12 102 16 2 116 77 92
81 25 18 80 120 17 26 93 95 41 112 102 123 49 91 101 74 7 34 51 97 63 107 1 45 109 61 6 29 14 46 21 13 88 90 10 52 54 27 23 50 114 77 30 44 118 82 64 47 84 24 53 104 35 121 125 3 42 110 78 86 71 68 59 33 98 73 70 2 60 12 117 119 31 85 56 105 94 79 66 76 58 57 115 111 65 39 43 75 89 116 69 22 32 113 40 28 100 5 19 126 4 36 37 72 108 16 83 96 55 87 0 48 62 124 11 9 99 20 106 38 67 92 122 103 8 15
91 60 58 30 25 31 22 95 55 117 44 118 45 12 74 50 72 18 53 86 42 120 93 9 23 98 71 103 116 63 41 34 81 20 6 37 3 19 35 113 88 78 67 43 90 26 77 109 16 82 75 10 112 4 115 87 80 5 89 123 119 51 1 101 54 48 0 33 99 68 96 125 76 83 114 47 65 11 38 52 104 84 73 40 32 2 57 7 110 94 29 49 122 66 85 102 15 100 14 36 79 126 107 97 124 69 27 17 64 8 111 105 61 21 70 108 121 24 13 56 28 39 46 92 106 59 62
114 28 59 30 70 94 0 87 126 67 121 96 93 36 109 99 23 9 91 122 12 90 47 97 66 105 98 14 42 56 43 108 72 61 84 22 31 21 6 62 80 111 102 4 92 57 45 40 5 124 79 44 20 125 1 113 112 106 101 54 2 48 119 118 34 117 17 37 15 25 88 13 60 29 39 76 123 73 50 68 46 115 51 33 83 103 104 95 58 38 32 82 16 19 63 86 26 53 41 110 55 78 74 120 65 11 24 116 71 89 85 8 77 75 27 10 18 7 81 69 100 107 35 52 49 3 64
46 100 111 7 71 122 20 22 103 54 113 5 1 62 37 23 39 3 33 16 48 34 74 36 31 98 72 83 67 80 50 61 6 119 65 47 17 9 53 105 97 56 85 106 112 94 38 14 116 66 77 102 24 70 64 57 76 121 63 75 44 110 43 32 123 8 109 107 81 117 18 114 27 55 30 12 115 126 10 86 35 118 95 120 26 84 4 92 96 45 52 40 101 104 19 13 42 125 124 28 0 93 90 58 2 49 88 99 69 91 11 68 41 87 51 79 15 108 73 25 78 29 89 59 21 82 60
94 25 5 43 96 55 15 106 105 33 99 2 70 4 30 22 76 18 97 39 3 83 31 47 50 42 81 66 80 26 67 16 82 124 27 60 98 57 20 68 95 40 46 13 59 28 108 121 104 84 29 69 32 119 78 126 115 112 71 19 0 87 49 58 120 101 102 107 51 109 100 85 72 52 118 14 56 24 125 62 35 48 6 77 17 53 63 111 1 123 88 93 91 38 74 9 34 86 37 75 73 114 11 89 45 41 64 61 12 44 65 54 21 103 90 10 8 23 116 7 36 117 113 92 110 79 122
120 62 26 50 10 28 6 52 90 41 117 20 95 36 82 69 97 59 19 54 21 37 5 125 18 45 79 31 123 25 93 4 2 77 9 40 57 17 7 47 46 99 49 75 48 11 70 107 74 3 80 114 121 85 53 124 81 14 86 94 51 1 56 112 84 106 105 68 27 33 16 39 44 109 23 12 38 91 88 65 0 115 73 78 64 72 58 32 110 98 67 71 29 116 15 104 102 66 103 122 24 8 92 30 83 100 108 113 60 13 34 111 76 126 61 87 22 63 101 89 118 119 43 42 55 96 35
27 69 49 88 64 76 90 19 36 7 21 107 106 56 121 47 26 72 40 74 108 71 44 95 13 34 51 55 94 116 10 113 28 110 38 16 89 59 50 15 4 35 6 67 45 80 20 60 103 66 122 75 22 54 104 102 68 85 120 24 32 53 115 77 65 3 112 61 39 70 52 79 31 86 41 42 124 123 33 83 62 8 23 14 91 126 109 82 37 78 43 58 12 111 87 98 1 99 29 93 97 57 84 11 81 125 46 2 18 92 0 48 119 25 30 9 100 73 118 101 117 96 63 17 105 114 5
44 5 24 81 25 84 53 21 64 99 23 6 50 106 59 87 54 62 52 98 75 0 48 61 88 117 111 58 3 12 57 109 122 56 83 8 70 120 86 13 119 110 15 10 17 123 40 35 18 27 32 37 66 28 41 126 65 80 118 93 16 42 29 82 90 78 91 114 43 74 7 33 100 94 26 60 30 67 71 101 79 121 95 73 31 102 96 11 14 39 85 72 1 97 116 104 49 77 20 92 2 107 55 36 125 51 63 9 69 103 4 34 108 68 105 124 89 76 115 46 45 47 19 22 113 112 38
33 78 26 46 38 34 31 113 126 106 112 100 115 16 39 82 69 51 97 110 3 66 102 32 62 36 74 52 59 123 88 65 86 96 84 92 111 1 44 116 64 60 90 87 27 50 30 61 58 98 105 89 76 14 103 13 70 19 29 85 121 93 20 54 119 83 124 47 0 80 56 71 114 45 21 72 118 117 18 91 94 109 10 15 108 125 4 67 104 42 99 6 63 55 37 35 40 25 48 23 75 28 79 95 120 107 77 9 49 101 81 41 68 12 5 8 17 24 57 7 22 122 73 43 53 11 2
126 56 83 3 71 44 115 60 39 27 94 63 79 59 12 17 100 1 119 50 123 36 124 30 38 76 33 104 81 80 6 13 64 72 106 54 75 42 48 99 82 14 8 26 88 101 47 41 103 24 77 46 86 118 35 108 23 92 120 0 37 15 32 122 61 16 65 109 107 18 11 68 55 105 2 78 95 70 19 85 29 116 111 90 93 73 69 62 45 113 112 57 96 87 43 53 40 22 28 52 125 21 74 5 10 34 98 110 49 84 114 4 97 89 20 51 102 58 91 67 9 66 25 117 121 7 31
18 123 21 121 53 40 89 22 81 4 110 124 113 17 90 119 111 116 59 56 46 67 99 57 0 58 104 95 48 32 35 23 36 118 15 14 41 6 85 64 76 16 50 37 55 27 120 74 82 34 47 108 38 13 112 102 93 94 45 19 86 26 62 83 65 87 88 52 75 2 117 3 63 106 107 30 66 39 125 51 1 20 105 54 92 84 44 96 70 77 69 25 29 72 100 68 71 98 101 61 60 122 42 33 109 24 78 28 103 115 97 80 9 11 49 31 91 114 8 7 126 10 5 79 73 43 12
37 106 88 47 44 109 50 91 124 32 35 92 7 45 21 72 70 95 107 42 12 55 76 9 89 113 83 104 103 81 65 46 36 30 68 71 118 57 20 10 52 85 48 58 75 78 119 16 56 26 117 67 43 100 120 34 74 87 25 90 93 61 82 29 2 14 126 39 73 54 69 19 11 1 8 96 4 59 122 110 108 60 51 49 63 114 13 116 38 99 115 62 17 33 123 28 64 22 80 97 18 5 40 112 86 84 31 6 15 53 24 3 23 102 111 0 121 77 98 27 101 94 79 41 66 125 105
14 84 24 40 80 65 13 34 116 87 78 93 28 105 42 66 76 6 11 73 110 81 119 10 74 97 15 124 107 89 37 60 36 82 2 3 19 31 75 102 77 101 20 118 68 111 95 9 120 53 29 41 39 67 23 100 123 35 79 115 125 62 43 22 52 45 16 54 50 104 46 90 7 30 49 8 1 17 33 61 21 5 114 26 106 38 86 32 70 48 117 103 58 25 91 44 88 92 126 85 64 121 4 12 113 51 122 59 94 57 99 71 56 83 108 27 18 72 69 47 0 96 112 63 55 109 98
84 67 1 59 81 113 82 119 25 5 62 92 32 30 110 57 125 66 15 117 7 35 122 40 24 89 47 29 120 115 19 90 63 0 96 16 121 118 18 8 112 87 85 12 41 45 108 75 105 126 17 52 43 13 33 106 14 46 94 49 102 34 42 101 74 83 114 54 11 10 4 39 70 80 104 73 86 91 99 53 64 21 31 100 6 22 51 107 68 20 103 26 55 116 38 76 2 3 78 95 36 23 77 44 58 50 72 56 97 109 27 61 65 60 79 88 93 124 9 98 37 111 71 69 48 123 28
125 76 3 25 9 26 71 81 0 78 104 12 37 56 52 86 119 33 126 73 80 64 69 100 57 111 32 88 98 45 67 95 59 68 43 75 21 99 90 54 41 84 19 46 79 105 50 106 34 108 42 116 62 15 87 110 35 74 97 109 4 91 29 70 14 27 13 92 77 10 1 123 38 117 83 94 28 7 121 17 53 51 16 20 115 85 6 66 30 122 48 44 82 103 72 11 113 36 23 102 58 39 55 40 93 22 2 31 118 101 24 65 8 89 107 61 124 112 120 18 60 49 63 96 5 47 114
72 19 81 41 121 73 12 98 43 50 11 107 124 103 119 10 30 5 77 89 37 71 13 83 35 6 36 70 46 16 38 101 85 51 3 92 34 2 64 60 86 126 26 112 88 91 80 49 108 68 125 15 44 25 42 55 8 111 118 123 32 105 58 29 79 66 4 20 65 106 27 52 17 75 74 122 113 9 0 109 59 84 117 104 57 69 94 120 97 82 48 7 33 115 114 110 53 14 90 116 62 40 100 93 47 61 76 23 95 18 67 56 63 31 22 87 54 39 1 28 24 45 96 78 99 21 102
117 99 10 102 2 48 83 118 13 116 22 94 110 123 93 7 89 91 53 121 66 16 33 44 88 86 78 50 65 92 63 109 95 0 49 32 15 47 38 97 41 72 74 101 84 30 4 40 87 55 29 69 17 6 106 90 77 98 122 67 36 18 56 42 82 19 5 104 112 31 3 85 107 79 25 71 20 105 37 75 60 43 111 35 24 119 64 120 9 113 58 11 76 100 114 125 8 61 59 12 108 21 103 27 70 96 54 81 39 57 51 115 52 73 26 68 45 14 34 80 1 62 126 28 23 124 46
12 112 80 21 8 6 111 26 104 119 91 22 3 72 116 94 75 10 110 122 99 118 42 105 71 97 64 5 87 115 124 76 20 16 47 113 44 39 101 108 61 69 74 92 102 15 107 73 41 88 77 46 81 58 29 14 123 28 54 53 86 2 32 93 25 90 38 34 43 125 70 24 52 1 121 36 114 106 0 65 18 31 117 48 13 7 63 4 30 19 82 120 37 95 103 50 56 78 9 55 51 85 45 35 83 109 33 59 49 60 17 67 79 11 66 100 62 98 126 40 27 68 23 96 89 84 57
103 110 109 42 3 85 72 104 28 56 15 105 37 2 57 40 69 107 83 9 30 119 117 38 39 54 62 76 82 50 89 64 71 22 0 78 36 31 27 16 102 118 33 66 73 111 47 96 115 17 108 100 125 112 53 99 12 124 32 49 48 84 7 91 113 98 93 23 60 75 92 46 94 95 34 122 10 13 41 14 18 26 4 88 86 19 29 35 43 80 74 114 120 97 106 24 63 79 101 87 8 6 123 25 77 55 1 21 45 90 126 44 52 11 67 70 58 65 61 20 51 81 68 5 121 116 59
98 78 89 126 7 17 107 43 4 81 94 25 82 61 8 26 49 11 83 103 13 80 54 32 71 57 122 96 20 42 113 29 41 86 56 88 24 95 66 105 91 97 119 21 92 90 102 15 115 85 65 31 121 104 64 112 110 52 106 23 114 123 22 19 28 84 33 109 70 10 101 16 62 40 99 0 75 69 50 72 124 27 39 9 48 35 59 60 37 120 68 47 100 118 111 116 93 73 87 53 36 58 6 46 63 108 1 117 79 125 30 2 12 38 14 5 34 45 55 51 18 3 44 76 77 67 74
82 100 61 104 78 80 53 37 112 102 25 126 32 89 84 44 43 120 77 103 95 114 57 2 15 28 18 111 73 26 4 16 122 48 64 85 21 109 1 101 81 68 110 119 86 36 23 108 62 98 65 88 17 19 115 56 27 47 34 55 51 12 96 59 24 0 49 116 91 8 105 3 121 90 5 33 35 50 70 79 107 31 54 71 66 9 87 76 6 22 20 75 99 118 10 69 83 106 40 11 117 124 97 92 45 46 38 58 125 14 42 13 113 74 52 29 60 94 41 30 7 93 63 123 67 72 39
64 94 6 80 36 44 72 56 79 88 37 40 69 32 92 24 108 115 63 84 103 99 29 62 106 22 11 48 18 87 27 74 78 109 104 122 31 100 61 119 3 53 91 59 16 38 52 113 124 70 33 34 25 121 55 96 30 90 17 86 15 28 82 112 4 107 110 41 26 116 89 118 5 60 93 57 111 117 49 66 14 9 76 114 95 39 0 46 19 45 85 23 21 125 105 7 75 81 68 35 1 120 65 13 98 2 50 12 20 102 51 47 97 77 101 42 123 67 58 71 8 73 126 43 83 54 10
19 59 51 61 49 36 53 73 17 45 99 108 111 37 38 82 3 15 47 77 12 119 55 34 60 25 113 0 8 46 20 86 14 124 98 117 35 79 81 7 39 87 56 65 22 71 26 95 11 40 96 43 109 103 68 58 118 121 69 97 66 78 63 92 31 100 115 114 93 106 91 42 123 84 30 85 102 32 48 74 10 67 41 9 112 1 13 24 21 126 33 107 29 83 94 5 2 18 16 52 101 64 89 122 76 116 75 70 54 50 90 4 88 110 62 28 125 120 80 104 44 57 72 105 6 27 23
82 27 79 93 108 49 24 54 105 116 18 77 109 70 10 98 46 60 31 62 41 83 122 7 85 15 43 45 23 72 118 89 117 11 119 81 9 94 88 56 29 53 8 5 2 51 121 75 106 21 124 57 22 32 14 91 39 95 12 55 50 30 123 76 64 102 104 17 37 25 4 35 71 78 84 87 33 13 67 68 47 44 126 97 61 16 73 103 112 20 48 36 66 34 26 52 107 80 90 28 3 65 69 59 40 115 19 6 58 99 113 63 74 42 114 101 1 120 96 38 110 92 111 100 86 125 0
91 17 22 112 104 89 79 0 123 7 42 68 54 1 113 52 97 16 38 18 117 36 120 59 65 48 94 31 11 114 85 96 61 108 76 49 26 78 28 19 66 32 90 44 83 60 50 86 107 43 88 105 27 74 10 46 115 106 119 55 101 23 80 77 4 34 82 126 121 12 56 118 125 21 70 30 116 24 71 58 95 41 13 25 87 100 99 40 45 84 14 75 15 29 103 39 122 69 53 73 93 64 8 109 33 72 51 5 124 111 92 35 110 37 57 81 98 6 3 63 47 20 2 9 102 62 67
13 89 73 110 31 113 62 44 82 38 118 3 65 75 84 102 55 97 12 4 91 79 100 105 9 53 77 59 109 99 15 8 92 37 125 81 1 112 78 80 41 26 35 108 52 98 28 48 88 87 76 120 74 115 5 14 51 114 40 58 123 42 23 57 17 18 36 7 86 46 64 124 56 25 54 85 27 49 43 45 111 104 21 11 33 39 20 90 94 24 121 95 107 93 67 122 50 68 71 47 63 19 116 30 61 96 29 34 16 103 32 6 119 72 117 0 2 22 69 60 106 101 126 83 66 70 10
48 61 93 83 95 110 75 12 1 76 82 32 57 64 109 58 7 5 11 98 28 29 113 100 27 6 120 41 22 79 102 68 63 33 31 112 19 125 87 122 8 30 42 97 3 92 23 65 15 105 50 89 94 69 49 0 39 91 37 107 124 2 81 101 85 16 10 43 106 73 34 80 17 40 20 36 9 46 118 116 78 121 115 51 99 66 25 123 108 21 14 26 18 119 114 90 45 71 103 35 74 4 24 111 77 126 67 54 52 13 96 72 47 84 44 62 59 104 38 53 60 88 70 86 56 55 117
106 25 83 31 71 67 88 6 24 69 26 79 78 114 110 52 47 90 94 103 104 37 0 50 42 51 38 125 49 96 1 8 56 73 16 2 19 10 54 5 116 28 63 124 9 41 74 17 43 40 81 23 20 113 89 15 68 14 7 64 70 102 30 101 117 86 97 58 55 119 118 82 120 32 60 33 46 27 13 62 29 59 66 3 53 34 35 36 123 76 95 65 39 48 111 61 105 4 57 100 45 21 44 75 80 121 115 92 84 77 18 107 93 122 109 126 87 72 98 108 85 99 91 11 12 22 112
