118 33 87 43 39 4 94 120 98 31 10 14 11 113 25 34 86 73 16 15 42 46 68 76 95 74 21 36 12 100 84 26 85 58 2 0 28 77 45 75 114 105 32 1 121 103 63 125 57 5 9 119 60 54 101 35 123 79 110 24 99 23 64 55 71 30 50 65 18 107 67 112 124 38 44 111 22 108 17 69 104 7 66 51 40 122 53 102 47 70 62 3 126 109 83 29 78 27 91 81 89 49 52 59 41 90 19 117 72 6 56 88 82 97 116 37 8 93 61 115 92 96 106 13 48 80 20
117 69 44 77 114 70 75 122 103 43 39 18 65 0 111 115 93 78 80 62 13 6 30 25 87 64 21 58 54 53 88 107 14 17 94 120 32 95 74 20 4 104 60 42 119 102 26 81 1 96 31 59 23 100 8 29 11 12 105 45 22 73 56 57 48 123 79 46 101 27 91 36 10 76 82 49 98 16 33 72 50 61 2 113 67 3 55 7 116 34 124 47 63 38 66 89 110 121 108 126 85 83 68 112 40 41 37 71 118 99 15 86 84 109 90 19 24 106 52 97 51 35 125 5 92 28 9
15 16 12 94 95 120 39 45 37 62 96 55 21 67 31 106 114 11 28 68 10 104 64 109 9 2 103 25 77 61 85 93 73 6 101 58 112 54 86 26 49 0 44 19 100 107 50 72 126 81 80 98 83 99 89 90 38 17 48 66 59 125 69 53 36 92 71 47 84 4 43 113 51 79 88 8 97 33 87 41 123 42 46 3 22 102 13 75 29 35 119 32 23 121 18 57 108 117 24 52 124 7 118 60 115 56 14 1 34 78 30 111 70 110 63 122 27 76 116 74 82 40 65 105 91 5 20
112 3 105 22 20 15 18 68 121 7 37 0 6 109 43 81 61 116 10 87 86 64 103 36 91 50 40 101 27 114 62 98 19 93 41 124 55 66 113 88 84 39 115 8 5 60 82 77 118 49 76 34 100 106 99 54 32 73 23 26 4 52 47 58 126 69 14 71 78 67 45 63 108 12 25 21 38 79 89 51 123 80 122 46 97 56 33 31 53 74 107 75 83 96 104 17 110 59 9 72 35 42 111 16 65 29 85 2 125 13 102 44 70 119 48 120 28 24 1 11 94 95 30 90 92 117 57
16 117 36 30 17 10 60 83 39 101 29 51 118 5 2 66 89 27 90 46 34 76 97 33 81 37 73 11 113 99 52 20 126 116 124 41 64 68 50 25 92 12 84 32 48 85 86 22 103 6 122 82 45 35 58 15 123 93 102 57 71 98 79 26 72 54 8 21 94 115 18 75 47 107 4 80 70 63 100 55 110 111 1 24 49 91 65 19 53 43 87 38 7 9 44 69 108 120 119 88 105 42 78 31 56 61 23 62 74 28 109 96 125 3 13 114 14 104 106 112 0 67 95 121 40 77 59
66 57 50 79 55 53 26 72 4 113 47 15 48 46 35 126 78 115 117 84 120 13 19 0 97 45 119 101 41 2 77 67 52 125 87 124 76 22 51 112 14 29 30 82 56 111 38 94 31 100 116 43 63 110 75 23 42 98 80 109 1 118 114 103 44 11 61 59 93 58 122 96 9 20 88 49 17 106 39 104 34 105 91 3 107 81 86 54 90 70 12 40 85 83 99 74 10 8 121 73 24 6 37 92 28 16 71 62 65 5 89 108 123 21 7 69 36 32 68 33 25 95 64 60 27 18 102
105 40 104 13 20 45 62 96 64 83 111 2 109 124 86 80 74 119 14 49 57 87 48 30 16 97 81 92 89 118 1 84 25 76 8 36 122 114 113 93 34 126 73 39 43 63 75 82 23 79 28 66 108 42 26 18 68 98 29 69 44 4 70 116 117 91 5 9 10 60 32 33 85 100 99 121 27 24 38 17 21 90 31 95 67 94 22 125 72 106 47 46 6 65 77 50 88 78 110 107 3 15 11 71 53 55 59 115 0 52 102 103 35 37 51 58 19 41 54 56 120 123 101 112 61 7 12
66 108 27 46 124 8 54 7 42 56 43 79 13 126 72 20 30 94 68 38 114 16 87 118 59 120 104 96 102 103 75 15 14 84 78 1 26 92 74 53 73 122 21 40 111 17 4 125 113 2 81 117 119 47 61 36 57 45 83 77 19 34 63 69 107 60 97 18 55 99 50 31 106 29 110 76 80 67 49 62 123 115 23 95 28 35 33 112 44 116 6 65 25 52 3 88 51 91 71 39 11 10 24 101 58 70 41 9 32 5 90 12 48 82 100 85 0 64 109 86 121 22 37 93 105 89 98
21 119 33 116 102 39 17 25 7 126 42 20 29 40 106 67 19 97 124 36 73 72 111 18 75 84 22 52 50 49 74 65 56 71 13 2 3 82 46 112 107 93 38 90 0 6 8 12 27 69 23 60 103 45 85 31 24 57 34 76 95 125 37 100 78 88 68 87 32 16 35 89 86 28 61 41 83 92 14 1 62 104 63 9 98 91 26 77 58 123 79 55 110 101 114 96 10 11 53 121 43 113 70 48 64 54 115 66 15 4 80 44 81 109 94 122 51 105 108 118 5 117 59 120 30 47 99
107 20 49 35 92 99 100 33 12 125 115 69 116 41 104 32 88 80 19 60 23 77 126 5 101 68 44 55 17 3 78 67 86 28 10 1 105 27 22 70 85 9 65 110 97 76 82 109 4 40 113 34 111 64 119 0 14 74 26 96 122 75 11 58 38 124 6 2 37 103 8 93 24 61 118 36 90 45 79 30 73 63 47 53 89 18 81 42 102 57 117 15 54 29 52 123 91 95 48 21 72 84 51 31 39 66 43 83 16 114 46 7 59 13 50 106 62 71 98 120 87 25 121 94 108 56 112
64 89 57 65 23 69 62 105 36 48 88 54 103 26 96 5 31 63 3 70 87 110 98 8 124 7 112 125 86 22 0 72 33 60 121 51 92 95 79 30 113 52 83 12 9 46 38 2 123 93 40 24 10 104 61 81 109 115 77 100 67 45 50 106 32 74 122 39 34 4 53 107 27 16 97 94 11 49 18 29 111 114 119 42 116 76 44 108 41 59 117 28 13 91 43 1 80 55 118 15 47 82 19 25 102 35 21 68 101 84 99 14 126 66 120 71 58 20 6 56 73 78 90 75 17 37 85
41 39 22 15 16 59 30 121 36 115 71 74 8 89 112 111 92 11 61 104 42 110 85 114 45 98 18 0 25 7 37 24 75 55 76 3 66 5 99 86 23 50 51 33 106 14 96 83 72 87 80 125 40 103 126 97 70 10 101 32 65 47 116 21 27 102 54 67 117 9 48 2 52 64 35 78 63 28 19 12 84 109 107 17 91 31 1 34 44 81 4 68 13 94 88 57 46 120 43 122 90 62 58 56 95 108 60 38 100 29 93 26 79 124 6 105 53 69 113 77 119 73 20 118 123 49 82
50 1 26 30 88 23 99 19 58 65 106 73 54 20 3 40 10 89 91 116 97 53 104 79 124 80 113 103 109 126 122 100 2 6 57 110 31 117 51 112 82 47 32 77 62 22 119 85 121 75 111 71 59 56 64 74 76 105 24 46 86 94 25 45 114 4 16 12 95 9 33 36 21 14 123 43 108 68 39 66 15 17 92 18 61 125 11 115 83 63 84 87 13 49 41 67 37 69 72 34 38 52 70 118 81 101 27 29 8 0 44 55 35 90 42 48 107 96 120 60 98 5 102 28 78 7 93
112 30 61 68 81 117 75 71 87 33 85 51 111 1 118 40 78 114 31 53 7 3 108 41 90 124 39 28 10 96 88 65 126 19 26 47 34 121 13 89 113 9 110 14 32 106 15 43 77 17 56 55 99 57 22 76 37 59 52 48 73 46 64 63 74 67 109 0 104 91 66 125 54 49 38 45 23 25 29 24 84 83 4 70 97 86 60 101 36 107 93 120 95 18 21 80 16 116 20 2 5 12 122 102 119 72 27 8 62 42 123 6 79 103 50 94 82 115 92 98 35 69 58 105 44 100 11
90 76 52 112 7 6 81 57 110 117 105 40 72 111 114 27 93 77 55 19 68 32 21 1 25 12 87 124 15 43 88 79 37 80 39 119 78 31 47 85 13 61 16 100 97 54 11 53 64 122 35 28 51 121 3 113 92 14 66 108 104 36 30 34 74 89 107 67 98 86 44 23 115 48 8 10 63 123 24 0 26 49 9 58 5 22 17 118 120 33 91 70 125 62 73 38 41 95 60 45 75 96 101 29 106 71 20 102 50 126 59 116 56 103 18 99 83 2 42 4 82 65 94 69 46 84 109
95 16 42 55 107 100 38 81 106 86 111 24 122 125 46 69 57 15 59 72 88 5 94 75 113 56 67 115 117 61 40 116 11 31 35 74 121 34 96 78 43 73 70 41 98 21 36 58 28 89 77 45 114 124 27 105 120 118 108 37 92 6 71 26 68 101 110 7 1 109 29 76 83 52 10 18 50 104 14 93 119 87 30 48 60 102 44 3 19 103 97 82 12 25 99 2 90 8 9 49 39 63 53 54 80 112 4 17 66 123 91 51 62 32 23 0 33 126 65 64 22 20 79 47 84 85 13
105 84 55 24 75 29 51 69 63 83 23 14 49 27 36 0 88 97 78 40 62 80 31 44 12 10 67 71 113 61 112 4 39 50 41 126 108 85 59 72 20 18 117 87 94 110 64 19 89 70 7 6 8 121 124 81 47 37 116 118 90 82 17 34 106 56 101 66 32 76 65 1 125 99 46 60 103 95 111 53 93 122 48 68 22 3 16 21 11 42 38 5 104 25 28 52 115 33 57 26 96 120 77 102 30 15 86 35 91 114 98 123 79 92 107 54 73 43 74 2 119 58 13 45 100 109 9
21 19 62 58 78 116 115 53 56 106 47 22 64 97 13 51 11 8 119 72 38 99 124 49 91 77 123 80 12 37 66 94 89 93 69 10 6 18 4 3 88 2 44 60 103 111 26 85 30 45 63 35 25 108 86 29 54 117 74 32 113 107 101 118 96 68 42 59 17 75 110 65 102 48 36 109 34 92 67 20 27 73 100 52 57 82 24 71 5 121 98 55 41 15 43 16 95 126 1 33 61 120 79 40 46 112 70 114 0 31 9 90 122 50 105 39 76 28 81 104 84 83 125 7 87 23 14
38 30 51 65 80 60 9 106 49 5 61 25 89 77 55 72 27 11 102 95 91 82 48 31 118 37 119 108 126 84 52 54 93 45 66 121 112 40 6 92 21 24 68 98 20 73 42 100 50 57 103 86 32 123 79 59 96 44 34 43 111 115 78 41 53 81 76 47 62 109 90 67 8 97 85 107 99 3 125 63 124 18 1 22 64 35 46 116 87 110 14 71 7 122 101 83 105 69 4 0 16 29 94 88 114 17 58 74 113 2 75 36 120 39 12 117 23 13 19 104 56 26 28 70 33 15 10
77 4 30 107 114 111 86 83 51 55 93 32 94 80 104 61 96 102 110 60 25 23 97 29 26 106 118 74 33 8 46 57 45 17 39 98 89 126 120 101 108 117 5 31 87 44 124 14 40 84 92 119 15 69 103 3 6 18 41 43 78 70 112 9 82 36 125 81 62 21 28 68 58 109 13 37 79 24 38 34 73 67 47 99 27 91 35 56 0 10 90 88 12 52 75 76 16 20 1 72 105 95 19 54 2 59 48 85 121 11 115 49 113 122 7 63 64 22 42 65 100 53 50 116 71 123 66
28 105 63 11 45 69 111 68 115 20 2 52 103 37 66 81 86 62 76 93 31 74 123 6 70 14 106 47 22 104 49 59 0 97 108 99 36 82 39 18 75 4 8 50 27 12 19 118 65 78 72 77 84 113 71 79 117 26 87 92 114 100 122 85 3 119 94 101 46 21 38 23 125 30 102 42 1 53 29 51 9 109 60 16 110 73 32 56 15 43 121 98 40 91 33 64 67 54 35 34 17 61 83 120 5 24 90 112 126 96 25 55 7 41 124 116 107 80 10 95 57 44 58 13 89 88 48
122 106 49 71 42 104 28 73 26 83 114 121 78 21 91 115 111 4 110 72 118 50 64 59 11 32 0 47 84 69 46 9 112 89 100 33 123 62 81 107 68 65 15 19 12 51 74 20 63 96 43 10 3 27 103 116 13 119 16 99 92 57 98 102 31 117 41 22 24 14 17 79 6 35 95 52 105 80 85 1 29 2 120 25 93 34 18 76 66 86 36 75 39 126 48 23 113 108 58 70 90 40 109 88 60 38 53 61 7 30 5 77 44 37 94 54 101 97 8 87 45 56 82 55 67 124 125
105 76 46 6 82 49 116 112 53 7 43 109 100 41 123 23 70 4 60 56 66 8 61 39 74 27 107 114 12 18 80 45 108 14 98 87 68 120 111 63 13 30 5 65 75 22 59 33 122 1 51 99 48 55 89 0 34 84 88 24 85 21 117 62 26 2 50 121 86 16 93 97 77 106 125 3 71 126 92 29 9 11 73 42 36 17 104 78 119 118 38 113 94 40 20 115 96 37 10 64 15 47 91 83 28 52 35 101 67 19 31 69 25 32 81 44 54 124 58 103 90 102 79 57 72 110 95
109 31 110 121 1 73 111 108 41 16 3 61 37 8 21 56 20 102 40 28 66 0 52 114 77 83 10 89 94 53 115 59 113 105 55 34 32 47 119 98 60 9 51 107 87 22 30 85 92 116 17 123 2 103 4 49 67 46 82 100 65 12 72 86 99 26 124 50 24 43 88 45 42 18 57 106 120 126 13 90 76 38 79 54 117 93 44 80 122 58 68 35 97 36 75 96 91 48 25 27 7 112 64 33 29 62 71 70 84 15 95 125 5 69 14 19 63 78 11 104 39 6 74 23 118 101 81
71 77 22 53 90 31 46 98 64 115 5 3 123 32 33 39 87 95 75 80 24 126 20 43 96 41 4 106 110 109 125 84 105 10 2 60 56 101 94 17 122 49 52 66 34 68 107 59 61 58 104 113 92 18 16 48 76 102 73 119 116 112 37 36 82 79 81 45 91 78 6 28 38 25 42 111 69 29 1 118 13 65 30 27 108 26 70 35 63 54 121 114 120 23 103 0 7 21 99 88 14 40 55 44 124 72 15 117 74 57 51 85 93 47 86 83 8 67 11 100 97 9 62 19 50 12 89
17 119 86 49 94 98 52 59 87 118 36 71 97 92 19 48 54 112 89 76 32 26 34 1 27 126 18 13 7 55 53 113 58 24 100 78 43 21 10 40 106 39 96 63 29 31 11 111 65 109 82 28 68 83 33 102 80 8 77 20 110 46 108 73 14 62 15 4 79 66 120 115 114 37 3 123 88 121 38 95 0 116 122 5 23 104 125 6 81 117 67 70 56 69 91 41 51 12 9 124 75 25 85 44 57 107 99 90 105 47 103 45 35 42 60 16 72 61 50 101 74 2 84 22 64 30 93
41 72 86 92 34 75 2 109 23 78 55 112 84 7 79 123 110 91 90 48 107 96 25 19 6 77 62 65 93 22 74 52 54 29 14 11 108 42 18 49 94 53 47 98 39 83 99 61 100 124 50 80 117 76 125 81 111 3 103 44 67 101 102 69 43 17 4 119 13 32 59 45 5 113 58 37 89 31 60 66 0 26 120 21 51 15 8 16 126 20 82 10 56 46 28 116 36 71 68 95 122 121 97 73 1 118 35 87 27 24 106 12 104 70 9 38 105 85 115 114 57 88 40 30 33 63 64
79 38 13 65 62 42 81 5 1 92 59 114 72 103 113 48 76 106 85 51 54 39 49 93 83 118 55 66 64 86 84 102 17 104 27 88 107 77 78 19 80 23 110 75 94 14 122 28 109 96 4 52 44 21 82 22 41 73 126 33 12 68 9 37 47 116 89 11 57 101 95 87 74 46 43 45 8 56 125 123 53 105 97 40 31 25 2 34 91 115 67 10 58 117 18 69 0 119 100 7 112 3 26 61 32 63 99 35 111 71 6 29 121 124 50 15 20 98 30 60 70 108 36 16 24 90 120
113 94 36 98 25 35 88 62 2 37 125 102 90 23 122 84 10 50 65 91 18 30 43 5 59 71 17 14 101 81 69 100 51 104 33 48 6 21 46 38 111 86 22 7 60 41 76 0 45 12 124 74 4 70 109 106 64 32 31 77 121 107 55 96 112 87 1 85 80 8 27 63 13 53 93 79 110 89 3 39 34 47 68 117 9 56 52 42 118 11 95 83 67 44 97 75 73 114 61 108 54 49 126 24 82 66 78 119 116 58 57 115 99 123 29 72 16 28 92 19 40 15 120 105 103 20 26
31 49 78 106 47 6 112 30 98 37 68 29 64 108 60 72 81 84 24 67 21 41 57 111 63 79 8 71 32 89 51 22 3 107 69 61 85 14 28 115 10 62 100 126 82 90 9 2 5 0 125 50 105 91 1 42 75 39 83 116 103 11 44 45 76 73 104 7 118 20 119 87 101 16 121 114 120 88 4 117 40 13 77 66 43 70 80 36 96 27 113 38 12 25 48 15 97 122 123 102 46 17 56 55 86 93 18 19 92 54 23 53 26 52 59 33 124 95 74 99 35 109 65 58 34 110 94
50 78 26 123 37 76 7 6 121 40 69 41 21 35 33 5 64 49 0 88 31 83 104 101 81 12 96 85 113 24 10 30 79 70 38 45 118 66 39 44 16 106 105 1 43 92 120 23 42 93 74 48 34 9 63 65 77 100 80 98 71 2 13 4 57 124 107 67 58 52 99 36 94 119 75 111 22 32 15 17 109 86 51 97 3 82 27 91 46 84 19 54 68 60 8 90 11 25 18 122 53 61 59 14 62 89 114 87 73 95 110 72 29 56 126 112 115 102 116 55 125 28 20 117 108 47 103
118 84 114 88 122 75 34 124 3 101 64 20 50 95 56 110 126 113 115 8 42 30 82 85 59 74 60 31 6 38 22 107 45 10 15 46 43 16 37 7 44 55 105 91 36 94 125 81 89 102 19 33 11 35 83 61 53 52 106 69 98 72 14 39 40 99 4 21 93 49 63 5 86 67 23 41 0 71 29 109 108 13 100 18 54 120 79 111 87 121 119 103 97 116 48 51 66 96 92 1 12 27 90 17 58 78 112 47 25 28 70 104 65 117 26 32 123 76 68 9 73 62 57 80 77 24 2
69 23 118 20 105 39 101 117 85 15 19 104 57 82 3 114 17 65 27 18 43 7 86 5 63 126 24 13 53 121 44 14 95 55 46 41 111 66 52 102 9 74 31 120 77 33 87 50 56 123 8 90 59 125 61 110 72 38 78 22 35 80 91 107 2 122 108 29 116 0 11 32 4 26 115 34 37 103 89 73 81 30 12 88 100 47 94 49 36 83 124 119 62 42 28 84 1 58 64 76 10 25 16 109 106 113 68 67 98 99 93 54 60 92 70 51 40 71 79 6 21 45 97 96 75 48 112
73 111 92 59 71 62 94 115 65 33 47 26 24 120 109 113 108 124 123 43 50 2 93 46 107 32 98 97 70 85 34 51 49 42 21 0 103 83 27 90 74 95 106 22 88 58 122 18 30 5 77 66 11 12 69 116 78 75 63 23 55 7 104 100 6 25 53 86 14 119 56 61 79 52 38 99 110 89 126 3 68 84 60 76 96 29 40 35 117 8 91 121 64 19 105 114 39 87 31 102 28 17 48 80 118 112 41 16 54 20 13 72 9 57 37 101 44 15 10 4 81 45 82 125 36 1 67
60 88 34 93 43 112 15 122 73 0 96 115 41 22 18 50 8 110 63 53 91 80 54 98 52 126 103 111 24 57 14 78 87 67 59 120 49 23 113 1 72 86 7 2 105 119 108 85 36 27 39 9 66 118 114 19 121 12 37 102 94 26 109 107 11 62 99 20 95 4 81 89 10 76 35 25 125 77 29 44 82 28 92 90 101 100 104 33 64 3 69 116 45 68 56 123 83 5 61 47 30 42 48 58 6 70 31 17 21 84 38 97 16 71 32 124 74 79 75 13 51 55 106 65 117 40 46
22 7 91 60 67 78 90 18 27 70 38 111 108 14 86 42 59 126 31 85 49 3 12 123 82 61 103 105 32 54 43 46 81 117 15 109 101 77 66 110 25 62 19 118 124 29 97 2 115 58 113 45 72 26 11 69 6 34 119 24 33 47 8 23 35 102 80 9 65 116 36 51 48 63 106 114 88 112 96 75 68 10 107 76 50 1 28 120 16 13 93 4 73 39 56 57 104 44 121 100 83 52 20 71 92 89 94 125 87 55 37 95 98 74 17 41 64 40 99 0 30 122 53 21 5 84 79
94 82 85 5 76 17 88 75 7 70 2 44 24 81 4 67 71 36 60 30 126 120 73 84 63 55 0 56 74 107 93 49 116 11 59 112 19 100 8 68 79 57 115 118 106 91 52 92 64 124 69 22 31 77 14 62 78 41 54 121 87 101 47 43 1 65 83 113 98 99 97 123 102 80 117 50 34 18 48 108 114 42 32 104 125 46 45 28 111 105 12 21 95 3 27 6 15 40 38 26 10 72 13 96 103 110 23 58 9 20 51 37 29 33 39 109 66 35 25 89 119 53 16 122 90 61 86
36 51 118 48 2 93 64 95 78 11 63 41 85 96 73 119 15 31 43 98 20 25 26 50 113 28 53 1 65 24 35 57 100 32 3 14 44 74 121 49 110 54 76 77 99 70 91 94 116 19 40 58 39 37 79 120 5 33 66 108 6 81 84 87 62 105 126 12 46 111 22 68 38 86 23 45 115 117 55 56 89 30 80 114 13 17 18 112 4 67 83 7 103 47 9 102 124 29 72 52 21 59 90 123 27 122 16 34 88 106 10 82 0 125 61 92 75 42 109 8 97 104 101 71 69 107 60
61 17 106 29 123 18 118 110 119 88 124 98 45 56 23 91 120 63 104 100 99 114 27 21 85 65 12 66 125 93 35 71 105 74 64 84 109 43 103 39 40 16 111 28 44 113 54 117 101 52 46 13 83 58 60 68 78 37 41 70 49 30 6 10 47 5 53 2 62 48 55 115 20 26 126 11 14 112 9 121 73 22 72 77 8 81 59 87 69 76 95 34 97 102 24 50 7 19 82 42 107 108 38 36 75 67 25 89 3 32 31 33 1 96 79 86 80 122 15 51 92 116 90 0 57 4 94
89 16 87 122 1 102 4 72 6 97 37 78 82 104 125 68 62 3 109 47 42 56 116 81 57 119 118 13 26 15 24 58 120 79 29 86 35 14 10 48 88 114 83 23 41 105 95 34 46 115 100 103 66 61 0 101 94 117 5 84 40 70 43 21 52 126 75 112 39 28 2 77 91 123 80 63 12 27 17 49 38 85 59 18 33 90 76 113 74 55 51 124 22 67 11 32 92 99 65 50 30 53 25 108 106 9 98 36 7 19 54 96 20 110 121 111 8 93 69 73 45 31 60 44 71 64 107
91 11 77 97 17 81 98 95 18 78 61 82 13 90 64 119 47 30 110 73 118 102 88 103 23 25 89 45 93 6 55 22 34 53 42 62 41 126 86 7 83 44 16 0 71 2 123 56 114 58 37 48 40 8 67 26 50 57 28 84 60 43 33 85 1 121 27 59 74 115 51 39 125 35 101 63 12 31 65 87 3 79 54 120 117 49 46 14 75 15 80 5 109 24 116 72 4 96 36 52 99 94 70 106 69 19 9 111 92 32 108 20 122 104 112 124 21 29 38 66 10 76 107 113 105 100 68
85 89 66 65 25 19 75 51 17 119 63 83 27 13 41 42 28 2 33 116 77 95 26 125 86 53 14 123 72 56 8 47 92 113 96 24 124 22 68 121 90 115 31 91 43 108 35 4 110 44 70 98 101 59 1 12 32 52 7 40 106 87 84 46 102 76 61 78 80 67 30 37 34 54 105 93 79 55 103 58 100 114 111 57 94 112 88 64 71 6 97 122 104 48 11 81 82 49 9 62 120 118 21 117 5 36 73 39 99 107 126 29 20 109 50 16 60 69 18 38 15 23 0 45 3 10 74
40 91 48 42 98 54 116 85 101 77 17 43 64 14 45 44 57 71 39 65 76 9 2 93 110 19 31 92 58 122 36 80 114 104 113 126 4 103 124 18 88 56 102 74 49 67 112 106 86 83 125 84 13 28 23 34 81 70 115 26 3 61 111 27 16 37 32 53 119 29 79 96 121 20 22 99 21 62 11 73 55 52 1 30 123 41 8 107 90 0 95 6 15 46 117 82 38 60 97 68 24 78 75 109 7 108 118 87 12 120 25 35 72 5 59 51 105 100 50 63 69 89 10 94 47 33 66
76 96 113 11 12 122 55 23 84 73 9 125 65 41 42 118 20 5 31 10 77 18 36 103 3 15 37 67 16 49 33 22 17 13 60 89 51 35 14 63 87 71 107 123 44 74 24 68 40 120 98 106 70 78 124 50 100 121 85 48 95 102 112 88 29 99 66 56 117 34 21 4 61 62 126 52 7 43 109 58 91 25 39 81 101 94 86 46 93 64 105 108 28 30 92 69 53 83 90 110 19 59 6 0 26 57 72 1 45 54 116 104 8 47 80 119 75 2 38 79 27 115 32 97 111 82 114
40 71 44 78 69 99 53 66 117 28 98 97 12 39 60 120 63 73 75 45 107 43 18 34 49 119 10 85 91 21 123 81 87 111 70 47 6 82 59 24 79 61 36 90 95 0 96 103 105 92 51 76 114 4 25 8 113 122 86 33 118 22 16 54 109 11 41 48 3 67 116 2 23 15 9 65 56 100 101 38 55 57 68 52 31 14 27 106 80 62 94 126 125 7 102 112 37 46 64 77 42 110 5 20 89 93 124 115 29 88 84 35 19 50 121 30 83 108 32 104 58 13 26 74 72 17 1
12 24 116 37 120 25 19 104 27 102 77 62 85 23 20 103 7 55 79 88 66 97 96 45 90 47 68 98 126 61 2 89 69 58 35 15 63 51 41 112 1 48 108 105 109 72 107 101 5 36 82 81 32 13 95 8 10 64 4 56 6 80 70 34 73 43 119 49 40 92 42 115 18 74 111 71 44 100 54 121 46 114 14 28 75 26 76 52 106 125 38 124 59 31 86 17 53 57 83 78 16 60 94 11 22 93 87 67 29 84 118 30 113 91 117 21 99 122 39 9 0 50 3 110 123 65 33
61 83 59 122 7 118 62 107 49 108 30 126 119 70 121 80 110 97 20 91 12 17 125 124 75 24 79 5 18 43 116 33 68 85 81 44 35 38 28 60 120 55 109 104 92 84 88 93 58 73 4 34 10 19 54 86 87 27 32 42 67 114 95 123 115 46 50 65 77 23 117 74 2 111 22 96 15 11 100 25 56 41 40 36 103 98 26 57 45 51 76 9 101 105 8 72 1 0 66 112 14 39 52 78 71 106 37 13 69 64 102 89 48 53 99 16 6 31 113 29 82 47 21 90 3 63 94
63 14 34 115 36 66 69 50 116 126 35 8 12 114 64 102 92 55 72 53 71 33 103 83 84 78 24 125 111 123 42 31 58 57 15 28 82 89 100 88 41 9 3 52 120 13 86 10 119 1 67 6 60 22 77 107 80 45 21 59 94 0 90 62 23 54 16 109 99 40 4 117 121 68 96 7 79 17 39 46 48 70 113 124 51 5 105 85 81 26 32 106 95 98 27 25 2 108 38 65 30 74 101 56 49 87 76 44 110 19 11 91 122 20 37 97 47 73 75 118 104 29 61 43 93 112 18
123 80 34 27 45 109 104 39 118 68 99 9 60 125 38 54 2 72 83 122 87 89 53 84 21 69 31 64 113 32 78 77 37 110 61 106 119 115 124 18 126 15 97 96 112 102 28 66 14 101 40 71 36 42 58 91 88 94 0 73 11 100 7 3 51 111 74 50 120 16 56 103 22 17 105 67 95 20 24 49 43 25 86 12 65 48 47 93 26 75 29 92 81 108 1 70 10 63 46 4 90 52 13 6 57 107 19 5 35 98 55 79 114 117 41 59 8 62 76 82 85 23 121 30 116 33 44
15 110 120 93 47 5 104 19 89 42 76 7 80 1 78 103 45 108 51 118 49 73 20 126 65 13 105 109 37 0 121 112 107 33 87 44 26 9 29 52 90 67 96 79 71 6 61 43 122 117 113 18 63 34 77 16 123 57 88 86 30 64 27 41 101 21 114 74 28 32 125 55 4 84 72 48 38 68 58 115 2 54 22 94 36 83 60 40 82 97 14 53 25 92 95 91 11 106 17 124 100 99 3 98 24 39 75 56 62 59 111 23 8 69 46 85 35 12 70 50 10 31 66 102 81 119 116
91 80 113 17 83 92 39 54 110 97 93 14 115 123 33 51 28 85 50 62 23 101 94 121 27 0 60 124 26 9 105 109 18 87 48 66 102 2 35 49 106 86 19 88 117 52 65 119 116 6 37 55 11 77 4 112 24 12 69 7 125 89 15 21 16 72 47 43 81 57 46 122 53 67 98 78 104 45 58 75 29 1 90 20 44 56 32 95 103 118 13 111 25 74 38 73 64 22 114 82 79 42 100 5 68 40 84 126 31 30 120 96 41 59 63 34 76 10 70 61 3 108 71 36 107 99 8
53 14 63 71 52 123 89 76 17 75 47 48 49 117 124 28 90 57 72 96 84 78 42 18 12 27 112 125 65 80 51 61 3 9 108 37 116 31 119 8 69 60 33 118 26 23 13 91 64 88 56 86 43 92 19 74 114 126 34 30 4 45 102 98 83 22 70 115 54 94 85 68 66 46 21 29 1 107 41 99 95 79 111 82 6 87 110 109 55 36 15 39 35 10 101 16 100 77 120 25 7 103 93 58 20 106 38 2 62 81 40 113 5 67 122 44 104 73 11 24 32 0 97 50 59 121 105
22 68 97 95 102 107 36 74 7 25 72 13 4 32 50 57 120 40 67 94 64 71 21 29 6 15 66 69 47 115 17 20 112 8 73 55 75 11 113 105 109 85 42 33 79 104 27 51 56 30 101 41 0 83 60 124 125 110 122 3 1 34 54 117 100 121 62 48 92 59 126 103 53 14 98 43 81 18 45 52 87 35 114 49 5 28 61 63 44 26 58 10 89 16 65 82 119 39 77 2 31 111 70 96 88 106 38 80 37 116 78 84 23 9 118 12 108 86 90 46 99 93 19 76 91 123 24
3 97 57 93 124 85 77 91 24 38 122 80 114 74 115 67 23 68 10 1 36 37 29 76 107 73 59 58 119 8 42 39 55 19 40 48 45 61 70 72 78 101 94 117 16 105 50 0 84 69 33 49 96 34 66 14 64 65 60 109 116 90 113 5 120 106 102 18 103 26 7 99 9 79 104 92 44 41 31 87 43 100 98 89 75 51 30 15 35 112 32 56 108 6 13 53 27 12 63 46 121 47 25 17 4 2 88 86 62 11 125 83 22 111 110 52 54 81 123 28 71 126 21 95 82 20 118
104 89 96 114 65 19 51 47 40 12 87 9 97 31 14 66 78 45 8 95 27 80 111 88 84 13 81 85 22 33 5 120 106 100 115 17 43 20 56 112 16 36 41 38 70 46 72 54 126 103 75 57 117 90 125 25 39 83 113 53 77 63 69 73 91 101 64 52 11 62 76 107 34 26 118 21 42 79 58 59 49 123 116 32 124 121 86 61 3 60 119 122 44 35 37 82 23 102 7 67 30 55 6 71 48 29 68 93 4 0 10 98 24 50 74 18 2 94 28 105 108 1 110 99 15 92 109
98 115 68 95 56 35 105 46 12 110 100 34 70 7 43 119 126 122 11 60 82 61 109 72 63 78 37 113 118 89 88 8 20 73 125 1 67 64 84 26 74 123 103 52 25 66 13 93 75 101 92 62 116 99 42 87 69 49 112 2 19 114 47 71 51 48 3 121 36 32 111 124 29 120 5 45 97 79 107 4 65 39 33 44 91 27 54 38 59 23 57 6 90 16 24 41 50 14 55 18 15 102 77 28 10 106 80 0 22 83 86 108 31 30 104 76 9 58 81 53 117 94 17 96 21 40 85
68 88 116 105 71 37 114 46 28 80 73 84 74 65 122 2 53 7 119 109 67 64 55 113 11 82 9 14 90 112 57 103 6 41 89 30 52 83 29 86 16 38 13 115 92 110 76 5 78 25 125 3 100 45 20 79 39 0 124 72 77 56 93 94 15 111 49 19 120 24 27 117 10 8 33 32 69 18 101 62 87 54 85 36 98 95 31 21 47 42 43 58 44 35 34 118 96 1 40 59 107 91 108 123 75 97 4 81 66 99 48 126 22 106 60 102 23 63 26 17 61 50 12 121 70 51 104
107 103 81 10 62 18 17 126 111 50 116 70 114 86 15 68 52 37 80 117 26 46 63 69 33 76 29 78 118 125 31 48 93 66 9 45 14 7 19 36 34 74 64 54 43 11 79 6 5 49 83 0 124 28 109 88 75 90 61 95 27 82 58 56 85 24 91 71 12 41 122 60 115 65 100 21 20 92 4 112 38 1 97 3 67 94 108 87 123 40 13 57 101 99 32 89 98 106 55 72 39 30 47 104 113 44 121 105 2 42 16 59 102 119 96 84 25 53 23 120 110 22 73 77 35 8 51
11 13 17 73 86 46 95 19 6 15 101 76 62 16 64 120 121 89 30 56 87 100 118 58 14 4 107 125 31 23 57 105 44 45 119 102 106 93 124 84 92 82 103 115 65 113 61 43 52 90 28 63 7 34 81 18 112 29 80 67 41 72 70 22 123 2 8 88 53 37 54 24 60 5 12 35 21 79 20 50 104 96 38 26 94 126 59 33 74 27 39 48 114 71 109 83 117 25 75 98 99 77 66 85 36 10 1 122 0 47 91 3 40 110 116 42 111 9 78 55 97 49 68 108 32 51 69
70 53 24 5 29 33 13 66 62 109 44 17 81 11 126 30 76 19 7 35 57 106 75 51 123 60 119 85 122 32 111 21 101 102 93 112 63 96 25 10 103 0 22 124 18 20 94 72 58 4 49 28 9 78 65 91 86 46 120 1 14 95 47 59 74 31 16 15 107 12 97 89 105 79 82 104 68 80 67 48 41 43 73 88 23 69 117 52 61 92 26 40 71 84 116 36 34 121 54 3 87 37 56 38 42 108 110 98 114 77 118 64 113 115 27 8 6 55 90 125 100 2 83 99 50 45 39
126 95 54 44 87 94 23 85 74 52 48 7 86 2 99 39 0 4 9 117 107 8 65 123 111 24 47 27 51 100 90 58 81 31 82 62 77 89 29 122 46 124 116 10 33 6 69 103 40 32 57 22 120 114 3 25 35 80 28 20 16 1 36 97 75 14 61 41 119 55 79 34 67 50 26 73 5 49 102 83 11 125 30 96 66 12 38 91 70 68 45 108 17 21 13 98 105 78 101 118 115 76 84 60 92 18 121 112 15 113 64 104 72 109 93 43 63 88 110 42 53 106 19 59 71 56 37
116 53 29 103 96 40 62 45 6 3 8 7 27 34 56 31 100 11 25 82 121 84 48 69 106 43 37 9 119 118 66 30 24 2 63 22 86 124 1 64 111 26 73 105 14 113 54 35 42 20 16 102 32 98 76 117 67 18 94 38 114 89 5 49 4 91 44 72 125 52 107 70 90 46 80 126 104 99 0 51 59 68 50 57 33 21 28 77 39 71 115 75 87 81 101 110 112 19 97 83 36 60 85 88 93 108 123 122 61 10 109 74 92 58 17 65 120 47 12 41 23 15 79 55 95 13 78
33 73 80 30 66 92 85 120 6 112 59 1 74 82 63 78 77 28 104 32 106 113 69 115 123 91 114 110 60 95 0 16 45 3 55 52 27 29 89 105 72 101 39 48 20 43 54 125 26 5 116 53 75 4 35 10 51 96 119 65 126 41 18 107 122 81 118 12 68 9 70 94 88 38 47 86 57 117 79 40 84 19 67 46 93 37 15 64 7 34 13 76 25 87 100 83 21 71 103 61 108 50 2 90 124 23 62 31 22 42 14 97 36 98 121 11 102 58 44 99 111 56 109 8 24 49 17
26 42 73 93 126 98 78 123 91 15 25 29 41 53 5 57 68 100 17 63 75 6 103 92 113 105 81 108 115 124 122 106 101 2 0 83 117 12 66 11 60 35 33 87 55 77 96 116 84 94 121 16 38 71 114 44 59 82 85 20 125 3 19 39 23 107 13 34 72 14 24 69 21 79 76 119 118 80 97 99 31 1 61 102 89 4 65 86 67 88 110 47 43 37 40 18 58 104 52 27 45 120 9 10 62 49 90 74 7 112 22 70 28 36 56 30 8 32 51 109 95 50 48 46 54 64 111
121 11 33 36 15 117 67 63 60 97 66 10 53 31 109 9 119 0 90 27 99 42 101 125 54 84 103 4 50 72 12 34 110 28 89 79 58 88 22 21 16 74 104 71 39 77 126 120 5 13 8 124 65 116 61 24 37 57 100 68 43 87 20 107 112 38 29 23 123 118 3 62 75 114 93 83 96 41 19 76 115 56 69 40 55 1 78 2 7 44 47 113 18 94 32 70 86 85 73 14 102 80 92 91 25 30 108 81 98 49 45 48 46 111 105 64 6 106 35 17 122 26 59 52 95 82 51
18 113 11 82 31 124 77 91 65 69 79 87 126 74 59 103 66 81 68 121 71 28 105 107 20 47 25 3 57 17 109 101 92 46 56 62 10 50 118 0 83 30 88 100 99 53 114 90 4 29 27 61 8 7 13 86 80 96 54 2 35 119 33 104 21 112 75 98 89 108 24 106 102 42 95 49 58 43 73 39 12 26 16 64 120 55 5 93 97 78 1 44 110 84 9 116 122 40 52 48 36 76 70 111 60 19 32 23 67 45 37 72 123 125 38 94 51 14 15 85 34 22 117 41 115 63 6
11 54 27 49 101 87 125 105 104 88 35 94 114 58 65 23 10 45 126 44 57 47 43 110 113 103 79 68 75 5 32 63 25 81 46 119 21 24 85 78 89 56 117 2 66 38 84 107 3 112 102 42 98 1 22 118 61 111 12 36 92 116 70 0 123 14 72 76 120 52 4 77 108 97 34 9 69 100 7 39 15 19 67 122 6 99 82 17 93 73 124 62 106 53 28 86 31 30 37 18 55 115 90 109 26 64 91 41 71 50 80 51 60 16 40 74 20 48 83 8 29 59 96 33 95 121 13
71 22 95 35 112 14 107 80 110 0 69 72 58 117 24 25 116 111 1 124 120 93 102 56 83 77 26 3 28 33 81 17 19 104 42 62 90 60 4 75 53 88 15 6 67 106 54 48 121 20 12 51 126 108 94 10 82 115 21 119 65 7 36 29 31 32 63 91 2 125 122 30 46 98 74 87 85 40 118 55 64 37 114 50 89 113 99 100 92 61 101 59 73 5 123 16 103 84 47 11 86 41 9 52 18 78 57 13 44 39 109 79 43 105 49 8 76 23 27 45 70 68 96 34 66 97 38
1 24 34 7 43 37 81 65 56 104 47 2 59 90 3 83 113 28 114 121 66 49 71 55 86 54 73 44 61 117 67 92 31 78 17 15 76 23 70 62 29 11 102 30 116 85 32 40 41 108 97 125 27 12 109 118 72 112 77 87 10 94 82 124 46 100 80 84 33 103 107 68 106 21 74 16 75 105 18 8 96 126 99 36 88 45 79 38 119 53 115 51 123 95 110 22 4 89 120 52 98 0 48 5 6 63 50 93 20 25 13 19 58 9 35 14 26 57 39 42 122 69 60 111 91 64 101
59 36 94 108 103 72 38 92 16 96 98 35 63 21 101 126 58 75 77 81 112 83 20 26 122 12 13 44 18 50 69 39 80 116 11 113 19 97 61 70 54 3 37 65 46 5 123 33 6 91 22 49 55 28 15 109 17 52 124 85 51 125 47 106 24 68 8 34 32 9 66 82 78 88 29 119 121 31 90 95 86 114 2 41 14 71 23 60 1 79 40 87 48 99 62 120 115 57 104 27 100 56 93 73 43 30 53 117 64 111 105 102 110 107 76 84 4 42 74 45 7 0 118 25 89 10 67
56 76 29 1 126 12 30 68 33 108 55 101 121 85 60 18 113 80 51 26 117 37 106 36 71 0 50 96 91 27 83 28 78 88 125 63 41 47 66 65 19 102 115 23 39 112 95 38 111 2 84 109 122 34 7 22 100 44 75 123 90 58 77 73 46 35 21 5 32 4 97 104 16 20 48 93 120 69 15 45 87 24 25 57 124 92 43 72 119 64 107 105 9 49 61 40 110 114 99 79 89 42 62 8 54 3 118 17 59 98 116 94 86 14 31 53 70 13 6 10 67 74 81 82 103 52 11
125 61 40 85 44 39 73 13 126 120 29 122 5 45 17 15 86 30 1 51 31 42 60 105 94 107 101 104 27 55 83 26 11 84 95 74 41 102 33 88 57 113 54 36 52 97 110 50 49 77 47 34 78 116 92 48 38 81 106 119 90 67 70 71 12 89 96 114 56 121 2 69 58 115 14 20 118 72 79 6 18 59 7 22 64 76 16 35 80 3 28 68 46 111 24 53 109 93 23 117 63 100 112 103 75 25 19 10 9 66 99 21 62 124 43 123 65 0 98 37 8 82 91 108 32 87 4
65 44 94 88 126 48 3 35 123 15 119 17 118 36 23 69 12 67 97 21 89 27 68 49 109 96 38 26 7 64 51 111 59 46 22 71 19 87 42 11 52 125 104 41 45 76 57 124 103 82 30 79 80 106 78 18 40 93 1 86 95 2 56 61 112 91 43 58 122 113 115 53 77 10 39 81 50 105 74 29 73 70 101 121 110 116 92 62 83 99 107 9 98 90 5 0 108 37 13 34 72 100 63 32 84 8 114 75 102 47 28 33 25 4 54 60 55 20 117 120 16 24 31 14 85 66 6
28 101 18 53 10 40 65 21 16 15 89 45 43 125 122 50 104 19 11 92 120 71 36 108 99 79 33 90 5 61 23 119 29 77 56 13 81 94 4 97 62 14 116 64 0 83 26 123 17 3 66 41 58 60 30 126 70 74 106 100 118 103 87 102 76 86 27 49 85 6 82 68 9 96 113 7 8 91 22 20 80 72 63 25 52 57 39 73 112 1 88 2 67 110 75 107 42 37 98 54 55 34 78 109 38 93 121 24 46 114 105 32 115 95 111 59 51 84 124 69 47 44 117 12 35 31 48
76 125 122 78 48 37 100 59 65 9 113 8 126 58 90 14 77 16 98 118 24 73 26 105 66 43 123 20 44 28 75 13 103 89 25 30 108 114 29 36 27 10 72 87 110 67 104 3 38 68 119 115 121 79 22 62 45 56 55 47 4 106 117 11 17 49 18 116 102 80 81 83 50 64 57 32 6 19 31 33 95 109 53 1 70 60 0 93 84 85 35 40 39 51 107 88 120 92 46 5 97 23 61 12 69 96 21 63 7 82 86 54 91 52 41 101 112 94 71 99 15 2 34 74 42 111 124
36 55 75 46 87 100 69 106 82 124 23 108 63 48 90 113 65 39 6 83 47 117 30 85 9 12 18 53 25 76 28 35 94 81 34 16 107 5 109 98 125 120 50 84 126 33 11 31 99 111 52 61 112 95 56 26 22 32 71 96 72 119 7 123 42 103 89 13 27 45 102 37 91 68 24 114 60 116 97 38 64 67 118 66 21 19 1 4 93 104 105 15 62 74 49 40 80 20 14 86 73 79 110 17 29 51 44 0 8 78 54 101 121 88 57 41 115 10 2 3 43 59 77 58 92 70 122
16 97 79 89 48 66 124 61 65 52 92 39 94 25 112 58 86 109 14 32 80 70 64 125 0 1 113 76 98 19 74 121 111 59 17 42 46 20 15 44 102 22 85 99 31 93 106 116 104 95 87 108 83 105 123 122 50 37 56 100 60 21 23 30 41 107 35 57 43 27 5 26 40 38 110 69 51 88 67 33 119 8 18 73 115 84 9 12 81 78 36 63 120 7 54 24 96 75 90 117 3 118 82 4 91 68 29 6 13 71 47 34 126 72 114 2 10 11 53 28 101 55 77 62 45 49 103
76 97 5 123 89 14 100 30 80 19 44 37 95 71 79 42 121 57 98 36 29 7 78 66 43 34 88 21 13 27 41 10 48 59 38 15 9 58 101 91 120 47 107 61 16 0 67 108 92 86 40 51 55 4 22 26 25 8 83 93 60 69 112 106 73 122 50 125 18 111 1 33 114 63 20 32 17 72 119 126 23 39 12 116 105 104 85 102 35 99 77 113 45 3 96 64 53 56 24 118 82 2 62 115 109 103 65 6 70 90 87 74 117 81 46 124 49 110 84 31 28 54 11 94 52 75 68
73 18 93 53 118 100 22 27 40 47 28 75 25 90 32 99 33 71 102 72 11 70 67 49 119 34 78 112 9 82 26 14 15 31 98 113 84 92 38 79 103 13 65 121 68 29 124 5 108 8 46 23 48 123 63 109 60 125 107 54 2 36 76 6 80 4 89 97 37 66 62 91 1 59 57 81 117 122 83 115 104 42 64 30 51 3 85 20 10 105 21 24 35 94 52 44 12 74 0 45 114 111 88 17 106 126 56 19 50 101 95 41 86 120 55 116 69 87 58 96 7 39 16 110 77 43 61
10 98 49 62 100 112 31 77 64 56 6 44 115 126 95 3 58 84 42 38 125 18 29 14 33 24 119 39 123 96 5 37 120 43 4 52 36 93 73 79 90 109 121 51 17 81 122 57 111 89 8 63 47 54 106 83 61 86 104 76 118 101 92 34 85 116 66 82 94 25 30 78 80 99 48 23 70 105 28 107 102 110 103 60 87 13 26 11 65 108 35 68 114 12 46 55 41 16 19 0 7 75 9 45 91 117 59 69 15 27 113 2 1 40 22 124 97 88 72 21 53 67 20 71 74 32 50
121 69 4 15 90 39 105 5 16 77 95 56 92 7 94 70 59 36 44 119 29 110 54 32 63 20 28 96 102 38 80 122 115 71 31 74 2 0 116 40 41 107 113 52 76 81 106 83 18 21 9 61 60 64 43 86 34 72 37 124 111 87 114 48 67 58 42 13 65 117 88 1 3 33 55 26 125 45 91 118 17 62 84 12 27 93 126 120 97 51 108 109 53 89 68 6 23 19 30 24 123 73 104 103 50 57 100 49 10 82 99 85 46 79 11 22 112 8 14 25 66 101 75 78 98 47 35
12 3 123 70 85 65 37 27 83 34 54 47 56 107 99 62 110 96 75 67 104 74 35 45 44 51 97 86 98 125 93 76 11 111 2 92 84 119 94 89 4 122 103 117 64 77 30 14 115 63 0 32 126 91 25 109 102 59 16 28 41 112 72 100 73 79 78 124 38 55 88 82 13 1 33 101 31 26 19 69 24 66 57 8 40 106 10 68 36 114 50 22 60 42 29 118 39 49 46 52 20 95 113 80 87 5 116 48 9 61 7 23 21 71 121 17 120 15 18 108 105 81 43 58 6 53 90
52 93 111 80 89 53 17 7 10 43 51 123 58 69 100 125 115 96 84 2 21 4 102 106 97 107 94 54 46 30 120 60 40 76 118 75 73 116 110 68 85 35 104 16 112 90 63 108 105 77 11 25 9 19 72 124 103 64 8 42 99 23 78 0 57 5 36 79 13 83 88 28 114 65 91 15 74 71 34 1 31 3 33 20 113 86 70 6 32 67 87 50 44 49 62 117 109 47 82 26 24 12 55 101 119 95 56 37 29 66 45 41 61 27 38 22 39 126 48 18 92 122 121 81 14 59 98
120 57 35 6 44 73 2 1 69 14 39 59 83 4 125 99 58 12 88 97 84 3 49 91 67 105 70 43 114 104 68 71 23 0 65 17 9 31 22 119 76 24 11 96 112 110 34 85 75 79 25 41 7 106 109 60 111 51 26 36 116 10 48 121 46 103 89 108 64 122 5 42 123 28 87 61 15 126 82 18 86 100 101 37 29 53 74 19 55 54 66 93 33 16 13 92 95 47 94 117 8 77 98 30 40 52 20 50 102 21 45 38 115 118 107 113 90 78 63 124 27 62 81 56 72 80 32
73 10 45 17 39 119 52 69 67 125 94 72 62 57 40 5 14 23 85 22 48 0 87 53 15 7 111 84 63 86 77 2 50 19 42 90 68 36 91 35 124 98 66 33 74 43 99 88 75 4 18 100 25 16 108 38 101 106 110 31 93 54 61 59 11 114 83 107 120 12 47 29 104 113 13 82 1 6 115 96 49 26 24 41 122 97 79 81 32 55 78 37 105 34 8 116 27 76 60 92 126 102 21 65 123 28 112 80 30 71 95 9 64 20 56 3 121 109 58 117 118 44 103 70 89 46 51
9 30 122 21 51 20 49 106 86 126 8 108 102 48 114 52 96 112 109 31 62 93 46 6 1 85 47 82 44 7 81 111 2 100 61 33 69 24 34 58 80 124 11 67 36 41 4 70 98 19 22 73 115 57 74 118 42 43 32 117 63 50 103 64 17 92 54 60 113 23 39 84 25 16 68 13 94 105 91 76 65 59 77 53 0 90 71 27 15 97 78 37 55 125 107 123 89 95 12 66 14 45 99 88 110 18 35 83 56 26 3 101 38 79 87 75 104 121 119 29 10 5 116 120 28 72 40
92 71 55 122 88 40 102 19 109 121 45 29 30 50 5 72 3 124 12 97 75 65 7 15 66 0 49 96 111 59 106 73 6 118 80 99 81 114 31 27 79 13 125 37 84 120 24 56 36 46 83 115 54 123 112 98 119 90 104 64 74 53 14 9 86 107 17 70 110 4 10 93 100 62 16 103 57 76 78 48 94 91 60 32 39 117 51 26 105 68 23 34 87 58 69 89 82 43 52 8 67 126 21 113 35 1 77 61 63 95 28 11 38 18 47 20 33 108 2 85 25 101 22 116 42 44 41
111 60 83 29 19 27 64 20 85 61 75 21 122 84 28 54 26 13 65 98 106 119 32 41 45 22 80 116 90 40 7 79 86 67 0 74 58 100 93 53 115 33 101 70 42 12 81 91 56 30 6 69 5 112 16 66 107 95 38 36 48 18 50 123 43 121 103 97 125 44 34 37 126 114 25 47 35 10 87 1 31 17 109 46 52 78 55 117 73 71 96 51 82 3 49 57 23 39 15 62 120 118 2 8 68 9 113 92 14 76 24 72 108 105 110 124 94 102 88 104 4 63 89 11 59 99 77
70 43 62 4 29 123 116 5 38 63 93 119 81 104 40 52 55 96 33 106 92 16 3 80 97 46 90 100 111 27 39 115 57 72 25 85 8 22 117 21 19 7 51 118 34 122 13 108 30 36 6 2 1 0 17 99 76 66 67 79 107 61 50 110 88 112 44 32 102 113 78 82 24 37 124 28 120 65 60 53 59 69 48 20 68 15 105 101 42 49 74 89 71 121 86 114 58 87 26 23 126 109 54 45 84 12 41 103 91 64 35 56 47 77 75 73 94 11 95 83 10 18 9 31 14 125 98
122 4 73 126 96 34 115 79 39 78 36 38 104 81 88 29 24 77 63 90 80 75 59 65 91 3 32 13 123 83 113 94 35 85 111 6 120 116 21 18 45 44 89 112 5 67 19 110 51 37 54 68 105 124 58 95 86 33 103 2 42 47 70 10 57 106 8 0 46 82 20 16 1 108 125 72 118 69 109 55 9 23 40 56 22 97 14 12 60 52 114 93 48 117 100 61 7 74 102 31 30 53 62 84 107 92 41 101 11 119 66 99 87 121 43 26 15 71 25 50 28 17 76 27 49 98 64
71 74 1 46 50 77 31 60 82 52 116 98 13 45 2 126 16 94 67 64 123 34 99 6 33 17 39 62 43 101 56 20 18 69 87 51 92 27 61 35 115 8 88 28 80 30 22 47 9 65 79 57 93 19 121 26 54 112 59 15 55 83 58 38 124 11 36 84 40 29 10 72 122 110 111 103 108 4 21 63 118 24 117 14 53 114 106 120 119 102 97 107 104 100 81 5 70 12 66 85 109 3 86 7 41 78 42 89 105 68 96 75 90 0 95 23 44 32 76 125 91 37 73 49 48 25 113
79 123 0 19 120 29 88 87 80 50 58 92 5 14 112 126 110 111 27 89 10 104 113 60 8 72 22 1 66 84 53 30 17 118 12 47 62 96 34 93 28 117 121 125 24 76 73 105 63 67 107 77 116 23 36 59 109 4 91 32 90 2 108 9 33 7 44 75 122 6 41 3 68 40 46 31 39 94 61 115 102 124 103 99 11 42 97 81 106 83 95 119 20 48 74 101 43 52 85 25 82 13 37 78 49 65 45 21 100 51 69 38 86 54 16 26 64 35 15 55 56 98 18 70 71 57 114
1 59 61 18 28 79 86 77 108 97 111 80 64 52 116 99 98 45 58 112 34 47 120 46 125 26 107 71 2 33 76 67 10 31 100 106 53 82 88 93 27 30 96 37 103 22 49 29 126 81 23 105 119 72 62 19 20 110 84 51 121 17 32 78 25 13 60 24 75 94 91 85 3 114 74 48 16 69 56 35 63 124 36 113 118 40 0 109 115 57 12 66 95 122 68 9 42 87 43 5 123 55 15 7 70 6 41 39 90 50 92 54 73 14 104 102 21 8 4 38 89 65 83 117 11 101 44
30 123 1 76 105 78 49 29 24 111 57 54 124 88 64 36 83 38 45 81 62 35 102 52 4 92 82 118 56 13 3 74 33 69 6 18 126 28 80 44 115 39 121 2 116 66 95 112 25 7 125 87 96 108 63 93 104 5 53 60 34 90 43 61 17 101 26 10 9 55 86 114 122 59 58 20 41 110 70 16 15 8 37 119 67 85 48 22 75 21 68 27 65 40 0 106 113 79 31 12 89 99 94 103 84 23 47 71 117 72 100 42 98 77 14 19 11 109 91 120 51 107 97 32 50 73 46
119 63 66 75 71 44 126 52 29 110 69 108 23 91 77 87 65 60 111 122 89 72 109 41 107 121 76 115 39 82 62 116 96 0 28 92 117 104 84 61 15 81 49 34 40 32 123 19 54 13 106 85 78 83 16 58 17 50 90 2 48 55 9 57 97 24 125 26 36 99 101 94 20 38 88 114 11 59 8 27 95 103 22 53 37 25 118 6 73 10 46 3 33 67 14 56 45 120 112 70 30 86 51 31 42 12 64 7 98 124 74 47 93 105 100 80 68 5 4 79 43 18 1 113 21 102 35
97 0 61 78 108 86 19 87 44 53 60 51 24 116 14 39 112 13 123 43 88 71 101 98 3 96 23 110 37 120 126 28 15 6 103 109 17 18 106 55 115 75 81 40 34 49 31 105 83 91 77 38 102 104 90 72 22 32 12 68 117 57 74 35 85 36 63 46 16 33 50 10 56 29 107 122 4 42 21 125 76 66 73 9 52 48 62 114 79 67 26 7 27 47 92 82 93 95 20 121 64 113 69 99 89 70 25 118 65 94 111 41 119 124 2 100 5 8 58 11 80 59 84 30 54 45 1
65 4 125 22 99 95 89 88 33 66 96 29 52 122 78 20 94 93 46 30 54 25 69 32 18 67 9 16 107 8 21 73 103 121 57 108 68 84 11 85 80 92 64 81 48 115 0 13 87 26 47 82 86 126 72 61 60 70 42 74 3 118 55 83 109 43 53 36 50 102 56 24 58 28 117 119 35 62 101 71 49 75 34 17 104 116 27 111 1 44 106 105 19 97 7 113 15 112 110 124 10 45 100 51 37 39 114 12 14 31 38 5 63 6 123 2 91 41 79 23 98 90 77 59 120 76 40
98 31 114 117 56 90 93 38 111 3 69 100 33 37 24 80 113 79 58 102 47 86 53 48 59 43 118 5 76 121 107 52 99 60 44 19 42 46 81 29 85 55 82 25 119 15 72 96 62 71 14 27 34 1 73 68 2 13 75 45 54 97 65 122 123 64 83 77 67 36 103 92 16 88 57 108 35 115 66 109 61 41 78 70 105 22 120 112 124 63 39 50 126 89 20 21 110 87 101 8 106 32 95 4 10 28 12 84 94 125 17 74 11 116 91 40 0 18 6 104 49 30 23 7 26 51 9
23 17 2 114 77 65 1 124 20 99 58 37 45 9 117 101 15 112 40 72 62 126 68 94 79 92 115 52 30 73 14 85 54 98 22 97 105 51 76 111 41 29 48 43 110 32 90 71 93 113 34 95 67 47 123 5 125 28 33 66 49 64 104 35 53 13 63 57 24 55 3 96 4 42 44 102 82 12 89 7 38 84 19 16 109 78 26 106 118 25 91 80 18 61 103 10 8 87 116 46 6 50 83 36 120 39 86 100 60 31 69 74 11 27 56 75 122 70 121 59 21 0 108 119 81 88 107
31 99 112 93 33 34 53 32 80 70 89 42 126 105 48 96 103 30 73 66 40 16 121 107 98 81 117 1 83 3 44 90 25 37 52 104 109 41 79 19 5 59 63 69 84 74 125 13 94 24 75 82 49 61 78 76 60 46 88 4 65 2 67 119 124 97 17 57 0 43 23 114 56 122 47 8 95 45 20 101 15 50 100 55 62 29 106 6 54 27 26 87 102 22 123 10 28 108 71 7 38 120 113 118 72 92 39 111 110 18 77 14 115 12 9 64 21 86 35 68 11 116 36 91 58 85 51
