125 63 14 91 46 85 18 106 50 84 2 107 34 62 26 105 121 86 10 92 42 87 21 93 53 61 5 108 37 60 29 82 124 80 13 104 45 90 17 101 49 89 1 100 33 83 25 94 120 81 9 95 41 88 23 102 55 59 7 103 39 57 31 58 126 79 15 109 47 74 19 117 51 75 3 110 35 78 27 118 122 72 11 116 43 73 20 98 52 76 4 111 36 77 28 99 123 71 12 119 44 69 16 114 48 68 0 115 32 70 24 97 56 66 8 113 40 67 22 96 54 65 6 112 38 64 30
63 125 85 14 106 45 84 18 92 49 86 2 105 33 62 26 107 121 87 10 93 41 82 21 104 52 83 5 108 36 61 29 81 124 90 13 101 44 91 17 100 48 89 1 94 32 80 25 102 56 58 9 95 40 59 23 103 54 57 7 99 38 60 30 79 126 74 15 117 46 75 19 109 50 73 3 110 34 78 27 116 122 72 11 98 42 76 20 111 51 77 4 115 35 88 28 118 123 71 12 114 43 69 16 119 47 68 0 97 31 70 24 120 55 66 8 96 39 67 22 113 53 65 6 112 37 64
30 63 125 85 14 106 46 84 18 91 50 86 2 105 34 62 26 107 121 87 10 93 42 82 21 92 53 61 5 108 37 60 29 80 124 90 13 101 45 89 17 104 49 81 1 94 33 83 25 100 120 88 9 102 41 58 23 95 55 59 7 103 39 57 31 79 126 74 15 117 47 75 19 109 51 73 3 110 35 78 27 116 122 72 11 98 43 76 20 111 52 70 4 99 36 77 28 118 123 71 12 114 44 69 16 119 48 68 0 97 32 67 24 115 56 66 8 96 40 65 22 113 54 64 6 112 38
63 30 85 125 84 14 106 45 86 18 91 49 62 2 105 34 87 26 107 121 82 10 93 41 61 21 92 52 60 5 108 37 80 29 90 124 89 13 101 44 81 17 104 48 83 1 94 33 59 25 100 120 58 9 102 40 57 23 95 54 56 7 103 38 79 31 74 126 75 15 117 46 73 19 109 50 78 3 110 35 72 27 116 122 76 11 98 42 77 20 111 51 88 4 99 36 71 28 118 123 69 12 114 43 68 16 119 47 70 0 97 32 66 24 115 55 67 8 96 39 65 22 113 53 64 6 112
38 63 30 84 125 85 14 106 46 86 18 93 50 62 2 105 34 87 26 107 121 82 10 109 42 61 21 92 53 60 5 108 37 80 29 91 124 90 13 101 45 81 17 104 49 83 1 94 33 88 25 100 120 58 9 102 41 59 23 95 55 57 7 103 39 79 31 75 126 74 15 117 47 73 19 110 51 78 3 118 35 72 27 116 122 77 11 98 43 76 20 111 52 89 4 99 36 71 28 119 123 69 12 114 44 68 16 115 48 70 0 97 32 66 24 113 56 67 8 96 40 65 22 112 54 64 6
106 37 63 29 85 125 84 13 93 45 86 17 105 49 62 2 107 33 87 25 109 121 82 9 104 41 83 20 108 52 61 5 101 36 81 28 90 124 91 12 100 44 89 16 94 48 80 1 102 32 58 24 95 56 59 8 103 40 57 22 99 54 60 6 117 38 79 30 74 126 75 14 110 46 73 18 118 50 78 3 116 34 72 26 98 122 77 10 111 42 92 19 115 51 88 4 114 35 71 27 69 123 68 11 119 43 70 15 97 47 76 0 120 31 66 23 96 55 67 7 113 39 65 21 112 53 64
6 106 38 63 30 85 125 84 14 91 46 86 18 105 50 62 2 107 34 87 26 93 121 82 10 92 42 61 21 108 53 60 5 101 37 80 29 90 124 89 13 104 45 81 17 94 49 83 1 100 33 88 25 102 120 58 9 95 41 59 23 103 55 57 7 117 39 79 31 74 126 75 15 109 47 73 19 110 51 78 3 116 35 72 27 98 122 76 11 111 43 70 20 99 52 77 4 118 36 71 28 114 123 69 12 119 44 68 16 97 48 67 0 115 32 66 24 96 56 65 8 113 40 64 22 112 54
63 6 106 38 85 30 84 125 86 14 91 46 62 18 105 50 87 2 107 34 82 26 93 121 61 10 92 42 60 21 108 53 80 5 101 37 90 29 89 124 81 13 104 45 83 17 94 49 59 1 100 33 58 25 102 120 57 9 95 41 56 23 103 54 79 7 117 39 74 31 75 126 73 15 109 47 78 19 110 51 72 3 116 35 76 27 98 122 77 11 111 43 88 20 99 52 71 4 118 36 69 28 114 123 68 12 119 44 70 16 97 48 66 0 115 32 67 24 96 55 65 8 113 40 64 22 112
54 85 6 93 38 63 30 86 125 84 14 106 46 62 18 105 50 82 2 107 34 87 26 92 121 61 10 109 42 60 21 108 53 90 5 104 37 80 29 81 124 91 13 101 45 83 17 94 49 58 1 100 33 88 25 95 120 59 9 102 41 57 23 103 55 74 7 110 39 79 31 73 126 75 15 117 47 78 19 118 51 77 3 116 35 72 27 111 122 76 11 98 43 89 20 99 52 69 4 119 36 71 28 115 123 68 12 114 44 70 16 97 48 66 0 113 32 67 24 96 56 65 8 112 40 64 22
106 53 85 6 92 37 63 29 84 125 86 14 105 45 62 18 107 49 82 2 104 33 87 25 93 121 83 10 108 41 61 21 101 52 90 5 100 36 81 28 91 124 89 13 94 44 80 17 102 48 58 1 95 32 59 24 103 56 57 9 99 40 60 22 117 54 74 7 109 38 79 30 75 126 73 15 110 46 78 19 116 50 76 3 111 34 72 26 98 122 77 11 115 42 88 20 118 51 69 4 119 35 71 27 114 123 68 12 97 43 70 16 120 47 66 0 96 31 67 23 113 55 65 8 112 39 64
22 106 54 85 6 91 38 63 30 84 125 86 14 105 46 62 18 107 50 82 2 92 34 87 26 93 121 61 10 108 42 60 21 101 53 90 5 104 37 80 29 89 124 81 13 94 45 83 17 100 49 58 1 95 33 88 25 102 120 59 9 103 41 57 23 117 55 74 7 109 39 79 31 75 126 73 15 110 47 78 19 116 51 76 3 111 35 72 27 98 122 70 11 99 43 77 20 118 52 69 4 119 36 71 28 114 123 68 12 97 44 67 16 115 48 66 0 96 32 65 24 113 56 64 8 112 40
85 22 106 53 63 6 91 38 84 30 86 125 62 14 105 45 82 18 107 49 87 2 92 34 61 26 93 121 60 10 108 41 90 21 101 52 80 5 104 37 89 29 81 124 83 13 94 44 58 17 100 48 59 1 95 33 57 25 102 120 56 9 103 40 74 23 117 54 79 7 109 39 75 31 73 126 78 15 110 46 76 19 116 50 72 3 111 35 77 27 98 122 88 11 99 42 69 20 118 51 71 4 119 36 68 28 114 123 70 12 97 43 66 16 115 47 67 0 96 32 65 24 113 55 64 8 112
40 85 22 106 54 63 6 93 38 84 30 62 125 86 14 105 46 82 18 107 50 87 2 92 34 61 26 109 121 60 10 108 42 90 21 101 53 80 5 104 37 91 29 83 124 81 13 94 45 58 17 100 49 88 1 95 33 59 25 102 120 57 9 103 41 74 23 117 55 79 7 110 39 75 31 78 126 73 15 118 47 77 19 116 51 72 3 111 35 76 27 98 122 89 11 99 43 69 20 119 52 71 4 115 36 68 28 114 123 70 12 97 44 66 16 113 48 67 0 96 32 65 24 112 56 64 8
106 39 85 21 93 53 63 6 105 37 84 29 86 125 62 13 107 45 82 17 104 49 87 2 109 33 83 25 108 121 61 9 101 41 90 20 100 52 81 5 94 36 91 28 89 124 80 12 102 44 58 16 95 48 59 1 103 32 57 24 99 56 60 8 117 40 74 22 110 54 79 7 118 38 75 30 73 126 78 14 116 46 77 18 111 50 72 3 98 34 92 26 115 122 88 10 114 42 69 19 119 51 71 4 97 35 68 27 70 123 76 11 120 43 66 15 96 47 67 0 113 31 65 23 112 55 64
8 106 40 85 22 91 54 63 6 105 38 84 30 86 125 62 14 107 46 82 18 92 50 87 2 93 34 61 26 108 121 60 10 101 42 90 21 104 53 80 5 94 37 89 29 81 124 83 13 100 45 58 17 95 49 88 1 102 33 59 25 103 120 57 9 117 41 74 23 109 55 79 7 110 39 75 31 73 126 78 15 116 47 76 19 111 51 72 3 98 35 70 27 99 122 77 11 118 43 69 20 119 52 71 4 114 36 68 28 97 123 67 12 115 44 66 16 96 48 65 0 113 32 64 24 112 56
85 8 106 40 63 22 91 54 84 6 105 38 86 30 62 125 82 14 107 46 87 18 92 50 61 2 93 34 60 26 108 121 90 10 101 42 80 21 104 53 89 5 94 37 81 29 83 124 58 13 100 45 59 17 95 49 57 1 102 33 56 25 103 120 74 9 117 41 79 23 109 55 75 7 110 39 73 31 78 126 76 15 116 47 72 19 111 51 77 3 98 35 88 27 99 122 69 11 118 43 71 20 119 52 68 4 114 36 70 28 97 123 66 12 115 44 67 16 96 48 65 0 113 32 64 24 112
56 85 8 106 40 84 22 105 54 86 6 92 38 63 30 83 125 87 14 107 46 82 18 93 50 61 2 108 34 62 26 94 121 80 10 104 42 91 21 101 53 89 5 102 37 81 29 90 124 59 13 100 45 58 17 99 49 57 1 95 33 60 25 103 120 79 9 109 41 75 23 117 55 73 7 110 39 78 31 74 126 72 15 116 47 76 19 98 51 77 3 111 35 88 27 115 122 71 11 118 43 69 20 114 52 68 4 119 36 70 28 97 123 67 12 113 44 66 16 112 48 65 0 96 32 64 24
106 55 85 8 107 39 84 22 105 53 86 6 92 37 63 29 87 125 82 14 93 45 83 18 108 49 61 2 94 33 62 25 104 121 80 10 101 41 90 21 100 52 91 5 102 36 81 28 89 124 58 13 99 44 59 17 95 48 57 1 103 32 60 24 109 56 74 9 116 40 75 23 110 54 73 7 111 38 79 30 72 126 78 15 98 46 76 19 115 50 77 3 97 34 88 26 117 122 71 11 118 42 68 20 119 51 69 4 113 35 70 27 114 123 67 12 120 43 66 16 112 47 65 0 96 31 64
24 106 56 85 8 107 40 84 22 105 54 86 6 91 38 63 30 87 125 82 14 93 46 83 18 92 50 61 2 94 34 62 26 104 121 80 10 101 42 88 21 100 53 90 5 102 37 81 29 89 124 58 13 99 45 59 17 95 49 57 1 103 33 60 25 108 120 79 9 109 41 74 23 116 55 75 7 110 39 78 31 73 126 69 15 98 47 72 19 111 51 77 3 115 35 76 27 117 122 71 11 118 43 68 20 119 52 66 4 97 36 70 28 114 123 67 12 113 44 65 16 112 48 64 0 96 32
85 24 106 55 84 8 107 39 86 22 105 53 63 6 91 37 87 30 82 125 83 14 93 45 61 18 92 49 62 2 94 33 80 26 104 121 88 10 101 41 60 21 100 52 81 5 102 36 89 29 58 124 59 13 99 44 57 17 95 48 56 1 103 32 79 25 108 120 74 9 109 40 75 23 116 54 78 7 110 38 73 31 90 126 72 15 98 46 77 19 111 50 76 3 115 34 71 27 117 122 68 11 118 42 69 20 119 51 70 4 97 35 67 28 114 123 66 12 113 43 65 16 112 47 64 0 96
32 85 24 106 56 84 8 107 40 86 22 105 54 63 6 92 38 87 30 83 125 82 14 93 46 61 18 108 50 62 2 94 34 80 26 104 121 90 10 101 42 91 21 100 53 81 5 102 37 89 29 59 124 58 13 99 45 57 17 95 49 60 1 103 33 79 25 109 120 74 9 117 41 75 23 116 55 78 7 110 39 73 31 72 126 76 15 98 47 77 19 111 51 88 3 115 35 71 27 118 122 69 11 114 43 68 20 119 52 70 4 97 36 67 28 113 123 66 12 112 44 65 16 96 48 64 0
106 31 85 23 107 55 84 7 105 39 86 21 93 53 63 5 109 37 87 29 82 125 83 13 108 45 61 17 94 49 62 1 104 33 80 25 101 121 90 9 100 41 91 20 102 52 81 4 99 36 89 28 58 124 59 12 95 44 57 16 103 48 60 0 117 32 74 24 116 56 75 8 110 40 73 22 111 54 79 6 98 38 72 30 78 126 76 14 115 46 92 18 97 50 88 2 118 34 71 26 114 122 69 10 119 42 77 19 113 51 70 3 120 35 67 27 66 123 68 11 112 43 65 15 96 47 64
0 106 32 85 24 107 56 84 8 105 40 86 22 91 54 63 6 93 38 87 30 82 125 83 14 92 46 61 18 94 50 62 2 104 34 80 26 101 121 88 10 100 42 90 21 102 53 81 5 99 37 89 29 58 124 59 13 95 45 57 17 103 49 60 1 108 33 79 25 109 120 74 9 116 41 75 23 110 55 78 7 98 39 73 31 69 126 72 15 111 47 77 19 115 51 76 3 117 35 71 27 118 122 68 11 119 43 66 20 97 52 70 4 114 36 67 28 113 123 65 12 112 44 64 16 96 48
85 0 106 32 84 24 107 55 86 8 105 40 63 22 91 53 87 6 93 38 82 30 83 125 61 14 92 46 62 18 94 49 80 2 104 34 88 26 101 121 60 10 100 42 81 21 102 52 89 5 99 37 58 29 59 124 57 13 95 45 56 17 103 48 79 1 108 33 74 25 109 120 75 9 116 41 78 23 110 54 73 7 98 39 90 31 72 126 77 15 111 47 76 19 115 50 71 3 117 35 68 27 118 122 69 11 119 43 70 20 97 51 67 4 114 36 66 28 113 123 65 12 112 44 64 16 96
48 85 0 106 32 84 24 107 56 86 8 105 40 63 22 92 54 82 6 108 38 87 30 61 125 83 14 93 46 62 18 94 50 90 2 104 34 80 26 100 121 91 10 101 42 81 21 102 53 58 5 95 37 89 29 57 124 59 13 99 45 60 17 103 49 74 1 109 33 79 25 116 120 75 9 117 41 78 23 110 55 76 7 111 39 73 31 77 126 72 15 98 47 88 19 115 51 69 3 118 35 71 27 119 122 68 11 114 43 70 20 97 52 66 4 113 36 67 28 96 123 65 12 112 44 64 16
106 47 85 0 107 31 84 23 105 55 86 8 92 39 63 21 93 53 82 6 108 37 87 29 83 125 61 14 94 45 62 17 104 49 90 2 100 33 80 25 101 121 91 10 102 41 81 20 99 52 58 5 95 36 89 28 59 124 57 13 103 44 60 16 109 48 74 1 116 32 75 24 110 56 73 9 111 40 79 22 98 54 78 7 115 38 72 30 76 126 77 15 97 46 88 18 117 50 68 3 119 34 71 26 118 122 69 11 113 42 70 19 120 51 67 4 114 35 66 27 112 123 65 12 96 43 64
16 106 48 85 0 107 32 84 24 105 56 86 8 91 40 63 22 93 54 82 6 92 38 87 30 83 125 61 14 94 46 62 18 104 50 88 2 100 34 80 26 101 121 90 10 102 42 81 21 99 53 58 5 95 37 89 29 59 124 57 13 103 45 60 17 108 49 74 1 116 33 79 25 109 120 75 9 110 41 78 23 98 55 69 7 111 39 73 31 72 126 77 15 115 47 76 19 117 51 68 3 119 35 71 27 118 122 66 11 97 43 70 20 113 52 64 4 114 36 67 28 112 123 65 12 96 44
85 16 106 47 84 0 107 32 86 24 105 55 63 8 91 40 82 22 93 53 87 6 92 38 83 30 61 125 62 14 94 45 88 18 104 49 80 2 100 34 60 26 101 121 81 10 102 42 58 21 99 52 89 5 95 37 59 29 57 124 56 13 103 44 74 17 108 48 79 1 116 33 75 25 109 120 78 9 110 41 90 23 98 54 73 7 111 39 72 31 77 126 76 15 115 46 68 19 117 50 71 3 119 35 69 27 118 122 70 11 97 43 67 20 113 51 66 4 114 36 65 28 112 123 64 12 96
44 85 16 106 48 84 0 107 32 86 24 105 56 63 8 92 40 82 22 93 54 87 6 108 38 83 30 62 125 61 14 94 46 90 18 104 50 80 2 100 34 91 26 101 121 81 10 102 42 58 21 99 53 89 5 95 37 59 29 60 124 57 13 103 45 74 17 109 49 79 1 116 33 75 25 117 120 78 9 110 41 76 23 98 55 73 7 111 39 72 31 88 126 77 15 115 47 69 19 118 51 71 3 119 35 68 27 114 122 70 11 97 43 66 20 113 52 67 4 96 36 65 28 112 123 64 12
106 43 85 15 107 47 84 0 105 31 86 23 93 55 63 8 109 39 82 21 108 53 87 6 94 37 83 29 61 125 62 13 104 45 90 17 100 49 80 2 101 33 91 25 102 121 81 10 99 41 58 20 95 52 89 5 103 36 59 28 57 124 60 12 117 44 74 16 116 48 75 1 110 32 73 24 111 56 79 9 98 40 78 22 115 54 72 7 97 38 76 30 92 126 88 14 118 46 69 18 119 50 71 3 114 34 77 26 113 122 70 11 120 42 67 19 96 51 68 4 112 35 66 27 65 123 64
12 106 44 85 16 107 48 84 0 105 32 86 24 91 56 63 8 93 40 82 22 92 54 87 6 94 38 83 30 61 125 62 14 104 46 88 18 100 50 80 2 101 34 90 26 102 121 81 10 99 42 58 21 95 53 89 5 103 37 59 29 57 124 60 13 108 45 74 17 116 49 79 1 109 33 75 25 110 120 78 9 98 41 69 23 111 55 73 7 115 39 72 31 77 126 76 15 117 47 68 19 119 51 71 3 118 35 66 27 97 122 70 11 113 43 64 20 114 52 67 4 96 36 65 28 112 123
85 12 106 44 84 16 107 48 86 0 105 32 63 24 92 56 82 8 93 40 87 22 108 54 83 6 94 38 61 30 62 125 90 14 104 46 80 18 100 50 91 2 101 34 81 26 102 122 58 10 99 42 89 21 95 53 59 5 103 37 57 29 60 124 74 13 109 45 79 17 116 49 75 1 117 33 78 25 110 121 76 9 98 41 73 23 111 55 72 7 115 39 77 31 88 126 69 15 118 47 71 19 119 51 68 3 114 35 70 27 97 123 66 11 120 43 67 20 96 52 65 4 113 36 64 28 112
123 63 12 92 44 85 16 106 48 86 0 107 32 87 24 105 56 82 8 93 40 83 22 108 54 61 6 94 38 62 30 84 125 80 14 104 46 90 18 101 50 91 2 100 34 81 26 102 121 89 10 95 42 59 21 99 53 57 5 103 37 60 29 58 124 79 13 109 45 74 17 117 49 75 1 116 33 78 25 110 120 73 9 111 41 72 23 98 55 77 7 115 39 88 31 76 126 71 15 118 47 69 19 114 51 68 3 119 35 70 27 97 122 67 11 113 43 66 20 112 52 65 4 96 36 64 28
93 123 63 12 106 43 85 16 107 47 84 0 105 31 86 24 109 55 82 8 92 39 87 22 108 53 61 6 94 37 62 29 80 125 90 14 101 45 91 18 104 49 81 2 102 33 83 26 100 121 59 10 99 41 58 21 95 52 57 5 103 36 60 28 79 124 74 13 117 44 75 17 116 48 73 1 110 32 72 25 98 56 78 9 111 40 76 23 115 54 89 7 97 38 88 30 71 126 69 15 118 46 68 19 119 50 77 3 113 34 70 27 114 122 67 11 120 42 66 20 112 51 65 4 96 35 64
28 63 123 85 12 106 44 84 16 107 48 86 0 105 32 87 24 93 56 82 8 92 40 83 22 108 54 61 6 94 38 62 30 80 125 90 14 101 46 91 18 104 50 89 2 102 34 81 26 100 121 59 10 99 42 58 21 95 53 57 5 103 37 60 29 79 124 74 13 117 45 75 17 109 49 73 1 110 33 78 25 116 120 72 9 98 41 76 23 111 55 77 7 115 39 88 31 71 126 69 15 118 47 68 19 119 51 66 3 97 35 70 27 114 122 67 11 113 43 65 20 112 52 64 4 96 36
63 28 91 123 85 12 106 43 84 16 107 47 86 0 105 32 82 24 93 55 87 8 92 39 61 22 108 53 62 6 94 37 80 30 90 125 60 14 101 45 81 18 104 49 83 2 102 34 59 26 100 121 58 10 99 41 57 21 95 52 56 5 103 36 79 29 74 124 75 13 117 44 73 17 109 48 78 1 110 33 72 25 116 120 89 9 98 40 77 23 111 54 88 7 115 38 71 31 69 126 68 15 118 46 76 19 119 50 70 3 97 35 67 27 114 122 66 11 113 42 65 20 112 51 64 4 96
36 63 28 93 123 85 12 106 44 84 16 107 48 86 0 105 32 82 24 109 56 87 8 92 40 61 22 108 54 62 6 94 38 80 30 91 125 90 14 101 46 81 18 104 50 83 2 102 34 59 26 100 121 58 10 99 42 57 21 95 53 60 5 103 37 79 29 75 124 74 13 117 45 73 17 110 49 78 1 118 33 72 25 116 120 77 9 98 41 89 23 111 55 88 7 115 39 71 31 68 126 69 15 114 47 70 19 119 51 76 3 97 35 67 27 113 122 66 11 112 43 65 20 96 52 64 4
93 35 63 27 106 123 85 11 107 43 84 15 105 47 86 0 109 31 82 23 92 55 87 7 108 39 61 21 94 53 62 5 101 37 80 29 90 125 91 13 104 45 81 17 102 49 83 2 100 33 59 25 99 121 58 9 95 41 57 20 103 52 60 4 117 36 79 28 74 124 75 12 116 44 73 16 110 48 72 1 98 32 78 24 111 56 76 8 115 40 89 22 97 54 88 6 118 38 71 30 69 126 68 14 119 46 77 18 113 50 70 3 114 34 67 26 120 122 66 10 112 42 65 19 96 51 64
4 106 36 63 28 85 123 84 12 107 44 86 16 105 48 87 0 93 32 82 24 92 56 83 8 108 40 61 22 94 54 62 6 101 38 80 30 90 125 91 14 104 46 89 18 102 50 81 2 100 34 59 26 99 121 58 10 95 42 57 21 103 53 60 5 117 37 79 29 74 124 75 13 109 45 73 17 110 49 78 1 116 33 72 25 98 120 76 9 111 41 77 23 115 55 88 7 118 39 71 31 69 126 68 15 119 47 66 19 97 51 70 3 114 35 67 27 113 122 65 11 112 43 64 20 96 52
63 4 91 36 85 28 106 123 84 12 107 44 86 16 105 48 82 0 93 32 87 24 92 55 61 8 108 40 62 22 94 53 80 6 101 38 90 30 60 125 81 14 104 46 83 18 102 50 59 2 100 34 58 26 99 121 57 10 95 42 56 21 103 52 79 5 117 37 74 29 75 124 73 13 109 45 78 17 110 49 72 1 116 33 89 25 98 120 77 9 111 41 88 23 115 54 71 7 118 39 69 31 68 126 76 15 119 47 70 19 97 51 67 3 114 35 66 27 113 122 65 11 112 43 64 20 96
52 85 4 93 36 63 28 107 123 84 12 106 44 86 16 105 48 82 0 109 32 87 24 92 56 61 8 108 40 62 22 94 54 90 6 104 38 80 30 81 125 91 14 101 46 83 18 102 50 58 2 100 34 59 26 95 121 57 10 99 42 60 21 103 53 74 5 110 37 79 29 73 124 75 13 117 45 78 17 118 49 77 1 116 33 72 25 111 120 89 9 98 41 88 23 115 55 69 7 119 39 71 31 70 126 68 15 114 47 76 19 97 51 66 3 113 35 67 27 96 122 65 11 112 43 64 20
93 51 85 4 107 35 63 27 106 123 84 12 105 43 86 16 109 47 82 0 92 31 87 23 108 55 61 8 94 39 62 21 101 53 90 6 104 37 80 29 91 125 81 14 102 45 83 18 100 49 58 2 95 33 59 25 99 121 57 10 103 41 60 20 117 52 74 5 116 36 79 28 75 124 73 13 110 44 72 17 98 48 78 1 111 32 76 24 115 56 89 9 97 40 88 22 118 54 69 7 119 38 71 30 68 126 77 15 113 46 70 19 120 50 67 3 114 34 66 26 112 122 65 11 96 42 64
20 91 52 85 4 107 36 63 28 106 123 84 12 105 44 86 16 93 48 82 0 92 32 87 24 108 56 61 8 94 40 62 22 101 54 90 6 104 38 80 30 89 125 81 14 102 46 83 18 100 50 58 2 95 34 59 26 99 121 57 10 103 42 60 21 117 53 74 5 109 37 79 29 75 124 73 13 110 45 78 17 116 49 76 1 111 33 72 25 98 120 77 9 115 41 88 23 118 55 69 7 119 39 71 31 68 126 66 15 97 47 70 19 113 51 64 3 114 35 67 27 112 122 65 11 96 43
85 20 93 51 63 4 107 36 84 28 106 123 86 12 105 43 82 16 109 47 87 0 92 32 61 24 108 55 62 8 94 40 90 22 101 53 80 6 104 38 91 30 81 125 83 14 102 45 58 18 100 49 59 2 95 34 57 26 99 121 60 10 103 42 74 21 117 52 79 5 116 37 75 29 73 124 72 13 110 44 78 17 98 48 76 1 111 33 89 25 115 56 88 9 97 41 69 23 118 54 71 7 119 39 68 31 77 126 70 15 113 46 67 19 120 50 66 3 114 35 65 27 112 122 64 11 96
43 85 20 93 52 63 4 107 36 84 28 106 123 86 12 105 44 82 16 109 48 87 0 92 32 61 24 108 56 62 8 94 40 90 22 101 54 80 6 104 38 91 30 83 125 81 14 102 46 58 18 100 50 59 2 95 34 57 26 99 121 60 10 103 42 74 21 117 53 79 5 110 37 75 29 78 124 73 13 118 45 77 17 116 49 72 1 111 33 89 25 98 120 88 9 115 41 69 23 114 55 71 7 119 39 68 31 76 126 70 15 97 47 66 19 113 51 67 3 96 35 65 27 112 122 64 11
93 42 85 19 107 51 63 4 106 35 84 27 105 123 86 11 109 43 82 15 92 47 87 0 108 31 61 23 94 55 62 8 101 39 90 21 104 53 80 6 102 37 91 29 81 125 83 13 100 45 58 17 95 49 59 2 99 33 57 25 103 121 60 10 117 41 74 20 116 52 79 5 110 36 75 28 73 124 72 12 98 44 78 16 111 48 76 1 115 32 89 24 97 56 88 9 118 40 69 22 119 54 71 7 113 38 68 30 77 126 70 14 120 46 67 18 114 50 66 3 96 34 64 26 112 122 65
11 106 43 85 20 107 52 63 4 105 36 84 28 86 123 87 12 93 44 82 16 92 48 83 0 108 32 61 24 94 56 62 8 101 40 90 22 104 54 80 6 102 38 91 30 89 125 81 14 100 46 58 18 95 50 59 2 99 34 57 26 103 121 60 10 117 42 74 21 109 53 79 5 110 37 75 29 73 124 78 13 116 45 76 17 111 49 72 1 98 33 77 25 115 120 88 9 118 41 69 23 119 55 71 7 97 39 68 31 66 126 70 15 113 47 64 19 114 51 67 3 96 35 65 27 112 122
85 11 93 43 63 20 107 52 84 4 106 36 86 28 105 123 82 12 109 44 87 16 92 48 61 0 108 32 62 24 94 56 90 8 101 40 80 22 104 54 91 6 102 38 81 30 83 125 58 14 100 46 59 18 95 50 57 2 99 34 60 26 103 122 74 10 117 42 79 21 110 53 75 5 118 37 73 29 78 124 77 13 116 45 72 17 111 49 89 1 98 33 88 25 115 121 69 9 114 41 71 23 119 55 68 7 97 39 70 31 76 126 66 15 120 47 67 19 96 51 65 3 113 35 64 27 112
122 63 11 92 43 85 20 106 52 84 4 93 36 62 28 105 123 87 12 107 44 86 16 109 48 83 0 104 32 61 24 108 56 90 8 101 40 91 22 94 54 81 6 95 38 82 30 59 125 80 14 100 46 58 18 102 50 57 2 103 34 60 26 99 121 79 10 110 42 75 21 117 53 73 5 118 37 78 29 74 124 72 13 116 45 77 17 98 49 89 1 111 33 88 25 115 120 71 9 119 41 68 23 114 55 70 7 97 39 76 31 69 126 67 15 113 47 66 19 112 51 65 3 96 35 64 27
92 122 63 11 106 42 85 20 93 51 84 4 105 35 62 27 107 123 87 12 109 43 86 16 104 47 83 0 108 31 61 24 101 55 90 8 100 39 91 22 94 53 81 6 95 37 82 29 80 125 58 14 102 45 59 18 103 49 57 2 99 33 60 26 110 121 79 10 117 41 74 21 116 52 75 5 118 36 78 28 73 124 77 13 98 44 72 17 111 48 89 1 115 32 88 25 114 56 69 9 119 40 68 23 97 54 71 7 96 38 76 30 67 126 66 15 120 46 70 19 113 50 65 3 112 34 64
27 92 122 63 11 106 43 85 20 91 52 84 4 105 36 62 28 107 123 87 12 93 44 86 16 104 48 83 0 108 32 61 24 101 56 90 8 100 40 89 22 94 54 81 6 95 38 82 30 80 125 58 14 102 46 59 18 103 50 57 2 99 34 60 26 109 121 79 10 117 42 74 21 116 53 75 5 110 37 78 29 73 124 76 13 98 45 72 17 111 49 77 1 115 33 88 25 118 120 71 9 114 41 69 23 119 55 68 7 97 39 70 31 67 126 66 15 113 47 65 19 112 51 64 3 96 35
63 27 92 122 85 11 106 42 84 20 91 51 62 4 105 35 87 28 107 123 86 12 93 43 83 16 104 47 61 0 108 32 90 24 101 55 60 8 100 39 81 22 94 53 82 6 95 37 80 30 58 125 59 14 102 45 57 18 103 49 56 2 99 34 79 26 109 121 74 10 117 41 75 21 116 52 78 5 110 36 73 29 89 124 72 13 98 44 77 17 111 48 88 1 115 33 71 25 118 120 69 9 114 40 76 23 119 54 70 7 97 38 67 31 66 126 68 15 113 46 65 19 112 50 64 3 96
35 63 27 92 122 85 11 106 43 84 20 93 52 62 4 105 36 87 28 107 123 86 12 109 44 83 16 104 48 61 0 108 32 90 24 101 56 91 8 100 40 81 22 94 54 82 6 95 38 80 30 59 125 58 14 102 46 57 18 103 50 60 2 99 34 79 26 110 121 74 10 117 42 75 21 116 53 78 5 118 37 73 29 72 124 77 13 98 45 89 17 111 49 88 1 115 33 71 25 119 120 69 9 114 41 68 23 113 55 76 7 97 39 70 31 67 126 66 15 112 47 65 19 96 51 64 3
92 34 63 26 106 122 85 10 93 42 84 19 105 51 62 3 107 35 87 27 109 123 86 11 104 43 83 15 108 47 61 0 101 31 90 23 100 55 91 7 94 39 81 21 95 53 82 5 102 37 80 29 58 125 59 13 103 45 57 17 99 49 60 2 110 33 79 25 117 121 74 9 116 41 75 20 118 52 78 4 98 36 73 28 77 124 72 12 111 44 89 16 115 48 88 1 114 32 69 24 119 56 68 8 97 40 71 22 96 54 76 6 120 38 67 30 66 126 70 14 113 46 65 18 112 50 64
3 92 35 63 27 106 122 85 11 107 43 84 20 105 52 62 4 93 36 86 28 82 123 87 12 104 44 83 16 108 48 61 0 101 32 90 24 100 56 91 8 94 40 89 22 95 54 81 6 102 38 80 30 58 125 59 14 103 46 57 18 99 50 60 2 109 34 79 26 117 121 74 10 116 42 75 21 110 53 78 5 98 37 73 29 76 124 72 13 111 45 77 17 115 49 88 1 118 33 71 25 114 120 69 9 119 41 68 23 97 55 70 7 113 39 67 31 66 126 65 15 112 47 64 19 96 51
63 3 92 35 85 27 106 122 84 11 91 43 62 20 105 51 87 4 107 36 86 28 93 123 83 12 104 44 61 16 108 48 90 0 101 32 60 24 100 55 81 8 94 40 82 22 95 53 80 6 102 38 58 30 59 125 57 14 103 46 56 18 99 50 79 2 109 34 74 26 117 121 75 10 116 42 78 21 110 52 73 5 98 37 89 29 72 124 77 13 111 45 88 17 115 49 71 1 118 33 69 25 114 120 76 9 119 41 70 23 97 54 67 7 113 39 66 31 68 126 65 15 112 47 64 19 96
51 85 3 92 35 63 27 93 122 84 11 106 43 62 20 105 52 86 4 107 36 87 28 104 123 83 12 109 44 61 16 108 48 90 0 101 32 91 24 100 56 81 8 94 40 82 22 95 54 58 6 103 38 80 30 57 125 59 14 102 46 60 18 99 50 74 2 110 34 79 26 116 121 75 10 117 42 78 21 118 53 77 5 111 37 73 29 89 124 72 13 98 45 88 17 115 49 69 1 119 33 71 25 113 120 68 9 114 41 76 23 97 55 66 7 96 39 70 31 65 126 67 15 112 47 64 19
92 50 85 3 93 34 63 26 106 122 84 11 105 42 62 19 107 51 86 4 104 35 87 27 109 123 83 12 108 43 61 16 101 47 90 0 100 31 91 23 94 55 81 8 95 39 82 21 102 53 58 6 103 37 80 29 59 125 57 14 99 45 60 18 110 49 74 2 116 33 79 25 117 121 75 10 118 41 78 20 98 52 77 5 111 36 73 28 72 124 89 13 115 44 88 17 114 48 69 1 119 32 68 24 97 56 71 9 96 40 76 22 120 54 67 7 112 38 70 30 65 126 66 15 113 46 64
19 92 51 85 3 91 35 63 27 106 122 84 11 105 43 62 20 107 52 86 4 104 36 87 28 93 123 83 12 108 44 61 16 101 48 90 0 100 32 89 24 94 56 81 8 95 40 82 22 102 54 58 6 103 38 80 30 59 125 57 14 99 46 60 18 109 50 74 2 116 34 79 26 117 121 75 10 110 42 78 21 98 53 76 5 111 37 73 29 72 124 77 13 115 45 88 17 118 49 69 1 119 33 71 25 114 120 68 9 97 41 70 23 113 55 66 7 96 39 67 31 65 126 64 15 112 47
85 19 92 50 63 3 91 35 84 27 106 122 62 11 105 43 86 20 107 51 87 4 104 36 83 28 93 123 61 12 108 44 90 16 101 47 60 0 100 32 81 24 94 55 82 8 95 40 58 22 102 53 80 6 103 38 59 30 57 125 56 14 99 46 74 18 109 49 79 2 116 34 75 26 117 121 78 10 110 42 89 21 98 52 73 5 111 37 72 29 77 124 88 13 115 45 69 17 118 48 71 1 119 33 76 25 114 120 70 9 97 41 67 23 113 54 68 7 96 39 65 31 66 126 64 15 112
47 85 19 92 51 63 3 93 35 84 27 106 122 62 11 105 43 86 20 107 52 87 4 104 36 83 28 109 123 61 12 108 44 90 16 101 48 91 0 100 32 81 24 94 56 82 8 95 40 58 22 102 54 80 6 103 38 59 30 60 125 57 14 99 46 74 18 110 50 79 2 116 34 75 26 117 121 78 10 118 42 77 21 98 53 73 5 111 37 72 29 88 124 89 13 115 45 69 17 119 49 71 1 113 33 68 25 114 120 76 9 97 41 66 23 112 55 70 7 96 39 67 31 64 126 65 15
92 46 85 18 93 50 63 3 106 34 84 26 105 122 62 11 107 42 86 19 104 51 87 4 109 35 83 27 108 123 61 12 101 43 90 15 100 47 91 0 94 31 81 23 95 55 82 8 102 39 58 21 103 53 80 6 99 37 59 29 57 125 60 14 110 45 74 17 116 49 79 2 117 33 75 25 118 121 78 10 98 41 77 20 111 52 73 5 115 36 72 28 89 124 88 13 114 44 69 16 119 48 68 1 97 32 71 24 96 56 76 9 120 40 67 22 112 54 70 7 113 38 66 30 65 126 64
15 92 47 85 19 107 51 63 3 106 35 84 27 105 122 62 11 93 43 82 20 104 52 86 4 108 36 87 28 83 123 61 12 101 44 90 16 100 48 91 0 94 32 89 24 95 56 81 8 102 40 58 22 103 54 80 6 99 38 59 30 57 125 60 14 109 46 74 18 116 50 79 2 117 34 75 26 110 121 78 10 98 42 76 21 111 53 73 5 115 37 72 29 77 124 88 13 118 45 69 17 119 49 71 1 114 33 68 25 97 120 70 9 113 41 66 23 96 55 67 7 112 39 65 31 64 126
85 15 92 47 63 19 93 51 84 3 106 35 62 27 105 123 86 11 107 43 87 20 104 52 83 4 109 36 61 28 108 124 90 12 101 44 91 16 100 48 81 0 94 32 82 24 95 56 58 8 102 40 80 22 103 54 59 6 99 38 57 30 60 126 74 14 110 46 79 18 116 50 75 2 117 34 78 26 118 122 77 10 98 42 73 21 111 53 72 5 115 37 89 29 88 125 69 13 119 45 71 17 120 49 68 1 114 33 76 25 97 121 66 9 113 41 70 23 96 55 67 7 112 39 65 31 64
126 63 15 92 47 85 19 106 51 84 3 91 35 62 27 105 122 87 11 107 43 86 20 93 52 83 4 104 36 61 28 108 123 82 12 95 44 90 16 101 48 81 0 100 32 80 24 94 56 58 8 102 40 59 22 103 54 57 6 99 38 60 30 89 125 79 14 109 46 74 18 117 50 75 2 116 34 78 26 110 121 73 10 111 42 72 21 98 53 77 5 115 37 88 29 76 124 71 13 118 45 69 17 114 49 68 1 119 33 70 25 97 120 67 9 113 41 66 23 112 55 65 7 96 39 64 31
63 126 85 15 106 46 84 19 93 50 86 3 105 34 62 27 107 122 87 11 109 42 82 20 92 51 83 4 108 35 61 28 104 123 80 12 101 43 90 16 100 47 91 0 94 31 81 24 102 55 58 8 95 39 59 22 103 53 57 6 99 37 60 30 79 125 74 14 117 45 75 18 110 49 73 2 118 33 78 26 116 121 72 10 98 41 77 21 111 52 89 5 115 36 88 29 71 124 69 13 114 44 68 17 119 48 70 1 97 32 76 25 120 56 66 9 96 40 67 23 113 54 65 7 112 38 64
31 63 126 85 15 106 47 84 19 91 51 86 3 105 35 62 27 107 122 87 11 93 43 82 20 92 52 83 4 108 36 61 28 104 123 80 12 101 44 90 16 100 48 89 0 94 32 81 24 102 56 58 8 95 40 59 22 103 54 57 6 99 38 60 30 79 125 74 14 117 46 75 18 109 50 73 2 110 34 78 26 116 121 72 10 98 42 76 21 111 53 77 5 115 37 88 29 71 124 69 13 118 45 68 17 119 49 66 1 97 33 70 25 114 120 67 9 113 41 65 23 112 55 64 7 96 39
63 31 85 126 84 15 106 46 86 19 91 50 62 3 105 35 87 27 107 122 82 11 93 42 83 20 92 51 61 4 108 36 80 28 104 123 90 12 101 43 60 16 100 47 81 0 94 32 58 24 102 55 59 8 95 39 57 22 103 53 56 6 99 38 79 30 74 125 75 14 117 45 73 18 109 49 78 2 110 34 72 26 116 121 89 10 98 41 77 21 111 52 88 5 115 37 71 29 69 124 68 13 118 44 76 17 119 48 70 1 97 33 67 25 114 120 66 9 113 40 65 23 112 54 64 7 96
39 63 31 84 126 85 15 106 47 86 19 93 51 62 3 105 35 87 27 107 122 82 11 109 43 83 20 92 52 61 4 108 36 80 28 104 123 90 12 101 44 91 16 100 48 81 0 94 32 58 24 102 56 59 8 95 40 57 22 103 54 60 6 99 38 79 30 75 125 74 14 117 46 73 18 110 50 78 2 118 34 72 26 116 121 77 10 98 42 89 21 111 53 88 5 115 37 71 29 68 124 69 13 114 45 70 17 119 49 76 1 97 33 67 25 113 120 66 9 112 41 65 23 96 55 64 7
106 38 63 30 85 126 84 14 93 46 86 18 105 50 62 3 107 34 87 26 109 122 82 10 92 42 83 19 108 51 61 4 104 35 80 27 101 123 90 11 100 43 91 15 94 47 81 0 102 31 58 23 95 55 59 7 103 39 57 21 99 53 60 6 117 37 79 29 74 125 75 13 110 45 73 17 118 49 78 2 116 33 72 25 98 121 77 9 111 41 89 20 115 52 88 5 114 36 71 28 69 124 68 12 119 44 70 16 97 48 76 1 120 32 66 24 96 56 67 8 113 40 65 22 112 54 64
7 106 39 63 31 85 126 84 15 92 47 86 19 105 51 62 3 107 35 87 27 93 122 82 11 104 43 83 20 108 52 61 4 101 36 81 28 90 123 91 12 100 44 89 16 94 48 80 0 102 32 58 24 95 56 59 8 103 40 57 22 99 54 60 6 117 38 79 30 74 125 75 14 109 46 73 18 110 50 78 2 116 34 72 26 98 121 76 10 111 42 77 21 115 53 88 5 118 37 71 29 69 124 68 13 119 45 66 17 97 49 70 1 114 33 67 25 113 120 65 9 112 41 64 23 96 55
63 7 106 39 85 31 84 126 86 15 91 47 62 19 105 51 87 3 107 35 82 27 93 122 83 11 92 43 61 20 108 52 80 4 104 36 90 28 101 123 60 12 100 44 81 16 94 48 58 0 102 32 59 24 95 55 57 8 103 40 56 22 99 54 79 6 117 38 74 30 75 125 73 14 109 46 78 18 110 50 72 2 116 34 89 26 98 121 77 10 111 42 88 21 115 53 71 5 118 37 69 29 68 124 76 13 119 45 70 17 97 49 67 1 114 33 66 25 113 120 65 9 112 41 64 23 96
55 85 7 93 39 63 31 86 126 84 15 106 47 62 19 105 51 82 3 107 35 87 27 92 122 83 11 109 43 61 20 108 52 90 4 104 36 80 28 100 123 91 12 101 44 81 16 94 48 58 0 102 32 59 24 95 56 57 8 103 40 60 22 99 54 74 6 110 38 79 30 73 125 75 14 117 46 78 18 118 50 77 2 116 34 72 26 111 121 89 10 98 42 88 21 115 53 69 5 119 37 71 29 70 124 68 13 114 45 76 17 97 49 66 1 113 33 67 25 96 120 65 9 112 41 64 23
106 54 85 7 93 38 63 30 84 126 86 15 105 46 62 19 107 50 82 3 92 34 87 26 109 122 83 11 108 42 61 20 104 51 90 4 100 35 80 27 101 123 91 12 94 43 81 16 102 47 58 0 95 31 59 23 103 55 57 8 99 39 60 22 117 53 74 6 110 37 79 29 75 125 73 14 118 45 78 18 116 49 77 2 111 33 72 25 98 121 89 10 115 41 88 21 114 52 69 5 119 36 71 28 68 124 70 13 97 44 76 17 120 48 66 1 96 32 67 24 113 56 65 9 112 40 64
23 106 55 85 7 91 39 63 31 84 126 86 15 105 47 62 19 107 51 82 3 92 35 87 27 93 122 83 11 108 43 61 20 104 52 90 4 100 36 80 28 101 123 89 12 94 44 81 16 102 48 58 0 95 32 59 24 103 56 57 8 99 40 60 22 117 54 74 6 109 38 79 30 75 125 73 14 110 46 78 18 116 50 76 2 111 34 72 26 98 121 77 10 115 42 88 21 118 53 69 5 119 37 71 29 68 124 66 13 97 45 70 17 113 49 64 1 114 33 67 25 112 120 65 9 96 41
85 23 106 54 63 7 93 39 84 31 86 126 62 15 105 46 82 19 107 50 87 3 92 35 83 27 109 122 61 11 108 42 90 20 104 51 80 4 100 36 91 28 101 123 81 12 94 43 58 16 102 47 59 0 95 32 57 24 103 55 60 8 99 40 74 22 117 53 79 6 110 38 75 30 73 125 78 14 118 45 77 18 116 49 72 2 111 34 89 26 98 121 88 10 115 41 69 21 114 52 71 5 119 37 68 29 70 124 76 13 97 44 66 17 120 48 67 1 96 33 65 25 113 56 64 9 112
41 85 23 106 55 63 7 93 39 84 31 62 126 86 15 105 47 82 19 107 51 87 3 92 35 83 27 109 122 61 11 108 43 90 20 104 52 80 4 100 36 91 28 101 123 81 12 94 44 58 16 102 48 59 0 95 32 57 24 103 56 60 8 99 40 74 22 117 54 79 6 110 38 75 30 78 125 73 14 118 46 77 18 116 50 72 2 111 34 89 26 98 121 88 10 115 42 69 21 114 53 71 5 119 37 68 29 76 124 70 13 97 45 66 17 113 49 67 1 96 33 65 25 112 120 64 9
106 40 85 22 93 54 63 7 105 38 84 30 86 126 62 14 107 46 82 18 92 50 87 3 109 34 83 26 108 122 61 10 104 42 90 19 100 51 80 4 101 35 91 27 94 123 81 11 102 43 58 15 95 47 59 0 103 31 57 23 99 55 60 8 117 39 74 21 110 53 79 6 118 37 75 29 73 125 78 13 116 45 77 17 111 49 72 2 98 33 89 25 115 121 88 9 114 41 69 20 119 52 71 5 97 36 68 28 70 124 76 12 120 44 66 16 96 48 67 1 113 32 65 24 112 56 64
9 106 41 85 23 92 55 63 7 105 39 84 31 86 126 62 15 107 47 82 19 104 51 87 3 93 35 83 27 108 122 61 11 101 43 90 20 100 52 81 4 94 36 91 28 89 123 80 12 102 44 58 16 95 48 59 0 103 32 57 24 99 56 60 8 117 40 74 22 109 54 79 6 110 38 75 30 73 125 78 14 116 46 76 18 111 50 72 2 98 34 77 26 115 121 88 10 118 42 69 21 119 53 71 5 97 37 68 29 66 124 70 13 113 45 64 17 114 49 67 1 96 33 65 25 112 120
85 9 106 41 63 23 93 55 84 7 105 39 86 31 62 126 82 15 107 47 87 19 92 51 83 3 109 35 61 27 108 122 90 11 104 43 80 20 100 52 91 4 101 36 81 28 94 123 58 12 102 44 59 16 95 48 57 0 103 32 60 24 99 56 74 8 117 40 79 22 110 54 75 6 118 38 73 30 78 125 77 14 116 46 72 18 111 50 89 2 98 34 88 26 115 121 69 10 114 42 71 21 119 53 68 5 97 37 70 29 76 124 66 13 120 45 67 17 96 49 65 1 113 33 64 25 112
120 63 9 94 41 84 23 106 55 86 7 93 39 62 31 85 126 87 15 107 47 83 19 109 51 61 3 92 35 60 27 108 122 80 11 105 43 82 20 101 52 91 4 104 36 81 28 110 123 88 12 100 44 58 16 102 48 59 0 95 32 57 24 103 56 74 8 117 40 75 22 118 54 73 6 111 38 79 30 76 125 72 14 116 46 77 18 98 50 89 2 99 34 90 26 97 121 71 10 119 42 68 21 114 53 70 5 113 37 78 29 69 124 67 13 115 45 66 17 112 49 65 1 96 33 64 25
91 120 63 9 106 40 85 23 107 54 84 7 93 38 62 30 86 126 83 15 109 46 87 19 92 50 61 3 108 34 60 26 105 122 80 11 101 42 82 20 104 51 90 4 94 35 81 27 100 123 59 12 102 43 58 16 95 47 57 0 103 31 56 24 117 55 74 8 116 39 75 22 110 53 73 6 111 37 79 29 72 125 78 14 98 45 76 18 99 49 89 2 97 33 88 25 118 121 71 10 114 41 69 21 119 52 77 5 113 36 70 28 67 124 66 13 115 44 68 17 112 48 65 1 96 32 64
25 106 57 85 9 107 41 84 23 93 55 86 7 92 39 63 31 87 126 82 15 109 47 83 19 108 51 61 3 94 35 62 27 105 122 80 11 101 43 90 20 104 52 91 4 102 36 81 28 100 123 88 12 99 44 58 16 95 48 59 0 103 32 60 24 117 56 74 8 116 40 75 22 110 54 73 6 111 38 79 30 72 125 77 14 98 46 76 18 115 50 89 2 97 34 78 26 118 121 71 10 114 42 69 21 119 53 68 5 113 37 70 29 67 124 66 13 120 45 65 17 112 49 64 1 96 33
63 25 91 120 85 9 106 40 84 23 107 54 62 7 93 38 86 31 83 126 87 15 109 46 61 19 92 50 60 3 108 34 80 27 105 122 82 11 101 42 90 20 104 51 81 4 94 35 59 28 100 123 58 12 102 43 57 16 95 47 56 0 103 32 74 24 117 55 75 8 116 39 73 22 110 53 79 6 111 37 72 30 78 125 76 14 98 45 89 18 99 49 88 2 97 33 71 26 118 121 69 10 114 41 77 21 119 52 70 5 113 36 67 29 66 124 68 13 115 44 65 17 112 48 64 1 96
33 63 25 94 120 85 9 106 41 84 23 107 55 62 7 93 39 86 31 87 126 83 15 109 47 61 19 92 51 60 3 108 35 80 27 105 122 82 11 101 43 91 20 104 52 81 4 110 36 88 28 100 123 58 12 102 44 59 16 95 48 57 0 103 32 74 24 117 56 75 8 116 40 73 22 118 54 79 6 111 38 72 30 76 125 77 14 98 46 89 18 99 50 90 2 97 34 71 26 119 121 69 10 114 42 68 21 115 53 78 5 113 37 70 29 67 124 66 13 112 45 65 17 96 49 64 1
91 32 63 24 106 120 85 8 107 40 84 22 93 54 62 6 109 38 86 30 83 126 87 14 92 46 61 18 108 50 60 2 105 34 80 26 101 122 82 10 104 42 90 19 94 51 81 3 100 35 59 27 102 123 58 11 95 43 57 15 103 47 56 0 117 31 74 23 116 55 75 7 110 39 73 21 111 53 79 5 98 37 72 29 78 125 76 13 99 45 89 17 97 49 88 1 118 33 71 25 114 121 69 9 119 41 77 20 113 52 70 4 115 36 67 28 66 124 68 12 112 44 65 16 96 48 64
1 106 33 85 25 107 57 84 9 105 41 86 23 93 55 63 7 109 39 87 31 82 126 83 15 108 47 61 19 94 51 62 3 104 35 80 27 101 122 90 11 100 43 91 20 102 52 81 4 99 36 89 28 58 123 88 12 95 44 59 16 103 48 60 0 117 32 74 24 116 56 75 8 110 40 73 22 111 54 79 6 98 38 72 30 77 125 76 14 115 46 92 18 97 50 78 2 118 34 71 26 114 121 69 10 119 42 68 21 113 53 70 5 120 37 67 29 66 124 65 13 112 45 64 17 96 49
63 1 91 33 85 25 106 120 84 9 107 41 62 23 93 54 86 7 109 39 83 31 87 126 61 15 92 47 60 19 108 50 80 3 105 35 82 27 101 122 90 11 104 43 81 20 94 51 59 4 100 36 58 28 102 123 57 12 95 44 56 16 103 48 74 0 117 32 75 24 116 55 73 8 110 40 79 22 111 53 72 6 98 38 78 30 76 125 89 14 99 46 88 18 97 49 71 2 118 34 69 26 114 121 77 10 119 42 70 21 113 52 67 5 115 37 66 29 68 124 65 13 112 45 64 17 96
49 85 1 94 33 63 25 107 120 84 9 106 41 62 23 93 55 83 7 92 39 86 31 61 126 87 15 109 47 60 19 108 51 82 3 105 35 80 27 104 122 91 11 101 43 81 20 110 52 58 4 100 36 88 28 95 123 59 12 102 44 57 16 103 48 74 0 117 32 75 24 116 56 73 8 118 40 79 22 111 54 77 6 99 38 72 30 89 125 76 14 98 46 90 18 97 50 69 2 119 34 71 26 115 121 68 10 114 42 78 21 113 53 66 5 96 37 70 29 65 124 67 13 112 45 64 17
91 48 85 1 107 32 63 24 106 120 84 9 93 40 62 22 109 54 83 7 92 38 86 30 87 126 61 15 108 46 60 18 105 50 82 3 104 34 80 26 101 122 90 11 94 42 81 19 100 51 58 4 95 35 59 27 102 123 57 12 103 43 56 16 117 47 74 0 116 31 75 23 110 55 73 8 111 39 79 21 98 53 78 6 99 37 72 29 76 125 89 14 97 45 88 17 118 49 69 2 119 33 71 25 114 121 77 10 113 41 70 20 115 52 67 5 96 36 68 28 65 124 66 13 112 44 64
17 106 49 85 1 107 33 84 25 93 57 86 9 92 41 63 23 109 55 82 7 108 39 87 31 83 126 61 15 94 47 62 19 105 51 90 3 104 35 80 27 101 122 91 11 102 43 81 20 100 52 58 4 95 36 88 28 99 123 59 12 103 44 60 16 117 48 74 0 116 32 75 24 110 56 73 8 111 40 79 22 98 54 77 6 115 38 72 30 76 125 89 14 97 46 78 18 118 50 69 2 119 34 71 26 114 121 68 10 113 42 70 21 120 53 66 5 96 37 67 29 65 124 64 13 112 45
85 17 91 48 63 1 107 33 84 25 106 120 62 9 93 41 83 23 109 54 86 7 92 39 87 31 61 126 60 15 108 46 82 19 105 50 80 3 104 35 90 27 101 122 81 11 94 43 58 20 100 51 59 4 95 36 57 28 102 123 56 12 103 44 74 16 117 47 75 0 116 32 73 24 110 55 79 8 111 40 78 22 98 53 72 6 99 38 76 30 89 125 88 14 97 45 69 18 118 49 71 2 119 34 77 26 114 121 70 10 113 42 67 21 115 52 68 5 96 37 65 29 66 124 64 13 112
45 85 17 94 49 63 1 107 33 84 25 106 120 62 9 93 41 83 23 109 55 86 7 92 39 87 31 60 126 61 15 108 47 82 19 105 51 80 3 104 35 91 27 101 122 81 11 110 43 58 20 100 52 88 4 95 36 59 28 102 123 57 12 103 44 74 16 117 48 75 0 116 32 73 24 118 56 79 8 111 40 77 22 98 54 72 6 99 38 76 30 90 125 89 14 97 46 69 18 119 50 71 2 115 34 68 26 114 121 78 10 113 42 66 21 112 53 70 5 96 37 67 29 64 124 65 13
91 44 85 16 107 48 63 1 106 32 84 24 93 120 62 9 109 40 83 22 92 54 86 7 108 38 87 30 61 126 60 14 105 46 82 18 104 50 80 3 101 34 90 26 94 122 81 11 100 42 58 19 95 51 59 4 102 35 57 27 103 123 56 12 117 43 74 15 116 47 75 0 110 31 73 23 111 55 79 8 98 39 78 21 99 53 72 6 97 37 76 29 89 125 88 13 118 45 69 17 119 49 71 2 114 33 77 25 113 121 70 10 115 41 67 20 96 52 68 5 112 36 66 28 65 124 64
13 106 45 85 17 107 49 84 1 105 33 86 25 93 57 63 9 109 41 82 23 108 55 87 7 94 39 83 31 61 126 62 15 104 47 90 19 100 51 80 3 101 35 91 27 102 122 81 11 99 43 58 20 95 52 89 4 103 36 88 28 59 123 60 12 117 44 74 16 116 48 75 0 110 32 73 24 111 56 79 8 98 40 77 22 115 54 72 6 97 38 76 30 92 125 78 14 118 46 69 18 119 50 71 2 114 34 68 26 113 121 70 10 120 42 66 21 96 53 67 5 112 37 65 29 64 124
85 13 94 45 63 17 107 49 84 1 106 33 62 25 93 121 83 9 109 41 86 23 92 55 87 7 108 39 61 31 60 126 82 15 105 47 80 19 104 51 91 3 101 35 81 27 110 123 58 11 100 43 88 20 95 52 59 4 102 36 57 28 103 124 74 12 117 44 75 16 116 48 73 0 118 32 79 24 111 56 77 8 98 40 72 22 99 54 76 6 97 38 89 30 90 125 69 14 119 46 71 18 115 50 68 2 114 34 78 26 113 122 66 10 120 42 70 21 96 53 67 5 112 37 65 29 64
124 63 13 91 45 85 17 106 49 84 1 107 33 62 25 93 120 86 9 92 41 87 23 109 55 61 7 108 39 60 31 83 126 80 15 105 47 82 19 101 51 90 3 104 35 81 27 94 122 88 11 100 43 58 20 102 52 59 4 95 36 57 28 103 123 79 12 111 44 74 16 117 48 73 0 116 32 72 24 110 56 77 8 98 40 76 22 99 54 89 6 97 38 78 30 75 125 71 14 118 46 69 18 114 50 68 2 119 34 70 26 113 121 67 10 115 42 66 21 112 53 65 5 96 37 64 29
63 124 85 13 106 44 84 17 91 48 86 1 105 32 62 25 107 120 87 9 93 40 82 23 92 54 61 7 108 38 60 30 80 126 90 15 101 46 89 19 104 50 81 3 94 34 83 27 100 122 59 11 102 42 58 20 95 51 57 4 103 35 56 28 109 123 79 12 117 43 74 16 116 47 75 0 110 31 73 24 98 55 78 8 111 39 72 22 99 53 77 6 97 37 88 29 71 125 69 14 118 45 68 18 119 49 76 2 113 33 70 26 114 121 67 10 115 41 66 21 112 52 65 5 96 36 64
29 63 124 85 13 106 45 84 17 107 49 86 1 105 33 87 25 109 57 82 9 93 41 83 23 108 55 61 7 94 39 62 31 80 126 90 15 101 47 91 19 104 51 89 3 102 35 81 27 100 122 88 11 99 43 58 20 95 52 59 4 103 36 60 28 79 123 74 12 117 44 75 16 116 48 73 0 110 32 72 24 98 56 77 8 111 40 76 22 115 54 92 6 97 38 78 30 71 125 69 14 118 46 68 18 119 50 66 2 113 34 70 26 114 121 67 10 120 42 65 21 112 53 64 5 96 37
63 29 85 124 84 13 106 44 86 17 91 48 62 1 105 33 87 25 107 120 82 9 93 40 61 23 92 54 60 7 108 38 80 31 90 126 89 15 101 46 81 19 104 50 83 3 94 35 59 27 100 122 58 11 102 42 57 20 95 51 56 4 103 36 79 28 109 123 74 12 117 43 75 16 116 47 73 0 110 32 78 24 98 55 72 8 111 39 77 22 99 53 88 6 97 37 71 30 69 125 68 14 118 45 76 18 119 49 70 2 113 34 67 26 114 121 66 10 115 41 65 21 112 52 64 5 96
