6 86 21 61 78 38 14 87 13 74 28 43 84 54 52 24 25 57 51 90 82 89 80 46 19 85 49 95 83 55 94 66 69 62 33 76 12 7 59 4 40 60 26 92 9 31 88 18 22 91 64 35 67 3 39 44 98 100 99 79 45 11 58 65 71 41 96 47 17 15 30 10 93 16 81 1 75 48 32 77 27 29 23 42 97 20 50 36 73 0 2 53 34 68 5 72 8 56 70 63 37
64 58 88 97 56 33 23 3 30 35 93 34 70 52 11 92 94 73 78 57 24 49 0 32 2 53 29 79 100 67 26 91 10 42 51 80 89 17 66 90 20 21 12 25 28 22 75 83 82 7 71 9 27 6 39 38 44 46 41 16 45 47 76 61 4 19 69 54 65 68 36 15 74 5 37 48 13 99 81 98 95 55 85 18 63 50 84 87 72 60 96 40 62 8 1 59 77 14 43 31 86
12 83 3 9 66 56 25 53 78 84 13 8 93 7 51 79 34 23 54 5 85 77 44 87 81 58 64 16 90 95 39 80 28 46 62 82 29 61 30 36 26 18 96 33 1 24 92 100 97 43 47 68 91 60 0 41 14 45 42 10 49 76 69 55 73 67 27 50 57 63 89 11 98 65 70 2 99 86 52 6 20 15 88 48 31 71 35 32 22 38 59 72 74 17 19 21 40 37 94 4 75
73 100 61 75 32 13 71 41 94 36 11 77 80 2 9 58 35 27 74 60 65 14 54 30 22 16 28 48 82 1 46 98 38 39 93 44 62 86 21 24 6 26 83 31 15 3 64 12 23 0 87 52 79 55 69 19 10 89 63 70 57 84 72 18 47 5 95 37 49 33 56 17 90 92 42 81 20 99 7 76 66 88 51 25 68 29 53 34 78 43 67 45 8 96 40 91 85 50 4 59 97
19 28 51 55 48 85 12 16 26 31 90 88 41 47 98 97 63 20 38 43 29 36 49 37 64 99 74 71 65 0 79 11 17 52 93 60 35 22 3 33 76 34 25 27 70 32 39 57 86 83 24 45 82 56 30 84 87 1 53 62 75 6 10 91 40 61 21 69 96 66 44 92 18 4 68 72 58 2 46 100 14 77 78 23 42 95 5 54 50 67 13 73 8 7 89 81 15 9 80 59 94
64 14 29 66 54 94 23 32 40 100 19 20 24 33 49 57 4 17 53 25 28 98 7 5 74 88 91 30 93 69 89 87 6 34 61 46 37 38 84 50 27 92 0 75 36 68 65 79 76 63 97 16 12 43 1 60 13 42 22 85 10 99 48 18 21 83 31 56 52 71 90 8 73 2 9 51 55 15 96 81 62 67 70 78 45 47 39 35 95 26 11 82 41 86 72 58 3 44 77 59 80
0 26 4 24 35 79 85 68 12 91 92 72 93 56 44 49 27 70 80 88 53 67 1 20 33 21 41 60 57 10 52 16 81 89 47 23 94 51 84 86 55 13 29 61 73 59 30 11 74 40 65 14 98 78 32 64 38 62 58 8 9 6 69 75 82 46 5 83 96 63 2 18 43 42 76 3 17 28 25 37 50 66 22 90 95 15 77 97 36 7 71 39 19 99 34 45 87 100 54 31 48
87 50 18 74 56 81 37 28 36 68 3 24 58 51 41 42 33 12 52 78 59 54 100 46 79 85 76 91 2 89 95 20 9 29 72 8 90 88 70 21 10 22 84 67 19 75 47 31 73 43 97 82 62 32 77 39 48 55 23 86 65 35 14 40 63 27 38 6 60 5 34 30 94 4 99 93 16 49 17 64 71 98 0 7 13 92 26 61 83 11 25 44 53 15 57 69 96 45 1 80 66
88 3 9 97 66 46 20 18 94 95 13 59 84 41 24 14 91 79 78 56 25 10 30 27 6 90 44 47 48 70 1 31 64 69 85 8 21 51 38 73 52 35 17 98 58 45 99 2 4 43 86 15 34 33 62 100 81 19 7 50 67 74 96 63 93 0 92 26 12 68 60 76 80 87 22 28 16 23 29 65 40 89 5 57 39 72 49 54 82 83 42 61 53 75 37 11 71 55 36 32 77
6 17 95 44 89 98 80 62 51 63 82 35 71 0 60 83 5 59 8 7 92 48 53 18 25 96 38 29 74 19 85 14 54 41 2 39 57 65 30 27 93 10 43 56 68 61 42 37 67 49 55 4 24 78 81 86 40 13 64 16 76 77 12 20 84 100 90 22 36 47 69 52 58 94 97 99 75 26 32 87 73 66 3 15 91 11 45 79 72 23 88 70 28 34 31 9 50 33 46 21 1
16 36 99 53 8 42 1 96 13 12 31 65 81 29 22 71 74 62 18 87 7 44 50 93 30 97 94 89 3 0 57 43 46 32 82 59 75 76 48 91 25 4 63 2 6 90 100 35 9 61 85 73 51 86 40 55 19 84 38 77 21 98 11 95 78 56 33 20 17 39 15 66 72 52 41 79 27 68 80 54 10 28 88 69 60 83 24 26 67 58 45 64 92 47 5 37 23 49 70 14 34
51 7 30 70 94 4 32 37 33 81 75 48 46 27 12 13 89 26 67 83 11 24 21 40 87 64 38 9 97 29 56 34 20 19 73 80 8 2 15 18 95 14 31 72 65 91 36 39 60 98 54 85 84 52 3 90 43 78 68 58 76 35 28 59 1 71 25 86 23 79 10 45 92 93 0 69 44 82 66 41 100 77 17 6 57 61 22 62 88 63 53 47 16 99 74 49 5 42 96 50 55
79 75 41 99 98 1 68 62 88 37 14 90 20 80 82 73 59 46 2 32 100 67 11 91 85 52 83 45 71 53 5 50 76 29 6 15 28 27 26 31 56 24 39 55 54 94 51 43 95 22 16 74 47 65 63 35 30 44 49 19 60 18 70 38 92 93 10 40 57 13 36 64 86 8 3 78 77 33 12 72 48 21 9 23 61 87 58 69 4 7 84 97 66 81 89 34 42 25 17 96 0
28 59 9 10 13 75 96 38 42 86 98 56 35 8 25 70 49 7 41 34 82 32 6 97 78 89 20 39 0 71 76 69 66 100 4 50 21 16 94 45 30 40 79 99 26 88 62 1 91 64 2 53 74 37 27 65 72 61 15 54 36 85 83 23 11 48 58 67 73 22 44 55 95 43 14 46 29 17 81 47 52 68 31 51 60 19 18 12 33 57 24 77 3 92 90 80 5 87 63 84 93
98 66 45 49 63 68 55 46 15 9 24 44 80 0 96 12 61 54 47 59 67 71 21 41 3 23 57 29 13 72 75 99 51 70 93 2 52 65 8 43 58 20 81 89 90 64 91 34 16 14 97 83 4 56 19 100 30 84 35 25 50 48 5 39 92 11 53 60 94 95 33 82 27 77 7 85 26 38 17 87 28 78 88 10 69 32 18 42 6 40 37 76 31 73 79 74 1 62 22 86 36
75 39 70 83 90 19 57 63 42 36 60 25 44 86 73 48 6 58 37 66 9 59 20 34 11 2 96 4 29 100 40 1 46 98 89 62 23 33 79 22 74 16 10 65 82 41 93 97 99 53 28 38 69 50 67 0 15 68 91 35 56 18 27 30 88 55 17 45 43 3 32 95 87 51 47 8 71 31 21 14 92 7 72 54 76 94 26 80 78 49 81 64 12 13 61 24 85 77 5 84 52
99 75 94 20 37 7 24 72 69 95 50 86 67 3 9 68 77 35 73 26 88 66 23 5 80 82 33 38 16 11 71 74 25 61 0 14 58 6 29 17 56 64 42 46 92 84 83 8 65 32 15 47 10 98 55 78 60 39 19 48 21 51 28 79 22 100 40 97 85 27 49 52 18 34 57 36 45 4 96 87 93 1 54 13 41 31 62 30 70 53 76 2 44 81 89 59 63 91 90 12 43
54 15 96 36 12 73 10 9 8 42 29 2 50 89 3 11 51 71 83 64 86 24 80 92 58 31 75 21 82 37 55 93 65 53 34 79 39 90 61 48 85 0 5 76 7 63 70 56 100 41 28 94 4 20 27 46 52 97 67 13 17 30 1 84 18 44 88 16 78 6 72 57 68 38 87 25 74 22 14 43 23 60 95 91 47 32 19 59 66 45 69 40 33 49 98 99 26 77 35 81 62
79 14 27 97 20 50 80 1 24 40 68 3 22 60 39 9 4 63 10 0 100 16 17 21 26 66 29 85 86 88 98 49 92 30 41 35 45 58 25 2 61 46 90 18 67 47 69 59 57 84 83 76 31 75 34 33 74 44 94 78 55 70 93 51 15 42 95 12 43 62 54 89 87 7 6 36 77 28 23 8 71 72 73 38 56 65 81 64 52 53 99 13 82 48 5 91 19 32 96 11 37
80 83 45 44 81 50 15 71 14 49 62 2 95 55 53 0 13 96 21 64 89 79 23 97 16 6 70 73 54 28 63 88 35 94 20 5 40 85 60 91 24 90 52 69 99 29 18 92 61 72 37 17 58 67 82 19 3 84 100 38 93 57 4 11 65 42 59 68 32 12 43 1 25 10 27 30 56 8 51 31 26 66 48 39 22 9 34 75 33 77 47 98 46 87 86 78 7 41 36 76 74
71 16 22 49 11 24 77 96 44 21 55 57 84 67 97 100 66 42 4 39 35 89 27 23 25 7 63 68 52 48 92 13 62 32 0 41 78 34 93 91 87 86 90 17 10 99 81 45 19 47 65 3 5 51 72 8 50 46 20 30 98 95 82 1 40 69 56 53 54 73 29 58 6 37 15 14 2 38 59 85 74 26 80 31 88 9 79 64 43 28 12 75 36 83 61 60 70 33 94 76 18
35 39 20 84 62 93 25 9 98 87 44 43 14 29 72 63 51 22 18 4 49 50 17 70 65 95 74 100 97 38 73 56 45 37 13 52 10 0 77 54 55 40 89 31 23 71 48 30 46 16 24 32 94 64 69 79 41 85 21 6 7 34 33 58 3 75 86 42 1 36 57 68 92 82 91 61 80 90 81 96 47 5 76 83 26 19 59 78 88 53 66 67 27 15 12 11 60 8 28 2 99
1 30 38 69 22 18 90 16 53 10 76 79 55 39 35 77 91 46 29 31 97 84 100 88 33 93 25 36 75 56 73 9 81 61 72 3 4 98 94 19 83 99 0 44 23 11 43 80 6 64 86 51 62 65 96 48 15 71 42 7 54 34 32 21 47 95 12 87 41 58 89 82 37 67 27 70 50 17 14 74 59 5 78 57 2 85 20 28 52 45 66 92 68 49 60 63 26 13 24 8 40
85 92 90 35 80 67 15 43 69 83 88 57 30 63 34 0 10 42 91 3 20 11 66 23 58 16 17 18 93 2 96 68 27 89 61 28 21 53 14 94 46 79 64 51 48 9 76 24 65 7 41 95 78 73 47 37 75 44 25 87 86 84 55 59 99 8 38 1 77 40 74 13 70 22 4 33 54 82 12 32 62 6 19 26 81 71 52 98 39 31 5 97 60 29 72 50 56 45 49 100 36
97 26 2 10 14 13 72 20 38 42 51 65 86 35 81 82 54 56 16 33 4 96 28 15 1 0 63 91 9 60 29 43 50 44 34 64 87 46 32 85 69 59 31 92 99 23 19 8 12 98 36 79 88 77 75 94 62 45 3 55 40 30 71 90 41 49 80 61 100 67 24 74 27 47 93 37 17 52 11 6 66 58 89 84 18 21 78 22 95 53 7 76 39 25 73 5 83 68 57 70 48
92 33 45 36 68 91 79 40 1 90 53 49 41 95 85 4 34 16 15 46 32 74 22 42 12 0 11 13 19 86 21 60 97 73 30 2 14 3 89 31 9 20 65 70 82 27 84 78 26 44 52 76 61 94 51 63 83 57 50 69 18 62 59 35 96 99 5 28 23 54 25 47 87 43 93 55 17 8 56 72 6 7 88 77 64 37 24 48 38 39 29 75 81 66 67 80 58 71 98 10 100
25 91 71 53 65 61 44 31 13 93 59 94 92 78 45 73 9 69 36 2 86 83 87 96 41 1 23 81 100 90 12 14 49 85 74 84 39 42 20 70 6 16 4 55 68 19 56 60 82 10 33 7 50 21 35 30 79 24 99 80 26 37 63 76 48 57 51 22 27 11 58 72 5 29 89 15 98 18 32 88 77 38 8 40 0 47 3 66 34 46 43 75 52 54 62 67 17 28 64 97 95
53 44 73 16 63 18 3 88 71 28 4 17 50 56 67 48 95 34 19 32 97 41 42 100 80 43 84 81 25 62 23 92 89 65 94 9 61 11 26 13 59 91 51 12 35 77 74 66 7 55 2 58 64 87 99 15 5 72 82 21 40 27 90 54 30 78 68 98 83 10 75 37 8 6 46 93 20 69 85 76 22 86 79 0 70 39 29 14 31 47 45 52 49 38 57 33 36 96 1 24 60
88 35 98 6 78 62 19 56 60 67 10 27 24 43 69 12 76 84 99 4 5 92 37 93 77 41 47 96 89 57 36 90 31 21 70 34 40 2 3 52 94 32 13 46 75 64 100 72 33 61 80 81 15 53 25 82 86 1 44 17 48 58 22 97 39 11 54 20 73 65 23 85 7 74 16 42 30 18 45 49 28 9 87 91 83 14 51 8 59 0 71 26 55 50 66 79 63 68 29 95 38
53 88 100 38 18 60 59 98 28 31 47 9 76 54 12 84 50 66 34 56 40 79 99 67 25 96 23 13 57 36 45 35 91 81 55 83 32 21 68 85 97 43 48 22 27 87 51 17 6 24 3 80 14 73 46 15 62 39 10 65 29 44 58 86 61 95 26 94 33 7 89 93 74 92 1 30 90 72 8 69 82 20 64 37 52 70 4 2 19 41 63 75 42 78 0 11 77 71 5 16 49
92 36 100 35 6 86 23 8 28 94 20 33 32 93 7 71 17 88 19 22 10 13 16 47 52 4 76 45 15 3 11 81 70 95 66 26 91 25 89 56 18 37 97 9 65 84 61 63 24 42 34 31 85 1 43 44 50 54 46 0 75 48 83 67 12 80 51 72 14 60 57 78 29 27 49 5 41 99 59 96 98 39 2 74 73 69 38 58 77 30 62 64 79 21 87 82 55 53 40 68 90
38 20 11 9 92 35 25 91 93 58 60 100 67 37 68 5 21 23 79 84 63 29 59 28 32 19 26 77 99 54 10 90 89 30 97 57 86 4 42 7 95 76 16 73 64 52 81 47 83 96 87 2 75 56 44 51 69 45 62 49 36 50 3 17 72 70 8 94 34 0 74 80 88 12 39 53 1 18 6 33 82 13 55 65 24 41 46 78 15 61 98 27 71 22 40 31 66 48 43 85 14
46 93 49 81 64 54 88 22 31 53 39 9 78 47 42 67 12 73 83 16 55 94 56 33 91 100 96 79 37 87 72 52 26 38 68 97 14 21 29 48 66 30 17 98 77 99 0 59 28 15 51 84 89 44 36 69 3 71 24 34 41 11 82 62 5 1 70 2 65 43 75 8 63 74 6 92 27 32 25 58 4 90 76 40 86 57 13 35 80 45 20 50 7 23 19 85 10 60 95 18 61
33 32 2 23 88 65 1 64 14 54 66 7 31 40 8 39 86 79 34 10 41 73 63 26 36 68 15 50 51 59 85 81 17 37 74 20 24 91 28 89 30 92 48 60 53 35 95 13 9 42 57 18 49 67 96 47 100 90 61 78 19 4 0 16 58 5 99 76 98 43 55 84 82 29 52 3 77 80 93 44 21 69 72 46 45 87 56 11 62 6 12 94 75 22 70 83 71 27 38 25 97
22 6 36 13 61 28 82 47 99 64 16 86 0 32 10 39 83 72 74 92 5 48 85 38 78 23 95 66 71 9 81 24 96 90 75 69 84 54 29 65 2 62 7 46 77 58 14 87 80 3 37 100 45 15 76 79 63 40 19 18 55 12 88 11 98 50 73 33 52 34 53 26 70 60 1 25 93 91 44 43 4 97 67 8 41 94 49 31 30 17 68 35 56 59 89 27 20 42 57 21 51
9 94 31 40 28 48 75 24 6 22 45 56 66 64 62 18 69 88 37 91 1 50 3 100 89 84 10 52 38 81 46 83 57 70 74 26 35 41 68 13 96 29 80 23 95 14 98 30 8 86 42 0 90 5 60 39 53 77 19 82 11 67 16 27 32 72 21 93 97 78 85 20 59 33 34 4 43 92 73 7 25 12 49 99 15 2 65 71 63 55 79 54 61 36 51 17 58 76 47 44 87
94 10 89 88 90 78 50 2 41 57 74 11 65 67 9 66 98 54 62 91 40 59 72 76 69 32 56 3 81 37 46 38 63 34 8 51 48 16 79 85 47 4 7 58 53 61 36 35 77 26 18 68 55 99 80 49 22 28 33 39 25 21 12 24 83 15 52 60 96 100 84 19 82 87 23 73 30 1 14 44 13 70 27 42 95 97 17 86 45 31 0 92 71 20 93 43 6 75 29 5 64
28 16 80 41 57 72 26 93 4 3 46 66 23 13 40 85 32 79 91 63 70 15 95 88 61 19 78 86 54 67 50 8 96 33 71 55 77 89 84 1 94 68 81 56 29 2 49 38 64 98 69 22 100 39 52 24 9 11 10 25 12 90 17 76 21 97 14 30 99 59 6 73 92 51 47 43 42 48 35 45 65 31 18 20 36 82 58 5 87 37 0 53 44 27 75 60 34 7 74 83 62
38 85 64 6 51 24 67 2 73 100 41 40 54 32 95 15 98 72 11 87 35 46 14 17 52 27 29 45 66 19 42 26 88 25 50 86 71 84 62 90 30 59 31 99 1 55 22 79 33 56 37 47 89 78 34 82 16 36 9 23 70 61 60 81 77 75 80 12 8 74 58 65 13 76 3 83 28 18 48 53 57 92 10 4 63 44 7 43 49 0 21 39 97 94 20 69 68 93 91 5 96
9 18 89 53 52 36 17 4 96 20 78 41 93 65 1 29 15 34 73 81 13 63 38 84 86 67 61 95 47 98 42 70 92 5 22 75 2 97 55 91 76 74 25 77 45 90 56 69 83 64 31 99 57 23 60 33 37 59 28 14 62 94 26 27 88 46 16 85 68 39 100 71 66 40 30 7 87 49 6 72 32 51 54 35 3 44 79 0 43 21 48 12 58 19 50 11 10 8 82 24 80
65 41 6 43 38 53 16 31 60 91 63 48 80 2 12 61 39 8 76 29 33 64 58 11 47 15 26 78 19 30 40 92 51 66 62 20 56 10 52 0 5 69 1 68 44 4 36 42 57 82 86 98 87 84 85 75 23 46 3 81 27 73 35 67 90 34 32 28 54 37 96 14 45 9 95 7 21 71 25 17 83 89 50 99 18 79 72 93 77 88 94 55 100 22 24 13 97 70 74 49 59
81 83 54 95 10 52 100 40 55 79 98 18 66 29 86 70 3 87 0 97 77 27 4 25 19 38 7 37 57 5 23 56 65 67 63 76 68 91 14 12 85 28 35 73 53 20 11 58 13 60 24 78 96 80 33 50 75 90 69 16 42 94 26 43 1 21 30 84 34 6 39 31 44 64 51 61 15 45 82 22 2 36 17 89 74 47 8 93 71 9 72 41 92 62 99 88 46 59 48 49 32
89 40 86 98 69 54 41 66 93 29 83 64 55 23 96 26 87 77 14 81 74 7 58 4 31 33 0 67 79 97 91 51 6 50 90 38 82 1 35 12 80 2 37 17 70 53 21 75 99 25 45 22 65 8 73 15 92 59 19 34 48 84 24 27 32 11 72 18 39 44 16 71 13 5 42 30 3 88 76 94 46 62 28 36 56 9 60 10 57 100 20 63 52 95 78 68 47 85 49 43 61
53 50 99 15 29 56 43 58 21 75 54 36 72 39 67 55 45 38 60 48 40 79 17 52 23 98 88 71 97 59 24 9 96 27 92 34 33 91 26 42 63 89 18 0 81 70 90 10 25 94 64 86 37 12 35 80 20 85 87 16 84 95 57 22 76 74 100 49 13 30 69 65 46 6 32 1 41 28 14 11 93 31 62 4 19 78 44 7 3 2 68 5 61 83 47 77 73 51 8 82 66
59 87 33 23 83 41 66 16 11 22 40 32 64 45 68 80 84 73 96 60 36 10 5 18 89 42 85 44 65 76 86 38 61 78 37 27 24 30 72 15 7 14 58 81 21 48 34 55 31 26 93 12 98 46 4 35 79 2 95 1 9 28 20 3 69 29 82 53 39 49 94 17 54 99 57 8 50 47 70 43 67 75 52 25 71 13 56 62 77 19 100 91 51 90 97 63 74 0 88 92 6
35 54 51 39 70 25 92 66 55 60 1 90 36 80 28 7 33 46 34 52 37 74 89 61 15 8 40 56 11 22 17 45 10 88 42 41 75 2 97 69 58 6 73 57 9 87 83 62 53 85 91 20 5 44 59 64 81 63 26 86 71 95 96 3 82 68 24 19 31 43 79 76 32 93 30 94 77 78 4 16 98 47 65 48 23 14 84 38 100 50 72 99 29 27 13 0 49 12 21 67 18
37 27 58 93 25 75 23 83 35 26 40 69 45 1 46 61 96 33 59 28 36 62 24 86 4 77 6 10 7 53 68 11 99 3 98 12 41 76 38 80 87 79 14 29 17 97 95 64 0 22 15 94 55 31 74 44 73 8 57 85 13 92 78 71 20 34 56 84 47 5 54 32 81 67 39 9 48 49 43 88 21 2 52 82 50 65 91 51 42 89 19 100 60 16 30 18 70 66 72 63 90
92 97 57 58 2 99 32 90 64 61 35 83 20 16 46 50 24 100 27 70 5 23 40 77 55 30 81 44 96 67 31 53 65 74 52 4 63 3 95 34 22 88 45 78 15 91 25 29 98 56 33 6 41 72 73 18 17 79 21 26 89 68 69 39 38 80 76 19 1 10 36 48 84 87 11 71 8 28 37 62 49 42 82 60 51 75 12 0 94 93 7 9 86 14 47 59 66 54 85 13 43
6 14 89 70 0 19 44 72 22 51 18 67 95 32 15 81 3 29 76 48 77 69 80 12 56 21 8 63 46 57 41 83 37 97 45 23 13 49 87 93 43 82 90 36 16 84 59 58 24 86 5 33 30 60 40 7 85 61 2 54 73 68 26 91 65 64 78 42 38 34 96 62 11 74 28 71 53 4 98 31 100 47 9 10 39 25 75 92 94 50 99 88 20 35 1 66 55 52 17 79 27
72 71 67 68 55 100 7 65 43 99 35 32 47 17 85 54 60 16 49 30 31 92 80 4 53 82 20 86 34 62 10 41 5 61 58 73 3 19 36 29 42 90 12 95 0 13 94 88 8 97 75 21 89 78 48 46 74 56 81 26 37 27 83 59 14 66 2 76 15 9 91 1 38 18 22 77 33 6 50 28 84 96 24 25 98 70 87 11 44 64 51 23 93 45 52 69 40 39 63 79 57
94 60 91 39 2 75 97 79 55 78 68 12 93 88 77 34 87 90 33 89 61 85 5 66 51 80 6 3 45 65 37 14 20 99 4 47 26 18 10 76 98 28 16 62 71 96 72 74 35 81 53 44 50 54 82 83 9 48 41 0 73 22 24 1 58 23 95 64 92 46 49 43 31 27 56 63 40 38 19 42 8 70 52 86 29 30 25 59 84 15 100 21 57 17 11 69 32 67 36 7 13
77 15 62 96 53 92 34 31 86 18 79 85 55 87 47 17 78 22 91 82 5 19 98 11 23 35 13 72 76 95 57 9 3 69 93 70 39 33 7 37 32 65 8 99 56 40 1 71 28 36 68 84 44 52 4 51 43 88 20 38 81 66 25 50 45 58 94 60 63 0 29 59 24 83 61 73 30 6 67 54 89 42 48 26 49 16 100 80 64 2 12 21 46 10 90 75 14 97 74 27 41
45 39 52 95 76 43 75 38 42 72 11 24 70 66 67 23 83 0 64 65 25 28 16 59 22 27 40 35 71 87 74 19 18 15 4 33 29 48 47 5 57 46 7 54 63 34 13 78 44 80 62 17 56 97 32 51 99 37 21 94 84 100 93 86 77 60 69 55 89 96 61 14 6 92 49 31 41 58 53 30 68 91 9 2 50 1 98 81 79 12 36 3 10 8 82 88 26 73 90 20 85
31 42 86 71 39 4 40 2 69 61 3 49 32 22 6 83 90 30 23 73 46 59 41 12 51 16 97 52 68 56 72 37 94 44 92 27 60 34 11 20 47 70 33 45 62 14 80 38 96 67 84 28 29 10 1 78 36 81 5 18 13 8 74 0 15 87 25 89 82 55 77 79 93 88 19 48 98 9 54 95 26 66 75 7 21 63 58 65 99 100 91 85 24 64 35 57 76 17 43 53 50
48 99 71 38 84 19 30 43 0 67 20 87 28 94 10 7 96 45 57 24 91 6 53 81 73 1 75 33 62 40 80 63 39 83 88 61 27 35 65 100 4 69 55 77 60 85 46 32 16 47 89 56 3 26 13 52 44 66 95 82 21 18 29 68 23 76 5 42 90 93 59 72 98 70 2 12 8 37 86 34 64 58 36 25 51 11 17 15 92 54 9 31 14 79 50 97 22 74 78 49 41
66 72 23 56 17 1 55 8 58 50 54 9 49 60 20 26 16 34 3 95 37 89 28 82 68 90 80 59 94 38 7 84 69 5 15 18 14 64 29 75 98 86 61 51 32 63 31 57 93 67 6 74 88 92 35 97 85 62 12 19 41 77 21 87 73 39 100 10 11 25 36 40 2 46 65 44 71 42 47 79 83 0 91 22 53 48 76 70 52 4 24 96 81 27 30 33 43 99 13 45 78
64 72 81 78 48 46 70 31 22 52 69 39 34 18 90 88 5 84 49 47 98 83 80 85 100 43 54 95 15 37 29 86 44 60 99 82 45 42 92 55 20 79 12 67 9 65 41 24 26 75 58 14 10 53 56 4 32 36 73 19 66 30 17 50 3 93 0 21 77 74 13 87 11 25 16 63 91 35 57 1 62 6 7 28 40 38 59 2 97 89 33 76 94 8 23 68 61 96 51 71 27
18 41 97 8 98 82 70 47 5 12 89 31 37 78 23 71 22 87 6 11 44 62 46 2 80 59 42 32 50 92 30 49 20 17 83 99 7 40 15 10 76 9 86 64 28 84 96 38 19 95 81 13 58 43 25 90 100 14 94 52 3 27 0 39 73 67 69 26 79 35 91 74 61 1 56 60 55 16 68 51 57 88 24 93 75 21 48 45 54 36 4 34 53 65 77 33 66 72 63 85 29
96 65 86 92 60 69 32 90 68 50 11 72 42 29 30 95 34 57 39 97 98 58 81 76 99 43 44 37 54 48 83 82 51 80 28 73 55 24 14 35 1 59 79 61 67 5 2 100 71 40 46 26 3 20 4 84 94 6 93 62 0 7 85 49 70 33 25 52 91 16 56 77 22 75 18 63 66 38 17 78 47 9 31 10 13 19 64 8 88 27 74 36 87 15 89 41 23 21 12 45 53
59 63 87 40 81 62 20 47 7 27 43 58 3 42 70 29 23 49 30 88 44 34 77 53 9 71 16 85 51 69 39 75 31 52 37 50 56 98 86 65 60 17 89 92 32 41 48 83 22 46 96 5 99 2 90 1 19 11 15 38 78 54 36 97 24 45 13 100 94 93 4 28 72 0 66 55 76 64 12 8 18 79 57 14 82 74 33 68 80 35 10 61 84 6 91 67 73 25 95 26 21
45 35 34 33 95 69 47 91 10 22 100 51 23 72 31 92 67 86 40 96 44 89 50 2 17 4 48 6 83 93 25 98 77 75 46 55 39 65 74 99 84 58 11 30 7 88 29 16 54 52 82 1 87 76 70 61 5 60 24 27 63 41 32 62 79 26 85 56 12 20 64 0 14 28 53 80 94 78 21 42 13 15 3 81 90 36 49 37 9 68 66 19 73 43 18 71 97 8 59 38 57
77 4 69 72 84 48 71 27 61 32 17 30 96 39 36 40 23 12 0 16 93 81 19 55 14 46 45 56 18 24 64 41 66 34 44 5 47 43 52 62 98 42 59 90 11 22 49 82 6 50 99 25 53 73 63 15 76 87 94 83 60 91 70 26 31 95 65 74 2 21 28 20 92 54 9 68 33 88 58 13 57 79 85 67 86 97 8 38 100 3 10 37 89 51 35 75 80 29 1 7 78
56 27 99 92 71 81 52 53 100 33 84 62 70 42 22 98 24 49 7 59 97 61 48 69 28 19 41 3 47 1 79 9 6 95 37 66 96 72 25 55 85 58 82 91 12 31 40 77 75 20 16 10 45 50 5 89 8 90 43 73 88 51 46 15 29 68 0 13 87 38 94 34 26 86 63 78 35 80 76 44 30 36 83 64 32 11 18 4 14 93 57 2 60 54 39 65 21 67 23 17 74
53 36 94 87 50 81 73 82 16 0 33 6 86 95 71 24 3 61 42 19 93 76 25 47 34 46 30 43 12 7 35 70 78 96 64 52 65 38 23 20 84 18 26 10 85 5 54 90 29 99 2 57 88 13 31 60 58 40 72 28 80 37 98 45 62 4 15 32 83 39 27 89 67 8 100 51 17 49 48 14 44 74 56 59 1 41 63 92 91 55 97 21 9 69 68 75 79 66 11 77 22
76 91 10 12 7 56 46 29 51 9 82 54 83 2 81 1 13 25 55 28 69 95 72 34 15 41 87 58 21 26 47 50 94 22 61 31 17 20 35 19 99 27 23 40 96 8 36 16 45 11 59 64 42 77 62 67 66 38 18 89 75 93 57 24 3 49 52 4 37 30 48 60 63 43 80 73 88 44 71 97 53 78 68 0 6 5 74 90 85 86 32 39 100 92 33 70 84 14 98 79 65
70 41 48 30 40 93 43 11 94 64 24 76 52 72 60 46 22 99 6 95 0 86 97 67 7 74 53 66 31 65 39 69 51 38 54 91 49 5 62 89 92 21 57 27 68 19 1 37 63 71 20 13 16 83 82 26 96 10 87 100 61 17 33 98 32 36 59 56 84 79 81 29 44 3 90 77 23 75 12 78 45 25 18 55 34 80 50 42 9 88 15 4 14 8 58 47 35 2 73 28 85
7 87 0 84 26 46 12 1 39 59 51 17 69 65 56 50 25 24 6 61 30 98 90 48 64 45 15 79 23 41 35 37 42 32 80 93 83 34 28 70 76 11 43 55 73 52 53 18 3 58 40 66 19 85 38 96 16 94 20 47 71 31 78 2 62 54 97 27 5 74 14 95 36 88 63 72 60 4 81 22 9 75 92 77 49 44 67 68 29 8 13 91 82 57 21 99 33 89 100 86 10
42 79 36 66 93 47 7 2 95 60 6 97 11 10 72 17 100 84 50 85 65 19 45 80 29 35 92 91 74 33 9 61 62 28 81 25 34 54 43 51 76 63 30 52 38 69 67 22 24 26 40 16 12 99 27 90 71 4 70 57 3 86 37 55 49 15 0 68 5 21 39 46 31 59 96 73 23 48 1 44 32 14 20 58 78 77 98 94 56 41 53 75 64 13 8 88 18 87 82 89 83
59 51 60 41 9 7 91 46 0 84 71 15 70 94 35 3 92 8 20 49 38 22 58 89 48 25 97 52 33 64 12 75 27 61 24 5 43 65 30 36 40 29 56 78 37 73 93 99 76 47 100 45 50 6 82 13 16 63 31 34 57 42 18 62 11 19 80 85 32 54 2 44 90 10 26 81 1 17 74 83 87 77 96 86 39 67 69 4 98 21 79 23 68 53 28 72 66 88 14 95 55
40 20 86 65 37 34 71 78 89 27 2 15 18 97 0 49 91 85 62 28 53 33 8 17 72 41 22 100 47 88 67 29 25 66 59 74 43 42 52 45 94 87 9 31 83 63 93 16 90 64 26 5 57 82 98 35 95 99 73 14 80 1 48 96 92 7 12 11 21 13 77 51 30 56 32 55 24 4 75 81 54 19 58 3 23 76 36 79 60 46 38 50 6 68 84 39 44 61 69 70 10
57 0 28 4 8 29 33 98 13 66 10 17 23 19 47 95 27 60 14 70 35 64 59 82 99 18 63 43 46 83 45 2 39 50 65 89 61 11 1 48 84 31 85 79 58 24 16 6 25 7 34 36 94 3 30 93 68 22 21 62 56 51 73 78 100 74 81 12 5 76 49 69 92 87 75 88 41 97 38 42 32 91 67 55 90 44 9 77 96 26 20 40 86 71 53 72 37 52 15 54 80
83 47 96 26 90 25 63 52 38 50 85 58 76 40 15 87 55 66 68 17 22 29 14 88 53 7 39 89 46 92 33 21 70 36 10 49 12 31 37 48 71 42 93 19 61 43 51 80 8 13 23 79 4 78 65 0 5 11 60 84 81 30 73 35 74 64 18 59 67 28 2 75 97 100 34 82 41 44 24 6 62 20 86 32 69 95 1 94 91 77 57 56 72 9 99 3 45 16 54 27 98
73 93 83 92 59 53 30 48 45 3 76 84 35 52 38 78 57 17 61 72 95 60 62 86 10 15 24 80 49 51 43 23 0 98 58 87 71 89 6 31 68 40 85 42 55 5 50 47 14 97 22 82 27 16 32 65 100 91 96 1 99 2 90 75 4 20 37 26 88 12 34 70 39 19 18 44 28 66 63 74 64 94 69 67 33 46 13 7 81 25 11 8 54 9 77 56 21 41 79 36 29
82 7 78 31 43 80 48 99 28 56 27 69 59 71 14 33 45 73 32 3 74 64 96 65 62 17 85 58 67 75 49 15 90 81 61 88 50 4 34 93 84 89 98 44 86 54 41 39 25 97 30 10 18 51 68 2 9 20 57 52 53 77 94 19 63 11 13 16 100 60 22 76 26 5 66 1 0 55 6 92 70 83 46 47 87 79 29 40 23 36 12 38 72 24 42 8 37 91 21 35 95
72 37 30 62 28 64 25 63 35 14 15 36 26 79 54 24 31 47 6 21 11 87 38 42 66 85 82 17 22 44 71 29 34 68 53 51 61 12 49 5 13 99 65 83 97 74 55 20 19 90 10 78 84 91 56 88 45 1 27 80 33 59 98 73 16 92 46 3 39 67 4 77 32 7 57 69 58 60 8 23 70 18 43 89 0 94 40 52 100 75 9 96 86 41 48 76 50 93 95 81 2
74 43 34 36 57 56 7 66 1 93 42 20 9 44 71 46 90 48 96 89 21 4 61 58 45 16 49 33 59 97 76 79 54 14 84 72 86 24 69 8 35 92 3 81 38 77 83 26 85 53 99 100 10 70 39 11 62 5 37 94 98 13 31 67 27 60 6 28 64 30 80 91 73 47 12 78 17 2 82 29 55 75 25 41 88 23 52 68 50 95 22 51 0 87 32 40 15 65 18 63 19
97 94 61 92 81 29 43 18 82 35 75 76 26 89 33 21 25 37 19 6 9 10 45 20 59 15 67 36 80 5 27 2 86 85 8 34 69 3 7 77 95 30 93 51 22 0 71 53 42 58 40 63 41 28 99 98 56 87 64 68 66 79 91 52 50 65 49 4 70 31 84 73 54 46 47 32 14 17 38 60 88 16 74 48 57 12 90 23 11 78 44 24 13 55 100 1 96 72 83 62 39
24 62 91 69 65 93 52 21 50 2 12 77 61 72 0 14 33 84 79 59 42 48 90 78 63 46 86 76 11 70 31 35 67 18 17 75 40 66 98 19 85 58 45 82 92 26 99 54 71 87 44 83 96 10 74 4 88 80 1 25 28 29 16 97 51 23 3 68 95 7 100 34 53 56 6 55 49 41 64 89 32 5 94 39 27 9 47 22 81 38 36 8 13 57 15 43 37 73 20 30 60
69 7 91 29 77 39 60 10 65 31 59 75 26 53 43 67 83 16 12 92 76 81 87 38 41 17 21 55 47 64 94 71 15 2 57 52 54 62 42 6 70 46 97 98 48 37 36 5 86 85 18 74 1 50 72 3 34 19 79 27 0 11 22 44 90 23 13 35 84 78 63 61 100 66 28 73 88 40 68 4 82 89 20 45 56 58 80 24 96 99 51 49 8 14 30 93 9 32 95 25 33
73 8 37 25 87 30 61 81 96 49 47 24 16 4 83 27 57 100 12 21 62 46 91 28 44 66 20 42 7 80 5 63 45 77 53 40 89 97 18 48 78 1 9 82 54 71 90 39 15 65 31 11 14 94 19 29 26 70 92 50 58 35 76 56 6 68 13 36 38 23 59 93 10 86 41 52 32 98 72 3 0 74 88 64 69 75 60 95 22 33 99 2 84 34 85 79 43 67 17 51 55
13 3 39 1 81 61 86 40 64 50 18 91 51 9 100 69 34 4 80 79 75 68 24 92 70 87 7 59 77 5 62 25 98 33 46 15 28 83 99 76 78 35 55 48 52 42 17 2 8 43 22 23 0 73 6 57 38 20 85 19 93 96 56 74 32 84 97 36 45 58 49 26 89 12 71 67 54 16 31 44 82 11 14 21 60 29 37 65 47 27 53 10 72 66 95 63 88 41 30 94 90
34 72 45 93 18 73 75 30 22 14 83 33 76 1 65 90 3 36 12 8 91 80 25 40 10 59 26 11 31 23 57 49 69 27 100 67 17 46 82 94 87 2 81 5 54 55 84 70 88 44 86 15 68 21 9 42 51 64 47 4 99 50 52 63 24 92 16 71 53 97 98 61 7 58 74 77 62 0 19 38 85 96 35 79 20 89 13 41 56 48 95 66 39 78 32 6 37 43 60 28 29
55 81 87 8 11 47 82 48 92 25 83 72 6 18 31 86 26 97 53 80 65 100 27 19 96 3 51 66 64 5 57 36 58 54 43 1 93 60 91 38 39 70 20 2 21 12 9 41 44 98 45 61 4 33 49 32 13 34 17 30 95 35 94 46 40 56 89 99 50 15 71 0 69 77 63 62 67 22 23 42 10 7 14 52 74 85 84 16 68 73 29 24 78 79 28 90 37 88 59 76 75
40 76 47 65 46 70 84 35 42 81 96 67 23 68 14 55 24 4 73 7 29 28 61 34 50 90 87 78 88 74 19 0 36 56 9 17 63 58 39 12 53 69 49 98 25 5 6 51 45 21 22 18 86 48 15 91 38 32 54 31 93 41 75 20 66 30 79 80 64 95 62 82 3 77 52 92 2 72 99 37 60 13 57 89 44 97 94 11 16 26 8 33 27 1 100 85 59 43 10 71 83
61 10 67 2 40 6 20 50 64 58 56 39 60 31 37 57 45 84 23 97 95 66 19 14 24 18 22 1 15 63 55 52 43 11 7 9 0 35 89 75 51 87 54 78 48 4 94 68 73 25 100 38 46 62 42 96 12 65 77 34 17 27 88 26 74 72 81 16 28 71 98 76 83 33 59 21 99 82 70 49 53 79 93 3 92 69 5 29 36 44 90 13 91 80 86 32 30 85 47 8 41
79 96 45 7 31 64 34 85 44 89 95 62 82 46 55 24 18 78 53 9 67 52 76 28 40 35 11 47 12 4 32 84 63 5 38 37 94 57 22 36 56 49 48 70 15 71 74 66 69 20 41 39 90 72 98 13 58 81 86 92 33 25 10 60 1 100 97 16 26 88 42 50 29 27 73 77 68 61 93 2 6 99 75 3 59 23 14 8 0 21 43 91 83 87 54 19 51 80 65 17 30
67 2 95 30 76 89 26 63 40 46 7 15 29 19 84 44 100 99 6 80 10 37 91 90 79 34 38 55 61 3 82 83 14 23 12 18 24 74 11 97 48 93 60 69 45 64 35 73 78 58 13 85 27 21 25 54 72 5 32 77 47 50 86 88 75 9 81 17 92 43 71 94 56 49 22 52 57 20 39 42 16 96 51 0 8 33 31 87 53 1 98 28 59 68 70 65 36 4 62 66 41
20 66 88 77 83 17 12 52 62 11 68 76 47 26 74 89 30 29 85 60 34 18 14 0 97 69 61 59 84 87 24 40 9 38 57 37 39 7 32 50 42 22 43 25 49 75 4 82 86 98 27 92 95 93 33 58 64 36 81 44 3 91 94 45 5 8 16 19 63 53 23 48 54 96 79 71 28 15 56 80 90 1 21 100 6 51 35 55 10 65 2 67 70 73 41 46 99 72 78 31 13
41 100 47 30 91 6 71 43 66 39 1 14 76 13 56 26 69 52 17 83 79 37 51 86 85 16 96 40 33 18 80 10 77 0 4 48 63 36 45 89 95 87 12 53 98 15 81 94 28 68 22 55 92 62 82 8 21 93 29 67 19 38 73 24 3 46 2 60 11 99 35 78 34 88 50 84 65 20 70 74 72 5 27 42 49 44 23 90 25 97 54 58 64 31 61 75 32 57 9 7 59
63 92 86 3 2 33 26 9 87 8 67 66 17 47 15 68 97 14 6 57 0 7 18 36 84 55 1 81 75 51 96 91 43 39 80 38 45 93 32 48 65 13 99 77 62 64 90 41 69 54 34 31 30 10 71 16 60 94 74 23 35 58 49 27 22 46 98 53 61 29 19 44 79 72 89 82 56 78 42 28 4 70 52 40 12 76 95 88 59 5 25 50 24 100 37 21 20 85 83 73 11
46 72 20 65 35 90 49 61 47 19 67 42 58 28 79 2 63 51 29 75 24 91 88 66 6 85 53 32 52 9 17 12 94 54 7 74 55 14 87 93 60 50 64 13 37 99 71 43 95 40 39 21 4 82 57 76 31 3 84 45 59 70 56 73 44 0 36 83 25 98 34 23 78 81 77 96 62 18 41 27 1 5 97 11 8 69 10 86 15 92 68 48 30 100 22 89 26 80 38 16 33
34 24 25 82 42 59 63 40 33 18 44 100 47 8 51 76 36 93 88 72 57 19 22 94 95 55 23 79 7 80 56 35 73 26 75 20 27 67 96 31 50 45 97 2 43 61 9 3 81 74 10 64 84 87 41 37 6 17 4 58 13 30 91 66 28 85 46 77 99 60 38 71 86 62 65 48 69 83 5 11 39 29 70 78 54 1 49 89 98 15 21 14 92 52 12 0 68 90 53 16 32
24 5 83 33 29 61 40 69 78 17 23 56 11 26 100 6 85 36 8 2 35 95 88 25 48 60 99 4 46 65 50 66 84 3 0 49 1 16 41 67 82 59 13 89 77 19 20 71 34 55 90 58 9 28 39 47 18 72 15 42 14 44 27 92 38 87 52 63 74 86 54 31 98 10 57 22 68 45 7 43 75 93 53 30 76 94 32 97 96 91 80 51 79 81 64 73 70 21 12 37 62
82 39 31 26 34 40 91 64 43 17 94 75 46 48 65 85 80 77 36 29 95 76 74 37 78 22 10 15 79 86 67 70 49 1 99 0 14 57 23 5 54 13 9 51 44 30 28 66 25 90 35 88 41 53 83 62 6 20 61 87 8 68 7 96 60 24 47 38 73 4 12 2 21 58 100 97 33 92 55 3 19 11 72 81 71 69 16 18 50 98 89 42 45 32 27 93 56 59 84 52 63
97 92 13 82 79 1 36 38 56 96 5 66 22 16 48 37 64 77 63 80 89 81 26 3 51 15 39 95 21 29 87 59 99 54 88 10 49 44 65 2 75 76 25 50 78 12 57 32 35 85 33 90 72 11 98 58 24 42 46 61 8 100 6 17 45 94 69 40 68 31 86 71 53 83 47 41 28 74 7 18 93 34 9 70 0 67 73 55 62 20 52 27 43 84 14 60 19 91 30 4 23
13 53 41 76 83 42 52 70 58 60 5 96 22 87 86 72 4 33 25 3 19 69 77 23 28 48 27 44 61 59 97 71 47 37 51 16 99 8 17 39 55 26 9 50 95 68 24 66 89 57 7 92 100 45 12 85 10 78 56 62 20 90 15 29 65 82 73 54 64 18 46 38 49 21 81 2 84 63 36 98 67 34 88 75 1 93 94 79 0 80 14 30 43 74 6 31 11 91 35 40 32
99 10 48 15 21 83 85 42 9 38 14 16 67 30 62 86 96 49 97 63 44 65 27 100 18 39 29 0 53 64 37 24 47 2 11 22 93 36 54 4 45 81 68 50 1 71 52 76 56 60 43 20 73 82 59 89 34 94 61 79 6 87 55 25 19 32 51 8 90 72 33 5 75 26 88 77 95 40 66 57 31 46 41 91 78 84 23 7 92 12 17 69 13 3 74 98 28 35 58 70 80
83 71 85 63 90 5 76 8 1 27 89 49 80 50 42 55 69 33 92 9 73 45 94 43 51 41 20 28 18 95 61 100 54 0 6 87 12 22 66 13 86 2 35 77 79 37 62 81 11 96 4 88 98 59 57 31 47 36 65 91 64 3 23 82 34 78 25 84 17 10 24 19 60 75 7 48 68 58 70 46 39 16 52 21 97 30 26 74 15 40 38 32 67 14 72 99 29 53 44 93 56
83 28 84 68 62 2 63 96 37 6 0 8 52 99 89 14 42 90 30 73 71 53 43 31 64 17 97 57 40 21 18 72 34 22 67 32 69 93 59 91 86 100 50 79 48 85 10 9 56 60 78 75 16 81 77 76 19 70 51 3 80 88 49 54 46 1 47 87 24 25 7 13 98 61 38 4 74 65 15 5 35 66 55 95 20 82 92 41 29 11 27 12 33 39 36 23 26 45 44 58 94
77 23 1 96 97 35 49 90 33 5 50 38 93 70 80 73 20 8 61 86 56 63 95 87 2 11 55 25 67 52 28 43 100 9 78 42 68 74 24 37 62 65 88 30 44 47 82 19 57 34 72 41 12 22 58 94 59 6 32 46 66 98 17 53 51 40 54 83 76 84 13 3 26 81 39 14 45 85 48 36 10 79 60 21 29 91 7 16 18 71 69 4 99 15 0 75 27 89 92 31 64
