33 50 10 49 78 41 21 19 18 77 58 27 57 17 8 44 30 63 60 45 81 11 6 72 68 84 34 7 52 46 16 56 36 67 25 28 85 74 15 9 26 54 98 37 14 22 90 2 31 47 12 100 48 5 87 86 38 89 79 3 91 76 80 92 29 20 24 61 65 1 51 66 42 0 23 62 83 96 70 13 43 88 32 75 94 59 40 53 55 39 82 71 64 73 99 97 69 4 35 95 93
8 80 64 24 84 20 10 52 40 69 50 55 77 60 36 42 3 90 82 67 23 61 9 0 43 18 89 32 66 96 14 91 63 65 83 58 37 62 27 87 59 11 2 1 19 25 41 51 26 76 49 71 74 33 79 56 78 99 7 70 95 6 85 81 4 29 34 45 38 57 53 98 47 100 16 12 75 15 46 86 92 73 39 88 22 68 54 17 94 72 48 97 31 44 93 30 21 35 13 5 28
33 42 16 73 25 7 76 83 39 26 100 14 37 87 93 38 50 19 74 68 77 90 36 52 41 4 8 3 44 64 22 94 86 85 24 32 89 9 21 34 91 80 99 72 63 11 84 98 57 45 5 56 82 27 10 59 46 28 61 6 12 67 66 23 60 47 35 78 65 54 70 96 0 51 71 2 18 97 81 48 40 58 55 53 1 43 62 29 69 30 79 13 20 88 49 95 92 15 75 17 31
39 41 90 91 45 35 60 71 26 31 42 92 14 51 74 21 84 64 82 94 52 20 100 19 50 65 15 88 6 56 55 30 28 1 95 72 33 17 36 76 77 47 49 40 37 7 98 89 75 61 67 86 53 13 80 25 66 24 87 96 38 22 78 3 59 44 43 9 97 29 8 46 23 16 81 12 73 34 5 27 57 4 70 63 99 32 10 48 58 54 69 11 93 68 2 18 85 62 83 79 0
65 100 85 14 17 12 61 44 45 13 84 28 67 36 90 49 64 16 39 27 33 83 52 26 58 15 76 29 1 19 38 79 68 60 8 81 18 91 2 96 11 56 47 63 71 73 4 20 34 30 48 3 82 54 55 98 87 70 72 50 59 6 24 51 43 62 22 88 80 0 95 78 46 42 74 77 94 89 69 5 10 21 31 86 37 53 57 25 40 92 93 41 35 7 97 75 66 99 32 23 9
81 92 48 6 85 82 67 25 71 64 94 59 5 77 63 40 56 7 18 14 73 58 29 27 41 60 26 72 68 0 1 74 38 69 22 39 36 3 88 33 37 100 93 66 84 15 8 21 95 78 30 89 34 57 83 46 90 65 24 99 16 76 80 4 43 55 11 91 10 12 2 23 75 98 61 19 44 53 50 13 97 20 96 45 70 87 54 52 42 17 35 49 9 47 62 28 32 79 86 31 51
100 41 88 39 28 89 56 82 2 14 81 77 80 32 30 12 91 60 50 96 27 57 54 55 72 5 94 22 62 35 87 44 40 31 42 71 17 19 98 49 7 90 48 16 52 65 79 59 69 10 76 15 4 0 70 61 21 67 18 66 9 23 37 63 95 47 85 97 86 64 33 68 3 43 93 74 36 25 26 75 45 29 53 99 34 6 46 58 73 83 13 20 8 38 84 78 92 24 11 1 51
75 19 16 73 10 62 18 47 46 89 24 38 44 100 50 21 43 26 80 33 86 58 5 48 34 8 51 14 52 23 30 13 91 79 41 54 35 17 36 63 61 32 28 31 84 12 42 99 55 78 85 45 7 59 56 87 4 9 39 29 22 66 2 20 1 88 70 15 60 11 90 25 93 71 97 69 57 77 96 68 76 6 27 67 74 98 49 83 65 95 81 72 0 53 64 37 94 92 3 40 82
23 55 56 48 63 79 61 71 30 46 13 54 19 80 81 26 76 67 90 20 51 43 38 2 25 69 52 53 94 21 83 70 50 77 93 92 41 3 91 74 29 84 66 28 58 62 31 15 59 7 97 42 8 12 17 45 27 1 99 36 35 75 82 16 18 37 86 65 14 9 85 88 40 22 10 98 0 33 39 95 87 44 32 4 24 11 6 68 47 57 34 72 89 96 78 73 5 49 60 100 64
15 89 10 8 16 31 67 34 13 25 66 5 56 64 51 59 68 1 92 86 24 97 81 69 37 22 20 27 62 79 39 36 72 44 98 84 90 46 80 50 74 52 54 43 75 19 9 85 99 40 55 88 82 21 49 6 42 65 4 45 96 29 14 83 57 48 35 95 53 100 91 47 26 11 71 87 61 41 0 93 23 63 77 38 33 70 12 28 58 18 30 78 2 94 76 7 60 73 3 17 32
76 99 21 41 86 74 78 30 51 75 89 97 13 17 36 53 11 23 10 6 63 100 8 92 4 18 42 48 16 82 83 0 39 90 45 68 29 55 72 93 79 91 85 40 5 94 77 43 7 28 80 15 19 47 25 24 33 98 9 2 58 61 49 67 96 95 54 38 69 37 66 22 44 57 35 26 3 65 12 81 71 62 34 31 20 87 60 32 50 84 56 1 52 64 46 59 88 73 70 14 27
47 53 37 91 88 60 63 97 57 44 74 39 52 0 75 45 22 28 5 81 46 29 89 77 1 32 80 25 18 68 19 62 42 67 61 78 64 27 58 70 2 87 9 73 36 86 15 69 38 6 12 43 26 79 65 3 54 92 96 34 71 83 35 23 24 30 17 59 50 10 93 51 72 66 49 20 14 90 100 48 76 7 21 40 98 95 33 41 85 84 31 99 4 94 16 56 8 13 82 55 11
95 61 97 34 10 35 12 53 80 48 24 14 66 90 18 56 15 71 78 65 16 94 36 76 75 22 87 96 5 86 49 32 57 73 17 44 83 50 85 38 4 7 47 63 9 99 27 52 72 55 13 41 2 98 79 84 45 62 69 60 33 37 51 6 11 42 30 40 26 68 74 1 31 28 20 93 23 0 77 59 88 58 21 54 43 39 29 46 67 91 89 19 92 25 8 81 3 70 82 64 100
49 71 1 80 74 8 54 29 44 43 3 37 13 14 58 47 0 95 22 75 41 82 28 91 70 39 89 30 23 98 73 6 7 35 69 40 88 92 31 52 15 68 25 97 38 53 32 2 99 76 16 63 93 66 10 57 83 62 72 61 20 86 50 21 45 36 77 96 18 81 78 9 5 90 64 33 84 94 48 59 55 4 42 19 85 60 87 17 65 46 100 34 27 51 67 56 11 79 26 24 12
54 12 63 6 10 37 80 83 33 53 32 56 55 90 87 13 99 46 50 5 44 93 100 47 11 88 59 65 7 28 26 1 41 61 78 92 16 66 72 4 96 97 62 18 17 85 73 79 31 45 60 76 30 21 74 81 71 89 49 48 15 0 39 64 36 27 20 51 91 84 69 42 35 52 86 38 14 57 43 70 19 23 75 3 68 8 29 67 25 77 40 98 82 94 2 24 58 95 9 22 34
39 55 19 69 85 12 35 52 90 34 99 6 7 0 89 51 8 87 72 41 76 44 23 20 75 88 65 53 73 29 58 27 17 66 93 79 78 43 74 2 14 80 47 24 57 48 37 59 97 81 96 71 95 94 61 62 49 5 63 4 83 11 3 98 86 21 91 45 16 32 50 40 10 46 18 56 31 77 67 15 100 13 82 38 60 64 54 25 28 1 22 68 36 70 9 30 92 26 33 84 42
49 18 15 19 75 76 22 56 8 95 48 57 17 60 90 52 32 59 82 100 11 12 98 0 38 58 45 85 80 31 6 44 99 86 42 24 13 34 30 23 72 43 63 28 47 79 1 27 78 61 20 81 64 70 10 66 46 25 87 41 9 3 55 92 83 69 33 50 4 14 94 84 97 73 93 5 40 16 36 2 89 74 29 7 68 35 51 54 91 88 62 65 77 96 39 37 26 67 53 21 71
18 24 64 62 89 11 33 42 31 96 86 29 25 0 67 27 93 81 57 52 58 47 77 80 94 73 19 23 99 38 100 91 41 16 71 45 63 20 59 60 95 26 5 49 83 21 8 32 68 97 92 3 43 36 78 35 17 72 98 79 30 2 85 1 50 44 22 14 39 28 74 56 54 48 66 82 84 12 70 37 69 75 61 46 6 55 15 4 90 10 40 13 9 7 53 76 34 65 51 88 87
84 76 7 13 80 27 75 87 14 1 23 58 74 68 57 3 53 36 72 63 39 34 62 56 41 97 4 33 18 22 5 29 48 21 35 26 12 95 10 66 77 0 81 28 83 11 78 9 2 20 86 99 96 85 38 98 43 88 49 46 19 30 15 69 42 25 93 100 61 67 60 24 52 70 55 64 91 90 47 94 79 73 6 32 89 51 40 44 54 45 71 17 8 65 92 16 82 37 31 50 59
95 88 90 0 69 40 83 49 86 82 30 55 42 54 74 8 97 1 7 26 31 72 5 59 25 2 76 18 33 87 63 71 14 10 81 12 29 43 24 47 61 51 19 39 57 32 50 84 46 99 13 89 58 23 78 27 92 91 73 94 70 52 15 64 85 17 38 4 53 67 9 11 65 100 62 44 60 16 20 41 6 75 80 35 21 22 79 28 45 77 93 98 66 36 68 37 48 56 34 3 96
4 89 12 63 86 80 77 70 34 31 39 9 45 72 18 59 3 64 66 29 0 35 50 94 24 48 32 42 11 5 100 28 68 95 78 93 54 87 81 49 33 21 85 76 56 22 30 19 84 96 60 88 55 75 38 69 51 90 73 47 26 61 17 83 44 2 36 98 97 79 65 16 62 52 40 37 7 13 20 71 10 57 82 43 8 46 6 27 91 25 53 58 14 74 23 1 41 92 99 67 15
33 71 25 70 51 27 45 90 1 93 73 12 36 60 97 19 22 6 37 57 14 42 24 3 9 43 39 72 91 79 23 32 46 49 62 96 40 38 8 41 15 10 84 35 52 34 92 77 95 89 28 21 31 69 67 17 11 75 82 13 100 78 55 81 2 26 99 59 7 5 0 50 18 88 64 47 4 76 54 63 85 68 87 58 66 83 65 61 29 98 48 44 56 16 30 74 94 53 20 80 86
54 53 43 29 72 7 19 4 60 65 93 89 73 5 58 3 75 32 17 81 88 50 64 34 98 51 30 35 46 100 56 14 8 37 83 91 96 41 23 97 16 6 49 47 79 12 74 86 15 68 78 0 13 48 59 24 38 61 18 62 99 94 55 36 67 44 10 77 21 85 31 9 71 40 11 39 20 82 2 66 90 42 57 1 52 95 80 33 87 28 76 63 45 84 26 69 22 25 27 92 70
35 49 38 44 60 27 5 54 74 33 40 45 80 7 31 58 15 56 25 46 14 47 95 94 32 9 68 39 79 70 84 72 90 21 57 48 6 41 12 22 53 43 16 81 85 100 73 82 30 89 4 78 10 66 59 92 20 96 83 52 87 93 55 11 65 71 37 75 77 91 88 24 1 18 0 99 42 36 63 86 67 17 26 2 62 98 3 8 69 13 19 29 64 23 50 51 34 28 97 61 76
51 61 42 74 78 38 84 13 62 63 33 12 11 43 64 24 73 86 50 26 1 44 27 29 100 90 3 76 79 83 10 88 39 25 71 72 66 91 16 98 53 30 59 20 0 99 75 22 54 52 45 56 94 69 9 49 87 60 2 8 40 48 95 19 55 28 57 92 17 15 47 6 37 4 34 77 35 81 31 14 21 96 65 18 70 80 82 41 23 46 85 7 36 58 67 97 93 32 68 89 5
10 77 63 69 53 96 58 26 28 27 78 91 41 13 98 39 70 40 86 49 48 22 20 35 95 68 64 47 7 3 9 67 31 30 36 84 44 14 33 32 88 55 99 82 50 46 75 62 15 83 21 0 8 2 38 87 18 19 93 100 73 74 45 52 66 11 61 81 85 59 1 94 56 6 29 12 25 76 5 23 51 79 57 72 42 54 24 60 89 80 16 65 37 4 17 90 34 92 43 71 97
75 31 98 79 84 47 16 85 82 67 20 69 99 18 83 58 89 90 26 97 49 22 13 86 56 5 88 14 50 42 74 41 93 6 10 71 63 29 44 7 30 59 38 19 1 77 0 35 3 4 51 55 70 17 72 12 27 64 33 100 92 39 52 9 61 54 11 65 24 62 25 2 37 23 91 53 66 40 80 28 15 46 87 60 32 76 36 96 73 68 43 78 81 34 48 21 95 45 57 8 94
1 7 87 94 74 55 52 91 51 56 63 46 12 68 4 70 95 6 14 43 54 88 86 16 39 10 36 25 72 37 71 59 83 58 66 76 15 64 65 32 84 62 97 45 50 93 41 82 77 19 0 90 73 2 26 57 40 35 48 9 69 20 79 17 31 18 28 38 23 89 22 11 75 80 81 98 8 30 60 85 99 33 29 78 100 49 44 21 34 3 61 5 53 47 13 96 42 92 67 27 24
83 88 90 73 3 2 52 33 94 61 7 67 23 78 65 54 49 8 29 98 51 9 30 79 11 14 84 100 16 63 27 1 38 15 69 71 43 80 19 46 21 68 89 31 77 86 4 20 62 10 13 40 0 24 28 85 56 96 35 6 70 26 45 64 17 95 99 34 97 55 82 36 37 32 93 92 12 18 53 57 59 72 47 42 74 48 41 44 22 25 66 50 76 81 60 39 5 91 87 58 75
48 59 9 69 29 16 92 34 62 21 78 37 90 98 45 61 36 86 58 30 88 82 14 4 96 73 38 97 28 33 66 3 5 0 49 93 79 83 89 85 70 75 8 41 46 56 25 81 51 32 31 94 40 23 63 55 74 7 26 2 19 57 50 35 10 43 68 11 84 13 100 1 15 6 60 54 24 91 64 18 99 47 44 17 39 27 12 77 42 71 80 65 53 67 76 87 95 22 72 52 20
43 8 73 24 5 79 42 70 63 11 34 55 4 97 57 22 76 15 62 72 78 45 88 17 98 26 28 100 6 81 86 7 27 3 61 12 40 39 92 94 0 38 32 33 71 53 56 77 82 47 83 52 95 69 87 2 54 48 31 65 29 35 18 60 1 21 44 36 9 66 49 64 89 99 23 93 14 90 91 37 30 96 74 10 80 20 68 75 51 19 50 25 16 58 84 13 41 67 85 46 59
38 45 66 50 77 14 53 43 96 63 99 26 91 1 22 97 62 49 54 18 25 80 73 86 15 65 41 100 47 76 87 33 57 17 51 95 20 69 3 82 6 81 42 64 35 68 21 92 13 2 84 27 31 29 93 9 44 24 74 32 70 34 36 72 40 8 59 98 75 58 61 60 0 83 12 37 19 67 16 55 46 89 7 4 28 11 88 10 23 78 5 52 71 94 79 90 56 39 30 48 85
64 74 68 85 87 62 14 9 84 54 0 61 57 28 21 8 86 69 49 11 71 34 46 5 99 72 43 22 31 98 15 33 52 12 90 93 30 91 40 65 23 73 44 2 78 80 24 16 82 42 7 25 38 76 29 83 95 67 66 13 88 79 18 27 20 89 35 100 94 53 75 77 81 1 55 47 39 17 6 51 41 70 48 3 45 50 4 97 96 92 37 59 60 32 36 58 63 56 19 26 10
60 63 74 27 98 8 19 66 7 76 48 83 54 39 20 50 42 35 85 56 96 84 65 33 25 1 11 18 51 15 34 68 31 43 55 4 88 97 44 5 75 2 58 93 81 90 9 87 61 86 13 57 38 6 12 52 14 78 73 36 29 80 47 89 94 26 91 45 17 23 37 62 28 24 16 72 64 82 40 79 0 41 70 95 77 46 30 67 3 49 100 22 10 71 32 99 92 53 69 21 59
0 44 85 40 65 89 14 18 55 21 17 90 98 28 3 86 49 70 51 58 57 12 7 9 72 66 13 20 27 81 47 46 36 99 30 16 38 60 59 42 96 71 41 64 22 33 8 97 35 77 52 67 62 50 5 73 63 80 88 87 6 93 43 61 91 82 29 84 45 34 31 39 68 69 78 37 2 79 1 19 83 10 74 32 100 92 11 4 95 26 24 76 15 56 75 54 53 25 94 48 23
25 41 59 54 35 89 61 80 99 23 76 36 4 71 15 40 12 68 47 79 63 16 82 85 7 78 48 62 56 93 32 69 43 75 96 27 65 50 81 53 92 19 8 49 70 88 39 58 74 28 46 95 87 2 97 60 66 84 3 11 13 18 0 90 1 21 72 22 67 91 100 30 57 38 34 5 44 64 24 83 31 51 45 98 17 14 94 10 55 33 6 9 52 37 20 73 86 29 42 77 26
13 16 15 81 41 28 46 35 40 6 30 68 42 59 100 74 61 79 10 89 12 11 92 21 52 23 71 56 83 69 55 67 60 77 18 19 34 7 78 49 36 96 48 72 38 0 70 37 33 73 75 57 76 1 26 99 63 31 45 82 80 53 39 62 87 17 64 8 29 20 22 54 27 88 3 43 50 97 58 9 2 14 4 93 98 51 24 25 85 84 95 91 86 66 47 65 32 90 94 5 44
30 98 36 32 10 44 7 2 25 54 59 38 76 13 5 72 31 40 48 100 24 81 58 42 28 60 22 15 95 82 29 84 85 68 73 94 39 93 49 11 37 87 19 35 63 45 61 6 78 66 34 80 55 97 96 17 33 90 18 41 83 67 57 46 3 14 4 53 79 43 69 74 75 70 20 56 16 64 71 91 27 50 89 88 9 0 99 12 86 47 21 8 26 1 77 62 52 51 23 65 92
46 52 82 67 35 95 17 50 45 26 13 0 19 30 57 69 91 90 97 20 18 40 48 16 22 47 98 80 78 1 62 66 44 9 34 88 15 2 75 65 93 3 6 68 24 28 100 29 43 39 7 71 74 77 60 58 89 84 73 10 59 31 33 25 27 37 42 64 23 11 99 56 38 63 92 79 94 61 21 51 72 55 76 32 41 54 14 4 12 70 8 83 53 5 85 96 36 87 49 86 81
40 64 87 77 46 61 65 13 20 62 98 96 24 92 36 30 5 49 51 18 2 56 100 50 26 85 41 71 11 23 44 58 53 72 76 37 35 81 75 90 66 19 29 83 1 43 84 28 10 15 6 79 38 63 31 0 32 52 39 78 21 48 45 14 67 7 70 54 97 16 69 12 59 99 17 94 95 4 73 55 25 47 8 22 80 9 88 60 74 93 33 68 86 3 34 42 89 82 27 57 91
98 85 45 73 44 62 7 21 87 86 30 93 0 26 6 63 1 35 33 19 28 55 2 68 27 54 64 37 70 48 15 53 77 81 58 96 82 12 5 16 69 22 83 76 29 51 49 31 59 66 43 52 40 61 36 60 57 80 3 99 89 91 10 39 75 88 42 65 4 25 20 18 72 67 92 34 94 97 78 56 13 9 71 79 41 90 11 100 8 74 38 14 84 50 23 46 17 47 32 95 24
71 59 57 19 95 64 52 94 73 88 68 34 20 5 92 80 21 11 14 53 49 83 74 96 45 93 8 32 25 10 70 69 50 61 26 6 89 29 76 44 78 23 17 91 77 36 1 97 72 48 51 79 37 7 65 22 90 42 0 62 58 87 38 55 30 63 2 98 28 46 33 54 40 15 18 82 43 9 47 13 56 99 85 4 27 41 60 3 84 81 67 35 66 39 24 31 100 75 16 12 86
2 64 53 72 98 45 95 82 62 20 94 35 39 57 100 44 50 99 7 17 15 49 22 66 26 19 38 81 3 33 89 4 60 32 8 93 88 63 23 14 12 86 21 59 11 46 78 70 67 24 29 83 92 27 80 16 28 18 75 37 71 13 96 87 69 25 9 73 76 54 58 1 36 68 85 34 91 65 74 0 79 47 6 56 51 52 43 5 40 97 30 48 90 41 77 31 84 55 61 10 42
34 88 43 79 22 52 26 44 64 72 58 47 82 49 57 48 28 11 95 3 7 23 87 73 55 89 53 96 68 71 61 21 31 20 4 14 18 75 62 6 83 70 36 81 32 38 25 76 29 45 65 60 59 98 97 78 99 12 67 63 86 41 84 100 27 56 33 0 10 94 46 40 13 30 50 69 93 2 92 39 51 54 1 90 80 91 66 77 16 37 85 15 74 19 9 17 5 8 42 24 35
51 17 11 94 79 10 6 22 40 31 29 65 7 85 32 71 36 9 88 68 41 45 67 96 38 13 20 81 100 54 53 60 77 47 3 63 46 56 91 97 35 15 73 52 75 34 59 83 58 55 25 42 19 57 48 93 95 24 69 66 43 98 78 92 44 27 21 86 14 23 28 70 61 16 72 84 50 80 2 0 99 87 90 8 64 74 37 76 89 1 33 30 26 18 39 12 62 5 82 49 4
62 94 16 42 27 63 65 52 68 18 26 97 38 25 99 58 92 11 13 54 6 61 47 33 45 60 85 34 57 41 91 66 23 84 28 50 0 39 24 10 76 74 36 7 72 93 79 12 69 20 98 81 73 31 29 87 49 15 40 32 35 64 100 14 67 4 48 55 71 96 5 22 90 30 37 75 83 21 80 17 3 59 95 56 43 53 82 89 2 46 86 44 51 9 77 70 1 88 19 8 78
12 68 6 33 64 10 34 4 14 5 66 16 18 40 22 21 77 51 24 54 83 58 73 53 57 25 87 62 52 93 26 70 82 23 92 36 28 74 100 45 94 3 17 42 86 41 47 61 60 2 56 84 13 71 49 96 35 31 46 48 98 76 91 81 80 90 50 32 97 67 37 99 78 9 43 65 89 44 72 27 19 79 55 11 7 30 69 20 1 0 88 85 59 15 8 38 75 95 63 29 39
43 99 51 49 13 69 76 74 48 23 83 50 14 45 19 86 9 17 30 53 68 46 38 97 1 72 0 56 54 15 34 31 94 21 32 55 75 85 93 98 71 41 65 33 47 96 73 27 26 18 92 22 66 90 100 60 3 89 91 37 64 11 81 77 36 8 44 39 7 16 5 4 88 10 63 62 52 95 82 78 59 20 67 61 87 24 25 79 29 6 40 57 35 12 28 70 80 42 2 84 58
77 38 58 8 4 99 41 88 72 52 11 67 45 93 24 18 63 86 0 47 83 9 91 12 28 60 51 22 76 44 64 69 100 42 26 3 48 33 55 14 62 39 5 73 94 59 80 46 29 57 97 16 68 56 87 61 35 21 82 90 10 79 7 20 74 54 30 70 32 66 1 75 95 17 71 65 19 43 40 81 34 53 2 37 36 23 31 50 85 25 13 92 96 98 49 84 27 15 6 89 78
13 9 38 78 18 10 32 29 57 35 8 74 58 20 33 34 59 100 96 69 62 50 52 12 36 11 6 80 45 93 90 72 60 43 61 49 68 21 37 41 95 63 99 73 82 31 85 54 81 51 3 56 4 64 98 7 71 27 22 83 5 87 16 84 97 89 53 42 76 91 88 65 46 1 30 39 94 92 44 55 14 25 66 40 75 26 48 15 70 28 17 67 86 77 2 47 24 79 23 19 0
48 47 15 100 46 70 72 83 43 45 91 60 65 39 37 8 86 33 57 53 71 7 68 75 79 24 19 0 5 84 88 61 59 52 54 11 67 4 30 49 82 55 73 93 56 66 95 1 34 81 87 96 78 51 18 44 85 38 98 64 2 22 77 20 9 74 63 89 27 25 50 12 23 35 21 26 6 13 41 76 90 97 99 10 16 69 29 94 36 31 32 62 80 40 58 28 3 92 17 14 42
73 36 72 42 34 85 97 81 61 14 33 79 88 70 10 12 27 56 37 3 82 40 71 15 50 68 7 80 62 99 98 75 66 77 74 31 6 26 48 95 30 86 20 100 38 17 78 24 29 93 87 9 13 96 0 41 89 39 16 28 4 65 32 67 22 18 8 94 1 25 69 2 19 43 51 11 35 54 59 60 90 92 44 21 55 46 45 23 57 83 76 47 58 5 63 53 91 84 49 64 52
0 43 35 82 1 71 2 69 96 80 16 78 29 98 87 70 75 25 74 59 14 27 11 22 38 57 5 95 37 53 19 100 47 8 6 51 44 84 62 76 10 67 86 66 36 58 55 54 81 41 31 83 97 73 48 12 68 34 30 99 49 28 88 52 26 92 63 40 85 60 33 64 65 94 45 9 4 23 72 15 50 93 3 46 90 20 13 77 21 61 42 56 17 18 32 24 39 89 91 79 7
49 20 46 69 36 78 61 86 5 92 90 24 25 94 14 59 1 35 17 3 21 62 13 93 89 66 68 22 88 76 26 41 67 19 8 2 31 52 30 42 74 7 29 48 55 34 23 95 96 79 18 98 6 50 85 71 12 33 4 87 56 81 27 28 63 80 0 51 44 60 15 40 84 73 53 38 72 77 64 45 9 82 70 100 58 32 97 91 43 54 37 99 47 16 83 75 11 39 10 57 65
18 68 45 49 25 26 78 3 0 65 28 46 50 17 36 1 92 62 100 64 99 81 35 96 61 27 10 79 70 24 39 32 47 6 58 2 19 54 98 22 12 14 57 76 67 75 9 11 95 87 16 43 71 69 60 84 48 91 29 63 93 82 21 59 4 74 94 89 90 41 20 73 42 37 52 88 86 66 34 72 15 83 5 51 7 33 44 97 55 85 31 53 56 40 38 23 77 30 13 80 8
13 53 80 21 10 50 73 69 87 65 82 70 84 74 41 28 94 4 76 12 47 49 59 72 40 44 8 68 5 81 38 37 48 63 57 17 95 45 19 20 79 77 75 93 26 7 78 85 67 36 56 16 34 9 89 39 0 14 83 31 64 1 32 27 33 2 51 66 42 29 100 22 71 11 58 98 61 46 62 86 6 99 52 25 96 97 60 23 90 15 18 24 3 30 55 43 88 54 92 91 35
85 2 6 94 60 73 53 19 90 9 44 15 98 68 0 1 93 84 35 14 76 75 37 57 3 26 83 86 82 42 58 66 72 25 7 23 13 92 39 12 69 17 52 67 64 10 77 40 80 50 43 48 22 81 51 99 21 27 34 47 95 61 16 33 87 11 78 91 56 31 55 36 89 70 45 63 88 65 8 54 100 30 32 20 71 97 38 49 96 79 24 74 4 28 46 5 29 59 41 18 62
46 50 5 97 91 78 83 0 11 54 85 60 16 70 3 87 39 92 64 19 73 41 34 77 56 37 44 7 68 13 36 86 88 79 58 62 48 31 63 71 98 55 12 52 42 95 100 22 2 33 43 99 94 27 93 32 25 30 65 89 14 17 67 61 84 76 57 18 80 28 74 4 82 26 69 45 47 1 10 6 35 20 23 38 96 21 81 8 29 53 66 59 90 15 51 40 72 24 75 9 49
83 20 11 9 26 64 68 65 45 95 25 12 23 63 100 79 67 69 24 6 16 37 94 52 31 19 90 36 87 82 49 72 29 28 74 2 57 54 56 92 48 99 13 50 66 32 40 7 27 53 21 84 10 8 39 38 43 60 15 86 70 34 93 5 44 81 17 58 14 80 59 30 77 46 51 88 4 85 97 18 41 0 42 33 55 61 76 89 73 75 3 91 1 62 71 47 96 78 35 22 98
28 94 0 93 72 97 30 39 68 98 42 74 6 7 58 22 43 83 70 11 64 67 33 76 31 9 57 24 20 86 65 73 66 8 14 48 21 5 91 77 88 69 41 35 1 46 17 80 45 29 44 63 52 62 84 2 26 16 18 96 89 27 90 54 92 40 71 56 13 51 19 25 37 61 53 82 34 59 75 38 81 23 78 79 12 99 95 15 4 3 85 49 55 36 47 60 32 50 10 87 100
89 41 67 87 82 22 47 86 10 97 78 9 85 66 45 90 27 95 19 38 48 50 59 26 32 15 54 31 62 80 46 43 13 94 51 42 91 4 63 83 52 40 61 33 96 84 5 65 30 44 68 73 28 70 12 69 34 0 25 100 7 29 14 16 3 17 77 81 60 88 11 56 36 76 79 6 20 23 53 8 74 75 49 35 99 37 64 98 24 18 92 55 72 1 2 57 39 58 21 93 71
79 40 21 32 3 93 76 24 9 99 100 8 39 29 19 2 78 10 47 83 38 34 58 89 75 20 13 1 80 6 28 41 25 88 96 56 74 26 22 18 77 50 27 70 49 52 82 69 64 91 4 43 51 81 45 92 98 7 84 0 87 61 30 35 72 86 48 33 14 71 17 53 57 5 67 44 12 55 85 36 59 42 16 54 68 63 73 66 60 11 95 90 62 46 94 97 37 65 23 15 31
27 79 81 43 58 0 5 84 29 28 16 100 57 10 54 4 7 61 62 59 80 73 20 34 19 50 17 18 86 23 15 31 39 96 65 49 53 90 22 68 6 38 21 9 98 87 92 63 52 89 42 8 37 40 93 26 97 2 88 78 3 30 95 74 76 71 82 70 94 45 41 83 12 24 35 13 55 33 48 77 85 64 11 75 36 47 67 32 14 60 25 1 56 46 44 99 66 91 51 69 72
79 76 51 16 0 63 82 55 48 52 40 21 72 13 81 93 86 99 71 23 20 11 83 60 92 96 69 97 34 45 87 57 62 90 88 7 24 49 43 2 70 27 46 89 8 5 15 78 36 28 65 47 38 26 59 10 64 95 18 53 31 4 17 22 91 73 50 14 29 94 39 77 37 85 84 80 1 98 75 66 74 12 44 3 32 19 100 68 30 6 61 56 35 33 67 42 9 54 25 41 58
92 32 52 42 91 54 57 72 90 26 39 70 46 27 5 78 44 24 99 2 76 41 20 25 37 22 60 9 40 47 97 0 66 4 16 62 36 33 29 34 84 51 11 35 23 30 88 89 1 68 58 45 43 85 93 80 71 14 15 61 8 64 48 31 7 87 56 82 69 55 81 67 75 21 77 10 95 86 53 50 17 18 98 73 83 38 13 49 63 79 100 6 96 65 74 3 94 59 28 19 12
12 94 46 77 52 2 70 25 31 32 23 20 24 40 59 39 5 84 62 36 75 42 4 29 83 89 47 67 79 15 87 90 8 96 74 92 18 6 64 82 65 51 10 53 41 16 38 76 100 49 91 69 33 26 22 78 1 11 17 37 54 56 88 80 71 58 68 99 81 30 85 3 93 34 95 0 14 45 66 13 28 72 86 57 35 55 44 27 50 60 63 61 43 9 19 48 97 73 21 98 7
25 93 14 51 29 0 67 7 39 68 59 9 94 35 82 46 75 40 42 96 74 41 54 56 66 24 70 98 18 23 99 37 92 21 17 2 72 89 34 58 12 30 49 4 65 43 91 10 83 50 73 85 15 87 88 26 44 48 90 8 11 13 100 28 16 38 27 20 52 53 81 84 62 45 64 61 76 79 86 63 5 3 6 60 78 55 69 36 1 31 19 71 77 22 80 47 97 33 32 95 57
66 46 98 74 60 88 76 6 28 95 89 59 48 65 33 52 86 99 29 47 30 81 90 63 62 91 22 71 94 53 72 26 20 13 7 92 3 32 34 93 85 27 17 40 31 77 23 82 1 67 44 68 56 78 8 18 43 64 42 45 16 61 39 54 69 24 51 73 5 15 9 4 36 41 58 84 14 35 37 50 2 83 100 80 79 75 87 19 11 12 70 10 57 0 96 97 21 25 49 38 55
98 71 82 15 52 85 28 67 69 30 39 40 34 93 31 99 96 75 78 47 24 25 94 2 46 57 26 35 6 60 3 29 48 92 5 11 100 14 37 84 55 45 23 49 88 76 86 4 63 10 77 56 7 64 61 41 21 70 66 44 72 0 8 90 95 33 80 17 87 1 79 50 19 89 38 53 97 81 18 43 51 22 12 83 54 20 58 65 13 59 73 9 32 27 62 91 16 74 36 42 68
89 65 62 99 42 13 30 63 23 41 51 3 53 67 94 86 22 32 60 92 38 35 82 15 83 52 56 29 26 81 96 40 43 1 68 19 24 7 59 98 33 93 88 95 70 57 37 16 90 10 45 2 71 49 50 39 87 100 6 0 18 9 77 14 20 66 85 80 72 78 73 27 8 44 5 54 11 91 76 47 75 48 17 36 64 61 84 28 74 46 79 55 69 97 31 21 4 58 12 34 25
30 60 71 56 24 43 81 90 51 22 100 0 8 72 48 55 70 95 11 54 25 40 44 45 37 18 77 66 61 20 94 58 46 32 47 28 49 16 31 96 85 89 29 88 99 39 19 65 27 78 63 7 74 17 93 57 67 23 15 98 38 91 13 41 53 76 3 34 75 5 42 80 82 84 6 62 68 10 87 21 52 2 92 79 1 9 36 14 26 64 50 69 83 59 86 97 73 4 35 33 12
91 38 70 13 86 65 61 30 11 88 58 98 20 24 5 66 78 52 87 75 41 15 6 59 8 62 46 39 17 23 79 29 100 84 34 57 19 36 77 18 49 28 1 89 10 0 32 69 40 74 95 92 42 63 47 37 73 53 81 7 93 80 82 22 2 35 72 45 54 31 16 21 3 83 4 99 9 26 96 76 12 56 48 94 50 60 51 27 71 97 67 44 68 55 14 25 90 85 64 43 33
51 77 40 30 55 86 53 27 3 82 17 32 93 98 61 48 24 18 45 78 5 46 90 49 99 16 64 39 10 62 13 54 23 74 73 63 89 84 21 43 7 100 70 67 57 56 33 76 29 50 42 68 65 4 80 87 79 96 37 85 0 26 11 81 71 31 91 92 52 1 59 20 47 97 12 19 25 15 72 35 6 69 41 83 75 8 94 58 22 66 44 88 95 36 34 9 60 28 38 14 2
94 100 28 29 1 84 43 51 96 87 3 6 58 26 7 61 65 67 75 66 32 74 57 12 48 76 89 69 45 60 88 78 34 59 49 80 40 19 85 23 82 17 20 22 5 15 93 4 37 9 47 33 42 30 14 97 41 36 35 39 21 46 83 24 73 55 62 99 70 90 52 95 13 91 25 53 71 31 27 38 68 92 79 50 98 10 86 11 81 2 8 63 0 72 18 64 44 56 16 77 54
55 47 49 1 11 33 40 68 83 46 45 14 85 20 71 56 48 64 69 77 95 99 82 24 44 12 74 10 84 23 53 60 92 27 57 19 54 16 63 51 58 78 88 73 18 34 8 75 37 39 13 61 17 21 42 6 87 41 43 100 80 97 52 76 26 3 5 79 25 86 30 9 28 91 94 38 89 93 50 90 65 59 96 98 7 0 36 31 15 70 66 29 32 35 72 22 4 62 81 67 2
25 89 95 44 93 76 29 39 74 63 16 52 57 55 7 90 83 71 100 67 58 35 70 10 32 68 13 97 27 46 81 94 54 53 61 88 11 34 33 5 1 24 28 72 62 21 45 6 77 75 59 17 31 50 82 64 56 2 12 8 18 48 47 36 49 42 51 80 30 14 87 20 86 98 66 91 0 22 26 3 79 96 40 78 15 41 85 38 73 37 60 4 92 23 69 99 9 43 84 65 19
53 52 54 51 72 46 37 15 18 71 75 28 36 33 48 73 69 14 29 35 16 27 59 64 12 61 25 89 58 5 3 98 83 9 20 4 91 10 2 8 99 93 31 38 79 68 94 11 44 17 30 49 56 34 81 41 40 95 92 74 70 78 60 57 19 84 6 7 66 85 43 77 55 32 23 82 0 1 42 86 24 39 22 21 87 50 26 96 100 63 90 76 67 88 80 47 97 45 62 65 13
46 17 44 41 64 96 57 97 4 12 47 72 65 7 94 73 36 20 1 58 35 9 16 8 89 71 78 18 34 95 69 49 60 55 81 91 31 85 43 59 53 2 68 27 79 39 74 61 76 63 30 28 38 22 99 24 14 13 98 77 26 5 80 45 21 54 51 3 0 88 32 93 25 40 90 62 50 75 70 84 33 10 87 48 82 37 23 92 11 19 66 29 42 86 56 83 15 6 52 67 100
73 77 9 5 49 94 16 18 11 13 23 87 70 7 42 36 26 76 85 41 63 81 64 54 6 86 59 57 79 61 15 71 69 91 53 44 37 38 90 52 68 95 12 29 28 32 62 21 60 10 74 45 19 20 80 83 35 22 34 50 75 96 88 89 2 43 47 65 78 17 27 39 93 66 33 58 0 98 72 25 30 67 14 82 46 24 1 8 4 48 55 40 92 31 51 3 84 99 97 100 56
34 83 44 61 89 55 73 60 37 67 78 6 93 25 100 27 19 0 21 36 49 32 64 20 24 90 12 7 5 31 86 33 79 10 40 3 99 45 48 11 51 38 84 97 96 13 42 82 85 41 17 46 50 56 22 23 98 87 47 29 92 66 63 8 59 35 54 94 69 77 57 58 26 18 65 30 91 52 15 71 14 39 75 74 9 88 2 72 1 4 76 43 28 62 70 53 81 16 68 95 80
57 25 69 64 28 1 18 34 80 20 24 78 86 38 0 45 44 95 85 10 91 68 90 2 11 83 36 71 47 46 42 19 32 52 30 4 48 7 43 100 75 77 73 50 21 5 27 39 8 87 60 97 81 72 33 55 67 94 98 63 13 29 54 51 26 70 62 92 41 22 84 31 49 35 15 99 53 65 61 88 23 56 40 96 76 14 59 9 12 66 93 17 16 82 89 6 58 37 79 3 74
69 95 82 33 91 26 34 3 42 49 89 10 17 93 100 68 53 88 21 16 81 90 50 8 39 73 32 74 37 62 94 61 77 70 28 36 14 7 20 66 99 97 65 27 79 1 59 78 2 46 51 54 0 38 64 67 84 72 98 60 44 55 25 83 41 5 22 87 45 9 48 80 63 13 18 12 15 30 76 96 40 85 31 52 86 11 19 47 43 56 57 4 75 35 92 71 24 23 6 58 29
55 67 49 95 90 65 39 63 76 52 91 62 60 72 54 53 7 19 6 88 96 25 26 69 71 29 41 44 70 87 80 83 68 36 66 1 13 16 0 14 51 46 92 85 40 100 10 99 61 81 5 21 34 58 84 35 17 97 74 31 20 18 9 38 45 78 2 93 22 64 57 47 73 12 77 48 86 42 3 4 33 15 82 50 24 98 79 28 94 75 32 23 43 27 89 11 56 59 8 30 37
45 91 94 77 12 84 98 35 70 80 10 37 14 17 43 66 57 39 24 79 52 82 87 16 22 58 76 13 3 34 61 54 97 8 95 31 59 88 64 2 6 42 69 1 72 11 18 93 29 100 81 5 65 49 32 86 48 92 56 71 15 75 0 62 99 9 7 40 50 51 33 20 47 55 4 83 25 73 53 63 90 44 21 30 67 96 19 78 26 36 41 85 68 27 74 28 89 46 60 23 38
40 31 10 5 96 94 67 86 26 8 30 61 70 36 99 87 77 71 89 4 82 100 85 9 90 18 84 65 27 60 59 20 91 1 39 32 38 2 23 79 37 34 44 97 46 98 55 93 95 3 51 68 81 48 66 54 88 13 56 47 42 80 52 24 83 43 22 49 28 69 0 11 19 76 7 92 62 57 12 41 74 64 33 53 21 78 75 16 6 63 29 72 17 15 25 58 73 14 50 35 45
80 0 17 14 6 99 76 55 63 11 2 83 37 24 61 91 35 90 85 51 1 98 95 9 50 67 65 60 29 39 52 70 87 28 73 81 78 3 86 15 43 46 66 68 47 57 64 5 30 82 100 92 71 62 75 58 79 45 94 59 7 13 10 33 97 27 84 40 49 36 32 16 89 42 23 74 18 69 56 4 22 25 72 41 53 44 48 26 96 31 38 88 12 93 21 54 19 77 20 8 34
28 47 3 2 55 26 78 7 80 17 9 81 15 77 25 87 42 85 62 66 29 46 63 100 83 14 97 23 48 79 34 98 96 13 75 51 99 0 84 59 22 60 16 21 90 94 43 64 30 71 33 10 12 53 18 49 86 68 57 54 91 41 8 40 20 4 92 70 95 24 82 27 52 89 88 38 44 31 6 73 5 56 11 1 19 69 72 50 67 93 74 32 65 58 76 39 37 35 45 61 36
24 68 4 74 9 31 57 72 47 89 16 15 33 79 55 38 45 39 52 100 97 64 58 32 95 20 21 44 83 1 12 26 53 28 5 77 54 93 14 99 75 7 81 6 51 13 41 67 96 61 40 23 71 62 65 25 30 69 10 35 82 85 70 88 18 29 63 22 98 84 3 60 56 76 34 2 36 73 43 94 27 90 66 46 80 92 59 50 48 8 37 91 86 49 0 78 19 11 42 17 87
70 1 69 12 48 13 49 67 95 11 17 74 33 29 15 0 16 66 6 56 3 31 60 96 27 82 88 41 9 34 18 32 19 10 30 89 8 76 73 84 58 57 100 65 85 81 94 36 99 92 59 5 77 50 46 44 98 68 90 83 80 43 87 2 37 62 42 26 28 40 75 91 22 20 72 25 93 78 79 35 55 54 63 24 39 64 61 38 86 23 53 7 4 71 47 97 51 45 14 21 52
72 47 68 14 44 35 32 76 66 9 97 41 45 2 74 86 57 21 69 27 34 30 25 37 8 81 88 63 85 90 100 61 59 53 62 26 17 3 84 39 55 65 78 36 24 40 54 75 99 50 23 46 64 0 89 4 77 15 96 87 28 18 43 13 42 16 29 52 31 6 95 11 49 38 93 51 5 56 83 60 12 71 33 91 92 58 73 82 79 19 22 1 7 98 20 10 48 80 94 67 70
39 24 76 97 28 21 37 7 95 46 96 77 81 67 38 86 45 27 14 51 22 34 82 44 47 60 50 56 83 59 9 13 99 4 8 19 53 72 10 54 32 90 43 41 5 61 100 0 26 87 29 57 11 84 62 71 12 69 6 35 78 58 31 25 98 63 85 18 74 89 75 68 92 49 30 70 79 91 3 88 48 65 42 66 40 64 94 16 20 55 52 15 1 93 36 80 73 23 17 33 2
12 23 14 41 72 87 31 94 76 91 20 29 80 22 54 39 26 15 47 6 67 75 0 62 100 68 61 98 25 52 83 48 51 93 92 36 95 17 35 77 86 53 40 60 42 2 69 97 11 55 28 81 99 79 27 46 38 74 7 33 10 13 50 8 88 58 34 21 63 70 85 65 82 43 5 57 59 71 64 96 19 1 32 56 24 89 18 73 30 45 9 49 4 90 37 84 44 16 78 3 66
24 1 86 69 16 53 22 75 42 70 39 87 7 61 72 62 41 28 3 25 77 82 11 64 98 79 14 13 67 93 55 29 12 2 30 94 34 58 65 100 40 4 81 45 17 88 89 46 92 36 31 60 83 51 26 56 57 74 6 59 48 37 8 19 96 99 78 43 47 85 50 54 0 38 90 33 95 49 15 9 20 32 84 97 44 23 21 66 52 71 91 68 18 35 76 27 80 73 63 5 10
98 69 97 59 62 14 15 3 4 13 58 57 87 93 42 64 56 34 50 40 46 60 91 21 78 43 99 5 49 35 16 36 28 81 0 76 38 6 75 63 2 77 74 96 37 8 94 100 67 66 68 22 20 45 83 80 30 90 47 33 39 92 17 7 27 95 9 73 10 29 70 54 88 1 65 52 71 18 31 89 82 85 26 12 86 51 53 19 48 61 11 44 23 79 24 25 32 84 72 41 55
81 76 78 55 91 44 25 46 11 21 64 69 54 60 59 8 32 9 17 23 53 31 1 82 10 28 13 86 99 74 67 98 93 61 96 75 63 14 85 88 52 50 58 5 57 62 48 94 15 24 84 65 0 73 12 27 34 87 38 100 2 26 39 49 6 90 89 80 56 33 47 35 43 4 30 51 42 97 77 29 20 72 18 3 19 45 66 37 70 16 68 71 79 7 22 41 36 95 83 40 92
29 58 95 52 21 40 89 16 82 3 50 57 4 45 85 88 38 22 35 62 26 90 43 67 12 91 79 99 48 46 54 93 84 20 71 66 10 87 7 27 59 100 86 24 61 94 5 68 2 96 36 51 6 63 34 65 41 0 37 53 74 1 47 17 72 81 9 77 98 23 33 55 83 73 76 60 8 15 49 92 75 19 97 70 14 78 80 39 18 44 25 32 31 56 64 11 28 13 69 30 42
12 5 58 18 38 51 73 100 65 0 39 90 83 42 23 6 24 89 71 28 37 72 8 44 48 52 74 2 1 34 10 27 4 62 25 35 40 55 57 81 33 30 91 22 60 36 98 75 50 7 20 59 67 54 80 15 79 9 43 45 78 77 93 11 41 63 19 46 53 92 3 94 49 69 14 17 56 68 64 96 31 76 32 21 70 47 16 87 61 84 88 66 29 26 86 99 82 95 85 97 13
50 64 27 97 19 68 83 36 58 81 35 63 72 10 32 44 42 4 84 69 28 53 75 51 49 45 87 66 98 80 0 16 20 60 12 56 78 7 41 99 23 3 25 62 57 92 18 30 54 88 59 95 70 17 73 52 46 5 14 34 40 89 74 55 76 21 13 29 65 86 71 9 31 1 77 67 61 33 6 85 91 22 96 100 11 39 79 94 82 37 2 38 48 24 8 15 43 93 90 47 26
75 2 73 80 79 19 74 9 98 67 66 28 91 78 63 36 43 25 57 22 7 3 32 27 21 30 86 69 62 13 4 0 16 54 33 87 18 34 83 35 14 56 38 72 12 90 85 8 52 55 65 37 29 44 64 42 39 23 11 20 71 45 24 50 84 92 70 68 6 82 26 31 77 40 96 76 100 97 47 53 60 15 46 81 89 1 94 95 10 99 88 48 41 5 58 51 61 17 93 49 59
20 8 10 94 90 79 26 40 99 24 61 63 23 81 1 6 67 44 72 92 47 45 56 42 53 21 60 16 59 52 68 74 70 29 71 65 77 96 43 89 37 38 5 73 13 12 33 25 97 46 17 69 91 2 27 34 55 86 62 4 39 76 35 31 84 58 9 87 32 18 28 80 93 30 11 66 50 78 83 49 85 0 51 57 82 15 7 75 14 100 95 22 41 48 88 64 3 98 19 54 36
