97 55 9 69 84 60 16 68 91 61 3 62 28 56 22 59 98 57 10 70 85 54 13 65 88 58 0 67 25 40 19 64 94 38 6 63 31 52 18 75 93 53 5 76 30 39 24 37 100 51 12 77 87 34 15 78 90 35 2 66 27 36 21 79 96 41 8 71 33 43 17 82 92 48 4 83 29 49 23 50 99 44 11 74 86 45 14 73 89 46 1 81 26 47 20 72 95 42 7 80 32
55 18 69 94 54 5 68 30 59 24 60 100 56 11 61 87 57 14 70 90 38 2 65 27 40 21 64 97 58 8 67 84 35 15 66 91 52 3 62 28 39 22 76 98 37 9 75 85 34 12 63 88 53 0 77 25 33 19 78 95 36 6 79 31 41 17 81 93 49 4 71 29 48 23 50 99 51 10 83 86 44 13 82 89 45 1 74 26 46 20 73 96 47 7 72 32 43 16 80 92 42
4 68 30 55 23 61 99 60 11 62 87 59 14 69 90 56 1 70 27 39 20 66 96 58 8 65 34 57 18 64 94 40 6 67 32 51 25 37 100 38 12 76 88 54 15 75 91 52 2 77 28 35 21 78 97 50 9 79 85 36 16 63 92 53 3 81 29 44 22 80 98 41 10 84 86 49 13 82 89 42 0 71 26 45 19 74 95 48 7 73 33 46 17 72 93 47 5 83 31 43 24
60 99 58 11 62 86 57 14 68 89 59 1 61 26 56 20 63 95 55 7 66 32 42 17 65 92 41 4 64 29 40 23 39 98 38 10 74 85 53 13 67 88 54 0 76 25 36 19 75 94 35 6 77 31 34 18 78 93 37 5 79 30 33 24 44 100 49 12 69 87 50 15 70 90 48 2 83 27 51 21 82 96 46 8 73 84 45 16 71 91 52 3 72 28 47 22 81 97 43 9 80
84 61 12 69 88 60 0 68 25 57 19 63 95 56 6 62 31 55 17 66 93 59 4 65 29 58 23 40 99 41 10 64 86 39 14 74 90 38 2 67 27 53 21 75 97 52 8 76 33 35 16 77 92 54 3 78 28 34 22 36 98 37 9 79 85 42 13 71 89 49 1 70 26 50 20 80 96 51 7 83 32 44 18 82 94 48 5 73 30 45 24 47 100 46 11 72 87 43 15 81 91
55 3 69 28 54 21 68 97 60 9 71 85 61 16 70 92 57 4 66 29 59 22 65 98 56 10 64 86 58 13 67 89 37 0 63 25 52 19 62 95 38 7 75 32 39 18 76 94 51 6 78 31 53 24 34 100 35 12 79 88 36 15 77 91 40 2 81 27 41 20 80 96 50 8 82 33 49 17 84 93 44 5 73 30 48 23 45 99 46 11 72 87 47 14 74 90 42 1 83 26 43
20 69 95 55 7 68 33 54 18 70 93 60 5 61 31 56 25 39 100 58 12 66 87 59 15 65 90 57 2 64 28 40 22 75 97 51 9 67 84 34 16 77 91 37 3 76 29 52 23 62 98 35 10 78 85 38 13 63 88 53 0 79 26 36 19 81 94 41 6 71 32 43 17 82 92 50 4 83 30 49 24 44 99 45 11 74 86 48 14 73 89 46 1 72 27 47 21 80 96 42 8
68 33 60 16 63 93 58 4 61 29 59 23 57 99 56 10 66 87 55 13 65 90 42 1 62 26 41 20 64 96 40 7 67 32 39 18 75 94 38 5 76 30 54 24 53 100 52 11 77 88 35 14 78 91 34 2 74 27 37 21 79 97 36 8 81 85 44 15 69 92 45 3 82 28 50 22 84 98 51 9 70 86 46 12 73 89 48 0 71 25 49 19 72 95 47 6 80 31 43 17 83
93 61 5 68 30 60 23 57 99 59 11 62 86 56 14 69 89 55 1 63 26 58 20 66 96 41 8 65 33 40 17 64 92 39 4 67 29 38 22 53 98 54 10 76 85 52 13 74 88 35 0 75 25 34 19 77 95 37 7 78 32 36 18 79 94 44 6 70 31 43 24 50 100 48 12 83 87 51 15 81 90 46 2 82 27 45 21 73 97 47 9 72 84 49 16 71 91 42 3 80 28
55 21 69 97 62 9 68 85 61 12 70 88 60 0 71 25 58 18 67 94 59 6 66 31 57 16 65 92 56 4 64 29 38 23 52 99 53 11 74 87 54 14 63 90 39 2 76 27 35 20 75 96 34 8 77 33 37 15 78 91 36 3 79 28 40 22 49 98 50 10 81 86 48 13 80 89 51 1 83 26 44 19 84 95 45 7 82 32 46 17 73 93 47 5 72 30 41 24 42 100 43
12 69 88 55 16 68 91 60 2 70 28 61 22 62 97 56 8 67 84 54 17 65 92 59 3 64 29 58 23 57 98 40 9 66 85 38 13 63 89 52 0 75 26 37 20 76 95 39 6 77 32 51 19 78 94 53 5 79 31 34 25 35 100 36 11 81 87 41 15 71 90 43 1 82 27 50 21 83 96 49 7 74 33 44 18 73 93 48 4 72 30 45 24 46 99 47 10 80 86 42 14
69 89 55 1 68 26 54 20 61 96 57 8 60 32 56 18 66 94 39 6 65 30 58 24 41 100 59 12 64 87 40 15 75 91 35 3 67 27 34 21 76 97 52 9 77 84 37 16 62 92 33 4 78 28 38 22 79 98 36 10 63 85 53 13 71 88 42 0 70 25 49 19 82 95 50 7 83 31 51 17 74 93 44 5 73 29 45 23 46 99 48 11 72 86 47 14 81 90 43 2 80
27 60 20 62 96 58 7 68 33 57 16 63 92 56 4 61 30 55 23 42 99 59 10 65 86 41 13 64 89 40 1 66 26 39 19 74 95 38 6 67 32 53 17 75 93 52 5 76 31 35 24 34 100 54 11 78 87 37 14 79 90 36 2 77 28 44 21 81 97 45 8 69 84 51 15 83 91 50 3 82 29 46 22 70 98 48 9 73 85 47 12 72 88 49 0 71 25 43 18 80 94
62 6 68 31 60 17 70 93 59 4 63 29 61 23 56 99 55 11 66 87 58 14 65 90 57 1 69 26 40 20 64 96 39 8 67 33 38 16 75 92 54 3 76 28 53 22 52 98 35 10 77 86 34 13 78 89 37 0 74 25 36 19 79 95 41 7 71 32 49 18 84 94 48 5 83 30 50 24 51 100 44 12 82 88 45 15 73 91 46 2 81 27 47 21 72 97 43 9 80 85 42
16 69 91 55 3 68 29 60 23 62 98 56 10 70 85 61 13 67 88 58 0 66 26 59 20 65 95 57 7 64 32 40 18 74 93 38 5 63 31 52 25 54 100 53 12 76 87 39 15 75 90 51 2 77 28 35 22 78 97 37 9 79 34 36 17 81 92 41 4 71 30 43 24 48 99 50 11 83 86 49 14 84 89 44 1 82 27 45 21 73 96 46 8 72 33 47 19 80 94 42 6
68 31 55 24 61 100 62 11 71 88 59 14 69 91 60 2 70 27 57 20 65 97 54 8 64 85 56 15 67 92 58 3 63 28 38 21 37 98 52 9 76 86 53 12 66 89 39 0 75 25 51 18 77 95 34 6 78 32 35 17 79 94 36 5 80 30 40 23 50 99 41 10 84 87 48 13 81 90 49 1 82 26 44 19 74 96 45 7 73 33 46 16 72 93 47 4 83 29 42 22 43
98 55 10 69 85 54 14 68 89 57 1 61 26 56 20 60 95 39 7 66 32 59 18 65 93 58 5 64 30 40 24 41 100 35 12 75 87 34 15 67 90 37 2 77 27 52 21 76 96 33 8 62 83 38 16 78 91 53 3 63 28 36 22 79 97 42 9 71 84 49 13 70 88 50 0 80 25 51 19 82 94 44 6 74 31 48 17 73 92 45 4 72 29 47 23 46 99 43 11 81 86
60 14 62 90 58 1 68 26 57 20 63 96 56 7 61 32 55 17 66 93 42 4 65 29 41 23 59 99 40 10 64 86 39 13 74 89 38 0 67 25 53 19 75 95 36 6 76 31 35 18 77 94 34 5 78 30 37 24 54 100 33 11 79 87 44 15 81 91 49 2 69 27 51 21 83 97 50 8 82 84 46 16 70 92 48 3 73 28 47 22 72 98 52 9 71 85 45 12 80 88 43
0 69 26 63 19 68 95 62 7 70 33 61 17 71 93 60 5 65 31 55 24 59 99 58 11 64 87 57 14 66 90 56 2 74 28 39 21 67 97 38 9 75 35 53 16 76 92 52 4 78 30 51 23 54 98 50 10 79 86 37 13 77 89 36 1 81 27 40 20 80 96 41 8 84 34 42 18 85 94 49 6 73 32 44 25 48 100 45 12 72 88 46 15 82 91 47 3 83 29 43 22
69 97 55 9 68 84 54 16 61 91 57 3 60 28 56 22 66 98 41 10 65 85 59 13 67 88 58 0 64 25 40 19 63 94 37 6 62 31 52 18 75 93 38 5 76 30 39 24 35 100 34 12 77 87 53 15 78 90 33 2 79 27 36 21 71 96 42 8 70 32 49 17 82 92 50 4 83 29 51 23 44 99 45 11 74 86 48 14 73 89 46 1 72 26 47 20 81 95 43 7 80
32 55 18 68 94 60 5 70 30 59 24 56 100 61 11 62 87 39 14 66 90 58 2 65 27 57 21 69 97 40 8 64 84 51 15 75 91 38 3 67 28 37 22 52 98 54 9 76 85 35 12 77 88 34 0 78 25 53 19 63 95 36 6 79 31 41 17 71 93 43 4 82 29 48 23 49 99 50 10 83 86 44 13 74 89 45 1 73 26 46 20 81 96 47 7 72 33 42 16 80 92
55 4 68 29 61 23 60 99 59 11 62 87 56 14 69 90 39 1 70 26 58 20 66 96 57 8 65 33 40 18 64 94 51 6 67 31 37 24 38 100 54 12 76 88 52 15 75 91 35 2 77 27 34 21 78 97 36 9 79 85 53 16 63 92 44 3 81 28 41 22 80 98 49 10 84 86 50 13 82 89 45 0 71 25 48 19 74 95 46 7 73 32 47 17 72 93 42 5 83 30 43
24 61 99 60 11 69 86 57 14 68 89 59 1 62 27 56 20 63 95 55 7 66 33 58 17 65 92 41 4 64 30 40 23 39 98 38 10 74 85 53 13 67 88 54 0 76 26 52 19 75 94 35 6 77 32 34 18 78 93 37 5 79 31 36 25 44 100 43 12 81 87 50 15 70 90 48 2 83 28 51 21 82 96 46 8 73 84 45 16 71 91 49 3 72 29 47 22 80 97 42 9
69 85 61 12 68 89 60 0 63 25 57 19 62 95 56 6 66 31 55 17 65 93 59 4 64 29 58 23 41 99 40 10 74 87 39 14 67 91 38 2 75 27 53 21 76 97 52 8 77 33 35 16 78 92 54 3 79 28 34 22 37 98 36 9 71 86 42 13 70 90 49 1 84 26 50 20 83 96 51 7 82 32 44 18 73 94 48 5 72 30 45 24 46 100 47 11 81 88 43 15 80
91 55 3 69 28 54 21 68 97 56 9 61 84 60 16 70 92 57 4 66 29 59 22 65 98 40 10 64 85 58 13 67 88 37 0 63 25 52 19 62 95 38 7 75 32 39 18 76 94 51 6 78 31 34 24 53 100 35 12 79 87 36 15 77 90 41 2 81 27 43 20 71 96 50 8 82 33 49 17 83 93 44 5 73 30 45 23 48 99 46 11 72 86 47 14 74 89 42 1 80 26
55 19 69 95 60 7 68 32 61 17 70 93 56 5 62 30 39 24 58 100 59 11 66 87 57 14 65 90 40 2 64 27 35 21 74 97 38 8 67 33 53 15 75 91 52 3 76 28 37 22 77 98 34 9 78 85 54 12 63 88 36 0 79 25 41 18 81 94 49 6 71 31 50 16 84 92 51 4 83 29 44 23 45 99 48 10 82 86 46 13 73 89 47 1 72 26 43 20 80 96 42
8 68 34 61 17 63 93 60 4 62 30 59 24 57 99 56 11 66 87 55 14 65 90 58 1 69 27 41 21 64 96 40 7 67 33 39 19 75 94 38 5 76 31 54 25 53 100 52 12 77 88 51 15 78 91 35 2 74 28 37 22 79 97 36 9 81 85 44 16 80 92 45 3 82 29 42 23 84 98 50 10 70 86 46 13 73 89 48 0 71 26 49 20 72 95 47 6 83 32 43 18
62 93 60 5 68 29 58 23 59 99 57 11 61 86 56 14 63 89 55 1 66 26 42 20 65 96 41 8 64 32 40 17 74 92 39 4 67 28 38 22 54 98 53 10 76 85 36 13 75 88 35 0 77 25 34 19 78 95 37 7 79 31 33 18 69 94 44 6 70 30 49 24 48 100 50 12 83 87 51 15 82 90 46 2 73 27 45 21 72 97 47 9 71 84 52 16 81 91 43 3 80
28 55 21 69 97 62 9 68 85 60 12 71 88 61 0 70 25 58 18 67 94 59 6 66 32 57 16 65 92 56 4 64 30 38 23 52 99 53 11 63 87 54 14 76 90 39 2 74 27 51 20 75 96 35 8 77 34 37 15 78 91 36 3 79 29 40 22 41 98 50 10 80 86 48 13 83 89 49 1 81 26 44 19 84 95 45 7 82 33 46 17 73 93 47 5 72 31 42 24 43 100
55 12 69 88 54 15 68 91 60 2 70 27 56 21 61 97 57 8 66 84 59 16 65 92 58 3 67 28 40 22 64 98 37 9 63 85 52 13 62 89 38 0 75 25 39 19 76 95 35 6 77 31 53 18 78 94 34 5 79 30 33 24 36 100 41 11 81 87 49 14 71 90 50 1 82 26 51 20 83 96 44 7 74 32 48 17 73 93 45 4 72 29 46 23 47 99 43 10 80 86 42
14 69 89 55 1 68 27 60 21 70 96 61 8 62 33 56 19 66 94 39 6 65 31 58 25 57 100 59 12 64 87 40 16 75 91 51 3 67 28 38 22 76 97 52 9 77 84 37 17 63 92 34 4 78 29 54 23 35 98 53 10 79 85 36 13 81 88 41 0 71 26 43 20 82 95 50 7 83 32 49 18 74 93 44 5 73 30 45 24 46 99 48 11 72 86 47 15 80 90 42 2
62 27 60 20 68 96 58 7 63 33 57 16 61 93 56 4 65 30 55 23 59 99 42 10 64 87 41 13 66 90 40 1 74 26 39 19 67 95 38 6 75 32 53 17 76 94 52 5 78 31 35 24 54 100 34 11 79 88 37 14 77 91 36 2 81 28 44 21 69 97 45 8 84 85 51 15 82 92 50 3 70 29 46 22 73 98 48 9 72 86 47 12 71 89 49 0 80 25 43 18 83
94 61 6 68 31 60 17 63 92 59 4 62 29 56 23 57 99 55 11 66 86 58 14 65 89 41 1 69 26 40 20 64 96 39 8 67 33 38 16 75 91 54 3 76 28 52 22 53 98 35 10 77 85 34 13 78 88 37 0 74 25 36 19 79 95 42 7 70 32 49 18 80 93 48 5 83 30 51 24 50 100 44 12 82 87 45 15 73 90 46 2 71 27 47 21 72 97 43 9 81 84
55 15 69 91 60 3 68 28 56 22 62 98 61 9 70 85 58 12 67 88 59 0 66 25 57 19 65 95 40 6 64 31 38 17 74 93 52 5 63 30 54 24 53 100 39 11 76 87 35 14 75 90 34 2 77 27 37 21 78 97 36 8 79 33 41 16 81 92 49 4 71 29 48 23 50 99 51 10 83 86 44 13 84 89 45 1 82 26 46 20 73 96 47 7 72 32 43 18 80 94 42
6 68 32 55 25 61 100 54 12 71 88 59 15 69 91 60 2 70 28 57 21 65 97 38 9 64 85 56 16 67 92 58 3 66 29 51 22 62 98 52 10 76 86 39 13 75 89 37 0 63 26 50 19 77 95 53 7 78 33 35 18 79 94 36 5 80 31 40 24 42 99 41 11 84 87 48 14 81 90 49 1 82 27 44 20 74 96 45 8 73 34 46 17 72 93 47 4 83 30 43 23
55 98 60 10 69 86 57 14 68 89 59 1 62 26 56 20 61 95 39 7 66 32 58 18 65 93 41 5 64 30 40 24 35 100 38 12 75 87 37 15 67 90 54 2 76 27 52 21 77 96 33 8 78 84 34 16 63 91 53 3 79 28 36 22 81 97 44 9 70 85 49 13 82 88 50 0 83 25 51 19 71 94 45 6 74 31 48 17 73 92 46 4 72 29 47 23 43 99 42 11 80
86 59 14 62 90 58 1 63 26 57 20 61 96 56 7 60 32 55 17 66 93 43 4 65 29 42 23 40 99 41 10 64 85 39 13 74 89 38 0 67 25 53 19 75 95 36 6 76 31 35 18 77 94 54 5 78 30 34 24 33 100 37 11 79 87 44 15 69 91 49 2 68 27 50 21 82 97 51 8 81 83 46 16 70 92 48 3 73 28 52 22 71 98 47 9 72 84 45 12 80 88
63 0 69 25 62 19 68 95 61 7 70 32 60 17 71 93 55 5 65 30 59 23 58 99 57 11 64 87 56 14 66 90 39 2 74 27 38 21 67 97 53 9 75 34 52 16 76 92 51 4 78 29 54 22 35 98 37 10 79 86 36 13 77 89 40 1 81 26 41 20 80 96 50 8 84 33 49 18 85 94 44 6 73 31 48 24 45 100 46 12 72 88 47 15 82 91 42 3 83 28 43
22 69 97 55 9 68 84 54 16 70 91 60 3 61 29 56 23 66 98 57 10 65 85 59 13 67 88 58 0 64 26 40 19 63 94 37 6 62 32 52 18 75 93 38 5 76 31 39 25 51 100 34 12 77 87 53 15 78 90 35 2 79 28 36 21 81 96 41 8 71 33 43 17 82 92 50 4 83 30 49 24 44 99 45 11 74 86 48 14 73 89 46 1 72 27 47 20 80 95 42 7
68 32 55 18 70 94 54 5 61 30 59 24 60 100 56 11 66 88 39 14 65 91 58 2 69 27 57 21 64 97 40 8 75 85 51 15 67 92 34 3 77 28 37 22 76 98 52 9 62 86 35 12 78 89 38 0 63 25 53 19 79 95 36 6 71 31 41 17 82 93 43 4 84 29 48 23 50 99 49 10 74 87 44 13 73 90 45 1 81 26 46 20 72 96 47 7 80 33 42 16 83
92 55 4 68 29 60 23 61 99 59 11 62 86 56 14 69 89 39 1 70 26 58 20 66 96 57 8 65 33 40 18 64 94 51 6 67 31 38 24 37 100 54 12 76 87 52 15 75 90 35 2 77 27 34 21 78 97 36 9 79 84 53 16 63 91 41 3 71 28 43 22 50 98 48 10 83 85 49 13 81 88 44 0 82 25 45 19 74 95 46 7 73 32 47 17 72 93 42 5 80 30
61 23 60 99 57 10 69 86 59 13 68 89 56 1 62 26 55 19 63 95 58 7 66 32 41 16 65 92 40 4 64 29 39 22 38 98 53 9 74 85 54 12 67 88 36 0 76 25 35 18 75 94 34 6 77 31 37 17 78 93 33 5 79 30 44 24 49 100 50 11 81 87 48 14 70 90 51 2 83 27 46 20 82 96 45 8 73 84 52 15 71 91 47 3 72 28 43 21 80 97 42
9 69 85 62 13 68 89 60 0 70 26 61 20 63 95 56 6 66 32 55 18 65 93 59 4 64 30 58 24 57 99 40 11 74 87 39 15 67 91 38 2 75 28 53 22 76 97 52 8 77 34 51 17 78 92 54 3 79 29 35 23 37 98 36 10 81 86 41 14 71 90 43 1 84 27 50 21 83 96 49 7 82 33 44 19 73 94 48 5 72 31 45 25 46 100 47 12 80 88 42 16
69 91 55 3 68 27 54 21 60 97 56 9 61 84 57 16 66 92 41 4 65 28 59 22 64 98 40 10 67 85 58 13 63 88 37 0 62 25 52 19 75 95 38 7 76 31 39 18 77 94 35 6 78 30 34 24 33 100 53 12 79 87 36 15 71 90 42 2 70 26 49 20 82 96 50 8 83 32 51 17 74 93 44 5 73 29 45 23 46 99 48 11 72 86 47 14 81 89 43 1 80
26 55 19 69 95 54 7 68 33 60 17 70 93 56 5 61 31 39 24 58 100 59 11 65 87 57 14 64 90 40 2 66 28 51 21 75 97 34 8 67 84 52 15 76 91 37 3 77 29 35 22 62 98 38 9 78 85 36 12 79 88 53 0 63 25 41 18 81 94 43 6 71 32 50 16 82 92 49 4 83 30 44 23 45 99 48 10 73 86 46 13 72 89 47 1 74 27 42 20 80 96
61 8 68 33 60 17 63 93 59 4 62 29 57 23 56 99 55 11 66 87 58 14 65 90 41 1 69 26 40 20 64 96 39 7 67 32 38 18 75 94 54 5 76 30 53 24 52 100 35 12 77 88 34 15 78 91 37 2 74 27 36 21 79 97 44 9 81 85 45 16 80 92 50 3 82 28 51 22 84 98 46 10 70 86 48 13 73 89 49 0 71 25 47 19 72 95 42 6 83 31 43
18 69 93 61 5 68 30 60 24 59 99 57 11 62 86 56 14 63 89 55 1 66 27 58 21 65 96 41 8 64 33 40 17 74 92 39 4 67 29 38 23 54 98 53 10 76 85 52 13 75 88 35 0 77 26 34 20 78 95 37 7 79 32 36 19 81 94 44 6 70 31 43 25 48 100 50 12 83 87 51 15 82 90 46 2 73 28 45 22 72 97 47 9 71 84 49 16 80 91 42 3
69 28 55 21 68 98 62 9 71 86 60 12 70 89 61 0 67 25 58 18 66 95 59 6 65 32 57 16 64 93 56 4 63 30 38 23 53 100 52 11 76 88 54 14 74 91 39 2 75 27 51 20 77 97 35 8 78 34 37 15 79 92 36 3 80 29 40 22 50 99 41 10 85 87 48 13 81 90 49 1 84 26 44 19 82 96 45 7 73 33 46 17 72 94 47 5 83 31 42 24 43
100 55 12 69 87 54 15 68 90 57 2 61 27 56 21 60 96 41 8 66 83 59 16 65 91 58 3 67 28 40 22 64 97 37 9 63 84 52 13 62 88 38 0 75 25 39 19 76 94 35 6 77 31 53 18 78 93 34 5 79 30 36 24 33 99 42 11 71 86 49 14 70 89 50 1 80 26 51 20 82 95 44 7 74 32 48 17 73 92 45 4 72 29 47 23 46 98 43 10 81 85
55 13 69 89 54 1 68 26 60 20 70 96 56 7 61 32 39 18 66 94 58 5 65 30 57 24 59 100 40 11 64 87 35 15 75 91 34 2 67 27 52 21 76 97 37 8 77 84 33 16 62 92 38 3 78 28 36 22 79 98 53 9 63 85 41 12 81 88 49 0 71 25 50 19 82 95 51 6 83 31 44 17 74 93 45 4 73 29 46 23 48 99 47 10 72 86 43 14 80 90 42
2 69 28 62 21 68 96 60 8 70 34 61 17 63 93 56 5 65 31 55 24 59 99 58 11 64 87 57 14 66 90 40 1 74 27 39 20 67 95 38 7 75 33 53 18 76 94 52 6 78 32 51 25 54 100 35 12 79 88 37 15 77 91 36 3 81 29 44 22 80 97 41 9 84 85 50 16 82 92 42 4 73 30 45 23 49 98 48 10 72 86 46 13 71 89 47 0 83 26 43 19
69 94 61 6 68 31 60 17 63 92 57 4 62 29 56 23 55 99 58 11 66 86 59 14 65 89 41 1 64 26 40 20 74 96 39 8 67 33 38 16 75 91 53 3 76 28 52 22 35 98 34 10 77 85 54 13 78 88 37 0 79 25 36 19 71 95 42 7 70 32 49 18 84 93 50 5 83 30 51 24 44 100 45 12 82 87 48 15 73 90 46 2 72 27 47 21 81 97 43 9 80
84 55 15 69 91 54 3 68 28 60 22 70 98 56 9 61 85 57 12 66 88 59 0 65 25 58 19 67 95 40 6 64 31 37 17 62 93 52 5 75 30 53 24 39 100 38 11 76 87 51 14 77 90 34 2 78 27 35 21 63 97 36 8 79 33 41 16 71 92 43 4 82 29 48 23 49 99 50 10 83 86 44 13 74 89 45 1 73 26 46 20 81 96 47 7 72 32 42 18 80 94
55 6 68 31 61 24 54 100 59 12 71 88 60 15 69 91 57 2 70 27 38 21 65 97 56 9 64 85 58 16 67 92 51 3 66 28 52 22 62 98 39 10 76 86 37 13 75 89 34 0 63 25 53 19 77 95 35 7 78 32 36 18 79 94 40 5 80 30 50 23 41 99 48 11 84 87 49 14 81 90 44 1 82 26 45 20 74 96 46 8 73 33 47 17 72 93 42 4 83 29 43
23 55 98 60 10 69 86 61 14 68 89 59 1 62 27 56 20 70 95 39 7 66 33 58 18 65 93 57 5 64 31 40 25 51 100 38 12 75 87 37 15 67 90 54 2 76 28 52 21 77 96 35 8 78 84 34 16 63 91 53 3 79 29 36 22 81 97 44 9 80 85 41 13 82 88 50 0 83 26 49 19 71 94 45 6 74 32 48 17 73 92 46 4 72 30 47 24 43 99 42 11
62 87 59 14 63 90 58 1 61 26 57 20 60 96 56 7 66 32 55 17 65 93 43 4 64 29 42 23 41 99 40 10 74 86 39 13 67 89 38 0 75 25 53 19 76 95 36 6 77 31 35 18 78 94 54 5 79 30 34 24 37 100 33 11 69 88 44 15 68 91 49 2 82 27 50 21 83 97 51 8 70 84 46 16 73 92 48 3 71 28 52 22 72 98 47 9 81 85 45 12 80
88 62 0 69 25 60 19 68 95 61 7 70 32 56 17 63 93 55 5 65 30 58 23 59 99 57 11 64 86 40 14 66 90 39 2 74 27 38 21 67 97 53 9 75 34 52 16 76 92 51 4 78 29 35 22 54 98 37 10 79 85 36 13 77 89 41 1 81 26 43 20 71 96 50 8 84 33 49 18 83 94 44 6 73 31 45 24 48 100 46 12 72 87 47 15 82 91 42 3 80 28
55 21 69 97 54 8 68 84 60 15 70 91 56 3 61 28 57 22 66 98 59 9 65 85 58 12 67 88 40 0 64 25 37 18 63 94 52 6 62 31 38 17 75 93 39 5 76 30 35 24 34 100 53 11 77 87 33 14 78 90 36 2 79 27 41 20 81 96 49 7 71 32 50 16 82 92 51 4 83 29 44 23 45 99 48 10 74 86 46 13 73 89 47 1 72 26 43 19 80 95 42
7 68 33 55 19 70 94 54 5 71 31 59 25 61 100 60 12 66 88 39 15 65 91 58 2 69 28 57 22 64 97 56 9 75 85 51 16 67 92 50 3 77 29 37 23 76 98 52 10 62 86 35 13 78 89 38 0 63 26 53 20 79 95 36 6 80 32 40 18 82 93 41 4 84 30 48 24 42 99 49 11 74 87 44 14 73 90 45 1 81 27 46 21 72 96 47 8 83 34 43 17
62 92 55 4 68 29 58 23 59 99 57 11 60 86 56 14 61 89 39 1 66 26 42 20 65 96 41 8 64 32 40 18 75 94 35 6 67 30 38 24 54 100 37 12 76 87 52 15 77 90 33 2 78 27 34 21 79 97 36 9 63 84 53 16 69 91 44 3 70 28 49 22 83 98 51 10 82 85 50 13 71 88 45 0 74 25 48 19 73 95 46 7 72 31 47 17 81 93 43 5 80
30 62 23 60 99 61 10 68 86 59 13 63 89 56 1 69 26 55 19 70 95 58 7 66 33 57 16 65 92 40 4 64 29 39 22 38 98 53 9 67 85 54 12 76 88 52 0 74 25 35 18 75 94 34 6 77 32 37 17 78 93 36 5 79 31 44 24 41 100 50 11 80 87 48 14 83 90 51 2 81 27 46 20 82 96 45 8 73 84 47 15 72 91 49 3 71 28 42 21 43 97
62 9 69 85 60 13 68 89 61 0 70 25 56 19 63 95 55 6 66 31 59 17 65 93 58 4 64 29 57 23 40 99 39 11 74 87 38 15 67 91 53 2 75 27 52 21 76 97 35 8 77 33 54 16 78 92 34 3 79 28 37 22 36 98 41 10 81 86 49 14 71 90 50 1 84 26 51 20 83 96 44 7 82 32 48 18 73 94 45 5 72 30 46 24 47 100 43 12 80 88 42
16 69 91 55 3 68 28 54 22 61 97 56 9 70 84 60 17 66 92 57 4 65 29 59 23 64 98 40 10 67 85 58 13 63 88 37 0 62 26 52 20 75 95 38 7 76 32 39 19 77 94 51 6 78 31 34 25 35 100 53 12 79 87 36 15 81 90 41 2 71 27 43 21 82 96 50 8 83 33 49 18 74 93 44 5 73 30 45 24 46 99 48 11 72 86 47 14 80 89 42 1
69 26 55 19 68 96 54 7 70 33 60 17 61 94 56 5 65 31 39 24 59 100 58 11 64 88 57 14 66 91 40 2 75 28 51 21 67 97 34 8 76 85 52 15 77 92 37 3 62 29 35 22 78 98 38 9 79 86 36 12 63 89 53 0 81 25 41 18 71 95 43 6 82 32 50 16 84 93 49 4 73 30 44 23 48 99 45 10 72 87 46 13 74 90 47 1 80 27 42 20 83
96 60 8 68 33 58 17 63 92 59 4 61 29 56 23 57 99 55 11 66 86 42 14 65 89 41 1 62 26 40 20 64 95 39 7 67 32 38 18 75 93 54 5 76 30 52 24 53 100 35 12 77 87 34 15 78 90 37 2 74 27 36 21 79 97 44 9 81 84 45 16 69 91 50 3 82 28 51 22 83 98 46 10 70 85 48 13 73 88 49 0 71 25 47 19 72 94 43 6 80 31
61 17 69 93 60 4 68 29 59 23 57 99 56 10 62 86 55 13 63 89 58 1 66 26 41 20 65 96 40 7 64 32 39 16 74 92 38 3 67 28 54 22 53 98 36 9 76 85 35 12 75 88 34 0 77 25 37 19 78 95 33 6 79 31 44 18 81 94 49 5 70 30 48 24 50 100 51 11 83 87 46 14 82 90 45 2 73 27 47 21 72 97 52 8 71 84 43 15 80 91 42
3 69 29 55 22 68 98 62 10 71 86 60 13 70 89 61 0 67 26 58 19 66 95 59 7 65 33 57 17 64 93 56 5 63 31 38 24 53 100 52 12 76 88 54 15 74 91 39 2 75 28 51 21 77 97 50 9 78 35 37 16 79 92 36 4 80 30 40 23 42 99 41 11 85 87 48 14 81 90 49 1 84 27 44 20 82 96 45 8 73 34 46 18 72 94 47 6 83 32 43 25
55 100 54 12 69 87 60 15 68 90 59 2 61 27 56 21 70 96 57 8 65 84 38 16 67 91 58 3 64 28 40 22 66 97 35 9 62 85 52 13 75 88 37 0 76 25 39 19 63 94 34 6 77 31 53 18 78 93 33 5 79 30 36 24 41 99 49 11 81 86 50 14 71 89 48 1 83 26 51 20 82 95 44 7 74 32 45 17 73 92 46 4 72 29 47 23 43 98 42 10 80
85 55 13 69 89 54 1 68 26 57 20 61 96 56 7 60 32 39 18 66 94 59 5 65 30 58 24 40 100 41 11 64 87 35 15 75 91 34 2 67 27 37 21 77 97 52 8 76 83 33 16 62 92 38 3 78 28 53 22 63 98 36 9 79 84 42 12 71 88 49 0 70 25 50 19 80 95 51 6 82 31 44 17 74 93 48 4 73 29 45 23 47 99 46 10 72 86 43 14 81 90
61 2 69 27 60 20 68 96 57 8 63 33 56 17 62 93 55 5 65 30 59 23 58 99 41 11 64 87 40 14 66 90 39 1 74 26 38 19 67 95 53 7 75 32 52 18 76 94 35 6 78 31 54 24 34 100 37 12 79 88 36 15 77 91 44 3 81 28 45 21 80 97 51 9 84 85 50 16 82 92 46 4 70 29 48 22 73 98 47 10 72 86 49 13 71 89 42 0 83 25 43
19 69 94 62 6 68 32 60 17 70 92 61 4 63 30 56 24 55 99 58 11 66 86 59 14 65 89 57 1 64 27 40 21 74 96 39 8 67 34 38 16 75 91 53 3 76 29 52 23 51 98 35 10 77 85 54 13 78 88 37 0 79 26 36 20 81 95 41 7 71 33 43 18 84 93 50 5 83 31 49 25 44 100 45 12 82 87 48 15 73 90 46 2 72 28 47 22 80 97 42 9
69 85 55 15 68 92 60 3 62 28 61 22 59 98 56 9 70 86 57 12 65 89 54 0 67 25 58 19 64 95 40 6 63 31 38 17 75 94 52 5 76 30 53 24 37 100 39 11 77 88 51 14 78 91 34 2 66 27 35 21 79 97 36 8 71 33 41 16 82 93 43 4 84 29 48 23 50 99 49 10 74 87 44 13 73 90 45 1 81 26 46 20 72 96 47 7 80 32 42 18 83
94 55 6 68 31 54 24 60 100 59 12 61 87 56 15 69 90 57 2 70 27 38 21 65 97 40 9 64 84 58 16 67 91 51 3 66 28 52 22 62 98 39 10 76 85 37 13 75 88 34 0 63 25 53 19 77 95 35 7 78 32 36 18 79 93 41 5 71 30 43 23 50 99 48 11 83 86 49 14 81 89 44 1 82 26 45 20 74 96 46 8 73 33 47 17 72 92 42 4 80 29
55 22 60 98 61 10 69 86 59 13 68 89 56 1 62 26 39 19 70 95 58 7 66 32 57 17 65 93 40 5 64 30 35 24 38 100 37 11 75 87 54 14 67 90 52 2 76 27 33 20 77 96 34 8 78 84 53 15 63 91 36 3 79 28 44 21 81 97 49 9 80 85 50 12 82 88 51 0 83 25 45 18 71 94 48 6 74 31 46 16 73 92 47 4 72 29 41 23 42 99 43
11 62 87 60 15 68 90 58 1 63 27 57 21 61 96 56 7 66 33 55 18 65 93 59 4 64 30 42 24 41 99 40 10 74 86 39 14 67 89 38 0 75 26 53 20 76 95 52 6 77 32 35 19 78 94 54 5 79 31 34 25 37 100 36 12 81 88 44 16 69 91 45 2 82 28 50 22 83 97 51 8 70 84 46 17 73 92 48 3 71 29 49 23 72 98 47 9 80 85 43 13
69 88 61 0 68 25 60 19 63 95 57 7 62 31 56 17 66 93 55 5 65 29 58 23 41 99 59 11 64 86 40 14 74 90 39 2 67 27 38 21 75 97 53 9 76 33 52 16 77 92 35 4 78 28 34 22 37 98 54 10 79 85 36 13 71 89 42 1 70 26 49 20 84 96 50 8 83 32 51 18 82 94 44 6 73 30 45 24 46 100 48 12 72 87 47 15 81 91 43 3 80
28 55 21 69 97 54 8 68 84 56 15 61 91 60 3 70 29 57 22 66 98 59 9 65 85 40 12 64 88 58 0 67 25 37 18 63 94 52 6 62 32 38 17 75 93 39 5 76 31 51 24 34 100 53 11 78 87 35 14 79 90 36 2 77 27 41 20 81 96 43 7 71 33 50 16 82 92 49 4 83 30 44 23 45 99 48 10 73 86 46 13 72 89 47 1 74 26 42 19 80 95
55 7 68 32 54 18 70 94 59 5 71 30 61 24 60 100 39 12 66 88 58 15 65 91 57 2 69 27 56 21 64 97 51 9 75 85 34 16 67 92 37 3 77 28 52 22 76 98 35 10 62 86 38 13 78 89 53 0 63 25 36 19 79 95 40 6 80 31 41 17 82 93 48 4 84 29 50 23 49 99 44 11 74 87 45 14 73 90 46 1 81 26 47 20 72 96 42 8 83 33 43
17 69 92 55 4 68 30 60 24 59 99 57 11 62 86 56 14 61 89 39 1 66 27 58 21 65 96 41 8 64 33 40 19 75 94 51 6 67 31 38 25 54 100 37 12 76 87 52 15 77 90 35 2 78 28 34 22 79 97 36 9 63 84 53 16 81 91 44 3 70 29 43 23 83 98 49 10 82 85 50 13 71 88 45 0 74 26 48 20 73 95 46 7 72 32 47 18 80 93 42 5
68 30 61 23 57 99 60 10 62 87 59 13 69 90 56 1 63 26 55 19 66 96 58 7 65 33 41 16 64 93 40 4 67 29 39 22 53 98 38 9 76 86 54 12 74 89 52 0 75 25 35 18 77 95 34 6 78 32 37 17 79 94 36 5 70 31 44 24 50 100 43 11 84 88 48 14 81 91 51 2 82 27 46 20 73 97 45 8 72 85 47 15 71 92 49 3 80 28 42 21 83
97 61 9 69 84 60 13 68 88 57 0 63 25 56 19 62 94 55 6 66 31 59 17 65 92 58 4 64 29 40 23 41 99 39 11 74 86 38 15 67 90 53 2 75 27 52 21 76 96 35 8 77 33 54 16 78 91 34 3 79 28 36 22 37 98 42 10 71 85 49 14 70 89 50 1 80 26 51 20 83 95 44 7 82 32 48 18 73 93 45 5 72 30 47 24 46 100 43 12 81 87
55 15 69 91 60 2 68 27 56 21 62 97 61 8 70 84 54 16 67 92 59 3 65 28 57 22 58 98 40 9 64 85 38 12 66 88 52 0 63 25 37 19 75 95 39 6 76 31 35 18 77 94 34 5 78 30 33 24 53 100 36 11 79 87 41 14 81 90 49 1 71 26 50 20 82 96 51 7 83 32 44 17 74 93 45 4 73 29 46 23 48 99 47 10 72 86 43 13 80 89 42
1 69 27 55 20 68 96 54 8 70 34 61 18 71 94 60 6 65 32 39 25 59 100 58 12 64 88 57 15 66 91 56 3 75 29 51 22 67 97 50 9 76 85 52 16 77 92 37 4 62 30 35 23 78 98 38 10 79 86 36 13 63 89 53 0 81 26 40 19 80 95 41 7 82 33 42 17 84 93 49 5 73 31 44 24 48 99 45 11 72 87 46 14 74 90 47 2 83 28 43 21
62 96 59 8 63 32 58 17 61 92 57 4 60 29 56 23 55 99 42 11 66 86 43 14 65 89 41 1 64 26 40 20 74 95 39 7 67 31 38 18 75 93 53 5 76 30 36 24 35 100 34 12 77 87 54 15 78 90 37 2 79 27 33 21 69 97 44 9 68 84 49 16 82 91 50 3 83 28 51 22 70 98 46 10 73 85 48 13 71 88 52 0 72 25 47 19 81 94 45 6 80
31 61 17 68 93 60 4 63 29 59 23 56 99 57 10 62 86 55 13 66 89 58 1 65 26 41 20 69 96 40 7 64 33 39 16 67 92 38 3 75 28 54 22 52 98 53 9 76 85 35 12 77 88 34 0 78 25 37 19 74 95 36 6 79 32 42 18 70 94 49 5 80 30 48 24 51 100 50 11 83 87 44 14 82 90 45 2 73 27 46 21 71 97 47 8 72 84 43 15 81 91
55 3 69 28 62 22 68 98 60 10 71 86 61 13 70 89 58 0 67 25 59 19 66 95 57 7 65 32 56 17 64 93 38 5 63 30 53 24 52 100 54 12 76 88 39 15 74 91 51 2 75 27 35 21 77 97 37 9 78 34 36 16 79 92 40 4 80 29 50 23 41 99 48 11 85 87 49 14 81 90 44 1 84 26 45 20 82 96 46 8 73 33 47 18 72 94 42 6 83 31 43
25 55 100 54 12 69 87 61 15 68 90 59 2 71 28 60 21 70 96 57 8 65 84 38 16 67 91 58 3 64 29 56 22 66 97 51 9 62 85 52 13 75 88 37 0 76 26 39 19 63 94 34 6 77 32 53 18 78 93 35 5 79 31 36 24 40 99 41 11 81 86 50 14 80 89 48 1 83 27 49 20 82 95 44 7 74 33 45 17 73 92 46 4 72 30 47 23 43 98 42 10
69 86 55 13 68 90 54 1 61 26 57 20 60 96 56 7 66 32 39 18 65 94 59 5 64 30 58 24 41 100 40 11 75 88 35 15 67 91 34 2 77 27 37 21 76 97 52 8 62 84 33 16 78 92 38 3 63 28 53 22 79 98 36 9 71 85 42 12 70 89 49 0 82 25 50 19 83 95 51 6 74 31 44 17 73 93 48 4 72 29 45 23 46 99 47 10 81 87 43 14 80
90 60 2 62 27 58 20 68 96 57 8 63 33 56 17 61 93 55 5 65 30 42 23 59 99 41 11 64 86 40 14 66 89 39 1 74 26 38 19 67 95 53 7 75 32 52 18 76 94 35 6 78 31 34 24 54 100 37 12 79 87 36 15 77 91 44 3 81 28 45 21 69 97 51 9 83 84 50 16 82 92 46 4 70 29 48 22 73 98 47 10 72 85 49 13 71 88 43 0 80 25
62 18 69 94 60 6 68 31 61 16 70 92 56 4 63 29 55 23 58 99 59 10 66 86 57 13 65 89 40 1 64 26 39 20 74 96 38 8 67 33 53 15 75 91 52 3 76 28 35 22 34 98 54 9 77 85 37 12 78 88 36 0 79 25 41 19 81 95 49 7 71 32 50 17 84 93 51 5 83 30 44 24 45 100 48 11 82 87 46 14 73 90 47 2 72 27 43 21 80 97 42
9 69 85 55 16 68 92 54 3 70 29 61 23 71 98 60 10 66 86 57 13 65 89 59 0 67 26 58 20 64 95 56 6 62 32 37 18 75 94 52 5 76 31 53 25 38 100 39 12 77 88 51 15 78 91 50 2 63 28 35 22 79 97 36 8 80 34 40 17 82 93 41 4 84 30 48 24 42 99 49 11 74 87 44 14 73 90 45 1 81 27 46 21 72 96 47 7 83 33 43 19
69 94 55 6 68 30 60 24 59 100 57 12 62 87 56 15 61 90 41 2 65 27 54 21 64 97 40 9 67 84 58 16 66 91 38 3 63 28 52 22 53 98 37 10 76 85 39 13 75 88 35 0 77 25 34 19 78 95 33 7 79 31 36 18 71 93 42 5 70 29 49 23 48 99 50 11 83 86 51 14 82 89 44 1 74 26 45 20 73 96 46 8 72 32 47 17 81 92 43 4 80
29 55 22 60 98 61 10 68 86 59 13 62 89 56 1 69 26 39 19 70 95 58 7 66 33 57 17 65 93 40 5 64 31 51 24 38 100 37 11 67 87 54 14 76 90 52 2 75 27 35 20 77 96 34 8 78 84 36 15 79 91 53 3 63 28 44 21 81 97 41 9 80 85 49 12 83 88 50 0 82 25 45 18 71 94 48 6 74 32 46 16 73 92 47 4 72 30 42 23 43 99
60 11 62 87 58 14 68 90 57 1 63 26 56 20 61 96 55 7 66 32 59 17 65 93 42 4 64 29 41 23 40 99 39 10 74 86 38 13 67 89 53 0 75 25 36 19 76 95 35 6 77 31 54 18 78 94 34 5 79 30 37 24 33 100 44 12 81 88 49 15 69 91 50 2 82 27 51 21 83 97 46 8 70 84 48 16 73 92 52 3 71 28 47 22 72 98 45 9 80 85 43
13 69 88 62 0 68 26 60 20 70 95 61 7 63 32 56 18 66 93 55 5 65 30 58 24 57 99 59 11 64 86 40 15 74 90 39 2 67 28 38 22 75 97 53 9 76 34 52 17 77 92 51 4 78 29 35 23 37 98 54 10 79 85 36 14 81 89 41 1 71 27 43 21 84 96 50 8 83 33 49 19 82 94 44 6 73 31 45 25 46 100 48 12 72 87 47 16 80 91 42 3
69 28 55 21 68 97 54 8 61 85 56 15 70 92 60 3 66 29 57 22 65 98 59 9 64 86 40 12 67 89 58 0 63 25 37 18 62 95 52 6 75 32 38 17 76 94 39 5 78 31 51 24 53 100 34 11 79 88 35 14 77 91 36 2 81 27 41 20 71 96 43 7 82 33 50 16 84 93 49 4 73 30 44 23 48 99 45 10 72 87 46 13 74 90 47 1 80 26 42 19 83
95 55 7 68 32 60 18 70 93 59 5 62 30 56 24 61 100 39 12 66 87 58 15 65 90 57 2 69 27 40 21 64 97 51 9 75 84 38 16 67 91 37 3 76 28 52 22 54 98 35 10 77 85 34 13 78 88 53 0 63 25 36 19 79 94 41 6 71 31 43 17 82 92 48 4 83 29 49 23 50 99 44 11 74 86 45 14 73 89 46 1 81 26 47 20 72 96 42 8 80 33
55 16 69 92 60 4 68 29 59 23 57 99 56 10 62 86 39 13 61 89 58 1 66 26 41 20 65 96 40 7 64 32 35 18 75 94 38 5 67 30 54 24 37 100 52 11 76 87 33 14 77 90 34 2 78 27 36 21 79 97 53 8 63 84 44 15 81 91 49 3 70 28 51 22 83 98 50 9 82 85 45 12 71 88 48 0 74 25 46 19 73 95 47 6 72 31 43 17 80 93 42
5 68 31 62 24 61 99 60 11 63 87 59 14 69 90 56 1 70 27 55 20 66 96 58 8 65 34 57 17 64 93 40 4 67 30 39 23 53 98 38 10 76 86 54 13 74 89 52 0 75 26 51 19 77 95 35 7 78 33 37 18 79 94 36 6 80 32 44 25 42 100 41 12 84 88 48 15 81 91 50 2 82 28 46 21 73 97 45 9 72 85 47 16 71 92 49 3 83 29 43 22
69 97 55 9 68 85 60 13 70 88 61 0 62 25 56 19 67 94 58 6 66 31 59 17 65 92 57 4 64 29 40 23 38 99 52 11 74 87 53 15 63 90 54 2 76 27 39 21 75 96 35 8 77 33 34 16 78 91 37 3 79 28 36 22 41 98 49 10 81 86 50 14 71 89 48 1 83 26 51 20 84 95 44 7 82 32 45 18 73 93 46 5 72 30 47 24 43 100 42 12 80
