74 75 -38 43 -66 -8 40 1 30 30
66 -91 77 25 -20 3 48 86 -20 -29
43 -9 0 -60 42 -79 56 93 28 87
-25 34 -79 -1 -90 1 12 47 81 90
-9 44 -24 8 64 -76 -11 -49 13 -70
-14 -2 76 87 70 61 -87 -40 -22 -19
-53 80 93 23 -19 8 58 90 -48 -66
-32 40 10 -61 -64 23 -42 49 -12 -13
82 27 -94 -93 11 72 -73 93 -38 40
-35 46 36 -81 -46 61 96 8 67 -61
30 -68 -74 -86 84 52 75 -26 22 -32
86 -14 -59 -16 16 -38 36 81 35 70
-20 94 67 81 42 96 -91 13 -3 76
-56 -90 -93 -99 0 -10 -13 -79 -75 -10
-91 96 77 -26 -31 -65 -18 -16 -65 -94
-50 40 49 91 39 -90 98 49 63 -90
92 -49 -85 -92 49 8 -31 78 -55 -95
-52 50 -36 -63 -29 -87 26 68 24 -57
1 -16 -13 -57 -28 65 -9 -81 -94 57
-66 -29 -75 -7 -15 15 -96 43 -70 78
87 10 -10 -49 23 93 3 -83 -4 88
-33 69 56 -13 -41 60 7 4 49 35
-2 -11 -91 0 -67 70 73 -87 -59 70
-92 64 82 75 7 75 -51 91 85 -5
90 -83 -65 -9 -16 -56 -73 14 -4 72
20 98 -27 42 43 -79 -58 71 -16 -8
-31 -92 -97 84 51 -32 88 98 -94 -76
13 6 28 69 -51 21 -96 55 -82 44
-81 52 4 28 17 -13 41 57 16 45
31 22 46 39 -80 22 69 -97 93 -10
-2 95 94 -3 -97 53 -77 -69 -73 11
-41 37 -21 32 34 -33 -80 88 5 -38
18 38 -46 97 -82 28 -64 -13 20 20
77 -56 -24 10 -55 72 -91 -16 -4 -30
-33 70 -50 46 -43 5 -16 58 -38 14
-32 -91 78 17 -76 -96 -31 29 30 25
62 18 42 -59 97 69 6 -69 -11 49
79 71 0 -62 -30 42 30 -73 -38 36
-28 -47 36 -91 -45 -16 40 -16 58 -55
94 63 -15 -53 -98 56 81 -88 29 -35
-39 31 27 32 -1 -42 50 23 47 -86
91 47 -10 -7 14 59 65 2 -20 38
-44 -4 36 65 -92 -40 -54 -21 -74 19
-55 80 64 -4 46 -35 11 82 89 19
12 14 -27 65 -91 60 -16 17 9 5
74 -38 -69 31 -97 -43 -96 32 19 -90
31 -94 40 -89 -76 16 -47 31 -24 -27
98 14 8 99 23 -91 70 87 -53 -73
-82 81 -84 37 -60 7 33 17 -36 -97
-85 76 -2 58 19 -76 -21 -77 -48 71
-83 20 -56 37 -47 -82 -7 14 23 -88
-79 59 -32 16 67 76 71 15 63 -63
-69 61 92 -73 -75 -87 -62 -49 35 60
58 18 23 -71 66 -13 78 -7 13 -99
-22 -37 -94 -79 -85 -68 80 81 13 -76
-80 -9 42 -15 -2 -14 43 -5 53 -60
13 -14 64 -39 -48 33 -24 60 0 58
-62 19 53 73 0 0 50 -52 -98 91
-1 98 36 34 97 78 20 87 -24 -79
-24 57 -80 -75 -82 54 50 -74 -23 64
44 25 32 50 72 -1 -16 -52 -87 94
6 24 -75 8 93 -79 -67 -12 -72 51
-72 78 -68 -27 -85 50 -48 -78 99 -50
53 89 42 -20 -27 98 68 -73 10 -78
88 -85 -11 -50 -68 72 48 -71 94 -61
35 66 74 -5 82 -31 -2 -54 -67 21
-90 20 13 -35 0 95 52 -69 99 -38
-16 41 80 -54 -28 -56 5 10 49 29
24 93 88 75 9 23 79 51 57 82
-69 -7 0 0 -74 32 -36 98 -47 -53
-51 -48 26 55 -67 67 -64 35 7 9
-76 -21 -45 58 -48 -13 29 69 -30 -52
-31 -62 40 -88 25 -2 76 -40 -16 -2
63 -93 6 3 81 -75 -71 -65 14 -67
85 78 10 71 -34 33 -13 -13 19 -89
67 -87 87 13 49 -50 -38 -35 -85 73
-44 10 33 -77 85 -84 -15 62 36 55
39 32 -47 -67 -79 64 59 71 -22 -24
56 35 -86 65 44 52 57 50 -81 35
-96 -72 -70 57 64 -33 -92 -25 -48 -26
84 23 -92 -6 51 68 82 -65 -73 -68
-51 49 5 98 -88 -54 73 7 13 40
51 -89 -3 -95 38 5 -48 -28 75 -35
-26 -24 -17 -26 99 58 25 -16 19 88
53 15 16 11 55 -17 -15 17 -2 -5
81 28 -48 35 -90 96 91 35 -60 70
-73 -25 -38 -26 65 0 -24 -95 84 8
85 -11 97 63 -40 91 10 16 -84 62
-14 -87 -49 -38 3 19 -49 49 12 -52
-5 38 -73 -22 -9 -52 -31 41 1 -39
48 -4 0 53 76 49 -96 18 -9 -44
-80 -32 4 4 -81 47 -94 -96 79 92
20 -64 -66 88 10 78 63 34 17 83
-53 -53 55 -13 74 -37 98 -46 -83 -39
-45 -27 -42 65 72 -38 90 68 -62 56
-87 -68 -30 11 82 -53 19 -34 80 -3
-91 76 40 14 2 63 22 76 -28 -39
-39 -99 -28 16 42 21 -3 1 -92 11
-9 -7 -51 -75 28 56 47 51 -51 -17
-18 -77 -73 -86 64 -1 7 50 -82 63
