-2 -63 24 47 -73 50 -48 89 -87 65
16 20 -13 -68 32 -6 49 -98 -28 99
-21 -24 -99 83 4 -31 2 32 1 -18
-68 63 6 58 -6 -99 -52 -95 -52 34
-39 42 -52 -40 -70 -10 19 -15 19 -83
-23 54 -9 -57 12 88 49 87 -68 -83
-58 -5 94 -54 -59 45 -27 -30 26 68
97 -18 -47 -16 -15 64 -3 71 26 -10
23 17 3 52 3 62 85 78 -55 47
-39 36 -61 98 72 -5 -9 -17 -80 30
-13 47 -74 -59 67 -17 -56 75 24 79
-13 14 48 -64 98 -22 34 -31 -5 -41
-31 -14 -71 84 -94 -55 26 66 -90 -42
-66 88 23 -61 31 -59 72 -80 65 17
-20 52 -60 -16 -64 -5 -93 -83 98 9
-86 -88 59 -60 -63 6 74 -44 76 96
23 50 27 -30 -46 26 -34 99 41 -63
99 -64 5 76 -91 -90 -75 98 -14 -64
9 -16 -48 52 83 -49 83 22 -1 -31
-95 -3 31 -43 97 -38 -15 13 43 -10
-26 53 -12 16 5 88 73 -34 70 -66
53 -25 96 47 72 46 81 33 -27 -95
-20 20 53 -17 0 89 -49 83 9 -98
86 -22 -66 -21 -53 -57 -24 88 96 45
-32 -3 5 -30 -15 -61 75 -85 71 -74
-4 38 72 62 73 -12 43 48 14 3
91 -22 -34 -81 -27 81 5 92 63 -94
71 48 94 -62 -94 -73 -84 -68 43 -48
14 -96 -12 15 -69 -92 1 14 -42 -11
-89 -58 37 13 23 -15 -40 12 5 31
31 12 15 55 68 -46 40 1 7 39
-91 -64 78 13 11 89 96 81 87 72
39 -29 28 33 -44 83 16 74 -89 -54
-51 -68 -63 22 0 77 -98 42 72 -52
92 -76 90 85 -49 -30 -35 74 -60 -38
-78 -30 -46 66 -18 57 0 40 -33 54
54 -85 -82 64 -28 -33 53 54 10 24
31 67 68 22 -6 -91 -11 -27 -27 -55
-27 -22 82 -11 37 16 -24 -91 -67 -86
-32 10 -26 57 92 14 39 76 -44 -4
13 47 70 -97 25 -73 -62 -33 -57 -21
23 -78 61 40 15 -73 -39 -10 8 -67
-28 -88 -29 -1 56 63 79 98 -85 42
37 30 90 87 -24 -59 97 20 -92 92
-27 -80 -35 79 -93 41 -81 -71 36 65
29 -82 14 -2 55 78 86 8 20 -19
-60 37 64 32 -73 17 -40 2 -2 79
67 -25 -13 37 -77 0 -59 77 85 -64
-79 -29 -80 -51 -65 -18 41 -97 -55 -56
-86 77 33 99 66 -99 -82 -46 -31 83
-74 33 55 -64 4 64 35 33 -66 8
-77 -39 60 -95 14 84 66 51 -44 99
-10 -72 7 -36 -74 -67 23 -28 -1 -33
72 -91 -29 24 -98 99 1 -10 -66 -18
-41 41 21 -13 83 93 35 92 97 -78
27 -32 99 11 60 69 -46 -4 29 -52
77 -24 64 -70 53 -90 9 42 32 -84
14 96 -84 48 -98 4 -67 -71 -36 -16
-32 -92 -19 -79 -29 -1 60 59 -62 65
0 16 -25 12 30 -55 85 37 -71 81
2 -17 90 -13 -54 -29 19 -78 3 -82
-53 25 52 3 -23 25 -94 27 -24 55
20 -32 22 23 69 -54 -35 41 16 -73
-6 22 95 83 -15 -1 -39 -34 -80 -32
-73 -52 7 48 -34 13 -86 12 49 -62
76 79 -47 10 36 -4 89 7 -61 30
-55 57 -58 38 78 72 55 66 19 -3
24 28 65 -31 -29 -95 72 68 -30 -94
-6 15 29 88 -32 -36 -71 -58 -5 -71
-4 3 9 -83 44 -22 -12 95 72 -23
-5 35 -15 -1 -35 17 52 24 -91 -74
57 -21 91 80 -44 -96 52 -56 98 -64
7 42 -55 -21 90 -24 68 80 68 81
-38 19 87 12 54 -43 50 5 64 22
-7 93 -98 6 -92 -28 51 21 -42 -66
23 7 -74 61 -46 -82 73 -74 -35 48
-55 30 2 4 -49 19 26 62 3 95
69 60 46 28 7 56 30 80 -49 -81
-3 19 33 -10 -28 -68 65 -62 68 44
-2 26 -11 79 77 32 -53 34 -58 -79
83 67 -45 62 50 -9 -29 45 -67 -84
-66 -93 79 -80 -57 0 77 -24 -46 -19
-4 50 -31 20 -45 -64 -61 -63 41 -54
13 -47 -39 40 -19 -2 -8 -38 -86 -81
-88 -61 96 -17 46 -22 -35 98 -88 -42
-9 51 60 36 -53 98 -20 22 -19 -13
-26 64 6 -26 57 -33 75 -1 75 -46
-44 -89 -43 -11 48 -22 -94 45 -94 -85
-90 0 -93 -86 61 86 -35 93 18 -64
-16 68 -55 78 45 -57 94 28 -57 29
76 0 16 -82 -15 51 62 3 -23 48
-95 29 -68 -59 -43 25 28 -57 -89 24
2 4 51 63 37 46 21 -3 43 92
-54 -11 61 -32 33 -71 9 90 87 91
-79 -7 49 93 18 -42 -82 -88 0 -35
-9 93 73 5 48 -51 -32 -58 68 92
-98 -7 -83 -84 -31 -97 48 24 -42 3
-62 -97 9 -74 79 -74 82 -85 -74 30
-78 8 -4 23 46 -50 -28 -95 -74 -75
14 5 -36 66 67 99 95 87 88 86
