-55 71 5 -80 -20 15 44 18 22 7
-8 -31 -58 -94 9 -55 -77 -89 -42 -96
2 -20 -29 -86 -77 -68 14 -47 34 -2
51 -27 -93 18 -18 -95 6 15 -48 -7
54 -62 66 -14 -24 45 65 -62 55 47
75 66 -84 67 69 -62 68 -89 52 -2
-28 -73 -99 93 -39 -43 9 -74 -16 -8
-78 -62 94 -12 28 -53 34 72 40 18
41 96 55 34 -68 -30 75 -57 -54 86
61 28 -19 72 19 -85 79 -94 -38 40
-52 -59 -96 25 0 31 -24 -29 -43 0
-39 -24 96 19 -63 6 -26 -76 52 34
-9 13 0 89 -73 -67 -71 -90 -23 37
76 69 -82 -8 -48 15 5 -82 42 94
63 48 48 -76 63 8 -10 -42 -60 52
-94 6 19 -71 -87 41 -89 28 66 72
87 92 -90 19 -53 -99 29 -31 -12 33
10 -31 -21 52 71 10 32 23 46 -76
51 52 -29 4 32 -29 -45 22 85 -44
-56 -74 40 56 53 -93 50 -39 3 39
54 -16 -57 26 39 -98 85 -98 18 71
11 47 40 -88 -57 -76 93 -11 -11 71
-7 -68 -68 -27 19 50 -86 46 -68 -9
98 -33 48 -24 0 68 33 90 -6 1
-92 26 -77 -52 13 -90 34 -32 -1 17
53 -74 5 -75 -17 -79 47 82 -49 19
-56 -66 35 18 -29 27 -65 66 -84 -11
0 58 -69 0 -87 -22 -65 65 36 -48
12 -7 41 30 51 -82 90 -33 -48 -51
-92 -90 54 -85 -82 95 -78 -28 -37 63
-83 69 57 0 -31 -65 -25 -88 61 28
-21 -91 72 -90 -76 -49 11 -30 53 -46
-72 -34 54 48 -61 -51 -36 -83 -34 -55
-93 74 11 77 -85 27 74 -6 -24 -29
64 71 49 -30 75 0 -60 -88 73 97
91 22 65 31 -18 32 24 -72 50 46
-8 -20 58 -59 -1 19 -76 38 6 54
-14 -5 58 -46 86 -18 -97 -77 -64 -15
-66 72 -68 -50 5 93 -91 -21 37 -63
30 -23 -20 93 -42 83 71 5 -20 18
-50 28 44 -6 -48 91 16 -60 52 -25
70 24 -48 20 63 -39 58 -92 -8 -24
80 28 77 -50 -74 54 -33 57 -46 13
-58 -13 91 48 11 -12 75 35 -70 94
48 -92 -3 42 -36 96 85 -92 31 -44
65 94 39 -56 -27 -39 97 -26 25 -51
-71 6 97 -62 76 -38 -29 -90 -90 -4
-53 84 -81 -38 -12 -70 -13 -36 94 -93
-65 -37 -6 -4 55 33 52 94 -33 -39
96 -26 -54 67 -83 -12 45 -42 82 83
-69 -29 37 53 -27 -71 -73 46 73 10
72 -23 -55 -18 60 68 -38 49 45 -24
49 88 82 79 -29 61 45 51 -37 -50
-14 -47 -5 60 89 58 53 21 -96 -54
29 6 -80 -28 -55 93 -62 28 72 91
39 -79 -58 68 -21 3 -29 -1 44 75
-97 49 37 92 -63 53 -46 59 1 24
70 46 -27 75 -41 67 78 57 -57 -27
-59 69 96 -52 -31 2 88 -45 91 -13
0 -83 -64 11 -53 17 72 94 67 86
49 -23 28 -22 25 -50 -14 -72 14 60
85 8 -94 60 95 -41 89 21 39 -97
-74 92 -36 88 55 -74 -41 2 -73 34
2 79 -81 0 -3 46 59 12 -38 -59
-88 7 60 -91 -15 25 -67 6 -25 72
-91 6 -7 40 6 86 68 35 18 92
-89 -89 -85 95 -77 -56 -66 -20 55 -71
63 -47 -92 -59 -53 -41 93 53 32 -90
-1 -75 -83 -26 -92 -93 -31 40 25 -28
84 -98 -3 26 85 -14 38 -72 19 99
46 82 79 10 -59 -91 59 40 67 27
78 -99 45 -30 -45 95 85 -77 -81 30
-72 25 6 94 -14 3 48 24 -99 -34
-51 -35 70 63 -8 -54 39 18 -30 4
90 19 -92 52 86 21 -69 -4 -62 91
-39 -21 2 -79 31 -4 -77 -28 -18 -82
32 4 -49 -53 0 69 -52 -2 67 -63
-35 52 -91 -20 -46 8 -72 -48 -98 -25
-18 -45 20 0 -56 -14 86 -42 26 18
21 4 -5 23 -71 -95 3 -95 -10 59
-17 59 -7 61 -96 44 35 76 47 15
-23 -42 40 -40 3 -15 58 8 -41 -10
-56 76 34 22 45 76 -24 -60 -60 -73
10 98 53 -34 45 -25 -18 -37 -67 8
95 -95 -7 8 -79 -59 74 50 39 62
-96 -66 41 -78 6 -37 -58 -23 -92 63
20 12 84 15 -83 21 -77 57 64 42
-20 79 23 41 28 -98 -54 37 -65 50
-17 -11 -61 -88 92 0 -10 27 71 -80
-15 -54 3 -14 89 -57 24 -28 -53 -62
-15 7 37 -23 -52 -11 33 97 39 3
6 92 -43 -34 -37 -86 79 46 97 73
-6 -16 -2 -98 5 93 1 79 -82 99
23 60 -62 27 77 -80 93 22 -2 -25
-92 -35 -81 26 28 -21 20 25 -95 39
-77 64 -29 82 -39 -3 9 67 52 -71
28 93 -98 62 -48 54 69 96 30 -12
-34 17 -98 52 -80 7 -50 20 -95 20
-49 -60 91 -55 34 -89 81 -75 38 72
86 10 94 -1 -37 -7 32 43 12 -92
