-37 -15 -51 -34 -11 54 -99 -65 -96 -79
-61 0 -43 -99 -3 84 -88 -14 -24 72
86 -8 39 -80 24 91 93 -10 -32 -58
67 -49 -32 88 65 51 -66 -61 -41 -40
-88 -66 -42 79 57 12 17 -85 -50 -56
8 31 10 -24 -63 28 51 -95 51 -94
4 13 -26 41 47 85 43 42 -6 44
30 -67 32 -87 64 80 57 -62 -27 32
-97 29 -64 -92 55 -23 -94 -49 -67 1
-56 14 82 -90 -63 75 99 -20 -2 -62
-55 -5 57 56 -24 19 -90 -96 -17 93
49 64 49 87 3 6 22 -25 -33 -51
20 13 5 -37 48 -54 16 -9 9 23
3 50 59 79 0 -53 -14 -2 27 15
72 2 -51 -12 -25 28 18 37 47 -68
66 17 39 25 91 -85 -66 29 -83 -73
-35 -7 57 8 0 -53 -67 -80 -48 -50
61 10 -33 -3 84 52 -83 85 -23 39
-75 86 72 -91 -40 28 51 95 18 81
3 -34 -95 90 67 -2 94 -24 -14 -65
-26 79 -21 20 -71 21 0 -45 75 99
-77 66 -42 -7 99 -66 86 -64 -68 54
23 97 -33 -52 -48 33 51 -58 66 -77
24 -65 70 -75 -56 28 -87 -28 15 46
-44 25 -20 -50 -7 -68 -78 94 -11 -27
23 27 8 -39 -89 -51 -43 82 -3 -43
-83 22 -97 29 -86 46 -35 -50 -84 -91
15 73 -72 83 -54 54 -94 -16 -77 -71
40 -25 89 -33 89 -46 -5 -56 13 54
-85 21 -48 -47 83 -74 35 -63 53 64
71 48 66 78 -77 9 -97 80 68 81
-70 96 -45 -92 -64 87 66 79 27 89
-65 4 -71 72 -86 -15 -58 76 16 3
79 67 -89 18 58 20 56 35 -56 20
43 41 -61 -74 71 -33 78 43 18 10
63 -61 59 -58 -88 71 -57 -29 96 75
59 -4 28 -59 -64 26 40 26 80 -5
95 -84 20 31 -84 70 -39 -80 -45 -89
-23 -73 65 8 56 87 25 -54 37 65
-30 -36 21 -29 14 13 -69 -94 -81 -65
-38 -65 -51 -32 84 95 -14 -54 64 -63
86 98 96 47 -2 -92 93 -40 -83 -61
-21 -43 -91 29 -94 -92 45 -26 83 21
-52 -59 -62 -74 73 -32 53 -33 -85 90
44 92 57 46 -27 74 45 99 -86 -90
-62 8 90 31 26 52 -93 -18 -42 47
62 41 -23 15 -91 38 -23 -24 -57 90
-67 -21 59 61 -14 -20 39 61 -69 38
77 50 -62 5 -45 -48 -21 6 43 -43
0 -32 -11 -66 56 -95 0 -40 -60 -83
10 -58 -59 -72 -27 -10 -83 -90 8 -79
45 92 67 -92 -82 -75 44 53 31 84
24 43 63 2 84 -96 10 98 -90 -80
73 11 -14 -8 -32 75 7 0 98 90
-5 -88 97 -5 3 -54 -92 48 38 92
-11 18 -36 33 29 -69 -33 -61 4 -78
-19 96 99 78 38 16 60 24 97 60
-10 33 -13 94 54 10 -90 92 23 -50
-11 7 85 -75 10 56 -79 70 85 -51
18 77 -6 -36 0 95 -92 -94 15 36
-30 71 -89 92 -90 -39 -78 -52 -50 91
31 -13 25 -44 -86 54 -23 67 -29 96
-45 -67 59 82 11 -15 40 -36 -37 50
-23 82 10 -90 -28 7 -86 -23 -3 -94
84 39 -52 93 -50 67 -11 -93 -32 2
-73 74 68 0 -78 -78 -69 77 -80 18
-50 85 -82 98 76 -96 99 -6 -56 15
-31 84 -94 -64 75 85 48 -81 27 -97
92 37 89 89 -41 -65 39 -31 96 98
24 -91 -69 -2 -8 20 97 -48 -98 60
-63 85 -41 61 -18 64 47 -5 -42 84
63 -59 -8 -73 30 46 -52 29 -52 0
87 39 -5 54 -47 25 46 76 -9 -4
8 69 -48 -54 -78 77 55 -27 -63 50
-82 -43 -98 0 49 43 -42 31 51 -64
-61 81 31 -61 4 82 55 -96 -82 23
-47 -32 -13 -51 56 -36 -64 42 -14 -24
73 57 81 3 7 76 64 -99 -97 -5
80 26 -11 -81 37 65 -67 45 -8 25
-94 -37 -64 5 -52 69 0 60 -78 49
-18 -95 -60 81 -37 99 48 98 0 -59
-53 -95 78 -40 94 83 66 -4 -12 -72
78 -98 -28 72 -4 46 26 8 -25 -87
33 22 25 -17 98 -15 26 46 68 92
-54 7 -1 -95 -51 -47 43 -73 -35 -49
29 60 64 -66 -10 69 28 43 75 20
-78 47 56 -91 63 66 85 -77 60 56
43 -6 65 -16 64 -31 9 -85 73 -3
-78 91 1 -38 87 -11 -64 -56 -70 -24
-53 92 -41 10 -47 -5 -18 69 -62 63
-58 -33 27 -17 92 52 -65 67 11 -68
-63 22 79 -83 87 -99 -63 -53 -51 -91
89 36 22 11 -47 66 -6 40 92 95
35 49 61 2 46 -72 -84 83 63 -13
-82 69 -14 56 -26 17 -24 -52 -52 -49
80 18 -6 79 -68 -14 8 -91 1 50
-76 -24 -16 -41 32 65 3 -30 55 -11
45 69 89 -40 -46 -34 15 95 68 -74
-94 -51 -71 87 -31 55 -44 -72 -33 0
-79 -81 62 -34 41 -81 21 -41 74 -51
