-37 -39 54 -77 -17 18 29 -33 -81 81
-25 85 75 -47 -97 4 8 -3 74 -46
-95 85 -28 68 -81 -79 95 78 -24 -72
36 -97 -99 -6 63 -85 -6 1 10 7
-72 45 92 33 -97 8 40 96 -56 -12
87 88 37 94 -56 88 -1 39 69 -1
95 45 -59 84 14 46 71 83 33 -63
-83 10 -41 77 -27 1 60 26 -69 -78
-89 67 38 42 99 84 -54 -57 84 -70
92 -83 66 -51 3 -87 26 -28 -93 -62
38 -2 -96 7 -86 -93 99 84 -76 71
98 71 -14 -81 76 -7 -44 -74 33 74
-16 49 -42 51 87 8 66 12 91 37
98 -40 -95 -85 54 -5 59 86 -69 -87
3 29 -86 -28 90 75 37 -96 97 56
25 -42 0 84 3 40 -11 -55 -7 66
-2 -56 60 95 10 89 15 -75 94 3
70 27 -2 -37 72 -96 71 -88 -69 -88
51 -37 35 -13 -80 -87 -14 -1 -6 -17
0 10 96 -82 7 -51 -57 -33 96 43
51 30 -80 85 -6 -13 42 -94 -76 -56
-38 -79 17 83 -31 -44 82 69 96 -38
-44 -41 95 58 47 -8 78 -86 -52 -67
12 -75 -49 -11 -46 87 -31 47 42 -9
-25 89 74 -30 15 -79 42 -80 -66 -62
17 -43 -46 44 -54 -52 -30 -78 56 -53
-42 -66 2 20 -75 42 87 -50 -16 77
55 38 38 -34 -81 34 91 4 58 -20
0 -5 15 -85 -19 15 -75 -8 73 -14
-83 49 -80 83 82 -8 -38 -48 -43 19
-52 68 -63 -29 -46 -89 89 -18 -95 28
48 65 52 -6 32 -22 65 -10 19 27
-20 56 -15 -96 16 -72 16 9 -66 48
-64 -38 -68 9 -38 44 14 0 -80 27
1 -97 3 97 68 -33 -54 89 93 -1
61 52 -9 8 84 -3 20 -31 -66 83
99 77 -39 84 79 40 36 39 78 -75
19 -7 72 42 -22 23 -74 99 61 50
-67 61 92 74 32 60 60 28 -85 -62
-80 26 0 1 -50 -12 -33 -51 82 -54
46 27 -3 58 -75 60 -13 61 66 -50
-18 -15 -21 81 1 28 91 54 82 -65
98 -51 27 93 -85 43 -86 47 -76 55
90 -73 91 80 0 -96 36 30 -6 15
-15 13 66 -37 -76 93 -10 -46 24 -79
-85 46 -14 60 5 62 46 -27 -79 -81
62 -91 95 -22 54 49 -47 47 97 43
56 -76 18 8 -99 56 24 -47 -14 -96
-46 29 -6 -78 92 18 -9 59 20 -74
-72 -1 -77 -73 39 50 -93 31 32 43
80 -15 24 -90 2 -8 10 85 61 91
30 40 -94 91 -91 -95 22 72 -8 35
-60 -47 56 16 -45 -51 -73 50 57 0
-38 -98 -53 -14 -9 17 45 22 85 53
-6 30 -19 -87 -93 97 16 -75 -15 72
-71 -33 -20 -64 93 78 -29 45 -47 41
-22 -68 60 -36 -94 11 -97 33 10 38
50 -80 -43 23 95 13 25 -16 55 13
77 -42 -8 -62 -99 9 -64 -57 -83 70
29 51 17 19 35 87 -76 64 98 -66
-38 -94 -36 23 -4 95 -94 -50 85 -83
-95 88 -19 -49 -48 97 -54 42 59 46
-67 -70 -38 -78 -44 25 27 -23 91 -55
42 89 -39 -11 -87 -98 77 -87 87 -78
-92 -95 72 5 -14 -91 -50 -32 57 -13
88 -73 -32 -48 -27 -60 -88 -47 0 0
-59 47 -9 -97 -26 72 58 -32 -27 47
-67 38 8 41 -52 11 -25 11 -53 32
53 29 -9 -12 -16 -63 -65 -53 -1 40
3 93 -38 -88 -53 -55 31 59 0 -50
-78 -19 66 28 74 -99 56 73 74 73
-37 30 -48 85 4 12 -82 -31 -59 -31
69 -58 -86 31 -8 46 -79 -62 -38 -15
9 19 8 -68 65 -56 -11 -72 66 39
-52 -98 -37 69 57 -85 -99 48 48 -10
17 -51 48 41 0 -69 -20 95 -53 37
-21 13 -58 77 -28 3 40 76 22 -54
-19 79 41 -9 -72 42 -10 -46 12 -17
-92 -98 -1 -60 13 82 -1 -75 48 2
36 35 7 -11 56 -6 6 -63 -55 2
-57 40 -20 48 50 68 -95 76 59 68
15 -60 -71 86 -7 31 83 2 -58 -2
-63 -6 88 55 65 54 -84 -15 -49 -59
68 -87 59 -71 85 13 68 -44 -76 -67
-25 86 -27 -29 -31 14 73 14 80 -25
54 -34 -28 59 81 0 -75 82 -70 88
65 -91 -74 53 85 25 81 -72 -91 -99
-64 84 -45 -19 45 -74 74 0 13 61
78 -73 -19 29 -58 -47 -78 -94 -52 -94
58 -68 -49 64 45 -81 -55 55 97 20
16 61 16 -95 12 80 -67 -41 -81 80
41 26 70 81 -94 -3 -20 -37 -34 -31
77 83 21 -94 -49 -21 91 -41 -57 -27
-60 -3 -82 60 -59 23 22 54 -41 32
-25 -38 -57 -72 -9 -76 -3 -26 -7 86
-46 51 -34 31 0 10 72 -19 -43 -4
10 17 98 43 4 -62 -22 -3 -14 81
17 -64 -48 -36 -4 -85 23 -65 -49 38
42 -67 -93 73 -30 -30 10 79 74 21
68 -15 -97 77 31 -25 96 5 -73 -92
