-58 44 -58 -43 -58 56 -58 -93 -58 6
-58 -18 -58 81 -58 -68 -58 31 -58 -33
-58 66 -58 -83 -58 16 -58 -8 -58 91
-58 -58 -58 41 -58 -46 -58 53 -58 -96
-58 3 -58 -21 -58 78 -58 -71 -58 28
-58 -27 -58 72 -58 -77 -58 22 -58 -2
-58 97 -58 -52 -58 47 -58 -40 -58 59
-58 -90 -58 9 -58 -15 -58 84 -58 -65
-58 34 -58 -34 -58 65 -58 -84 -58 15
-58 -9 -58 90 -58 -59 -58 40 -58 -47
-58 52 -58 -97 -58 2 -58 -22 -58 77
-58 -72 -58 27 -58 -28 -58 71 -58 -78
-58 21 -58 -3 -58 96 -58 -53 -58 46
-58 -41 -58 58 -58 -91 -58 8 -58 -16
-58 83 -58 -66 -58 33 -58 -31 -58 68
-58 -81 -58 18 -58 -6 -58 93 -58 -56
-58 43 -58 -44 -58 55 -58 -94 -58 5
-58 -19 -58 80 -58 -69 -58 30 -58 -25
-58 74 -58 -75 -58 24 -58 0 -58 99
-58 -50 -58 49 -58 -37 -58 62 -58 -87
-58 12 -58 -12 -58 87 -58 -62 -58 37
-58 -36 -58 63 -58 -86 -58 13 -58 -11
-58 88 -58 -61 -58 38 -58 -48 -58 51
-58 -98 -58 1 -58 -23 -58 76 -58 -73
-58 26 -58 -30 -58 69 -58 -80 -58 19
-58 -5 -58 94 -58 -55 -58 44 -58 -42
-58 57 -58 -92 -58 7 -58 -17 -58 82
-58 -67 -58 32 -58 -33 -58 66 -58 -83
-58 16 -58 -8 -58 91 -58 -58 -58 41
-58 -45 -58 54 -58 -95 -58 4 -58 -20
-58 79 -58 -70 -58 29 -58 -26 -58 73
-58 -76 -58 23 -58 -1 -58 98 -58 -51
-58 48 -58 -39 -58 60 -58 -89 -58 10
-58 -14 -58 85 -58 -64 -58 35 -58 -35
-58 64 -58 -85 -58 14 -58 -10 -58 89
-58 -60 -58 39 -58 -47 -58 52 -58 -97
-58 2 -58 -22 -58 77 -58 -72 -58 27
-58 -28 -58 71 -58 -78 -58 21 -58 -3
-58 96 -58 -53 -58 46 -58 -41 -58 58
-58 -91 -58 8 -58 -16 -58 83 -58 -66
-58 33 -58 -32 -58 67 -58 -82 -58 17
-58 -7 -58 92 -58 -57 -58 42 -58 -44
-58 55 -58 -94 -58 5 -58 -19 -58 80
-58 -69 -58 30 -58 -25 -58 74 -58 -75
-58 24 -58 0 -58 99 -58 -50 -58 49
-58 -38 -58 61 -58 -88 -58 11 -58 -13
-58 86 -58 -63 -58 36 -58 -36 -58 63
-58 -86 -58 13 -58 -11 -58 88 -58 -61
-58 38 -58 -49 -58 50 -58 -99 -58 0
-58 -24 -58 75 -58 -74 -58 25 -58 -30
-58 69 -58 -80 -58 19 -58 -5 -58 94
-58 -55 -58 44 -58 -42 -58 57 -58 -92
-58 7 -58 -17 -58 82 -58 -67 -58 32
-58 -33 -58 66 -58 -83 -58 16 -58 -8
-58 91 -58 -58 -58 41 -58 -46 -58 53
-58 -96 -58 3 -58 -21 -58 78 -58 -71
-58 28 -58 -27 -58 72 -58 -77 -58 22
-58 -2 -58 97 -58 -52 -58 47 -58 -39
-58 60 -58 -89 -58 10 -58 -14 -58 85
-58 -64 -58 35 -58 -34 -58 65 -58 -84
-58 15 -58 -9 -58 90 -58 -59 -58 40
-58 -46 -58 53 -58 -96 -58 3 -58 -21
-58 78 -58 -71 -58 28 -58 -28 -58 71
-58 -78 -58 21 -58 -3 -58 96 -58 -53
-58 46 -58 -40 -58 59 -58 -90 -58 9
-58 -15 -58 84 -58 -65 -58 34 -58 -31
-58 68 -58 -81 -58 18 -58 -6 -58 93
-58 -56 -58 43 -58 -43 -58 56 -58 -93
-58 6 -58 -18 -58 81 -58 -68 -58 31
-58 -25 -58 74 -58 -75 -58 24 -58 0
-58 99 -58 -50 -58 49 -58 -37 -58 62
-58 -87 -58 12 -58 -12 -58 87 -58 -62
-58 37 -58 -35 -58 64 -58 -85 -58 14
-58 -10 -58 89 -58 -60 -58 39 -58 -48
-58 51 -58 -98 -58 1 -58 -23 -58 76
-58 -73 -58 26 -58 -29 -58 70 -58 -79
-58 20 -58 -4 -58 95 -58 -54 -58 45
-58 -42 -58 57 -58 -92 -58 7 -58 -17
-58 82 -58 -67 -58 32 -58 -32 -58 67
-58 -82 -58 17 -58 -7 -58 92 -58 -57
-58 42 -58 -45 -58 54 -58 -95 -58 4
-58 -20 -58 79 -58 -70 -58 29 -58 -26
-58 73 -58 -76 -58 23 -58 -1 -58 98
-58 -51 -58 48 -58 -39 -58 60 -58 -89
-58 10 -58 -14 -58 85 -58 -64 -58 35
-58 -35 -58 64 -58 -85 -58 14 -58 -10
-58 89 -58 -60 -58 39 -58 -48 -58 51
-58 -98 -58 1 -58 -23 -58 76 -58 -73
-58 26 -58 -29 -58 70 -58 -79 -58 20
-58 -4 -58 95 -58 -54 -58 45 -58 -42
-58 57 -58 -92 -58 7 -58 -17 -58 82
-58 -67 -58 32 -58 -32 -58 67 -58 -82
-58 17 -58 -7 -58 92 -58 -57 -58 42
-58 -45 -58 54 -58 -95 -58 4 -58 -20
-58 79 -58 -70 -58 29 -58 -26 -58 73
-58 -76 -58 23 -58 -1 -58 98 -58 -51
-58 48 -58 -39 -58 60 -58 -89 -58 10
-58 -14 -58 85 -58 -64 -58 35 -58 -37
-58 62 -58 -87 -58 12 -58 -12 -58 87
-58 -62 -58 37 -58 -49 -58 50 -58 -99
