85 16 35 10 51 36 118 121 3 74 119 105 84 33 4 43 64 87 48 39 47 0 34 9 11 112 92 8 96 31 71 7 62 86 52 116 107 102 68 21 17 1 46 123 15 115 103 77 13 53 91 104 88 90 78 101 75 95 125 26 61 81 83 122 44 98 38 58 67 5 45 55 120 24 108 100 23 106 28 40 111 25 69 27 126 72 89 124 73 12 41 6 113 110 20 117 99 19 94 14 60 109 63 29 32 97 30 54 50 70 82 65 49 80 37 59 2 22 114 76 79 42 93 57 66 56 18
16 107 31 11 25 67 91 101 6 57 124 92 71 102 55 70 14 114 66 5 96 27 99 98 88 60 40 73 45 24 1 125 42 115 43 50 10 119 56 4 126 58 44 112 103 13 15 83 29 53 9 74 49 93 111 19 61 100 3 7 37 84 113 34 81 2 36 38 46 54 33 76 86 104 30 79 89 35 47 68 59 39 80 20 0 69 94 64 118 63 12 48 52 109 72 41 22 117 95 21 110 75 121 23 65 82 18 85 78 116 26 8 51 106 90 120 17 123 62 122 97 28 108 105 77 32 87
4 117 36 114 83 1 85 63 123 107 70 94 48 61 78 97 50 74 44 71 38 66 47 115 118 56 23 0 90 88 18 110 54 105 67 17 25 65 34 20 73 91 26 35 42 27 46 92 7 11 69 8 16 58 9 14 84 124 60 13 106 121 5 104 62 30 89 24 98 52 72 59 6 10 76 64 125 82 109 113 3 19 49 51 29 55 87 86 120 111 80 43 79 53 39 28 45 119 37 95 101 32 15 21 102 116 122 99 68 93 126 81 2 108 40 77 12 57 112 100 96 31 75 41 103 22 33
13 83 124 61 102 77 88 66 5 69 31 44 99 20 40 80 96 105 17 7 119 94 1 30 19 6 36 26 32 60 37 89 16 57 38 52 55 9 23 71 90 42 109 120 3 14 53 91 93 10 113 64 78 106 122 101 86 25 4 118 54 49 45 24 84 76 43 0 125 95 28 48 87 100 65 114 41 63 115 92 121 108 21 59 68 50 72 85 79 56 126 18 103 29 58 8 117 111 2 107 34 15 73 112 27 98 75 67 123 81 47 82 116 74 104 51 12 97 39 62 11 110 33 70 46 35 22
74 60 9 78 115 26 110 50 11 105 94 41 55 72 4 33 88 102 118 1 120 96 35 42 34 119 121 69 31 107 101 97 19 84 43 8 79 32 38 10 56 82 63 85 116 44 117 5 45 48 65 47 21 57 126 123 83 13 23 59 108 0 49 81 124 111 54 39 122 3 77 51 75 87 53 125 76 24 66 103 17 22 37 95 86 98 70 25 91 36 30 46 28 90 100 12 62 92 61 73 106 80 113 15 18 2 112 20 27 7 99 109 71 6 67 68 14 89 52 93 64 58 29 40 16 104 114
21 55 111 77 59 32 50 82 103 45 44 71 58 84 36 40 5 126 114 46 106 61 86 121 115 102 11 37 57 56 67 2 7 12 107 113 41 123 38 104 117 10 90 15 70 6 53 65 92 105 68 48 16 98 47 108 24 72 43 78 8 120 13 87 17 20 81 35 95 63 101 116 30 23 100 88 74 91 66 69 110 29 93 51 85 118 80 52 9 18 28 73 97 94 3 62 49 75 31 39 4 0 26 19 124 1 122 60 42 27 64 54 76 99 34 33 125 83 14 79 89 96 119 109 25 22 112
0 42 52 108 118 96 74 11 35 85 60 126 107 111 31 76 56 91 9 46 69 33 124 90 95 54 125 26 22 55 104 53 34 43 63 20 105 73 28 120 48 93 101 27 24 57 39 119 37 83 47 102 49 38 75 110 36 89 114 71 81 62 13 100 72 17 70 25 23 94 14 97 45 106 4 61 116 87 103 51 7 30 16 88 10 44 29 86 12 109 66 64 67 8 78 15 79 58 123 1 5 32 68 98 50 77 112 113 92 41 2 121 65 84 40 115 21 82 3 6 59 117 80 19 18 99 122
32 62 21 24 90 108 97 79 91 126 74 120 38 48 80 83 50 43 81 125 56 64 53 52 47 8 101 116 69 73 45 40 3 114 85 111 41 87 93 119 76 106 19 88 39 6 98 75 71 121 58 35 103 14 13 122 4 96 28 61 110 124 86 123 30 72 63 105 118 2 60 51 68 9 18 92 104 33 0 1 70 67 99 117 11 100 94 112 29 102 25 10 46 42 66 49 16 36 109 59 107 57 77 55 95 15 34 113 17 82 37 7 20 27 84 31 23 89 54 12 26 65 44 78 115 22 5
106 95 117 71 109 7 27 114 50 31 55 99 45 82 105 42 85 10 104 65 81 29 61 20 34 87 121 64 84 5 15 40 14 1 43 90 23 6 58 16 120 124 54 94 37 96 91 102 103 83 78 44 107 98 19 62 112 80 11 12 49 3 111 63 75 21 59 66 52 89 122 8 70 53 113 38 100 88 0 51 30 93 35 13 60 119 57 22 79 39 47 123 28 76 110 126 36 33 97 86 72 41 17 125 67 115 26 46 73 116 108 4 74 101 77 56 18 118 69 48 9 32 25 92 24 68 2
58 72 36 8 12 86 23 99 64 82 110 17 75 53 71 121 47 33 96 40 39 7 26 35 78 101 24 29 49 122 9 74 60 6 22 1 19 66 56 106 85 81 16 102 67 48 20 111 42 14 104 44 38 103 30 118 125 115 90 52 95 124 80 87 120 119 59 61 43 107 32 83 109 13 51 89 65 2 76 126 91 117 70 21 63 55 50 3 92 11 123 94 18 27 97 0 54 10 84 41 62 4 37 105 79 112 45 34 100 114 73 69 116 31 77 68 28 98 108 88 93 15 113 57 46 5 25
125 69 46 91 21 10 61 126 1 82 95 65 22 115 32 20 122 41 9 114 74 55 111 15 93 66 77 90 107 116 123 94 68 57 0 29 96 118 124 84 7 89 52 63 117 86 37 42 106 4 121 81 27 50 73 5 79 13 110 18 113 105 112 3 14 33 80 24 49 6 16 99 48 12 39 36 47 35 100 43 71 17 120 64 34 108 104 23 56 44 75 51 58 87 54 92 88 97 19 76 72 98 83 67 26 31 25 40 62 2 102 109 85 11 70 28 30 38 103 78 101 45 59 53 119 8 60
14 96 115 26 33 15 19 40 60 61 85 90 103 1 99 48 50 117 59 35 41 93 67 39 88 47 32 125 18 9 30 111 121 51 66 57 0 82 95 87 36 120 124 72 97 105 12 53 27 38 21 79 11 91 7 6 31 98 81 28 29 109 13 74 102 94 84 100 106 104 80 43 126 23 108 118 3 24 46 86 65 62 71 34 119 16 25 114 42 10 64 70 75 101 45 5 78 77 69 56 73 112 20 8 2 107 113 110 4 89 52 49 58 68 17 37 54 22 55 123 76 44 63 122 116 83 92
76 93 75 58 16 68 86 92 50 15 67 107 11 2 74 7 61 89 12 83 0 10 55 56 47 20 23 36 126 4 103 54 106 110 46 123 125 38 104 108 97 99 39 113 109 8 116 17 117 18 31 118 71 29 82 44 69 114 52 14 84 25 3 81 43 100 80 13 26 62 124 49 112 1 72 22 57 45 5 91 6 98 95 60 70 63 77 33 88 37 53 27 41 111 73 78 105 19 64 32 66 94 30 115 21 85 87 9 90 34 65 121 122 42 96 40 101 59 51 120 102 28 48 119 79 24 35
24 125 23 15 27 75 105 69 104 100 77 86 87 31 0 6 121 34 110 7 49 62 71 39 13 78 32 59 120 126 72 44 29 52 94 115 119 4 101 19 122 45 30 68 22 60 51 106 102 80 5 20 90 84 70 99 53 66 37 123 92 10 28 109 3 48 89 111 56 54 46 74 107 12 93 47 76 25 41 83 1 81 114 58 14 113 40 57 108 18 73 98 97 116 65 67 95 50 42 26 16 9 11 85 21 35 64 117 118 124 79 96 91 55 43 8 38 61 63 82 88 33 2 112 103 17 36
124 65 122 94 121 112 6 116 45 81 63 29 91 42 102 80 20 62 74 89 118 30 7 55 115 10 88 57 50 37 84 125 108 77 83 95 123 5 92 71 25 93 69 34 70 11 16 79 100 60 19 41 43 82 75 3 1 0 66 109 32 106 64 117 27 49 68 101 98 126 110 9 72 48 8 97 14 120 39 38 33 18 113 76 24 59 36 58 87 78 47 114 28 21 22 23 52 73 90 54 99 86 15 53 119 56 26 111 4 2 51 17 96 61 31 103 104 85 44 46 105 13 40 12 107 67 35
9 19 57 52 112 48 58 64 24 10 89 103 45 5 12 75 0 76 33 47 21 105 74 70 111 8 84 69 1 123 104 27 32 114 81 23 6 68 22 126 28 11 80 36 51 108 83 14 95 98 125 91 99 96 42 43 29 121 82 2 100 122 37 30 94 110 79 49 55 7 26 40 88 101 15 34 61 31 20 39 16 63 87 71 66 119 44 65 59 62 92 85 78 109 25 41 124 117 102 53 46 60 17 116 35 106 38 90 67 93 73 97 115 86 56 3 54 18 120 4 50 118 107 72 13 113 77
99 31 104 57 40 124 111 54 75 61 73 90 108 94 76 82 24 93 125 58 14 18 109 34 19 69 86 23 80 42 4 8 114 49 65 88 112 39 26 59 60 89 119 98 38 25 45 79 3 30 68 21 92 84 48 32 62 100 115 16 121 36 12 95 70 64 56 103 47 116 113 78 117 55 63 118 81 122 6 96 83 44 126 20 123 41 37 5 0 120 13 53 15 66 106 74 72 11 43 7 46 27 29 17 71 35 102 110 50 10 97 87 67 105 28 9 107 51 22 91 85 2 52 101 1 77 33
123 7 43 92 3 116 72 20 6 83 41 90 30 0 45 31 104 25 5 11 117 60 12 35 111 34 28 46 78 87 54 107 48 50 17 119 81 120 113 32 33 85 80 105 73 15 65 13 24 99 112 70 53 88 118 71 44 86 55 76 94 121 61 62 10 109 21 52 22 57 98 8 4 40 82 23 108 93 124 126 103 91 106 102 110 95 101 114 29 79 84 66 51 36 37 2 96 89 14 26 69 97 47 67 115 64 18 58 68 19 1 100 9 27 16 122 59 77 49 75 56 39 125 38 74 42 63
98 67 52 30 8 56 117 63 6 66 76 89 72 58 79 107 124 90 69 112 99 19 114 59 118 13 100 18 82 115 44 71 27 111 0 57 123 60 74 85 45 65 29 35 105 102 46 4 92 101 119 41 91 17 116 50 94 28 11 7 31 75 3 2 42 125 88 49 1 37 81 61 9 97 126 103 43 96 108 78 86 54 15 23 55 12 93 62 47 39 113 109 106 26 110 34 48 25 83 32 87 33 80 5 73 21 22 121 70 36 20 40 38 64 77 24 95 122 84 68 53 51 10 120 104 16 14
107 59 115 54 53 10 74 118 15 23 84 46 91 122 93 111 19 1 33 73 58 106 48 7 22 96 101 4 95 24 47 105 41 55 98 121 63 76 56 57 37 6 69 99 62 35 20 108 77 9 3 51 61 112 104 17 25 113 86 103 70 28 11 38 32 14 49 34 124 31 117 125 65 75 109 26 72 5 90 60 100 13 29 66 45 42 30 119 102 12 39 0 80 89 36 64 68 2 27 94 126 40 83 67 92 43 18 52 21 123 110 79 97 8 87 44 82 16 114 78 71 50 81 120 116 88 85
25 83 3 123 103 33 60 126 13 108 28 112 21 52 74 122 19 80 70 65 111 96 47 118 43 110 125 124 48 63 53 29 20 26 40 51 71 50 66 41 27 24 44 57 75 7 30 99 64 31 22 87 113 59 61 14 105 16 37 95 58 93 120 90 89 67 42 12 39 81 4 23 115 0 8 36 69 17 68 91 102 107 72 78 34 109 10 49 5 45 82 94 77 11 46 116 54 92 97 15 35 86 100 121 106 9 18 101 6 79 85 2 76 88 32 56 73 1 117 104 114 84 38 55 62 119 98
54 106 100 122 16 20 88 22 8 46 1 81 82 80 30 85 101 114 90 126 117 4 24 44 84 76 107 95 97 43 34 42 0 79 98 87 112 71 11 56 118 50 86 120 63 23 116 69 39 110 13 125 55 121 67 93 2 99 94 7 29 41 28 123 59 9 72 78 70 25 37 115 3 65 48 66 52 108 60 15 14 49 19 10 119 21 64 53 113 68 40 27 62 45 47 104 89 17 77 51 58 12 33 111 36 91 96 61 35 102 103 83 105 31 6 73 38 92 26 75 124 18 32 5 57 109 74
18 8 37 79 48 119 59 24 97 0 108 30 29 9 65 27 49 2 20 47 62 84 117 90 78 57 85 126 61 3 35 50 25 76 72 96 113 121 40 32 39 12 43 15 55 99 13 64 92 82 33 53 54 110 100 5 88 89 71 101 46 91 6 44 42 28 11 52 98 66 16 1 102 41 51 45 80 107 58 122 31 111 26 124 19 38 70 105 22 21 87 120 114 123 95 81 7 116 17 93 86 69 104 118 94 125 106 63 103 115 68 60 75 83 77 112 73 34 36 67 14 4 56 10 23 109 74
61 8 117 54 122 16 2 116 55 45 6 56 65 10 36 35 25 97 59 115 14 34 27 119 70 123 28 66 63 100 82 125 53 85 48 67 96 18 113 76 93 109 51 22 29 92 21 89 37 118 84 91 112 71 77 99 104 111 87 120 101 103 95 78 39 79 106 3 20 32 47 124 40 126 4 94 15 17 98 46 43 13 1 110 0 74 73 30 102 75 72 90 121 9 19 69 11 114 107 31 105 60 57 12 44 58 108 49 81 68 24 62 88 41 52 33 80 83 64 5 86 42 7 26 50 38 23
120 115 34 31 51 56 14 42 0 111 28 87 40 49 69 89 76 116 77 126 63 13 54 15 107 19 38 16 1 39 113 22 18 78 108 100 94 109 125 66 118 60 35 26 6 17 55 25 102 112 7 37 32 62 119 46 121 52 72 86 41 74 21 98 97 91 53 106 23 47 45 93 123 117 3 122 70 104 43 44 27 81 20 95 59 90 88 2 50 4 79 83 110 29 48 61 11 36 5 114 71 84 58 75 8 73 24 105 30 65 68 33 96 92 124 12 82 9 80 10 67 103 99 101 57 64 85
112 92 20 111 7 83 115 109 25 21 96 2 91 38 60 100 27 93 54 40 29 101 118 46 84 59 18 63 53 71 119 56 48 58 47 11 120 66 55 43 35 74 41 108 98 76 85 110 4 75 31 61 124 1 12 49 94 116 113 52 36 121 8 30 28 45 106 0 23 81 97 16 26 70 13 90 125 114 33 22 89 44 15 69 39 19 82 107 34 87 103 117 104 32 5 64 57 77 73 17 102 123 6 62 86 9 24 3 78 10 14 65 99 51 126 79 88 42 50 80 68 72 122 67 105 37 95
97 27 11 78 95 6 44 14 49 122 124 30 76 110 125 112 38 100 17 42 40 113 84 12 19 37 79 10 88 36 7 57 39 108 126 28 23 46 123 89 80 82 101 105 117 115 45 0 103 65 68 118 53 119 8 92 64 3 86 120 85 111 1 16 51 56 25 102 5 34 75 67 121 59 32 107 61 43 50 96 18 47 54 93 33 21 60 73 13 81 116 55 114 90 9 104 99 31 20 35 77 71 109 52 98 15 72 69 70 66 41 106 4 48 94 62 58 29 2 26 24 74 91 22 83 63 87
49 69 37 61 123 95 60 53 125 24 51 15 124 47 12 36 17 92 13 6 55 108 83 75 21 82 112 46 110 52 23 43 22 8 90 96 121 34 10 66 113 73 87 50 122 30 85 88 40 41 101 20 77 118 76 72 70 19 120 80 81 91 58 102 78 99 48 79 109 119 39 67 56 2 38 35 117 126 0 65 111 28 68 54 29 14 94 74 32 5 11 45 104 93 107 64 1 114 115 27 103 7 42 100 98 86 62 105 16 89 71 3 84 106 44 31 57 18 97 4 59 25 63 26 116 33 9
36 12 112 61 83 56 4 24 115 90 41 25 22 118 116 106 91 39 7 53 102 97 103 40 74 34 121 28 44 32 73 84 110 95 123 81 9 64 35 69 58 66 82 92 26 49 42 50 122 114 89 93 77 60 17 47 108 13 100 48 80 101 11 96 14 79 65 37 33 5 70 88 71 51 63 23 0 1 124 45 15 85 6 67 62 30 75 105 125 59 113 99 111 76 10 109 2 29 55 68 117 86 54 126 43 19 119 57 8 21 18 3 120 38 72 31 20 78 104 87 16 107 27 52 98 46 94
102 111 7 52 76 36 47 30 125 82 103 5 49 57 73 22 94 26 121 41 98 92 37 123 44 116 97 113 96 114 4 106 95 107 86 59 11 66 38 33 48 45 56 40 46 2 13 110 27 90 112 100 77 25 24 69 17 65 34 87 81 53 84 29 93 72 88 19 117 42 55 75 101 115 1 61 68 67 118 8 99 16 0 51 120 64 122 108 124 85 105 63 18 6 3 54 14 12 32 126 58 91 21 50 70 23 31 71 35 62 78 28 60 80 20 10 15 39 104 89 109 74 83 79 9 119 43
66 44 63 18 116 28 78 124 99 80 87 38 72 65 35 83 95 79 70 13 31 30 102 107 29 59 50 10 57 73 90 100 36 51 62 26 49 126 11 71 98 122 23 27 24 69 46 9 75 110 68 106 104 76 15 55 88 42 105 119 47 39 21 14 118 92 12 89 114 108 93 121 117 64 52 115 74 17 84 6 5 96 101 120 22 4 103 40 81 0 61 3 37 82 33 77 43 112 19 54 60 48 97 45 20 53 94 34 86 123 16 32 1 7 85 113 111 41 25 8 67 58 125 109 2 91 56
60 47 123 41 88 69 13 124 75 11 51 61 116 98 87 53 126 1 36 26 106 80 2 105 29 46 62 45 59 90 85 32 14 86 68 39 8 96 35 31 65 15 82 48 115 74 49 27 5 81 58 89 118 23 7 79 110 20 43 104 33 3 97 25 108 72 63 117 111 107 50 93 6 54 0 99 119 91 16 38 18 19 21 83 12 78 40 67 121 17 102 42 66 30 34 125 56 73 100 52 28 94 64 55 76 77 122 120 103 92 112 95 114 57 44 84 37 71 113 22 101 24 9 70 109 4 10
63 21 41 109 81 112 4 51 104 62 65 107 100 97 103 75 126 55 60 66 2 101 70 20 108 56 42 3 96 85 31 105 7 25 73 89 27 6 82 72 69 123 14 35 113 26 46 33 68 83 30 120 110 36 79 29 28 86 8 54 121 53 44 119 43 11 45 91 52 95 88 49 84 102 106 74 117 111 16 0 77 115 22 80 24 32 98 47 71 67 5 93 38 37 118 12 116 10 87 48 92 40 76 59 15 99 17 39 9 13 124 18 122 1 78 125 50 90 114 23 19 94 61 34 57 64 58
63 89 17 61 104 111 106 37 54 9 88 116 24 69 22 78 1 123 25 10 5 76 65 110 124 80 95 43 7 13 66 18 56 115 99 100 83 47 87 73 64 19 113 96 94 21 103 114 101 125 35 34 32 14 16 51 45 4 46 40 48 107 108 126 72 117 27 112 30 119 105 109 67 82 68 85 6 29 50 23 70 57 118 98 75 90 2 71 3 49 41 58 53 91 122 81 28 52 120 36 12 93 33 8 39 102 20 121 59 86 31 77 15 97 26 11 0 55 62 92 44 79 84 60 38 42 74
26 66 24 125 89 92 67 13 45 99 16 104 6 69 80 91 28 109 5 2 94 74 88 32 78 51 75 47 23 103 58 62 115 118 25 102 76 65 111 122 48 86 55 126 72 0 117 30 84 90 21 42 96 19 95 17 22 83 59 123 121 36 98 29 39 3 60 79 20 120 9 64 124 11 4 18 107 31 43 61 105 40 56 106 97 12 85 33 15 114 119 108 81 27 14 37 82 87 52 46 50 101 7 110 38 71 68 35 93 54 77 10 113 70 34 112 1 49 73 8 57 116 44 100 63 53 41
2 23 80 30 50 108 34 65 123 77 81 95 63 39 83 45 79 48 31 64 19 93 22 114 6 68 104 61 5 82 37 24 67 55 107 100 119 86 0 46 4 26 28 14 35 60 42 40 99 102 120 13 126 57 96 78 53 91 18 38 36 106 73 105 75 32 29 90 15 97 21 84 89 72 62 25 71 27 87 109 103 56 44 43 124 41 112 11 17 10 47 66 12 111 52 116 69 20 88 70 58 121 92 113 85 76 125 1 122 51 118 110 33 94 49 117 59 9 101 8 3 16 98 7 115 54 74
69 120 75 21 45 34 103 49 6 91 78 41 117 87 43 30 113 68 25 76 22 28 0 95 66 118 79 37 84 107 1 77 50 39 101 2 33 98 116 9 81 3 35 100 27 61 96 24 90 46 60 52 88 26 112 108 58 126 83 31 4 110 54 10 59 62 86 124 72 121 17 23 104 99 64 82 36 44 8 42 105 5 85 12 92 51 32 94 115 63 111 119 80 122 53 56 106 73 97 48 93 47 74 71 102 65 14 20 15 67 11 89 70 57 123 38 125 114 109 55 16 18 29 13 19 40 7
68 98 42 16 73 102 48 31 8 26 106 29 107 44 41 23 10 104 6 96 51 111 19 36 125 63 25 90 62 118 113 3 77 9 58 101 100 89 86 88 55 39 34 109 50 117 47 79 94 65 75 56 38 85 35 1 17 49 64 57 81 105 99 92 14 45 43 72 80 60 71 112 121 122 124 103 46 95 0 27 110 33 120 11 76 12 53 37 108 116 59 67 20 52 123 5 126 70 61 22 69 83 91 18 40 119 115 74 87 28 114 66 82 84 30 21 7 54 13 78 32 93 15 24 2 4 97
86 68 25 121 52 122 15 96 58 45 103 123 29 5 55 57 102 108 44 61 76 107 36 73 30 42 94 9 124 14 34 4 79 59 83 88 62 118 51 89 125 75 90 2 101 0 66 65 70 91 109 85 93 23 113 39 95 117 10 114 104 92 22 12 6 77 116 50 67 53 28 41 40 106 98 119 13 46 99 97 37 74 17 82 38 35 56 43 26 49 19 87 105 64 27 7 111 81 33 20 78 80 115 21 120 84 71 110 48 47 32 126 18 8 1 63 54 112 72 11 100 3 60 24 16 31 69
80 120 99 111 82 33 25 76 72 44 68 2 59 17 42 32 29 71 22 93 117 118 116 16 57 47 121 88 63 34 94 30 108 1 64 19 43 0 52 79 125 83 115 10 54 21 107 75 27 106 18 69 95 35 84 60 38 66 77 56 40 122 46 12 110 103 102 89 36 58 92 67 49 55 97 31 73 109 37 126 20 28 23 74 65 105 86 61 7 11 24 70 6 124 85 119 123 90 13 8 5 112 62 41 39 3 101 78 45 9 50 100 114 87 51 26 113 15 14 53 48 96 98 104 81 91 4
77 115 10 107 24 0 103 13 89 62 12 73 23 1 104 113 99 22 92 61 39 52 78 21 33 9 110 111 50 30 97 76 36 120 45 25 54 66 5 85 40 122 6 67 116 64 65 114 112 108 105 27 80 58 2 42 87 14 100 83 3 47 70 56 55 15 57 71 63 90 88 34 20 46 95 118 8 41 29 119 69 101 44 43 86 35 81 48 82 49 28 51 109 32 96 121 84 72 60 53 98 59 117 68 75 126 18 37 91 7 106 94 125 17 124 79 26 19 16 102 93 31 74 11 38 123 4
116 43 51 124 52 68 17 33 14 110 24 120 97 119 15 103 91 22 54 71 111 28 34 81 16 49 102 45 73 90 93 50 20 32 108 104 88 46 42 48 27 47 60 30 112 0 29 58 113 69 106 80 87 117 63 100 109 6 77 126 4 85 7 8 39 67 38 2 35 98 56 96 57 62 84 107 53 65 21 36 121 76 114 83 37 10 41 101 75 18 13 55 95 23 99 40 92 31 74 123 11 1 70 3 9 61 82 125 12 86 118 25 105 79 64 44 26 122 19 5 72 115 59 89 66 78 94
97 64 119 30 62 96 56 19 57 0 38 13 93 60 54 35 21 4 51 34 78 123 107 26 100 58 16 46 82 113 33 77 25 66 45 65 92 126 53 102 14 114 120 74 5 7 31 83 68 44 88 23 84 99 122 76 71 28 106 90 9 115 50 103 42 85 12 15 111 69 8 22 75 18 87 63 105 70 86 72 11 80 37 24 110 104 79 3 10 39 112 49 20 43 101 59 2 32 116 29 67 124 41 118 73 48 47 1 91 40 121 94 6 109 36 89 55 27 61 108 125 81 17 95 117 52 98
75 84 33 86 113 16 79 15 117 5 48 46 42 20 39 9 89 49 3 13 50 77 73 96 114 1 45 90 116 85 98 103 36 31 118 57 55 7 21 87 124 19 38 69 92 23 66 115 120 126 104 18 105 4 107 54 59 72 76 71 41 112 94 125 11 10 51 122 67 60 35 63 119 24 14 32 62 0 47 29 110 78 52 100 53 121 109 123 88 95 70 83 8 44 93 6 97 108 37 91 111 34 22 25 64 81 82 12 65 61 68 30 74 80 99 26 2 106 56 58 40 28 43 102 27 101 17
93 37 71 53 58 3 6 116 69 10 8 15 92 120 27 80 29 126 70 74 99 16 100 66 9 87 34 20 90 35 45 1 42 121 38 25 63 17 5 48 49 32 83 85 47 91 118 4 39 76 84 57 14 114 68 112 75 73 52 109 11 72 24 12 94 13 86 78 56 106 97 123 61 19 59 28 40 98 125 119 89 26 31 51 54 81 79 117 103 22 105 21 77 67 18 0 122 102 107 2 7 96 65 33 23 82 124 44 95 88 36 104 55 41 108 111 46 43 101 113 30 60 50 64 110 62 115
10 26 66 54 126 94 104 63 122 74 119 72 17 99 34 82 60 48 31 75 16 97 62 106 13 4 76 19 56 112 95 93 116 110 109 77 33 30 18 40 125 21 69 102 70 64 36 121 14 79 44 37 107 92 32 123 86 96 98 7 1 24 115 108 61 124 103 105 35 29 68 90 114 113 43 46 88 11 20 84 78 57 23 101 71 45 50 100 73 39 58 52 49 65 6 38 89 47 5 120 85 117 111 67 118 9 22 12 25 53 59 3 81 80 28 0 2 15 55 51 87 91 83 8 41 42 27
106 51 36 0 67 65 104 92 6 58 99 41 14 4 27 105 84 120 125 55 54 101 75 45 124 95 119 85 20 19 70 37 33 25 91 116 69 60 122 8 118 12 1 3 24 32 23 35 46 113 97 57 11 34 72 64 2 109 96 112 31 21 114 121 80 26 79 71 47 98 56 53 74 10 115 7 62 76 29 48 66 126 103 42 94 28 100 39 68 73 16 93 123 82 50 13 40 38 117 30 83 90 86 108 77 22 5 87 89 9 102 81 63 43 52 59 107 110 61 18 111 15 49 44 88 78 17
42 2 23 3 70 36 101 113 108 62 33 40 41 32 84 121 13 18 45 96 122 8 28 56 26 66 109 120 107 126 25 49 48 83 21 39 65 99 7 74 14 78 103 31 20 43 123 11 4 16 115 19 61 93 97 69 117 100 88 87 106 10 94 29 119 51 105 34 112 9 81 98 58 82 54 55 6 38 1 116 50 37 72 60 79 85 104 64 68 92 80 59 125 75 111 67 114 47 46 76 17 57 0 27 24 44 35 5 12 30 71 53 15 89 95 91 63 110 77 52 124 22 86 73 118 102 90
59 112 8 105 104 11 88 99 86 12 6 119 29 74 85 82 79 95 107 118 90 89 25 31 32 44 48 13 58 81 101 55 103 23 3 106 110 75 77 93 38 46 123 0 9 125 20 19 16 108 41 45 73 102 49 60 51 126 97 50 24 63 124 113 36 87 116 26 64 121 37 68 122 100 72 71 69 117 53 40 17 39 70 65 114 2 7 56 67 18 66 21 94 5 15 80 120 83 47 62 84 96 30 76 22 42 115 92 61 91 33 10 52 4 27 34 109 54 35 111 57 28 43 1 98 14 78
33 91 57 74 21 112 51 125 109 25 123 108 101 116 82 99 93 75 11 26 102 105 72 1 124 43 114 118 35 0 84 16 48 87 111 90 37 28 56 38 81 30 12 77 41 60 104 115 17 29 62 117 13 65 122 2 66 120 69 3 32 95 92 5 68 39 18 88 63 85 31 76 34 98 67 64 7 103 96 61 24 4 121 71 8 10 53 119 80 79 89 14 36 45 52 55 97 42 23 9 100 73 58 106 107 54 20 78 83 15 126 70 44 22 27 49 113 47 86 40 46 6 94 50 19 59 110
41 63 48 29 92 26 110 107 21 37 100 15 49 120 2 116 124 3 23 88 34 6 64 20 85 31 1 7 108 39 14 84 54 59 32 27 43 45 11 86 0 101 40 112 117 60 57 50 77 16 74 122 78 91 96 56 33 99 73 19 10 9 115 47 46 102 36 68 35 81 93 90 17 52 109 44 30 98 71 126 66 119 87 12 18 95 94 104 5 121 111 13 83 123 103 58 113 22 62 105 67 51 55 118 38 70 61 65 76 28 106 125 42 69 79 24 72 89 8 114 53 80 75 25 97 82 4
91 18 108 63 60 56 43 23 9 66 73 27 75 85 116 98 32 84 58 1 12 51 92 117 38 99 7 25 35 88 79 5 34 70 48 81 120 44 62 55 49 17 28 111 86 40 95 19 13 78 41 3 113 107 20 0 54 110 53 24 115 77 89 52 109 29 47 6 61 119 57 37 2 16 103 122 42 87 76 8 112 30 125 121 21 96 4 39 68 31 80 104 11 36 46 100 106 83 71 15 97 64 67 118 26 14 94 69 114 101 74 90 45 72 59 33 82 105 126 102 124 93 65 22 50 10 123
107 52 111 54 5 29 103 64 67 13 60 113 79 74 122 47 75 114 7 24 63 112 8 85 73 65 102 16 27 44 23 96 11 58 33 80 18 86 78 125 95 105 2 119 94 34 37 61 84 77 101 3 115 72 123 51 87 98 12 88 15 109 48 116 66 91 69 22 97 46 19 40 50 56 31 83 53 110 36 43 45 117 35 92 68 100 120 41 124 82 14 99 30 1 118 90 71 106 62 70 28 59 93 4 25 32 49 76 39 89 104 121 17 9 21 108 57 38 126 0 81 26 10 20 6 42 55
123 91 84 54 31 55 73 92 119 86 60 46 100 107 72 87 11 28 34 6 61 102 12 93 113 94 24 23 25 75 19 33 79 53 8 48 22 21 82 118 42 76 121 20 16 1 5 13 57 83 120 58 70 14 104 41 9 108 71 67 62 78 122 74 27 15 40 36 112 50 66 125 111 17 35 32 3 64 88 37 68 65 96 117 109 105 69 63 59 4 97 52 38 89 98 85 29 80 10 2 101 26 124 43 81 99 103 49 90 47 56 106 126 45 110 115 30 0 44 51 116 95 7 77 18 39 114
31 61 6 119 28 78 69 70 121 88 118 77 23 71 101 85 83 76 20 115 90 36 27 41 110 108 75 105 74 49 8 107 60 13 19 123 29 38 54 93 99 117 1 95 100 94 3 47 59 46 103 80 87 64 35 14 116 18 104 112 4 126 125 15 102 111 122 65 58 73 24 66 21 92 114 96 5 32 37 2 7 26 106 22 86 72 79 82 56 120 10 68 45 43 57 63 42 55 67 16 17 34 0 52 62 53 30 48 113 124 12 51 39 11 25 81 109 91 9 50 89 40 33 84 44 97 98
100 89 81 36 39 105 112 75 71 42 93 87 34 59 37 28 113 77 15 25 1 57 30 78 66 33 2 124 52 102 14 8 50 69 60 83 5 85 32 24 67 79 115 0 109 46 38 123 49 103 48 91 116 114 44 23 10 92 106 84 126 65 26 4 18 74 82 55 118 70 6 43 120 122 125 107 53 12 108 45 7 17 22 35 88 76 19 62 16 73 68 3 13 111 64 94 9 29 80 99 31 110 98 11 21 20 51 54 104 97 63 56 117 90 40 72 61 86 101 47 121 27 58 119 41 96 95
106 124 43 119 118 98 93 73 77 37 103 100 96 1 11 65 113 47 42 84 80 123 126 44 97 79 66 9 17 83 64 12 7 32 49 88 15 20 21 46 67 117 58 50 91 14 31 86 25 89 41 16 61 85 69 60 34 6 24 70 57 125 54 0 75 48 5 2 59 82 52 76 87 30 8 3 108 122 35 36 13 53 71 78 81 28 107 51 68 94 116 109 114 104 26 115 72 45 63 90 99 112 22 4 38 105 10 102 92 56 39 55 33 27 111 23 101 121 18 62 40 95 29 19 110 74 120
9 114 67 76 70 96 17 110 89 42 25 97 43 64 34 15 11 14 102 122 30 72 31 0 53 80 41 124 19 2 32 90 61 74 13 119 55 71 120 48 121 86 109 7 78 123 118 87 8 95 28 54 47 111 63 105 101 59 29 66 85 56 4 62 75 112 100 20 51 125 58 99 116 44 94 82 10 91 45 21 117 65 88 39 60 33 115 108 52 36 103 5 16 68 113 57 126 6 3 73 40 22 107 79 49 24 69 46 93 92 12 50 38 77 23 98 106 37 1 84 27 35 83 81 104 26 18
9 57 42 105 120 8 2 123 79 28 35 121 65 12 101 44 19 90 107 37 29 99 100 54 66 88 50 80 1 91 118 15 98 60 20 68 51 72 52 97 36 78 104 74 124 53 7 30 75 116 59 63 126 92 13 34 17 114 70 41 58 49 18 94 115 22 23 76 56 25 48 119 45 113 103 4 82 31 110 38 26 3 64 21 0 108 93 85 39 46 32 67 83 10 84 95 86 109 6 117 61 111 47 11 89 81 96 102 77 5 122 106 87 16 69 62 43 112 24 55 125 73 40 14 71 27 33
123 53 63 23 88 34 110 95 76 44 71 36 39 20 50 3 6 47 51 77 111 9 27 113 112 21 107 118 56 48 103 74 13 68 75 55 120 101 81 114 78 1 90 58 73 24 92 70 10 104 86 22 119 52 17 122 43 8 62 93 37 89 59 5 16 64 72 18 38 2 82 29 66 99 67 84 11 45 102 124 14 61 79 96 12 98 7 25 41 32 125 49 121 85 65 105 54 46 83 106 57 42 33 30 87 115 28 126 15 108 35 60 26 117 19 97 109 116 31 91 69 40 0 80 4 100 94
40 18 7 120 48 65 55 33 25 44 84 106 22 26 108 102 32 69 58 64 53 82 95 52 71 76 75 103 4 38 13 88 23 37 92 124 83 46 78 89 99 70 57 24 15 123 61 19 114 91 43 1 20 49 11 51 8 50 107 81 73 35 10 9 85 0 126 16 101 34 31 60 47 116 68 45 93 112 111 3 118 96 119 63 28 41 14 105 42 125 110 54 113 2 56 90 39 66 36 122 21 30 6 115 17 87 86 100 109 104 29 94 67 121 97 80 27 12 117 72 74 62 77 59 79 5 98
112 0 84 53 114 3 103 49 47 123 69 24 85 21 12 38 115 68 30 110 76 122 17 117 73 74 95 55 92 89 1 80 79 108 37 26 2 34 99 101 102 19 8 36 13 23 4 52 88 10 126 39 124 61 51 98 94 62 72 65 22 11 104 46 44 57 90 6 56 70 45 96 27 118 119 121 25 105 111 87 75 28 33 40 97 63 120 78 31 67 48 29 7 43 18 58 83 60 64 91 71 50 107 9 15 93 42 125 35 100 82 41 59 113 32 116 16 106 14 20 66 5 54 77 109 81 86
26 24 66 67 99 32 53 114 9 83 22 68 3 37 17 84 70 7 76 79 16 15 121 85 64 90 5 45 35 123 72 71 36 74 120 60 75 73 58 25 89 38 21 51 122 50 94 77 117 115 92 44 41 87 103 28 88 47 93 106 54 4 42 100 91 48 105 46 116 19 8 13 0 56 43 108 101 112 80 124 18 34 12 107 126 11 62 2 14 78 20 30 49 125 33 110 27 118 98 111 102 39 29 96 1 63 6 65 57 119 40 86 61 52 23 81 31 109 82 55 113 10 95 69 97 59 104
104 41 55 37 39 62 119 1 61 19 108 13 54 48 121 26 0 49 84 111 45 20 58 4 5 35 123 21 3 56 96 89 34 114 120 53 43 50 14 107 60 67 101 85 80 18 24 10 92 32 72 33 69 76 52 125 46 115 17 15 86 27 99 25 68 47 75 88 116 79 87 117 22 7 57 73 78 70 44 95 64 94 30 102 124 2 82 98 23 97 8 12 51 110 42 36 112 105 90 74 71 103 38 100 59 93 77 83 40 113 106 65 29 63 6 9 16 81 11 109 122 28 91 66 126 31 118
87 1 5 104 56 72 93 0 66 64 41 47 20 103 15 101 30 38 122 79 23 78 14 19 86 13 59 96 37 67 95 115 35 84 109 88 29 73 94 57 12 85 7 111 25 60 16 69 8 98 89 49 110 106 65 11 24 108 17 91 125 26 99 83 114 81 68 63 18 10 117 45 61 76 102 124 58 107 43 92 119 126 71 33 113 28 32 42 27 90 118 51 54 74 70 34 31 3 4 2 80 9 40 6 105 22 52 100 112 75 121 21 97 123 116 46 77 53 36 82 39 120 48 55 50 62 44
18 82 68 30 52 96 42 19 9 26 29 120 107 106 33 125 38 110 66 43 76 123 71 84 16 79 126 15 10 45 109 23 49 1 90 41 104 122 117 73 13 81 94 5 74 57 11 85 100 34 39 60 92 32 62 2 95 53 87 4 64 56 12 27 65 113 80 105 114 48 75 14 91 63 25 115 78 35 20 99 77 118 17 70 59 31 46 58 83 24 86 22 69 102 7 0 67 55 121 89 119 61 8 37 40 47 51 111 93 3 36 124 116 28 97 98 44 88 72 101 54 50 108 21 112 103 6
93 81 40 1 84 7 31 18 58 41 77 83 101 111 71 95 16 36 61 38 80 100 62 66 88 110 91 74 50 113 69 90 57 104 119 3 99 112 106 6 79 89 126 12 46 116 56 76 67 21 9 73 51 13 87 37 109 59 32 125 108 43 52 55 42 47 14 8 17 53 65 20 23 117 78 28 122 94 10 30 64 34 24 25 49 85 102 70 26 27 118 39 48 124 15 114 4 68 22 35 115 103 2 45 92 98 96 97 19 86 0 75 54 11 82 60 105 29 121 123 120 5 33 72 44 107 63
28 79 61 29 46 77 99 101 40 4 80 47 117 113 2 67 11 31 19 82 9 122 103 112 5 51 94 85 64 74 93 121 24 107 92 96 69 116 17 114 66 1 42 83 25 56 119 45 88 50 75 18 60 124 27 118 3 20 10 35 65 34 81 32 78 8 68 84 90 125 89 58 73 7 97 44 105 21 70 0 126 30 98 109 100 108 37 87 26 91 111 16 33 36 59 49 48 53 76 104 41 13 120 38 57 52 6 14 12 63 106 43 123 55 15 62 72 86 22 71 39 115 95 110 54 23 102
31 40 51 9 54 2 28 102 105 18 122 80 101 85 104 91 68 84 121 74 70 34 60 27 5 86 57 106 49 66 52 108 65 126 0 72 98 112 110 100 73 16 17 89 43 92 3 58 118 82 119 63 20 12 115 1 7 103 11 120 125 111 37 79 97 55 24 42 114 10 88 8 64 41 45 35 75 23 6 95 123 19 15 14 81 56 53 69 107 113 76 21 33 44 59 36 90 62 30 93 47 99 77 46 22 117 94 4 124 26 71 48 32 83 78 13 116 29 87 96 67 39 61 25 50 109 38
75 119 89 26 86 46 121 7 22 110 58 88 45 60 55 8 105 125 63 37 74 80 12 23 3 18 83 32 79 33 122 57 2 35 84 24 19 66 99 6 1 62 113 54 118 39 101 10 72 0 77 61 11 93 96 103 92 73 112 65 17 106 59 27 25 97 71 90 49 124 109 21 50 15 85 51 16 36 91 47 31 44 13 107 4 68 29 14 28 34 98 120 38 115 41 42 52 126 40 95 76 114 78 20 111 69 81 108 9 5 104 67 87 53 123 117 48 70 94 56 43 30 82 102 100 116 64
92 71 39 45 21 83 87 7 24 106 117 52 68 126 5 63 95 110 26 70 124 113 91 99 118 42 17 29 123 49 69 43 15 0 111 64 72 38 31 51 3 73 16 60 23 54 10 89 102 86 88 115 82 11 116 20 76 48 80 101 100 104 105 30 41 2 19 55 120 94 56 50 40 46 84 13 47 65 36 125 57 107 28 1 18 27 6 8 53 66 25 114 34 12 96 81 37 35 14 33 85 74 79 112 97 61 93 32 58 103 67 109 121 4 77 122 78 62 44 22 108 90 119 59 75 98 9
39 64 74 100 91 112 30 123 107 7 76 65 38 60 67 2 51 82 8 96 54 70 122 83 69 47 34 9 43 73 115 117 125 119 35 44 86 13 114 24 99 92 81 18 42 32 77 20 12 25 55 109 93 101 46 98 105 52 37 31 6 95 50 63 120 22 59 79 45 104 85 80 21 110 97 26 111 118 71 41 66 23 48 121 61 29 28 102 27 88 90 103 4 89 116 94 3 126 36 5 84 72 15 40 10 1 11 17 53 62 106 78 124 19 108 75 68 33 14 0 56 57 16 49 87 58 113
42 78 14 72 65 44 104 19 66 48 61 45 21 118 56 121 60 102 32 53 8 10 0 75 47 86 67 12 99 111 85 92 117 15 58 124 73 90 30 106 59 116 63 110 93 35 11 23 88 68 27 49 43 89 4 101 113 97 80 119 114 1 120 109 54 122 31 84 62 7 74 26 29 95 55 94 76 2 87 20 123 82 64 38 3 115 126 77 41 107 125 96 71 51 46 108 39 17 37 100 52 70 25 83 79 24 91 81 18 50 13 16 9 105 57 112 103 33 98 36 40 22 69 28 34 5 6
107 5 56 118 59 91 37 123 7 4 74 33 86 29 18 41 50 89 112 64 109 15 62 30 39 97 36 32 65 23 11 67 52 69 63 73 90 57 0 70 8 117 121 77 101 17 78 122 95 106 94 48 42 19 16 14 25 120 13 22 79 72 115 111 54 87 119 88 98 60 85 110 126 3 68 53 51 81 83 80 38 61 9 102 49 34 20 100 26 71 12 35 44 10 76 82 92 116 46 45 114 1 24 58 75 31 28 124 93 66 6 40 108 84 96 113 21 104 125 43 47 99 103 2 105 55 27
5 47 84 95 36 91 99 4 87 41 38 89 93 100 16 111 19 80 107 76 42 120 104 75 77 17 125 33 102 54 29 13 113 23 58 122 27 64 49 3 67 116 123 52 10 88 103 94 43 105 22 51 24 15 8 0 2 55 68 101 69 126 21 85 79 31 48 9 81 96 83 72 37 39 78 82 92 109 28 1 73 61 26 108 50 65 11 60 98 97 12 53 114 57 7 40 115 124 63 32 66 71 14 74 35 110 30 6 56 70 18 112 121 118 106 20 59 117 119 86 34 90 25 46 44 45 62
23 110 26 123 99 60 65 78 35 100 14 33 101 86 113 72 70 126 92 82 59 73 108 88 61 44 106 19 24 13 36 104 54 25 93 89 103 43 17 96 68 20 69 67 76 22 109 87 2 0 119 102 47 37 111 62 112 77 75 114 85 1 80 118 74 6 95 31 121 63 124 7 46 122 29 41 64 40 94 50 8 3 105 57 90 84 117 4 10 18 45 58 83 66 38 120 51 9 42 39 91 48 28 15 125 11 34 53 27 116 81 79 56 32 107 55 21 16 12 115 97 71 5 52 98 30 49
75 27 123 56 23 8 96 63 54 47 21 46 120 16 2 32 4 83 5 95 72 88 74 126 24 25 87 70 10 77 14 44 97 114 125 37 86 108 71 7 45 40 118 105 73 19 41 33 29 110 107 28 13 122 64 43 36 89 78 18 103 26 94 35 57 22 53 65 60 0 51 52 93 99 84 85 55 1 119 34 90 91 9 113 80 117 42 3 15 50 109 76 6 48 100 30 102 58 115 79 12 66 92 98 82 61 104 39 116 68 124 81 111 69 112 17 101 59 49 121 20 67 38 31 106 62 11
11 86 34 97 81 10 47 26 33 8 87 15 123 121 59 29 93 111 18 4 68 27 76 42 108 105 55 12 25 2 104 41 78 73 118 119 101 46 35 5 9 64 57 28 110 70 7 94 14 23 21 106 85 22 61 79 65 117 113 126 49 98 32 72 6 71 112 63 122 17 83 80 31 51 88 82 114 37 36 60 48 91 67 43 40 96 20 102 44 0 58 13 50 19 39 66 99 62 107 1 116 109 38 115 77 84 3 45 92 103 16 75 90 54 53 125 52 95 120 74 124 56 89 100 69 30 24
81 60 66 63 91 62 110 113 70 43 111 124 54 120 12 4 107 67 28 34 10 125 57 49 21 14 119 83 56 75 3 123 23 105 26 116 59 0 115 17 88 103 106 42 108 98 38 61 24 86 77 76 5 93 20 65 92 36 112 126 2 16 104 82 87 109 44 35 79 69 96 71 90 6 7 31 13 19 122 64 33 45 25 51 84 30 11 121 32 78 18 41 95 40 48 39 8 89 29 50 46 27 58 85 94 114 1 9 100 52 53 117 101 68 37 74 15 47 118 55 102 97 72 80 22 99 73
3 5 26 39 32 75 70 101 59 50 82 9 73 79 0 108 112 68 90 1 27 66 62 14 18 10 94 87 33 45 52 40 7 96 67 20 12 17 72 34 121 106 15 124 21 11 117 111 83 88 41 123 125 98 55 126 97 13 47 81 102 61 91 54 116 77 104 6 105 57 51 120 49 53 56 38 119 31 65 74 29 84 78 103 36 115 63 44 23 80 92 58 118 107 46 19 122 114 2 43 25 30 71 110 42 99 37 4 64 60 24 22 100 28 86 95 85 69 93 109 8 113 89 35 16 76 48
8 59 18 60 101 116 94 107 123 75 35 70 14 112 61 81 117 104 124 47 87 82 109 3 66 5 34 74 65 63 51 103 54 97 15 83 12 58 72 105 98 25 0 21 28 84 110 36 90 11 111 119 99 78 68 96 57 32 37 42 17 44 7 115 39 6 26 125 52 4 85 77 1 10 20 100 45 67 89 22 27 113 126 31 43 33 24 121 48 41 23 56 38 46 79 71 106 69 86 73 16 92 50 122 108 29 120 30 80 13 95 88 114 93 118 49 64 19 55 91 76 102 40 2 9 53 62
59 6 8 44 71 30 17 110 70 65 18 103 41 64 114 42 63 45 126 16 43 112 93 85 36 29 53 5 124 13 123 50 3 66 102 82 32 99 40 76 120 23 115 105 10 121 57 86 0 107 49 89 68 27 54 109 97 73 74 56 108 60 106 94 20 67 92 78 12 46 37 14 88 31 62 11 1 96 90 15 100 28 22 19 69 21 39 24 33 7 26 52 119 98 87 111 125 122 47 35 104 58 48 34 80 51 38 75 81 77 116 95 9 25 55 79 61 113 84 83 91 118 4 72 117 101 2
52 29 47 27 107 95 64 18 62 14 110 88 0 51 21 73 1 101 31 122 40 78 42 5 70 38 9 105 59 55 114 79 120 39 123 53 93 112 65 113 117 57 80 25 100 8 68 34 111 58 85 56 41 125 22 76 3 48 124 81 106 54 32 116 11 115 6 49 82 63 36 26 60 89 121 7 109 126 66 119 20 74 104 37 10 33 75 71 43 15 61 4 44 46 86 12 84 94 2 99 24 45 35 108 92 87 16 91 50 98 97 30 69 102 28 103 72 23 118 67 90 83 13 77 19 17 96
116 30 72 54 53 92 101 5 21 6 95 52 87 16 20 37 124 10 47 94 45 56 25 44 48 106 27 109 117 26 3 112 8 22 61 102 110 123 105 66 42 120 96 19 64 98 119 75 70 97 121 76 7 100 1 58 60 126 32 11 93 80 9 79 49 29 103 81 38 43 15 91 78 108 39 51 113 82 62 125 77 35 17 114 86 59 71 36 28 34 0 33 4 115 90 23 88 85 74 40 12 46 118 13 104 31 55 69 50 63 84 73 99 67 24 111 107 122 68 89 65 57 83 41 14 2 18
118 119 35 107 123 19 4 81 69 30 71 56 89 91 39 83 33 15 88 18 124 9 120 109 32 110 6 90 93 60 117 122 31 7 44 106 24 13 100 43 17 104 45 86 50 76 40 59 25 36 70 8 65 82 96 61 3 98 58 37 55 111 67 80 48 66 28 85 0 87 77 99 54 116 41 78 52 94 1 49 73 62 51 113 27 20 26 23 103 5 46 126 42 72 53 108 112 10 63 115 97 47 12 114 75 38 68 92 57 79 2 84 16 21 74 11 95 102 105 121 64 101 29 125 14 34 22
102 65 109 35 86 57 22 41 39 82 75 55 19 36 78 122 10 117 91 84 43 81 50 33 92 20 7 28 77 69 59 24 48 95 16 42 67 26 64 106 70 112 37 73 68 99 124 6 87 58 118 101 51 53 11 13 5 66 74 8 40 29 93 89 98 110 1 121 30 14 4 25 46 18 107 115 17 85 9 32 80 126 54 116 123 108 79 60 119 34 113 120 96 90 56 97 105 72 103 47 94 61 15 111 100 2 44 62 52 49 31 27 21 45 104 125 3 83 114 38 0 12 63 71 88 23 76
1 62 24 110 27 38 14 122 66 63 126 17 69 108 76 80 64 79 68 50 40 16 51 84 123 12 88 102 21 107 91 22 4 67 105 13 98 23 19 45 99 0 61 119 42 37 52 60 74 70 35 78 54 48 117 125 120 47 92 41 5 10 82 95 121 118 36 57 90 9 109 77 94 86 25 32 104 65 53 39 85 34 55 11 72 26 30 44 97 71 83 96 18 43 111 28 33 101 103 29 89 20 3 114 115 106 6 31 124 112 73 59 87 93 75 15 8 7 46 116 49 56 58 2 81 113 100
32 23 39 47 37 10 4 21 68 42 75 74 97 48 98 83 105 25 62 126 101 19 36 107 18 119 24 73 114 80 40 7 117 15 33 104 84 115 26 58 28 64 116 22 57 85 41 88 66 59 120 122 89 72 82 54 100 55 1 94 108 38 14 51 31 79 45 34 124 106 2 35 69 46 50 43 87 30 49 12 3 103 118 81 5 9 63 123 53 113 112 95 125 91 109 70 56 111 67 8 110 92 11 77 17 78 96 61 60 76 0 29 16 90 86 6 52 71 20 93 102 65 13 99 44 121 27
77 34 63 113 72 98 47 105 13 55 96 27 104 125 48 120 91 68 101 108 126 43 20 16 46 60 17 114 87 117 39 57 78 124 30 45 94 116 23 11 83 88 71 118 81 7 1 92 40 14 5 6 122 107 22 65 4 86 61 56 123 99 31 84 0 100 103 73 110 52 119 15 9 58 115 18 67 29 102 53 59 97 90 74 35 51 41 109 2 75 66 10 19 50 26 95 44 62 3 24 37 70 32 79 82 76 12 42 54 21 80 8 33 69 25 85 121 64 36 38 89 112 49 93 111 28 106
29 15 109 104 111 96 41 108 74 35 9 120 53 86 126 56 73 11 95 75 58 49 6 119 60 121 42 97 124 122 80 103 112 18 106 27 89 52 113 37 17 59 114 57 20 16 0 5 92 23 110 2 3 107 98 125 31 78 47 4 51 102 100 82 32 84 72 13 116 64 117 38 39 46 83 24 34 10 81 88 79 19 55 63 12 87 91 118 21 48 26 33 70 94 45 36 68 66 123 8 77 22 61 43 62 90 99 28 67 93 69 44 85 101 14 76 40 7 71 1 30 105 54 25 115 50 65
107 81 74 94 96 104 73 46 66 53 52 91 102 35 10 24 5 14 8 114 103 34 43 22 19 92 125 82 126 109 119 12 38 101 122 49 23 56 115 50 99 21 3 67 117 65 17 77 51 113 4 55 124 48 13 90 76 111 120 108 42 68 89 106 16 26 39 45 98 44 60 71 2 63 29 59 95 110 41 40 116 20 121 105 25 80 83 54 86 7 69 72 87 61 37 64 30 0 11 75 79 85 70 93 32 31 62 97 6 15 27 9 78 28 100 1 36 88 123 58 84 47 118 57 18 112 33
30 70 113 81 21 72 101 8 11 103 38 82 114 76 118 37 126 120 83 94 100 98 34 63 25 69 31 3 46 33 86 116 110 49 0 87 17 108 91 57 107 1 80 29 88 10 4 16 79 12 112 59 14 85 66 89 48 22 102 54 55 61 2 125 106 92 97 35 13 74 124 78 115 119 9 95 15 53 68 44 18 39 90 40 58 5 64 105 117 104 122 23 84 99 28 26 52 50 24 45 19 20 56 71 41 43 62 47 121 96 123 51 6 7 60 27 73 36 75 109 111 42 32 77 93 67 65
53 64 96 12 25 26 44 40 59 49 13 42 33 54 75 68 5 23 117 51 28 114 17 37 90 110 41 0 120 116 29 124 95 86 65 70 69 115 56 7 1 106 16 67 66 36 102 81 30 73 58 22 83 6 121 14 109 104 88 10 43 15 2 45 11 62 57 105 112 98 92 78 111 79 31 87 9 50 113 24 39 55 34 8 72 85 61 94 118 46 18 125 63 100 52 123 126 27 119 74 71 84 32 91 82 89 108 3 4 99 48 122 93 77 47 21 60 80 35 19 107 103 20 101 38 76 97
113 34 122 58 61 13 65 114 94 102 38 75 100 70 123 1 16 56 46 68 35 91 98 104 14 71 107 118 3 125 30 15 21 36 47 0 8 126 83 51 112 40 53 88 79 27 32 72 76 20 9 25 121 59 7 95 5 28 10 39 42 92 73 57 69 105 62 63 54 108 99 48 64 109 41 82 90 24 60 85 19 117 2 97 115 80 67 4 49 110 33 111 87 106 101 116 50 22 43 120 66 37 52 55 23 45 26 103 84 11 12 93 81 96 89 74 44 124 77 119 86 17 29 78 18 6 31
104 103 105 36 93 61 20 98 68 14 56 52 44 91 18 37 53 70 62 24 124 4 117 5 12 123 74 108 39 116 113 17 31 27 102 109 94 97 51 75 45 66 33 101 47 38 122 0 10 78 15 106 25 13 114 58 23 80 107 64 115 49 119 43 110 32 50 1 2 126 87 85 28 89 11 34 55 90 19 72 6 83 9 59 22 92 54 26 81 112 63 30 69 60 121 100 29 42 46 57 120 88 73 7 82 125 65 111 95 96 16 67 118 3 8 71 84 76 86 48 35 77 40 99 21 79 41
75 65 1 41 54 6 57 109 38 26 51 10 84 126 107 98 19 68 43 112 49 104 55 110 103 124 33 81 86 117 9 35 11 97 78 46 85 15 115 121 58 93 37 99 105 27 32 62 91 89 61 12 96 34 28 106 102 7 4 50 30 56 22 8 59 122 16 111 108 64 116 17 31 60 67 72 118 125 66 120 92 0 24 74 83 87 76 77 40 48 69 114 95 21 44 13 3 82 70 23 29 101 94 90 14 36 100 52 45 47 63 88 71 42 123 2 119 39 20 18 113 5 80 53 73 25 79
17 0 38 68 41 28 118 77 121 5 27 34 51 79 58 23 72 108 87 100 44 78 55 4 42 70 46 2 120 65 14 32 88 125 18 111 37 53 112 67 47 81 110 92 113 114 62 122 52 102 61 84 97 123 124 54 25 98 29 57 3 36 99 95 30 56 90 105 6 83 40 21 49 93 63 22 33 9 73 104 126 117 71 35 20 7 43 1 11 101 8 59 82 10 75 13 89 76 26 115 45 106 12 66 119 48 85 64 116 16 24 96 94 69 50 15 19 74 91 31 39 109 107 86 60 103 80
10 71 6 68 46 16 101 116 55 93 89 73 59 70 5 88 36 23 113 96 43 104 8 102 1 11 27 87 69 37 48 79 90 22 121 41 86 72 9 15 24 67 30 75 99 98 20 28 91 83 97 3 34 110 94 13 61 45 26 58 40 21 106 17 120 109 74 77 108 105 51 65 78 0 32 50 82 125 60 126 42 57 123 100 18 118 117 54 39 19 111 2 38 31 112 14 114 12 47 52 63 33 80 29 62 64 92 44 115 56 107 124 85 66 4 84 81 25 119 76 122 95 35 49 7 103 53
17 63 7 50 110 66 73 103 81 121 18 87 16 30 118 60 94 112 61 67 117 4 70 19 41 37 31 107 38 54 123 10 79 40 105 109 21 29 85 91 42 82 102 39 5 116 68 53 24 23 76 92 15 25 101 113 46 86 99 52 1 80 44 34 95 26 6 74 93 88 122 64 58 36 47 2 35 28 27 59 11 114 71 98 84 56 97 89 20 55 43 13 72 62 124 69 8 57 51 65 48 0 22 33 49 75 3 104 119 12 9 111 115 125 78 45 14 32 126 90 83 96 77 100 106 120 108
34 38 94 70 16 30 2 92 18 51 60 32 28 76 66 107 15 85 82 64 98 61 95 26 124 69 99 56 122 75 44 48 121 29 115 54 117 100 22 77 106 9 114 43 19 118 116 6 87 17 103 50 35 123 88 25 37 65 104 68 57 62 80 84 40 7 63 120 0 96 119 3 58 11 101 21 113 41 27 97 10 126 112 102 12 4 78 20 49 8 105 110 47 42 109 14 23 108 55 91 59 24 89 36 90 31 111 125 71 83 72 86 13 1 93 45 33 81 73 53 79 52 67 39 5 74 46
