119 126 41 125 110 33 23 80 62 4 123 73 1 20 106 36 19 97 48 49 102 13 107 25 100 65 35 118 112 29 94 69 5 77 104 114 38 55 86 2 12 121 28 61 50 24 59 6 120 3 45 17 53 43 111 14 117 96 66 34 7 16 81 92 124 54 108 122 10 91 116 32 39 67 42 88 8 78 93 70 58 83 37 51 101 115 72 68 40 74 79 56 60 82 15 89 44 64 85 63 31 95 52 18 105 30 22 103 84 71 47 9 113 46 57 90 26 87 98 76 109 11 0 27 75 21 99
99 67 120 11 94 5 20 68 117 118 10 89 35 114 6 21 103 18 53 34 27 95 46 29 80 119 100 15 31 19 78 116 101 41 61 86 91 79 69 40 49 37 76 4 57 87 88 28 90 62 106 36 108 71 48 109 125 42 7 74 24 73 82 77 98 105 44 81 22 56 59 122 38 64 12 113 124 75 85 112 1 47 32 83 92 8 16 66 39 2 26 33 96 43 72 102 45 65 13 93 110 14 126 70 111 9 97 107 55 60 30 23 115 123 17 0 58 104 3 50 51 25 63 121 54 84 52
22 7 101 65 38 85 33 49 125 50 19 119 96 56 69 84 121 41 40 77 74 92 17 88 113 0 98 39 48 15 64 9 78 16 117 99 35 27 34 5 42 109 37 45 106 122 115 28 54 44 114 72 63 31 124 100 91 61 12 76 23 108 4 82 11 111 110 118 47 26 105 8 70 14 123 1 86 97 21 66 52 93 79 13 68 43 6 81 103 20 62 104 10 67 18 94 107 57 112 2 51 60 29 25 87 126 30 46 102 120 3 90 75 116 32 58 71 89 24 59 73 80 55 83 36 95 53
82 69 16 23 121 29 5 120 66 89 47 34 36 24 113 100 101 32 77 67 76 109 112 55 103 59 105 58 57 49 116 17 84 25 27 114 3 70 74 56 7 88 122 43 37 87 118 75 10 92 83 33 93 119 62 63 106 44 98 85 108 20 9 52 64 73 107 4 91 1 71 46 51 123 40 60 38 102 86 18 96 94 126 90 14 48 0 115 72 13 80 95 21 79 12 81 111 65 11 35 42 6 104 61 30 19 41 8 39 50 2 22 31 45 124 97 26 54 117 15 78 68 28 53 99 110 125
96 53 98 116 83 114 8 10 91 97 121 37 94 73 20 2 5 47 58 102 28 22 60 30 61 46 84 45 6 108 100 52 104 4 57 56 23 7 90 105 81 74 82 25 21 122 51 78 41 89 76 68 42 44 35 119 118 36 38 34 95 99 70 26 13 80 115 113 110 123 87 92 39 67 126 17 18 112 106 27 40 85 29 9 33 48 59 11 1 72 93 109 103 101 124 71 63 65 50 19 117 125 49 69 64 62 24 79 107 86 111 14 54 16 75 32 55 15 77 12 3 88 43 66 31 120 0
48 47 99 78 50 70 79 115 124 91 125 120 118 88 24 111 51 45 105 92 2 49 16 7 106 76 82 84 81 63 68 116 30 113 22 114 42 122 14 90 5 3 55 123 107 102 41 1 108 109 23 85 13 77 25 117 87 103 89 32 26 34 56 83 72 36 6 31 44 93 15 104 0 75 61 54 98 35 52 94 80 59 96 73 40 9 43 69 33 74 37 60 64 27 101 29 86 19 11 71 67 66 39 112 97 126 17 8 100 21 38 95 53 20 4 18 110 12 119 46 62 121 57 28 10 65 58
55 13 28 22 51 89 72 87 30 14 98 46 88 117 66 123 106 8 40 35 32 75 42 10 48 64 34 62 108 91 44 27 119 118 73 2 36 18 26 78 81 84 74 53 92 82 95 52 38 83 57 43 121 67 47 61 79 21 25 15 105 113 115 85 17 77 39 71 101 99 112 7 23 65 90 111 4 33 16 6 54 3 94 107 56 126 125 104 50 31 109 100 68 1 12 116 124 96 29 114 122 110 24 60 102 19 20 93 69 9 37 63 5 11 120 86 80 49 45 76 0 97 58 41 59 70 103
39 112 38 86 117 5 44 94 43 28 66 92 118 111 51 42 35 103 45 100 78 126 91 52 17 56 64 18 30 36 21 41 89 116 104 88 23 125 102 96 114 76 12 25 27 58 26 13 50 31 79 90 62 123 37 119 53 74 63 82 11 29 46 85 108 77 32 71 101 83 80 115 60 73 3 72 34 68 95 105 10 109 113 19 122 0 98 97 120 57 9 7 99 15 61 2 81 70 8 107 75 110 124 69 121 84 48 6 16 22 40 33 65 59 55 87 106 54 49 47 14 1 67 93 20 24 4
101 56 66 107 110 39 8 118 51 73 45 78 80 2 40 57 55 41 34 6 1 64 38 116 121 125 102 29 12 0 60 10 28 105 15 84 79 94 104 97 11 81 126 22 65 26 93 90 43 25 123 37 49 20 4 53 68 9 63 3 27 96 89 106 54 108 67 44 71 92 59 72 88 61 109 48 91 23 62 95 83 50 85 32 69 47 114 99 113 82 46 120 19 14 16 103 36 58 98 74 70 115 24 112 52 124 76 86 31 13 33 7 117 122 119 111 75 18 17 100 21 42 5 35 30 87 77
39 80 38 10 27 109 65 107 110 37 32 73 16 18 60 3 20 26 101 115 112 98 54 42 19 68 28 52 35 116 69 78 21 12 105 25 81 95 84 30 88 91 111 17 125 87 114 56 122 5 75 36 119 83 64 92 63 24 121 103 72 61 76 58 1 34 96 106 2 4 48 47 13 113 44 59 71 0 67 50 49 86 55 120 89 45 85 77 23 57 126 15 90 100 43 9 41 53 74 124 33 8 117 99 94 46 123 104 51 29 97 93 14 118 31 102 82 7 62 79 11 6 70 108 66 22 40
102 71 93 78 24 35 58 49 117 91 39 29 77 22 18 109 122 0 69 53 119 63 10 23 31 15 66 107 1 64 21 116 4 12 100 67 82 6 94 26 55 61 13 44 103 92 95 50 125 70 84 51 79 96 8 87 9 108 115 105 47 19 124 83 3 65 34 43 41 121 14 33 110 126 120 113 37 72 52 76 106 11 75 73 60 89 42 20 90 112 5 25 104 56 74 30 27 45 59 97 16 81 101 7 98 38 54 99 118 36 62 2 17 114 40 80 68 86 123 85 32 111 57 88 46 28 48
114 93 26 99 117 64 11 77 90 68 53 109 46 87 18 29 43 88 81 97 51 69 14 89 4 20 112 8 13 24 49 41 104 122 3 56 54 125 31 71 63 6 65 19 38 103 98 120 95 28 115 83 7 23 96 119 82 55 123 108 76 126 47 30 1 32 110 21 35 74 94 40 67 66 37 0 116 10 50 72 33 111 60 39 118 92 12 85 101 61 121 113 16 15 45 2 42 5 58 100 75 22 70 84 62 102 52 48 79 27 59 73 86 78 36 105 124 44 25 91 34 80 57 9 107 106 17
90 123 67 51 52 31 7 98 19 83 61 112 53 64 24 92 77 89 75 100 81 47 5 41 68 126 50 43 101 118 117 82 95 3 10 122 22 21 45 105 65 20 58 104 33 55 103 4 119 120 46 115 37 60 87 56 16 62 116 23 48 84 114 1 73 80 121 14 107 13 2 11 15 49 91 35 94 42 18 111 27 79 6 0 97 12 99 59 124 76 29 30 109 106 102 44 125 54 36 57 85 63 28 40 113 8 74 70 69 86 25 96 88 71 26 17 34 39 38 78 32 108 110 66 9 72 93
112 109 8 64 47 7 106 56 92 73 74 52 48 124 63 115 5 11 36 22 2 76 122 123 111 93 65 46 69 81 50 100 27 3 43 25 62 118 87 83 18 90 68 108 34 114 54 41 78 61 58 120 17 98 9 28 103 116 53 4 19 33 31 67 79 72 121 44 99 6 110 101 104 15 35 32 66 49 91 26 45 38 21 55 94 13 71 80 95 59 105 126 86 51 10 82 60 70 39 12 0 84 102 14 20 24 23 85 88 42 113 97 107 75 125 119 96 40 29 30 1 37 57 77 117 16 89
116 59 83 33 102 40 66 38 109 97 105 81 19 53 6 104 0 47 5 92 70 1 74 43 60 124 110 91 4 49 94 106 9 54 24 41 17 95 45 85 82 62 20 103 121 64 63 30 37 98 21 113 125 71 22 115 77 78 55 90 39 65 48 36 117 112 119 12 35 88 29 87 101 18 16 93 76 11 32 79 72 34 67 28 68 73 15 111 84 96 122 99 89 114 50 44 126 25 8 10 80 107 56 108 58 61 2 23 3 31 26 69 123 57 86 27 42 13 120 7 75 52 14 46 100 118 51
14 81 26 54 56 78 9 109 70 125 58 51 74 41 94 123 113 68 97 105 96 71 80 33 95 63 110 23 114 82 88 34 40 118 104 79 15 42 24 36 18 57 49 83 31 117 30 124 119 38 102 19 89 28 103 52 99 87 62 37 46 35 11 90 120 73 61 115 29 116 0 4 93 69 64 98 75 76 17 16 45 12 5 25 72 107 111 7 8 48 21 65 92 44 126 1 47 59 86 106 2 55 10 100 122 91 20 101 32 85 121 66 27 6 50 112 77 108 53 84 3 67 13 60 39 43 22
43 15 73 122 74 62 91 67 78 58 95 71 56 77 20 120 49 1 23 63 117 64 81 6 9 106 121 53 85 59 47 76 123 44 92 24 124 118 13 89 26 83 101 68 10 79 30 17 94 60 70 105 4 69 29 93 8 115 72 14 65 82 36 66 40 16 19 80 12 11 45 90 108 38 103 104 75 3 98 2 116 27 113 109 7 100 33 41 119 55 22 61 48 88 84 97 112 96 42 87 21 51 18 46 57 102 39 111 37 54 31 35 32 114 125 99 52 50 107 5 126 34 86 110 28 0 25
47 80 89 40 111 123 33 0 118 117 91 62 106 21 29 96 30 85 121 37 113 79 44 87 109 95 74 119 7 105 88 102 26 19 101 72 34 24 53 4 46 49 28 36 6 54 57 76 18 12 61 100 9 42 90 126 67 10 104 103 92 82 125 20 73 75 52 83 50 39 120 81 1 116 59 15 31 68 2 93 63 27 45 35 77 66 60 14 98 16 69 110 70 38 112 107 97 99 114 8 55 43 78 22 32 48 5 3 94 11 41 71 115 64 65 56 108 58 124 25 23 51 84 13 86 122 17
33 82 69 65 114 118 30 73 108 80 16 90 27 47 101 120 97 5 45 56 8 62 34 11 37 102 107 126 104 74 125 112 57 18 63 88 22 6 84 110 116 26 58 103 10 123 91 68 38 77 17 95 99 67 14 85 111 109 13 106 87 71 0 52 36 44 100 20 113 54 41 21 43 78 19 83 121 76 35 92 94 119 25 12 32 3 31 7 81 50 61 29 49 117 24 79 42 122 4 124 59 28 98 60 105 72 89 48 93 66 46 70 23 9 51 55 53 64 86 40 15 96 115 1 39 2 75
118 37 112 47 107 71 39 35 18 9 73 14 56 8 95 89 26 25 87 16 77 1 49 7 21 75 119 92 126 32 99 5 94 111 11 4 13 96 100 97 117 85 3 72 105 116 81 115 124 88 68 6 36 101 109 90 64 57 33 82 40 51 74 29 17 44 58 27 55 125 52 67 76 103 38 62 84 34 114 123 22 79 106 20 43 54 70 63 98 83 78 2 41 122 31 61 24 23 80 93 69 10 113 0 120 66 91 59 121 15 30 28 104 60 12 102 108 65 42 45 53 19 48 46 110 50 86
66 95 98 64 21 73 49 107 31 117 48 65 120 104 76 30 53 46 109 123 85 1 124 27 119 100 106 37 40 57 63 4 54 71 62 90 29 35 122 33 42 17 108 112 97 6 125 72 61 59 74 103 114 3 91 68 113 126 84 39 86 14 25 67 101 93 44 38 110 116 75 88 16 12 79 80 51 23 5 50 9 96 10 11 20 81 19 115 56 77 52 13 69 47 105 83 41 45 82 55 99 34 24 15 78 60 36 0 43 92 111 70 89 121 32 58 87 102 94 2 26 28 7 8 22 18 118
98 122 14 96 31 0 93 61 44 67 42 65 27 123 25 85 117 109 82 13 62 92 63 16 51 34 28 9 8 11 39 58 41 76 77 43 36 52 125 10 56 30 45 115 83 32 47 121 120 35 33 118 2 101 71 21 89 113 97 68 72 37 1 111 3 26 48 103 105 91 86 20 69 57 75 17 126 79 88 12 15 116 81 46 114 29 22 78 112 5 99 84 106 54 40 50 107 66 102 59 100 94 23 87 64 110 104 70 49 18 55 6 53 7 60 95 80 90 74 124 119 108 73 19 38 4 24
9 29 120 3 68 7 44 91 38 22 107 108 6 16 10 97 79 122 1 54 21 5 30 117 53 92 26 95 63 76 36 115 31 8 99 51 25 124 66 37 58 106 27 114 20 19 14 111 39 113 94 43 4 105 118 126 104 83 98 90 71 18 48 89 72 85 121 32 57 56 42 50 75 35 28 55 100 65 74 82 93 67 62 96 80 69 61 84 110 0 101 64 77 46 34 86 112 11 102 88 47 73 33 13 123 15 60 17 12 119 78 45 2 81 24 87 59 125 23 70 103 41 52 109 116 40 49
47 109 11 74 80 18 99 24 41 22 92 72 46 63 125 106 96 68 30 12 56 6 27 49 126 87 84 110 16 122 7 123 105 112 37 21 36 114 118 82 113 71 3 85 59 89 58 54 62 100 73 115 50 20 39 65 93 104 51 35 55 43 4 32 10 91 90 38 79 34 29 45 14 108 120 94 53 107 31 95 75 66 8 119 57 111 28 81 64 15 70 44 83 117 42 124 103 86 67 61 9 121 60 26 0 78 2 5 101 40 13 98 88 76 1 97 23 25 33 102 19 48 116 69 52 17 77
79 99 59 64 61 105 9 58 110 100 89 19 25 63 123 83 95 20 29 50 42 112 12 62 3 11 57 102 37 76 33 125 121 77 69 124 82 101 16 45 53 80 13 43 92 96 40 17 27 86 66 48 90 54 32 113 30 104 88 97 65 117 103 38 46 81 5 41 70 94 0 115 78 87 107 31 7 23 60 67 4 71 22 116 106 68 15 114 55 14 26 39 120 21 93 72 119 2 98 24 74 118 8 10 126 108 75 122 91 1 52 18 49 85 56 111 36 6 34 51 73 109 44 47 28 84 35
31 102 123 53 32 46 110 38 101 126 23 112 91 105 54 21 120 95 76 119 75 8 24 17 58 37 97 68 10 26 12 70 103 66 125 30 7 62 115 33 20 39 100 55 29 34 60 121 79 22 86 50 74 27 42 3 11 25 6 111 15 80 18 69 35 0 48 116 122 85 124 98 63 57 51 83 114 67 44 4 49 108 2 89 59 90 94 45 13 117 88 9 1 40 28 84 96 36 99 61 41 65 109 19 113 5 43 92 14 77 47 87 104 93 78 118 72 81 16 106 73 107 71 52 82 56 64
112 89 73 29 43 28 104 35 16 37 115 119 11 62 98 38 123 82 10 17 52 44 69 96 85 23 99 34 47 100 13 20 7 58 55 18 101 12 102 26 114 126 51 83 56 45 64 36 9 92 63 60 14 124 68 8 74 41 77 103 91 106 88 109 84 3 117 125 111 86 78 113 49 95 50 6 59 80 71 53 118 66 54 46 90 87 2 22 42 33 110 40 4 120 19 70 24 57 31 72 5 108 97 121 1 81 107 122 21 93 15 61 48 27 25 116 105 0 65 32 79 30 94 75 67 76 39
85 116 79 72 42 89 29 21 106 5 35 49 121 22 38 52 0 68 112 77 69 30 24 109 125 23 50 81 84 58 37 113 120 71 27 10 65 126 75 20 43 47 16 9 17 73 4 64 123 100 18 36 39 7 2 107 74 98 40 88 108 41 53 119 97 104 82 66 103 45 12 55 48 105 102 32 90 11 19 54 92 62 63 67 13 95 93 8 99 25 15 33 117 3 80 26 57 70 44 83 31 6 60 46 111 1 114 96 51 59 56 87 94 110 14 34 115 122 118 61 86 76 78 124 91 28 101
91 32 102 41 33 100 12 40 71 95 37 15 26 93 66 88 113 39 27 111 0 75 58 43 11 92 79 51 78 62 4 48 6 25 72 61 16 8 110 42 20 122 89 3 30 73 80 63 45 99 121 109 103 49 112 22 123 38 68 18 23 5 35 77 90 55 24 29 17 7 70 28 64 14 47 120 119 106 125 116 83 84 82 81 65 69 105 96 107 87 114 86 101 124 2 76 104 85 97 19 118 57 115 13 44 36 10 53 31 52 126 98 74 54 117 21 50 56 108 59 46 9 60 1 67 94 34
42 68 61 64 13 45 22 74 10 122 69 12 94 120 96 18 86 59 25 106 90 58 17 117 15 66 114 112 63 62 126 52 89 57 53 93 27 32 97 84 48 60 36 44 54 79 70 20 102 39 75 91 95 21 100 124 98 123 30 55 115 72 87 16 37 107 65 8 24 51 80 34 103 110 71 76 92 125 104 29 23 56 2 6 43 38 5 83 26 111 35 73 77 82 85 7 108 81 67 49 3 116 40 50 1 19 88 105 47 46 28 11 33 4 121 0 41 31 78 109 14 9 118 119 99 101 113
22 62 75 54 66 26 23 18 37 55 31 19 49 27 68 34 108 121 21 101 48 16 12 78 74 3 47 67 117 69 46 105 14 10 103 73 82 0 113 44 33 32 100 90 60 120 6 61 91 28 59 56 110 20 57 70 65 102 115 96 15 87 89 116 13 25 42 124 9 123 51 111 7 114 85 2 95 45 98 53 79 97 126 38 92 4 24 94 35 88 8 77 50 40 63 11 106 36 5 86 52 72 71 81 83 17 39 107 29 119 58 104 1 64 93 41 112 84 125 109 76 80 122 99 118 30 43
123 109 16 2 83 23 72 73 105 108 37 64 36 92 11 0 1 51 55 34 114 91 46 67 20 35 58 121 113 54 8 117 57 106 9 90 43 61 7 126 119 96 70 38 87 101 95 31 125 32 49 13 102 52 42 81 99 94 17 93 47 6 104 63 24 98 120 45 60 4 77 62 71 82 30 48 56 103 15 68 88 100 111 124 53 97 25 22 115 79 5 75 89 80 26 69 44 19 122 40 10 116 85 84 76 74 3 29 28 14 39 107 21 65 66 59 110 27 112 118 86 50 33 78 12 18 41
28 65 18 79 11 113 67 54 104 27 22 15 53 6 80 83 21 82 64 126 19 81 29 5 4 42 59 112 16 124 107 32 116 0 120 7 50 69 20 17 25 14 73 24 34 13 63 97 91 47 56 94 109 37 72 75 78 119 23 60 125 62 57 110 87 35 85 101 43 108 106 76 2 45 41 84 49 8 1 48 38 44 26 102 115 105 103 9 100 114 10 118 95 93 31 55 52 66 12 89 51 33 36 40 46 3 61 117 122 58 96 74 30 86 77 121 68 111 71 90 99 123 92 98 39 70 88
3 27 22 31 20 54 123 76 104 26 119 59 48 88 47 98 63 38 122 11 21 70 66 92 32 86 12 16 36 97 44 67 125 41 15 1 55 35 111 52 124 95 45 90 117 108 99 13 118 121 79 46 84 50 49 65 113 40 29 75 72 17 93 28 23 107 78 87 115 5 8 89 61 83 4 18 34 53 126 9 64 103 30 60 56 96 19 110 62 112 25 109 74 6 106 0 85 10 71 43 82 51 2 7 101 102 57 14 120 68 37 91 100 73 80 58 33 105 77 39 24 81 69 114 42 94 116
20 68 57 10 122 4 90 29 113 31 119 84 72 81 85 2 89 99 121 5 25 14 100 39 120 66 82 106 7 74 32 38 116 64 108 86 79 24 95 125 41 111 97 16 13 112 50 8 48 78 56 73 19 63 51 75 22 126 87 30 42 6 59 62 109 94 49 34 47 40 15 0 69 71 76 104 60 118 28 44 123 11 27 43 77 23 37 9 107 80 93 67 91 17 83 54 21 61 26 18 92 52 110 70 117 65 3 58 105 1 124 103 53 36 101 115 102 88 45 46 33 96 114 98 55 35 12
114 89 46 100 96 54 8 67 109 33 98 48 60 77 34 44 55 63 32 10 5 29 0 78 42 1 15 81 85 35 6 105 59 76 21 49 62 118 79 99 19 103 37 22 16 122 82 88 7 87 116 95 9 45 2 27 92 52 26 47 80 108 70 101 40 14 38 13 72 74 41 102 69 30 112 4 86 93 20 36 28 65 90 126 84 17 25 121 58 23 66 119 110 75 104 12 117 39 11 124 68 94 57 56 107 71 50 73 113 3 53 18 91 51 83 115 106 125 97 64 24 43 61 120 111 123 31
10 124 24 45 28 81 84 21 78 74 100 94 105 115 51 82 56 101 52 5 20 6 18 92 108 122 95 55 88 3 89 91 106 83 4 1 63 44 11 86 113 60 97 36 118 65 37 50 99 53 9 42 90 8 71 109 67 68 104 47 41 43 96 62 27 126 0 70 117 16 121 7 120 15 110 32 12 64 40 23 2 75 76 13 38 26 33 114 22 103 57 123 102 66 73 116 93 112 19 69 49 29 87 61 72 54 30 25 39 98 85 107 125 31 59 34 111 80 119 35 48 77 17 46 14 58 79
83 110 120 25 70 11 91 94 10 95 2 61 108 31 113 44 28 41 98 4 101 125 21 54 79 7 122 80 37 40 74 43 77 99 50 66 22 72 75 104 19 64 115 52 55 49 96 85 90 3 107 97 14 121 112 123 106 84 42 69 71 118 5 102 117 0 30 119 67 92 82 15 126 8 56 58 24 60 111 116 29 103 38 88 124 59 46 32 27 45 33 20 47 62 105 1 81 48 73 23 39 18 76 53 87 9 86 68 16 57 35 13 89 63 6 34 12 109 26 114 51 93 65 100 78 17 36
6 30 42 18 66 87 27 126 49 115 81 67 53 33 52 19 50 75 2 119 13 120 51 16 76 48 22 34 46 98 20 32 96 60 95 118 69 29 94 108 68 77 116 105 122 123 4 91 9 84 64 25 26 54 8 111 15 56 1 82 100 79 37 113 44 86 97 101 63 83 12 62 72 0 3 65 104 124 14 93 109 57 28 35 85 107 125 90 73 71 23 78 59 89 36 11 114 106 88 121 70 5 39 41 61 31 7 24 45 21 103 43 10 55 102 17 117 92 58 38 99 112 40 74 80 47 110
90 46 43 74 37 40 114 53 102 28 9 97 30 101 45 113 95 118 11 20 105 117 72 21 26 106 94 52 32 33 81 13 125 4 108 16 123 66 121 126 84 24 64 56 10 48 51 5 78 115 2 112 73 100 12 44 99 35 77 18 8 103 36 85 3 38 22 107 70 91 59 120 83 80 122 6 27 68 82 17 14 15 116 57 58 79 110 98 31 111 55 39 25 75 7 47 34 54 62 65 89 88 92 71 119 42 61 60 86 50 1 87 19 49 124 69 93 0 23 67 41 109 63 104 96 76 29
67 55 6 39 8 22 65 49 114 92 51 63 42 18 1 60 71 19 123 37 89 125 72 35 99 70 124 75 107 103 102 50 57 25 46 61 101 85 87 119 78 109 83 26 112 28 40 14 33 53 88 9 27 100 43 17 64 108 90 91 96 126 116 2 84 29 3 12 120 32 69 11 52 104 111 23 66 21 0 47 122 5 80 38 81 56 86 59 15 76 115 44 16 74 31 54 13 77 113 82 41 20 45 97 106 121 58 73 117 24 110 7 30 68 48 34 98 105 95 10 79 94 93 118 4 62 36
50 13 38 77 70 14 21 3 58 46 9 18 113 66 44 118 79 6 24 78 27 30 103 49 40 63 47 80 12 76 34 28 126 54 20 100 92 4 53 68 83 45 107 115 17 73 25 37 59 97 120 85 108 124 56 82 89 64 90 7 35 19 8 43 1 32 121 114 5 55 74 84 2 42 51 52 60 57 106 87 116 91 69 109 33 72 71 117 11 123 23 96 88 29 26 41 61 15 65 95 10 75 101 102 94 111 110 0 16 81 112 99 122 125 98 22 67 86 104 62 31 36 39 93 48 119 105
100 108 79 71 72 3 102 126 124 66 57 113 22 23 62 110 125 35 59 31 20 51 109 83 52 15 97 7 12 90 18 78 88 96 99 42 122 74 47 48 87 101 103 8 111 119 53 5 40 70 14 94 82 112 92 56 117 121 123 54 10 107 85 84 45 106 116 24 60 4 34 65 28 21 26 91 32 39 98 95 37 41 50 104 43 63 68 105 36 9 55 6 77 114 69 0 58 2 27 49 81 80 86 93 38 25 46 1 115 29 44 73 118 76 89 120 64 17 19 13 16 33 67 30 61 11 75
49 78 126 75 23 26 111 117 3 118 48 58 76 120 28 4 18 100 84 88 63 1 119 60 107 67 99 81 82 101 51 25 103 64 102 125 37 108 96 80 36 106 45 24 0 14 62 83 53 98 92 121 77 112 30 66 38 13 52 115 7 110 116 5 17 124 97 39 71 31 89 46 90 12 70 69 44 104 50 93 43 65 16 40 95 123 34 21 2 54 59 32 11 86 55 87 122 105 8 57 113 94 6 29 61 109 27 73 79 22 74 91 9 114 56 85 20 33 19 42 10 72 47 41 35 15 68
112 125 118 15 17 68 110 74 53 9 97 18 16 41 8 75 98 48 77 106 2 43 109 37 47 87 117 38 42 3 49 119 39 89 124 54 88 29 100 79 70 107 34 44 46 30 31 67 26 28 60 92 81 6 103 116 76 64 63 111 123 85 95 27 10 22 90 121 52 7 104 71 36 65 33 12 5 78 93 4 105 35 21 11 24 57 113 91 102 82 0 19 23 66 32 13 20 50 72 40 59 96 1 58 55 25 84 99 83 80 86 61 45 115 62 56 51 114 126 122 73 14 69 108 120 94 101
52 89 2 4 3 103 108 67 70 95 113 84 51 13 40 90 55 11 14 79 42 117 116 97 91 27 26 25 109 53 77 29 72 85 83 96 66 58 87 59 48 41 37 106 92 98 47 111 126 100 107 28 105 124 74 123 8 121 54 36 104 93 7 9 49 73 21 16 125 119 45 115 65 80 32 118 101 38 12 44 57 23 78 62 112 24 15 19 30 76 68 39 10 0 94 50 122 34 88 6 43 71 86 5 82 64 20 99 17 61 120 81 1 69 46 18 63 22 102 33 31 60 35 110 56 114 75
36 113 86 40 22 84 18 116 34 74 27 15 25 57 16 37 96 52 6 67 9 35 48 107 81 112 1 69 70 95 45 118 103 122 12 73 24 2 66 55 87 99 123 125 10 105 39 62 76 106 68 58 43 0 60 91 17 104 28 13 8 80 50 100 30 93 82 85 92 115 108 44 126 124 42 53 71 64 26 90 56 32 89 5 20 21 23 29 49 7 33 117 14 78 111 75 46 98 94 109 61 114 31 63 79 3 41 19 77 11 102 51 110 47 4 119 65 120 59 83 38 121 54 88 97 101 72
118 106 41 5 19 123 32 103 44 52 88 39 28 49 73 11 93 98 113 37 120 78 110 13 14 42 24 84 89 54 15 6 82 45 62 87 2 7 60 47 67 80 55 74 17 105 48 114 75 3 72 95 30 122 40 126 91 90 61 20 18 53 23 27 69 0 96 86 124 56 64 22 101 104 108 10 66 92 119 43 71 35 112 34 33 51 111 99 63 12 59 16 9 81 100 121 117 94 25 85 83 4 109 70 57 8 36 97 50 1 79 31 115 65 116 68 38 77 29 26 125 102 58 46 21 76 107
59 109 68 58 47 29 35 32 15 97 1 30 5 89 4 33 26 38 28 83 113 119 36 43 75 90 126 51 93 50 62 27 94 37 92 77 19 108 88 18 72 123 9 110 82 6 54 91 86 101 76 65 10 105 53 49 67 122 21 22 96 74 87 46 78 11 42 0 12 124 57 52 55 102 56 80 13 112 8 2 114 25 81 107 20 34 98 106 117 70 111 125 17 95 71 23 84 118 44 39 115 61 99 3 120 116 14 48 85 63 64 60 121 103 24 100 69 79 31 7 104 73 66 41 45 16 40
8 85 13 76 4 61 5 25 80 27 117 123 37 34 101 108 50 60 75 74 66 41 78 6 124 22 68 90 109 93 65 18 21 112 39 29 46 55 100 48 91 49 14 33 84 47 23 35 51 103 116 71 7 120 102 28 86 87 52 113 15 62 88 36 20 106 121 30 94 72 77 10 31 40 95 97 89 111 96 16 32 26 114 63 54 105 42 1 99 11 115 69 92 56 122 24 45 81 104 12 43 118 9 79 70 119 64 19 17 126 2 125 107 59 0 44 67 58 82 3 110 53 73 38 83 98 57
44 50 31 15 77 1 66 38 32 14 73 13 25 21 98 37 80 2 107 0 61 34 74 59 4 22 105 102 58 109 93 52 123 75 46 84 6 36 101 39 79 112 64 83 92 30 114 51 103 118 117 17 12 82 33 121 85 68 86 3 27 71 63 56 35 8 115 91 5 120 48 49 126 106 60 65 57 16 20 43 23 87 88 124 69 45 9 10 89 62 111 67 26 113 54 76 125 19 55 116 47 122 18 24 94 29 40 28 108 110 41 78 100 104 11 53 99 95 119 70 81 72 96 7 97 42 90
40 33 32 94 91 2 50 98 115 121 106 86 35 97 16 123 116 58 34 21 92 48 66 101 124 25 68 81 60 99 104 18 23 72 44 71 14 63 19 30 28 42 52 96 67 120 103 5 105 56 75 13 125 95 17 65 41 3 113 31 77 89 84 100 8 20 45 122 55 4 79 0 118 61 107 85 110 70 54 119 112 26 87 126 114 9 69 12 76 11 80 90 109 43 7 88 49 15 27 10 53 51 24 117 83 93 29 6 47 46 22 111 1 57 38 73 74 37 39 62 64 78 36 82 108 59 102
87 37 6 29 3 34 2 21 23 112 116 62 125 54 27 46 24 18 5 20 59 35 106 19 14 81 67 124 90 53 48 16 75 49 33 63 86 107 110 115 55 51 74 13 52 78 11 103 41 68 60 12 109 72 96 40 89 79 30 56 64 118 126 39 36 82 38 42 113 50 117 44 25 88 84 71 80 119 26 98 47 101 102 1 66 69 104 65 43 76 108 10 70 123 95 22 32 17 85 31 0 99 57 4 73 100 111 93 122 114 15 77 121 91 8 94 45 105 92 7 9 61 83 58 28 120 97
126 82 97 61 42 106 91 17 43 20 52 89 18 10 113 4 120 23 21 44 93 59 104 64 6 77 58 62 37 27 39 41 87 81 124 92 70 109 50 38 86 9 5 60 36 29 48 72 99 46 102 57 55 68 75 8 90 115 100 122 101 3 30 98 108 84 121 111 74 80 83 2 40 12 35 16 73 88 0 47 79 25 116 123 94 49 114 66 13 54 19 26 65 28 24 63 110 33 11 51 76 95 14 56 117 105 118 22 78 103 32 53 45 112 125 7 71 15 96 1 69 107 85 34 119 31 67
62 98 125 115 91 94 59 26 8 112 72 123 14 95 97 38 63 50 75 4 92 1 54 28 43 16 103 121 126 89 53 5 49 33 27 93 48 22 24 109 66 32 65 69 120 21 110 35 73 99 64 29 86 96 44 3 108 36 124 2 0 42 119 58 45 37 9 79 19 70 84 47 116 76 10 39 118 55 56 46 122 90 61 106 31 88 77 18 81 41 13 101 68 25 114 15 52 51 87 40 7 104 105 102 100 17 57 74 20 107 78 34 83 30 111 71 80 23 12 117 11 82 67 85 60 113 6
104 75 57 50 34 13 43 109 44 9 11 35 68 52 15 5 22 79 32 14 107 126 66 112 114 103 71 8 123 62 116 98 42 29 102 26 86 18 1 121 94 54 41 69 105 84 117 83 47 99 56 61 108 78 95 120 70 74 59 89 87 118 38 33 30 106 63 97 19 55 3 51 88 12 125 101 110 67 119 65 93 73 80 82 25 92 91 2 16 100 60 23 27 36 4 21 46 53 17 96 64 81 37 40 111 122 6 31 24 10 45 49 115 48 58 77 0 124 20 113 85 28 7 39 76 90 72
111 34 77 42 1 52 88 115 78 99 55 113 23 21 6 119 11 4 9 104 50 18 86 63 123 106 92 7 47 69 0 10 16 102 8 114 60 37 125 105 126 33 70 57 76 27 5 118 51 72 59 81 61 109 67 91 71 66 24 53 3 40 12 84 122 20 25 22 73 43 30 29 124 28 82 49 41 44 65 80 48 103 19 46 15 110 17 94 93 100 32 97 121 116 107 96 26 54 90 2 74 56 95 58 117 14 120 75 68 35 101 112 89 79 108 13 36 31 87 39 45 64 85 62 83 38 98
16 100 71 81 20 76 1 33 2 28 62 38 69 73 72 27 88 12 8 67 105 89 45 50 86 47 97 120 44 108 84 34 75 23 119 91 3 21 60 101 123 9 93 43 64 124 30 118 90 65 68 63 109 99 111 85 110 37 5 49 82 113 122 0 48 31 103 25 40 13 74 59 35 95 58 6 92 46 52 125 87 94 57 22 41 18 70 126 98 61 51 14 106 36 104 15 117 26 80 102 107 83 114 53 39 32 7 121 115 11 55 96 54 4 29 77 79 112 17 116 19 24 10 42 56 78 66
78 18 11 43 40 46 53 63 95 97 52 59 71 15 69 120 110 80 76 67 123 47 115 38 103 107 99 1 29 109 105 62 121 75 4 61 5 72 28 20 23 31 33 85 64 68 49 24 48 100 14 125 108 88 58 26 116 92 51 9 104 12 2 91 83 60 41 126 94 8 3 102 73 45 66 42 10 36 84 34 25 87 117 119 55 114 65 118 32 0 56 70 112 50 111 39 27 19 113 101 122 30 44 13 7 106 6 90 77 124 81 17 93 74 79 22 16 54 96 86 21 82 98 89 37 35 57
59 19 50 35 72 113 114 9 75 6 74 117 30 103 85 67 24 3 44 57 11 105 1 64 27 46 0 97 41 32 120 5 58 101 125 55 87 14 47 62 89 48 16 18 111 7 94 84 33 51 107 77 42 61 99 104 98 65 25 13 2 45 4 66 63 10 78 26 43 20 34 116 40 88 22 31 82 122 91 121 28 71 68 23 15 70 118 21 76 36 79 106 109 80 29 92 86 52 126 90 37 12 115 93 73 95 123 108 49 60 81 8 119 83 17 53 69 112 54 39 124 110 96 38 56 102 100
82 34 65 73 115 103 98 26 76 83 59 105 116 17 23 55 68 54 124 12 104 60 89 93 87 51 3 52 50 100 114 22 110 88 67 64 43 62 30 72 58 41 101 107 117 0 109 36 94 38 6 123 120 118 86 108 33 29 46 97 11 79 96 122 125 112 39 1 57 74 81 28 35 9 111 4 47 69 42 102 70 91 24 56 44 92 126 37 7 19 25 99 77 95 2 121 45 113 48 80 21 61 14 15 75 106 8 63 53 20 49 85 10 119 32 90 40 16 27 31 5 18 78 84 66 13 71
46 116 108 58 56 48 12 7 53 81 34 85 105 84 6 16 74 27 106 68 93 97 38 122 99 103 113 86 5 41 71 102 123 95 70 15 17 43 35 49 91 33 44 59 112 73 52 62 117 11 51 60 13 57 72 47 82 101 96 54 119 55 89 25 118 24 100 88 110 124 114 50 21 80 0 39 126 29 2 78 83 9 10 64 121 20 63 8 75 30 1 22 107 3 104 76 61 19 69 36 14 4 87 94 18 37 115 79 32 42 45 31 77 109 26 125 92 40 120 98 28 65 111 90 66 67 23
125 45 126 11 117 89 47 7 20 114 23 62 39 6 69 46 121 41 70 75 81 59 71 82 32 10 55 64 24 1 40 116 100 112 63 15 119 74 68 106 98 77 42 97 65 5 36 44 103 56 27 87 80 34 58 13 78 102 31 84 96 22 99 90 2 79 25 83 12 101 4 110 86 19 9 52 50 30 92 60 28 111 123 54 67 26 120 37 21 107 17 93 0 35 18 43 109 104 118 29 38 14 88 76 124 72 122 91 85 8 73 66 33 53 3 105 113 108 94 48 57 115 61 49 95 16 51
110 65 51 120 0 115 111 55 1 46 92 113 77 72 117 125 52 100 109 101 76 88 122 60 40 71 119 42 31 49 7 103 93 116 3 12 62 45 75 4 23 67 34 124 68 89 83 25 47 78 97 2 44 41 13 56 107 64 9 15 5 81 86 96 11 94 32 6 35 18 99 63 74 16 33 50 85 66 53 80 38 24 91 106 105 90 22 73 14 61 108 58 57 8 87 43 36 27 95 69 48 28 39 19 114 102 79 17 118 29 21 37 54 104 26 98 121 20 112 123 84 10 70 126 82 30 59
71 4 90 23 69 35 18 50 22 96 41 94 70 32 88 59 31 84 105 87 40 6 10 119 2 120 58 0 85 78 42 113 124 111 106 26 25 115 81 7 122 5 15 114 109 103 19 121 64 16 30 28 34 11 1 110 95 29 100 8 45 55 99 65 118 112 66 92 39 38 36 93 74 126 73 62 102 52 13 107 47 80 3 123 75 89 60 24 57 21 91 79 20 101 125 37 108 53 51 67 56 61 98 97 72 77 63 17 82 48 44 49 117 33 86 83 43 46 9 116 12 14 76 54 27 68 104
25 30 125 16 62 103 63 1 12 17 29 105 81 5 20 23 61 4 0 40 11 46 86 90 56 37 8 64 7 94 58 53 124 67 76 15 51 85 38 9 57 21 118 91 98 111 97 117 41 24 96 2 52 87 13 70 92 119 120 114 36 104 126 42 88 27 26 33 77 71 116 79 32 55 82 89 66 45 93 60 123 102 3 50 69 84 14 39 49 80 107 115 99 48 31 59 72 101 6 95 113 65 78 110 73 122 54 18 83 43 112 121 106 44 28 75 74 22 108 34 100 19 68 35 10 109 47
53 107 69 119 13 25 10 50 14 1 93 106 104 9 23 39 83 51 89 122 2 26 67 33 4 109 24 84 94 31 34 110 12 57 61 41 43 54 6 70 18 80 17 55 65 27 99 42 46 40 79 123 7 72 20 59 87 78 77 86 56 82 5 32 15 112 16 103 95 0 108 121 8 115 52 120 30 116 98 3 73 85 63 113 37 111 35 76 97 92 47 126 101 62 58 102 74 96 11 49 68 90 64 29 45 118 105 75 60 88 81 22 48 91 125 100 114 38 124 71 21 66 28 44 117 19 36
91 81 60 34 90 2 10 69 111 54 68 66 32 27 97 98 110 114 55 7 43 38 28 31 118 72 125 53 103 48 112 30 41 59 83 119 16 63 44 36 101 35 93 67 40 65 26 12 78 75 82 15 61 20 99 17 102 70 29 124 18 96 107 64 51 58 47 104 95 108 42 121 9 117 4 113 123 105 50 25 84 122 74 49 14 94 22 115 120 13 86 73 62 87 92 52 116 85 80 23 24 79 1 21 71 56 106 45 77 46 19 0 33 100 5 89 109 8 57 6 76 11 88 37 39 3 126
71 43 120 76 65 97 109 61 72 88 8 64 51 38 25 116 73 0 22 59 48 21 63 82 32 19 58 84 94 70 92 85 53 17 45 104 124 78 6 118 13 121 112 56 80 90 81 68 27 31 95 41 39 100 50 37 26 54 28 77 115 125 107 16 113 99 122 108 24 75 3 67 52 1 18 42 110 91 83 105 46 2 89 74 93 57 69 114 102 119 126 62 11 66 49 30 60 10 98 111 55 33 4 47 15 101 34 79 36 20 12 103 23 117 123 87 96 40 86 29 7 35 5 106 14 9 44
16 104 35 82 98 120 116 31 78 110 46 124 0 92 84 85 89 48 43 49 34 95 29 62 113 3 45 63 64 108 23 30 70 40 58 93 37 121 115 51 55 88 99 68 2 25 79 94 96 33 123 32 119 18 4 44 114 77 14 26 57 8 126 5 86 122 73 109 117 101 38 21 112 69 15 66 72 19 52 1 41 67 76 91 80 56 10 36 9 20 13 28 81 47 54 87 60 83 118 90 27 22 74 125 11 24 39 42 65 7 100 59 75 53 111 12 106 97 107 50 103 61 102 17 105 71 6
98 110 76 11 33 51 54 75 74 16 80 58 108 1 102 84 20 8 119 26 14 38 71 9 95 42 49 10 114 101 27 67 50 122 123 13 35 62 21 107 29 105 57 61 34 69 121 89 64 53 99 97 83 115 106 28 36 116 111 55 56 15 44 100 68 86 90 124 126 4 23 24 3 18 22 41 91 118 47 103 46 78 85 93 77 125 12 82 52 60 31 73 7 19 112 45 39 117 30 40 87 92 59 88 96 65 43 94 2 6 0 70 113 120 32 66 81 17 25 63 109 104 79 72 37 5 48
105 54 1 23 110 64 123 21 70 31 80 25 83 91 101 120 87 59 35 4 36 43 121 6 40 124 77 114 17 109 11 53 63 38 37 71 88 94 108 14 62 42 95 72 82 112 99 13 85 33 76 68 115 34 39 10 65 74 9 92 45 81 29 52 79 119 32 93 44 55 24 49 84 117 58 48 30 89 3 75 57 22 98 27 107 41 2 50 116 12 19 125 46 60 73 20 15 56 122 7 97 90 118 47 18 0 100 113 96 102 66 69 86 103 8 28 26 126 78 5 111 106 104 16 61 51 67
96 3 47 97 81 112 15 126 109 125 33 73 117 122 45 110 24 23 103 93 106 68 42 59 114 48 107 2 83 94 88 116 102 8 85 58 79 57 30 49 14 0 67 70 7 99 13 36 111 64 4 86 40 123 39 75 31 46 1 29 54 25 118 17 56 19 72 26 119 22 74 11 87 76 52 27 77 60 115 63 35 108 50 51 20 66 43 53 104 82 41 120 10 98 9 95 61 101 90 62 80 89 38 100 34 92 5 44 18 91 69 105 16 78 55 28 71 6 65 37 113 124 21 32 121 12 84
91 23 52 22 45 114 47 67 12 17 126 70 72 28 31 119 98 78 16 64 92 113 41 36 27 123 29 97 111 14 18 58 7 57 95 15 84 69 109 112 87 99 107 40 55 116 83 94 89 51 63 118 102 33 39 19 4 43 73 62 3 30 75 108 71 110 20 11 21 42 76 65 88 54 49 115 117 6 77 61 37 100 125 104 5 103 74 8 101 9 50 124 13 106 56 68 79 90 59 38 48 120 121 0 53 60 32 24 66 85 93 26 34 82 44 96 46 25 86 81 2 122 1 105 10 80 35
3 107 101 102 77 99 72 34 109 28 22 121 32 46 53 124 27 97 91 35 57 0 1 55 85 29 38 63 45 81 24 104 70 100 87 119 71 59 58 113 18 6 16 17 96 30 79 93 61 11 90 76 48 84 4 110 118 43 5 31 64 37 126 66 88 52 60 47 83 105 19 54 92 26 68 42 41 13 114 15 86 9 120 69 44 94 56 14 106 40 2 74 36 65 25 89 112 122 73 75 10 39 62 33 20 7 21 103 67 116 50 23 115 51 78 123 8 125 12 98 117 49 82 80 111 95 108
41 77 98 65 94 50 72 112 75 28 73 4 58 57 11 87 113 85 104 116 126 1 121 7 125 10 78 105 89 99 70 86 110 25 118 61 17 31 80 71 22 34 96 55 46 13 91 52 103 114 0 9 38 108 26 48 74 90 100 35 8 40 56 64 83 21 67 102 93 122 92 76 18 16 97 69 49 2 117 15 59 19 27 20 51 54 24 3 88 109 63 39 14 6 124 123 42 82 30 33 107 53 119 120 66 95 79 84 23 47 44 111 5 29 45 106 62 12 101 37 68 81 36 32 43 60 115
53 83 95 1 42 114 81 99 50 108 124 119 47 74 107 9 85 55 62 20 98 75 125 92 33 116 111 101 41 103 13 86 89 118 45 21 66 77 61 28 121 2 46 38 17 106 87 76 70 88 16 104 31 113 102 51 84 52 78 72 80 112 82 56 25 37 44 120 39 94 90 57 96 91 122 35 93 48 79 15 8 67 97 14 54 4 65 109 73 126 12 23 27 26 18 3 64 69 24 100 63 71 117 40 110 36 34 30 11 105 32 7 49 43 29 0 115 22 60 68 59 5 10 19 6 123 58
45 72 59 23 82 31 97 62 34 119 90 29 58 7 14 20 53 102 24 116 110 94 113 27 71 88 96 86 2 120 108 69 107 19 57 65 104 50 39 106 123 93 40 41 25 125 54 60 48 76 79 111 95 21 80 44 121 8 10 89 5 3 126 74 17 114 81 52 118 78 35 11 84 13 70 16 98 47 42 85 87 112 12 0 75 37 32 36 38 51 18 73 99 117 124 56 92 101 4 6 68 22 91 49 122 66 105 64 100 30 63 15 43 103 109 77 33 83 67 115 9 26 46 1 61 28 55
62 76 23 52 91 93 45 21 30 51 119 71 102 98 104 125 37 13 83 115 33 73 78 28 103 49 88 7 67 122 96 19 75 15 116 121 31 14 114 64 22 53 118 43 107 11 42 26 29 3 20 4 16 117 35 109 66 24 77 12 105 106 59 5 38 27 60 47 86 126 79 36 65 111 100 84 69 1 113 32 82 61 8 2 54 10 74 9 72 90 123 101 95 39 40 81 89 99 25 112 92 94 87 44 50 97 70 80 58 124 85 68 63 57 17 46 56 108 48 6 41 55 34 120 0 18 110
15 86 56 6 47 68 77 53 59 100 26 66 101 28 79 0 115 83 88 123 70 27 50 7 19 78 12 52 40 89 92 102 58 65 113 21 5 84 17 98 112 24 95 82 119 109 116 87 29 35 60 20 57 31 48 103 114 2 122 111 118 9 1 10 61 76 124 99 54 69 42 104 97 93 90 55 110 33 30 3 25 72 18 64 36 105 39 81 41 125 85 75 46 91 62 32 96 108 94 8 117 23 37 14 120 22 74 63 4 13 73 106 80 126 45 67 49 44 121 43 16 38 34 51 11 107 71
106 63 49 26 8 25 105 44 71 125 0 5 97 30 42 59 53 117 74 17 31 119 9 23 90 40 75 110 20 100 64 38 116 76 51 69 99 14 4 19 21 52 120 13 84 22 11 108 62 82 65 16 95 111 57 126 124 45 102 18 12 83 114 98 29 80 10 92 3 66 28 34 67 60 41 113 6 55 24 118 73 61 103 58 27 121 81 39 68 35 33 123 15 94 91 48 72 96 115 79 101 50 87 85 36 77 88 89 47 32 122 54 93 109 43 107 37 56 86 112 104 1 7 78 46 70 2
51 39 87 116 18 102 121 126 103 67 28 82 59 4 31 97 124 12 101 72 13 22 107 122 10 60 125 88 38 23 47 56 14 43 33 76 74 61 62 78 104 69 42 110 44 119 41 100 86 117 92 85 52 109 37 84 19 17 6 34 98 57 80 83 89 70 91 1 55 27 36 54 63 73 8 40 0 50 93 79 115 118 95 75 29 81 49 105 20 114 46 120 5 53 77 65 9 64 99 66 71 16 2 68 35 106 11 113 58 26 3 32 94 48 21 24 123 45 15 25 112 111 30 7 90 96 108
104 77 31 110 123 75 27 15 58 1 57 125 13 18 81 114 87 90 88 9 2 94 112 84 60 20 61 108 80 29 91 52 86 45 124 118 32 73 49 33 71 105 117 99 8 85 35 50 4 79 70 69 115 106 51 56 44 107 101 72 39 5 122 7 83 54 12 103 3 102 68 0 16 26 116 63 34 59 40 11 10 76 37 48 42 92 65 126 30 53 78 21 38 67 95 47 97 111 41 74 121 98 64 43 55 14 100 22 17 6 25 36 66 96 89 62 19 24 119 23 109 82 46 28 120 113 93
62 96 49 27 63 67 19 81 105 118 88 23 46 37 126 36 32 48 111 100 6 4 58 18 42 107 39 57 113 122 101 12 28 2 115 114 70 82 73 3 116 34 112 72 120 24 91 51 50 1 31 26 123 76 61 69 97 109 7 78 16 104 11 59 64 83 8 85 52 66 13 55 40 103 17 14 71 38 15 5 20 89 108 124 79 30 53 86 99 45 94 22 0 65 75 56 68 87 119 47 121 9 106 44 95 43 10 80 74 98 21 102 92 33 90 60 125 29 117 25 35 84 77 93 110 54 41
39 82 98 95 69 65 120 114 28 33 115 113 26 79 59 38 75 93 3 49 4 2 63 7 110 48 46 85 17 19 74 8 54 87 68 18 56 76 10 9 44 117 109 123 111 88 58 32 94 25 55 89 92 47 80 34 119 125 112 106 62 118 122 81 121 31 40 14 6 102 97 5 15 84 103 70 90 24 73 16 108 96 20 100 27 67 78 36 72 23 71 41 60 11 13 61 1 0 64 105 22 91 37 101 29 35 83 77 43 124 50 21 116 52 12 86 66 57 99 107 51 126 53 104 42 45 30
102 5 95 100 99 70 112 45 7 78 11 76 48 46 16 98 32 115 24 22 13 83 0 53 56 90 106 35 61 40 38 58 23 68 49 104 25 26 59 64 20 67 103 122 66 21 39 81 97 41 72 51 74 125 89 79 8 63 65 86 52 57 71 6 118 94 87 85 119 4 60 28 54 82 3 29 31 55 1 107 42 30 108 18 114 69 123 91 93 34 73 43 80 14 88 113 37 62 19 44 75 124 2 96 36 101 116 126 117 109 27 10 50 120 121 92 84 111 77 105 12 33 110 47 17 15 9
117 58 18 68 118 84 92 70 113 60 94 114 86 59 66 79 119 37 98 16 91 78 21 9 47 42 56 49 41 87 5 123 61 109 93 112 124 96 89 88 83 67 24 103 73 121 72 100 55 12 32 28 22 77 81 23 120 13 48 110 38 90 85 35 102 10 57 2 27 76 20 15 126 54 105 107 30 111 80 101 3 65 33 36 62 34 26 52 45 39 95 7 17 69 106 99 75 29 64 6 104 25 74 43 125 51 1 97 46 11 116 8 14 31 50 4 40 19 108 71 0 53 82 44 122 115 63
36 59 10 15 42 69 41 22 81 5 116 84 52 75 62 64 12 114 67 99 46 30 82 71 119 55 98 39 107 91 92 113 123 88 1 93 125 110 106 45 90 118 83 13 50 54 17 117 32 104 66 96 97 94 44 48 68 63 43 115 47 11 95 40 28 102 26 73 89 112 24 53 6 31 124 56 60 108 21 109 80 72 20 79 9 57 65 76 101 51 35 38 37 120 100 18 25 34 0 87 14 61 16 23 29 86 3 105 126 74 78 121 49 7 2 33 122 58 4 70 77 8 27 19 103 111 85
107 27 30 66 80 78 58 28 112 51 102 29 92 103 0 37 55 123 23 113 125 99 119 76 60 56 91 104 62 64 109 43 106 24 32 108 84 67 16 85 82 44 46 9 68 118 116 41 105 70 8 87 111 20 3 26 89 114 65 94 90 83 52 79 2 59 54 1 61 5 38 77 34 7 47 48 33 74 36 11 98 17 31 73 115 13 72 10 49 19 75 22 121 96 122 126 50 4 101 69 39 95 86 93 42 120 97 21 40 53 6 18 71 25 81 35 15 100 45 124 88 57 14 117 110 63 12
6 96 95 91 63 48 119 53 73 62 97 94 80 90 15 112 41 64 102 82 8 57 125 71 115 43 51 32 74 34 85 33 126 22 49 103 122 120 98 110 29 54 45 72 84 23 123 5 50 38 117 109 7 79 26 107 77 76 89 99 70 30 42 17 39 14 87 111 35 12 75 36 47 20 19 13 86 10 11 59 0 108 9 100 18 101 37 46 1 68 66 104 81 83 106 105 61 93 31 113 118 88 27 65 25 2 69 124 28 56 60 78 3 67 44 116 58 55 92 4 21 16 52 24 40 121 114
3 56 41 98 115 44 9 83 50 112 26 58 7 37 118 79 65 35 124 15 73 106 46 25 47 17 119 4 93 5 29 96 76 86 80 107 64 97 87 84 109 122 114 105 77 51 60 22 108 16 59 21 11 68 36 27 72 126 116 38 24 67 52 95 57 78 10 81 13 99 94 102 40 33 48 8 23 42 61 92 66 14 113 110 31 111 69 62 32 0 55 28 85 75 91 71 117 74 20 123 82 18 43 6 101 19 121 100 49 30 88 120 104 53 90 63 34 1 45 39 54 89 70 125 12 2 103
78 100 21 106 115 93 57 64 111 113 65 38 96 34 74 62 112 8 10 75 18 98 58 55 13 91 24 94 123 85 72 97 41 31 16 29 61 99 120 71 5 33 107 126 84 81 30 15 90 9 11 104 7 124 103 50 67 125 52 36 63 114 102 45 25 44 35 121 69 4 2 87 42 39 101 119 0 122 110 53 76 116 20 108 28 109 59 26 47 17 14 88 46 80 37 92 43 1 6 19 48 51 27 89 70 12 49 3 77 83 68 86 95 40 117 56 32 66 73 54 79 23 118 105 82 60 22
56 26 93 61 91 49 24 14 87 106 85 11 116 105 3 34 38 71 28 112 76 29 79 100 50 36 9 33 101 47 17 74 31 48 88 65 15 0 59 40 46 69 21 83 115 92 97 13 104 41 66 63 19 39 78 18 54 60 23 22 119 123 113 57 8 35 109 124 102 2 12 55 37 90 5 68 103 25 30 43 16 10 117 122 67 6 108 53 7 73 32 118 20 114 44 125 96 27 42 84 52 98 89 51 77 95 99 80 1 94 120 4 70 111 82 86 58 81 126 75 62 45 107 72 110 121 64
103 116 124 39 119 71 74 52 45 23 14 50 111 1 72 67 118 89 53 34 18 110 42 94 57 87 77 26 81 33 8 121 99 91 49 98 55 102 113 88 28 17 123 35 19 83 96 16 63 13 92 24 82 48 7 2 12 93 47 95 104 75 32 112 73 85 29 76 58 21 97 37 126 66 5 62 64 3 61 44 109 107 10 100 43 20 106 51 15 90 69 101 65 6 4 125 86 68 60 40 78 27 56 114 46 36 41 122 25 80 117 31 105 59 115 84 120 79 11 9 22 70 30 0 54 38 108
32 76 88 77 8 20 47 16 120 43 101 92 21 68 2 56 33 53 29 13 19 83 34 122 108 25 123 42 114 80 11 62 95 48 90 4 57 59 104 17 28 102 41 61 82 24 125 10 98 124 70 117 14 94 5 116 100 23 112 111 49 44 93 118 46 115 69 7 36 105 65 103 119 75 37 74 12 22 91 18 67 51 71 121 113 60 27 9 45 0 79 85 109 55 1 73 84 38 99 31 52 110 63 58 66 3 126 106 6 40 50 72 81 54 35 89 107 86 78 30 39 15 97 87 26 64 96
18 29 52 43 87 97 107 27 94 115 26 105 45 28 39 68 125 70 42 74 53 98 116 32 46 41 113 58 119 25 37 106 40 31 84 80 121 54 21 89 120 86 20 1 118 11 60 34 59 47 5 67 78 108 111 103 93 64 16 63 19 49 112 77 75 102 79 124 65 12 92 24 3 123 44 90 7 9 17 73 57 23 50 22 82 100 62 83 66 10 109 85 48 36 114 104 96 71 35 2 110 8 30 0 91 38 6 69 13 72 81 117 51 14 33 55 76 101 56 126 95 99 61 4 88 122 15
7 48 63 86 106 110 76 31 22 108 82 4 11 95 68 118 66 79 96 56 112 93 3 125 77 15 43 20 24 85 114 42 119 36 27 94 84 120 1 58 80 97 5 9 0 57 72 100 50 53 44 89 91 67 62 47 71 123 13 124 8 16 117 83 38 122 34 39 21 60 29 2 30 40 111 87 61 14 59 121 115 19 10 104 107 25 33 65 55 45 73 81 116 32 35 54 126 98 101 103 23 49 6 70 64 78 109 46 102 18 99 74 69 90 28 26 51 17 12 37 92 113 52 88 75 105 41
98 104 101 123 34 10 59 0 93 78 105 72 83 18 75 23 1 12 14 36 77 69 122 19 40 29 51 117 103 67 74 120 64 26 3 87 112 56 82 107 27 39 121 4 42 62 66 119 60 68 109 52 124 110 24 46 92 44 63 20 115 86 90 50 22 61 76 9 37 35 54 58 25 31 41 100 30 28 106 95 97 99 33 45 13 85 15 43 57 125 114 16 111 118 53 88 96 89 49 8 70 2 65 108 32 38 7 102 91 48 81 21 113 71 5 17 94 126 47 80 84 116 73 79 11 6 55
73 58 69 83 42 96 32 0 84 75 97 103 124 93 53 122 70 63 109 51 25 114 26 6 40 4 54 60 1 100 56 33 126 34 43 28 14 115 65 110 41 66 71 105 30 85 113 74 95 112 72 68 119 111 64 22 102 98 94 31 50 3 23 92 125 81 8 99 62 116 17 101 9 10 59 118 55 79 104 76 15 18 77 49 7 5 89 90 117 45 61 21 107 67 29 11 80 38 24 78 91 123 16 13 39 19 48 106 35 108 20 87 82 37 44 57 12 2 47 86 27 121 88 52 36 46 120
120 42 112 105 47 0 102 113 117 2 44 4 110 93 37 60 109 111 121 13 65 73 66 28 41 23 106 31 10 51 36 49 89 116 53 64 74 85 3 123 96 62 45 81 69 30 24 38 67 126 40 55 119 86 20 56 22 5 88 16 11 26 50 71 76 61 124 29 43 118 97 98 14 87 95 9 84 78 8 33 6 82 48 79 125 46 103 115 70 94 68 18 7 27 17 83 99 25 108 1 52 92 12 104 35 59 75 72 101 107 32 57 80 114 39 19 21 77 91 90 54 34 58 122 100 63 15
