123 3 99 49 2 0 4 92 116 80 85 55 1 41 87 109 91 21 46 105 47 78 118 52 79 126 50 69 100 68 89 73 63 22 77 81 93 20 95 98 34 117 24 13 37 32 29 48 10 11 9 27 18 72 76 112 36 17 104 122 57 121 44 61 119 30 62 40 12 65 33 25 115 66 94 64 108 96 19 102 70 124 38 26 23 56 101 86 83 16 58 51 67 7 8 35 31 43 6 106 113 125 54 75 110 120 5 103 53 15 82 42 60 45 84 107 97 59 114 28 111 74 39 88 90 14 71
25 92 55 84 23 116 113 67 80 62 60 61 123 71 3 53 32 19 7 36 108 29 65 30 27 26 52 124 33 5 38 28 20 82 89 122 96 87 119 75 58 45 105 70 37 101 18 51 43 120 125 31 46 10 2 99 63 54 91 107 6 109 102 114 95 72 106 118 56 24 15 12 39 79 68 49 97 48 85 21 17 90 98 40 57 83 76 34 104 4 13 86 47 14 121 115 16 66 126 8 0 1 100 11 73 94 93 88 9 111 64 35 78 50 81 22 41 69 74 44 117 77 42 59 110 112 103
4 113 97 118 85 81 0 51 11 34 63 35 126 46 12 29 54 68 41 106 92 124 3 17 108 37 120 100 115 98 49 117 57 42 39 6 56 64 9 80 102 26 122 23 110 25 93 67 90 47 116 112 119 5 70 125 43 96 66 89 75 19 87 84 7 45 27 123 33 99 114 91 73 101 61 103 20 76 48 22 86 24 13 21 94 72 104 83 95 2 105 109 107 44 28 111 60 40 52 74 32 18 82 62 77 58 36 15 10 78 55 1 14 88 71 16 79 53 50 31 38 59 121 69 30 8 65
16 10 30 15 116 21 88 5 69 96 25 35 8 29 113 26 3 34 17 94 72 103 105 64 119 125 91 41 89 52 36 93 24 67 50 46 118 57 20 120 2 71 95 32 76 104 11 75 45 27 54 115 122 62 109 49 106 40 55 111 97 78 85 126 9 107 65 48 117 37 90 83 53 61 47 114 74 51 59 68 77 42 99 19 108 28 98 12 4 7 0 38 31 18 60 121 66 101 102 82 73 44 100 33 110 1 23 13 39 92 6 112 81 80 63 123 87 79 43 86 124 70 84 14 58 22 56
50 118 33 2 76 109 75 84 71 123 99 5 48 64 68 89 43 96 20 114 110 70 85 40 41 121 13 125 62 49 3 28 111 46 106 31 29 0 83 79 105 94 91 45 12 124 73 7 25 69 26 115 93 37 14 95 74 22 52 107 104 56 34 101 122 17 97 63 58 27 16 117 61 8 116 38 72 10 44 65 32 42 77 39 90 78 82 88 81 87 18 47 100 19 102 9 57 15 35 67 59 92 30 1 98 66 24 53 36 60 120 54 113 108 23 112 80 11 86 55 6 51 119 21 126 103 4
5 94 117 104 126 116 92 30 73 100 103 9 69 10 52 13 41 2 86 28 48 101 7 39 43 44 79 11 56 123 38 88 121 53 37 17 23 110 31 57 36 55 16 99 102 1 50 27 54 78 124 12 66 64 93 29 59 122 97 22 105 60 0 84 112 63 85 75 61 51 82 120 49 87 58 71 15 4 67 45 34 115 91 98 72 90 18 8 33 21 109 6 77 113 89 108 76 19 118 62 65 42 3 81 70 46 47 25 106 114 40 125 80 74 83 24 96 35 32 111 14 95 68 107 20 26 119
71 2 100 49 17 84 39 125 3 23 41 16 126 98 117 116 90 65 40 58 97 34 86 53 5 9 113 105 1 104 28 99 47 62 96 107 115 85 93 7 19 69 119 102 64 15 67 13 78 8 81 48 11 45 123 33 77 20 42 18 35 72 73 25 21 112 109 111 38 89 4 94 79 32 82 91 24 68 59 108 26 63 27 66 75 61 57 74 29 60 106 37 110 101 120 14 83 50 95 56 88 44 87 51 122 12 0 70 43 124 31 54 118 22 114 46 6 76 80 92 36 30 103 10 52 55 121
96 114 63 60 108 51 19 73 36 79 112 4 120 80 17 15 55 35 106 116 118 40 49 111 31 33 97 21 125 83 2 107 62 104 77 53 85 0 110 64 20 13 78 24 26 39 109 123 103 50 61 47 10 9 92 68 5 23 102 44 48 87 37 28 67 58 94 16 75 27 3 18 52 14 84 59 90 122 45 7 42 99 54 101 98 8 70 43 74 86 11 124 1 22 34 71 100 25 12 81 119 95 56 69 46 66 38 117 88 91 115 76 105 72 30 32 126 29 82 6 113 65 121 41 57 89 93
50 7 57 68 79 118 105 48 104 67 74 27 34 116 56 121 84 13 87 54 30 113 115 29 12 3 58 101 11 94 77 8 97 26 38 93 23 81 1 18 43 92 15 117 119 88 40 103 99 24 72 80 21 55 65 0 16 70 5 75 31 63 25 42 41 66 19 114 61 2 62 98 124 59 52 17 112 109 100 123 91 76 4 39 37 53 33 73 108 64 106 10 69 47 86 45 95 14 46 122 20 9 49 96 60 71 107 35 6 89 28 51 85 32 22 90 125 44 110 36 83 126 82 78 111 102 120
98 60 126 77 51 9 122 53 76 36 26 102 65 13 50 104 83 24 29 111 48 37 68 100 55 87 45 67 96 74 79 91 54 71 38 108 17 64 57 75 82 20 30 23 121 19 107 110 72 42 92 27 52 10 46 25 62 114 89 117 93 33 106 115 99 85 31 16 119 86 12 80 35 8 47 61 109 88 81 112 44 3 124 41 95 123 2 73 22 21 70 101 120 59 56 125 78 39 4 116 118 58 97 6 28 69 11 40 84 66 43 90 5 32 105 49 0 14 1 94 103 7 18 34 15 113 63
28 6 103 83 0 76 108 26 79 41 123 115 104 92 38 53 121 10 4 64 91 5 67 54 29 125 1 97 113 35 34 66 57 43 100 55 106 118 33 65 98 16 21 75 119 24 7 32 58 56 13 109 52 110 82 63 72 12 48 42 62 94 8 124 69 14 51 90 23 122 73 114 102 46 15 88 45 36 105 20 120 3 49 70 47 9 11 93 61 78 17 71 95 60 81 74 126 59 84 68 87 37 80 86 99 96 50 107 31 19 22 77 30 85 117 25 111 40 101 18 27 44 116 39 89 112 2
66 72 31 74 58 56 83 4 126 110 120 44 115 78 104 63 3 92 87 29 15 53 57 39 41 81 16 118 48 125 60 93 79 43 90 119 95 64 91 50 22 117 67 26 94 73 34 49 77 46 21 71 7 68 121 47 69 108 114 103 19 0 100 70 106 75 111 35 45 61 109 101 51 99 116 88 8 32 17 96 9 54 38 6 82 11 52 14 86 97 5 59 80 62 55 98 84 40 2 24 124 102 28 18 85 112 10 37 76 42 13 89 33 36 27 20 122 23 113 105 30 123 65 107 25 12 1
24 34 48 13 79 41 20 105 53 14 39 72 54 69 43 51 29 31 114 49 110 64 5 65 78 26 92 2 50 93 22 77 117 33 99 1 111 82 8 66 75 119 68 38 7 121 17 15 9 124 122 11 55 90 28 0 112 123 98 109 107 21 36 118 25 108 59 91 4 100 62 23 30 52 73 94 57 89 85 87 46 6 115 60 40 47 37 27 103 97 96 88 81 116 61 44 71 80 120 83 113 125 19 84 86 3 106 32 102 101 18 10 45 63 58 67 56 76 126 42 95 70 35 12 16 104 74
32 79 29 19 125 11 66 80 105 102 0 45 4 92 68 72 77 113 10 103 34 89 91 33 71 30 101 44 109 83 59 110 28 122 126 97 1 123 49 15 39 57 12 22 6 93 90 81 118 76 3 74 117 98 35 65 46 24 40 87 2 70 121 56 41 42 7 107 106 75 116 64 13 100 5 63 73 104 43 96 23 99 55 37 88 31 17 78 25 36 115 95 67 9 20 61 82 69 51 27 112 48 54 53 21 85 50 114 8 26 38 52 108 86 84 62 94 111 16 124 119 58 47 14 60 120 18
55 110 65 48 71 20 118 39 104 92 54 15 85 53 27 86 21 125 70 102 57 79 28 78 87 24 22 37 9 1 18 122 109 14 126 91 4 31 8 63 83 45 62 81 2 52 43 40 124 89 112 95 84 25 38 72 41 103 46 29 30 58 47 101 98 105 12 116 35 32 33 80 7 16 77 90 108 94 99 121 59 26 76 75 36 107 82 34 64 73 10 11 114 93 6 123 113 117 69 23 67 56 120 88 13 111 119 100 68 0 42 97 19 74 96 44 5 50 17 49 3 51 61 66 60 115 106
42 122 30 110 48 51 45 17 99 97 20 60 65 107 113 91 3 56 69 38 62 79 116 71 90 2 55 108 126 58 10 28 105 15 112 73 72 68 16 98 23 37 14 26 25 47 89 84 124 92 34 12 49 24 96 74 95 75 11 40 59 46 9 67 6 101 22 21 118 88 109 100 93 57 44 66 41 70 43 39 1 5 103 81 19 80 104 27 94 102 87 31 86 125 123 32 52 64 0 83 13 77 115 4 35 53 54 106 18 111 117 7 63 36 121 61 82 50 120 8 85 76 33 78 119 114 29
104 43 50 49 42 115 80 21 112 4 12 76 65 111 8 61 30 73 15 32 89 82 109 121 46 79 64 0 60 39 66 105 68 96 122 85 55 110 10 106 94 51 5 103 54 2 118 102 120 52 93 71 100 44 59 67 72 81 113 125 95 123 19 9 126 116 23 35 70 37 77 33 98 26 53 117 91 124 14 83 87 69 56 24 90 29 63 57 1 20 13 84 107 18 41 92 62 16 114 58 17 36 3 88 7 48 25 28 31 78 101 74 45 38 86 6 34 99 119 97 11 75 40 108 47 22 27
34 80 116 11 63 98 103 13 46 70 50 28 84 111 48 64 25 9 101 120 56 55 106 8 72 1 43 14 125 67 59 35 54 91 66 30 0 47 74 60 23 82 7 2 12 31 40 73 79 110 114 104 77 107 38 126 109 6 108 90 21 27 3 69 97 122 65 29 83 41 87 99 26 105 39 102 75 61 78 36 49 71 112 57 44 88 96 117 119 19 52 124 93 51 85 62 4 32 33 113 115 118 100 24 121 94 15 5 17 95 22 68 16 58 42 45 53 123 89 10 37 81 18 76 20 92 86
12 119 89 31 100 110 14 29 20 33 113 52 4 30 93 125 114 103 85 62 11 60 2 51 13 55 42 75 109 101 23 64 71 126 84 124 111 10 77 76 46 0 28 73 65 67 27 25 106 87 26 78 61 24 116 63 19 34 1 44 92 112 74 96 88 40 32 21 16 18 117 97 80 58 57 121 56 6 104 82 70 5 47 118 15 3 98 86 115 90 35 120 95 72 39 66 43 41 8 45 81 108 49 48 68 123 50 69 102 107 38 9 91 105 37 7 83 22 79 99 17 94 59 54 122 36 53
90 93 7 43 9 23 57 32 44 37 17 109 104 125 47 12 24 105 11 35 56 14 42 72 41 61 63 80 94 126 100 79 78 96 74 91 106 15 98 54 84 76 88 65 40 46 122 102 118 33 6 34 36 55 62 89 95 0 49 108 70 10 73 3 99 39 86 18 38 81 19 50 119 103 110 13 107 64 27 117 111 113 116 97 58 5 66 1 25 8 26 2 52 87 123 53 71 67 82 120 92 29 59 115 75 22 60 101 124 77 112 121 20 31 85 28 45 48 30 16 69 114 51 83 21 68 4
54 42 61 9 75 6 76 29 67 19 60 125 87 33 16 56 77 88 34 70 83 68 26 20 32 58 62 111 7 35 124 17 118 86 110 15 82 46 59 28 99 39 5 53 105 81 89 116 96 107 31 10 63 71 126 13 113 11 55 72 102 49 1 122 30 95 25 24 114 85 36 12 38 48 23 98 112 37 22 79 73 101 3 120 94 47 27 78 92 103 64 65 2 115 80 52 66 41 69 93 40 57 4 14 108 21 8 121 104 45 100 90 119 50 123 43 0 109 106 97 117 51 91 44 18 74 84
109 85 73 30 94 48 23 46 36 39 108 81 55 115 74 103 98 25 59 8 87 19 100 18 42 95 60 90 53 41 76 64 44 21 49 24 113 57 26 15 104 120 27 111 92 124 65 107 123 114 63 43 12 1 102 89 119 75 61 2 17 78 125 20 37 35 28 50 88 106 80 72 105 99 62 6 11 9 16 56 67 66 93 97 47 82 54 101 32 118 31 33 122 10 71 58 69 45 96 86 14 38 29 7 117 116 22 79 0 83 126 3 70 5 34 110 121 84 40 77 13 112 4 68 51 52 91
6 108 21 97 57 43 24 51 88 77 122 82 53 63 84 27 41 61 117 120 2 86 72 75 54 42 48 66 38 76 98 3 69 49 17 78 13 124 107 26 102 121 100 83 80 45 8 59 29 92 87 39 70 0 14 94 28 85 36 18 19 1 44 4 119 71 126 93 16 60 52 114 32 109 64 33 89 10 34 118 56 37 105 91 96 55 74 68 123 9 113 15 79 50 106 12 101 73 104 31 25 7 67 40 65 22 35 81 23 115 58 62 30 46 112 99 11 103 116 47 5 90 95 20 110 125 111
0 27 76 21 110 85 121 39 87 69 72 32 17 50 33 112 29 89 108 47 78 92 82 97 126 3 124 61 19 23 24 65 1 118 59 52 114 67 20 16 26 122 54 120 7 41 38 30 80 94 43 15 6 106 105 34 115 90 60 14 119 73 35 5 77 51 48 107 8 44 101 36 74 18 42 56 31 79 22 125 2 109 64 91 68 102 13 28 83 99 104 88 96 9 40 103 117 100 4 10 116 71 111 57 53 11 63 66 113 84 58 123 55 95 62 46 81 86 25 45 12 37 49 75 98 93 70
30 64 63 124 56 2 119 116 59 62 26 34 103 51 32 86 37 126 83 41 94 55 46 84 67 40 75 15 125 5 36 74 66 52 53 6 1 115 38 31 28 123 3 79 117 101 87 68 50 45 89 49 24 82 16 20 96 88 109 104 113 72 8 47 105 100 69 19 22 27 29 97 85 70 95 106 11 102 33 93 10 78 114 92 122 54 73 76 9 121 43 25 60 44 91 57 13 118 23 90 42 77 39 99 48 4 61 71 108 14 12 120 65 81 107 35 112 98 21 80 0 18 17 7 111 110 58
96 20 114 94 120 95 7 86 53 43 2 14 40 24 44 80 67 16 73 89 21 60 87 46 71 9 102 110 76 27 69 116 108 82 101 4 55 39 57 51 58 81 79 26 28 61 107 98 10 29 38 65 113 13 52 8 88 78 37 64 15 74 125 68 119 17 23 25 75 48 90 11 72 66 117 99 100 59 91 30 105 121 126 47 42 35 19 32 97 92 63 115 0 83 3 22 49 106 34 109 122 33 118 36 31 93 62 104 124 70 5 41 103 123 77 50 85 54 18 1 56 112 12 111 6 84 45
89 114 85 122 3 81 15 92 115 86 53 67 123 90 49 65 43 91 97 51 121 37 58 61 32 103 64 54 93 47 26 105 101 39 6 33 96 18 16 22 98 29 82 73 68 1 55 57 76 84 8 59 120 56 79 12 42 74 71 88 46 31 111 14 80 63 66 17 78 95 20 23 70 25 112 106 116 48 2 10 50 44 30 41 77 45 13 100 94 102 109 83 24 125 117 124 72 52 0 118 87 75 108 9 69 35 110 4 104 27 38 11 113 107 40 119 21 62 28 99 5 60 7 19 126 34 36
42 117 96 0 74 60 107 61 59 71 30 34 31 2 58 120 48 39 119 33 28 21 114 36 99 52 15 109 103 98 18 46 35 44 89 94 97 72 124 87 1 100 106 37 65 8 16 50 27 45 82 121 84 67 66 62 76 26 88 17 90 43 24 125 92 123 102 9 53 104 110 11 51 80 63 12 108 93 85 101 95 38 41 32 7 75 64 49 115 23 79 57 22 68 20 126 14 47 56 91 10 116 40 55 19 113 83 111 122 86 81 54 112 25 4 70 69 105 78 29 3 73 5 13 6 118 77
74 27 113 72 7 43 118 10 18 103 17 44 4 95 121 99 34 75 1 98 117 93 55 46 111 14 8 91 83 36 32 24 2 120 49 119 53 30 22 35 115 70 71 11 59 76 89 106 65 21 77 39 110 13 124 87 107 84 56 23 3 52 105 40 97 45 42 79 9 92 112 102 68 80 122 86 82 38 100 123 67 19 47 85 96 20 16 104 37 69 58 90 114 81 61 28 64 66 29 126 6 116 12 33 60 78 62 54 5 101 15 88 48 50 63 0 125 108 25 26 109 31 57 51 94 41 73
84 100 117 48 69 8 54 32 126 7 31 98 75 82 41 123 58 61 57 109 116 118 44 94 26 45 40 64 5 74 9 55 33 125 35 111 92 49 59 83 17 36 34 51 4 62 25 99 103 104 70 38 93 90 76 79 88 23 16 121 124 10 107 20 71 85 87 50 3 21 14 119 91 37 11 60 120 114 80 115 97 77 1 65 102 95 113 73 28 27 39 81 66 43 89 47 122 0 46 101 56 42 68 52 12 86 22 24 15 110 112 108 6 53 105 19 18 2 13 29 106 67 96 63 72 30 78
79 69 9 88 41 35 14 16 8 123 46 117 73 45 83 58 33 68 2 56 97 47 118 114 12 62 24 6 49 76 57 81 30 78 23 109 80 37 52 90 86 55 95 42 124 96 89 91 98 82 50 61 40 36 21 108 121 71 85 48 19 111 15 32 7 0 11 54 25 112 126 65 59 125 70 106 93 107 22 60 113 77 64 119 10 102 72 17 103 92 84 99 39 101 53 87 115 31 74 28 4 34 66 13 29 63 120 1 18 27 122 43 44 20 94 100 110 5 51 104 105 116 3 26 75 67 38
31 8 49 15 87 72 95 61 100 45 12 23 29 26 56 6 97 101 39 90 88 27 59 102 20 84 36 40 103 57 107 94 42 53 74 125 111 3 70 114 77 123 62 0 120 116 118 50 21 81 5 33 126 80 34 112 73 115 22 13 1 105 109 46 91 63 25 32 35 64 65 51 4 28 76 37 47 7 83 30 121 117 67 85 75 79 48 58 104 14 9 82 113 24 122 19 55 124 96 106 43 2 86 16 69 98 92 54 110 108 52 17 99 10 41 38 78 18 89 119 71 11 66 93 60 44 68
69 101 51 109 13 4 115 93 45 100 59 53 116 81 25 19 120 63 35 38 0 119 74 47 40 77 5 83 85 55 92 14 82 11 30 52 56 104 6 96 80 99 84 97 88 28 22 126 31 68 49 121 107 21 1 122 57 16 70 76 110 103 125 67 98 118 15 26 113 61 48 23 102 44 2 105 29 91 33 111 94 124 66 12 10 7 60 17 86 42 89 36 95 9 27 87 46 43 78 64 65 123 50 8 112 73 20 114 117 41 106 54 34 90 32 108 79 71 18 62 58 75 3 37 72 24 39
105 124 76 103 73 61 121 117 88 34 53 114 42 27 19 0 20 31 119 43 47 57 5 68 13 22 64 62 94 96 50 1 116 118 56 93 29 97 37 59 14 115 86 123 90 26 7 30 35 72 81 91 99 6 40 28 36 48 49 11 10 70 85 74 122 66 16 104 24 45 120 38 67 109 32 84 92 65 111 95 41 39 9 44 2 112 113 55 89 82 46 110 102 17 125 98 107 75 87 4 71 63 18 83 79 51 100 23 126 106 69 58 77 78 101 33 80 52 8 108 21 15 54 12 60 25 3
84 7 29 21 15 58 33 0 90 75 67 105 124 1 24 2 96 22 85 113 19 41 69 125 116 26 17 34 32 39 83 82 42 86 106 103 76 77 89 35 52 101 107 97 115 13 54 43 27 62 98 111 20 25 16 73 9 110 92 80 56 8 122 6 109 81 61 53 104 44 5 94 45 10 78 126 57 47 68 40 65 36 23 88 3 100 18 71 72 51 70 118 46 12 14 49 119 99 11 55 112 102 59 64 114 91 28 31 48 37 60 38 93 30 87 123 117 4 79 50 63 66 95 74 121 108 120
76 125 104 58 35 23 107 39 119 78 61 91 28 18 12 64 33 48 6 106 30 5 32 65 49 101 123 108 105 66 57 50 86 118 94 88 27 120 121 115 19 60 80 41 44 2 7 31 11 117 14 102 16 97 68 3 52 85 51 56 62 93 36 77 114 122 0 45 87 38 75 96 83 20 13 9 53 67 113 40 81 69 95 17 42 47 26 100 111 112 74 110 82 54 10 8 79 90 63 46 73 24 55 71 92 34 22 29 109 37 15 116 59 99 1 43 4 124 21 70 126 98 25 72 84 103 89
17 57 29 81 25 123 67 39 1 19 100 16 107 49 30 20 78 45 101 62 12 28 4 60 79 113 82 38 117 96 61 97 0 23 65 124 125 106 86 122 44 85 14 71 121 11 59 55 120 89 88 126 99 2 35 108 43 104 109 41 80 93 87 84 76 70 68 92 46 66 118 9 26 94 32 103 50 116 77 36 115 52 24 98 15 56 69 95 90 33 111 110 73 114 47 10 13 34 74 54 83 51 7 112 63 53 119 37 102 105 27 3 5 22 8 64 6 91 48 40 42 72 58 21 18 75 31
123 120 62 18 88 71 126 45 94 115 113 92 67 16 73 112 125 61 118 64 8 107 52 12 95 98 27 114 21 78 97 13 60 33 122 81 54 40 28 106 36 7 87 53 99 5 56 55 25 48 76 91 110 79 57 101 11 17 70 102 84 2 6 65 44 103 29 3 80 38 105 90 85 111 4 63 109 31 119 46 20 117 10 19 51 34 96 104 24 86 0 37 68 93 9 41 14 89 30 66 121 82 83 72 59 35 74 77 75 15 26 108 23 22 116 47 42 124 49 100 58 39 32 69 43 50 1
103 74 118 23 38 13 33 25 52 32 126 16 67 49 58 7 50 63 100 42 96 111 117 34 30 6 18 95 20 106 17 120 108 73 40 26 37 46 80 5 90 123 0 83 102 115 60 86 68 14 92 36 72 11 44 69 109 55 19 87 112 116 10 77 98 89 64 47 84 59 91 81 125 53 122 28 93 107 54 110 24 56 41 70 121 97 21 105 22 4 3 1 113 48 119 27 82 8 9 15 39 76 45 85 79 66 94 35 12 78 124 43 29 104 31 75 88 71 99 62 101 114 51 61 2 65 57
58 1 99 0 52 105 107 8 22 36 47 67 56 79 77 14 110 82 3 108 24 16 115 88 103 69 35 109 117 75 106 13 19 84 123 49 118 34 12 93 51 64 40 83 86 116 46 66 11 89 125 63 5 126 72 15 30 97 48 29 27 25 70 17 122 26 100 38 113 9 23 45 87 76 104 71 43 92 59 95 62 78 57 80 121 81 101 112 28 73 42 54 4 21 50 2 68 65 39 33 74 53 120 55 7 98 60 31 124 37 90 32 10 102 114 119 18 20 111 94 85 44 91 96 41 61 6
89 26 114 56 61 66 90 97 116 20 91 115 55 50 47 29 120 32 48 85 119 7 60 122 25 68 24 15 93 18 65 105 98 22 71 12 81 94 75 76 102 0 72 36 70 104 28 30 77 35 117 10 21 11 121 33 37 125 107 106 6 23 34 82 67 101 31 8 16 110 113 13 1 38 63 58 103 80 109 57 99 40 51 52 62 59 69 126 64 39 83 124 118 96 88 79 108 92 74 78 5 46 54 14 100 17 112 123 53 3 43 27 2 95 73 41 49 84 9 87 19 86 44 42 45 111 4
99 78 48 64 89 16 124 24 90 105 118 88 106 25 3 35 107 81 108 94 23 36 15 0 67 75 102 57 58 1 50 71 85 110 20 32 116 87 9 91 113 14 30 86 114 111 33 54 31 82 56 51 53 80 38 41 69 77 18 68 49 83 7 73 47 97 17 34 21 126 29 119 37 27 93 65 42 2 95 10 72 100 43 55 5 103 96 125 44 46 39 74 123 92 19 84 101 63 8 52 117 60 59 13 76 66 4 70 122 98 79 112 115 120 26 45 104 28 121 22 6 62 11 40 109 12 61
42 78 22 0 114 69 6 34 14 97 111 122 126 35 50 94 36 85 86 1 93 4 66 74 123 88 62 27 92 40 60 103 70 67 31 30 61 82 76 8 108 57 47 51 63 81 116 89 16 10 25 90 105 45 83 107 109 120 12 77 24 44 46 124 64 75 65 19 15 59 104 54 68 56 58 106 26 48 7 115 125 20 43 41 55 99 9 84 3 95 13 71 29 112 117 100 102 96 21 37 121 87 52 18 39 32 53 113 5 49 33 79 11 28 72 80 23 110 73 38 118 119 17 101 2 98 91
116 95 97 7 112 64 119 53 96 8 63 14 17 13 2 44 29 98 27 9 51 114 125 52 42 122 68 4 78 123 92 75 46 87 15 26 121 91 71 102 37 58 24 5 3 76 36 31 99 48 43 66 30 56 83 39 33 100 118 62 25 41 126 90 21 19 16 6 0 107 60 74 117 57 104 67 88 72 22 18 106 108 86 10 101 35 81 40 84 12 11 93 73 61 65 28 32 82 49 77 89 79 45 115 69 50 85 80 94 47 23 54 55 105 113 34 103 1 59 70 38 109 110 111 120 124 20
88 16 2 23 27 54 31 58 21 83 50 114 126 59 4 63 61 77 12 76 47 25 39 45 121 13 80 32 91 22 40 9 41 87 71 73 44 65 109 49 85 97 113 60 37 93 29 18 95 30 115 96 119 62 56 125 89 106 36 8 28 64 24 26 86 79 69 105 72 122 94 66 104 7 67 3 111 42 99 51 82 19 11 5 52 74 33 101 55 17 92 118 6 57 14 102 120 0 108 34 1 35 116 20 81 75 43 123 117 46 107 112 68 70 100 98 15 78 48 103 38 90 53 110 124 84 10
84 78 43 21 13 88 97 52 76 71 50 44 89 16 73 62 7 59 31 54 15 58 112 56 9 93 25 61 90 39 114 19 35 83 33 124 11 121 79 32 37 86 113 75 122 123 102 27 107 103 41 46 70 67 126 72 125 29 99 55 77 42 118 60 85 3 94 96 1 28 22 68 80 48 18 30 95 69 82 23 5 40 109 65 4 87 36 64 115 38 117 47 14 104 2 106 49 26 12 105 110 98 20 108 8 63 53 24 100 6 101 111 66 74 0 119 57 51 17 45 34 10 91 81 120 116 92
28 9 56 102 122 16 36 114 23 72 25 50 58 108 17 97 42 103 1 2 3 13 78 70 120 5 71 75 105 84 55 29 43 27 93 91 30 53 63 69 117 73 123 86 74 22 34 107 38 19 68 7 104 46 101 118 59 82 8 47 94 124 85 18 45 64 44 126 87 52 21 83 80 119 77 61 89 57 115 49 67 112 40 15 113 90 14 24 111 51 110 121 26 98 66 0 62 96 6 100 65 60 79 31 39 11 88 32 33 4 76 37 12 99 125 95 10 109 92 116 106 48 35 20 81 54 41
53 90 120 50 25 92 88 87 108 22 21 72 48 57 111 6 17 5 121 93 99 11 101 82 116 115 86 12 52 1 58 97 29 3 37 15 67 102 46 14 8 44 100 78 74 75 71 60 2 96 38 40 19 59 122 20 126 9 24 83 84 41 10 7 119 13 16 91 27 33 103 54 98 34 89 106 95 65 49 113 66 118 0 62 39 36 18 110 81 79 114 94 26 4 125 45 64 28 70 77 117 31 80 30 61 123 35 63 56 51 55 85 42 105 107 109 104 23 73 47 112 124 76 68 32 43 69
100 73 76 77 53 64 38 52 9 67 4 0 62 57 109 122 88 7 118 75 79 21 69 117 105 101 22 107 111 113 87 84 68 30 65 82 16 110 80 95 3 18 66 61 47 56 102 86 25 39 29 5 120 20 6 46 90 121 114 54 91 50 12 85 33 124 42 27 59 17 83 78 108 119 49 45 2 74 93 36 81 125 123 1 55 97 115 60 14 31 96 104 28 89 40 63 51 32 15 92 23 10 126 19 37 99 13 98 11 44 70 112 116 72 58 41 8 103 35 24 26 43 48 106 71 34 94
120 60 23 101 75 102 79 43 54 70 108 36 116 86 1 37 76 105 16 12 100 10 22 121 2 47 32 39 52 24 63 125 119 4 78 126 65 62 19 13 45 11 85 87 50 115 77 42 98 28 84 111 53 20 74 106 33 67 93 61 103 14 7 55 68 91 30 56 81 31 17 34 82 95 29 38 89 99 57 72 6 114 64 88 59 15 27 96 18 0 21 109 41 5 112 97 51 123 66 35 8 90 122 104 9 124 71 118 48 25 26 80 83 40 117 46 94 110 49 69 107 3 73 113 58 44 92
19 43 114 93 36 71 88 21 67 116 106 94 68 9 41 0 33 105 61 87 16 45 40 30 29 31 84 14 39 125 107 86 50 75 103 126 101 119 55 34 15 35 74 115 11 121 122 23 37 7 32 108 97 70 2 85 20 57 120 95 25 66 92 65 124 82 109 123 83 73 3 51 8 56 89 118 112 53 10 27 28 81 1 100 26 17 4 78 59 60 90 54 69 47 110 80 91 44 104 13 38 76 111 12 99 96 117 62 49 5 52 22 18 77 46 72 79 6 42 48 24 113 102 64 63 98 58
59 33 43 108 92 29 23 41 88 35 54 16 125 63 18 71 109 70 51 3 78 57 85 22 87 66 65 20 45 50 76 0 9 2 99 115 126 60 56 31 48 11 95 103 77 81 17 32 1 27 111 10 113 118 12 4 93 98 105 83 24 82 19 6 72 46 37 117 114 36 102 28 47 104 26 49 100 107 8 62 110 42 30 40 53 7 14 120 44 39 119 68 25 55 58 86 122 90 69 84 94 5 106 79 80 97 34 91 116 112 38 89 13 15 96 61 74 64 67 123 73 52 75 101 21 124 121
80 69 73 52 109 119 87 121 27 94 117 90 101 99 85 45 17 30 46 48 67 19 31 122 96 53 126 113 92 105 61 116 106 68 71 38 0 12 1 6 42 11 97 20 26 102 86 57 40 76 100 93 107 104 28 88 123 95 64 63 44 14 43 84 62 39 55 77 125 111 8 108 49 120 10 124 81 65 89 58 59 75 21 74 32 2 4 72 15 78 34 23 25 13 83 115 5 37 118 9 41 91 47 35 24 110 82 3 56 7 18 112 114 103 66 33 60 36 16 51 79 22 54 70 29 50 98
70 30 4 90 18 72 50 10 20 6 124 68 43 102 45 7 41 98 91 17 46 69 52 42 3 115 108 74 112 38 1 84 51 99 53 89 47 58 12 117 34 40 111 93 36 28 62 116 22 33 24 35 11 27 85 63 16 92 95 65 71 39 61 49 82 59 97 110 60 107 29 126 26 66 14 88 75 118 37 32 120 94 123 56 67 114 105 73 106 96 101 5 25 15 64 78 125 80 48 0 109 8 2 13 122 86 100 23 54 113 76 79 57 121 44 21 55 81 87 104 83 77 9 119 31 19 103
24 26 9 42 13 117 52 63 76 107 46 64 10 86 4 35 60 104 119 14 49 122 22 102 61 80 47 112 87 39 90 116 95 37 111 16 45 88 75 74 36 41 115 12 94 89 110 53 6 23 15 18 65 34 91 48 103 25 43 66 0 31 85 126 84 121 67 79 30 19 28 106 124 70 3 8 21 93 72 57 120 118 98 40 78 77 1 82 96 109 11 58 55 125 73 105 113 81 92 33 114 99 2 44 17 38 101 123 54 108 56 100 71 5 32 69 97 50 29 59 51 83 27 20 7 68 62
43 32 107 109 9 98 82 85 125 45 75 118 67 83 115 81 122 114 20 64 113 66 22 33 61 91 12 58 7 112 70 108 90 15 79 52 104 62 84 116 36 55 73 56 44 0 5 65 25 53 41 3 6 72 31 97 27 30 96 24 38 42 69 100 126 86 87 92 93 47 63 21 23 54 89 111 101 34 14 99 16 71 13 4 11 120 59 88 26 50 117 28 51 103 19 57 39 124 77 10 94 105 80 121 29 17 2 40 123 46 37 49 102 76 1 35 60 106 110 74 48 18 78 119 68 8 95
20 125 29 110 9 121 84 99 117 77 25 11 86 50 68 78 49 62 67 118 112 21 48 55 104 12 92 95 83 30 27 6 80 108 58 33 13 81 0 103 59 109 71 102 88 16 61 114 119 69 41 43 7 39 60 15 47 46 45 18 42 22 5 63 122 107 38 116 10 66 35 53 101 105 31 40 113 87 3 26 82 79 124 32 51 64 89 123 106 44 97 52 75 90 37 34 73 54 17 14 23 91 72 2 120 4 94 115 19 57 93 65 1 24 126 98 28 74 85 100 111 56 8 70 36 96 76
71 5 13 87 24 7 31 90 92 2 14 85 17 49 94 64 0 111 32 83 109 50 3 34 122 106 52 28 41 93 22 55 54 53 112 58 80 119 40 116 82 46 15 126 21 73 69 97 66 74 89 27 48 81 77 84 36 70 63 123 99 16 35 30 78 65 75 1 29 26 9 62 59 98 114 45 56 10 11 107 23 96 117 47 105 19 95 118 120 20 110 42 51 33 38 115 125 113 86 18 44 121 57 12 61 88 37 100 68 76 6 43 25 39 103 72 108 79 124 101 102 91 8 4 60 104 67
22 28 23 126 84 33 10 1 42 117 7 64 80 71 63 67 17 56 114 26 83 11 48 109 121 62 69 86 93 18 101 9 38 30 31 45 24 106 77 99 73 46 51 34 122 118 14 102 6 115 123 96 87 43 125 90 32 120 85 76 75 116 52 5 66 47 36 105 3 68 55 20 15 59 108 0 98 97 19 119 95 107 8 110 82 60 41 81 58 21 16 112 4 72 89 53 54 124 88 27 25 74 57 111 61 92 35 70 94 91 113 40 2 49 104 103 50 78 100 29 44 12 37 39 13 65 79
70 18 12 20 21 97 101 7 123 37 19 60 83 11 16 26 22 66 41 6 25 93 34 103 113 85 32 13 87 116 78 95 84 39 98 49 52 48 4 124 105 64 44 94 108 96 45 106 75 29 35 77 2 31 68 111 71 69 9 109 80 10 53 62 47 14 59 56 36 89 114 92 115 50 54 104 58 79 126 43 15 51 33 121 3 117 74 65 27 38 122 1 28 76 82 0 99 55 107 8 5 118 102 112 46 23 120 100 17 90 125 40 81 110 72 119 30 91 86 73 57 67 42 24 88 61 63
117 110 63 45 103 96 26 111 92 72 64 120 5 16 29 113 78 112 105 94 23 75 119 93 48 81 108 14 39 82 71 15 98 107 51 73 7 115 118 99 62 66 47 109 77 40 104 102 59 123 31 100 25 43 101 18 12 121 89 87 90 44 9 3 83 4 34 84 36 57 1 91 79 58 6 30 126 80 124 13 21 11 19 33 10 85 38 65 67 56 20 106 97 41 61 50 37 49 68 125 69 0 53 22 27 54 24 32 88 86 76 46 2 114 8 28 95 122 116 60 52 55 70 17 42 35 74
0 85 96 26 112 120 66 110 13 21 65 1 91 83 82 4 74 73 79 68 71 121 78 40 45 37 10 67 80 103 70 31 109 36 89 63 33 53 44 32 38 52 113 43 30 18 100 122 117 27 99 77 48 92 20 2 61 107 126 93 14 46 35 57 9 69 62 102 42 49 23 47 76 19 119 5 81 54 39 108 86 59 8 60 6 104 34 97 118 90 58 15 75 123 115 72 16 3 50 12 111 24 51 22 17 94 106 28 29 95 55 11 124 105 7 114 56 125 64 84 101 87 41 98 25 88 116
8 100 37 42 73 24 55 72 59 26 20 7 123 97 57 92 111 65 36 34 63 93 109 104 78 90 120 52 12 67 106 33 74 30 62 32 6 58 2 94 113 28 4 86 89 98 82 102 19 31 101 21 53 107 68 85 122 40 18 103 112 83 35 61 54 114 121 47 10 76 50 75 66 29 77 9 1 41 69 95 38 81 96 125 25 17 27 71 51 15 124 5 16 14 23 79 87 49 88 105 118 56 43 64 110 45 99 108 11 119 60 84 39 22 46 70 0 13 126 115 3 91 48 116 44 117 80
8 79 44 100 3 104 49 43 54 29 116 88 61 114 108 90 94 27 69 99 59 60 63 4 92 75 55 20 42 97 53 68 101 17 95 66 28 112 80 48 102 18 10 113 93 16 37 72 45 26 11 120 24 13 106 81 83 124 109 19 74 15 36 56 5 70 46 39 6 71 62 31 87 115 21 33 23 73 76 126 91 122 32 40 41 111 103 78 96 14 22 34 1 38 89 98 7 85 105 82 86 52 125 58 57 67 65 77 110 35 30 2 118 123 51 47 25 121 64 119 12 50 9 107 117 0 84
90 65 114 1 44 105 68 86 16 112 84 110 32 96 106 45 67 35 19 91 43 54 123 6 12 57 62 69 53 22 2 124 81 85 60 7 93 51 5 119 30 125 101 46 116 104 63 108 34 23 13 15 52 27 59 55 73 70 38 28 100 95 72 20 118 89 98 33 17 10 122 126 87 66 58 92 94 113 39 3 97 102 4 47 120 117 21 76 9 49 42 99 111 75 77 8 115 56 79 18 29 24 48 109 74 50 40 0 71 37 103 61 36 25 82 107 88 26 14 78 31 121 41 80 83 64 11
40 14 113 103 104 41 59 8 16 101 63 93 31 89 23 65 108 119 81 50 10 1 76 21 39 66 116 30 85 69 91 88 47 102 5 77 44 75 90 34 83 2 96 37 53 56 49 106 45 42 64 51 111 27 117 84 26 110 98 67 62 112 70 114 100 124 54 126 25 9 95 48 4 20 18 87 71 7 107 125 32 121 6 74 46 17 29 12 38 99 105 35 109 43 82 28 86 94 80 13 120 0 22 60 92 115 123 55 118 58 19 97 33 3 122 78 24 36 79 52 68 73 15 61 57 72 11
9 37 65 31 5 46 57 18 97 11 63 82 47 59 109 3 90 101 7 122 118 78 58 56 39 13 40 20 38 72 120 86 115 33 42 34 84 64 32 87 83 60 6 93 17 68 117 123 91 29 114 121 100 125 15 53 43 52 66 22 28 36 79 67 71 126 16 30 73 106 70 1 24 21 26 95 124 55 108 45 94 111 62 2 98 35 50 75 69 61 23 92 19 12 76 99 105 4 102 107 77 41 116 8 27 10 14 96 119 80 110 25 0 103 51 74 49 48 113 88 104 112 54 44 81 85 89
79 96 4 105 78 54 77 67 41 126 87 38 94 84 32 44 1 29 11 3 53 114 21 22 104 47 46 100 125 14 102 66 89 39 112 74 99 115 52 93 59 121 63 116 88 16 122 83 97 13 49 12 37 86 9 111 110 25 19 35 45 109 31 72 123 30 61 69 10 95 17 57 27 113 70 68 0 64 62 76 7 51 107 34 92 28 18 2 75 58 20 5 82 33 91 119 23 15 108 98 24 48 118 50 71 90 80 85 43 106 42 36 101 40 103 65 55 124 117 26 6 81 8 60 56 73 120
48 112 61 56 49 57 39 34 22 97 77 36 9 75 117 73 31 121 53 79 8 100 108 94 68 69 42 46 64 52 85 20 18 67 115 32 15 106 40 27 17 88 3 24 80 66 19 72 93 6 28 16 41 23 14 111 10 51 89 12 38 29 71 43 119 110 47 96 30 50 7 0 82 83 126 125 81 4 33 26 118 25 98 86 11 5 74 54 109 124 101 102 55 45 76 65 90 114 21 62 35 59 60 107 123 113 116 120 44 95 78 92 58 13 63 37 105 104 84 122 99 87 1 91 2 103 70
30 31 18 91 15 34 67 62 55 110 117 35 41 53 51 115 52 106 77 5 44 1 32 102 22 88 8 82 99 38 100 72 42 116 73 81 14 83 97 113 98 126 54 56 112 89 10 17 87 20 21 63 48 13 96 65 7 120 50 92 29 108 71 111 58 101 47 0 74 23 36 26 90 61 24 49 60 70 121 75 114 66 3 39 68 25 27 33 37 69 43 94 123 80 78 16 19 79 9 95 57 105 4 107 45 118 93 86 46 85 59 122 28 103 109 119 104 124 40 125 64 6 12 11 76 84 2
68 60 26 81 25 73 61 4 76 21 105 79 90 16 50 19 126 57 22 15 100 102 117 98 28 123 94 78 103 125 109 12 95 118 33 124 83 38 110 72 55 59 84 58 115 99 64 40 13 93 106 23 87 51 5 10 9 20 111 24 0 86 53 66 75 114 77 120 36 34 27 71 108 1 67 44 46 92 113 80 31 47 32 104 97 41 6 17 96 8 62 35 122 121 70 88 89 85 54 29 112 45 48 11 14 37 39 52 63 116 101 119 107 3 18 56 49 69 82 2 74 42 65 43 30 7 91
101 0 119 37 94 24 68 8 40 56 95 124 120 86 81 15 4 16 105 31 63 38 42 25 20 98 111 113 22 58 106 2 65 14 91 96 78 52 85 49 50 57 79 121 17 125 45 76 88 126 72 59 19 109 73 117 83 55 71 18 123 64 69 99 75 116 13 7 33 100 104 89 44 80 27 60 1 84 29 30 5 39 48 11 108 112 114 10 32 122 97 23 115 3 41 67 35 54 61 102 87 46 110 103 26 9 82 36 47 93 53 92 6 107 12 43 77 62 74 21 70 90 28 34 118 66 51
68 7 23 26 55 70 103 6 114 59 102 100 126 27 35 85 17 89 66 57 86 106 16 115 13 63 43 48 61 64 28 119 123 84 8 58 82 83 24 39 124 78 37 9 4 117 110 65 10 56 47 76 36 107 80 1 112 22 54 74 81 21 69 90 125 53 105 15 25 19 118 67 5 0 97 104 38 3 92 87 20 79 42 49 108 60 11 75 40 51 121 31 14 62 77 2 50 41 29 73 96 98 45 12 44 46 88 95 116 52 72 30 99 109 71 93 101 91 33 122 111 94 32 120 113 18 34
69 115 73 28 95 17 12 45 50 122 116 8 49 2 18 24 64 86 113 63 92 23 58 13 87 52 106 123 97 96 62 102 56 66 109 80 11 74 6 32 10 48 111 77 78 121 21 46 93 117 99 88 54 25 98 22 71 31 83 76 51 101 94 34 118 1 104 124 35 90 68 105 114 75 5 126 14 38 41 125 47 119 0 36 81 3 33 70 37 43 61 120 40 79 59 19 30 82 100 91 84 67 53 55 27 107 26 42 4 72 108 7 29 65 112 16 110 85 44 9 103 39 57 20 89 15 60
8 116 34 105 92 49 14 38 41 72 84 110 61 11 37 88 55 0 24 68 107 17 87 50 62 77 5 71 59 57 123 121 85 9 73 15 101 124 21 22 100 74 25 93 18 20 81 83 3 69 96 90 89 82 109 29 54 47 28 79 58 118 46 30 10 1 94 35 75 44 42 36 80 114 78 117 102 32 126 26 113 111 104 33 60 19 65 23 98 52 63 56 2 43 122 76 31 13 27 106 108 7 119 70 99 6 39 97 112 66 103 64 53 120 115 40 95 4 16 45 91 86 51 48 12 125 67
77 111 14 117 40 36 85 73 11 52 83 116 120 102 78 93 84 110 107 62 16 50 55 60 58 114 61 68 91 86 106 109 95 21 72 7 5 15 69 0 118 124 8 20 99 46 53 90 57 2 71 66 13 87 97 1 94 24 121 41 10 65 27 25 34 54 51 31 100 17 67 26 19 79 33 88 123 44 43 113 38 98 35 59 18 115 63 32 45 70 96 104 103 108 82 9 49 105 101 23 37 48 119 56 89 12 28 122 29 126 39 4 42 80 81 92 74 75 6 125 76 22 47 3 30 64 112
35 16 102 92 39 124 77 123 80 73 106 43 94 109 121 76 122 66 53 84 7 8 70 20 104 120 38 87 90 19 36 13 99 117 79 51 72 88 60 21 0 45 46 47 59 15 64 58 27 44 54 126 89 85 113 6 12 32 115 17 41 71 24 101 69 4 111 23 125 10 74 67 108 52 5 97 22 95 63 114 62 78 83 65 96 56 50 57 118 30 33 2 68 42 61 49 55 110 40 86 81 9 25 75 91 11 105 26 18 3 29 14 37 93 48 116 1 107 28 119 34 31 98 103 82 100 112
102 38 1 92 120 47 98 106 78 93 72 52 122 104 37 110 28 7 87 85 36 54 58 3 90 45 55 17 25 6 124 62 103 71 101 97 96 14 34 59 65 48 82 76 22 68 20 51 24 43 112 114 44 126 13 73 35 100 121 8 108 46 32 75 9 117 42 115 61 88 29 10 40 63 109 19 11 53 77 26 33 83 50 18 113 67 91 41 4 57 64 15 79 31 86 94 95 111 105 60 70 0 80 56 39 49 27 84 123 119 12 116 30 16 69 5 99 125 2 66 74 107 118 81 23 21 89
97 36 96 77 112 55 17 31 29 23 51 48 104 46 14 125 60 62 81 2 102 64 44 119 79 49 124 27 56 84 65 109 76 53 45 38 126 78 52 59 100 28 18 9 39 35 16 70 117 6 108 24 0 40 122 82 113 32 114 75 4 118 1 72 89 110 116 22 21 10 101 123 7 61 98 121 13 34 43 26 63 47 90 71 20 66 3 83 69 74 58 68 111 105 67 86 5 37 94 80 73 88 54 115 15 50 41 12 25 106 120 57 42 93 91 99 107 33 87 8 95 92 85 11 103 30 19
79 91 20 100 62 74 2 30 64 27 104 32 60 99 122 38 92 0 68 103 98 118 87 21 113 121 29 95 54 9 28 17 71 61 112 19 89 22 1 55 123 125 63 57 41 76 126 8 114 50 115 110 18 90 52 36 116 85 88 4 105 59 34 108 13 72 120 37 43 7 58 124 101 51 16 81 39 56 26 42 75 47 31 77 45 69 33 15 6 12 67 109 40 80 24 3 10 73 107 35 44 94 14 97 84 82 119 11 65 117 83 86 66 53 78 23 48 93 25 49 5 46 102 70 106 111 96
15 118 5 63 26 29 64 54 46 41 92 10 1 93 67 11 51 4 95 37 122 100 48 124 50 76 98 88 121 14 12 91 32 103 102 126 58 72 65 90 34 2 22 49 101 70 56 30 62 61 89 105 115 55 25 28 6 84 75 66 86 119 82 83 114 18 52 47 108 97 111 59 17 117 27 19 13 33 38 60 104 68 87 99 40 31 39 81 20 73 71 69 106 94 125 123 110 77 3 16 80 45 7 78 109 35 53 74 43 113 57 85 21 8 96 23 116 79 0 112 107 120 44 9 24 36 42
78 45 49 75 52 89 33 15 50 82 8 48 101 126 20 97 115 51 12 108 18 71 53 72 22 28 77 103 42 105 107 29 122 88 121 31 96 80 118 66 41 91 76 79 36 11 32 92 112 81 94 98 44 117 125 67 30 39 1 58 47 34 116 10 23 106 109 99 104 43 87 26 56 73 90 110 2 35 57 5 84 68 93 69 59 124 83 37 113 102 86 85 54 14 4 114 19 25 65 17 120 0 38 6 60 119 123 13 70 100 95 46 27 21 55 7 9 24 62 63 3 74 40 61 16 64 111
36 38 86 27 24 55 97 107 87 26 126 57 43 29 114 16 110 45 12 9 31 59 91 99 102 92 54 18 69 112 106 71 108 48 6 117 79 125 94 101 124 46 13 84 52 58 56 5 90 62 11 118 47 19 8 119 20 82 25 103 115 32 23 116 60 49 53 111 78 0 96 22 51 76 34 72 95 14 44 41 120 81 3 70 40 83 61 50 67 122 73 42 37 100 28 89 93 2 66 7 63 109 68 1 4 85 15 74 88 33 39 17 121 98 105 75 64 21 10 80 113 123 30 35 65 104 77
118 92 87 62 67 43 26 31 39 4 44 54 98 99 7 20 12 93 115 63 18 95 77 125 110 35 5 85 48 117 72 57 53 49 1 56 32 124 97 81 119 102 70 113 111 16 88 105 51 96 73 66 47 45 23 42 46 8 69 126 15 123 2 106 6 94 22 78 121 116 11 68 101 112 61 9 109 21 107 122 84 14 120 38 103 24 33 52 17 28 36 82 37 10 89 41 86 0 29 27 13 75 30 114 64 55 104 90 91 79 34 71 3 74 80 83 58 108 50 76 40 100 59 60 65 19 25
60 5 39 75 34 90 18 82 6 74 66 28 58 114 0 96 12 37 106 14 25 44 91 7 95 103 31 1 36 117 88 57 121 120 86 123 20 68 46 40 85 23 107 93 43 41 3 56 108 48 24 125 115 64 59 17 73 102 71 84 13 32 35 110 4 126 72 113 77 111 38 89 8 2 15 27 78 53 22 112 42 99 62 105 45 51 124 98 10 80 26 100 122 94 21 69 87 79 52 49 61 109 29 9 65 63 67 116 16 97 119 101 55 19 81 92 47 33 50 83 118 76 11 30 54 104 70
124 53 4 18 91 41 98 103 54 72 57 51 108 49 15 89 76 86 99 62 90 14 19 120 1 34 84 126 21 38 35 78 13 5 56 3 122 104 97 32 16 69 70 36 9 23 44 29 118 2 27 87 94 22 80 48 107 92 83 111 102 66 93 58 30 40 82 55 11 114 65 119 79 46 81 25 43 45 96 100 47 121 0 64 10 17 24 28 109 59 42 101 117 31 33 105 67 61 63 106 37 88 77 12 50 125 68 113 8 73 116 112 20 74 75 6 71 7 110 39 52 85 60 123 95 115 26
45 43 18 109 24 21 125 57 119 5 17 23 38 67 101 63 69 88 72 115 124 8 25 64 120 58 82 76 33 55 7 56 31 92 35 84 54 68 10 42 50 83 87 79 13 4 22 75 77 110 102 100 65 47 29 52 86 113 117 80 99 60 105 107 53 85 12 39 32 97 26 114 123 20 116 96 66 0 122 89 61 81 91 118 51 30 93 78 1 70 59 103 37 15 49 112 126 94 73 36 98 95 104 121 74 44 27 71 48 40 9 111 90 11 46 3 62 16 6 2 108 14 28 106 19 41 34
7 107 14 103 74 59 40 62 73 35 26 111 44 93 79 98 51 9 95 114 70 38 64 10 29 66 1 12 102 17 112 27 28 48 90 87 123 75 71 13 81 34 78 67 39 119 94 21 15 3 31 37 54 30 49 92 32 116 125 76 124 120 46 36 83 16 61 84 65 97 63 109 4 8 86 115 57 89 43 60 6 82 80 117 53 45 105 0 25 69 18 42 91 96 58 50 118 72 5 23 24 99 100 88 110 122 121 2 33 19 108 77 101 22 55 11 20 47 68 52 106 56 85 126 104 113 41
74 5 53 29 57 67 102 69 126 45 62 3 111 31 77 122 76 10 75 116 24 30 41 79 104 81 118 88 40 125 103 19 18 63 106 13 98 91 58 21 0 26 43 73 80 84 55 96 70 114 123 120 8 66 38 20 101 44 14 85 121 107 112 17 61 105 71 39 59 83 124 97 33 48 72 78 115 25 110 119 36 6 87 109 108 28 90 100 52 65 60 35 86 34 9 113 2 54 1 11 27 89 117 22 49 51 15 37 50 68 23 93 82 56 12 7 16 47 64 46 4 95 32 99 94 42 92
122 126 70 50 9 95 41 65 7 62 67 25 100 75 27 10 113 114 36 45 124 105 121 107 72 40 108 60 55 19 116 85 74 12 3 119 29 101 77 102 84 58 39 20 46 88 35 92 125 104 106 51 86 115 11 59 1 79 83 120 111 23 4 38 8 21 56 44 80 24 76 61 78 33 37 2 13 14 97 94 28 118 71 34 15 93 98 109 32 54 18 63 48 81 89 112 17 30 64 43 0 52 53 42 57 68 123 87 90 16 26 96 49 73 66 117 5 91 82 69 6 110 99 103 22 31 47
1 25 107 41 39 43 98 126 0 30 4 86 38 19 103 82 50 67 99 62 74 75 40 44 66 94 106 109 48 84 55 34 117 93 46 118 14 12 7 60 79 70 22 37 8 100 124 65 113 49 3 2 92 21 101 114 32 10 69 121 17 9 97 35 54 119 116 110 89 81 71 68 45 47 72 85 111 80 29 52 23 59 112 57 73 53 78 26 123 102 31 115 13 64 105 51 91 63 108 11 90 77 16 88 42 125 87 58 15 27 33 18 95 6 5 24 96 36 122 76 61 120 56 83 28 20 104
2 64 22 126 76 8 30 33 113 49 12 75 24 90 99 85 106 69 119 55 83 67 78 60 77 61 25 20 4 81 100 66 14 21 91 35 40 93 68 37 110 123 56 101 17 6 121 114 86 48 32 31 1 27 82 112 102 65 98 104 3 88 38 13 120 62 51 19 115 122 89 18 116 36 46 92 7 9 10 47 95 84 39 107 125 50 70 44 111 59 23 45 105 29 124 53 54 5 80 58 73 16 41 79 103 15 94 118 117 57 42 72 87 0 28 26 97 52 108 43 74 96 109 11 71 34 63
97 66 98 92 88 40 21 83 25 29 14 55 115 46 39 36 87 30 78 111 20 9 70 86 95 47 37 26 94 18 101 99 85 104 89 112 93 11 61 124 35 90 110 75 44 82 68 126 81 50 43 32 17 109 48 7 19 80 100 91 53 108 38 27 105 64 72 1 54 107 63 22 114 57 23 120 73 60 4 84 31 116 125 28 79 52 13 16 5 49 10 2 119 62 59 102 41 77 123 51 12 8 103 15 33 0 56 42 6 113 65 76 24 45 74 69 117 118 71 34 67 121 106 96 122 3 58
20 88 68 87 125 35 52 117 23 66 85 39 104 16 70 2 25 73 58 79 123 94 111 8 95 42 17 56 44 18 86 12 41 119 19 4 113 96 107 118 110 38 126 112 61 13 65 64 72 105 31 15 74 106 122 71 3 30 54 84 81 102 50 10 43 108 7 14 51 109 1 22 116 33 115 83 124 92 28 75 114 46 21 90 5 36 49 27 98 6 63 80 91 101 69 62 121 40 24 34 60 97 120 53 89 32 26 76 100 9 103 77 45 37 59 93 55 29 99 47 67 0 57 48 82 11 78
38 51 85 49 115 34 104 0 89 110 103 111 19 6 101 24 28 86 72 13 107 45 113 2 18 82 61 120 70 71 124 65 37 108 26 44 64 114 117 92 50 4 98 76 29 16 94 12 81 74 21 53 121 47 40 95 66 9 52 27 69 125 35 78 54 100 93 11 41 119 118 96 32 60 3 25 105 91 67 1 5 75 106 109 90 88 20 62 31 7 8 83 63 112 36 10 126 55 43 102 56 77 97 116 33 80 59 73 123 99 17 14 122 30 57 58 84 46 39 42 22 48 23 15 87 68 79
11 97 5 42 94 119 4 81 16 107 3 18 0 9 110 22 20 33 102 52 120 1 103 76 126 116 117 15 55 88 106 27 95 21 17 91 50 31 101 69 63 68 85 82 30 98 93 48 114 99 75 84 105 10 86 73 39 83 92 122 70 12 32 74 60 111 44 115 109 77 19 24 40 36 14 72 71 65 79 53 26 34 61 100 90 37 23 49 6 112 29 7 51 121 59 41 57 78 56 66 38 96 13 8 67 43 113 64 54 87 45 46 89 125 28 80 108 58 62 124 47 118 35 123 25 2 104
111 46 103 110 78 73 35 89 101 124 65 27 125 40 3 59 99 48 16 119 76 120 11 5 85 67 80 81 63 70 33 123 29 28 96 9 104 91 87 106 10 18 60 39 26 2 121 12 95 17 44 115 113 74 126 1 49 47 55 105 108 62 68 102 23 98 116 14 31 38 88 100 94 45 19 56 30 41 122 24 109 57 50 69 20 83 36 25 64 75 66 21 8 6 52 7 92 79 72 86 22 43 84 42 82 90 93 13 54 15 4 114 53 97 0 107 58 117 61 32 51 118 37 77 112 34 71
22 40 74 95 48 19 93 87 123 45 115 83 68 77 117 119 54 35 26 5 80 39 30 96 124 116 88 37 11 27 107 100 20 2 36 51 82 120 43 66 1 84 69 49 86 85 72 62 10 64 42 67 70 75 65 106 109 81 46 71 47 113 33 76 121 108 92 110 34 98 18 52 15 73 102 105 91 31 50 55 58 38 111 32 97 126 78 112 57 6 104 17 4 14 3 63 7 103 16 44 13 23 56 24 12 53 94 90 21 59 99 41 79 101 60 61 125 89 25 122 29 0 114 118 8 9 28
71 25 14 10 69 122 53 38 114 20 62 108 95 80 36 70 100 126 57 101 74 15 109 40 86 48 26 61 121 32 106 6 98 44 118 90 67 119 85 75 93 77 45 24 2 66 13 96 42 22 107 68 19 59 103 88 5 92 73 7 111 17 33 91 76 99 123 125 60 87 64 117 82 1 49 102 4 79 105 55 54 41 56 124 104 43 47 89 72 29 9 16 18 11 21 35 50 37 27 94 116 115 63 46 113 83 97 51 3 78 112 39 34 81 120 12 58 84 28 110 31 65 8 52 23 30 0
43 91 4 72 15 14 21 13 82 58 104 57 86 55 49 7 20 19 39 74 78 101 56 27 89 48 5 53 44 107 116 31 11 88 33 73 100 95 117 70 12 81 38 114 77 40 121 2 52 85 60 10 65 102 61 84 9 17 68 32 94 26 36 83 93 42 24 79 119 46 71 37 123 51 64 0 118 115 50 120 23 34 63 90 6 125 126 41 87 62 8 110 22 103 66 3 1 29 98 54 109 122 45 97 92 99 96 76 69 18 30 59 67 16 35 106 108 105 111 25 47 113 28 124 80 112 75
