93 -40 -62 19 18 56 33 30 73 45
78 76 -36 -86 3 -40 -58 64 -58 -65
-85 17 16 86 -64 -22 -40 -16 -21 -93
6 -20 -64 62 -28 -40 78 85 -45 67
-96 22 -58 63 -9 -46 -54 21 62 6
23 -46 83 66 94 34 36 -13 25 -26
-8 93 -52 54 -69 -86 -5 -38 65 89
97 72 -2 26 -23 -24 -60 -90 46 -98
88 -40 -5 -62 -32 71 34 -89 -81 -5
-33 -4 28 -83 15 30 5 83 91 -57
-77 97 -85 77 91 97 44 -14 -69 -2
-78 -98 64 59 -17 4 -34 36 -98 -19
-92 52 -60 -90 23 64 -2 2 50 -68
-87 -38 56 -83 -26 -80 76 -41 -55 1
-25 -56 23 92 -22 36 -24 -54 -50 -21
-4 93 31 60 -9 94 90 92 23 13
27 -90 97 14 -82 31 -98 34 15 -11
-71 68 -38 14 47 -16 -57 -6 59 -53
-31 -38 -78 49 71 16 -64 -51 63 -28
24 20 37 31 -70 4 -2 35 38 -7
-21 65 -40 44 -46 -48 46 -61 -28 -99
38 18 -51 54 -41 23 13 98 35 -78
86 6 -21 63 -26 -16 -35 71 -17 -55
8 1 84 -79 86 -2 30 -54 -53 86
-43 -68 81 29 31 -14 84 -90 65 74
66 -64 64 66 65 -68 6 -86 49 -49
22 -33 -46 -18 59 -15 -61 -95 71 88
53 71 -71 -74 -26 -95 -32 -16 87 -82
56 -35 -26 -47 3 81 -16 -53 -50 26
-29 -95 67 26 83 -23 -64 52 -2 23
80 -44 75 -17 76 97 5 25 -94 27
63 95 -55 0 82 17 80 59 -84 -57
22 -70 99 31 -86 -46 -42 -7 -92 4
53 89 -51 10 -75 80 -14 -85 -9 -28
61 -42 -73 -38 10 -45 0 -20 -80 -43
73 -32 83 88 -52 -10 -28 -70 86 3
11 -31 92 43 18 83 -62 -28 8 -42
-67 4 -99 -77 52 79 58 -66 16 97
-15 61 -13 -84 55 -32 11 85 22 25
21 -8 25 -19 -79 53 -80 -64 -29 -96
-10 -73 -73 1 -47 -71 -62 51 47 -56
67 -1 6 -39 -61 70 48 87 47 -8
69 94 48 -96 -19 84 38 82 -9 0
-13 -42 71 63 -88 -64 24 -87 33 -33
0 62 -31 84 19 -28 39 56 95 -62
-29 -72 -57 39 6 9 -88 45 -8 94
43 -83 -96 47 64 24 0 -55 85 -66
-54 -36 -47 47 69 -16 99 -94 -81 -83
35 64 -44 95 95 38 92 -82 1 -56
-9 -9 21 78 49 24 89 -5 -24 -70
46 -44 -97 -43 0 -32 -89 -3 -5 74
-2 -17 35 11 92 -62 -83 -42 -88 10
77 -58 53 37 -43 -80 50 -40 -6 -95
35 10 22 -58 -44 93 47 63 54 58
-64 15 15 48 -80 56 -65 80 58 -26
66 -86 38 -94 86 60 79 62 -7 6
-7 -52 -18 32 -1 65 -45 71 61 -25
35 -51 -2 -47 44 39 77 -61 0 -36
-69 85 35 39 -31 -61 44 72 -22 -74
71 -49 -94 31 -3 33 -3 -16 3 1
-98 96 -43 50 -17 -3 -34 91 -28 -13
87 70 69 11 -24 77 30 79 -83 45
-51 -6 95 -43 -26 17 38 56 93 -99
93 22 -49 -53 -58 -33 -76 2 91 99
-33 -25 74 58 13 -99 40 43 63 49
-9 53 -38 64 24 94 -97 2 11 20
-18 -60 8 25 -24 46 55 89 -59 56
-4 48 -88 -54 43 -22 61 -53 -50 -88
-53 -65 -61 -98 17 -68 72 17 48 43
38 -54 -38 -81 -11 46 78 -74 76 -84
-45 -48 41 -95 -32 99 61 73 -55 -15
-33 35 -5 -31 77 82 -58 47 24 -79
4 92 59 -73 -58 -92 26 49 13 9
81 11 -12 -77 37 80 -60 86 54 39
-91 -11 66 97 29 35 13 -22 96 86
78 44 -53 50 -79 -45 19 -73 93 66
39 63 9 -80 -61 16 21 70 62 -59
-55 1 -80 96 -69 69 5 79 70 -18
94 37 -85 -53 -92 44 -59 66 74 20
73 65 -72 -52 83 -84 -75 80 -20 -44
-40 -28 -39 18 -14 -48 -68 70 -54 -43
-74 29 -97 56 -41 16 -26 -33 -47 -28
-48 10 -52 39 -22 -96 22 97 39 -48
26 -60 -37 -44 35 -79 44 -25 58 93
66 52 -62 84 69 76 55 23 -96 -74
16 96 -83 -93 -15 0 38 -54 -78 85
66 -96 59 -24 -26 50 88 -55 -69 46
96 -48 -11 84 8 -31 15 -79 0 -74
7 -50 -28 96 45 -44 -51 -23 -57 -92
-9 75 -28 46 -31 14 -38 -50 78 14
45 5 3 -17 -99 -15 -28 -87 30 -90
-92 -2 -60 -48 40 97 89 90 56 -96
14 7 53 23 -89 23 -86 28 -71 9
-78 -2 59 -81 -49 -64 -62 -36 -99 80
38 -98 -32 -25 -37 93 52 77 -91 -95
-17 34 22 57 -23 0 34 -21 -40 88
-55 -21 50 -76 -9 6 73 18 33 -51
-40 47 80 -23 -47 81 5 45 -99 -23
30 9 -84 44 -71 0 -40 -15 -65 0
-54 -84 -26 91 12 2 91 -93 -68 -16
