26 22 87 -31 -98 35 -28 -20 -81 89
-16 -17 -83 53 31 -78 11 91 -60 -13
-44 35 53 -3 24 85 -33 71 -64 60
-25 24 -4 -59 21 9 -14 -59 76 64
-2 55 -41 15 40 99 -60 81 -51 -27
-6 -70 42 -21 -62 87 74 -54 -51 53
-54 55 45 -20 -37 76 -99 -94 -12 0
52 84 -72 -30 29 25 8 79 14 34
-91 64 -9 58 77 -77 96 97 -2 -58
-91 -72 0 47 55 -63 -60 6 -53 -72
27 -97 5 94 -99 46 -24 4 -98 -72
-35 -27 71 -66 -38 -11 -83 55 38 11
70 50 88 -77 -92 -55 85 0 -48 63
86 95 -48 65 99 -17 61 -65 -24 57
10 -36 90 -63 -74 -19 -42 -44 -77 8
-88 -64 43 3 -27 23 71 -88 -64 -31
-93 58 12 88 -68 85 0 60 -28 -6
84 91 -20 -65 76 37 -90 -19 -91 25
-62 -27 5 99 1 -89 18 14 36 53
-70 -59 -74 36 28 56 25 22 96 60
85 65 -56 59 -52 -8 -63 87 88 -11
44 89 41 -48 7 77 82 -12 -5 -34
1 -22 75 -23 -45 94 -18 6 62 79
80 20 -14 76 -70 -62 -96 71 53 -41
0 -97 -57 -80 57 -43 -61 38 -52 -28
-66 -63 -33 13 -78 -66 78 26 -43 34
83 -71 -69 -50 68 97 27 -61 -13 -87
80 -52 -57 68 64 2 89 12 -35 82
-1 -76 -28 47 64 -81 59 -88 -57 -19
32 52 -84 5 17 -11 -64 41 -93 -42
7 81 7 -13 -5 60 62 57 26 67
33 55 91 32 28 -23 83 77 71 36
-70 -63 -60 57 76 -59 72 -82 55 -16
5 -77 12 90 14 77 -52 88 -27 -17
-17 -33 -17 4 69 87 69 58 62 -86
84 3 20 -10 -70 68 65 -66 -8 4
-45 96 27 -17 -83 -62 -47 10 -57 -84
2 -47 -4 82 -42 -80 84 58 35 29
97 40 -52 30 -19 40 11 -68 51 -4
36 10 53 89 -85 52 -34 -11 -87 50
-28 -5 82 -38 -88 82 54 54 -70 -72
83 -11 94 -10 14 78 -1 6 47 -61
33 39 -25 -9 -11 -17 34 -20 45 36
10 87 -59 60 -25 -82 -74 -14 -6 80
66 91 80 26 88 42 65 77 80 -2
19 68 -29 -6 7 11 62 -48 61 -70
67 33 43 11 75 68 18 45 25 -4
-28 -32 -74 42 -40 -4 -92 93 -2 -64
-11 -93 -68 35 60 36 -14 1 41 -86
-14 -17 58 9 80 66 -84 67 76 41
-10 -5 47 -98 -81 -80 -48 -50 92 -84
70 36 -48 -83 64 51 -36 -77 88 50
-69 -77 88 30 -13 45 41 -94 -32 0
-97 -44 -86 40 98 -71 44 92 -45 31
-25 -54 -36 22 44 -97 30 -29 91 -81
43 -98 -72 -37 -57 -70 22 66 -91 -35
-92 75 -54 -73 65 -17 86 34 -70 99
37 -99 84 -19 -16 -42 16 26 -57 -50
17 -50 15 34 -8 2 90 72 59 65
87 89 -92 -84 80 49 6 -90 -27 74
-68 45 64 -79 98 -14 64 -15 -3 -70
-82 54 -74 -26 -87 84 86 77 -91 -8
29 -82 -90 58 51 -99 61 -40 -7 -33
32 21 -54 -59 -52 -85 20 57 25 -61
-55 -37 -29 -96 68 1 44 -61 9 48
-42 -98 -50 -29 -74 82 -97 61 -75 -76
37 -56 -81 84 -59 -75 67 99 -16 -17
9 -10 -27 -68 95 11 -37 59 -14 77
-48 -50 59 -3 -57 62 51 70 68 -81
-55 -86 44 85 -26 -54 20 65 84 -13
-39 -70 20 64 -81 89 56 79 83 -60
-67 12 88 -7 -98 -97 21 -8 -44 32
51 -77 74 53 -8 74 11 -46 -50 -58
81 7 -88 -81 5 -63 13 -60 82 38
46 61 -17 -47 -57 -53 20 -76 4 40
97 -74 -85 16 -59 55 -25 -14 -53 33
-95 99 -30 89 -98 59 -37 -84 0 75
-19 88 -95 43 -28 -45 -91 96 22 -23
49 -59 33 -26 48 -4 24 52 79 -10
-23 -23 -91 -46 -31 5 78 53 -51 -15
-41 96 73 96 26 -29 -72 17 -12 32
61 65 67 -96 -63 64 34 51 -10 -12
15 46 -12 4 -30 20 0 -53 -57 -52
64 -88 -6 84 -21 67 -15 89 39 99
9 -99 -54 46 36 -26 87 57 -96 94
36 0 -7 67 -5 0 76 -26 77 43
-29 28 -6 -70 31 -98 86 38 71 -90
68 -24 73 74 -87 23 -59 0 -64 9
56 70 49 -53 -56 85 46 -79 -79 51
-60 42 -20 -42 64 17 -53 3 16 52
86 -57 38 82 -27 -18 -26 92 -52 58
-3 8 28 -23 41 -93 26 -61 74 82
-65 -84 -68 -55 0 -46 -4 68 -75 -92
-43 69 -12 -36 86 -33 74 10 -26 -8
-29 -37 1 20 69 -40 -68 50 -38 -34
-2 77 -58 -59 81 98 7 11 -62 -2
-24 -43 -93 -2 -28 -48 88 8 27 63
-92 -86 -18 56 -60 61 -89 43 -78 6
57 89 -3 9 -27 -75 -29 -35 -79 -70
13 17 -76 -82 -99 -15 75 -9 -61 -63
