-38 -65 -12 0 -98 74 -48 -17 48 -32
67 -82 62 61 39 -96 -96 -78 32 -48
93 -59 23 57 81 -10 70 72 93 -21
38 95 72 52 93 94 21 96 -54 33
89 76 -8 90 -80 38 45 68 -34 -89
-3 -28 -91 -75 -9 86 0 36 -64 -58
-65 79 -23 82 82 -37 -91 34 -87 -48
-62 -5 -82 74 -53 81 24 -66 -74 -13
98 -36 97 -17 63 68 47 5 12 17
-82 -82 88 92 0 7 57 -92 12 -85
18 47 97 -12 10 54 -50 -99 88 -41
72 62 72 48 -60 33 80 -80 -58 -7
-5 -41 64 6 15 55 -49 43 10 -69
-95 84 60 -4 -39 37 -69 -72 88 42
74 -34 0 -64 86 -74 -57 6 -70 95
-90 -70 -21 35 -8 96 88 22 -77 75
-68 -5 98 -44 89 -45 -75 -25 -32 -76
42 66 62 71 61 17 -42 42 0 -49
-7 14 5 -4 -35 -12 35 -25 -35 -13
-82 23 90 93 33 -74 -27 -51 6 13
-66 0 88 47 70 -91 -51 -91 24 20
57 -4 -85 -55 -21 57 63 -80 -97 -84
8 -45 -9 -16 19 -3 69 85 -14 -96
66 -40 -49 86 -95 -18 73 -30 -14 -6
-99 84 -24 10 22 61 41 44 -40 -13
-37 -44 50 -64 -88 31 1 -23 -96 73
16 94 -89 63 32 61 72 6 -18 40
80 -15 26 51 53 91 45 22 -2 -2
24 62 91 -13 -97 -42 50 -58 95 78
-34 73 -73 -29 18 94 -77 84 66 -71
40 95 -60 -51 -82 38 98 82 -17 -79
38 -45 57 3 -38 -77 24 3 44 40
-10 -95 -28 -11 90 -60 -39 -9 10 65
60 0 27 69 99 -44 -87 -48 -99 -47
-8 -77 67 -50 34 29 -73 -79 -93 79
-45 -64 -1 -51 67 13 34 96 -89 88
-55 -29 -24 -59 -38 -52 99 -3 -71 0
54 50 -35 -30 83 84 -90 -8 -74 43
-78 -46 -5 -14 96 -79 -18 11 -70 70
-87 -8 9 65 71 -19 13 41 -36 32
-74 69 2 -67 90 -14 -77 19 -50 35
91 -22 -48 95 -7 -80 -20 -95 26 68
0 -14 -54 12 86 -44 80 39 60 48
84 84 89 -20 -44 -23 86 55 16 6
64 0 86 -26 -69 -31 -82 1 -46 -10
-56 91 75 -99 86 12 1 -95 -18 -70
40 33 -9 -12 92 -15 -19 3 -50 -11
73 33 -67 79 69 95 28 75 13 95
4 54 -50 -37 -42 -78 -32 49 -50 55
-32 52 -85 1 36 27 -46 -62 42 1
93 -30 44 38 0 -50 38 79 93 3
96 61 -80 25 65 93 3 -49 -25 56
-66 -64 80 27 -91 -25 -30 15 -86 2
-91 83 54 -40 56 54 -44 -49 55 81
59 91 70 -73 4 -96 28 41 -61 77
98 -58 15 31 -71 -90 -25 -96 0 -32
62 0 26 -98 51 -71 -30 50 40 -55
69 -86 9 18 4 33 -54 -16 -29 -36
-69 98 38 -62 26 30 9 52 70 6
59 88 59 61 -67 57 67 -94 -65 10
-6 47 92 50 -85 -45 27 11 16 -57
43 46 39 52 -56 2 84 48 85 -82
64 43 67 73 -20 3 -45 -27 -33 -3
-25 -7 -17 -66 88 -14 60 68 -53 49
80 -34 73 98 -98 -91 -41 -38 -23 47
-28 -26 -42 32 53 -45 -98 25 57 -1
64 -84 44 -74 45 9 -34 5 -4 -18
-25 95 -8 -44 -5 41 23 -87 -81 39
-32 -73 4 69 -26 56 -19 -45 36 13
-39 -78 -20 -60 57 28 44 87 -91 -71
87 20 -2 79 -24 81 -33 -12 52 -37
-86 93 0 66 89 -55 -91 -86 -10 -4
-73 11 51 -62 -67 -71 -16 -56 28 25
-41 59 -52 0 64 -29 27 81 -88 20
-84 32 -79 -39 -77 -98 55 65 21 43
-24 64 -12 -64 5 -34 0 -67 -74 2
99 -78 -87 7 72 -17 -77 56 80 -63
-10 73 37 -44 -56 -8 62 -20 90 68
5 55 -94 83 -68 -18 76 -83 -80 65
35 -95 28 81 -80 -96 47 49 -62 28
69 -53 70 -5 65 -83 -77 -81 33 -14
76 -29 -12 -65 66 -97 84 -15 -30 67
54 -56 90 -73 4 79 8 -16 65 47
58 -33 94 16 2 1 60 -20 -93 30
42 73 78 11 0 65 99 -32 34 -64
-66 -46 46 47 -40 95 88 46 -70 -19
80 -45 75 22 -32 87 16 45 0 -83
16 -22 8 -14 -15 77 1 -25 -7 43
73 91 38 -42 62 -68 28 -82 36 3
-47 -99 -29 88 86 -60 -63 59 -8 -94
27 -69 -50 -77 38 -9 8 -10 58 -31
58 -5 -41 65 -64 8 1 26 30 -63
11 -27 12 78 -53 86 -42 -88 -63 21
38 83 -94 75 -66 -41 9 31 -90 -75
-79 -70 -95 28 65 -11 4 30 -13 24
-66 30 84 2 -40 -87 -80 55 61 15
-61 35 58 -25 12 2 -35 -28 -83 72
89 -78 59 81 -48 86 -99 22 -3 -15
-7 31 -39 -74 -71 40 77 -57 68 -56
52 -95 -52 -47 -48 -44 5 26 15 18
