-8 -23 61 15 -11 68 46 -41 -64 -31
-47 -79 58 -84 -62 -89 38 -20 -44 -87
64 -14 -93 52 39 -3 -42 -86 -44 37
-45 99 58 -5 -13 -78 -36 -99 -87 -27
-64 59 -79 -9 64 -91 89 45 0 -46
92 41 81 37 -63 70 -1 -97 -12 35
20 25 -63 94 45 -81 -18 -22 29 13
-18 -47 -19 -37 -3 7 71 38 -42 49
56 70 -50 -78 -52 85 -98 44 7 39
0 -87 26 17 -54 93 -24 69 -73 43
38 -58 7 0 -34 -27 96 -85 47 74
91 -15 27 25 -21 27 26 56 89 1
-70 86 56 -22 0 8 -25 -19 -90 -28
-63 31 31 -35 93 -44 -34 22 -93 -72
-33 -17 -34 -44 -79 78 78 67 48 -34
-15 -88 88 -81 -1 92 -98 73 71 60
73 -14 -47 -90 2 51 -23 -66 -54 90
-93 -13 -3 4 37 82 0 -64 -90 -19
-4 36 5 22 38 -6 90 -13 -10 -58
30 58 15 99 -18 -71 -26 -51 25 -91
66 -20 -47 -27 48 -35 38 4 55 47
27 -35 22 18 -36 67 81 -1 -11 87
5 55 38 94 -28 65 1 38 -93 0
-97 -19 -2 41 -50 -95 -41 37 -81 -3
-5 91 -71 -14 55 -84 -82 -66 79 28
18 27 93 15 4 39 -9 17 -63 79
3 16 -14 -80 33 -59 92 73 -36 45
-28 -90 -73 -59 -76 -56 -82 77 79 85
-92 41 26 -3 86 0 81 -43 92 -64
23 50 54 3 96 11 77 43 43 -45
-79 81 92 77 40 -62 -62 -27 64 49
90 10 -10 26 21 32 12 -63 8 -46
-73 -12 -86 23 -1 -52 -33 -41 68 -62
18 44 -43 -29 79 38 46 -50 -8 59
81 16 74 7 -35 -83 -23 83 1 -76
-52 -72 -14 -87 1 10 36 -89 -25 34
52 41 46 -72 -47 61 -49 33 83 -23
-31 28 14 -44 -58 -69 37 49 -26 2
-62 -19 -34 -82 42 44 -40 -90 -95 15
-35 -63 -66 -83 89 74 -52 -71 -2 -30
-92 -56 94 -35 26 83 19 24 -22 49
-93 35 48 -63 68 -32 -9 -93 -20 -76
-92 39 74 70 -82 20 -93 -29 91 -48
-30 78 -12 -30 -71 -47 48 -13 61 94
-31 33 -3 -54 25 91 91 93 44 43
-20 -52 -40 -44 -98 -73 -89 -95 49 45
-24 33 8 85 74 -33 -90 54 -49 -51
-70 94 -44 60 -83 59 -48 45 24 0
77 -71 12 37 -44 1 -51 0 -82 -23
-33 -63 79 22 -70 -64 -93 76 -20 -15
63 64 -66 67 43 -67 -49 14 16 -18
-77 -55 -30 40 -65 0 -39 87 41 -92
-10 -40 78 71 8 -88 -15 92 96 52
74 84 -7 -95 -83 -40 8 56 -32 -75
38 -41 -63 56 22 53 -87 14 35 -21
53 50 55 -75 76 94 65 95 28 -75
-13 29 91 -81 -53 -44 -89 55 -99 -8
-60 -96 -88 87 54 81 -39 97 65 -30
98 27 51 34 -74 14 42 -98 -41 81
-81 83 24 -87 -66 75 -82 50 -58 -82
-84 -73 -2 -59 29 22 -65 21 -61 51
74 -83 50 -96 -10 -20 -31 -16 97 -88
14 0 -35 38 31 25 18 -1 -39 -52
38 9 -32 -95 53 -78 -67 -4 -38 -18
20 -7 1 71 -82 76 60 -15 -91 71
-89 -53 49 -20 -7 58 84 25 43 86
-72 -28 -69 -18 88 30 6 -18 12 -88
-18 -2 0 -78 -64 24 94 -44 74 47
-12 11 21 61 19 -25 55 66 -27 -39
34 -97 -5 92 -15 -65 79 -36 63 26
-39 -68 -31 27 3 42 92 0 -3 -61
20 50 74 -57 -46 -67 42 -1 38 -60
-5 -46 28 -10 7 -5 -34 58 -27 -50
-97 -15 -68 12 47 -57 -81 96 10 -14
4 -10 88 46 -15 -21 24 -2 -59 -77
42 87 65 8 37 -64 -87 -87 92 -36
26 -64 -36 -3 -5 50 72 92 11 26
63 -55 -37 97 22 76 67 -84 -7 18
-54 94 39 -70 -38 -44 62 -81 -90 -63
-17 -53 -75 -26 -92 -94 73 -23 33 79
48 99 -72 0 7 -69 83 -53 72 65
-58 -47 94 -9 -96 -95 70 69 -97 -12
93 -50 34 87 -31 -43 -60 35 75 17
-8 77 -60 -93 3 -29 -56 -21 8 84
-89 47 13 -55 57 10 51 -40 92 -27
-25 -35 35 -6 59 84 38 50 99 64
-73 -55 88 -7 50 -31 1 -53 74 75
-37 -39 -4 58 88 10 -12 -62 31 60
-14 -57 1 11 -43 64 80 -28 81 -42
-96 -10 4 75 36 79 8 46 48 34
-62 -67 75 30 52 -19 -71 95 88 -34
98 97 79 2 -38 73 43 84 65 2
86 -21 25 -57 -74 -42 -64 76 23 35
-67 6 91 -37 50 22 84 -95 -53 10
-50 -66 -43 32 -15 59 0 -73 -29 19
-23 -8 -75 -75 77 38 94 -66 -14 41
-17 75 1 -30 30 -88 18 38 -48 -95
-51 3 76 87 -75 -41 52 94 -42 15
-35 87 45 98 -12 -51 -24 -99 96 -97
-18 -96 -17 24 -96 84 85 -41 22 78
