-62 45 -47 94 -14 -24 9 9 -8 -98
-41 77 -22 -80 36 -80 -88 -52 93 -88
73 26 -41 26 -40 -52 85 -6 -66 -47
-3 8 68 -45 27 17 -88 45 82 18
44 -54 41 -77 82 -8 -44 25 -9 -94
74 -69 -1 29 -44 42 -81 -82 8 -48
46 82 -99 -65 -39 43 10 -81 -5 81
99 23 -7 -79 17 54 -13 -30 99 30
-93 66 12 -98 98 48 -63 -14 97 -39
-58 0 -97 -53 52 -67 -2 -68 92 73
95 13 19 -70 -7 -99 52 -71 -64 -7
-22 -52 -20 -75 19 82 96 4 39 -21
38 -98 81 48 24 -93 40 7 -41 -67
-81 -49 -6 -39 31 28 76 59 47 31
23 -70 98 17 41 20 39 79 98 -20
-99 -68 -85 76 -75 83 -87 62 65 -11
-10 -42 90 -59 16 -97 -2 83 -75 -77
61 33 -2 10 -47 -4 -58 -91 21 -29
-52 83 0 94 41 23 29 -90 78 -1
59 43 -27 -24 -15 -37 -44 25 62 -54
-77 34 71 -23 -64 53 -8 27 36 -81
-5 -20 56 14 98 -6 -60 51 59 -27
-70 -80 24 -82 -94 -9 -50 -81 -68 24
53 -49 39 59 -81 -20 48 73 51 53
11 -98 85 -45 -92 -4 -77 -6 -5 -60
86 31 -83 96 35 74 46 -99 -13 64
-90 -38 -69 33 95 22 43 75 31 -29
35 -31 34 -36 64 37 -29 -42 80 -9
50 36 -43 26 -75 88 28 3 -31 82
81 13 66 98 28 -22 47 31 94 2
-41 -4 -19 -33 -59 -89 48 -30 -24 -23
-84 -9 2 15 37 3 -23 -25 79 83
28 -91 -64 -34 33 -42 34 45 69 4
-23 -35 -6 -13 -1 42 90 40 86 -83
51 -17 48 -17 39 54 35 -18 1 -8
-9 42 -93 -87 -1 62 96 83 9 -63
-26 -34 -67 -43 96 90 -52 -19 -15 80
-1 -78 -82 -97 -58 -26 -43 -93 52 88
95 -18 22 -46 -82 -87 21 76 91 59
96 -52 46 -29 -28 -43 -35 -74 -45 71
0 24 -28 55 3 33 83 92 37 52
-3 76 66 52 -13 53 60 14 53 -6
-37 49 34 -85 -49 -66 -60 -42 15 78
83 -48 56 38 94 20 61 -29 -5 36
-1 18 14 -26 -7 -97 24 -81 -17 17
49 -44 34 -8 -86 84 -89 -70 -88 -41
8 54 37 13 76 94 28 16 26 -33
-67 -73 -50 -59 -63 -45 -83 72 -81 -75
-82 -61 -42 3 -98 71 39 88 -96 96
-22 40 65 -64 78 -83 54 83 55 51
-62 -49 44 91 32 46 34 41 -43 71
60 -51 -25 -93 13 -85 56 -55 -10 77
73 83 -66 99 -86 -79 -46 81 -91 1
94 -30 74 58 -35 -46 -26 -23 -28 -81
-20 -48 -94 -55 12 -60 -35 58 45 -91
18 38 11 -22 73 -18 85 -75 1 88
-71 -5 -53 -82 -24 84 -30 -45 -5 52
-66 71 22 43 24 -75 -32 -36 49 32
-21 61 87 -12 17 58 61 -87 -3 7
13 43 -77 89 -88 -41 -33 -95 85 -85
-2 94 45 -32 -50 -16 -12 -91 13 -64
-96 -85 51 14 57 95 45 43 -28 -85
63 75 -72 -73 2 -5 95 -6 -67 -89
50 -73 77 1 53 91 98 40 -78 -5
-83 70 -21 -49 -92 26 63 -31 -41 34
-32 -59 69 -84 -7 27 -83 -38 81 -34
-36 -65 -12 24 17 17 90 -81 -29 27
36 -7 -80 99 93 -35 85 -33 -46 -14
-2 -7 0 30 36 -33 -94 -8 7 75
-71 -24 74 -15 -97 -63 26 -56 -24 77
-57 -76 -79 39 39 -87 -34 75 -79 -78
56 -44 -63 20 -33 -35 11 -69 -97 -18
-24 23 -85 0 13 72 46 -18 59 -60
0 78 -42 -19 11 -41 -62 15 -9 -78
-3 5 63 92 65 54 54 49 75 21
48 -80 6 10 -28 79 66 9 -43 -58
-37 30 13 -72 84 83 -11 32 39 -74
29 68 -64 7 6 75 0 70 -40 70
-67 -6 -70 -38 58 -48 94 2 0 -11
-9 49 52 -89 67 57 -7 -58 31 24
-99 -72 16 63 -70 -93 -2 80 -91 -71
17 43 -72 29 2 90 -7 92 -57 68
28 3 94 61 -12 -27 98 69 33 -79
70 -71 48 -49 -12 3 -21 18 10 38
47 -63 -67 -68 48 -39 2 -33 -82 -24
-8 43 90 -90 25 17 -75 -35 24 -61
48 -74 -25 -52 -15 53 69 11 -95 91
-22 -21 -18 -65 -91 -89 80 64 -2 -89
65 -31 77 8 80 9 -14 -66 -60 78
5 39 2 -12 -98 49 -42 -69 72 53
9 -41 -16 93 69 84 49 0 39 38
-76 57 -37 -7 -46 15 -56 -54 56 -34
33 -19 81 -16 -22 -81 -16 28 5 17
-93 -59 38 -51 77 52 60 44 16 39
43 13 -15 61 -63 -73 -77 -54 0 -7
67 -21 -78 -60 -79 73 -23 -30 6 24
97 37 -56 -26 -36 26 -48 -19 38 -14
-42 -26 87 -57 -12 15 -2 -11 7 42
63 -50 -48 -30 -12 0 21 -32 -38 -78
-33 55 -29 69 87 15 -24 -46 91 -50
