-35 -2 95 -14 55 95 -58 -99 -24 13
20 59 37 44 -98 28 97 -55 42 -56
-48 41 -38 64 -32 -22 54 52 36 -69
-64 52 26 -87 97 -42 86 -32 47 94
35 -65 22 55 94 -58 21 26 -3 92
80 -80 58 97 77 -85 88 77 -99 92
3 -25 69 -98 69 -24 -91 44 52 69
-66 47 -7 -81 -79 36 -73 -24 -73 -99
3 22 -53 33 73 65 -70 47 39 79
57 -28 39 83 -34 -98 89 51 -88 -24
88 -83 83 -15 32 -7 77 -9 -85 -74
18 92 -30 -87 85 -25 4 -66 -87 2
79 -30 -5 11 8 -99 59 91 -32 -64
47 -38 25 49 81 28 -28 -5 -96 -63
-85 64 -87 -25 30 -54 -26 81 -2 -89
-19 -3 54 1 42 45 -92 -35 20 64
3 55 -86 -44 12 -16 -51 10 -59 -62
-6 32 63 83 4 83 -29 83 62 11
-43 49 98 -57 -89 64 59 -52 24 7
-32 -94 37 66 -73 -58 -76 -53 35 94
72 -3 -54 36 53 -1 -21 61 75 -53
-86 75 16 12 -55 92 77 52 13 -13
-46 -36 -15 46 -12 6 -2 -9 32 65
-43 -10 -24 -72 94 44 7 70 -72 47
-31 -87 86 94 -59 -69 -34 99 -1 48
82 82 72 45 -12 -90 -84 23 7 86
-51 -52 -95 -96 -70 -41 52 91 -73 89
-57 -74 -65 78 36 85 16 -99 26 96
-75 -93 34 40 46 -51 -77 -31 -81 -62
-2 70 -45 -88 28 -12 50 64 -58 -56
-43 -56 63 27 -78 89 32 88 75 64
-56 3 -45 -21 92 14 -28 70 -16 -88
-16 19 -98 -3 45 -27 97 29 -56 71
-94 6 -24 -5 -39 52 -79 -62 35 91
-67 27 64 -66 -16 88 8 40 -6 29
58 1 -80 27 98 23 58 44 20 -9
-84 -16 25 -61 81 47 -58 -45 0 -74
-91 60 -8 14 -64 2 -75 -60 55 52
46 0 43 -45 -34 1 -78 -74 -8 4
6 80 -10 13 -48 62 89 -11 71 15
-65 -73 8 -66 -86 -37 -62 -63 6 -21
-62 48 21 -4 88 1 38 17 44 -30
8 -24 -96 79 -43 0 87 79 -3 -17
31 -64 -81 24 96 56 -84 -58 63 25
-13 -77 3 96 95 -92 73 -65 -8 -25
-91 97 -49 -7 47 66 -61 23 -19 -33
-81 90 47 -56 53 13 27 31 34 9
98 -55 -27 5 62 -30 -1 86 -61 -63
58 86 75 34 47 87 -62 -16 12 2
36 22 -83 -83 62 -11 -52 55 -74 31
3 -61 -64 -77 99 22 93 -65 33 -93
-86 -56 28 6 -4 92 -33 28 -40 -90
-68 86 77 55 99 69 -60 65 2 -36
54 -93 10 -21 35 -72 -56 29 -39 80
-95 -1 22 -25 12 -33 -29 53 0 40
-2 -10 48 91 -46 -16 53 -51 22 22
48 44 80 84 27 55 0 74 -99 -42
-73 -20 13 86 -64 85 42 -7 63 35
-18 -31 61 22 85 -71 -98 -20 61 -90
53 60 -48 -90 -28 -9 -1 -55 35 40
22 66 2 4 -91 -98 92 96 15 -66
-27 -18 -81 27 65 91 -50 -38 56 21
-91 43 38 -47 97 57 37 -43 -32 65
21 64 50 15 -11 72 -55 -8 -63 67
73 82 -6 -96 -22 -77 97 -77 9 77
73 -12 52 -54 16 97 83 -40 -5 81
-47 -99 -97 48 2 27 7 -47 -70 50
-12 -64 -80 45 -27 -23 96 -90 -25 61
-85 -77 51 -17 -21 -70 -5 -82 -10 61
96 -52 54 16 3 37 -51 0 93 -21
3 -46 85 79 -91 -27 97 -20 59 98
-79 16 -58 59 -97 31 50 -22 -82 -67
-70 28 24 -65 90 -92 0 36 55 59
15 -71 -34 -6 -27 0 -88 -34 18 -74
76 -92 -86 66 -14 50 97 75 58 -90
-67 20 35 -31 45 -37 11 -81 89 -39
64 7 -1 92 81 -10 44 33 11 -27
-16 -9 46 -48 66 25 62 -80 -47 -15
87 21 39 47 96 -8 95 99 -55 -7
45 13 21 -96 53 -85 -26 37 50 62
-77 61 -8 48 60 -68 88 -10 -22 -93
-46 21 -56 -1 66 -2 89 -34 9 7
90 19 -3 -75 0 15 -22 -62 33 23
22 99 12 90 11 39 50 88 80 28
11 71 -23 -20 92 35 -26 -2 16 71
50 -39 25 9 -58 46 -70 -35 38 -40
-51 -93 -28 -17 99 51 -14 -67 -59 -21
92 14 97 -34 -82 -59 -82 22 21 -1
-37 -15 -83 -13 -76 -81 -49 -65 62 -10
71 20 65 -42 59 98 21 -91 -99 59
-98 24 -72 -61 -92 -38 -2 -46 75 -78
-89 -93 -75 -94 -86 15 89 35 -27 73
71 2 -33 -17 53 3 -91 94 62 -82
-78 -95 23 -79 -55 54 65 -98 86 46
23 -98 17 73 38 50 43 -28 95 -94
-71 26 22 -44 -34 -7 9 0 -90 -62
9 -39 -21 -58 53 -37 -14 -14 27 90
31 21 -26 -98 -69 26 -70 39 -86 -16
29 5 -89 83 95 -73 41 89 -18 -58
52 -30 -86 92 62 21 -3 -37 -47 -93
