-60 18 71 -41 39 -21 -83 -52 -21 -72
-92 69 -77 10 93 89 -38 57 -9 -42
48 -68 48 -62 -81 -23 73 29 47 -13
55 -53 69 -35 -60 -12 -8 50 36 48
-85 13 -64 93 -9 -95 62 43 -17 -66
36 50 55 25 -6 -89 -12 64 23 -24
-95 94 -8 -36 -22 97 -30 -80 1 -71
30 -83 -52 15 48 73 38 46 -92 60
26 -42 49 32 30 -87 78 -18 58 -65
-41 -47 30 71 6 55 -78 60 -64 82
-57 76 59 21 30 -55 -90 -4 61 -67
-24 -43 -77 75 75 10 43 29 -38 4
8 25 -46 -54 0 0 -96 -53 -71 40
36 -77 -65 -3 -96 -84 30 -12 91 98
34 79 95 51 57 20 35 60 16 18
-44 -89 -80 92 -24 99 26 -39 -59 44
7 19 -5 -1 -70 -34 -42 54 79 -81
97 61 -97 -20 67 76 48 -14 -76 -83
-83 25 97 -87 -75 -85 -89 -19 -83 19
-29 -56 -92 61 -98 -70 55 -46 8 -75
61 -52 -16 -72 66 -88 42 7 -83 75
45 -96 85 -55 -82 -24 -77 -62 57 -90
48 40 -81 -57 95 1 -64 -30 -39 -79
40 55 -49 -36 -48 -93 86 -40 -55 11
13 -48 21 2 -35 -78 34 -77 -98 -77
95 -49 -77 11 65 52 75 -97 -52 -67
55 -87 5 16 -8 0 -80 -69 -19 4
-14 22 -77 89 -8 21 -65 11 -55 96
20 -33 -18 -91 79 -26 25 -85 33 24
-96 28 -41 -25 -56 -96 -44 -18 -94 -15
29 78 -45 0 59 70 97 76 -62 -32
93 -3 35 -92 67 95 50 11 80 -40
15 51 42 10 -22 -95 40 42 -73 -19
-58 49 -25 13 32 -51 17 -16 -6 11
57 10 -42 -65 93 43 64 16 -53 -35
-12 4 50 35 -57 -66 20 87 -96 42
22 24 43 22 -64 -46 69 7 90 -9
32 -26 45 -7 81 -95 83 52 62 29
24 -43 -74 -11 55 52 46 18 96 75
34 -37 14 -40 90 -87 6 14 -40 90
-48 62 -14 -16 83 -29 28 89 38 63
-15 76 -2 45 49 31 45 15 -77 -91
71 14 66 26 60 74 -89 -67 -3 2
2 34 -22 -81 53 -79 65 35 -32 -44
8 1 -3 -73 -60 -44 4 74 -69 -11
-97 27 25 14 59 76 -83 52 -86 8
45 -15 94 -58 -50 10 -19 -32 43 31
-11 -95 -30 -19 31 3 49 28 80 34
83 9 -82 47 93 8 -42 37 -19 16
95 -83 -75 42 12 -15 42 -48 3 -93
-18 -19 -81 67 16 69 -79 0 72 71
58 62 59 33 33 85 -39 29 50 26
-29 53 -69 56 -56 -50 33 -30 -85 -96
41 52 -77 85 98 -66 38 9 71 3
95 -10 32 16 -1 90 46 -80 53 -57
73 -13 -25 -45 23 -83 24 -80 -63 41
-34 50 -62 -38 36 35 -31 63 -67 -19
-43 -1 96 -25 61 37 70 -80 -72 82
34 94 -65 -11 -37 52 51 -87 -9 45
-19 23 -3 -57 -24 7 80 -46 81 -32
-97 -41 -78 -64 15 -21 20 -81 -14 37
-5 6 -89 -7 98 -91 -87 -83 0 -75
11 21 -1 -77 -28 91 57 66 45 -4
1 8 -47 -97 67 5 -13 38 -72 -35
-28 99 39 49 76 -57 11 -78 27 8
-42 96 -89 -99 37 51 -28 -47 -65 15
35 44 69 32 -50 -87 -50 8 -90 36
-88 -92 55 -27 21 -52 -83 27 -67 45
-81 26 -93 6 -89 -22 70 -89 -16 -61
25 -50 88 -25 -85 21 99 50 -56 52
-94 39 42 -48 -52 -38 -94 84 -63 92
18 11 -34 21 -97 71 34 97 72 42
-7 -98 63 -80 88 58 -18 -43 3 41
-75 91 97 0 65 -52 -63 -58 66 -18
19 16 -56 -60 50 -12 34 -26 78 -23
-81 89 65 -69 61 -6 1 54 14 10
42 -61 49 -75 -20 -64 -96 56 -11 -2
28 64 -85 58 58 -4 -46 -78 -5 97
-21 -2 -90 88 58 -8 -51 62 55 -68
61 -63 51 -58 21 23 -63 -86 67 71
57 -25 40 -6 59 -64 -77 -76 56 60
80 70 42 -25 -76 -2 19 5 56 -83
-19 3 -53 -71 52 58 -30 -17 27 0
-64 29 -65 -74 -16 -81 -6 82 50 -41
49 -23 8 62 -25 -83 48 -88 35 21
32 90 -38 55 6 63 77 85 -19 -94
71 33 68 -33 59 59 -79 51 -12 28
-84 60 -84 -74 0 70 -66 17 86 45
-3 -59 21 22 -6 16 45 12 22 -17
68 -63 -54 78 51 68 -95 61 -86 28
-47 20 28 21 54 -67 -80 -9 49 70
-97 23 36 -30 -35 93 -49 -31 69 -17
1 57 -48 21 -71 -23 -24 -72 -31 60
50 84 -57 6 76 -15 -52 -96 -10 -52
47 77 -43 72 50 0 69 94 10 55
2 92 -41 -79 -68 -47 62 67 20 42
-8 -98 11 -91 48 -77 -12 9 -53 91
-78 48 61 -48 -35 -75 91 96 73 -44
8 -24 77 -24 33 68 -11 -47 59 -31
0 -72 95 84 -70 45 75 54 -92 23
