-33 74 93 25 39 36 -7 8 93 -8
-98 -86 -82 -95 -23 28 -67 -10 89 70
-13 6 28 -27 60 90 94 -8 40 52
30 -79 -65 13 68 -22 95 -72 -1 -20
-85 79 23 44 81 -16 -83 66 85 61
-14 16 98 -14 -30 15 -19 76 24 95
-26 -36 -38 83 22 -13 -50 77 -31 -2
-35 81 37 17 -11 73 -89 -44 38 -66
-9 90 -86 96 -15 5 -88 -86 75 13
-93 69 76 97 11 0 47 94 25 77
-21 -98 -26 66 -81 -4 -48 -73 -28 -36
49 23 -58 -8 -64 8 -5 -2 -94 71
-61 53 -50 -96 99 -74 -69 -39 78 -40
-54 49 -83 52 59 81 29 -47 61 82
-32 -54 -27 -60 4 32 42 -8 -77 -17
42 -27 -5 33 48 81 -86 -6 71 -55
54 -5 22 41 9 -85 -76 -98 73 -88
71 -98 41 96 89 93 -61 -32 -60 31
34 85 67 86 99 -43 49 -83 11 7
35 -27 9 -53 33 1 -39 -97 25 -29
-13 -53 87 -14 -10 -32 77 96 -55 -85
92 85 84 43 -74 55 56 73 -57 7
8 -77 66 -93 33 3 -57 38 -9 -21
-89 -84 41 -78 50 -87 80 -32 -79 44
-92 36 67 25 69 -34 -20 -37 -78 -61
6 -71 84 -85 -98 -87 -78 1 46 55
89 -81 -7 0 -7 9 79 36 -12 72
59 17 -12 52 17 26 -40 -45 49 -4
-30 48 -81 -63 38 26 -33 -27 -76 75
-7 -60 -20 -70 -87 -43 -17 97 0 -29
-75 -77 31 63 -68 -60 38 30 -87 32
16 -94 -3 62 -43 -34 -31 -34 60 -19
-42 7 31 61 -67 -25 22 -97 -93 12
0 -83 -16 -38 -90 31 67 -43 79 -36
20 49 90 -74 38 -22 -28 -67 62 46
-28 -14 13 -36 -11 -97 -41 -75 22 -78
-6 -82 -57 38 -51 43 94 -80 -41 0
-92 -68 -80 -26 42 -42 99 41 -45 0
53 96 -83 -31 -29 -16 -25 5 -7 -62
-16 73 -92 48 -83 70 -97 -56 19 90
-86 87 -7 -65 -64 -40 70 -8 52 67
12 33 28 -58 28 40 -3 68 -47 -82
67 -40 -30 43 25 -55 -10 26 92 0
81 -43 13 68 99 70 71 75 -51 -22
99 66 39 10 -53 -35 38 -34 47 15
86 77 87 -63 48 6 -76 25 98 0
-13 61 -26 -41 34 -7 8 2 58 48
84 25 87 37 0 -6 -25 -97 61 84
-63 -39 -31 64 -91 1 5 -30 -3 -5
-51 -45 -47 -47 22 -67 -65 46 30 -59
96 -14 -66 -89 39 -19 45 -57 -47 4
74 -97 54 48 46 88 10 -86 -84 -16
-66 52 -47 70 44 93 -42 -87 6 61
-41 24 53 -80 41 -50 95 9 -57 -72
66 -48 20 80 -83 -6 56 -6 28 64
9 -78 34 -94 66 -58 30 -91 -4 -86
72 -89 40 48 -77 78 29 39 82 0
-40 -16 5 49 79 -42 47 94 -32 -13
13 -45 -54 -48 34 -76 38 -91 -19 -84
65 -12 41 24 -80 -97 13 -49 -50 22
71 8 -26 -57 48 81 -46 25 -13 -81
54 -24 81 -77 48 -74 -70 38 -79 -27
-10 35 49 -84 -7 -24 -76 41 18 -21
16 64 59 89 49 17 -97 72 9 89
5 -57 -42 -82 61 47 2 27 -35 -65
-43 85 -4 81 18 30 23 -60 7 49
60 96 -10 -96 21 -66 73 68 -72 -63
-89 15 -20 -2 63 17 41 -76 70 -53
72 -77 83 59 -81 -58 -11 -87 42 -97
-59 62 -17 -98 59 44 11 -45 28 -18
21 -81 -28 76 73 65 -88 -1 -6 -91
-30 43 24 -83 -19 63 -48 55 93 20
17 -57 -1 -38 -97 -22 -21 -34 -10 0
-3 -52 77 -92 -74 62 -44 -24 48 -18
-40 -20 -25 -44 64 -16 -50 5 -11 -73
-25 -42 -48 26 68 5 65 -14 8 -93
-63 -76 30 -91 90 26 -71 69 -27 90
36 -73 75 77 -16 -36 97 -99 -84 -88
54 8 42 36 94 42 -75 -3 13 -25
20 14 55 75 39 21 -64 -60 -63 -41
49 -49 63 48 62 62 -17 -1 86 37
-48 99 -71 48 -90 8 19 43 56 -93
98 1 -95 46 -61 6 28 -15 78 37
75 -93 -47 -93 -44 56 -82 90 38 9
31 -76 86 -69 -10 49 -92 59 -58 -66
51 -36 -85 48 18 -81 -17 -35 -47 -66
14 47 70 -22 37 59 -47 -81 97 56
16 80 -72 81 9 -64 76 4 -36 1
-10 58 -76 -17 -14 -93 35 41 -6 90
62 25 -18 76 80 97 -52 -18 5 16
-40 90 -20 42 71 66 0 64 21 -5
72 91 -55 -73 31 93 26 -69 -54 4
63 79 -36 -15 -75 61 81 -87 19 -54
-69 62 98 -33 -66 -49 65 -16 2 6
4 -22 50 76 53 -89 71 23 79 60
10 -12 42 64 -41 -79 26 -2 2 42
-41 93 63 -27 -4 79 -33 -88 -81 -79
21 98 -5 -7 93 -78 56 -67 -87 -14
44 58 -1 -86 50 74 70 63 -58 62
84 -69 -8 -27 -40 37 9 -86 -83 -75
