2 48 -67 -6 74 79 31 -58 -87 -59
-44 -11 79 10 39 -40 83 -95 15 76
29 44 49 48 -32 74 -60 53 -34 89
-10 53 90 26 -98 -83 28 -83 14 -8
48 -50 -44 -4 -3 10 39 -77 93 99
-29 10 -86 -63 40 -24 -36 38 -41 36
-73 -1 -35 53 -56 -65 -87 11 52 96
-21 30 -62 -79 -47 -38 -56 -50 -4 -69
-4 8 -49 70 87 0 -69 -78 22 32
-88 38 -50 -62 56 -98 -81 97 -16 25
25 -56 -31 -43 -48 10 -21 -23 62 -25
-60 -3 25 -5 19 -78 90 -23 20 89
-57 -5 -28 -23 -95 -64 17 -84 86 85
85 28 -74 68 3 -7 68 77 -70 -34
-75 -64 61 30 -58 -60 11 -83 -56 90
-65 -23 -81 -19 53 -61 8 -99 -1 34
-98 10 73 -95 45 -10 12 10 95 11
35 12 42 -63 8 46 -46 -52 -58 -44
61 89 57 28 -35 93 -41 -57 -94 88
26 64 -54 97 -82 -95 -50 23 72 41
-81 -76 60 -2 77 -17 74 27 2 -6
-37 -37 -87 91 1 79 26 -62 -79 75
31 -59 29 85 -90 -14 76 -94 -88 97
-75 -31 -79 -58 -24 62 11 -70 -58 24
-35 17 80 -14 -11 -8 -19 55 -33 11
-29 94 -24 -24 -46 73 71 14 77 -13
81 -1 2 -43 11 -55 92 81 79 -4
-86 -80 -86 -37 -54 51 -80 3 -48 53
22 -70 -72 4 -93 71 -14 24 16 -64
74 -32 7 -98 90 41 -35 32 12 -22
-71 -81 53 -81 10 -31 79 -76 -81 8
-37 -68 32 47 89 53 70 47 31 40
-16 2 -68 -93 4 71 -36 66 60 3
40 73 64 -11 20 38 93 6 -78 47
8 46 -40 -68 -34 -13 8 -47 -51 -77
-25 -38 -25 11 64 62 -66 12 -58 -78
30 61 -3 76 -65 59 -28 -44 -61 -73
-73 55 -85 4 -71 -56 79 -7 -94 50
-31 -31 -69 52 -34 27 -19 18 51 24
0 34 -74 -59 -60 33 -33 92 -30 -35
-6 -86 -47 -1 43 -83 0 -33 -80 -94
-77 -28 19 -81 65 -81 -61 62 48 58
0 -66 93 -52 -41 16 42 -4 -60 -78
-57 -39 -71 81 12 -73 11 47 -28 32
98 62 -24 -73 -66 -2 -94 54 23 -23
18 30 -82 -23 75 0 -56 13 7 -31
10 65 66 95 42 84 89 13 -68 74
79 -53 -93 -16 74 -55 -5 -8 -49 9
33 61 -35 -11 20 -71 -62 88 77 -82
29 -40 -45 -85 93 58 -70 -75 -28 -25
43 -28 89 -61 -29 -64 -22 56 33 -32
88 -47 -60 89 45 55 65 30 -47 96
-30 0 36 33 2 -82 14 -82 2 -44
89 58 45 55 32 -62 -51 -57 -96 -78
-40 -33 29 50 71 -28 29 -79 12 -69
31 50 -82 -12 57 -41 -47 86 13 -51
38 -40 -67 99 -50 -39 -96 20 -66 -54
-21 -11 -47 -46 58 -26 9 -30 70 29
-59 -29 15 31 -50 -72 -47 -84 74 3
85 -61 8 20 -9 -53 60 -26 -73 -41
-55 98 -26 36 74 10 -21 -46 -25 12
51 -3 -68 -78 47 -18 12 19 -24 58
91 -39 79 -3 -24 -66 21 55 88 -25
3 57 -17 -27 -25 80 21 73 18 60
-36 -76 -35 -95 89 52 3 -35 68 28
-18 94 30 53 -91 -5 -19 -6 84 41
57 33 -83 -87 -7 73 99 42 -13 -7
-74 -30 -68 -45 -49 61 -27 55 29 8
99 -19 30 61 6 -68 27 -98 45 2
-27 -44 -34 13 -28 -84 -46 12 -19 -93
0 36 -81 -8 7 45 67 69 -23 87
-27 -98 -44 -77 -66 92 -1 24 -84 30
-96 96 -67 -62 37 27 18 59 45 -69
-42 75 -62 -8 -9 -66 -18 75 -90 -16
-18 87 41 69 -24 66 -73 -45 26 53
60 -37 -21 -8 -88 -96 -6 -82 -41 98
-70 52 -99 -83 -52 -34 18 -68 34 84
-25 39 84 61 41 48 5 -92 12 94
73 80 -88 -10 95 44 0 92 23 21
1 21 80 -17 -82 -66 -58 -2 3 18
-47 -72 -58 7 -87 -4 -94 6 95 -80
-53 -68 80 43 66 -29 -64 -9 -2 -79
-86 51 -13 -63 40 -93 23 14 -40 4
33 -36 82 75 -81 -13 -24 39 48 -5
-89 96 -40 33 -61 27 55 33 65 -34
92 100 -76 48 -76 -93 8 83 83 61
-15 -37 -86 10 -45 -55 33 0 96 -71
-75 -28 89 59 -73 31 -41 59 82 -80
54 -13 38 17 25 -86 80 -24 92 58
42 -19 -20 -35 -21 -91 -26 -59 71 30
33 14 -25 56 21 -83 70 -89 33 48
-19 15 -14 -50 17 87 -80 81 -59 50
58 2 45 -61 7 15 63 -58 18 -42
64 -7 25 57 23 -64 43 51 51 72
-39 -54 -31 -63 7 19 -85 -89 71 -71
-21 87 -13 19 63 51 -4 51 -96 -80
-40 -77 9 65 -72 54 -79 34 98 71
-27 -80 -78 67 31 76 -73 45 68 21
7 -81 17 49 -27 28 24 6 -72 55
-17 51 12 36 97 -81 -62 -29 52 -70
