-56 -48 -3 -31 -40 23 -19 13 91 -54
47 -44 -71 23 86 -7 89 19 -99 98
35 -46 11 11 -3 -96 51 73 -48 5
-15 -76 66 -60 -84 -29 84 44 -7 89
4 -32 88 -1 -65 -58 30 -13 -1 -95
60 33 35 31 51 -89 -92 79 -35 -39
43 59 -97 -37 -67 50 -8 -47 -98 55
35 -86 26 36 34 -93 -20 -57 -89 55
13 -56 49 67 -94 -12 -34 -90 -74 5
-19 -12 -48 -39 79 18 98 -90 -84 -43
77 45 46 -98 97 62 73 -56 -2 -52
57 -48 70 -45 -72 -26 44 79 -43 -99
-12 -22 -66 18 -94 92 0 -3 -85 -7
34 -36 7 8 86 -27 -91 3 14 86
97 -58 68 30 55 4 -46 75 -38 -76
66 96 -64 21 -23 -85 96 92 60 -93
-96 -61 -9 89 -24 54 27 51 48 81
5 -49 -58 80 3 95 -57 72 44 -19
59 -89 78 59 -73 -45 53 -52 -85 31
74 30 14 -38 59 -89 27 90 -2 -53
4 89 -31 -64 -77 -65 -38 -84 94 -65
27 -23 57 66 -5 28 51 -78 27 22
-52 -69 -2 -55 -59 -45 -96 42 39 -75
15 7 -59 -81 42 -72 -93 -22 1 -11
94 46 -40 3 44 -44 -86 -23 -86 -2
-82 55 -91 -44 85 -19 19 15 -63 -62
5 -42 -23 -19 -81 -5 45 -77 90 -85
-95 47 -62 52 -87 -27 -43 46 -18 37
-96 -38 53 40 24 -20 -4 -33 31 73
-11 34 -4 20 92 -6 62 -71 -58 -12
54 76 -29 66 -92 -76 -15 -31 -75 99
-58 74 -27 -90 24 88 21 13 41 -77
52 2 -33 29 39 -84 11 -65 9 9
-37 -6 27 10 26 16 24 31 -70 -97
58 -67 81 82 36 89 -9 52 82 -23
-35 -52 -7 86 87 50 -96 -23 -39 -70
-20 -92 -10 53 -92 -62 51 -15 -16 -80
-15 95 5 61 32 31 -63 -85 -54 66
92 -78 -6 -10 -43 19 -79 -30 -46 2
-37 -3 -46 33 82 94 -80 -54 79 66
72 -66 -10 -39 -15 0 92 -28 87 -22
4 -71 9 63 28 36 33 -41 82 38
-6 11 44 48 -88 74 -50 3 -28 -5
-74 29 -26 -12 11 85 90 -88 75 0
25 -91 -20 -76 44 0 -61 -36 85 -85
-63 79 99 -24 -88 97 -19 -3 39 78
49 6 48 99 -26 86 -19 7 0 -64
-71 26 -7 53 39 -15 3 -10 10 30
-47 49 -95 77 -40 -98 11 -31 -79 -86
56 -41 79 51 -53 -5 46 49 29 45
-38 61 -13 -51 40 7 77 -11 -46 7
35 15 -26 65 59 57 -64 -56 -28 65
6 94 39 38 -63 -59 12 -84 95 66
-34 11 -73 62 17 98 46 -20 -14 -1
38 -36 11 -59 29 -81 34 -31 85 -97
99 -62 31 -52 -84 -61 -45 14 15 -95
29 65 86 -33 0 -7 93 -83 0 -44
-67 -73 -93 -13 56 88 -34 -56 97 -90
92 -17 56 -48 40 -64 -76 -43 5 -90
-48 1 34 -49 97 1 -45 12 91 -3
-93 22 45 12 94 60 -68 -90 9 17
-63 80 -7 53 90 31 -29 -54 28 -31
-9 1 -72 53 -23 83 -58 -43 75 86
34 -79 -60 51 0 -97 -82 14 -18 54
-55 -21 34 72 -55 76 -47 -79 77 53
-66 68 -86 -14 -36 32 89 -61 47 -14
-18 93 80 58 -75 -41 -31 -9 19 -44
-56 -61 -3 -37 77 6 47 -37 47 -18
-98 58 -72 49 91 60 94 47 -55 -68
-8 86 0 68 89 98 17 -84 -2 -92
11 11 -94 -54 87 33 1 -22 50 -59
4 59 83 -75 -92 55 -83 15 58 21
67 60 83 -78 0 84 -3 9 -50 75
-12 -8 -14 13 65 -40 -54 -79 47 -94
-43 76 -31 35 9 -57 74 39 29 77
-3 -89 -39 -34 -51 55 42 -31 54 -81
-16 -16 -67 -70 18 -54 -29 -22 21 -7
-63 -57 90 94 98 -56 34 49 -72 -65
-58 -71 66 87 -26 35 -91 -33 38 47
30 63 -39 -26 31 -72 -55 84 36 -52
-46 -25 33 71 -46 63 -46 -51 -44 -65
-33 -78 3 -99 -2 -71 -87 58 -19 -57
-21 -78 51 78 85 -76 5 -53 33 -9
56 -29 -64 73 -9 91 0 -83 62 36
-4 -86 12 -10 -40 83 79 36 -44 -9
45 75 -42 -86 -24 5 94 -16 -18 49
-27 36 77 -45 -51 -36 -47 49 82 -47
21 -1 51 57 -36 48 -77 59 20 -13
-3 70 -80 -61 -72 54 61 -92 -40 -64
7 -12 -17 -32 66 93 -18 50 -56 -11
-59 21 -27 38 57 14 98 30 -20 57
-33 -7 -89 78 66 94 77 45 -26 16
-98 55 -71 -15 53 -2 3 -23 50 -15
-47 -88 -29 35 70 -33 -41 -72 25 22
65 -14 40 51 -41 -23 64 17 -97 58
-9 -6 31 19 -96 -55 -62 -11 -97 0
72 33 -42 9 -19 96 -53 -72 -57 -11
41 -33 88 -44 88 -2 26 36 -3 -63
-22 -29 -8 -74 27 -92 42 -3 -20 -31
-60 91 -9 -53 17 82 56 10 35 11
