-31 -91 70 -9 58 -36 -22 45 23 -75
-22 51 75 -74 -37 -27 -67 -37 67 19
-68 -35 48 13 59 85 -50 9 -57 -39
60 69 2 26 64 -84 42 -86 -99 -15
3 31 -84 78 -47 -18 -72 -96 73 -35
-26 -6 -80 19 59 54 30 -81 74 59
-46 57 -57 63 37 27 -9 74 23 -16
43 51 84 82 85 70 -2 -31 62 41
15 16 -32 -10 -68 26 -54 71 -53 99
-68 61 -57 -96 5 -10 -13 -29 -83 -61
42 86 11 -71 48 49 13 -10 -85 -53
-27 -96 24 -80 -3 -67 32 -60 -96 -59
61 95 57 -2 77 76 86 -94 71 -60
-42 -82 -35 -54 -86 33 93 6 -8 49
-91 -31 -47 81 8 -13 -34 78 -96 -99
-30 -35 96 94 -60 -6 24 52 78 -2
-97 -79 70 -39 -71 50 89 36 11 -63
16 15 82 -23 -99 72 -60 28 -97 -29
51 12 -4 -93 55 5 3 8 45 61
-71 8 76 80 -18 -72 53 47 -68 -85
-84 -47 -40 67 71 32 -85 0 84 -16
-32 -25 79 -28 26 -12 -85 23 -14 -61
51 22 -49 -71 44 53 -25 -63 20 53
-66 -11 41 -34 76 12 -39 -76 -22 35
-45 0 -12 -22 32 97 41 14 72 45
-88 37 50 -74 -81 -95 -80 -25 33 -1
83 30 19 90 35 -42 -63 -58 32 -8
-24 -53 71 0 -65 -92 -23 49 4 -54
-38 45 62 -12 -64 87 33 1 -94 35
-97 -87 -18 -90 86 11 0 73 36 84
18 -30 -42 57 -36 -46 50 74 74 -92
57 -52 -32 27 -18 -52 61 -21 26 73
75 77 -39 -72 -98 38 96 -73 84 -5
97 21 53 -41 -54 -95 92 -73 84 50
20 91 -14 77 75 -28 8 33 61 -90
-54 -62 13 -37 3 63 15 8 11 -65
0 5 96 73 27 -5 -60 7 37 -24
-78 -50 -36 19 -77 -21 62 -91 -82 -32
23 60 0 8 -89 -39 65 78 57 11
-86 -88 37 -87 -25 53 -64 4 2 -73
-3 96 -23 34 21 25 94 -67 80 -59
1 -88 16 95 -19 76 -83 -65 -4 23
7 44 11 -8 92 80 -96 -53 -11 -85
9 -76 39 68 -46 -10 10 2 67 74
-50 79 33 47 89 77 96 -53 15 -10
-70 -72 -23 46 -22 19 81 31 -7 68
-65 28 -38 -29 -1 27 19 -52 -6 -98
8 -5 -63 14 -49 -55 -35 -63 -11 -13
-50 50 15 23 62 38 28 3 48 49
81 -11 -19 -78 -61 94 -47 86 33 -12
86 -67 60 -13 -82 -48 -60 -48 28 -9
-59 16 34 25 0 8 -55 31 50 8
61 -63 75 -35 -16 -30 2 96 18 34
-30 -54 87 -23 -69 -15 -12 -93 -58 15
36 40 -45 60 14 -43 57 -92 91 -18
48 -31 58 51 -49 53 -28 -30 54 27
67 85 -14 -24 22 -52 -32 -11 53 -48
43 -36 -25 82 22 -98 47 9 69 -39
4 73 -74 -75 -72 -40 -19 -83 39 -43
-4 12 -86 -67 18 -50 22 -71 -57 -52
71 -63 18 14 61 52 -31 -65 19 2
-57 -63 94 29 -67 -68 27 -50 -83 -96
-54 0 -60 -6 -43 3 -40 -74 -51 -2
-97 10 13 -45 -36 75 98 -96 -18 73
34 31 -92 -12 -95 56 -99 -72 44 42
19 -64 -89 67 -59 3 -93 70 89 20
-27 97 86 -73 51 -51 -83 -46 -65 15
-11 37 -4 -28 -64 -7 -12 70 -60 -76
-69 -28 94 -54 -42 -64 79 -8 90 22
-13 81 -82 95 -75 -29 14 72 72 -27
-13 31 53 13 -97 -23 -78 73 63 0
35 -71 -17 18 -83 37 -61 -99 -3 26
-42 73 -97 -84 -94 -8 -41 77 67 27
-48 -25 19 7 86 14 78 -22 -10 54
68 -12 69 -42 -37 -41 47 73 -45 -81
-25 32 85 41 -83 44 -19 -89 -85 -69
57 67 -61 -61 54 -40 -96 -59 -49 2
45 -38 -34 17 -94 39 5 17 22 -20
4 14 69 -12 -13 10 55 -28 -58 68
52 41 -44 64 24 25 -28 -32 8 14
-51 -22 -11 -81 23 74 -94 -70 -50 46
-98 -84 77 -89 33 66 -61 -56 -43 -64
-79 -9 -81 -76 -40 -49 -87 54 -26 51
-5 83 -13 -43 50 -28 48 65 41 80
88 -14 52 19 -24 95 66 -44 -87 -78
1 53 88 43 -77 -31 91 -77 88 -62
67 -4 78 47 -37 -77 -2 -42 79 24
26 26 -48 -11 7 89 -71 -90 38 65
20 63 99 45 -74 50 -27 -76 53 -5
-11 -14 92 48 60 1 -23 -83 -8 79
93 16 17 14 65 23 98 85 -36 -61
38 17 38 6 -82 -12 24 79 -90 92
-6 58 -65 83 22 -12 -93 -46 78 86
-88 -64 -30 6 61 -86 90 -26 99 94
51 -18 67 -69 -35 -54 35 7 -27 -14
86 9 0 85 83 -36 -5 -70 31 33
-46 -76 26 -79 -9 -20 -25 23 98 20
-37 91 -79 29 74 12 17 84 32 17
80 -86 70 -3 11 -42 -54 37 -32 -3
-13 -78 2 12 17 60 48 40 -51 -84
