52 80 -3 -43 -93 58 35 26 -65 86
-55 -11 84 -17 -26 76 -79 90 -13 -11
73 -11 -1 -31 83 -42 -54 94 -93 0
48 -50 55 -82 11 -27 67 74 -23 -50
-16 74 75 24 8 15 -98 -63 36 96
-81 -32 -10 -76 -35 59 27 14 -8 16
1 12 38 -84 -91 3 -79 69 90 -74
-8 -26 91 -28 73 54 55 -48 -63 92
81 -33 -21 -13 59 -37 28 62 53 90
18 29 -66 -16 -88 -2 66 88 -5 -66
39 -98 72 -81 40 38 82 -29 17 -39
85 50 50 14 -79 -43 -42 65 -65 73
98 -25 46 85 -62 -65 51 78 65 -55
54 62 24 -22 81 21 0 -26 -82 87
-70 14 -50 -47 -4 -81 17 -30 -45 68
-51 -86 4 82 -39 75 -48 -19 39 38
84 -30 -74 52 66 -56 -2 -86 -95 -70
93 74 -60 9 98 93 -62 56 69 -32
94 19 68 84 -75 3 29 -3 -72 76
49 -29 22 -62 73 -46 -71 54 9 -85
-7 85 -21 -78 -19 58 90 12 -31 -20
43 85 -19 4 7 53 67 35 41 -94
-92 -40 -40 18 -56 54 16 19 -11 34
46 -56 -32 62 91 92 3 48 -27 -7
50 -30 39 -49 20 -12 -96 -43 -69 -21
89 15 11 -31 -40 37 87 -96 -96 26
-82 60 -79 28 90 -5 -49 -90 93 21
-88 -10 -41 75 -46 77 10 -1 34 -23
83 11 57 -19 76 38 -18 45 -44 -37
-31 -95 22 58 -96 -45 -67 -85 -23 -96
-53 -98 -54 36 -84 56 19 25 17 91
-16 11 -22 49 20 92 19 -65 67 -50
-10 67 -34 -63 36 84 5 -1 -6 -39
46 -44 -28 -27 -69 98 -46 73 62 -59
-20 49 96 82 -45 -50 -4 -45 7 -12
-4 -52 -64 52 27 -91 40 -11 78 32
0 -58 1 -47 61 63 -38 44 16 28
-8 86 -55 -32 49 94 29 -75 31 -16
-81 93 -6 -36 55 -63 82 -92 15 -78
75 -54 -35 -23 -9 -94 4 -55 -88 8
53 87 88 -20 -19 -86 -83 22 73 64
-73 62 -79 -75 -72 -33 62 -43 83 -93
-45 -50 21 62 -16 -50 -84 34 30 11
-39 55 8 31 39 -32 -49 91 52 32
-49 6 1 -32 41 16 -48 -57 -27 -23
-22 90 -16 11 -71 86 81 -50 97 45
27 42 38 61 14 -62 -24 -11 -72 59
-98 25 -68 10 76 27 -44 68 -82 -43
90 50 61 24 -2 31 -36 17 -55 -68
20 -53 -99 -49 -57 -59 -84 -18 55 -35
-54 35 -99 9 -59 -4 -99 -24 -8 -26
5 -56 -3 -95 21 -81 68 81 35 -56
0 -56 -33 77 76 -40 52 62 -93 -24
-51 43 39 12 71 -38 35 85 -41 -22
15 -49 59 -43 38 0 17 34 -12 -40
39 -10 -17 68 -29 68 67 -99 -86 66
-59 -4 68 -73 -66 -66 15 -98 -28 36
94 11 82 -32 -30 29 52 -3 -9 -32
71 19 -67 24 -62 -97 -55 10 -71 4
-41 4 -15 32 88 76 -90 82 24 45
-63 44 75 -75 92 -88 38 19 90 17
42 21 -70 -70 9 -53 -20 -55 -75 -78
-18 71 -88 -87 -39 -26 -10 -41 20 10
95 -38 83 -11 65 -50 72 72 -4 0
-10 0 -27 80 -64 14 72 -65 93 87
-91 61 -58 63 21 69 8 41 42 -99
-97 80 -59 91 -59 26 -2 -17 -45 -71
27 -36 -76 33 39 97 64 76 -39 32
-55 18 3 50 -54 8 -20 -64 -19 91
83 -23 61 -98 31 11 20 83 -33 -93
-82 58 58 -49 51 -66 -60 2 -4 74
46 26 31 42 -42 4 -74 93 14 76
-33 -66 -36 68 -77 -61 -23 83 -21 -86
28 -25 2 35 -68 6 -39 -72 57 -69
-72 85 79 -57 95 -97 59 22 81 -30
-55 -3 -61 0 -47 -89 19 -52 -14 84
-93 76 -66 69 66 -35 91 53 -87 -47
93 25 26 25 46 53 -47 -45 19 -66
-53 -66 -77 3 -81 10 -13 -72 27 -56
-6 -81 28 26 -2 46 9 -72 -69 -14
61 -88 68 83 27 -15 -15 40 21 92
75 -7 -96 85 83 -93 36 -96 -18 25
-30 -41 -30 -29 4 1 63 -72 -71 30
72 65 -54 25 -2 -67 -51 -12 99 18
66 43 -28 -13 -48 -39 -93 -93 28 -24
-25 -23 61 43 -75 83 -1 45 22 -28
-57 91 11 -96 -28 -3 -53 38 58 57
-41 9 32 67 -2 -30 -57 59 93 -29
-1 -70 69 78 86 -56 91 -73 2 -3
-50 -9 -33 -60 -28 -18 7 47 -34 93
33 -34 -20 22 -74 22 94 13 -31 -34
-14 36 18 15 -73 42 -25 77 20 -26
-44 -18 -41 -69 0 -17 -51 -42 -57 -18
98 -53 -83 -44 -4 -80 -64 88 -11 -53
99 -18 -64 61 13 14 -61 87 12 59
7 -87 14 88 67 -14 26 -56 -46 -52
30 48 -93 -43 -50 48 -92 -51 64 -29
-3 -82 -84 48 -75 34 12 2 87 46
78 -26 88 -84 45 27 -37 -21 -90 -56
98 -72 -36 2 -22 24 0 -20 69 -80
