-99 -64 -54 53 -1 -98 -80 -90 97 -92
-30 -38 84 -95 -79 83 -7 38 60 -1
-35 58 60 -44 4 62 85 0 44 25
-37 67 -58 97 -22 97 11 77 -62 20
97 44 0 45 -13 -94 -24 18 -85 -99
63 15 -67 -72 53 32 52 -27 -15 -36
-8 -44 89 95 13 -63 -47 76 -28 -33
18 -86 92 -97 -34 26 -8 -24 32 77
-65 -85 12 -65 -36 53 50 45 47 11
-48 26 -59 -27 55 -93 86 -76 -76 3
10 71 31 -52 49 -6 96 18 -68 -61
81 -25 35 95 -26 -93 77 -79 36 -6
-58 -79 -5 22 40 -94 -25 84 20 -29
-12 -15 -4 -31 -12 -31 60 -72 41 40
-52 99 -77 -89 65 -49 20 -41 54 86
-99 -79 -6 -36 55 -4 -91 -82 -62 27
-2 76 68 96 -92 0 -61 8 -6 -86
-59 -21 -77 82 -69 -90 -24 -85 -23 88
48 -27 49 -14 -13 67 -65 2 -64 -58
-37 50 52 -93 84 51 -4 43 75 -10
-15 -81 32 -87 10 -34 70 59 -40 -54
-25 99 -35 -77 66 54 -66 32 25 36
51 47 -57 95 39 74 84 -6 27 81
87 0 59 -59 -68 20 -19 -9 -2 79
98 45 -47 -14 45 84 -15 -71 29 51
-63 70 -33 36 -15 71 62 79 42 -49
15 -37 -44 -76 -64 -12 77 -69 -17 99
11 94 -63 -99 -96 2 86 10 -5 -10
-84 69 -54 18 62 19 -92 39 -21 2
78 -89 -54 -62 88 0 -70 47 -3 2
-97 49 69 -71 98 -70 -14 -65 -34 -87
71 -52 -81 -40 -11 -58 -46 47 -28 -75
-93 19 -23 16 23 -7 60 45 -50 -28
1 10 -17 73 36 -5 -59 -58 -78 54
4 -46 54 -61 79 29 -18 -68 93 22
-23 -26 -82 -98 5 4 33 34 75 -36
-57 47 -11 -92 75 -57 -51 -4 5 -91
7 92 -68 6 -71 81 -47 -68 -71 -85
-83 58 14 -68 71 -3 -28 28 69 78
-30 18 -4 -30 77 86 -76 8 -70 44
95 93 44 82 -66 -40 70 -13 43 21
26 55 76 61 -69 -56 -13 -35 -3 63
-19 66 77 32 97 -9 -58 77 -32 80
93 -33 -66 -33 65 -25 89 -36 89 28
-38 45 -23 -44 77 -80 -93 26 55 29
-50 -12 56 -30 -32 -31 35 11 29 -14
-27 61 -61 -79 24 -8 -77 -73 -9 5
-35 58 -40 -89 -32 16 9 -81 -20 -15
-49 25 86 22 -84 -21 -78 57 83 34
-29 -63 79 -59 -29 -25 -25 72 66 -88
4 -16 31 -21 96 -38 -67 78 -93 -16
63 95 92 85 39 59 30 -24 -37 -89
46 91 1 17 82 -37 -4 13 -88 -52
-23 94 -17 -76 -49 -14 -91 23 -11 17
74 91 -47 -59 -28 86 -21 60 53 93
25 70 50 91 88 -60 39 41 -89 67
-64 38 -75 53 -85 7 75 -71 -8 -72
30 -49 -52 -73 -70 -9 -35 27 -57 -76
11 -79 57 74 3 13 -43 10 0 20
61 -51 85 -36 -69 -63 8 72 -53 -58
-54 -26 -41 16 -94 72 -47 -92 8 -55
68 91 -22 -64 44 72 69 43 -94 91
-7 40 51 -53 96 -19 -4 75 -71 -41
-83 -51 66 -39 90 -53 91 -52 -38 19
-25 90 -86 86 31 0 11 -81 -6 42
22 54 -8 -80 -62 44 -7 -74 -62 63
23 -1 57 -89 -49 -76 -17 -52 -82 7
-2 77 97 91 -13 10 39 -80 36 12
36 -15 20 -8 -13 48 -92 22 -3 -12
30 -92 -48 75 3 69 82 45 -2 -26
0 -30 69 77 -55 47 72 -65 11 9
-5 -77 -20 94 69 9 -2 78 -84 56
1 -41 -87 -41 -7 33 -61 -80 95 5
-58 32 -70 21 -69 14 99 -72 51 -32
14 20 32 -72 41 94 54 95 99 -28
-44 16 4 -60 -14 99 7 21 -89 32
61 -89 -48 -99 -51 4 8 76 66 30
-38 -66 23 17 83 -75 -87 -90 -55 89
6 10 48 55 62 57 94 97 -42 -51
30 69 -33 71 -58 20 -36 23 21 -83
-33 -2 -76 -47 -74 99 6 31 -63 -49
-37 -47 -54 -67 -41 78 60 0 -28 81
90 -80 -66 71 -79 -8 35 -47 54 32
-16 -22 5 72 83 77 -18 -62 33 49
1 -66 -78 43 -96 -5 -72 39 -66 -34
86 -72 1 11 33 67 -87 0 -89 56
-14 51 -56 22 10 48 88 65 17 74
38 43 68 -65 -26 -93 -98 -1 -92 82
49 -14 72 15 75 91 -57 -70 23 79
65 -44 48 44 -18 46 -4 -60 13 -87
3 -80 -83 17 -26 -41 12 84 -97 31
67 -62 39 46 -17 -91 3 -89 98 9
19 -72 68 -19 -29 54 -2 -43 2 9
85 97 -77 21 16 -18 91 -16 19 68
-31 74 -19 4 88 34 -90 71 86 -95
39 -95 -69 6 49 47 -80 -13 84 39
-50 92 -67 -53 38 28 54 -52 63 1
-78 -28 80 -77 -25 18 2 54 28 -55
20 37 -51 -67 5 0 50 18 -12 -59
28 -95 23 -87 -16 -66 -26 8 97 -38
