0 -80 -88 -16 4 91 -73 -24 -70 86
-94 12 -99 -1 26 -58 -70 -33 -75 -70
53 -18 67 -19 56 41 -72 98 -26 35
-55 2 -92 33 -66 56 -8 72 12 -79
-21 -18 55 59 72 -30 21 9 -9 -53
44 67 56 -53 -67 56 -7 31 68 -15
74 27 -5 56 -81 -14 22 -2 -82 -40
-75 76 17 -80 -1 27 -97 97 23 -82
96 29 79 -72 67 -98 29 -65 91 -35
-51 94 18 -73 37 9 -28 -48 -32 39
47 37 -47 -40 1 80 55 5 -36 26
-82 54 -41 -71 -62 -14 67 45 -93 34
-66 -19 64 9 -98 -28 -84 94 -94 -65
22 -69 98 -91 -63 -24 -8 -72 -42 53
44 -13 69 -77 -83 -12 -50 21 -97 11
-10 50 -78 56 -75 -94 -69 36 94 89
7 49 -68 -18 -95 -89 -68 -72 80 87
31 81 -76 12 47 78 42 30 -53 -15
-63 14 49 80 97 5 89 13 17 30
57 -11 -49 -53 58 -72 -17 -2 81 -71
-96 47 -28 -65 -68 -40 -77 -58 -15 -38
34 -3 -87 -47 94 41 -36 60 -49 47
-13 -73 17 36 -80 37 -35 55 0 35
81 -35 94 8 24 -3 78 -83 33 18
62 46 34 15 -23 49 33 0 68 -96
0 99 -10 -91 -37 55 67 -86 69 51
79 -20 42 -44 41 77 51 -27 68 -64
54 3 -42 38 -38 99 72 15 42 -65
-65 7 23 -19 -35 34 14 74 34 6
-72 80 29 56 -23 55 -48 -95 31 67
-30 -43 13 -73 -14 33 -81 -48 -57 12
-93 61 3 -61 -92 50 97 43 69 -35
-22 3 76 42 82 -48 50 21 72 -30
88 -16 12 -17 -65 -49 -67 41 22 34
58 -77 -43 65 88 -57 79 59 69 33
-83 -47 -31 88 79 -56 15 -84 -70 81
56 55 74 -70 -20 -54 2 31 74 70
-62 33 55 42 23 62 1 -38 56 -10
6 79 -5 25 -68 67 -87 16 43 -62
-9 10 -43 30 -14 -68 -62 -68 -42 88
25 -49 -95 -54 6 -4 -16 89 11 67
-32 -49 48 -22 -56 70 42 55 -57 86
58 -97 41 85 39 -84 -52 38 52 -78
31 67 39 0 31 75 3 -79 -82 15
58 69 -83 27 -41 -46 13 5 33 -4
97 60 31 84 84 -47 87 -39 -2 22
-47 -3 -78 -58 -25 0 73 30 -12 31
-43 67 -54 13 -15 97 0 -38 64 -61
-21 -14 -15 -82 -84 30 -30 -38 75 -73
56 85 -64 -32 -89 -93 2 -97 -71 -72
66 -50 -39 5 65 -97 80 28 78 -74
-81 -35 -79 -56 61 4 -27 -28 74 66
24 -66 -5 13 31 -46 89 -19 15 7
23 8 23 57 -85 -15 64 59 -78 -4
71 -36 35 -42 -66 -57 -68 -97 15 -23
-77 64 -46 -50 -20 -67 56 28 45 19
-56 -38 -49 17 66 -17 -23 -85 -36 80
-1 -9 -50 10 -17 -36 39 32 48 -62
34 -24 76 5 -27 -75 -38 -49 78 -29
47 97 -25 90 18 35 40 -74 0 -43
-51 -29 -65 82 -1 17 53 -78 -99 73
46 -79 65 79 65 12 -56 95 -6 83
-57 -44 -13 -85 45 -58 76 -13 58 -59
-65 70 -4 75 -50 -36 81 -22 -77 52
51 -69 56 2 -60 7 52 69 36 3
4 -50 -93 37 33 -88 65 -8 -2 -87
3 -95 56 -84 25 -86 -35 15 92 57
95 -74 -23 13 92 62 -7 98 36 -8
71 -63 -42 -14 38 86 33 -32 -54 -4
-92 51 -54 79 -63 -49 -30 3 -71 95
-17 27 63 27 -84 -91 95 -71 -43 82
-72 -43 41 43 -91 -23 43 -3 -41 77
-59 -14 87 -33 -15 -32 9 -66 79 53
-14 -46 -30 -63 61 -43 -36 11 -78 -48
-96 8 -52 -94 -70 -18 -1 70 -56 58
71 80 -16 79 -94 -41 -21 29 -95 6
-81 -44 0 -70 83 -51 -54 -83 -86 -55
-67 -70 45 -24 2 -32 -71 81 -74 68
-39 -97 84 -47 70 -82 68 29 -99 52
-91 51 -16 -15 86 91 4 -7 75 30
24 -61 72 90 95 -27 -23 8 -24 -19
11 -17 -86 -5 -60 -47 -41 -97 -91 70
65 -91 1 -61 -11 28 -84 0 83 -81
-88 24 -19 -57 81 14 -59 76 98 12
99 -66 42 -74 83 0 62 79 -76 97
-53 29 -40 64 -3 -98 -48 -28 -88 -20
-42 40 12 -99 -68 -14 50 -56 -62 49
-20 -78 40 9 -54 -86 31 19 27 59
15 14 -97 -73 -54 91 -20 -85 83 -94
9 -18 79 -30 50 -63 64 9 41 26
13 -55 -21 -32 0 67 51 -1 56 -51
25 -31 -44 -81 -47 -47 70 -34 -28 1
-61 -61 -29 -26 -5 -57 20 -6 4 -95
-84 92 33 -55 -76 -9 98 20 1 -28
75 -55 20 -61 -29 50 22 -86 99 42
97 -58 -21 83 97 -91 6 -15 43 -87
60 -7 -66 -2 -80 -70 73 56 -92 24
52 79 51 0 55 -74 72 -9 -6 -88
-3 -27 -15 -89 -36 75 84 88 -76 -36
66 -11 30 85 27 -34 -7 53 -74 63
