46 87 -67 44 -71 -62 -28 -53 14 61
-24 -7 -3 -1 -20 -26 95 49 10 24
60 -74 99 78 -55 -19 43 -98 33 -27
67 24 -3 45 -16 -3 68 85 95 52
44 -31 -26 -56 44 -91 93 12 45 55
82 97 -63 -49 -95 79 -51 -51 14 -99
9 -26 4 59 -38 -25 32 43 74 -61
17 23 77 -63 -35 63 90 95 38 -44
-98 39 27 44 8 -15 49 -2 -19 -20
-51 -23 -82 23 87 76 -21 63 16 52
-40 13 56 11 77 61 -42 82 54 -92
-26 24 49 -4 64 30 -11 -76 83 -90
-30 -68 -74 42 97 -63 31 94 95 -49
24 -83 7 17 79 -99 44 -18 78 -11
33 47 -29 -74 -15 91 -44 -64 49 79
-80 4 -73 24 0 52 70 -32 13 64
-80 68 -17 22 89 -13 27 -83 -32 -19
79 -57 -12 98 8 -15 99 0 11 60
66 -1 44 72 60 97 -48 -69 51 -54
10 59 26 -16 89 35 -56 -67 39 -30
-68 -47 11 10 -69 95 -20 34 -77 32
-90 -5 89 0 -23 10 50 -25 -4 30
29 -87 86 63 87 44 46 86 82 -24
-74 99 -47 94 -81 19 -94 49 -63 47
-50 48 30 24 -26 23 -71 -5 -94 -28
-88 -39 98 80 29 0 98 20 72 29
-70 50 98 16 59 -93 59 46 53 -54
67 81 89 -47 26 -21 58 -57 59 -72
-25 22 -75 -55 38 -87 -27 53 -2 -31
-55 -4 66 -99 78 -78 53 15 17 94
-78 -16 69 87 4 76 -25 54 -58 -40
82 30 -30 -23 -35 72 -79 47 -24 -25
85 31 -42 -49 13 -62 -80 0 79 -9
-62 -4 -65 71 -53 56 97 95 70 5
-44 -21 -21 84 -29 37 -15 95 -52 32
72 74 -70 97 -5 -37 90 -73 45 66
-23 6 71 -62 -20 34 -56 -6 60 87
53 83 78 47 82 79 42 -57 3 26
23 64 74 -80 -45 59 10 -70 65 0
-5 38 -25 61 57 -38 -59 -44 -36 -75
-77 -83 -46 -15 -15 -34 -26 54 20 37
37 -99 54 -23 38 -18 35 -7 72 82
-58 98 20 44 -54 -79 74 -69 -55 -19
-63 32 -10 16 -58 77 -35 73 -60 -81
93 -50 17 62 -98 71 44 -40 61 12
17 15 45 -37 97 -84 -61 97 22 -52
81 -55 66 -34 -22 -38 -4 28 -74 49
-11 -36 94 -8 81 -93 -97 93 -78 -97
40 3 -63 -82 8 -92 -41 -59 55 51
82 -4 58 63 66 -12 -44 -88 -98 81
-4 -92 -92 99 12 -59 -80 -35 22 -20
7 22 -45 -89 -72 -74 55 75 -99 -81
-60 41 27 75 -59 -63 52 -3 -61 89
80 -89 -15 34 -95 83 27 -67 1 0
76 -41 93 53 59 31 77 -39 89 34
-2 75 25 -82 81 -59 -9 47 58 -21
9 -39 46 -52 -76 30 68 59 -61 75
-7 88 14 -25 -58 -12 -53 9 -87 89
-89 -70 -31 -73 -53 -68 -92 49 14 80
75 -52 66 -43 -90 54 -61 70 32 56
43 -45 44 47 -78 -13 -48 41 -72 -44
-68 -39 66 -29 90 -50 47 -25 -27 35
-23 -14 30 4 -14 36 -73 -43 86 -13
-73 -69 37 -34 10 50 -63 56 0 56
80 81 -80 18 80 -16 18 -27 -39 12
76 36 -17 66 -4 -87 24 6 -35 94
49 -47 80 -17 99 -51 41 92 -60 -45
-45 -54 -29 12 -79 -11 -99 40 48 -11
95 32 63 -55 69 -34 22 -80 -5 -30
26 11 -40 40 -19 11 17 -74 -44 -69
-27 -87 -82 80 13 90 84 44 34 12
-3 47 11 -97 49 -25 -30 -58 -26 -91
42 17 21 17 -94 42 43 -13 20 -8
21 75 32 -61 62 93 74 -78 -32 -9
-15 -47 -21 37 36 -1 62 0 52 -1
83 63 -2 -76 -14 -52 64 75 -89 -46
-70 -82 -91 -38 -68 -96 72 64 -32 84
84 -26 -32 21 83 -57 74 -16 -2 -27
-32 -10 85 90 -9 40 67 -56 26 15
-29 45 38 54 77 54 45 -97 65 79
-97 -85 -50 63 -89 -9 4 -83 -89 95
-67 39 80 -59 -66 -93 -37 -27 -22 62
41 -72 -83 -58 -60 46 -5 -36 -54 -87
-28 71 82 77 31 56 -56 83 43 -88
28 -9 -61 -58 79 -72 -97 24 -83 -83
-82 -56 10 -51 88 82 -51 57 -95 -7
-64 24 -6 96 -49 -64 9 -95 28 -5
48 55 8 -43 -28 62 65 12 3 20
95 4 12 49 84 39 -17 44 2 87
-41 -22 -82 42 79 50 -4 64 -22 39
31 -16 12 14 -42 69 70 10 8 65
36 -49 56 -50 -47 52 -86 45 -18 47
11 -44 -75 -72 -6 -29 65 51 0 -36
-89 75 -6 -26 82 -57 -48 82 -71 -97
-99 -95 93 -27 8 38 -97 -44 95 -38
-87 -48 63 -80 -34 -31 96 -33 -9 21
44 39 27 -40 39 -56 5 24 -6 -61
-91 17 -84 -36 89 78 57 -87 -64 86
27 23 -68 -4 94 -94 -50 -53 -75 -33
-17 99 52 35 36 -74 40 -71 -59 -45
