56 -76 47 -5 15 -48 -53 -99 90 -65
-58 -32 67 72 -65 31 69 51 63 47
-93 78 78 66 -16 -74 88 -49 -16 57
20 -13 -16 17 -33 24 -35 -56 -12 86
92 -12 -33 -43 -4 -33 82 71 69 64
-90 91 75 -19 84 -71 -85 25 -77 10
64 36 77 -19 35 7 -45 -63 30 -91
59 30 -70 -18 44 70 88 -65 74 2
84 92 15 72 -54 -51 66 94 24 78
60 48 14 -25 49 32 20 -41 72 40
89 -77 21 -34 -88 -74 78 -43 -56 17
44 12 -34 -62 66 68 86 -14 76 51
61 -2 41 -44 -41 35 99 85 94 -54
-37 -42 -94 -78 -40 -89 -7 -87 34 -8
52 99 -38 -46 35 -56 88 14 37 -87
31 60 78 -26 -51 0 -88 -92 -87 89
-36 49 -47 -93 69 -69 -89 45 99 22
-8 2 45 59 -40 -69 47 -51 54 65
-36 98 2 -33 -29 -58 -30 -92 33 -98
-34 74 -9 69 -53 57 -71 37 56 87
9 -23 -90 30 -29 21 1 21 -27 32
-38 61 54 39 85 56 -49 23 58 15
6 71 46 6 -14 59 26 67 8 -68
83 -95 96 -79 -56 71 -19 -77 55 -66
8 -22 -40 0 80 2 51 -34 -43 -25
-2 -69 52 93 -76 -61 19 93 -51 94
-51 49 -97 -48 5 -54 90 -15 6 -28
-80 68 94 76 61 50 -60 39 -59 -38
-56 18 -65 -20 8 -39 -74 85 -37 -5
-11 -57 -92 -52 19 33 75 -26 -1 61
52 30 53 -10 41 -13 96 84 92 -56
-58 81 18 47 27 38 -21 -63 54 -21
83 -88 -96 85 70 -82 73 -77 79 -70
69 -82 51 -4 -34 83 48 -46 -88 -82
0 -8 63 -16 -67 -81 16 -85 -57 -24
-76 -14 -92 71 82 1 -57 48 82 -67
-43 61 -11 6 -42 -82 -97 64 20 76
-89 -60 -11 -41 57 86 57 -51 10 95
17 -40 50 44 -12 -46 -38 -33 -78 -3
-50 -63 -84 -93 -68 -53 64 -71 32 -37
-90 -98 31 82 39 99 0 86 35 88
1 37 24 46 68 -48 41 37 48 77
-87 -52 -24 86 7 -81 17 -50 -11 38
-45 -25 -4 -76 45 -28 -85 -89 -66 77
33 9 49 56 -53 72 67 -78 17 -2
-97 27 -66 90 57 3 -88 57 28 -53
-63 46 0 62 88 -90 -61 -70 -75 -35
21 -49 86 -53 -46 -57 -20 83 5 87
65 -85 -99 -82 -4 50 -53 73 10 -60
-54 -88 58 75 -63 -4 82 -63 6 -37
74 52 -1 -15 -26 88 -94 10 47 32
-39 12 92 -6 -45 99 -19 12 32 48
-93 -13 77 -81 19 -82 -58 -71 -10 1
98 17 80 70 30 42 -21 37 13 21
-63 0 34 -61 -33 18 -82 62 -1 68
-50 -32 -58 4 59 -38 43 -24 78 -30
-93 -57 -99 43 -72 8 54 53 27 77
-66 14 28 67 -89 6 19 79 10 -44
50 -27 7 11 -15 69 -65 26 81 29
-54 26 62 -44 -51 -71 -82 -20 2 35
-49 -44 -85 92 12 2 -11 11 0 83
-76 -53 -64 63 23 -59 9 -79 -29 -76
-85 84 9 -92 -70 -41 -79 -64 81 14
93 -26 98 88 51 -60 91 49 86 -74
57 54 88 92 -73 -83 15 79 35 21
-83 83 -87 -48 66 -58 -66 57 -34 -47
47 55 -33 95 -19 86 -29 -35 41 -57
25 -63 5 -65 -24 22 -54 -10 -44 -80
-43 15 -7 -18 -53 -95 -60 10 -92 -3
-49 38 -95 -63 -13 -4 -12 92 -43 24
-49 71 -12 60 -31 90 -60 71 84 -3
27 76 -92 50 57 -42 -49 49 -42 -56
29 -14 -10 -58 -30 -35 71 90 75 -88
0 -67 -68 24 69 66 13 88 11 0
-7 80 31 -38 27 -67 -90 -26 -71 29
-46 76 52 -15 -61 26 37 54 -59 71
-26 -93 42 18 41 -6 -65 9 -37 -71
37 51 74 38 92 -54 29 54 -6 68
57 -37 31 85 55 -49 13 25 1 -47
-52 -84 -34 -79 -89 -35 72 98 21 -34
48 57 20 -92 -81 63 44 -83 48 -30
56 -96 77 90 72 88 6 -65 -54 66
-43 0 5 51 -62 -30 16 -4 -78 -94
-82 53 57 75 -27 0 -15 56 63 49
68 77 97 75 -13 54 88 49 -51 -52
-45 -98 72 -50 -75 -1 60 -47 91 7
45 -79 92 -4 -50 -50 -90 -68 -17 48
-15 97 36 83 -32 -52 80 1 -93 75
-28 -88 -26 -27 85 18 30 -40 98 48
-29 -45 -18 95 -82 15 87 35 -6 -61
98 9 53 -25 -39 -49 61 -66 -1 -42
14 83 -43 93 8 64 49 -22 44 69
-84 -3 36 21 -11 81 -18 -47 2 0
9 -68 90 -63 14 53 37 35 -2 79
28 -19 59 29 -88 -12 -2 -1 96 78
7 77 -25 25 -53 53 -60 -81 -8 44
74 -63 75 -80 28 82 -60 76 -10 -4
68 83 -18 -22 96 -36 -43 75 -63 -47
-94 -84 18 -7 57 70 57 -68 -76 -23
-95 40 4 17 80 0 -12 -70 83 -67
