85 58 85 -91 85 8 85 -16 85 83
85 -66 85 33 85 -32 85 67 85 -82
85 17 85 -7 85 92 85 -57 85 42
85 -45 85 54 85 -95 85 4 85 -20
85 79 85 -70 85 29 85 -26 85 73
85 -76 85 23 85 -1 85 98 85 -51
85 48 85 -38 85 61 85 -88 85 11
85 -13 85 86 85 -63 85 36 85 -37
85 62 85 -87 85 12 85 -12 85 87
85 -62 85 37 85 -49 85 50 85 -99
85 0 85 -24 85 75 85 -74 85 25
85 -30 85 69 85 -80 85 19 85 -5
85 94 85 -55 85 44 85 -43 85 56
85 -93 85 6 85 -18 85 81 85 -68
85 31 85 -34 85 65 85 -84 85 15
85 -9 85 90 85 -59 85 40 85 -46
85 53 85 -96 85 3 85 -21 85 78
85 -71 85 28 85 -27 85 72 85 -77
85 22 85 -2 85 97 85 -52 85 47
85 -40 85 59 85 -90 85 9 85 -15
85 84 85 -65 85 34 85 -34 85 65
85 -84 85 15 85 -9 85 90 85 -59
85 40 85 -47 85 52 85 -97 85 2
85 -22 85 77 85 -72 85 27 85 -28
85 71 85 -78 85 21 85 -3 85 96
85 -53 85 46 85 -41 85 58 85 -91
85 8 85 -16 85 83 85 -66 85 33
85 -31 85 68 85 -81 85 18 85 -6
85 93 85 -56 85 43 85 -44 85 55
85 -94 85 5 85 -19 85 80 85 -69
85 30 85 -25 85 74 85 -75 85 24
85 0 85 99 85 -50 85 49 85 -38
85 61 85 -88 85 11 85 -13 85 86
85 -63 85 36 85 -36 85 63 85 -86
85 13 85 -11 85 88 85 -61 85 38
85 -48 85 51 85 -98 85 1 85 -23
85 76 85 -73 85 26 85 -30 85 69
85 -80 85 19 85 -5 85 94 85 -55
85 44 85 -42 85 57 85 -92 85 7
85 -17 85 82 85 -67 85 32 85 -33
85 66 85 -83 85 16 85 -8 85 91
85 -58 85 41 85 -45 85 54 85 -95
85 4 85 -20 85 79 85 -70 85 29
85 -27 85 72 85 -77 85 22 85 -2
85 97 85 -52 85 47 85 -39 85 60
85 -89 85 10 85 -14 85 85 85 -64
85 35 85 -35 85 64 85 -85 85 14
85 -10 85 89 85 -60 85 39 85 -47
85 52 85 -97 85 2 85 -22 85 77
85 -72 85 27 85 -29 85 70 85 -79
85 20 85 -4 85 95 85 -54 85 45
85 -41 85 58 85 -91 85 8 85 -16
85 83 85 -66 85 33 85 -32 85 67
85 -82 85 17 85 -7 85 92 85 -57
85 42 85 -44 85 55 85 -94 85 5
85 -19 85 80 85 -69 85 30 85 -25
85 74 85 -75 85 24 85 0 85 99
85 -50 85 49 85 -38 85 61 85 -88
85 11 85 -13 85 86 85 -63 85 36
85 -36 85 63 85 -86 85 13 85 -11
85 88 85 -61 85 38 85 -49 85 50
85 -99 85 0 85 -24 85 75 85 -74
85 25 85 -30 85 69 85 -80 85 19
85 -5 85 94 85 -55 85 44 85 -43
85 56 85 -93 85 6 85 -18 85 81
85 -68 85 31 85 -33 85 66 85 -83
85 16 85 -8 85 91 85 -58 85 41
85 -46 85 53 85 -96 85 3 85 -21
85 78 85 -71 85 28 85 -27 85 72
85 -77 85 22 85 -2 85 97 85 -52
85 47 85 -39 85 60 85 -89 85 10
85 -14 85 85 85 -64 85 35 85 -34
85 65 85 -84 85 15 85 -9 85 90
85 -59 85 40 85 -47 85 52 85 -97
85 2 85 -22 85 77 85 -72 85 27
85 -28 85 71 85 -78 85 21 85 -3
85 96 85 -53 85 46 85 -40 85 59
85 -90 85 9 85 -15 85 84 85 -65
85 34 85 -31 85 68 85 -81 85 18
85 -6 85 93 85 -56 85 43 85 -43
85 56 85 -93 85 6 85 -18 85 81
85 -68 85 31 85 -25 85 74 85 -75
85 24 85 0 85 99 85 -50 85 49
85 -37 85 62 85 -87 85 12 85 -12
85 87 85 -62 85 37 85 -36 85 63
85 -86 85 13 85 -11 85 88 85 -61
85 38 85 -48 85 51 85 -98 85 1
85 -23 85 76 85 -73 85 26 85 -29
85 70 85 -79 85 20 85 -4 85 95
85 -54 85 45 85 -42 85 57 85 -92
85 7 85 -17 85 82 85 -67 85 32
85 -32 85 67 85 -82 85 17 85 -7
85 92 85 -57 85 42 85 -45 85 54
85 -95 85 4 85 -20 85 79 85 -70
85 29 85 -26 85 73 85 -76 85 23
85 -1 85 98 85 -51 85 48 85 -39
85 60 85 -89 85 10 85 -14 85 85
85 -64 85 35 85 -35 85 64 85 -85
85 14 85 -10 85 89 85 -60 85 39
85 -48 85 51 85 -98 85 1 85 -23
