-97 -74 -43 -67 25 87 -59 -22 2 -61
-75 -16 29 -71 -53 -22 -95 14 6 68
-45 -10 85 61 75 9 -33 -41 43 4
2 -75 -4 -2 -50 97 18 -12 38 57
-34 -95 30 19 -11 -51 0 -19 21 18
1 92 -20 -60 38 -75 -47 -86 -24 25
-91 -49 -28 -10 -32 72 84 -18 5 26
92 0 -74 -99 -1 54 -13 0 -6 -20
8 -17 -40 -89 21 -90 -35 73 58 -80
76 -85 -86 -58 -75 95 22 47 -32 -56
-89 -67 -90 89 -45 -38 -73 -97 -25 15
-20 -20 -34 -59 39 -65 67 -31 -50 -2
-80 -34 79 -67 -89 -31 -33 -35 -22 -50
36 81 -64 -47 88 -45 -95 45 -73 -60
21 -20 -76 -39 -36 31 15 -96 -56 34
-70 61 60 -88 -72 0 73 89 68 -29
-14 -72 -58 -35 93 -98 95 61 -14 -33
-30 9 -51 39 -8 -41 -30 -6 46 50
82 17 -36 43 96 69 -62 -62 0 35
21 84 -54 27 -22 -48 44 -39 -34 72
-39 37 59 32 -43 -93 71 75 -12 -46
-42 -41 79 10 -35 -84 71 0 3 -6
20 80 -19 -39 -23 -19 -93 -83 -33 -13
97 -9 -24 -65 17 -16 -67 23 85 -16
-67 85 -68 3 -94 35 -67 -33 53 94
-3 -64 11 -24 58 44 9 -12 -40 40
-98 -66 5 30 -64 86 41 75 71 -33
17 -76 -1 2 -48 82 -31 -35 66 76
26 -15 72 73 -90 -95 -60 11 -35 -13
72 12 5 -10 99 -11 -82 57 -42 52
-31 58 49 -36 -55 86 -26 40 58 -61
26 -99 8 66 -98 52 -52 8 -31 10
-79 -43 83 -1 10 47 57 29 61 14
-5 44 -31 -87 95 37 -86 -73 81 57
-87 65 -81 49 -54 -11 23 81 29 46
0 89 13 28 19 -28 5 77 -82 27
20 -15 63 90 90 10 42 62 1 67
50 20 -54 13 -84 -48 -46 83 8 37
-3 22 -75 61 7 41 62 -17 48 68
0 -38 19 -56 20 93 -18 -81 91 -2
79 55 3 36 67 56 -2 -21 27 35
85 91 -57 -83 83 -77 34 67 13 95
60 14 -42 -7 -77 2 -13 -57 38 -45
17 10 94 68 79 -37 82 63 88 54
-73 -20 -28 -97 75 -33 37 41 -14 5
-54 -63 83 -8 70 54 52 -80 -89 38
50 -48 56 -79 -74 -21 52 28 -67 -99
-8 -95 -63 -46 12 -51 60 73 52 -37
23 35 -72 -68 -5 67 -88 -99 -28 -83
80 -82 82 -62 -5 -1 -22 -50 43 -86
48 -61 -21 -54 -91 -12 -69 52 95 66
2 60 -53 31 -38 25 -31 -40 -50 -29
-73 -87 -2 6 59 -12 -40 12 81 -16
91 -98 37 -79 -8 29 44 82 -53 -42
-41 -8 -47 -26 60 36 59 26 -80 -48
-82 -54 30 17 9 91 68 97 70 -86
-70 -77 36 75 2 23 -76 -17 -60 15
-31 -93 88 47 33 32 18 -27 44 36
-45 94 78 55 -51 1 -34 50 29 89
35 95 -51 -59 -42 90 3 -24 -87 -6
-30 -2 -39 -72 54 -77 -96 40 34 -94
-63 -91 25 97 -76 -35 73 48 -39 20
-41 45 -81 17 -35 72 -72 71 38 77
-2 -77 -76 -25 84 86 -47 -93 -81 -84
47 51 -75 -19 -68 -99 46 50 96 -10
18 8 35 -35 43 23 99 75 -25 60
-4 19 -13 73 85 -80 -27 30 -57 -23
80 -46 78 -92 -9 81 23 -22 85 7
0 28 -68 1 15 62 47 35 54 -65
-19 42 -59 -34 -23 27 40 26 -54 25
-54 50 -19 87 -38 -84 -2 -14 57 -43
66 19 -53 -20 76 -75 -64 -9 -41 53
-66 34 -81 40 62 -74 88 33 43 -63
94 -27 -21 85 -48 -66 -68 80 -65 -8
99 -9 67 90 -2 16 84 -27 75 -39
41 -81 -35 54 79 43 55 22 68 13
56 -74 43 80 -95 23 59 16 -43 -34
-86 27 -28 18 77 31 71 58 -19 -39
28 -75 23 56 -71 73 -84 72 95 -62
96 32 -29 -46 -36 -14 26 -33 -71 -87
99 -82 84 -25 -34 -56 -93 38 6 -25
-24 9 -10 74 72 23 75 51 45 26
10 51 -43 63 -30 -25 -17 30 18 60
-35 -6 -49 87 -59 -3 73 33 -46 45
-48 -73 -4 -38 82 -47 -71 76 -51 -63
-45 -11 43 87 73 20 28 50 7 -41
-14 72 -8 81 11 95 72 -54 51 59
-18 -69 64 -10 74 -51 -88 19 -39 -84
-82 57 54 7 -60 -81 79 10 -84 -22
-74 -33 -96 -10 82 -50 88 -25 18 77
-1 -54 72 93 51 -67 -23 14 -58 98
-85 90 -92 70 -86 -4 -56 -6 -5 -25
28 9 30 33 81 -76 46 39 44 75
85 38 4 78 -51 91 77 -92 76 -5
95 56 62 -22 -69 -5 -68 66 94 35
51 -71 61 98 -89 97 19 44 -15 -75
19 -54 -57 46 -31 41 26 -78 -75 43
44 99 -10 49 -11 -25 -56 -62 -94 -8
-29 30 9 -70 -63 -13 -20 -9 32 -99
-49 -46 -97 -7 -19 64 92 57 -47 64
