51 0 20 94 49 8 60 59 33 45 1 99 91 100 39 92 21 75 74 47 4 71 6 31 34 62 52 38 89 56 95 96 26 61 66 43 55 81 2 24 65 22 67 28 77 48 57 30 46 29 83 76 69 68 58 63 78 7 93 80 72 32 64 42 3 53 12 98 11 87 9 85 16 27 36 10 37 5 17 97 54 44 82 41 50 40 79 86 13 70 88 84 35 23 14 19 73 25 18 15 90
14 74 97 39 98 66 36 84 49 79 76 93 0 72 67 20 86 16 1 78 55 71 56 10 4 19 53 100 44 11 62 22 5 92 73 48 13 28 17 51 70 52 29 81 3 21 12 32 18 95 94 15 90 6 24 89 85 59 63 77 69 25 75 47 42 41 65 60 35 31 38 87 7 8 50 57 40 88 99 27 61 33 23 54 58 45 80 64 46 83 2 26 43 68 30 37 82 9 34 91 96
0 18 85 36 37 29 57 23 68 30 84 2 90 51 43 47 99 14 15 52 61 24 73 95 13 19 54 70 48 28 75 65 21 4 71 63 45 16 64 86 42 76 91 58 7 31 56 55 39 44 97 89 80 50 9 5 34 53 10 74 62 27 96 100 79 49 8 22 81 25 87 26 92 3 82 93 66 6 32 98 60 40 41 1 83 33 46 94 72 67 12 38 78 69 88 20 59 35 77 11 17
22 30 32 58 88 86 0 56 26 4 63 10 78 44 38 100 52 17 14 9 35 48 28 50 55 82 89 74 65 98 69 70 34 92 49 54 41 2 83 53 3 91 75 18 31 60 7 25 64 93 47 46 76 97 85 36 42 57 77 8 23 90 16 68 43 67 51 94 62 5 80 19 87 39 45 11 71 21 73 61 66 95 40 84 59 99 81 20 12 15 96 1 6 13 72 33 29 27 37 24 79
89 15 12 73 61 93 11 2 3 59 55 20 72 92 88 21 4 60 42 7 22 38 87 90 45 71 58 24 40 84 41 66 62 75 44 32 34 53 18 64 9 81 79 77 68 37 35 10 36 65 1 43 47 74 14 100 80 16 33 23 56 28 19 30 98 99 76 70 0 52 8 54 63 67 69 83 85 26 13 82 95 86 91 5 48 94 6 25 50 17 51 27 39 49 57 31 29 46 78 96 97
11 7 83 56 31 81 28 73 13 88 58 61 27 60 51 75 43 37 32 39 40 48 54 99 10 65 50 100 36 42 94 45 18 17 2 26 68 46 63 77 67 29 52 49 57 74 47 41 90 30 23 55 4 93 72 24 80 97 12 19 86 5 25 0 71 15 22 98 53 6 89 44 9 35 82 91 96 1 59 66 64 79 16 85 34 92 78 62 70 69 84 3 87 14 38 76 20 8 95 33 21
22 51 13 29 41 74 15 6 89 88 25 31 35 60 90 45 96 77 0 44 52 40 92 33 69 80 19 5 23 86 73 97 2 63 39 58 32 85 64 14 3 26 67 8 49 76 48 65 4 12 75 16 91 46 21 28 27 70 81 87 9 66 24 7 47 17 83 34 78 72 84 61 42 20 94 11 53 43 56 95 93 79 55 10 18 82 99 54 59 38 30 68 98 100 37 1 71 50 62 36 57
76 100 17 62 41 80 96 71 97 10 14 59 78 11 86 85 46 8 20 24 52 90 0 18 40 38 65 74 4 7 6 48 37 19 63 43 88 72 42 26 3 68 50 28 54 15 93 29 49 73 58 21 57 45 27 94 36 95 92 98 22 99 35 12 25 60 51 67 87 66 75 91 55 61 79 34 2 69 1 70 82 89 84 56 5 32 77 33 39 23 83 16 44 47 9 64 81 53 31 30 13
60 74 51 85 58 21 5 47 16 97 24 7 57 10 31 1 2 89 96 91 34 36 81 50 90 27 67 72 9 35 25 45 4 6 59 11 100 37 20 87 83 43 53 73 75 49 66 41 65 28 63 3 78 32 92 30 33 39 55 79 23 13 38 18 69 98 84 99 54 94 88 56 44 14 52 12 80 86 29 82 17 70 62 77 19 64 42 22 71 76 61 15 26 0 46 95 68 48 40 93 8
41 2 20 51 59 50 5 98 77 31 53 92 79 58 0 76 14 55 17 47 70 18 73 8 26 45 12 74 35 44 21 81 54 78 91 57 71 99 52 95 33 89 3 9 27 80 49 4 100 43 93 40 94 16 67 30 86 88 75 66 29 36 72 32 7 22 6 42 65 82 11 90 84 19 46 10 1 15 87 38 63 48 28 23 97 83 13 25 34 61 96 24 56 69 37 39 68 64 62 60 85
11 47 66 17 42 55 53 33 44 83 80 2 76 98 27 49 25 72 22 89 99 7 54 24 71 50 30 78 41 3 91 92 36 75 96 29 13 63 59 38 79 51 12 81 77 68 90 43 37 9 74 14 86 1 21 57 26 64 56 61 32 88 87 97 23 39 5 84 10 19 85 16 8 73 62 28 48 40 15 69 34 4 35 52 100 94 18 95 67 20 31 65 46 6 58 0 70 45 82 60 93
50 69 49 92 64 21 37 79 3 46 93 9 81 59 68 78 74 40 41 86 32 65 56 28 19 61 45 97 39 47 18 71 55 33 51 16 90 77 24 1 87 60 82 0 89 15 100 13 58 43 2 23 17 96 98 62 27 36 4 6 88 22 94 29 14 85 42 34 95 84 57 5 7 80 76 35 67 83 8 75 99 72 52 70 44 26 63 66 20 10 48 11 31 73 54 25 12 53 38 30 91
95 74 40 22 57 5 29 24 92 6 80 81 47 96 3 94 32 42 11 49 77 64 54 1 12 39 88 93 16 62 19 100 51 82 87 34 18 67 21 59 15 9 35 17 26 75 41 73 48 53 97 72 50 71 91 10 37 70 8 33 89 44 0 13 27 58 28 4 99 2 45 86 46 31 98 66 52 14 38 63 25 20 30 43 68 84 60 55 36 90 23 65 83 79 61 78 56 76 69 85 7
85 94 15 64 19 7 50 12 11 57 13 40 59 28 10 38 51 98 96 2 0 9 92 46 55 87 80 37 43 47 99 36 66 42 14 5 77 100 63 78 44 67 31 72 81 95 48 90 61 52 76 74 93 75 65 3 34 79 58 60 73 18 97 84 32 33 83 88 29 25 17 22 20 54 45 8 21 49 16 30 56 24 4 6 91 39 41 1 86 26 71 23 68 82 70 62 69 89 53 35 27
28 61 72 64 30 86 33 4 29 31 26 11 3 7 57 94 65 13 50 69 97 91 20 68 71 53 58 56 27 92 39 96 45 67 48 60 88 40 63 22 70 18 8 49 15 84 34 19 73 0 14 51 78 5 16 25 90 93 44 46 81 32 83 85 89 6 47 23 52 66 2 54 41 99 59 80 35 55 62 9 100 24 38 43 79 82 21 42 37 10 75 17 12 36 74 98 77 76 95 87 1
0 48 81 65 64 76 63 86 78 60 84 53 83 20 33 6 100 79 72 87 22 18 35 39 16 8 92 1 57 31 85 54 50 23 52 28 41 70 4 24 2 66 67 88 10 29 42 71 27 26 61 7 95 9 77 38 15 68 14 3 17 12 82 5 69 59 73 32 34 37 30 91 44 74 13 94 51 58 25 43 40 80 11 55 21 98 45 56 46 97 49 96 90 62 99 93 75 89 47 36 19
5 6 78 77 68 31 55 42 9 1 4 54 80 90 71 57 34 97 24 28 15 99 62 51 88 59 27 91 65 85 95 25 98 2 89 69 19 53 63 52 64 79 36 61 30 93 16 47 33 8 83 23 75 72 45 39 26 17 60 10 7 29 96 100 38 92 56 58 20 13 37 3 18 46 43 84 32 94 70 35 86 44 22 66 0 49 82 48 11 12 87 40 74 41 21 76 73 67 81 14 50
24 65 76 93 39 75 19 28 3 34 8 78 6 87 53 17 61 73 51 1 40 4 29 15 82 64 54 95 88 32 52 81 77 12 38 26 90 31 2 91 85 60 44 94 70 84 27 67 25 47 30 97 7 83 57 59 58 33 5 23 10 13 14 20 63 89 79 80 56 9 48 22 86 99 71 43 0 36 100 42 21 16 55 74 37 68 46 96 11 62 66 69 18 45 92 50 72 49 98 35 41
60 18 13 81 11 10 4 39 77 29 56 88 8 58 82 61 52 57 17 9 41 19 71 12 85 93 25 0 63 27 74 20 48 87 47 34 59 64 16 89 24 53 68 83 69 70 7 51 2 49 72 50 94 66 28 54 100 40 26 84 45 91 6 38 65 73 22 67 37 99 31 90 30 35 46 14 33 79 80 44 23 98 5 92 76 55 32 36 1 97 43 62 15 3 96 78 21 86 95 75 42
64 43 75 97 45 37 59 81 60 50 100 52 17 33 7 85 55 5 63 73 57 71 3 0 40 88 18 83 70 94 28 49 11 76 51 66 6 87 31 79 53 67 68 15 27 93 9 48 77 10 82 2 72 42 78 14 46 8 84 26 90 95 62 80 1 13 54 32 58 65 16 25 47 89 96 98 39 34 69 30 21 35 56 4 19 23 24 92 91 86 36 61 41 74 38 99 29 22 12 44 20
27 4 93 74 33 30 78 1 45 3 75 17 42 53 91 22 87 84 44 96 0 70 58 50 37 57 43 76 52 85 32 59 68 12 99 98 49 8 88 36 79 16 73 89 48 19 82 55 41 62 65 94 40 18 35 54 47 95 28 7 31 6 61 83 72 21 14 77 86 97 71 81 2 26 64 92 5 24 38 60 100 63 34 20 39 13 29 80 69 66 10 46 23 11 90 51 9 25 67 15 56
74 20 73 95 39 63 41 77 43 96 45 58 70 28 8 26 7 99 10 83 93 37 29 22 30 51 60 32 38 61 55 12 4 85 89 56 100 84 53 52 79 90 67 46 31 13 44 91 49 71 47 66 35 14 59 76 5 36 78 69 94 82 24 98 88 62 21 19 75 48 87 3 50 25 80 34 11 17 18 16 81 15 97 68 0 64 42 72 2 6 92 33 40 57 54 23 1 27 65 9 86
20 92 31 77 58 38 96 67 26 34 6 71 95 2 70 68 85 41 40 52 27 62 82 76 39 19 33 89 24 42 16 53 61 79 28 60 73 4 47 94 29 18 23 15 9 97 55 83 5 10 1 50 21 64 90 87 91 100 66 88 72 46 56 25 13 35 74 44 54 11 17 7 49 69 93 48 43 98 84 14 99 45 32 78 86 81 65 8 3 80 57 51 37 75 63 30 0 22 12 36 59
39 21 40 44 90 46 81 17 68 79 52 45 5 86 26 97 6 89 64 38 69 20 58 91 41 10 74 49 78 100 84 14 4 23 83 22 11 51 30 55 61 7 24 59 50 37 80 77 73 33 66 1 76 32 0 70 25 42 16 28 72 65 36 56 2 75 31 93 54 71 99 96 27 67 57 29 34 47 13 98 94 35 53 60 19 92 63 87 3 9 62 8 82 12 95 18 85 88 43 15 48
87 8 20 97 90 59 37 98 75 42 80 18 25 36 38 77 17 7 11 33 99 35 72 21 94 92 26 34 69 88 68 22 6 74 44 16 1 28 55 53 27 24 39 81 95 61 50 23 4 31 57 9 41 19 79 85 71 83 49 58 96 100 78 60 10 29 32 54 73 70 62 93 66 63 48 65 0 15 56 51 5 40 43 89 84 52 47 46 64 86 67 13 91 12 2 30 45 82 14 3 76
6 97 74 51 100 85 72 4 50 99 96 30 45 64 20 17 0 19 21 66 12 70 42 60 15 2 40 43 5 54 18 82 71 28 88 31 87 48 10 91 62 63 98 23 16 37 53 24 9 14 94 65 55 73 3 32 1 26 68 13 90 39 46 92 58 69 57 80 11 44 56 95 84 38 33 36 67 59 22 77 27 83 29 61 79 34 81 49 35 25 52 47 75 8 93 41 7 76 86 89 78
75 53 59 90 88 7 92 55 100 95 12 70 87 60 46 68 82 54 84 31 2 35 77 74 8 37 52 22 57 73 42 71 20 48 81 43 28 50 27 44 39 21 33 91 78 1 49 19 93 45 36 62 85 30 61 40 38 66 9 0 86 65 98 76 6 63 47 58 51 97 29 4 67 96 5 26 80 99 89 17 13 18 69 34 32 94 24 79 41 14 64 72 11 10 15 3 56 83 16 25 23
95 73 55 64 34 21 19 98 22 50 87 59 54 76 3 17 38 15 78 90 81 56 35 65 70 48 79 52 89 88 5 7 29 85 37 40 42 82 83 57 24 20 74 12 28 84 97 69 25 63 66 36 2 9 0 18 10 47 61 44 93 23 4 1 60 71 11 67 58 100 39 32 13 53 45 6 96 31 30 27 94 49 92 86 8 26 33 99 16 77 68 91 46 41 75 51 14 62 43 80 72
51 77 91 44 49 89 55 59 43 15 38 23 52 36 42 86 56 69 22 84 74 92 31 72 61 57 96 85 50 100 0 70 63 24 33 53 60 29 75 17 10 2 54 76 32 47 40 19 8 34 82 16 97 79 9 98 68 4 27 37 73 7 28 46 65 90 78 13 66 20 99 18 67 71 95 6 62 88 64 11 45 48 3 5 12 41 25 14 80 87 83 94 81 26 30 58 35 21 1 93 39
64 12 1 27 32 37 67 19 2 89 79 78 21 51 48 85 65 100 20 84 50 10 86 55 53 25 6 54 83 4 90 49 71 23 16 82 46 42 17 28 35 80 8 14 45 33 81 15 59 30 66 96 38 58 41 94 52 9 34 98 99 57 69 62 61 88 87 95 36 47 92 68 7 73 43 40 3 93 39 77 26 13 0 70 18 60 44 97 74 5 75 63 24 72 29 31 56 11 91 76 22
7 35 22 36 63 39 58 20 94 86 18 50 60 26 89 27 32 82 5 75 88 83 11 40 52 43 8 73 91 23 51 80 2 14 45 70 49 10 69 15 44 54 3 41 99 90 71 38 28 1 67 42 0 31 65 34 76 61 46 29 12 95 79 68 84 72 48 6 17 33 55 62 85 4 21 57 30 97 37 98 53 47 64 92 16 96 87 24 19 59 78 74 81 93 66 77 100 9 13 25 56
59 74 20 23 49 65 12 45 22 80 37 13 84 70 66 61 38 96 100 60 35 63 21 68 56 48 42 69 1 58 79 11 67 71 99 64 75 5 76 28 85 27 97 86 47 83 46 94 40 44 77 17 30 15 36 72 16 0 98 93 81 41 3 2 53 54 25 33 87 26 51 34 43 92 10 55 19 90 62 29 18 4 7 9 14 82 73 6 50 8 57 39 24 32 78 95 89 88 52 31 91
40 38 35 76 11 81 15 22 17 62 42 47 2 77 19 31 88 56 91 57 6 37 78 29 46 66 73 100 16 85 58 74 64 53 59 80 72 84 52 8 44 95 12 21 20 61 50 28 25 67 60 70 55 26 87 89 5 23 24 94 3 96 98 93 92 1 43 32 0 86 54 36 48 49 65 68 34 83 4 99 27 90 69 9 33 45 13 63 41 39 79 30 18 7 51 82 14 97 10 75 71
64 51 70 11 83 89 76 7 94 31 61 62 18 10 53 56 14 40 29 100 84 3 90 95 20 21 25 22 68 13 74 28 48 30 54 67 36 26 91 85 77 4 55 79 24 57 5 88 23 87 37 2 97 49 72 39 44 82 47 92 65 93 16 69 8 98 17 78 52 71 6 63 1 66 19 45 38 12 50 42 73 0 15 86 46 33 59 35 80 81 96 75 41 58 27 43 9 32 60 34 99
4 30 45 47 54 9 69 91 13 74 3 2 57 24 76 10 89 39 29 22 68 27 85 41 43 36 73 75 18 42 11 26 94 20 23 99 40 90 34 51 93 55 14 1 63 98 62 79 92 8 21 35 81 72 33 50 61 32 25 56 12 53 58 96 0 77 97 66 71 86 78 95 5 52 83 100 59 60 64 38 46 88 49 17 70 48 37 28 67 16 6 80 19 82 65 87 7 15 44 84 31
43 87 28 2 63 70 27 94 73 54 56 17 22 53 10 90 86 41 34 68 25 62 93 12 78 45 80 19 23 92 50 98 59 3 30 72 20 52 31 14 40 66 15 11 7 79 21 39 96 18 55 1 100 57 42 32 99 4 6 85 89 48 49 5 35 8 81 83 82 26 64 47 88 69 74 33 95 77 0 61 13 44 58 76 67 16 91 75 38 65 84 51 37 60 24 9 97 71 36 29 46
70 25 23 77 52 72 50 48 30 93 18 2 38 3 7 15 58 35 91 63 36 43 42 12 84 85 34 61 54 76 41 9 79 10 32 27 37 60 31 17 97 5 95 0 51 89 75 83 73 33 16 55 62 44 87 65 21 56 49 4 46 14 59 99 96 29 53 57 26 1 71 78 64 86 6 88 66 90 24 20 47 39 40 69 19 13 94 28 82 11 92 100 98 67 22 45 81 74 8 68 80
6 59 43 51 7 47 78 54 4 13 46 28 64 14 98 57 2 96 17 76 73 10 65 21 70 93 90 27 45 69 94 33 95 22 25 16 5 18 19 41 53 15 0 9 42 81 50 11 29 92 32 77 23 36 1 74 66 12 34 67 55 40 39 80 75 60 20 68 49 26 86 35 3 63 31 58 48 8 56 97 24 100 82 30 88 38 99 37 87 71 85 72 83 52 91 44 61 62 79 89 84
29 2 100 85 4 34 80 61 50 9 12 84 76 45 46 3 98 87 26 97 5 22 7 93 30 21 37 95 74 17 32 89 70 69 92 13 88 33 31 73 77 19 83 8 68 49 39 6 86 66 51 60 35 44 28 67 75 1 58 56 16 79 41 47 14 24 11 71 94 65 72 52 96 59 38 91 27 82 43 53 57 18 25 48 62 20 15 81 40 78 23 10 54 63 0 90 64 36 55 99 42
38 42 1 34 56 14 28 72 99 18 93 11 53 96 74 31 68 83 27 81 9 13 22 25 48 37 7 57 3 43 45 49 73 95 47 77 98 51 60 91 35 88 36 61 94 79 39 52 17 21 32 67 55 89 33 24 80 16 85 78 26 82 97 40 12 4 59 23 66 19 92 50 8 69 54 0 63 41 90 75 58 29 64 86 71 10 15 44 6 62 100 70 76 20 46 5 84 2 65 87 30
16 43 80 69 18 85 24 47 22 72 87 74 83 2 79 64 0 1 86 92 14 8 70 4 9 66 97 15 81 13 44 11 12 31 6 46 10 7 60 35 23 62 32 58 49 38 90 84 17 51 91 33 36 68 39 98 27 71 26 63 55 5 100 20 54 30 75 37 78 19 25 28 77 89 41 40 50 88 73 45 21 61 76 94 93 56 57 99 52 67 42 48 29 95 59 96 53 65 34 3 82
64 0 34 19 46 84 57 75 71 66 26 91 92 23 38 53 3 6 33 82 43 100 59 18 8 30 32 80 31 85 2 87 56 96 52 9 35 40 83 74 17 27 14 7 98 65 55 88 76 79 1 77 54 63 73 15 44 94 39 25 62 67 4 22 24 37 21 60 13 42 78 95 99 68 28 50 41 70 89 49 20 48 47 86 29 5 72 90 93 58 36 16 12 69 45 81 97 51 10 61 11
86 73 48 89 74 31 11 68 43 78 79 83 57 77 99 97 93 76 96 39 23 3 9 27 6 24 42 52 18 61 65 34 63 32 84 14 85 58 46 12 64 20 0 47 53 71 38 80 72 36 60 90 30 92 70 88 51 5 45 56 66 22 75 82 98 95 33 40 2 41 13 50 21 55 26 94 16 54 10 35 28 37 100 69 15 87 62 81 25 7 29 91 4 49 19 8 1 44 59 67 17
9 8 96 90 92 30 53 97 88 28 52 25 41 5 86 31 23 64 80 54 95 33 16 0 89 100 83 57 22 32 72 51 48 61 39 34 37 27 19 21 93 15 73 66 74 67 12 26 1 49 50 76 75 79 70 10 13 6 4 84 60 24 62 71 42 18 14 58 87 94 99 36 11 3 85 7 82 45 91 63 44 17 68 38 29 56 59 98 35 78 77 46 2 55 65 40 81 69 47 20 43
59 46 42 85 29 95 76 80 97 10 70 30 73 36 38 82 87 16 98 19 3 52 100 89 90 72 47 84 64 33 0 20 69 78 50 62 11 32 28 94 68 22 41 44 37 45 88 63 79 60 54 81 14 67 96 57 5 4 53 8 15 25 7 17 83 1 74 26 6 2 77 34 56 24 49 27 39 61 66 92 23 65 55 18 86 99 21 75 12 31 93 35 51 40 48 43 13 91 58 71 9
100 77 95 44 4 35 33 79 57 49 24 71 88 37 1 13 16 8 70 80 34 51 60 22 14 18 48 26 99 20 92 58 3 27 59 9 23 45 87 94 5 74 52 56 89 67 82 90 98 11 65 55 97 46 84 29 76 12 36 73 54 39 19 15 31 42 61 25 2 53 81 63 75 43 93 28 69 30 66 64 47 78 10 7 83 6 41 38 62 0 85 40 68 72 91 32 21 96 86 17 50
47 71 75 81 14 72 73 92 90 85 83 40 88 56 97 100 22 1 30 46 99 5 35 87 15 70 91 21 38 2 26 32 20 79 60 43 16 84 53 25 76 64 48 78 58 34 28 61 19 66 98 13 74 10 17 57 82 62 18 7 33 86 51 8 27 24 4 39 11 89 9 31 44 95 65 68 55 96 49 42 80 3 67 41 52 45 63 93 36 6 59 77 23 69 50 54 12 29 94 0 37
93 47 88 51 50 23 55 98 65 54 83 58 28 100 68 33 43 87 92 80 75 67 76 42 72 71 39 6 13 9 4 60 63 40 5 46 36 95 96 22 79 20 82 99 41 84 73 91 24 1 17 53 57 97 32 11 62 16 27 70 30 52 7 8 34 74 90 89 86 29 35 66 3 37 21 15 78 81 18 69 38 77 25 14 2 48 0 85 26 10 31 44 94 19 49 59 61 12 45 56 64
38 36 17 48 31 43 22 50 8 84 58 100 79 70 96 55 25 57 66 71 41 76 90 93 74 69 13 24 32 80 16 86 53 45 98 52 51 87 54 94 92 72 6 39 37 60 40 5 75 1 85 82 7 97 46 33 59 44 3 29 14 88 20 64 2 83 0 34 23 10 67 11 77 28 26 47 18 91 73 19 49 99 62 65 81 27 56 15 42 63 89 35 21 30 4 61 95 78 9 68 12
96 58 80 39 15 36 20 43 57 18 7 72 59 24 63 56 99 78 68 65 23 91 14 1 6 33 37 21 11 26 67 28 13 66 42 60 32 31 97 77 92 22 25 52 53 8 85 4 40 9 62 50 70 73 41 82 88 27 64 17 34 5 84 29 90 54 69 51 95 19 100 61 47 76 81 35 10 0 94 98 87 93 48 71 38 55 12 46 3 45 74 79 16 2 44 75 89 49 30 83 86
64 43 9 18 69 88 25 47 51 20 5 92 45 10 42 68 23 94 12 34 55 3 89 85 97 41 100 29 50 78 60 0 86 77 56 19 73 90 65 32 31 96 30 91 38 58 26 40 95 24 22 17 13 67 39 79 66 72 71 36 84 76 35 74 44 93 83 53 98 75 33 52 21 48 4 57 2 1 61 14 28 27 16 62 87 59 70 80 37 7 82 11 49 46 99 63 8 81 15 54 6
55 26 34 87 42 77 93 100 86 61 73 31 62 76 6 17 18 45 94 32 80 60 83 82 97 36 12 75 39 70 2 14 71 56 15 81 46 95 54 64 68 63 27 58 5 91 35 98 65 66 78 49 25 51 24 40 20 41 23 8 16 30 37 48 0 79 57 69 96 67 33 28 7 99 89 53 88 3 19 90 4 50 43 22 92 13 85 52 21 10 84 72 1 9 38 44 47 29 59 74 11
53 10 35 20 27 98 71 21 40 13 15 92 83 18 38 22 97 89 84 78 6 59 16 96 68 33 80 45 54 26 28 99 51 17 74 29 3 64 85 57 50 76 56 90 5 63 11 12 62 19 60 87 14 9 47 48 4 75 23 66 67 43 46 81 39 79 82 31 55 69 70 25 42 1 32 34 41 94 93 0 7 91 77 49 88 36 86 52 37 58 72 44 8 95 73 30 61 65 2 24 100
25 82 75 47 4 18 7 53 9 88 8 96 48 15 80 49 24 67 29 3 42 19 79 38 36 64 12 68 6 34 74 56 45 51 87 17 84 99 14 16 61 41 73 59 94 69 86 44 60 89 57 78 95 10 97 37 40 0 55 43 54 35 91 76 13 98 23 30 66 62 28 2 70 100 39 81 26 46 22 50 21 58 65 27 11 32 72 71 20 77 90 85 93 1 52 83 31 5 92 33 63
45 9 82 19 16 89 81 0 27 4 95 13 32 77 99 10 14 36 90 79 75 96 34 22 41 62 48 100 35 38 87 23 50 30 70 31 7 53 68 69 66 64 84 63 93 43 65 24 6 88 85 80 25 26 51 78 1 55 83 40 91 86 3 18 60 37 92 61 12 28 74 49 15 20 29 2 47 72 5 76 56 52 58 67 73 44 54 94 17 39 21 42 33 11 71 98 46 59 8 97 57
39 73 79 65 74 5 41 86 63 84 25 58 13 99 66 90 31 11 100 10 42 81 46 29 82 36 80 67 52 55 71 78 93 0 18 68 61 69 40 64 97 22 75 87 27 89 83 70 12 56 30 49 2 53 24 16 6 1 14 95 4 23 59 88 96 47 94 32 3 72 19 8 38 60 17 34 28 48 20 51 76 43 91 21 35 45 33 15 26 98 57 54 50 92 7 37 62 44 85 9 77
70 87 46 71 89 55 66 39 32 98 74 13 79 3 99 16 77 86 9 45 28 62 29 7 35 63 41 6 12 24 91 19 53 11 52 38 61 15 34 58 0 76 26 65 75 54 95 94 33 50 1 81 68 21 36 27 18 22 56 88 67 23 8 10 80 82 64 59 25 51 69 30 60 84 72 57 100 83 44 14 47 43 93 31 17 49 85 42 92 90 20 73 78 40 2 97 4 96 5 37 48
0 10 30 85 79 21 67 43 24 20 5 17 99 69 28 15 38 34 71 11 73 63 53 75 60 83 100 91 80 55 35 56 81 25 29 26 46 70 19 77 44 98 49 4 78 50 74 48 59 96 94 64 2 40 3 13 90 32 14 54 66 1 88 97 33 65 72 12 31 92 68 76 86 37 87 93 61 22 45 47 51 62 18 89 42 16 41 6 58 23 9 36 82 95 27 52 39 7 57 84 8
19 88 52 1 16 49 20 64 22 23 56 17 7 51 48 4 36 46 69 90 94 39 40 96 86 98 37 31 71 66 34 0 54 55 26 87 95 29 32 70 30 97 14 59 27 92 93 74 79 25 43 33 12 24 63 57 78 83 80 41 81 13 85 2 75 47 99 89 45 53 82 60 100 62 6 68 9 18 44 72 65 28 15 50 5 73 84 8 91 77 61 11 42 10 58 35 76 38 21 3 67
36 96 31 67 11 92 56 5 62 60 84 81 82 17 54 24 70 47 85 50 57 16 27 73 75 21 66 99 63 52 74 68 65 55 69 18 58 19 26 1 48 15 97 37 93 34 0 46 44 79 88 76 12 78 45 49 80 20 29 13 43 61 6 91 33 90 64 10 95 4 59 77 40 22 53 51 89 23 98 35 83 32 30 42 71 94 39 86 25 38 72 2 9 3 28 87 7 8 100 14 41
53 81 50 66 25 17 32 97 72 24 55 9 28 67 39 69 42 19 34 48 40 1 7 47 13 16 20 89 57 86 61 3 56 15 45 76 26 74 70 93 100 51 35 0 99 27 75 31 30 78 41 43 21 2 91 63 94 62 11 44 29 85 92 90 98 60 33 52 46 4 80 37 12 73 6 88 18 65 84 49 79 54 36 23 77 59 71 95 82 96 5 87 38 83 14 10 58 22 64 68 8
48 89 72 84 22 7 96 12 2 62 82 93 41 30 0 42 14 98 51 47 55 10 54 13 77 57 67 80 17 100 59 60 70 26 25 73 36 28 46 58 85 8 33 3 68 37 27 31 43 97 23 64 95 44 39 19 24 91 4 86 38 5 75 65 52 83 76 78 20 49 87 1 88 18 21 6 29 79 71 50 9 94 56 66 35 40 81 53 15 74 69 11 90 32 92 16 34 61 45 99 63
3 74 75 84 21 99 82 76 47 55 51 34 58 13 38 27 41 97 43 50 49 91 39 28 12 80 62 94 59 16 6 32 5 25 100 86 78 96 70 48 9 2 18 1 93 14 33 46 52 81 72 66 40 69 44 95 63 83 57 67 37 11 7 15 77 0 68 53 42 98 85 61 71 87 4 30 19 10 60 89 24 35 20 54 22 88 92 64 79 90 65 31 45 36 73 56 17 29 26 23 8
100 38 45 76 20 33 2 72 14 16 53 98 61 7 78 75 12 4 62 40 28 51 19 52 73 36 71 6 69 89 99 13 26 58 18 21 87 65 84 55 43 93 11 1 50 3 49 57 0 30 68 64 25 63 59 54 8 42 82 81 17 88 34 74 31 9 5 92 66 80 86 37 91 32 47 95 70 29 48 46 77 67 56 85 96 90 79 10 22 44 41 97 23 60 83 27 39 24 94 15 35
67 24 36 68 72 53 100 61 65 74 7 52 21 58 69 89 99 16 2 33 29 55 15 19 90 91 93 44 6 50 34 41 64 60 98 97 11 85 13 94 28 27 49 88 46 25 4 71 10 42 12 3 30 62 20 96 73 66 35 26 78 39 77 57 83 82 63 81 56 47 22 31 5 76 92 48 17 18 70 8 51 40 95 75 80 37 87 32 9 43 54 86 1 0 84 79 45 23 59 38 14
62 35 88 30 22 53 9 64 100 8 95 96 82 47 29 66 74 13 3 2 97 51 73 37 41 28 38 94 27 92 0 61 90 25 55 98 68 85 87 34 43 17 72 86 1 39 6 21 18 50 24 99 16 44 33 5 65 75 14 63 59 57 80 76 42 23 77 81 58 36 91 7 10 52 40 15 20 19 78 11 83 67 93 12 60 71 69 49 84 45 4 56 26 54 89 46 48 32 31 79 70
71 14 40 30 16 23 13 100 93 34 96 36 54 73 10 79 18 51 55 46 33 70 0 65 35 31 64 61 39 37 69 89 88 74 94 72 41 63 4 66 81 87 92 75 12 1 80 52 59 17 22 32 83 62 60 90 95 44 7 26 2 11 50 77 24 21 29 58 42 28 82 56 91 19 76 53 6 85 9 68 49 97 27 99 84 86 67 57 47 48 98 8 78 3 45 15 43 5 38 20 25
41 27 77 59 42 63 98 30 93 58 64 23 44 47 35 24 34 26 81 2 79 53 61 66 67 89 99 48 57 46 9 68 84 22 33 50 95 56 38 90 18 83 55 16 32 11 96 92 20 0 3 70 12 14 6 5 52 88 21 37 75 36 39 78 94 15 49 74 80 91 54 100 17 13 8 10 43 1 25 31 97 86 76 51 72 85 69 40 62 65 29 4 71 45 82 28 19 73 60 87 7
45 2 63 74 5 65 15 28 95 73 30 67 14 7 34 57 1 91 11 88 94 85 20 60 48 87 3 53 23 41 89 12 29 56 6 27 80 31 37 97 17 52 0 22 36 76 18 35 25 49 96 78 50 43 90 10 8 99 77 75 100 59 72 26 86 47 4 98 62 40 51 38 84 61 66 32 54 39 81 79 69 55 64 44 82 16 19 9 83 93 33 70 42 92 24 46 13 21 71 68 58
63 78 67 9 71 26 36 0 84 3 95 79 58 16 5 66 4 64 6 90 30 29 53 91 41 46 86 93 22 33 12 83 35 74 27 100 48 14 81 72 23 54 10 65 25 45 56 31 7 87 40 80 98 15 68 50 38 24 61 8 28 13 70 32 44 88 85 51 2 59 1 82 34 96 17 19 77 18 52 97 62 99 60 49 75 21 92 89 69 76 11 42 94 37 20 39 43 55 57 73 47
3 42 94 16 81 47 20 73 64 46 29 100 98 5 83 28 35 80 50 1 68 0 55 6 18 56 32 17 95 41 9 2 22 36 21 45 48 31 58 86 23 82 87 88 49 77 25 74 72 65 53 38 27 14 66 57 51 61 67 89 60 76 33 40 30 7 90 24 69 99 8 11 39 4 12 71 19 84 15 93 62 78 70 91 79 75 34 54 10 52 43 97 92 26 85 63 96 44 13 59 37
94 4 85 9 88 29 0 12 25 26 11 42 64 95 39 14 34 82 81 47 83 44 71 53 69 58 60 90 91 13 20 45 17 8 59 97 37 84 50 18 32 55 63 56 93 62 2 80 5 40 72 76 48 31 51 54 66 6 41 70 68 19 92 16 75 38 78 3 77 57 24 21 99 49 28 46 23 15 10 86 74 30 43 1 87 98 27 96 100 67 7 52 73 61 79 33 35 65 22 36 89
33 5 81 25 74 46 65 42 70 27 32 89 2 53 76 82 96 59 34 28 19 4 18 44 86 57 94 93 48 60 91 1 41 55 50 7 10 31 39 43 30 47 11 38 14 6 51 15 23 52 66 56 49 88 24 21 0 99 54 36 68 84 79 62 87 40 72 22 77 80 37 17 12 78 95 45 73 97 63 92 58 61 3 100 29 26 90 83 13 98 64 9 75 69 71 16 8 85 67 35 20
54 34 1 27 31 51 68 24 9 91 14 20 22 83 44 0 49 43 32 2 61 18 15 82 7 42 46 53 52 64 29 98 40 92 21 28 74 36 11 58 100 97 55 23 59 77 73 4 70 50 48 89 87 41 60 93 63 3 75 17 78 16 90 35 71 47 19 33 72 39 57 37 94 6 88 80 95 67 5 38 96 65 45 12 26 76 79 86 66 69 25 85 99 8 56 81 13 10 84 30 62
26 0 37 9 3 94 38 75 70 53 57 91 42 59 100 99 60 64 15 35 32 47 51 98 23 87 43 67 25 30 62 10 55 16 36 29 45 86 13 52 1 27 4 83 58 8 6 11 46 48 40 92 24 14 97 89 41 80 31 66 18 65 79 50 82 95 76 5 71 7 54 19 77 17 49 28 68 84 69 73 78 34 44 39 21 74 96 63 22 20 90 56 61 72 33 88 12 2 85 93 81
3 24 9 82 1 30 74 27 6 61 41 46 32 40 19 64 34 33 75 95 13 54 5 87 98 25 89 21 79 68 49 29 85 56 50 16 17 2 67 77 52 31 39 59 58 93 53 57 20 83 7 4 73 69 62 99 48 55 44 35 0 80 60 72 23 84 47 45 97 22 92 86 37 28 18 43 36 66 70 11 51 8 65 91 26 10 100 88 94 90 78 42 71 81 12 14 63 96 38 76 15
11 15 85 70 74 89 49 24 21 19 30 62 51 61 54 12 60 17 98 97 46 52 66 28 40 56 5 76 73 87 25 88 14 68 41 90 1 72 7 94 69 77 29 95 35 45 79 33 83 42 53 20 38 44 91 86 18 58 55 3 78 22 37 39 57 8 27 6 31 43 63 67 75 9 23 0 2 26 82 32 84 47 92 64 65 99 96 50 48 10 34 13 93 100 36 81 4 71 80 16 59
63 94 44 2 29 38 52 68 14 45 97 4 62 80 67 15 43 23 11 5 79 9 41 39 60 73 54 88 87 77 76 78 7 82 70 37 12 51 27 42 10 91 59 100 34 49 21 26 28 0 24 57 96 90 65 31 19 40 75 30 92 85 69 3 17 99 81 61 33 13 58 55 47 84 50 18 64 16 6 22 56 95 74 36 83 93 86 20 71 89 8 72 53 35 48 98 1 25 46 66 32
26 38 44 14 33 23 37 51 40 74 80 65 36 86 62 100 68 11 67 75 4 72 32 98 48 43 54 41 15 16 63 73 56 78 30 52 10 89 0 35 24 99 92 20 55 9 8 46 12 97 70 31 60 47 58 2 34 29 19 18 79 1 93 61 84 42 25 22 5 71 91 83 21 94 27 6 57 45 90 50 17 85 96 53 69 7 64 3 49 28 77 81 82 66 95 76 39 59 87 88 13
62 84 56 87 86 91 52 95 18 26 79 49 21 12 46 68 94 33 100 37 27 97 2 64 10 40 7 89 0 5 31 71 77 28 48 78 36 13 29 14 59 63 67 19 51 4 34 55 98 57 85 41 96 47 24 6 99 72 25 3 61 69 39 16 74 53 54 8 73 42 90 75 30 11 38 15 82 88 83 23 70 65 43 35 76 93 22 58 44 81 45 80 50 92 9 66 20 1 17 60 32
68 37 16 70 62 25 9 59 32 4 40 2 57 60 14 0 35 82 39 73 61 98 46 38 22 13 56 65 47 95 81 6 96 92 11 45 36 72 76 19 48 78 31 97 44 26 20 10 100 79 88 77 74 7 34 17 58 15 63 91 55 8 87 50 1 84 54 99 51 33 29 52 3 86 43 80 75 12 23 90 93 41 49 89 66 18 53 27 21 67 30 24 69 94 5 64 28 85 83 71 42
61 71 53 7 28 88 90 41 37 30 47 26 16 27 89 81 19 4 92 66 43 57 82 73 50 64 49 75 99 69 10 11 33 34 93 32 6 44 94 48 84 39 35 2 51 56 67 87 95 77 86 24 46 3 85 22 40 1 25 91 72 8 65 31 76 45 18 13 55 14 63 52 79 98 62 100 5 97 29 21 54 78 68 23 59 70 58 20 83 74 9 17 36 96 15 80 42 0 60 38 12
19 76 93 67 0 47 70 54 57 97 92 3 96 48 34 17 68 59 98 82 55 64 75 20 90 6 58 32 91 62 11 50 15 46 31 14 100 25 61 7 79 16 33 23 87 69 29 41 28 39 9 71 52 84 40 60 56 36 85 74 38 83 63 5 30 80 78 66 95 86 51 2 4 27 10 81 18 49 24 72 65 8 1 94 99 43 53 22 37 89 88 45 21 44 73 77 12 13 35 26 42
71 16 27 61 18 3 56 30 88 19 50 4 99 45 15 62 65 37 93 76 52 91 73 0 68 95 42 66 5 13 83 59 29 1 51 96 94 75 97 2 80 17 21 7 25 79 41 23 34 40 48 55 82 74 20 36 32 39 98 92 8 57 26 9 69 35 89 31 46 87 86 6 11 100 44 54 70 53 33 77 24 67 72 43 22 85 49 63 60 12 64 10 78 14 47 38 84 58 90 81 28
41 48 34 100 0 88 10 42 73 7 21 87 61 76 46 75 47 68 1 24 56 62 17 97 38 28 4 49 39 13 9 44 85 66 2 63 98 71 43 22 60 36 14 20 50 12 67 92 53 82 69 99 33 15 29 55 40 51 96 6 37 8 93 32 11 80 16 95 70 18 25 58 84 30 19 45 90 5 72 64 65 26 3 94 74 79 81 31 27 52 54 89 35 91 77 86 83 57 59 23 78
87 55 3 68 99 93 27 64 52 82 45 47 31 4 2 66 94 69 0 61 77 40 28 95 39 6 91 89 67 34 42 75 13 83 12 92 51 17 16 49 63 29 85 18 50 97 24 57 54 78 98 81 32 19 20 74 100 9 84 14 76 44 10 37 7 11 35 8 65 48 60 25 53 86 30 70 33 96 23 46 72 80 22 15 90 73 36 26 5 71 56 88 59 58 79 41 43 21 38 62 1
70 36 25 100 63 60 68 30 6 54 11 89 52 86 41 33 35 49 28 53 45 29 20 96 4 42 5 80 78 71 97 47 40 13 57 84 79 99 12 95 18 50 48 85 58 76 34 73 8 1 69 3 74 43 93 27 2 72 98 32 23 65 91 88 82 90 81 94 9 61 14 56 83 46 66 92 64 24 37 87 26 22 31 67 55 21 19 15 17 75 7 38 59 77 39 62 0 44 10 51 16
49 23 13 17 53 47 55 78 16 100 39 56 3 77 89 95 33 82 67 97 29 42 50 94 88 12 91 93 6 10 66 21 86 60 70 62 92 18 7 63 27 36 74 1 9 30 69 38 26 73 58 41 45 76 90 72 32 46 15 81 57 8 43 11 31 5 14 25 37 84 19 48 40 0 96 79 34 75 4 24 85 80 44 51 71 87 2 35 68 98 61 83 28 99 54 65 22 52 20 59 64
72 91 66 67 44 84 97 77 53 75 73 23 4 0 45 63 3 5 78 59 70 30 89 27 86 98 76 20 52 28 18 10 31 50 71 57 92 79 7 99 38 61 68 49 43 36 51 15 74 41 6 93 8 90 22 83 58 62 32 29 1 33 48 87 69 2 34 25 39 19 13 100 9 14 24 47 40 88 26 85 35 81 12 65 82 60 42 46 95 17 96 94 55 16 80 56 21 37 11 54 64
16 18 91 23 52 63 75 46 1 78 71 12 92 8 82 55 96 3 5 2 48 40 45 26 70 28 99 31 42 21 100 44 60 50 87 6 13 37 34 7 32 83 15 10 97 81 30 88 58 59 4 22 57 17 84 56 33 76 35 77 68 61 73 53 36 65 72 29 24 90 86 93 95 43 80 69 85 27 66 9 89 54 49 67 25 39 41 64 19 38 11 62 20 14 47 0 98 94 74 51 79
63 91 31 100 94 23 35 42 56 17 2 50 51 90 21 33 72 76 52 46 84 8 41 54 65 28 92 18 96 1 53 3 32 71 88 11 60 15 9 7 70 10 75 68 45 95 29 57 73 67 83 13 4 80 99 38 86 97 66 82 74 89 48 40 78 81 30 6 24 59 19 22 12 36 39 25 58 49 43 69 64 47 79 44 93 34 77 98 14 37 85 87 27 5 16 55 0 20 62 61 26
95 47 57 39 4 45 44 66 85 15 0 22 98 48 49 10 29 82 2 91 89 43 67 23 76 9 64 84 16 7 86 19 92 97 54 42 25 99 51 3 20 41 14 80 6 55 21 68 58 38 74 63 31 100 94 90 83 78 69 60 71 53 28 8 5 13 37 18 79 1 62 65 30 12 27 35 93 52 72 75 70 26 11 50 17 24 36 77 40 81 46 56 96 33 34 73 61 59 88 87 32
32 72 17 20 0 75 64 56 39 7 79 43 13 25 93 66 91 81 98 82 77 4 34 14 53 36 33 9 27 63 18 80 12 59 74 73 54 8 6 97 65 100 78 28 90 44 58 57 41 11 49 88 50 55 22 68 71 83 38 42 52 84 62 21 1 61 95 99 86 51 70 35 23 96 76 5 26 10 16 94 47 89 19 29 40 46 60 69 37 45 30 3 15 92 67 87 2 24 85 48 31
75 95 38 29 47 60 2 30 34 50 5 77 93 70 65 44 96 72 23 3 78 16 32 33 59 35 62 81 0 63 20 73 71 6 53 83 36 68 69 99 19 8 46 79 12 18 28 74 49 51 13 41 94 22 84 90 43 82 21 54 9 55 48 42 80 92 25 10 86 4 87 91 52 57 14 7 31 58 11 17 24 40 85 39 100 61 89 88 67 66 37 26 64 15 97 45 27 56 1 76 98
4 77 86 12 43 42 6 3 7 83 10 80 20 78 84 40 58 11 67 69 89 66 30 46 48 74 34 94 47 49 33 8 39 81 17 22 73 99 60 26 36 45 54 87 41 92 31 93 65 57 14 88 51 1 25 71 59 32 2 64 62 63 90 68 82 85 15 0 19 35 16 61 95 23 75 29 79 5 97 72 55 98 76 96 100 21 38 27 44 70 91 37 50 24 13 9 28 56 52 18 53
22 77 87 68 12 69 92 79 11 36 29 49 13 51 2 90 70 31 86 80 48 65 58 94 50 85 89 100 30 27 14 52 96 41 47 66 10 88 40 32 1 73 62 16 4 8 33 61 72 53 56 95 6 91 57 28 97 43 63 35 98 15 37 17 0 71 60 23 75 26 76 45 9 46 7 44 42 38 25 64 55 54 67 39 3 34 5 20 93 59 74 83 24 18 99 84 21 78 82 19 81
84 90 29 23 2 94 97 3 0 85 19 63 51 22 87 20 8 12 81 56 36 53 34 26 75 40 67 77 72 95 7 59 5 99 79 16 92 43 91 69 66 82 15 73 89 1 65 61 44 58 71 18 14 76 21 24 9 38 48 60 57 83 93 35 39 64 32 6 70 98 4 78 55 42 41 33 37 96 47 49 88 27 30 100 68 31 80 11 17 62 13 50 54 25 46 52 45 10 86 74 28
31 69 4 54 27 59 45 39 0 100 66 57 46 48 84 58 24 38 72 70 15 86 3 52 20 8 29 49 1 53 64 36 28 30 74 73 96 21 13 79 80 82 87 9 50 90 11 78 6 33 68 98 47 10 51 5 63 97 26 55 23 18 42 7 25 83 76 43 91 12 85 41 75 99 60 77 17 88 92 67 16 65 61 34 32 56 19 89 14 44 37 2 94 35 93 95 40 81 71 62 22
10 18 68 90 31 43 20 66 94 56 58 1 74 54 17 71 46 80 96 49 95 51 83 12 9 100 23 52 62 28 48 86 78 35 67 32 14 47 16 27 19 29 82 38 61 59 93 33 30 63 75 84 77 76 40 72 89 91 36 5 24 57 7 13 39 15 92 69 65 98 42 64 6 70 79 73 81 55 0 25 85 88 26 87 97 41 11 3 45 4 60 99 53 2 44 21 34 37 22 50 8
65 38 29 73 97 52 61 15 69 42 55 8 6 93 20 63 71 81 68 37 62 12 72 46 92 31 64 76 10 4 19 11 34 35 40 30 75 45 90 70 16 49 89 3 57 80 86 91 21 24 26 14 44 2 54 84 32 47 9 41 39 43 7 67 78 60 100 83 28 48 95 85 18 53 88 98 96 5 13 74 25 17 23 94 36 56 27 82 87 77 50 79 66 99 58 22 0 51 33 59 1
