100 5 97 80 64 26 54 14 32 67 48 99 50 9 28 79 92 47 82 40 87 31 4 60 20 7 53 81 93 94 18 59 23 36 90 52 85 0 56 42 51 74 29 63 45 16 55 58 86 38 17 62 12 22 49 66 30 46 70 75 71 68 27 96 78 10 25 98 39 61 88 1 91 15 6 83 34 24 44 41 69 3 35 57 43 73 8 19 72 21 65 77 2 33 89 84 76 11 13 37 95
58 22 88 61 8 34 54 42 9 76 0 99 49 50 26 2 18 71 64 44 56 67 28 98 27 43 75 94 4 96 37 87 35 14 7 74 81 83 19 57 38 29 15 79 51 70 30 45 59 82 73 10 31 3 52 13 20 65 77 46 84 69 1 40 78 63 36 17 16 100 39 48 53 91 86 93 24 47 21 80 97 72 66 95 41 32 85 25 6 62 90 12 55 92 33 60 5 68 11 23 89
96 11 31 15 58 7 27 45 60 3 67 90 75 88 53 1 77 32 40 71 93 55 0 28 44 81 64 72 24 52 13 26 85 65 78 86 25 59 73 22 66 92 10 83 16 35 94 98 33 46 9 36 63 23 2 95 62 74 19 8 97 99 14 82 42 69 47 6 17 68 70 5 21 48 43 37 12 30 61 50 100 76 79 34 18 80 87 56 54 57 41 20 84 39 49 4 91 29 89 38 51
60 51 69 61 94 52 24 84 55 4 97 17 53 41 36 72 59 34 98 63 11 32 58 35 37 68 54 79 21 44 100 19 70 39 28 87 48 76 83 49 80 66 81 88 0 30 5 64 7 14 91 3 71 6 42 85 22 26 23 86 20 43 25 65 78 75 62 73 13 74 47 82 38 89 29 18 8 93 12 33 27 9 56 50 96 16 10 46 15 95 90 45 92 31 57 77 2 40 1 99 67
57 24 55 82 69 28 64 9 60 85 2 21 0 74 52 6 31 22 46 20 71 26 56 63 25 65 88 50 11 58 90 94 44 8 93 1 7 87 17 99 81 35 97 49 5 70 10 38 15 95 37 61 92 72 80 77 47 16 68 86 33 27 66 67 45 19 13 43 42 78 73 29 51 53 30 98 59 32 84 100 23 89 18 75 62 48 41 3 4 34 83 39 40 12 14 54 76 79 36 91 96
49 73 75 7 9 35 74 29 44 46 87 20 24 65 36 38 45 92 10 23 63 51 53 21 66 95 76 41 5 11 30 16 78 98 40 57 90 67 55 83 70 4 58 71 48 27 19 12 69 61 100 39 68 37 42 31 1 72 79 15 0 62 84 32 85 59 28 26 86 14 94 22 50 47 60 96 18 77 88 34 97 82 93 3 8 56 81 54 99 91 89 33 64 80 43 13 52 25 17 6 2
64 90 53 95 5 55 77 82 86 42 28 10 18 3 25 71 99 6 15 9 74 22 69 62 66 85 41 73 40 59 89 14 68 47 35 12 97 16 37 58 87 13 52 17 29 36 45 63 27 26 34 54 83 57 80 88 100 8 21 24 65 4 79 39 1 33 32 2 72 61 46 44 38 94 96 78 93 81 67 7 84 0 60 19 11 23 70 49 92 31 50 20 30 51 56 43 48 76 91 75 98
80 76 6 73 85 92 100 67 97 41 34 51 88 93 0 36 63 14 54 48 98 8 19 49 21 68 35 75 65 60 62 25 29 17 28 55 22 94 69 61 56 2 44 15 26 18 3 23 46 20 4 58 70 31 43 71 79 84 7 1 50 12 64 42 38 59 13 91 33 74 37 90 32 72 89 81 40 52 96 5 9 99 95 86 47 16 30 87 57 11 53 77 10 78 45 27 24 82 66 39 83
31 77 47 39 53 33 82 87 41 67 19 22 9 96 71 95 63 86 8 50 17 37 29 16 34 59 35 54 62 89 72 21 68 76 83 5 75 78 88 51 13 24 30 44 56 92 60 11 27 80 49 99 28 94 32 84 6 38 64 46 57 66 2 65 18 85 73 10 43 14 23 58 97 15 1 3 48 69 74 98 90 7 12 81 42 55 100 25 61 4 79 45 52 93 26 40 91 20 36 70 0
12 70 84 49 52 62 56 55 46 63 17 33 80 2 91 16 89 37 69 78 21 73 35 19 29 18 3 8 14 7 6 38 44 66 25 54 10 23 11 79 22 100 51 88 50 93 64 26 75 67 30 92 4 90 71 96 82 47 36 43 42 9 20 53 48 24 74 76 13 34 94 57 99 41 15 1 77 5 61 81 83 40 68 98 60 58 65 95 0 45 27 97 85 59 28 31 32 72 87 39 86
37 58 26 41 71 74 32 98 31 68 25 42 94 49 52 9 22 6 44 50 77 30 8 66 99 15 43 24 61 57 55 82 12 4 27 18 16 100 76 47 51 39 79 60 88 90 97 13 87 1 59 62 64 81 3 73 89 17 45 75 29 70 20 0 23 40 5 92 86 36 56 96 2 11 46 28 72 85 78 21 35 33 80 69 93 67 38 53 83 63 54 34 48 19 14 84 91 10 7 65 95
71 45 22 75 92 72 42 84 0 2 12 44 11 29 81 87 58 56 21 13 49 82 51 1 95 20 61 52 62 28 47 86 85 50 9 70 4 26 14 63 32 69 64 96 8 41 80 7 37 27 3 94 97 35 60 66 83 39 34 73 78 48 93 19 25 54 38 88 23 91 15 57 77 36 10 46 74 6 40 68 16 65 76 17 24 59 5 99 89 100 53 98 55 31 90 30 33 79 67 43 18
56 68 62 63 96 43 29 86 98 97 74 5 95 15 81 65 66 41 84 4 3 83 91 55 64 58 77 11 21 80 26 17 61 36 92 69 1 72 70 34 0 100 28 59 16 67 93 27 30 7 14 10 12 35 31 33 8 75 99 48 25 79 22 38 2 20 47 87 85 45 50 73 89 54 18 23 13 49 42 53 82 71 88 78 40 94 39 57 9 90 19 51 60 24 46 76 37 32 52 6 44
10 83 70 59 24 95 62 69 22 47 8 2 99 6 82 84 86 91 94 35 92 74 53 28 65 20 40 13 48 34 36 42 33 78 37 17 90 81 12 49 63 76 97 55 79 46 45 31 32 60 4 93 26 73 19 41 18 25 30 64 51 98 16 27 71 87 61 66 3 58 21 44 11 85 15 100 14 75 39 72 96 52 43 7 9 29 67 5 56 68 77 57 50 54 88 38 23 80 1 89 0
67 90 79 43 32 20 16 23 14 27 5 78 40 51 7 2 95 76 45 100 24 30 53 62 93 10 1 49 69 22 88 19 81 96 21 84 77 38 75 33 39 65 82 91 15 98 34 52 25 26 29 11 68 71 64 57 28 35 42 37 46 44 66 36 74 83 94 55 6 54 8 9 89 18 0 86 72 63 17 47 85 58 56 59 80 3 41 50 12 92 73 48 99 4 60 61 31 70 87 97 13
50 39 38 94 29 91 100 84 99 89 25 87 48 12 15 23 24 57 34 72 35 18 40 54 51 42 41 82 6 52 92 55 62 86 85 44 16 2 58 17 31 36 61 59 60 76 49 83 27 3 69 97 77 70 26 13 10 63 22 64 47 11 79 90 75 0 1 65 81 37 80 4 93 30 28 32 88 74 67 33 68 98 14 96 78 73 8 5 19 45 9 71 95 66 53 21 46 7 43 56 20
70 6 85 25 45 69 1 46 78 35 9 49 83 8 99 7 53 33 15 27 38 97 5 0 60 52 47 34 28 77 40 82 14 56 59 10 36 44 80 12 84 64 16 86 13 2 75 42 89 31 87 81 90 88 93 71 76 63 67 50 55 4 17 48 23 32 95 51 92 39 66 100 94 57 61 20 96 65 98 73 54 62 22 24 18 29 41 79 43 21 91 30 19 68 11 72 74 37 3 58 26
63 95 0 66 17 69 68 89 34 64 82 97 57 65 21 55 41 27 67 20 15 18 93 33 59 4 98 94 60 31 40 77 13 2 7 88 37 47 84 8 30 49 50 53 1 29 45 46 9 16 44 79 22 48 76 32 11 43 100 36 86 96 5 73 74 85 23 62 91 24 12 51 39 71 56 54 90 35 25 14 52 58 38 80 99 72 61 78 81 42 10 3 87 70 28 75 26 92 19 83 6
88 37 84 78 24 95 42 99 70 16 66 20 13 97 45 28 74 63 75 40 86 2 29 68 94 0 21 35 67 77 76 53 85 51 64 30 18 26 87 44 55 54 14 83 39 43 32 73 90 19 69 79 61 4 23 3 49 81 56 7 92 34 10 80 98 48 33 52 91 31 62 1 11 58 96 82 36 5 17 22 59 57 100 60 38 15 46 6 8 50 71 25 27 72 93 41 12 89 9 47 65
75 26 73 65 88 66 2 76 44 47 1 25 8 71 60 84 59 52 39 0 9 85 15 92 10 46 6 43 45 61 94 30 18 57 3 33 48 86 32 41 37 69 67 62 55 27 79 54 100 12 87 91 72 95 93 5 99 14 49 53 82 90 83 70 23 68 74 63 40 7 50 19 35 56 78 22 96 34 28 42 21 38 16 31 17 13 98 89 36 4 51 29 97 58 11 81 64 20 77 80 24
41 17 35 49 57 11 48 1 30 80 71 55 95 76 92 93 5 37 18 56 4 9 77 34 59 100 28 54 33 8 60 85 22 88 16 3 47 14 19 25 73 81 82 46 24 44 31 7 75 89 63 45 23 42 50 51 40 86 20 29 64 38 99 94 27 70 74 21 84 43 66 36 96 58 62 52 97 72 6 98 39 87 12 61 53 78 90 79 15 32 0 67 83 10 69 26 68 65 91 13 2
75 62 30 39 14 5 68 54 88 100 61 52 46 74 6 82 67 98 12 53 78 15 8 47 93 87 7 81 1 89 13 11 32 77 42 73 4 44 37 21 97 92 60 49 9 0 35 94 41 83 51 99 10 16 66 65 84 59 20 55 91 76 38 58 48 24 64 85 40 86 36 29 19 17 22 63 27 50 56 3 18 2 96 28 71 23 45 26 34 70 33 95 57 72 43 25 69 90 31 79 80
83 66 73 14 70 95 81 31 94 100 56 88 49 44 22 19 72 5 62 50 29 24 33 11 64 27 26 52 6 68 48 15 37 75 28 96 60 30 91 20 53 2 9 74 93 84 23 47 39 3 99 18 55 65 41 35 45 69 79 51 16 46 10 61 38 86 25 34 7 42 32 36 40 97 13 21 17 82 0 98 12 78 89 54 80 85 58 92 63 90 8 77 87 71 1 57 59 4 67 76 43
26 56 58 5 54 90 91 15 73 25 62 94 92 8 27 68 64 89 51 37 38 79 17 29 93 20 81 23 14 74 32 100 46 98 2 60 85 16 34 66 70 11 9 96 22 36 42 84 7 33 71 88 44 97 13 50 12 21 61 69 35 4 63 80 86 87 6 30 77 82 52 65 10 28 55 18 76 19 43 3 78 48 83 95 39 99 31 75 49 0 57 47 40 24 67 72 1 45 41 53 59
37 22 47 4 17 52 62 24 81 67 49 11 79 61 70 99 57 28 64 39 78 68 66 7 53 8 46 29 6 18 98 97 55 30 25 15 60 31 59 3 72 45 95 26 43 35 36 88 19 92 50 5 33 44 51 12 0 77 32 56 82 75 87 41 63 91 94 21 20 69 48 54 89 9 80 100 71 73 1 23 90 14 58 2 13 83 16 76 38 40 10 34 86 93 65 85 84 74 96 42 27
96 91 86 17 49 70 25 76 54 11 92 63 57 27 46 13 95 89 60 44 64 94 0 34 93 4 23 21 18 28 61 51 48 81 33 58 87 16 78 100 71 35 9 12 56 65 90 29 88 3 66 83 38 74 55 42 43 53 50 97 98 75 80 36 22 99 2 85 8 39 40 24 68 37 72 5 84 67 7 1 69 52 73 10 26 62 82 45 47 32 59 79 19 77 31 20 6 30 14 41 15
6 76 94 18 39 31 26 48 35 54 60 16 73 28 96 81 23 84 72 4 1 14 19 70 17 74 11 91 46 88 93 71 85 69 24 21 9 89 75 79 0 64 41 52 37 20 47 38 32 44 62 83 2 25 13 59 57 80 7 8 87 29 42 49 10 95 40 65 82 98 77 36 90 3 50 45 68 61 58 27 30 43 53 56 34 99 78 15 22 55 33 67 12 5 86 97 92 51 100 63 66
94 44 58 26 92 33 2 39 89 75 1 61 16 87 69 46 5 53 36 45 57 6 19 0 15 10 24 60 48 80 29 85 22 88 18 63 54 97 3 72 30 13 100 20 40 81 9 11 28 31 37 7 99 66 73 32 21 35 98 93 4 79 90 68 96 76 51 74 77 50 59 43 8 47 14 55 65 49 27 83 56 86 91 78 95 34 70 38 84 17 25 23 62 41 82 67 42 52 71 12 64
7 12 37 64 27 41 50 35 17 22 49 77 30 93 80 72 95 68 38 73 33 53 58 84 40 39 1 88 5 60 15 23 36 54 63 6 67 24 86 97 18 70 65 9 0 55 75 51 3 71 2 10 89 81 78 32 48 43 11 47 62 20 46 57 90 85 8 56 31 25 98 69 61 87 74 66 76 99 16 13 45 28 14 82 96 21 52 19 59 29 34 94 79 26 44 83 91 4 42 100 92
94 36 33 73 88 42 77 87 27 25 12 55 47 79 43 7 17 90 68 71 86 85 10 97 98 39 8 52 91 74 29 35 26 56 23 3 62 95 45 4 49 93 100 58 72 83 84 54 64 37 13 67 99 61 92 19 96 16 75 31 76 21 41 81 80 51 48 70 11 46 57 14 44 22 40 30 65 59 60 34 1 18 69 9 15 50 78 53 24 6 89 5 38 2 20 32 66 28 63 82 0
74 68 1 7 75 45 5 36 13 21 62 93 6 33 79 60 24 86 72 67 11 28 8 92 88 0 66 14 26 95 59 12 53 34 27 41 4 80 91 44 78 52 99 69 97 37 51 17 9 55 47 70 38 19 46 50 77 43 22 94 71 18 64 3 48 2 35 58 15 65 63 85 73 61 42 20 76 54 10 87 100 16 31 39 82 23 84 56 49 57 40 25 96 32 98 90 83 81 89 29 30
29 14 45 77 42 23 92 21 54 16 74 88 19 61 70 40 83 84 50 34 2 90 71 91 18 80 33 10 97 48 75 35 17 58 0 8 49 11 96 64 81 1 99 5 89 36 27 66 69 51 100 87 72 86 7 65 15 59 44 37 94 12 76 22 3 82 62 73 43 46 30 79 39 31 9 57 98 24 56 4 67 85 25 63 93 6 78 20 38 47 95 32 52 26 68 41 53 55 60 13 28
33 81 23 87 90 94 30 58 92 39 66 14 93 9 100 99 95 60 19 72 45 10 70 17 1 71 73 43 13 59 34 76 68 83 98 0 69 5 50 31 44 51 86 53 2 82 74 8 20 48 79 49 40 21 32 89 77 61 56 35 55 84 38 6 22 41 11 47 67 46 42 65 37 85 97 25 7 24 75 54 96 4 15 80 91 28 63 52 27 78 64 3 62 16 57 18 88 36 29 26 12
27 22 76 42 84 61 71 97 31 89 95 65 28 43 46 74 50 79 54 83 99 5 63 33 13 3 75 82 88 7 30 25 6 62 41 39 37 23 0 18 15 45 64 29 94 58 8 80 11 77 17 19 52 53 24 81 93 91 90 87 2 70 100 9 34 10 96 35 1 85 12 59 69 4 48 98 20 57 78 16 51 26 47 68 38 14 56 21 66 92 55 32 44 40 72 67 73 49 86 60 36
58 40 39 56 63 43 12 84 95 27 20 59 24 83 100 37 70 47 60 42 54 10 75 90 17 67 45 94 6 0 64 3 78 7 92 76 68 13 98 26 74 14 50 73 22 44 72 4 8 55 79 93 18 82 89 38 99 16 88 30 61 62 96 25 69 71 87 15 86 29 31 23 41 80 85 34 65 57 66 32 52 53 81 36 51 77 33 5 28 21 1 48 9 2 35 11 91 97 46 19 49
6 77 74 30 58 14 19 61 41 36 3 53 98 7 75 26 82 84 57 1 93 79 69 85 48 42 24 29 2 72 40 92 80 88 54 90 32 97 4 20 47 66 51 5 9 37 17 87 10 65 83 46 49 95 91 64 25 23 28 50 67 89 18 96 38 63 55 13 73 59 15 94 22 60 21 56 45 100 12 70 43 16 62 11 44 71 8 99 33 27 76 52 0 35 31 81 78 86 68 39 34
33 29 14 73 56 96 100 19 69 37 83 31 57 75 94 86 89 59 50 61 95 88 92 32 68 30 9 66 77 2 79 44 4 1 99 10 53 26 90 67 81 39 64 11 80 58 25 6 27 12 97 74 35 21 5 45 47 0 51 63 54 22 93 20 48 34 41 82 85 43 76 17 7 13 8 42 72 91 98 15 23 38 55 87 36 84 60 49 71 3 18 52 65 40 16 28 70 78 46 24 62
60 46 83 84 43 47 1 7 38 76 99 22 3 25 37 35 61 66 6 33 72 0 15 50 100 89 73 17 28 58 27 56 18 54 94 8 69 2 48 13 87 88 95 9 82 62 53 74 80 78 93 68 21 19 24 26 49 44 52 91 86 51 45 12 67 4 71 57 30 63 77 97 39 40 5 96 11 79 36 23 42 34 85 65 20 64 16 32 98 90 55 81 75 41 70 14 59 29 10 92 31
84 21 51 92 35 24 79 32 10 100 2 58 74 47 56 12 55 50 37 16 49 29 17 60 44 76 1 87 98 43 62 83 52 82 93 94 57 4 20 28 64 3 80 70 9 53 40 89 54 5 25 65 97 30 75 38 48 68 46 15 33 13 66 22 0 26 18 85 6 61 86 7 90 95 45 14 78 11 96 34 99 27 8 59 41 31 77 73 72 81 19 69 88 71 63 23 42 67 39 36 91
31 3 52 80 38 15 20 36 1 74 65 0 28 70 23 63 95 62 29 18 57 16 84 44 79 50 6 60 59 43 61 22 45 54 72 67 93 42 19 21 89 81 13 11 75 73 97 48 85 88 99 26 55 69 83 14 100 24 34 27 33 58 9 41 17 92 2 35 94 5 53 71 66 91 10 51 86 49 7 46 25 78 32 64 98 30 4 56 39 68 96 77 8 37 12 87 82 40 76 90 47
33 26 39 76 71 82 40 44 93 91 49 31 89 29 15 84 2 52 24 62 77 97 59 64 47 25 75 68 5 17 37 13 38 81 51 27 43 8 92 18 10 28 66 0 63 12 85 14 41 34 21 9 23 56 94 7 20 42 19 83 99 60 74 22 79 50 1 57 6 87 86 100 46 72 58 96 90 54 88 55 36 4 11 45 48 80 73 69 98 78 53 67 3 32 30 35 16 65 70 61 95
12 49 17 73 59 32 66 92 76 15 46 5 11 50 62 60 4 64 78 7 3 21 25 67 55 39 97 44 53 89 37 2 35 85 83 23 58 10 18 65 61 56 0 52 30 54 16 34 1 22 94 93 69 77 31 100 33 95 45 98 27 47 90 48 41 87 19 28 57 43 71 80 9 79 24 26 88 70 81 13 96 20 84 74 63 68 86 91 8 6 14 51 99 75 36 42 40 38 29 82 72
53 48 65 19 15 47 89 86 1 33 22 29 25 83 55 8 4 11 32 62 10 35 71 36 58 60 84 79 92 69 23 16 31 34 24 70 78 68 43 59 52 41 73 88 61 9 27 77 74 14 75 98 64 51 85 81 3 17 87 93 50 7 76 56 26 39 100 30 18 49 13 42 20 80 91 37 66 40 54 94 95 72 5 21 90 99 44 2 6 38 28 12 96 63 45 0 82 57 46 67 97
25 36 34 65 1 9 41 46 99 71 88 68 75 10 7 53 61 11 79 32 96 80 56 15 44 84 54 69 91 26 92 24 6 20 17 31 57 3 39 14 49 18 22 52 45 27 85 78 58 100 63 23 38 55 81 83 37 30 60 97 67 93 90 82 73 77 28 4 29 2 95 47 62 19 70 59 76 87 35 0 51 33 94 48 42 74 8 21 66 5 12 16 89 98 43 72 40 13 64 50 86
87 82 76 81 36 71 23 28 9 50 92 40 32 14 94 91 26 96 80 6 86 17 47 37 27 73 0 61 57 21 77 3 13 85 12 60 79 69 24 55 34 15 22 62 98 43 42 46 72 31 39 89 51 99 38 29 95 83 35 97 93 20 30 49 25 16 19 5 75 63 70 78 56 74 100 44 90 18 88 67 11 68 66 58 52 4 53 2 33 59 48 65 1 7 84 45 54 41 8 10 64
63 96 39 13 37 5 76 55 69 35 56 16 71 0 59 42 25 34 3 72 30 33 15 95 17 48 49 89 45 75 91 10 6 68 41 94 18 4 65 14 57 60 80 66 86 100 23 87 93 21 83 79 11 62 81 64 97 20 28 24 51 85 61 32 31 77 19 52 46 58 29 99 54 88 27 36 12 43 74 70 98 2 82 44 92 53 90 73 7 50 67 78 9 47 8 1 40 26 38 84 22
68 63 42 75 16 13 34 7 58 69 53 98 19 66 4 48 57 70 72 40 83 6 76 92 82 97 28 87 5 67 59 51 10 62 56 64 41 23 21 30 3 50 18 93 78 27 1 90 96 36 52 95 33 71 12 32 37 85 2 24 61 8 31 38 25 77 26 86 35 14 99 91 88 100 80 22 81 60 89 55 49 0 54 73 84 65 94 46 45 39 20 15 79 29 44 74 17 47 9 43 11
46 15 18 39 73 95 34 55 8 26 49 59 65 20 99 14 44 68 29 89 79 70 25 56 17 41 67 57 30 88 23 69 13 24 16 90 74 84 52 82 53 81 2 36 91 27 3 47 45 98 48 60 72 77 92 9 66 19 22 10 40 21 50 37 71 12 51 11 4 80 43 61 58 0 32 93 38 87 96 6 62 86 33 94 31 97 7 100 1 42 75 54 78 83 63 28 85 76 5 35 64
50 65 96 69 30 71 27 93 25 10 31 63 54 86 43 1 99 9 81 29 5 57 83 60 16 46 35 14 33 82 55 22 19 24 45 32 12 40 64 75 77 76 85 51 67 36 7 38 2 4 34 98 42 89 91 92 95 20 53 11 61 80 100 0 66 88 44 23 78 41 6 15 8 74 49 52 62 37 56 87 70 13 59 17 90 48 39 21 18 73 47 26 79 94 28 58 68 72 84 97 3
40 45 22 94 87 0 81 25 57 15 67 31 29 11 21 64 74 93 70 10 12 86 1 44 71 54 59 66 96 85 7 30 4 76 78 41 65 8 51 17 49 97 63 55 75 100 89 37 3 77 48 26 14 28 91 95 79 2 73 84 90 60 16 56 36 80 99 39 68 5 50 34 35 83 61 42 53 82 69 72 13 19 27 24 43 52 32 18 58 33 20 9 38 62 23 47 88 98 46 6 92
9 26 62 77 82 70 30 44 86 14 80 20 22 11 19 5 79 36 18 34 31 8 56 94 10 97 64 25 61 17 6 54 2 28 48 52 91 100 95 85 87 42 7 66 90 27 15 39 24 13 32 92 65 84 71 99 60 23 50 63 88 72 51 12 58 75 73 1 83 69 76 46 40 55 93 47 45 89 81 57 33 35 68 37 29 98 38 53 78 16 59 4 3 67 41 0 49 43 74 96 21
64 44 49 97 10 71 17 95 31 35 81 36 32 52 89 98 79 34 56 26 47 3 27 8 60 69 66 18 91 67 87 99 90 50 75 46 73 45 4 20 53 78 29 11 6 59 23 33 74 24 25 41 9 28 93 22 77 92 54 14 63 61 88 0 16 58 40 38 82 96 19 72 68 42 83 57 21 48 43 5 65 51 94 85 15 39 37 80 30 70 1 86 55 7 100 2 13 84 76 62 12
51 69 61 41 45 83 9 16 47 75 1 32 89 17 8 92 36 64 72 59 2 42 37 44 21 50 80 87 52 26 90 71 31 29 60 100 82 24 62 22 6 10 95 19 77 91 15 13 35 11 65 85 25 84 20 48 39 79 68 49 97 38 56 53 14 99 57 98 86 78 70 54 0 63 12 27 33 28 5 74 4 88 43 94 34 30 58 96 66 93 76 18 55 3 7 81 73 23 46 67 40
92 33 76 24 97 31 5 18 25 8 64 34 89 87 74 29 39 73 100 77 60 61 35 90 98 30 72 36 22 69 71 95 32 62 94 88 78 46 21 12 70 38 57 14 58 1 17 23 91 81 41 96 56 20 53 93 37 6 49 84 4 45 15 85 80 19 3 66 16 50 79 65 82 2 28 68 42 43 48 10 86 99 59 63 75 26 47 67 7 55 83 27 52 54 13 44 40 9 51 11 0
7 87 72 74 17 64 12 40 45 25 85 97 90 41 19 73 58 88 26 16 57 84 0 93 96 51 37 76 31 5 35 47 65 86 81 22 9 46 1 80 66 77 8 52 54 13 55 92 50 98 18 11 28 14 30 62 67 2 100 94 23 71 59 3 48 33 61 56 79 89 83 99 43 10 82 6 68 63 39 36 38 49 44 21 4 78 15 69 24 91 95 70 27 20 32 34 29 60 75 42 53
84 70 15 36 68 76 30 48 7 81 64 96 85 56 43 23 98 73 52 0 27 10 8 99 65 49 71 20 47 100 78 35 89 59 2 11 17 39 5 40 9 13 79 21 92 77 80 88 28 32 29 26 63 82 38 14 12 74 22 42 37 72 93 24 87 69 34 53 90 4 25 86 55 19 41 54 33 57 83 60 16 50 62 61 94 1 67 91 44 3 66 95 97 75 18 58 6 51 46 45 31
59 48 14 18 3 42 11 88 23 7 43 51 13 19 75 22 79 32 12 33 72 52 50 0 80 70 15 45 16 87 55 17 58 74 98 78 28 35 24 96 56 29 60 84 99 65 95 63 92 89 26 46 61 40 69 9 66 31 36 85 5 93 30 67 97 90 37 21 38 64 53 68 94 47 100 4 34 86 81 57 82 10 91 44 62 2 71 27 49 54 77 6 41 83 39 1 25 8 73 76 20
41 81 12 87 11 6 67 8 21 71 61 18 77 79 1 69 94 22 28 39 92 75 100 64 53 9 93 66 10 72 59 23 43 3 78 76 42 82 33 96 2 73 19 45 32 88 97 5 26 47 29 7 89 4 85 31 36 30 74 63 91 99 40 62 34 50 58 68 46 17 14 37 54 20 16 44 49 24 57 56 65 48 83 55 86 80 90 13 60 52 95 15 0 84 70 51 25 98 35 38 27
52 4 64 93 61 94 74 90 51 9 11 98 46 84 3 62 43 38 88 26 30 14 97 71 29 81 82 77 59 78 36 19 7 32 20 79 87 21 16 22 86 10 55 8 89 12 28 57 100 85 1 2 80 39 23 72 0 67 54 50 35 49 73 95 70 69 58 42 65 56 27 40 31 25 96 83 17 99 60 75 44 41 63 47 13 48 92 53 34 5 37 33 15 45 68 91 66 24 6 76 18
6 88 46 74 42 84 67 9 80 21 55 4 50 71 28 52 73 69 96 27 63 32 25 26 85 82 72 83 44 23 87 15 76 66 61 95 31 79 17 45 29 43 8 0 10 93 53 49 24 97 98 57 56 68 81 70 33 41 77 35 60 11 91 62 37 90 64 16 54 51 92 13 65 2 3 30 20 100 38 89 94 39 14 59 86 1 99 18 36 34 12 40 75 5 48 7 47 78 19 58 22
81 73 12 37 27 32 91 0 100 28 21 13 36 49 29 96 44 97 34 10 79 40 78 89 80 92 47 3 86 25 66 90 85 22 30 51 74 16 2 20 65 15 45 26 33 1 7 4 43 48 70 99 5 61 67 77 69 75 60 59 72 58 39 95 57 93 64 55 94 6 42 68 17 53 18 98 54 38 19 11 41 71 46 50 35 84 76 14 62 23 24 9 63 8 88 52 87 56 82 31 83
26 38 2 7 63 87 64 67 44 86 36 45 16 50 81 83 73 58 98 48 18 39 69 9 57 33 99 52 37 76 53 24 68 23 78 100 47 17 43 3 90 6 51 35 82 8 20 70 22 54 13 40 49 94 62 25 66 34 12 89 60 97 42 27 72 79 0 15 84 10 59 32 71 85 5 31 65 91 4 19 56 14 11 77 46 61 55 30 75 80 29 92 95 88 93 28 21 1 96 41 74
43 86 83 34 93 70 4 99 36 69 10 25 18 71 28 100 29 88 38 5 90 53 35 63 11 22 7 98 85 72 74 26 94 50 12 49 78 79 48 42 87 89 3 13 81 55 21 68 91 80 33 30 61 19 37 31 17 62 76 1 32 58 9 24 75 44 39 51 57 14 45 16 0 56 41 52 82 47 23 27 54 97 67 8 6 84 15 59 46 92 2 73 96 65 60 95 64 66 20 77 40
89 54 62 96 3 8 95 35 63 84 47 50 88 58 75 80 6 78 73 10 14 39 23 31 79 82 28 60 71 4 93 55 36 49 81 37 85 2 13 45 20 91 74 90 100 53 12 52 64 94 99 51 70 86 43 48 30 38 92 9 42 22 44 33 61 1 24 46 18 76 68 98 97 57 41 17 26 72 69 67 16 21 5 0 40 32 59 56 11 66 83 29 77 34 65 27 19 7 15 25 87
83 72 4 13 96 75 71 85 61 81 60 6 20 25 39 17 9 92 73 59 48 49 38 16 43 2 93 31 63 10 91 23 62 57 47 68 67 86 44 76 89 0 84 45 15 66 80 24 42 46 88 22 51 77 64 55 79 36 30 74 52 7 32 40 41 35 8 97 100 53 95 54 65 34 5 87 69 70 78 11 37 12 27 18 98 28 29 33 82 21 3 50 56 94 19 99 14 26 90 58 1
24 31 82 50 72 41 47 18 25 89 93 94 12 84 0 58 16 57 65 98 85 68 28 13 40 53 62 76 3 63 5 87 46 42 10 30 36 70 86 4 80 99 15 52 1 95 49 61 88 39 33 32 38 2 23 60 17 79 6 91 55 81 9 90 100 67 27 83 20 37 48 66 7 21 56 45 71 75 59 69 29 92 11 8 19 43 44 74 51 97 73 64 54 77 96 26 34 78 22 35 14
62 27 16 79 83 41 49 22 39 43 52 29 91 77 2 72 8 5 92 67 84 65 3 45 81 7 73 51 89 70 58 15 31 86 48 35 26 74 9 44 100 96 40 37 42 56 80 0 57 66 93 60 63 99 36 21 78 61 17 28 97 82 11 30 19 98 25 94 46 68 12 59 32 75 34 18 55 85 71 4 76 38 20 10 24 6 47 95 23 54 13 53 90 33 87 1 64 88 50 69 14
55 23 39 78 46 59 37 69 45 8 91 99 48 1 31 9 58 41 30 85 4 56 90 100 24 57 98 25 51 26 68 40 71 2 11 35 3 0 63 92 27 95 64 36 60 79 42 66 18 86 62 16 61 83 54 75 20 5 97 76 77 6 49 19 72 17 70 65 93 21 89 28 87 34 81 50 29 67 10 13 22 44 12 94 38 82 96 84 15 88 52 33 80 7 74 32 14 43 73 53 47
19 18 70 96 52 32 65 0 2 79 53 21 51 82 24 47 81 87 59 5 31 23 74 25 40 36 89 57 63 14 71 66 20 9 7 93 90 3 80 50 13 99 11 41 42 16 27 28 94 85 97 39 4 1 83 46 22 78 62 100 48 67 34 76 61 75 91 44 95 84 37 15 73 10 55 12 54 56 38 98 8 72 58 64 86 26 49 45 68 17 88 69 6 60 29 33 92 77 35 30 43
88 95 50 56 96 59 40 93 69 90 85 36 19 22 64 49 7 76 91 86 0 83 57 20 97 35 2 92 60 74 53 31 73 10 33 65 26 55 16 27 13 81 8 46 94 28 29 43 6 61 47 99 23 100 4 3 80 45 52 5 9 54 21 44 18 30 77 32 12 62 1 89 71 15 98 37 51 75 34 39 63 79 67 48 38 11 70 78 25 82 42 87 58 14 24 84 41 66 72 17 68
41 6 40 15 49 81 62 11 77 55 38 86 63 39 22 76 30 78 27 28 51 37 80 87 94 23 67 89 25 12 45 42 53 26 33 20 35 21 14 75 29 36 98 32 82 71 2 43 73 7 31 16 96 24 19 83 79 52 4 93 44 0 47 65 64 13 50 70 92 48 85 97 88 46 57 95 74 10 9 69 99 66 54 1 18 17 90 91 84 3 56 59 68 60 8 61 72 5 34 58 100
17 93 40 73 30 14 47 67 90 94 45 28 34 76 3 100 20 84 70 27 87 0 66 77 24 22 42 57 46 37 19 18 65 35 25 49 4 74 39 89 51 71 83 23 16 61 58 15 41 55 10 97 2 92 96 53 9 54 86 95 80 88 50 72 48 1 21 32 12 63 33 85 56 43 81 6 62 11 98 44 60 26 79 68 69 75 31 29 78 36 8 38 13 52 82 7 64 5 99 91 59
86 82 17 22 57 99 18 35 37 91 11 25 52 12 46 23 49 70 43 71 31 95 45 93 8 81 33 21 0 73 19 69 58 14 38 48 51 7 24 80 96 79 92 29 56 87 64 55 97 53 68 27 13 36 28 77 74 98 78 9 5 100 10 16 72 85 41 61 76 67 47 63 20 59 34 75 50 54 84 39 4 62 44 89 3 2 1 15 90 32 26 40 94 88 66 83 60 42 65 6 30
6 84 85 61 14 40 34 22 58 46 4 30 98 87 21 99 88 91 82 74 89 24 12 25 68 35 100 92 8 15 20 49 63 70 32 38 2 44 72 48 10 97 17 9 51 90 77 29 86 76 65 33 39 26 0 7 62 1 56 52 79 3 43 75 53 28 18 95 67 60 54 37 23 78 5 27 47 11 66 45 81 36 94 16 83 13 69 73 42 50 59 93 31 55 71 64 96 19 80 41 57
70 86 22 12 75 71 62 32 41 42 21 66 88 25 73 82 19 98 7 6 15 80 58 16 63 0 37 76 90 30 45 23 69 84 31 48 59 49 52 99 65 11 100 46 79 43 64 18 54 67 55 96 72 94 13 20 78 77 38 14 53 8 74 40 34 95 17 4 91 68 57 47 35 61 2 83 36 10 85 60 27 1 89 50 9 29 39 5 56 28 87 3 93 44 24 97 81 92 33 51 26
93 90 25 14 13 21 99 4 62 64 72 91 71 17 59 82 5 78 12 18 67 8 48 32 73 16 7 95 37 43 19 50 84 61 42 75 20 58 10 89 92 26 45 44 35 86 68 6 77 9 79 31 2 53 0 98 88 96 51 15 46 97 24 83 56 100 30 1 22 47 3 11 40 66 63 74 60 85 54 76 39 94 70 52 36 65 27 41 81 69 23 80 57 55 87 49 29 33 28 34 38
53 99 83 69 55 73 1 96 39 16 44 17 30 35 33 31 56 67 68 77 75 43 64 34 18 5 41 66 29 62 89 19 80 50 57 48 9 100 22 13 14 63 79 82 54 78 26 94 60 81 52 24 85 88 7 92 3 40 6 0 71 28 65 23 8 11 90 25 15 93 21 47 12 4 87 95 70 72 49 98 59 76 97 2 27 46 37 74 58 45 38 10 86 61 91 20 51 32 84 42 36
44 75 97 1 45 55 21 58 84 70 71 76 63 52 12 94 26 5 80 85 81 56 22 40 79 72 15 91 31 9 82 60 96 95 43 69 23 90 37 34 0 30 50 74 16 53 87 14 59 17 49 48 4 93 20 38 28 67 46 35 32 3 100 8 73 68 65 77 51 19 18 33 2 29 98 47 11 83 6 41 27 62 99 61 92 39 10 78 36 89 42 13 7 66 57 24 88 25 64 86 54
98 81 22 20 88 19 74 48 10 36 83 7 59 44 66 76 17 56 65 34 67 40 85 93 32 42 38 92 69 29 96 28 8 95 68 89 58 25 80 90 64 39 82 73 13 50 12 97 1 0 61 77 30 51 6 46 24 27 5 53 43 78 91 35 87 75 86 31 63 57 71 100 18 70 26 37 47 3 79 45 60 2 99 72 84 14 94 33 52 23 49 21 11 4 55 16 15 41 9 62 54
100 43 39 6 32 25 67 35 58 55 0 95 29 1 15 96 48 45 7 76 83 13 44 59 56 12 17 2 52 62 42 46 40 99 24 38 23 90 84 14 75 93 21 66 68 19 22 94 37 74 26 92 31 85 11 79 65 77 4 63 70 3 10 8 97 9 53 50 36 18 81 72 64 47 71 49 27 60 82 86 91 88 5 57 28 78 73 41 33 20 30 80 98 16 54 89 51 34 87 69 61
78 97 80 31 61 3 92 75 35 25 54 33 69 47 22 79 74 19 15 91 40 49 24 84 29 43 77 64 55 37 11 90 85 2 95 46 68 5 88 48 32 23 83 26 28 36 9 59 41 58 98 38 57 17 62 4 53 52 7 12 94 18 34 73 45 71 8 86 67 21 1 50 66 60 63 10 30 93 51 42 72 56 89 13 99 20 27 44 70 65 0 96 100 16 6 81 82 39 87 76 14
24 32 73 40 79 20 6 82 84 87 91 69 4 42 76 100 88 27 55 22 56 89 16 98 38 12 77 10 67 2 11 78 28 17 18 92 83 13 71 86 95 85 15 60 9 7 45 50 64 23 65 96 19 0 75 5 26 58 25 1 37 99 66 31 54 81 30 36 63 3 51 90 21 97 47 8 49 93 74 29 57 59 70 80 46 62 48 41 33 94 35 34 14 39 61 44 72 53 52 68 43
8 10 42 81 86 69 63 78 61 50 36 71 95 31 22 56 39 62 53 74 27 59 79 18 20 91 7 14 9 84 32 21 94 12 54 25 49 70 97 11 96 52 60 73 3 65 76 99 87 40 41 29 15 93 13 0 58 72 90 16 47 45 68 77 55 88 89 33 5 51 46 23 17 57 43 37 67 98 64 6 30 83 2 4 48 34 28 85 24 66 19 26 75 35 80 44 1 100 92 38 82
3 16 75 61 62 36 82 13 31 5 83 70 11 44 55 84 95 59 71 66 64 51 85 69 77 32 25 74 72 93 15 12 100 88 63 46 96 18 79 76 65 21 37 1 78 35 92 60 41 22 90 2 0 97 7 99 48 52 17 87 39 45 24 40 57 33 53 68 73 8 9 42 89 29 4 28 38 81 27 49 23 56 58 47 43 54 26 14 91 10 30 6 50 34 94 98 19 80 86 67 20
76 3 35 61 16 32 0 60 89 31 66 62 28 7 92 27 6 75 91 87 41 8 96 14 57 79 56 72 78 63 13 58 12 44 90 10 36 18 94 29 53 9 95 82 43 46 86 22 80 40 83 17 70 15 21 47 98 93 23 84 55 24 97 73 67 51 11 1 99 25 26 33 38 69 52 71 48 54 65 45 88 77 74 20 85 81 19 100 34 39 4 30 50 59 37 49 42 2 64 5 68
99 54 75 61 9 18 24 11 37 49 82 34 38 41 74 68 84 13 47 46 36 89 33 8 30 94 10 4 32 19 56 70 97 87 48 73 42 2 67 58 91 96 23 72 16 60 7 0 39 22 14 27 21 6 77 45 3 95 53 83 12 50 40 51 69 17 80 98 20 62 26 57 1 92 29 100 44 65 64 52 28 81 15 79 31 43 93 55 25 90 71 59 5 88 85 78 66 35 63 76 86
9 7 16 93 84 53 99 3 70 20 52 8 39 85 42 76 12 79 18 30 67 60 25 78 0 46 100 45 37 23 17 83 91 59 47 89 55 2 90 33 35 24 38 92 22 61 29 95 40 31 34 48 56 15 4 64 77 10 32 69 63 57 13 27 41 26 50 1 81 74 51 43 66 5 71 58 82 44 94 14 11 80 54 87 96 73 98 49 21 62 28 65 36 72 6 19 97 68 88 75 86
7 35 51 89 42 72 74 22 12 50 52 82 23 48 59 9 15 64 87 78 39 14 83 99 77 31 55 62 79 1 43 86 0 29 8 34 47 21 6 28 84 18 13 98 4 63 58 95 30 11 75 5 65 53 69 96 33 49 46 80 57 71 3 41 88 2 97 76 81 92 66 25 68 44 40 26 19 90 38 45 37 32 100 60 67 94 91 54 70 27 73 85 20 61 16 56 10 93 17 24 36
84 37 86 11 10 25 46 50 12 73 3 24 82 23 66 100 58 29 30 13 57 74 52 65 32 93 27 61 77 44 53 91 6 96 92 81 70 14 31 55 39 20 1 48 45 67 4 17 18 78 68 22 7 90 38 2 63 28 62 97 5 19 54 79 43 8 59 83 41 98 85 15 75 71 40 99 51 56 87 88 89 9 49 95 69 80 35 34 33 94 21 36 60 16 26 47 42 76 64 0 72
15 69 30 45 40 34 16 22 28 41 78 0 100 85 77 13 55 84 2 10 5 97 66 56 80 37 94 60 32 76 65 38 18 31 51 62 9 96 26 75 48 36 50 74 29 33 86 58 68 67 81 99 20 52 95 43 19 35 25 93 73 89 4 72 7 39 98 59 23 53 21 49 1 27 64 63 17 24 46 42 44 83 11 3 82 8 70 61 6 90 91 47 12 79 92 87 71 57 54 88 14
5 54 94 80 29 7 85 51 79 87 50 89 88 64 31 26 93 38 4 9 76 40 14 65 46 82 2 74 42 61 78 81 70 56 48 21 92 53 17 43 10 100 35 16 58 72 19 41 59 33 34 75 37 55 27 39 90 36 68 30 6 24 15 20 18 96 62 13 98 60 97 83 71 12 0 84 47 57 66 52 1 91 32 8 63 3 86 99 49 23 77 25 95 67 28 69 45 22 73 11 44
87 80 55 33 62 12 66 45 76 3 39 82 20 36 85 68 47 54 46 38 35 18 4 51 69 65 48 32 57 93 86 30 98 14 23 70 71 25 96 52 6 43 28 81 11 84 31 17 5 72 50 13 92 2 41 8 34 63 0 97 90 9 21 73 16 75 64 77 88 67 24 60 91 1 74 40 95 78 19 83 42 100 22 59 79 49 26 27 58 89 29 94 56 15 37 44 99 61 7 10 53
73 93 63 16 0 25 4 91 30 88 82 78 49 100 51 55 83 85 66 26 53 52 37 24 11 68 5 42 45 72 32 62 9 46 70 90 2 33 31 86 17 15 97 57 59 19 79 29 20 98 69 99 18 60 38 3 94 56 87 12 92 48 23 89 7 8 35 22 81 34 65 75 27 47 13 39 67 14 1 64 40 41 44 58 43 10 54 6 50 74 71 96 84 77 76 95 36 80 28 61 21
79 18 4 46 83 84 32 43 48 62 70 82 61 91 10 59 36 20 77 30 86 51 38 17 72 8 90 98 53 35 57 45 100 50 99 7 39 9 85 33 34 44 24 23 52 60 2 25 26 47 68 29 22 31 76 69 42 1 0 71 73 96 81 13 87 55 6 41 5 19 14 80 92 74 56 58 12 95 40 3 89 21 54 16 15 27 64 28 49 75 67 93 78 88 11 97 65 94 66 37 63
0 88 15 27 29 50 65 66 38 62 18 48 7 22 17 5 74 98 23 54 9 24 1 69 63 86 6 71 89 73 16 93 79 4 39 47 96 58 36 52 60 70 83 76 90 20 14 75 8 46 33 26 99 92 85 28 41 43 77 61 87 19 57 80 72 68 94 67 40 51 53 78 95 44 13 32 81 42 55 45 91 82 2 12 11 35 59 97 3 84 31 10 100 56 49 25 30 37 34 21 64
6 70 31 83 49 69 30 37 13 47 77 93 2 28 44 3 71 46 99 41 68 90 5 43 85 74 58 18 15 1 23 76 52 54 8 98 36 26 35 72 29 39 48 16 62 97 9 38 20 73 91 45 42 56 59 57 4 92 17 84 87 53 25 63 86 51 67 19 80 81 82 33 88 0 94 22 78 21 32 40 95 75 24 60 50 89 55 12 79 65 96 66 34 100 10 61 27 64 14 11 7
93 10 83 21 74 15 78 97 77 59 53 68 4 31 84 71 12 57 48 51 14 63 38 98 49 86 62 85 54 61 76 91 32 17 13 41 33 45 87 19 99 44 43 66 47 29 37 70 67 90 80 75 8 88 27 25 81 60 3 92 16 22 82 96 94 34 0 39 42 56 28 79 18 24 69 23 5 1 95 52 73 50 36 40 64 72 20 7 100 35 9 55 26 65 2 30 6 11 89 58 46
9 1 4 19 36 56 86 98 2 6 68 60 57 8 91 89 82 75 7 52 34 49 69 38 14 53 55 20 96 76 80 46 79 33 62 85 40 51 35 94 32 70 58 78 97 27 23 83 11 95 44 66 18 72 71 59 77 26 25 39 31 92 64 16 48 22 93 84 87 12 0 73 50 67 10 37 30 45 42 61 90 24 65 74 41 99 5 81 21 29 43 13 63 54 3 17 47 88 15 28 100
96 0 97 48 67 10 60 20 76 47 8 86 53 22 69 27 75 32 1 40 19 95 88 55 24 65 41 9 80 73 37 82 45 39 44 17 81 56 7 87 93 59 68 36 21 46 70 5 64 11 61 2 99 90 25 98 29 42 91 63 85 43 51 16 62 79 94 13 26 33 28 92 12 34 54 4 100 35 6 3 83 18 31 50 72 52 30 71 49 77 66 15 23 14 78 74 57 84 89 38 58
98 67 0 11 25 91 24 26 77 36 21 61 23 5 8 80 39 19 54 68 22 31 57 4 85 43 3 2 79 81 12 53 58 73 16 35 87 63 48 82 29 45 15 32 47 97 9 70 27 6 14 18 72 56 55 86 74 41 93 69 1 92 30 76 65 83 42 90 13 46 20 100 78 44 66 75 52 89 34 59 51 28 94 38 71 37 84 7 40 96 33 10 60 17 50 99 95 62 88 64 49
