-8 39 45 56 94 1 75 61 -53 -38
13 18 -58 12 7 49 -28 -77 -88 -94
-58 69 -55 22 -57 10 -18 20 46 -70
-70 -85 -46 -52 -36 -42 1 79 -8 -98
56 93 -64 -8 -25 21 31 55 -20 -67
-90 7 -42 60 84 39 -5 -3 -74 -45
-39 -38 91 -1 3 -57 -36 -32 89 49
-79 -68 -65 67 0 -56 -17 95 97 43
-52 -63 -61 13 -23 -40 24 -65 -57 -38
-62 5 33 -86 -91 28 -73 94 55 99
54 58 -97 28 44 50 -52 65 90 -28
-34 14 -10 78 81 -64 41 47 31 78
-40 63 -3 -45 34 -32 43 89 -17 24
-94 -13 48 67 -81 -18 90 50 35 -46
70 -89 -26 -1 1 -37 -45 -62 61 -59
-57 35 1 -59 -13 -84 40 -33 -74 84
-26 -59 -64 93 81 27 66 56 49 30
-51 -75 -27 -82 -4 54 -67 -23 66 43
-9 67 -10 52 0 56 3 -50 67 26
-3 98 72 -84 -39 47 13 -61 54 -28
4 63 99 74 -59 -92 16 -61 -36 -15
-68 96 37 -88 57 29 -39 3 73 -13
43 52 -29 4 -35 60 -41 72 5 34
-80 4 95 19 -92 -16 61 0 -70 62
-86 97 42 -14 59 41 -76 35 24 -59
-97 37 48 -1 40 93 -90 69 91 -31
-28 83 -16 -34 96 -94 -57 11 66 -97
44 67 79 61 -9 28 -90 39 34 -24
53 -1 46 -28 21 -73 -95 70 -34 59
0 -88 3 82 11 -7 -37 1 87 -70
-24 3 -97 -25 -82 77 -16 11 50 -40
54 -6 41 85 92 56 -84 -82 -30 15
2 -2 -92 -60 24 -19 -93 66 19 56
72 -71 -54 -94 -32 -5 -89 -33 -3 -67
39 17 14 -87 80 -85 81 40 -57 30
66 23 -77 35 -43 82 -62 -46 -16 90
-13 45 -81 91 -19 15 92 23 -47 -54
-33 17 -65 -60 -75 42 -75 95 69 -67
32 79 66 55 -51 14 -27 90 30 -98
-63 4 24 -15 -51 32 64 33 12 61
25 18 57 -83 -51 -14 85 45 -19 -68
73 62 5 -73 5 -32 -74 71 -5 -38
53 48 85 91 36 -93 25 -9 47 59
19 -20 33 -29 41 92 27 -8 1 79
24 30 1 -97 42 -45 18 -76 59 40
33 -30 -29 -27 -74 19 65 78 -52 56
-23 6 -46 -87 -21 6 -40 4 44 -20
-17 -62 -81 -8 43 -16 -52 -88 -56 4
-72 83 84 53 43 -61 -83 68 -15 17
-80 30 67 -16 -26 -14 -75 35 1 29
-5 -77 -86 65 39 71 3 38 -17 -3
84 5 -56 -61 -49 -72 8 -78 87 68
16 81 54 15 -49 -7 -79 74 -30 74
96 58 1 -98 22 34 -55 -94 90 3
17 49 73 16 -84 -5 26 -57 -25 11
-21 -57 84 -19 44 -41 -54 51 25 77
18 63 -73 -93 61 58 13 31 86 -99
90 13 0 -77 -29 31 27 -96 -80 -17
0 -63 -20 -10 -6 -29 62 -44 -67 -66
-4 0 45 48 92 -74 -79 24 -10 82
-79 33 81 -82 29 56 59 71 86 -68
-58 94 -81 6 52 0 -21 92 -78 91
-78 57 73 -43 50 20 79 -44 -33 29
-54 99 25 -32 52 27 85 87 55 -1
-59 -85 -12 62 52 -62 91 -21 -20 -61
-94 80 -16 27 85 42 25 11 37 -29
-75 -90 -4 63 83 57 68 69 -77 62
-96 72 -2 -80 -49 35 -2 -66 -38 6
-40 -28 52 90 89 22 86 -9 48 -8
-27 -80 41 50 16 -50 -12 68 70 61
-53 92 7 -98 86 -94 -25 67 59 50
92 15 -48 80 51 39 -66 -81 -2 -60
23 -28 -93 -37 -28 -72 -80 -10 7 -91
-64 13 -33 -96 75 80 -11 -11 75 37
25 -16 -58 -92 -16 55 -29 -95 46 -99
39 -52 -6 77 -19 59 20 -43 14 -99
-60 87 55 61 -92 54 -31 -22 22 91
47 95 -4 26 42 -40 19 -39 25 -98
-40 73 -41 74 -55 39 -28 33 73 90
-76 -65 -51 22 63 -41 60 21 -64 43
-14 -49 -78 -33 78 -11 -79 94 23 -61
59 83 85 -9 91 -39 -53 -26 -87 -73
-39 -42 -91 -34 -81 28 -26 -91 93 14
-94 -7 -4 -52 94 -13 65 15 8 -91
47 65 -79 -73 23 28 20 99 -13 -55
-47 69 -88 63 -23 -74 55 21 -38 87
41 -91 65 -40 -9 86 -3 17 62 10
-95 93 85 92 -38 86 -67 -4 28 13
95 -73 4 -99 26 0 -23 -60 62 67
58 55 -51 67 -11 16 87 36 69 28
-27 49 -34 -78 94 -83 45 15 -42 -87
-39 -79 24 60 27 -89 65 -4 -57 -59
96 3 64 -39 -82 0 -72 49 -17 -76
32 29 68 56 10 33 95 -41 10 92
78 47 30 -2 57 21 -96 -45 58 2
-52 54 40 -59 -55 -23 49 32 -9 86
-38 -21 20 46 -62 11 -49 65 -90 -48
28 -48 -14 -23 42 -1 -14 2 -48 98
-58 64 -52 4 32 -18 -72 -13 60 -95
76 70 80 -13 -37 9 -84 -76 -9 0
