56 -25 14 88 -3 -89 -57 -73 16 -47
-35 83 -17 -78 -10 38 -14 -47 -45 -1
77 -79 -17 70 1 -12 50 45 75 17
85 63 -79 42 -52 67 64 97 76 -40
-91 -8 97 -59 6 66 -15 7 -68 -22
-13 -9 12 1 -33 -61 62 -37 70 49
21 -6 74 42 4 -18 43 5 21 82
48 30 6 -25 -21 0 -6 -73 62 -46
-13 -55 -85 39 37 66 -10 30 -89 75
-9 83 15 -53 50 -47 -16 27 22 -67
38 1 9 29 33 -92 67 -17 94 6
42 -77 -72 -32 -71 -85 -16 26 -50 81
91 -11 57 80 12 97 34 -89 49 -65
20 -80 28 24 85 -33 97 21 81 86
74 -92 19 -98 -75 43 74 -21 56 40
-5 -16 -54 17 76 24 -53 -55 61 -36
-7 77 -2 31 50 87 74 -37 83 -5
-59 63 -36 14 36 -24 13 69 -4 -83
44 41 39 62 7 55 82 1 94 -38
-94 30 -16 -1 43 27 -10 28 80 -80
-7 -71 30 -40 -68 -41 -71 -56 40 44
-30 55 -46 68 53 92 51 -42 23 -15
-38 -88 48 97 49 87 40 51 19 -95
-64 -68 20 58 13 -33 53 -46 70 99
65 -64 57 -30 94 -18 73 -68 -36 28
72 -49 -2 59 -10 -76 -45 27 -50 83
2 35 -48 -26 54 -56 -82 5 40 2
86 58 73 44 61 -64 17 -5 38 -17
-39 67 -97 0 62 -96 -24 -73 18 -15
85 72 53 4 -73 -85 -88 44 -10 81
68 -16 50 33 -52 33 -27 99 -57 -41
-6 0 -63 75 95 0 29 -50 37 84
-24 2 36 -79 9 -4 -76 -5 46 -19
7 -4 -49 49 -37 68 66 41 -65 59
-67 24 61 93 43 -93 -1 -10 -69 -4
52 83 -2 24 -17 33 86 -40 0 61
81 -69 -12 18 -31 53 38 24 88 72
87 50 -43 48 -80 -44 52 -36 -65 90
-99 8 -48 68 68 -48 -13 -1 58 -57
-34 -79 -35 -81 90 33 -92 86 -20 28
-40 36 55 37 79 -23 80 -80 46 -33
35 -55 -72 36 -37 97 79 75 -20 27
61 71 -4 48 -72 -9 -56 -9 -29 15
-90 56 49 70 -47 44 23 -94 75 -95
7 2 -82 -65 -87 27 -86 71 -15 36
-57 48 -19 56 -65 2 23 45 -27 -88
-69 -91 -75 -49 3 -78 61 60 -31 77
-74 -68 -29 0 6 -46 -91 -51 97 -19
-1 -43 4 61 1 86 17 -65 -25 -90
-56 69 48 54 -32 0 -19 -8 -96 -16
-72 -14 70 -44 13 -75 99 -73 -85 -18
65 -96 -1 -31 44 90 -28 -60 -55 28
94 42 -10 -32 85 -52 -59 72 -92 -90
-61 -68 50 45 86 32 57 -25 69 -35
8 52 58 -26 64 20 -8 1 -96 77
-93 -24 -18 -72 32 -17 -94 50 97 -78
5 17 -25 -49 90 14 32 89 -84 40
53 1 39 -92 17 19 97 87 -38 64
-31 -92 -95 32 15 -21 82 58 -23 -47
-24 -42 49 -15 -64 41 92 -68 93 -10
29 83 -8 54 -92 9 6 99 -17 69
-60 74 98 -80 -72 -93 -65 -4 -50 -70
50 -18 34 -19 86 18 -54 82 -71 -32
-44 80 67 -54 49 -82 63 66 40 -80
44 -39 21 -10 51 -83 29 14 47 -57
41 -16 -16 10 57 26 5 46 26 26
-87 -69 -57 46 -63 -63 -36 -64 42 -44
55 5 -25 0 86 24 55 -17 52 -15
-70 31 -8 -78 0 -49 -99 -25 46 -68
83 -78 42 29 -36 95 66 -60 -46 95
13 25 -11 -77 43 4 63 97 10 -11
0 83 0 5 15 -10 -78 -37 -44 -98
-9 58 57 95 -5 26 94 -48 75 2
-14 28 -47 -32 -19 -8 43 91 2 67
-20 49 21 46 60 -42 86 -97 -50 58
41 -33 -49 74 73 -52 -99 0 73 57
94 47 71 -22 24 -98 66 0 30 91
-35 82 -75 86 22 -81 81 88 -64 -56
-65 23 -2 -82 -35 51 73 -89 21 53
22 49 89 91 52 38 -46 68 85 -67
74 -74 89 -39 -47 45 -27 -5 -48 -30
57 -47 -10 -94 28 -81 -98 39 -80 96
-63 82 72 -41 -90 -78 -19 71 75 -40
63 14 14 -53 80 67 -90 -84 -96 -56
-27 -26 -13 70 47 -52 17 21 75 -74
-97 35 -88 94 33 31 7 -78 -16 -28
85 -54 -90 69 12 -80 -67 46 1 45
47 88 47 24 74 -3 -46 -76 60 63
-50 -45 89 -48 -83 -85 22 11 72 8
53 -61 -82 -91 -88 -67 73 -2 -42 -91
-68 -55 59 -21 -76 -76 -22 -40 -79 95
-82 -6 88 -9 -87 99 -66 -57 0 -99
-57 64 25 -31 -87 57 -67 46 -6 59
-55 -43 -63 -27 96 -14 -82 21 -12 4
0 36 -16 27 -56 94 19 37 -29 18
-19 2 80 5 -6 -35 19 57 48 9
-17 -35 71 39 6 -94 15 18 -60 -65
-7 71 75 30 -27 -39 -1 1 93 -36
15 84 -53 16 35 -57 19 -30 -58 79
85 -78 84 -63 22 -75 -35 -29 -44 88
