-2 34 30 71 81 -32 -66 42 -48 -76
50 77 -78 -58 -46 -30 37 24 -64 -44
-71 24 95 49 54 29 60 42 -42 27
65 16 -11 -39 61 -76 38 -75 31 54
-91 33 -47 -67 -95 60 56 -52 -90 -65
-9 10 -67 47 -3 95 -60 -69 24 -92
24 -28 -74 4 -54 -64 49 90 -69 80
40 46 70 67 -39 -31 -8 6 -29 57
55 -70 -24 -33 -60 92 -20 -33 44 -61
-3 87 53 71 -49 35 51 38 5 78
-58 30 28 -86 47 34 -26 94 -70 -60
-41 -69 76 21 65 -92 83 -14 -99 35
9 -64 -47 20 -96 -68 -50 -68 38 -20
-7 -59 -18 18 34 -3 73 10 -75 6
-7 16 -78 -39 51 -96 45 16 3 44
18 -40 12 74 -31 -69 -54 -17 -41 34
35 86 4 -69 -46 -60 44 -22 -85 -1
12 81 -1 73 -6 -87 21 -63 14 -23
29 -97 -9 -97 57 86 -78 -13 2 -32
95 18 -14 -48 70 12 -64 82 -20 2
-86 50 -68 -68 56 37 -42 -75 -26 -25
71 -50 -15 -32 -44 16 -60 -74 19 40
-3 -81 39 -56 93 -4 76 75 77 -95
77 -70 -47 32 -46 82 -4 44 -67 18
-10 -36 -16 42 -37 68 -12 72 3 69
33 60 -66 -93 -20 -63 -55 17 6 -35
73 -31 -92 76 86 -83 -74 -28 -71 -86
-91 -31 67 66 53 18 70 -49 53 21
-54 71 -37 -53 49 -22 -37 -58 -30 -33
-4 -16 39 78 7 -45 -3 3 -53 -34
66 -15 96 -46 -66 59 -35 -6 81 31
93 -19 89 -4 96 44 52 -77 -65 -73
-34 30 90 -2 20 43 62 31 13 -69
46 -30 -36 -32 39 -37 28 -25 -87 55
15 25 61 -15 -60 -91 -65 -12 75 -18
47 69 92 -53 -42 18 2 -65 -32 56
-64 75 20 -61 -79 -54 -29 -32 -27 62
35 49 15 28 63 43 -53 -89 -99 16
-17 -12 -23 -38 -23 -14 -36 35 94 56
76 -10 -64 -38 -20 -56 -67 -40 30 16
-37 73 -65 90 21 26 -33 -56 -55 93
-86 4 10 80 46 43 33 37 -53 40
-58 77 37 -5 10 84 -3 -98 54 38
-37 -86 1 -79 78 42 97 32 -77 -48
-81 60 -74 -94 84 34 10 57 -38 -54
-39 -8 19 35 -74 -19 -55 61 -45 -39
-14 68 56 87 6 -70 58 35 -30 14
-68 40 -76 7 46 33 -50 -93 -42 34
-94 -85 -17 1 14 54 -54 31 24 -81
1 0 -3 9 3 -42 98 46 75 6
-77 30 -51 22 98 -50 49 76 -27 70
-94 82 61 66 -50 -67 9 72 57 -23
6 78 85 0 -26 -13 -29 -85 75 23
-40 -31 60 -62 44 -39 44 88 15 -93
-14 51 -59 -35 30 23 -90 93 -9 99
-21 5 -42 91 2 11 6 62 -55 64
76 0 61 -58 5 -46 57 -94 95 73
92 98 -36 -26 20 30 92 -62 18 6
49 16 73 -40 -67 -80 57 -30 -22 98
-6 -35 73 -37 32 -57 -67 48 -88 -45
3 -29 22 -27 13 -64 14 -84 -86 -23
-66 48 54 -34 -30 50 9 75 -82 49
-76 35 -39 91 -85 -10 71 -73 61 20
1 -58 -26 -71 -42 43 6 59 11 -33
-99 -28 -97 44 -26 -71 -89 -9 88 86
-11 -91 18 37 44 -48 -59 -65 -59 7
51 95 87 24 -86 -38 3 91 -36 -57
54 24 27 33 42 -96 -68 -42 -27 -36
-15 89 73 24 -91 38 -10 40 3 58
-88 -71 20 22 16 -13 -6 -26 -68 12
-42 85 -83 -54 90 81 -6 3 -61 5
93 -19 -96 57 -89 -65 -96 36 98 -12
75 -12 -75 -70 -79 -10 63 -46 -98 90
53 64 53 9 -15 67 -66 -96 5 47
64 33 -78 78 -76 83 38 73 17 93
8 -55 90 -26 -47 28 -29 -54 -18 7
-13 1 24 15 15 -36 -48 -93 -97 19
4 -71 -30 17 -4 56 -39 41 27 -77
90 63 74 -95 -51 95 86 -74 -58 93
22 58 1 27 28 -73 12 76 54 51
48 -57 96 38 -25 87 -21 97 90 23
51 -82 -10 35 -25 58 -49 37 54 54
95 21 -65 24 -77 82 -17 -2 92 -51
4 -37 -82 -75 66 14 36 14 74 46
-46 -55 90 -76 -42 -89 -91 -73 99 97
63 5 -71 -87 88 75 89 44 27 -95
71 -72 8 46 -75 -96 95 48 -8 74
18 35 14 13 -98 36 25 46 -28 -67
-94 -99 78 -12 28 -1 -78 16 -72 -76
63 47 -54 78 59 -97 -89 -83 0 -23
88 65 77 -46 78 -41 -84 -67 59 -73
23 81 36 75 14 -65 -73 12 -47 -57
34 36 43 6 -28 27 76 -39 -37 -50
99 26 61 -7 36 -27 -41 -99 -61 -15
9 49 -37 40 66 38 67 -7 47 -7
69 93 -20 3 -98 10 30 -13 82 -31
75 0 -41 -83 50 -74 92 17 -35 -26
75 -11 -68 86 -32 -60 46 24 20 64
0 -83 95 -71 98 -96 3 45 63 -65
-37 43 5 43 9 -99 25 98 91 -2
