-94 23 32 -84 -21 -55 -70 -30 56 -50
-95 56 -97 91 48 -89 81 -73 -66 13
-85 -86 -70 68 -85 -52 -45 -83 16 -92
-65 41 22 -39 42 -10 -17 -4 -53 90
-41 79 80 -65 -92 2 59 -41 75 9
-78 -62 -42 51 -68 20 -27 -92 -54 91
71 97 -77 52 -73 -68 -93 65 -50 0
32 10 63 -81 -78 -83 -24 -59 29 -12
-60 -23 82 -20 -90 -82 -96 -55 18 -2
-1 56 -83 15 -47 51 -95 -54 -5 -3
28 47 36 -95 -59 -6 96 88 -52 -24
28 79 -7 -51 7 -11 -96 26 83 -16
59 62 12 66 46 -94 94 66 -80 -23
-96 38 -73 -64 -86 91 82 56 -69 -80
-55 -39 -80 -17 82 16 21 -21 48 17
-88 48 -7 -96 -54 -8 -12 87 78 -2
-21 47 -67 -30 -33 -43 -85 13 -91 -38
-54 -19 -61 6 17 88 12 -14 -29 -35
-24 -24 -17 30 -77 3 58 -34 0 18
-73 -31 84 95 70 57 -10 59 -56 22
-78 -2 -88 -94 90 5 0 91 -45 56
-16 96 25 -80 -15 35 -8 -62 -6 -26
-26 70 -96 22 89 26 80 70 68 -33
-46 -96 51 42 -37 58 -45 -58 -5 89
-34 -89 -6 76 -48 -57 -4 32 4 -36
-89 -82 -32 61 -41 90 -89 -38 63 -86
-99 8 -99 -12 21 78 8 88 -5 -26
42 -17 73 80 24 -75 -43 -44 -45 11
2 93 62 -57 52 11 7 -88 -78 23
54 80 0 -35 -16 37 -39 -14 -89 94
24 43 12 49 71 26 0 75 -15 -10
-74 17 63 74 -12 -78 -11 21 -25 69
-59 -86 -28 -3 -11 -5 96 -7 -22 -37
-93 -15 -20 -72 -89 66 -43 27 12 -73
-50 -80 11 99 -11 39 -77 -79 41 -1
-79 -13 34 73 -24 10 -13 -78 40 90
-17 -4 13 -21 -5 -98 59 23 -82 48
-58 -16 -25 54 58 -76 43 26 64 59
-45 79 -22 -58 7 93 -75 -7 21 -57
20 22 52 68 -14 43 -99 -99 36 52
-17 80 26 51 79 63 -93 90 13 27
-46 64 20 9 -17 80 -47 95 -17 0
54 -3 34 -11 -41 25 87 35 69 20
-93 -74 -40 -28 82 10 -39 -91 69 -92
-79 -54 -55 36 -82 -40 91 72 -70 60
68 15 62 91 -87 -63 49 12 70 -29
74 9 0 43 -19 90 75 -17 47 46
-34 -91 57 -89 55 56 -60 4 -31 42
-58 -93 -15 -78 96 -87 3 7 1 91
-71 -5 -74 7 -4 -18 13 -84 34 -19
-16 95 36 59 -97 68 79 -49 0 -28
88 30 29 0 -88 94 81 -50 54 -22
98 -82 30 -64 54 72 -11 -71 56 53
12 97 72 66 -50 -26 -90 70 -64 59
16 -42 -35 -72 74 36 -61 -78 48 79
-53 -25 -64 1 5 49 -65 0 66 64
97 5 67 -80 45 84 -31 -66 75 -52
88 -23 53 -23 49 -29 33 94 7 25
20 49 -33 78 0 -47 60 81 2 -66
51 -58 88 69 41 -72 77 5 36 5
-82 -95 41 -61 -91 -38 -88 98 -45 2
-50 73 77 52 -2 -4 37 -98 65 -44
8 -75 -54 -70 -99 39 -67 34 -52 -24
98 -24 -83 9 98 -56 51 -85 32 14
46 -2 -77 -63 40 83 8 -44 -86 55
-65 -73 -91 -75 -76 -95 -74 -33 69 72
-4 51 -29 62 -6 98 21 9 -43 65
-14 14 -72 52 -31 28 50 27 -25 46
-80 12 85 -90 -70 -69 50 37 -55 37
55 -35 -93 67 -7 -13 64 21 72 -24
-53 48 25 -49 -20 8 -13 67 8 69
-46 12 10 -26 22 -60 -12 -1 -99 80
25 19 -30 93 -57 2 85 -42 48 -22
15 52 36 70 -98 -15 -81 8 -75 56
-95 -76 19 -80 0 -53 71 -7 -91 -46
-46 99 -12 73 -56 22 -10 47 20 99
-30 -49 -50 21 -54 -62 31 80 78 -99
-23 -27 -36 -42 -10 -60 -87 -28 -27 -49
-6 27 70 -87 -82 -59 78 -10 -65 58
38 50 -98 -92 -43 -7 14 42 13 -41
47 -25 14 -76 -37 -8 50 -10 -50 80
19 13 -40 -5 -15 16 50 -10 54 -93
17 10 -66 23 -47 54 -71 -42 -97 -64
-1 -76 25 62 -24 -98 10 -57 6 37
14 -54 -61 1 -69 55 -97 75 90 -8
48 63 -82 -79 48 -22 48 61 -40 39
94 4 -16 42 25 -7 69 91 -93 -47
88 45 13 30 -15 75 25 29 -85 -18
-36 -14 11 -33 -55 -54 -54 91 31 9
-27 -9 71 -95 77 -28 58 -82 59 0
23 -37 20 69 71 -92 -28 72 -58 -32
-78 -83 -36 90 88 62 63 -16 73 13
-26 -22 -84 59 86 -61 -15 -10 0 -42
-97 86 -5 -94 12 92 52 -46 -7 11
-7 -3 -51 39 -89 14 32 92 -92 63
-15 -60 5 39 58 48 -88 78 -83 -60
-81 69 -29 28 -83 -16 85 -49 21 12
-48 -11 -42 -34 59 -85 15 51 95 -35
42 2 -19 -64 51 44 -60 47 80 -95
-52 -64 -98 -37 10 -3 -39 10 37 61
