-75 98 -88 25 44 6 69 -65 90 35
13 -2 -2 51 91 -10 91 92 61 -80
75 94 99 -82 59 -62 74 -72 18 58
40 -21 91 -73 -22 -5 -96 -75 -46 -19
10 26 -10 86 95 -78 89 -88 17 -69
29 -50 81 -59 -66 -55 4 -3 20 -87
-90 -64 93 95 -74 -61 13 -49 30 -28
-7 18 63 -83 -10 -80 68 52 -11 61
61 39 75 -22 -50 38 -92 12 86 -10
-28 65 53 -95 -16 -35 53 -86 35 39
-39 49 -85 3 99 66 71 -41 64 -99
-60 -90 -68 0 80 17 -99 -54 87 -61
21 14 -11 -21 3 7 56 47 -24 -1
13 -47 93 53 -38 -94 -21 40 -46 -83
44 44 -22 95 47 90 -2 17 80 -39
-47 -28 -10 -42 -5 -45 -94 -52 -37 48
1 -5 -5 90 -41 -57 97 -96 53 -75
-14 9 -6 -39 49 54 -66 56 -84 93
-3 67 21 -86 70 42 74 -37 -83 -25
18 -11 -37 0 25 0 -51 37 58 37
22 39 -78 -73 -43 -19 51 -75 -41 -31
99 63 56 -3 -43 -33 89 69 52 57
96 -5 -33 -97 -84 81 -83 64 -72 -73
14 77 -86 49 73 78 -67 -60 48 -69
-78 52 7 -14 47 76 98 75 -1 94
80 -83 -3 -14 -8 64 -25 83 46 0
72 9 89 76 -56 -64 -8 -8 48 -51
-12 -14 31 15 -21 -94 -42 -63 2 -49
74 81 56 13 87 -68 18 -42 64 86
16 43 -76 54 20 7 -95 -61 -14 -17
-87 -22 -83 0 -42 -36 -48 16 -46 -82
72 53 -20 69 70 -12 62 -7 33 -26
31 -47 59 -66 89 -68 -39 46 68 -4
95 -83 -8 3 96 89 86 89 51 0
-24 -65 -17 -23 -83 -22 -47 -64 -80 -28
-32 22 -68 75 -53 23 18 74 24 -2
-19 -43 59 43 86 -35 54 -17 12 -87
84 25 -59 -65 70 -31 -76 53 -99 86
-15 96 -71 4 -5 38 68 -51 -42 19
20 -31 -21 -52 30 -13 -93 -66 80 35
-61 -75 -12 69 45 -20 40 14 -14 43
-97 5 -78 -57 -58 -66 76 68 -86 -83
-80 30 -79 -63 50 -34 78 12 79 -96
-76 -72 8 -43 49 -99 -98 60 17 78
-31 39 -45 -7 27 -85 -6 38 -35 21
0 11 90 -65 -74 -49 -25 -20 80 74
17 10 93 -94 -16 -89 56 -48 60 -75
-32 -95 99 44 -15 63 -80 0 -81 58
-6 -69 60 -73 14 86 -92 81 -70 89
6 37 -65 73 20 -45 -28 -79 89 82
-26 49 -92 60 63 -60 -95 -30 -58 20
-30 -65 99 58 -37 -8 12 -50 -85 -24
-41 -84 -83 -75 79 58 -11 55 22 0
2 5 98 -80 87 67 46 2 -98 36
37 -61 50 95 -8 41 -2 74 99 76
-22 -15 -36 47 97 23 59 18 -85 4
72 -28 -41 -6 -25 10 24 1 -95 21
-38 -22 12 -8 2 48 40 -68 9 49
40 -61 -61 -74 64 81 16 87 -93 0
-97 -70 0 -37 -48 -6 -94 35 53 67
26 -13 -61 35 -26 5 -45 66 59 -33
67 -23 28 23 96 -23 66 -15 -41 39
72 53 -53 5 32 89 -59 69 33 -78
-60 39 -66 -85 22 28 -94 54 -14 88
-52 21 -30 -74 32 -42 7 -89 84 -91
-14 15 -3 -82 42 -73 34 -95 -41 46
36 -1 -13 78 -39 58 -52 28 -30 56
92 -45 -95 -37 -76 -17 27 98 61 43
30 -13 -49 17 -63 -27 -78 -87 99 72
-53 -61 -38 63 -72 -23 -43 27 14 93
13 -35 -50 -73 -22 -19 71 56 -70 -50
92 -56 48 25 -42 -20 96 74 88 -17
36 1 17 78 84 -51 53 34 -5 -9
1 -48 85 30 -47 34 -21 4 -93 -52
42 -82 38 90 36 2 -13 25 -79 -21
41 82 58 12 53 -72 60 17 -35 -86
-24 -83 60 54 -30 93 64 -28 -64 92
2 86 -31 98 34 -50 88 33 64 -25
-2 -53 -10 -86 94 76 87 88 -43 -45
-25 17 64 1 -49 74 89 -87 -20 8
-33 79 -45 94 17 22 90 -48 83 -29
40 27 75 78 84 -38 49 0 -35 0
14 -93 68 9 -19 -73 81 -50 -66 90
-73 66 -80 63 0 7 16 95 -27 81
-3 69 32 -85 -1 -37 -96 -11 -39 -22
-13 -10 -61 16 -15 90 18 -21 -22 -69
-35 84 -52 27 96 -33 8 -15 -42 -15
-36 79 -6 96 -78 22 -75 4 81 9
52 5 84 41 -35 -82 61 -20 49 -50
52 -77 85 -74 -52 -76 -11 -30 54 -2
-58 -80 17 -70 1 -95 -79 -66 73 20
51 -83 -72 -55 54 12 -78 89 76 21
61 -95 -62 10 -76 81 55 -75 -66 -82
37 87 -40 -95 -52 70 -54 -56 98 48
-31 16 -63 57 96 22 58 -77 -66 -10
-59 92 17 61 -27 46 -62 -93 -84 -38
89 32 42 29 -16 54 -94 -15 -16 -83
65 9 -8 -50 62 89 65 44 62 -27
44 95 83 2 71 -4 96 79 -58 -74
28 -31 -16 -49 -20 55 -88 7 66 28
