59 24 -90 24 9 24 -15 24 84 24
-65 24 34 24 -34 24 65 24 -84 24
15 24 -9 24 90 24 -59 24 40 24
-47 24 52 24 -97 24 2 24 -22 24
77 24 -72 24 27 24 -28 24 71 24
-78 24 21 24 -3 24 96 24 -53 24
46 24 -40 24 59 24 -90 24 9 24
-15 24 84 24 -65 24 34 24 -31 24
68 24 -81 24 18 24 -6 24 93 24
-56 24 43 24 -43 24 56 24 -94 24
6 24 -18 24 81 24 -68 24 31 24
-25 24 74 24 -75 24 24 24 0 24
99 24 -50 24 49 24 -37 24 62 24
-87 24 12 24 -12 24 87 24 -62 24
37 24 -36 24 63 24 -86 24 13 24
-11 24 88 24 -61 24 38 24 -48 24
51 24 -98 24 1 24 -23 24 76 24
-73 24 26 24 -29 24 70 24 -79 24
20 24 -4 24 95 24 -54 24 45 24
-42 24 57 24 -92 24 7 24 -17 24
82 24 -67 24 32 24 -33 24 66 24
-83 24 16 24 -8 24 91 24 -58 24
41 24 -45 24 54 24 -95 24 4 24
-20 24 79 24 -70 24 29 24 -26 24
73 24 -76 24 23 24 -1 24 98 24
-51 24 48 24 -39 24 60 24 -89 24
10 24 -14 24 85 24 -64 24 35 24
-35 24 64 24 -85 24 14 24 -10 24
89 24 -60 24 39 24 -48 24 51 24
-98 24 1 24 -23 24 76 24 -73 24
26 24 -29 24 70 24 -79 24 20 24
-4 24 95 24 -54 24 45 24 -41 24
58 24 -91 24 8 24 -16 24 83 24
-66 24 33 24 -32 24 67 24 -82 24
17 24 -7 24 92 24 -57 24 42 24
-44 24 55 24 -94 24 5 24 -19 24
80 24 -69 24 30 24 -26 24 73 24
-76 24 23 24 -1 24 98 24 -51 24
48 24 -38 24 61 24 -88 24 11 24
-13 24 86 24 -63 24 36 24 -37 24
62 24 -87 24 12 24 -12 24 87 24
-62 24 37 24 -49 24 50 24 -99 24
0 24 -24 24 75 24 -74 24 25 24
-30 24 69 24 -80 24 19 24 -5 24
94 24 -55 24 44 24 -43 24 56 24
-93 24 6 24 -18 24 81 24 -68 24
31 24 -34 24 65 24 -84 24 15 24
-9 24 90 24 -59 24 40 24 -46 24
53 24 -96 24 3 24 -21 24 78 24
-71 24 28 24 -27 24 72 24 -77 24
22 24 -2 24 97 24 -52 24 47 24
-40 24 59 24 -90 24 9 24 -15 24
84 24 -65 24 34 24 -34 24 65 24
-84 24 15 24 -9 24 90 24 -59 24
40 24 -47 24 52 24 -97 24 2 24
-22 24 77 24 -72 24 27 24 -28 24
71 24 -78 24 21 24 -3 24 96 24
-53 24 46 24 -41 24 58 24 -91 24
8 24 -16 24 83 24 -66 24 33 24
-31 24 68 24 -81 24 18 24 -6 24
93 24 -56 24 43 24 -44 24 55 24
-94 24 5 24 -19 24 80 24 -69 24
30 24 -25 24 74 24 -75 24 24 24
0 24 99 24 -50 24 49 24 -37 24
62 24 -87 24 12 24 -12 24 87 24
-62 24 37 24 -36 24 63 24 -86 24
13 24 -11 24 88 24 -61 24 38 24
-48 24 51 24 -98 24 1 24 -23 24
76 24 -73 24 26 24 -30 24 69 24
-80 24 19 24 -5 24 94 24 -55 24
44 24 -42 24 57 24 -92 24 7 24
-17 24 82 24 -67 24 32 24 -33 24
66 24 -83 24 16 24 -8 24 91 24
-58 24 41 24 -45 24 54 24 -95 24
4 24 -20 24 79 24 -70 24 29 24
-27 24 72 24 -77 24 22 24 -2 24
97 24 -52 24 47 24 -39 24 60 24
-89 24 10 24 -14 24 85 24 -64 24
35 24 -35 24 64 24 -85 24 14 24
-10 24 89 24 -60 24 39 24 -47 24
52 24 -97 24 2 24 -22 24 77 24
-72 24 27 24 -28 24 71 24 -78 24
21 24 -3 24 96 24 -53 24 46 24
-41 24 58 24 -91 24 8 24 -16 24
83 24 -66 24 33 24 -32 24 67 24
-82 24 17 24 -7 24 92 24 -57 24
42 24 -44 24 55 24 -94 24 5 24
-19 24 80 24 -69 24 30 24 -25 24
74 24 -75 24 24 24 0 24 99 24
-50 24 49 24 -38 24 61 24 -88 24
11 24 -13 24 86 24 -63 24 36 24
-36 24 63 24 -86 24 13 24 -11 24
88 24 -61 24 38 24 -49 24 50 24
-99 24 0 24 -24 24 75 24 -74 24
25 24 -30 24 69 24 -80 24 19 24
-5 24 94 24 -55 24 44 24 -43 24
56 24 -93 24 6 24 -18 24 81 24
-68 24 31 24 -33 24 66 24 -83 24
16 24 -8 24 91 24 -58 24 41 24
-46 24 53 24 -96 24 3 24 -21 24
