50 59 45 43 8 24 1 7 42 22 41 14 54 37 61 66 27 2 20 39 65 17 16 53 51 5 34 46 26 56 67 23 0 40 33 30 58 25 11 4 49 19 32 62 13 10 57 9 69 52 47 55 63 12 48 21 35 31 36 60 15 68 44 29 64 38 6 28 3 18
14 34 65 32 3 39 40 1 2 23 55 31 57 12 38 52 10 64 60 36 56 16 11 22 21 54 28 41 27 42 4 68 15 13 5 45 59 49 50 61 66 8 0 69 7 25 37 29 44 63 67 48 53 17 62 26 35 20 58 30 43 18 19 46 9 47 33 51 6 24
19 63 2 68 52 61 69 43 18 42 25 67 54 9 26 13 5 20 57 21 64 34 23 39 38 0 55 37 50 66 49 24 1 4 28 16 35 59 53 17 22 33 27 65 36 51 32 30 8 58 60 14 48 12 15 44 45 11 29 62 31 3 6 10 7 56 46 41 47 40
57 27 4 14 62 64 69 26 63 15 66 33 11 2 12 22 42 54 59 31 38 1 39 65 10 0 68 43 24 35 40 32 44 36 18 67 9 6 34 25 29 8 41 7 55 51 47 30 61 56 52 17 19 16 23 49 20 3 37 45 60 58 53 21 5 28 48 46 13 50
6 26 16 59 1 25 14 5 15 44 46 10 31 21 41 28 4 62 12 38 29 8 17 65 18 52 51 42 57 33 37 34 2 68 58 63 36 67 50 47 7 61 69 23 55 9 43 32 22 20 24 35 39 3 27 30 45 13 19 64 40 54 53 60 66 48 11 49 0 56
11 24 43 12 6 42 56 67 33 62 8 47 13 9 10 35 38 49 66 57 18 61 29 25 14 23 21 34 15 55 22 4 3 69 63 65 46 41 60 0 59 19 58 31 7 2 44 32 20 5 39 50 27 48 37 54 26 36 1 51 17 45 30 40 53 68 28 64 16 52
20 30 13 65 63 23 12 18 16 62 64 58 11 28 32 39 5 21 25 19 43 68 7 10 40 36 67 26 35 46 60 57 41 69 0 6 48 27 14 61 53 56 42 50 2 54 31 8 3 51 37 45 47 15 52 29 9 4 55 66 22 1 17 44 33 34 49 38 24 59
66 34 42 13 63 14 33 39 17 37 31 53 36 56 3 58 22 55 52 20 67 46 43 41 7 54 64 49 6 62 27 19 15 26 8 50 57 4 48 16 47 44 24 18 23 9 68 2 45 38 59 28 51 60 35 10 61 25 0 1 30 29 65 11 32 21 12 5 69 40
42 9 39 54 31 26 52 61 69 55 30 38 6 48 58 67 22 28 11 23 40 16 5 37 46 19 51 47 17 35 56 1 4 66 27 24 62 41 45 0 65 2 64 43 59 8 7 34 32 14 15 36 68 29 18 20 12 3 49 63 33 53 60 10 57 13 50 21 44 25
67 65 27 66 42 1 32 37 4 45 35 0 55 14 33 9 12 16 59 30 24 47 6 13 25 21 23 56 31 57 5 3 10 29 36 68 69 51 50 53 34 52 48 26 18 40 8 60 11 62 64 41 39 63 15 58 19 54 20 7 22 46 2 38 17 28 44 49 61 43
27 67 20 14 5 18 10 22 48 43 55 28 12 35 6 9 65 11 38 59 44 13 66 41 58 56 21 37 68 30 39 64 31 60 8 62 61 45 63 24 53 7 0 17 50 69 15 2 40 57 25 49 26 3 34 1 23 54 29 16 46 36 42 32 33 52 51 4 47 19
48 20 12 32 0 6 34 18 57 16 2 10 39 41 9 25 47 51 45 67 19 68 50 1 35 63 5 13 52 11 64 43 27 66 15 38 4 23 53 14 58 59 69 7 22 42 29 21 62 17 61 26 55 44 31 24 46 36 37 28 30 49 3 65 33 40 56 8 54 60
27 69 50 5 58 30 0 41 1 6 31 38 56 42 10 17 62 64 29 28 14 51 53 7 32 20 48 26 12 18 33 35 49 68 24 19 39 43 2 8 66 59 15 61 63 13 11 9 46 54 22 4 45 25 60 21 23 37 52 47 34 36 40 3 67 44 55 65 57 16
62 24 37 14 48 43 30 50 28 8 19 58 13 22 17 35 15 16 36 32 1 47 45 33 59 18 46 56 69 53 10 9 4 12 40 60 41 52 29 44 20 7 34 64 21 25 63 6 0 26 31 3 27 49 67 61 68 38 42 55 23 51 11 39 65 57 2 54 66 5
69 45 57 14 60 4 61 68 44 49 55 9 16 20 62 58 26 65 34 31 32 43 47 38 64 27 28 56 63 39 36 53 23 24 67 42 19 11 18 22 66 46 3 30 7 54 33 41 15 10 37 0 8 35 51 29 1 50 48 2 12 17 59 25 13 52 40 5 21 6
14 61 60 20 28 1 54 7 15 47 63 49 46 30 23 39 57 11 48 43 50 42 55 67 66 52 64 31 32 17 24 13 45 44 10 2 62 18 58 33 29 26 37 21 22 8 59 38 4 5 19 35 51 9 6 25 65 53 3 36 41 69 12 34 68 40 27 16 56 0
3 31 57 20 63 27 32 40 58 53 23 18 41 67 61 44 50 39 9 13 62 22 2 55 17 48 21 64 0 43 10 60 35 6 1 65 16 4 11 66 33 46 7 5 36 19 15 34 51 54 49 12 28 30 25 42 38 56 68 52 26 14 59 37 69 45 24 8 47 29
62 50 24 22 56 31 40 66 30 34 33 43 36 46 64 55 63 52 3 65 9 53 39 59 10 20 12 8 0 58 5 67 28 1 16 45 60 29 48 41 26 19 57 15 23 44 17 18 6 7 37 47 13 38 35 32 51 68 49 27 42 2 4 14 61 69 11 25 54 21
15 13 41 22 27 8 49 18 55 69 35 50 57 67 24 56 21 32 37 0 19 46 47 33 61 2 62 25 29 4 5 40 65 14 36 51 6 16 10 68 52 30 17 58 23 11 9 3 38 44 31 48 42 53 43 7 64 66 60 1 59 54 45 12 39 63 20 28 34 26
60 49 47 40 38 58 54 18 59 33 63 3 65 0 4 68 44 50 2 8 27 19 32 25 16 67 61 29 20 7 28 31 46 14 37 10 43 6 42 55 12 53 56 39 52 30 69 34 62 26 57 66 23 21 22 13 64 45 11 24 15 48 35 17 51 1 36 41 9 5
54 41 9 48 38 11 22 69 32 36 2 24 34 63 30 67 29 65 15 28 23 39 12 21 7 10 40 25 58 0 26 19 68 66 50 1 45 5 16 14 4 13 43 59 49 42 6 53 56 8 31 37 35 62 51 20 18 52 64 60 47 27 17 46 44 61 55 3 33 57
40 32 51 57 56 15 38 30 24 49 25 68 36 3 35 26 17 61 63 11 2 33 27 29 0 20 28 18 44 9 5 19 6 67 54 66 47 65 4 52 21 12 16 69 45 22 34 55 42 43 37 13 14 62 8 31 41 64 48 46 7 39 23 58 50 59 1 60 10 53
26 8 36 60 37 58 32 23 38 17 68 56 34 4 47 31 46 2 52 1 63 27 43 16 45 54 14 29 10 50 44 64 28 13 59 57 6 11 61 35 65 0 48 15 40 7 67 42 12 39 66 19 24 51 25 30 3 53 62 41 55 21 22 49 33 5 9 69 20 18
4 3 5 13 40 34 41 11 29 28 62 31 17 49 0 30 12 8 47 21 53 10 6 55 16 46 18 60 56 36 26 44 25 32 61 48 51 42 7 68 63 2 33 59 27 69 57 64 39 52 58 50 14 38 45 65 43 19 37 22 23 54 20 1 15 66 9 24 35 67
64 23 49 63 55 33 0 44 65 8 10 9 60 27 6 12 32 35 66 17 1 43 31 20 68 36 5 54 11 7 45 4 13 59 57 28 29 34 26 69 24 56 3 46 16 40 19 2 67 41 62 18 38 61 42 58 50 14 15 48 22 37 53 30 39 25 51 47 52 21
30 20 38 49 9 53 36 8 17 47 22 60 15 66 51 61 2 27 12 23 43 6 59 64 34 65 37 46 67 1 19 55 48 25 16 11 29 58 31 4 32 0 13 3 28 57 14 10 52 40 7 68 69 45 42 62 5 54 56 21 44 35 63 26 50 39 18 41 33 24
67 41 32 57 13 44 59 23 58 26 54 68 28 2 7 42 31 47 43 14 12 56 46 36 21 25 24 19 61 38 50 6 8 64 29 18 45 63 10 22 66 33 3 39 35 15 62 49 27 20 1 34 4 69 5 48 0 16 37 40 30 53 55 60 9 11 65 17 51 52
54 67 48 55 18 35 14 44 8 21 38 23 27 53 32 3 64 60 66 28 6 41 56 51 13 58 50 69 24 26 46 7 37 33 36 40 30 2 22 29 11 65 68 12 47 17 57 45 52 0 59 43 39 15 63 9 49 61 42 62 31 20 25 16 19 10 4 5 1 34
15 65 5 6 7 61 12 39 54 17 55 42 48 46 32 36 69 13 52 29 44 0 50 49 45 11 35 68 59 28 62 23 51 1 43 34 26 66 60 30 25 57 16 22 3 14 9 56 53 24 41 67 33 19 31 64 47 38 8 20 21 37 10 58 18 2 4 27 63 40
41 32 43 54 9 13 38 66 34 50 51 33 15 4 5 58 1 59 30 37 42 29 61 55 11 8 26 31 35 69 23 27 21 57 16 44 3 6 60 68 67 48 7 46 25 53 12 39 52 63 17 47 10 18 22 65 14 20 28 36 40 19 45 49 62 64 56 2 0 24
12 25 47 54 43 26 1 15 35 22 3 58 67 29 64 62 44 37 69 11 23 45 55 4 6 42 18 49 40 46 19 14 57 41 0 53 48 66 20 59 13 60 38 21 32 65 10 34 7 33 31 17 27 28 63 24 52 39 51 9 2 36 50 16 5 30 68 8 56 61
1 19 40 38 56 15 20 7 29 4 30 61 26 66 55 6 23 46 63 33 2 31 41 24 18 45 51 35 14 9 44 5 28 60 65 50 25 59 32 16 48 42 64 11 10 39 13 67 69 47 58 53 62 0 17 36 49 8 54 52 21 3 12 34 22 37 57 68 43 27
27 55 19 63 28 41 38 66 15 43 32 46 25 47 48 51 40 14 2 33 12 29 1 39 8 49 24 69 52 45 16 36 21 5 7 18 53 4 54 56 26 22 64 42 9 59 57 10 0 30 50 31 35 60 6 34 3 62 20 44 65 68 23 67 13 58 37 11 61 17
40 9 33 61 42 29 55 64 50 28 7 31 36 26 22 51 53 58 37 19 15 3 46 30 17 52 18 38 1 65 21 47 10 57 66 69 35 48 39 32 11 41 8 54 56 62 0 67 23 68 59 2 49 44 27 5 25 13 45 63 24 16 4 6 14 20 12 43 60 34
22 20 4 1 9 59 24 69 19 47 18 33 65 53 54 28 66 58 67 48 6 29 23 17 26 13 35 39 25 61 62 57 15 34 42 68 50 21 51 12 10 11 14 43 3 55 2 60 45 0 27 7 44 37 64 30 5 36 52 49 46 56 40 8 31 38 32 41 16 63
61 4 30 66 62 5 48 17 58 52 41 55 68 56 7 27 38 21 16 45 53 44 42 54 63 33 19 69 51 0 46 28 36 11 43 64 37 14 29 18 39 9 67 32 8 2 49 60 12 25 57 31 34 24 50 23 59 13 10 35 22 1 3 20 40 65 26 15 6 47
60 10 48 67 29 22 6 9 3 50 12 53 39 17 2 27 26 4 45 47 43 5 25 8 56 15 61 16 65 38 58 57 24 42 51 46 49 54 35 37 55 33 41 1 36 23 52 69 0 63 18 66 64 44 32 19 14 34 11 21 30 20 13 28 59 7 31 68 40 62
43 39 20 6 7 64 21 47 51 61 36 40 11 15 30 24 68 50 28 60 54 49 3 10 52 18 9 12 14 34 25 31 0 5 16 69 35 22 58 29 33 66 45 19 37 48 23 17 41 46 53 59 27 4 1 63 55 32 8 62 44 56 65 2 38 57 26 13 67 42
13 26 33 28 5 16 30 39 32 48 1 66 42 41 20 52 40 46 69 9 2 59 49 56 38 50 6 0 27 12 47 19 57 23 62 29 24 3 21 68 65 63 61 18 4 45 44 55 8 58 37 25 17 10 60 51 11 43 15 22 34 31 14 36 7 67 35 64 54 53
69 35 1 65 3 23 66 38 2 15 61 28 39 34 67 45 50 41 49 7 0 12 59 68 20 18 30 4 8 5 47 22 64 27 48 26 11 62 63 24 40 54 31 36 53 51 29 44 19 25 37 17 21 32 14 6 10 52 33 56 9 46 57 60 16 55 43 13 42 58
63 26 9 32 2 47 34 48 56 19 69 51 33 25 30 46 10 44 62 61 8 59 5 65 18 41 39 43 7 27 13 4 22 54 60 20 0 37 55 57 64 16 1 31 14 15 66 68 38 36 42 17 11 58 21 28 35 6 40 53 52 45 67 29 23 50 12 49 3 24
14 60 46 8 32 69 34 43 13 23 1 33 11 16 25 24 57 56 47 41 58 18 22 67 0 19 59 62 51 30 65 52 64 49 66 27 50 37 39 44 53 17 26 38 2 28 42 31 63 7 48 9 40 3 6 10 54 68 36 5 4 15 29 35 45 20 12 61 21 55
67 33 38 51 1 25 15 26 35 3 55 12 66 63 56 24 58 21 18 11 13 40 19 28 31 68 36 37 61 49 50 10 47 44 62 57 54 7 29 48 45 17 6 9 60 42 65 2 59 0 22 16 69 14 4 53 27 30 5 39 8 20 41 32 34 64 43 23 46 52
16 21 68 52 20 67 32 62 54 30 53 3 49 55 64 9 10 43 15 41 13 48 50 29 59 65 66 44 38 18 1 33 58 46 19 40 61 23 42 35 51 26 69 24 2 39 60 5 11 27 45 12 22 28 0 63 36 56 17 6 25 4 37 47 31 34 14 7 57 8
38 0 19 58 49 41 3 60 28 68 37 29 63 44 25 10 17 57 46 47 36 39 24 7 11 16 52 66 15 54 45 1 34 33 55 43 12 40 32 23 8 65 22 48 27 35 69 62 64 13 6 20 5 67 9 18 31 2 59 56 42 61 26 53 50 21 14 4 30 51
63 17 19 29 46 1 55 66 47 24 0 15 42 12 31 38 22 57 14 51 28 25 54 45 65 6 20 59 44 32 8 69 43 30 2 27 26 60 11 9 23 40 64 35 56 37 53 7 36 16 67 58 68 62 10 49 39 34 4 21 5 18 13 48 50 41 3 33 61 52
16 60 44 50 11 30 48 28 52 25 15 67 22 64 69 13 56 59 54 63 41 34 40 57 9 17 49 51 20 31 12 6 5 42 66 2 7 10 36 37 61 19 32 68 39 8 55 38 62 46 43 0 33 65 14 1 24 26 47 3 27 18 23 35 53 29 58 4 21 45
5 24 50 15 61 14 4 2 54 41 35 45 52 33 37 49 23 32 40 60 44 65 38 28 0 55 8 47 57 53 42 66 62 7 20 48 26 39 22 25 11 18 12 9 63 29 27 64 1 58 21 36 13 46 56 3 59 6 10 69 31 67 68 30 34 19 43 16 17 51
8 16 49 36 20 1 66 12 9 24 0 34 38 46 61 5 51 67 23 55 60 31 62 3 33 69 52 53 27 29 17 13 56 64 30 42 32 28 26 25 68 41 57 19 63 50 35 45 58 65 54 22 39 21 18 44 15 10 6 7 48 37 43 2 47 40 59 11 14 4
1 44 21 39 26 27 51 20 47 67 34 43 56 28 8 57 11 4 16 33 12 19 37 36 54 45 23 60 24 59 0 41 64 68 9 48 40 62 38 29 32 17 65 50 18 61 13 3 58 53 49 31 6 35 66 42 46 52 22 25 5 30 55 14 63 2 7 15 69 10
55 22 34 36 50 23 37 57 44 24 27 28 16 67 15 65 54 12 14 32 64 46 61 60 53 35 20 68 21 62 2 38 17 18 49 11 19 8 39 48 58 51 30 43 42 33 47 29 9 41 56 25 66 0 1 3 6 4 7 31 10 5 40 52 26 59 45 13 63 69
49 5 45 69 4 62 39 43 10 6 26 51 27 47 31 24 46 36 21 32 41 13 15 7 11 52 3 54 59 19 22 28 16 56 23 29 50 2 58 14 1 18 33 30 66 44 12 63 53 55 17 61 8 0 64 57 20 25 48 37 67 9 38 34 60 68 35 65 42 40
69 37 33 43 42 41 46 40 13 11 56 47 48 54 52 35 32 2 34 55 49 45 58 59 16 61 10 67 18 31 62 51 53 0 1 44 14 23 7 21 50 25 4 36 3 12 65 27 15 26 24 57 64 9 60 8 28 68 20 22 39 5 6 30 19 66 29 63 38 17
26 46 9 36 34 38 22 16 20 39 56 0 8 29 60 15 18 27 24 58 10 11 67 12 43 50 23 41 55 21 7 48 68 2 44 42 63 30 61 13 35 59 25 62 31 33 54 64 52 53 14 49 66 47 1 57 40 28 5 3 45 69 6 51 19 17 65 32 4 37
60 68 37 65 15 64 13 29 20 23 14 63 45 66 6 57 25 61 19 12 62 22 7 47 67 27 46 11 34 30 5 17 50 59 9 43 40 36 4 69 3 55 52 2 24 38 54 42 56 48 33 51 41 10 16 21 32 35 31 44 53 26 28 18 58 39 49 1 0 8
14 1 52 67 56 57 27 8 39 63 48 58 55 50 59 42 49 21 68 37 54 41 3 11 34 30 23 32 45 43 51 9 64 31 66 65 26 19 28 6 16 13 20 4 62 24 5 36 44 61 46 29 53 35 40 7 33 69 60 18 0 22 10 15 25 47 2 38 17 12
61 68 16 25 26 13 50 62 14 12 63 54 47 2 21 45 1 42 11 64 56 41 28 5 48 3 36 51 10 66 20 19 24 33 46 27 65 44 22 32 17 38 39 43 55 29 31 23 69 6 57 40 37 52 34 35 49 15 53 58 60 8 18 67 59 0 7 9 30 4
54 69 64 66 40 63 60 35 2 33 1 62 68 27 7 53 31 9 6 28 25 61 34 8 29 41 36 56 20 65 12 26 52 5 45 59 4 55 48 49 0 44 3 32 50 42 18 16 30 51 15 23 24 37 58 57 11 21 14 13 46 22 17 38 47 43 67 39 10 19
18 40 63 62 21 9 55 57 3 43 58 5 56 17 23 6 42 44 12 15 4 13 37 34 54 8 30 22 65 53 14 24 41 49 31 51 39 10 0 16 52 28 60 66 19 68 47 2 46 20 1 48 25 27 64 36 29 7 35 67 32 45 50 59 33 38 61 26 69 11
0 50 52 30 20 48 43 56 32 35 29 22 19 39 36 68 24 31 69 67 33 3 27 37 47 60 17 7 28 57 34 15 66 13 16 61 11 12 42 64 18 26 55 53 5 51 54 41 44 40 49 2 10 4 63 38 59 62 14 8 6 25 58 45 21 1 65 46 9 23
40 51 1 19 11 30 53 24 29 59 10 64 67 57 31 68 28 32 50 3 5 13 60 41 66 38 39 58 48 7 54 37 47 18 6 49 69 25 20 46 23 42 27 33 22 9 61 16 36 8 56 34 52 43 14 35 45 65 44 17 62 4 21 0 12 26 15 2 55 63
64 46 18 16 67 10 51 24 2 29 66 42 14 17 20 37 36 8 69 9 25 35 50 61 23 58 26 6 22 45 39 56 7 21 55 54 60 68 31 13 1 53 3 40 44 43 57 5 59 41 11 12 4 65 32 47 48 52 62 15 19 33 28 30 0 27 34 38 63 49
46 49 66 12 44 59 11 4 3 53 21 57 18 62 1 10 58 13 26 38 60 33 24 19 39 5 69 15 43 6 47 9 42 27 40 22 63 48 68 67 34 64 56 65 54 55 7 36 32 31 20 61 51 16 41 37 45 2 25 14 0 50 29 8 23 30 35 28 17 52
63 45 44 7 10 29 67 64 46 18 25 32 36 57 24 5 34 13 15 39 8 1 31 6 51 53 16 65 20 61 55 49 52 9 3 22 4 19 12 38 26 48 27 17 47 60 41 0 2 68 54 35 59 42 69 58 23 14 21 28 33 62 43 66 50 11 40 56 37 30
50 14 3 6 68 27 55 5 22 48 33 46 66 49 31 69 65 26 4 52 37 62 53 45 8 28 9 56 16 38 59 15 24 44 23 17 67 61 18 57 19 58 13 35 36 60 40 7 29 0 1 43 21 41 32 42 39 51 12 10 64 2 63 11 25 47 34 20 30 54
61 62 37 26 31 47 63 68 51 58 18 5 49 9 17 28 52 66 42 59 48 45 24 2 3 20 16 29 39 69 36 12 32 7 23 34 13 64 15 44 27 21 25 57 11 19 65 43 41 8 40 60 53 1 0 35 30 38 14 10 50 33 54 46 67 56 4 22 55 6
37 55 56 62 2 46 61 16 48 45 42 8 38 15 12 36 59 49 51 33 39 20 40 35 11 65 26 67 21 13 4 19 50 25 41 32 23 68 60 43 47 34 54 9 57 58 27 66 69 30 18 22 3 10 14 7 1 52 28 53 24 5 44 29 6 31 0 64 63 17
3 23 4 6 48 42 64 41 13 40 44 69 57 18 66 54 63 55 20 68 32 35 56 33 27 0 65 39 2 45 62 25 17 19 7 46 1 9 21 47 16 61 51 50 8 31 60 43 34 29 30 14 10 37 22 15 26 28 49 38 24 59 36 52 53 58 11 67 5 12
67 53 30 41 66 31 7 4 24 27 23 6 52 12 36 0 68 3 69 19 62 28 25 9 14 37 40 13 5 34 55 45 21 51 17 65 46 48 35 2 44 42 59 29 49 16 54 32 43 11 64 18 15 8 63 10 61 58 60 39 57 20 33 56 47 26 50 22 1 38
8 5 23 3 29 10 46 68 11 67 14 60 65 17 38 59 36 51 32 57 52 9 45 50 22 15 69 19 7 4 0 34 49 28 2 47 35 27 12 62 40 21 44 63 54 24 16 53 55 42 61 43 56 25 48 64 41 37 1 13 6 18 58 31 33 20 39 30 26 66
15 11 65 54 9 32 42 61 16 37 13 30 1 31 23 24 0 68 59 47 69 57 21 58 18 4 28 48 44 19 39 56 40 6 12 43 64 33 41 5 7 50 27 36 35 17 25 22 14 34 52 3 2 8 10 29 38 26 51 63 20 55 49 60 67 46 66 53 45 62
24 14 49 0 32 1 4 48 13 30 33 63 17 35 47 50 10 3 65 36 7 56 40 11 18 53 66 69 9 52 8 5 15 26 25 60 64 54 57 2 27 29 19 45 28 34 38 42 21 59 44 31 67 23 37 62 51 12 55 41 68 46 6 39 43 22 61 58 16 20
67 17 16 66 53 52 8 46 9 5 38 22 39 28 24 25 58 68 3 33 65 55 19 2 26 20 37 45 4 18 13 41 48 12 7 11 21 40 43 59 35 57 15 51 0 27 6 64 60 34 62 30 1 47 23 54 50 10 29 63 14 61 36 31 69 44 42 32 56 49
17 45 36 37 49 46 52 61 15 47 55 56 9 57 32 50 3 30 16 2 14 66 25 4 44 29 8 64 62 58 23 67 22 21 68 60 1 43 54 48 27 41 20 0 51 69 65 35 31 42 40 10 33 12 59 11 19 6 38 5 24 63 34 18 53 28 26 7 39 13
61 0 9 20 50 29 7 34 15 65 38 6 57 39 10 62 3 32 35 58 25 1 23 67 26 4 27 59 55 18 52 69 22 11 64 45 43 63 44 41 51 40 30 37 46 68 53 19 5 24 13 33 56 54 8 36 66 60 28 17 48 47 12 16 21 42 31 14 49 2
56 32 14 8 62 44 36 63 35 22 59 17 9 5 33 57 54 49 23 34 29 4 37 61 43 52 10 60 69 15 25 38 48 55 20 41 1 2 19 47 53 64 13 39 31 30 42 51 3 11 40 68 27 45 16 50 7 67 12 46 66 26 0 58 24 18 21 6 65 28
12 34 68 62 2 58 61 21 22 14 16 66 50 0 67 17 35 65 39 19 26 48 20 27 45 23 59 15 25 64 30 38 55 53 51 29 54 9 13 40 1 56 37 41 5 49 32 69 10 28 42 33 4 43 8 60 52 47 57 7 6 31 18 44 24 46 3 11 63 36
17 42 28 24 41 8 67 19 26 12 45 5 57 55 64 58 21 14 40 30 38 63 29 35 61 18 54 59 25 47 33 9 44 51 34 39 31 48 11 36 68 7 56 65 10 13 69 53 37 3 6 16 52 22 32 27 62 43 46 15 49 4 50 23 60 2 66 0 20 1
17 21 49 43 20 18 34 13 27 16 25 47 4 3 56 23 53 6 15 42 65 29 1 45 46 12 10 7 48 14 9 19 58 32 51 67 61 54 60 22 35 11 68 39 69 28 63 37 64 40 38 5 44 2 33 62 50 36 66 30 8 59 24 41 57 0 55 31 52 26
24 66 25 6 23 40 12 9 35 27 17 32 31 16 14 60 50 49 48 8 36 37 13 22 65 41 7 64 15 30 1 55 56 34 33 18 52 67 45 5 10 39 57 63 58 19 61 43 20 11 53 69 62 0 3 4 28 68 59 46 26 54 21 51 47 2 29 38 42 44
7 1 6 8 40 18 49 34 39 29 20 38 12 14 23 67 28 9 56 45 47 68 11 10 13 69 27 64 22 26 21 58 3 50 37 59 44 36 62 54 25 51 66 4 53 0 31 42 16 24 48 65 17 63 55 60 46 32 41 57 2 61 15 19 52 43 35 33 30 5
12 33 7 11 42 64 69 18 62 21 6 19 57 38 22 68 47 59 32 9 49 15 24 54 65 40 3 61 26 16 0 58 1 48 46 10 13 41 20 4 23 60 30 55 35 28 27 36 5 50 39 2 67 45 17 29 56 66 25 37 31 63 43 53 44 8 34 52 14 51
63 65 61 4 5 2 8 11 45 68 3 64 69 22 47 18 39 41 40 0 13 54 31 29 35 23 66 56 46 38 1 19 17 21 53 14 37 57 28 36 42 48 50 44 60 6 59 34 30 51 7 58 25 10 33 62 16 67 20 52 9 26 12 55 49 24 27 32 43 15
49 19 33 29 30 7 26 12 48 64 13 10 52 34 44 65 17 61 43 56 47 66 67 20 59 0 22 27 9 51 14 55 18 45 16 68 36 57 5 63 1 11 40 28 32 6 21 24 53 3 62 39 38 69 8 41 2 58 23 54 37 50 42 25 4 35 46 60 15 31
56 9 23 35 30 17 62 42 20 34 43 31 25 68 65 39 51 7 63 19 67 40 4 47 37 54 49 36 60 50 21 55 64 13 32 27 61 3 1 57 69 8 53 11 18 46 16 10 66 48 58 2 15 26 14 38 5 12 52 6 41 24 22 29 28 44 45 59 33 0
25 20 2 58 68 52 3 30 6 18 0 24 46 61 1 21 38 5 59 9 19 40 10 44 11 36 67 14 49 51 66 45 31 57 32 63 64 35 12 62 13 29 42 28 33 54 15 47 34 27 41 17 23 69 56 60 53 4 7 16 39 43 48 65 26 55 50 37 22 8
19 6 9 48 12 28 53 22 23 4 10 3 27 2 8 36 65 31 13 33 25 1 52 57 66 67 69 58 59 5 55 60 41 39 45 21 64 47 54 49 11 17 37 51 20 24 63 40 0 43 35 30 44 16 62 18 68 34 38 7 32 26 15 14 46 29 56 61 42 50
32 58 24 10 36 15 48 4 11 47 44 67 56 64 42 26 16 18 9 25 3 13 31 68 57 66 51 6 0 39 1 14 54 30 38 35 28 33 12 53 2 55 49 22 37 61 60 46 59 21 69 63 7 40 23 50 43 62 17 19 5 65 8 20 41 29 45 52 27 34
59 14 5 28 40 53 39 4 48 20 21 66 31 62 27 55 41 23 35 60 69 61 11 64 13 38 50 12 57 18 17 19 22 51 65 24 25 34 10 9 44 68 47 16 49 26 36 46 52 2 33 37 56 15 6 8 7 58 42 54 29 1 32 30 63 0 67 3 45 43
19 27 67 21 69 13 51 0 58 65 45 41 7 48 26 63 68 34 64 25 1 59 5 4 56 42 60 23 36 44 47 28 49 15 61 46 2 8 29 10 32 12 43 39 54 52 33 6 31 3 11 37 66 53 62 30 50 35 55 14 20 17 57 9 22 40 38 16 18 24
25 6 46 38 67 28 5 51 52 0 4 57 39 48 37 21 1 12 40 7 20 35 13 15 56 2 36 27 63 32 45 30 23 8 58 17 3 60 41 55 31 16 11 53 10 64 62 18 34 29 65 33 43 24 66 42 19 54 61 50 47 44 22 68 49 26 9 69 14 59
42 12 61 37 4 1 9 11 67 60 64 55 59 0 45 28 44 52 17 15 29 18 48 68 46 47 62 34 69 8 57 19 56 38 58 5 30 33 32 43 49 26 13 3 39 66 41 24 27 14 31 36 2 25 50 51 22 54 53 7 23 63 40 65 21 10 6 16 35 20
62 55 5 0 46 45 64 22 24 57 41 61 33 8 31 60 40 6 56 35 1 68 7 52 16 54 69 13 19 9 66 38 27 48 43 50 36 10 51 14 18 37 44 15 21 3 42 58 39 29 63 32 47 23 2 65 12 59 30 34 53 17 20 49 26 11 25 28 4 67
49 46 31 34 51 0 12 28 57 65 16 50 37 62 2 25 26 66 60 21 33 7 1 54 41 35 23 53 19 9 43 52 29 22 27 18 36 63 3 40 48 38 67 58 42 45 11 14 8 64 5 10 15 47 68 61 6 13 20 59 24 55 32 30 39 56 44 69 4 17
39 22 4 34 19 2 28 59 24 27 7 52 15 32 50 29 45 9 55 8 40 11 3 67 49 46 41 48 56 60 5 61 58 17 57 21 68 35 20 38 1 51 18 16 37 23 63 53 66 36 31 33 54 30 10 65 42 14 12 25 13 6 26 0 43 44 64 62 47 69
24 65 43 17 20 10 69 54 30 19 64 18 51 28 6 59 2 26 35 41 22 46 23 25 42 15 68 38 66 39 44 63 50 61 67 56 49 58 55 21 33 57 48 37 1 13 40 16 47 0 36 27 53 45 31 3 29 8 34 32 60 52 62 11 5 12 4 9 7 14
20 51 31 36 4 3 24 27 38 7 57 34 0 41 12 30 9 68 48 46 69 67 8 62 17 61 15 45 56 2 53 55 29 35 42 18 33 65 40 49 13 32 63 28 50 37 14 60 26 59 58 5 21 16 66 11 54 52 64 22 47 44 39 25 10 43 23 1 19 6
46 23 32 63 8 21 53 26 20 19 50 56 1 3 57 10 58 28 22 29 12 44 36 34 41 69 60 66 47 42 5 67 16 4 40 2 37 43 17 64 0 6 15 27 39 9 24 54 68 55 61 25 48 65 13 31 59 49 33 18 45 30 7 11 35 52 14 62 38 51
19 21 26 51 35 6 55 17 20 18 1 53 50 45 46 25 62 27 14 36 42 47 28 49 48 60 3 64 61 10 22 30 33 9 52 43 68 15 4 58 7 34 56 66 32 2 38 67 16 57 41 23 13 44 59 65 29 8 37 63 31 54 5 69 39 24 0 11 12 40
56 25 38 63 48 36 21 37 31 43 67 30 29 10 49 35 3 1 46 28 20 2 14 52 17 18 27 65 47 54 41 24 53 34 57 66 68 22 9 33 15 7 64 4 42 55 62 6 50 8 40 59 12 39 45 0 44 69 61 58 5 19 11 51 60 26 13 32 23 16
