43 42 44 56 13 10 63 61 40 53 60 36 29 20 25 57 6 0 47 11 52 50 32 12 26 3 4 2 38 37 18 30 66 54 8 34 49 23 31 9 16 69 65 19 33 21 51 59 58 17 68 45 5 1 35 39 24 27 46 22 28 48 7 67 14 41 15 55 64 62
61 54 7 8 69 20 44 17 4 41 18 11 1 15 24 57 45 6 38 49 28 10 37 14 39 2 12 9 36 34 48 23 0 40 42 62 60 13 63 35 53 31 52 3 16 55 32 5 22 46 21 30 51 66 56 33 59 19 25 68 58 26 50 64 43 47 29 27 67 65
4 32 20 46 5 22 36 57 15 64 63 29 45 55 27 68 24 9 23 16 58 21 49 13 3 12 18 52 44 14 42 37 1 51 61 38 28 53 39 40 7 50 62 59 8 25 47 65 0 19 54 33 11 69 60 43 48 31 10 41 56 66 2 6 30 26 35 67 17 34
9 7 5 37 3 39 8 56 2 48 50 44 51 12 68 40 21 11 42 32 18 60 31 63 19 15 47 25 30 26 16 41 67 55 53 20 52 4 0 54 10 34 43 45 23 38 49 22 35 59 6 13 66 1 58 61 24 28 29 64 17 46 65 62 69 27 36 14 33 57
30 63 11 22 24 34 4 2 48 13 38 42 14 59 25 47 40 66 58 49 7 16 45 52 53 23 65 21 36 20 60 26 12 27 39 51 15 32 1 17 44 61 33 5 62 68 29 18 50 10 8 3 28 55 35 64 31 57 0 43 56 46 54 69 9 67 6 19 37 41
2 17 44 31 32 26 24 48 9 47 62 66 19 1 37 63 13 23 36 4 60 12 11 30 43 7 18 68 39 45 41 28 58 8 35 40 29 27 33 14 10 22 69 16 15 67 56 20 42 65 64 52 59 57 5 50 21 55 25 51 49 3 34 54 38 61 46 0 53 6
26 45 21 13 8 29 16 56 69 28 15 3 58 7 22 61 12 60 25 62 1 54 14 46 17 49 53 19 50 30 4 20 48 39 34 41 52 6 33 38 43 24 37 10 59 51 11 57 5 36 66 9 23 47 67 0 65 68 32 31 44 2 27 18 35 55 40 63 42 64
54 60 45 64 15 39 28 13 50 12 36 30 33 11 38 3 35 59 56 23 20 58 5 18 67 14 26 0 9 34 10 17 40 21 57 8 62 22 63 1 47 16 24 4 32 29 46 42 48 49 51 25 44 6 31 55 66 52 2 37 68 41 19 53 65 69 43 61 27 7
0 64 33 9 55 52 28 18 14 48 37 51 53 69 67 26 11 31 62 57 23 10 38 13 54 45 40 22 66 41 4 12 42 29 60 5 17 8 27 49 19 24 3 36 34 16 2 61 59 7 30 32 6 35 39 44 46 56 15 65 43 58 50 63 20 25 21 47 68 1
17 48 0 60 23 49 6 68 56 58 7 27 22 59 44 47 32 41 18 10 61 26 30 20 13 66 54 40 14 43 5 52 19 50 42 57 37 35 25 3 63 31 39 67 69 16 4 2 62 9 65 64 38 51 34 1 53 15 8 29 28 33 21 11 55 36 24 45 12 46
30 0 27 40 23 13 51 61 67 44 20 53 43 37 56 32 22 31 1 35 4 33 41 21 46 5 24 15 25 57 63 28 38 66 12 16 10 47 52 69 60 19 36 29 26 45 8 50 3 59 17 7 6 68 18 9 39 64 2 48 34 14 58 11 54 65 55 42 49 62
33 9 1 29 37 10 3 7 24 23 22 41 49 0 62 21 47 40 39 30 12 2 13 6 63 8 35 14 36 64 55 18 16 25 61 27 20 67 45 68 54 69 53 60 19 34 51 65 46 15 43 59 56 32 28 57 58 48 17 5 38 66 42 44 31 26 4 52 50 11
25 27 53 44 40 4 16 8 52 59 55 12 17 13 41 46 60 3 54 32 66 31 62 38 7 34 22 30 37 49 26 69 28 2 9 58 45 6 23 1 0 57 15 61 18 63 36 47 20 68 21 56 33 43 29 39 42 65 14 19 10 64 11 50 51 48 67 5 35 24
1 9 8 40 26 57 10 56 37 6 36 46 30 53 54 19 22 4 33 3 16 21 13 44 25 41 34 47 27 49 63 59 60 68 23 15 28 62 65 24 7 39 58 48 69 2 42 32 52 29 51 0 17 67 43 50 11 31 20 45 64 38 12 66 14 35 55 18 61 5
54 4 47 34 5 60 62 63 10 15 7 39 21 36 57 53 56 32 68 13 29 14 18 51 44 43 16 25 17 55 40 0 27 67 31 64 22 61 24 23 11 19 59 42 3 66 20 35 49 9 69 37 46 30 12 1 2 58 6 65 33 26 8 52 45 48 41 28 38 50
30 15 2 28 50 45 13 23 27 46 56 12 36 22 8 26 21 29 65 68 5 53 61 41 42 59 18 47 48 60 39 52 1 69 57 24 19 64 62 7 31 43 3 66 25 58 32 10 9 11 44 14 0 4 20 37 16 67 55 51 54 38 63 17 49 34 35 6 40 33
13 51 60 38 5 12 20 46 52 30 15 57 2 16 44 56 47 0 48 34 11 67 24 33 42 39 28 3 8 14 68 27 59 31 35 69 41 18 43 6 21 62 17 50 37 1 45 36 65 49 19 7 10 4 53 25 32 22 23 40 26 64 66 63 54 29 58 61 9 55
48 11 33 67 36 1 18 43 64 66 12 53 7 57 25 37 2 42 23 32 13 22 50 3 68 17 24 44 28 9 8 45 26 29 0 52 55 14 41 62 20 46 65 27 40 59 61 6 38 21 19 51 35 54 69 58 34 16 47 56 5 60 63 31 10 15 30 49 39 4
61 48 35 34 32 68 3 42 49 14 53 31 27 67 24 12 52 62 60 45 22 36 30 59 25 66 28 16 26 20 23 10 8 4 51 19 1 41 46 64 13 2 33 63 55 38 6 57 11 65 15 17 0 47 9 39 29 5 58 40 56 43 69 7 37 50 18 21 44 54
39 56 52 40 16 5 62 30 38 48 25 15 63 54 43 2 13 8 47 34 69 61 26 68 6 53 20 51 21 57 29 7 49 36 23 1 44 58 0 22 27 10 41 46 4 28 45 24 17 42 33 50 59 66 64 65 35 37 9 55 31 18 3 19 60 67 14 11 32 12
64 52 3 47 59 15 50 65 58 41 19 14 0 22 27 36 30 29 38 5 67 35 16 46 39 8 2 24 31 45 48 55 60 40 28 20 49 12 34 10 33 18 68 62 7 23 43 1 54 69 66 53 44 21 56 63 61 6 9 37 13 57 42 11 17 26 51 4 25 32
32 54 19 28 27 62 56 40 64 42 34 22 69 65 51 61 9 52 14 4 3 43 66 41 49 11 23 53 58 46 15 6 7 57 13 10 5 25 20 68 38 59 24 50 36 18 33 45 44 1 63 16 37 29 12 39 2 60 17 67 55 21 8 0 35 26 47 30 48 31
38 59 50 40 11 41 12 48 20 45 9 18 60 28 37 2 44 42 63 68 52 10 51 39 67 61 47 64 66 43 8 25 21 15 34 23 56 14 30 16 36 3 55 22 46 35 31 0 1 32 7 5 57 19 27 17 26 6 53 29 65 49 4 58 69 33 24 13 62 54
57 22 34 60 12 13 23 25 45 19 20 51 9 16 63 10 3 49 26 66 54 62 65 7 11 24 42 21 64 55 14 68 2 41 15 38 37 5 47 27 33 29 58 1 61 35 32 53 0 59 67 43 18 56 46 8 39 40 69 48 36 17 4 6 28 50 31 44 52 30
19 58 7 66 38 18 27 43 69 34 2 50 65 36 11 61 45 53 56 64 47 59 42 29 5 15 9 62 55 17 67 16 3 6 22 8 21 28 32 49 14 52 35 0 68 23 30 46 4 31 39 13 24 63 48 33 25 1 37 40 60 54 10 51 26 44 12 57 20 41
5 22 64 9 32 35 45 25 21 55 1 66 29 47 10 43 18 48 2 38 27 46 3 49 58 57 4 13 17 19 67 16 23 6 56 0 41 37 69 36 59 30 26 31 12 54 44 28 42 39 62 8 53 50 65 11 61 20 15 40 68 34 7 14 24 60 33 51 63 52
29 44 35 53 59 18 9 11 26 19 10 24 7 22 33 28 60 50 8 40 30 20 5 49 38 65 58 36 39 0 23 63 4 14 51 56 37 61 42 6 64 57 25 34 32 16 46 45 17 67 52 12 13 69 31 48 43 47 55 54 66 15 3 21 27 62 41 68 1 2
34 41 12 66 52 68 10 1 44 62 63 6 29 50 24 54 19 55 61 25 2 64 69 7 26 22 60 39 36 5 56 13 11 37 43 49 20 0 35 32 33 18 15 51 9 4 28 27 65 21 47 67 53 3 17 30 48 8 45 40 57 31 23 16 46 59 14 58 38 42
64 5 3 13 62 19 48 28 49 40 2 47 56 17 4 38 16 53 46 60 35 30 32 55 44 51 22 37 0 26 18 29 39 36 8 27 61 14 24 66 33 11 1 20 6 59 58 65 54 63 69 21 10 68 15 41 25 50 67 12 52 42 23 45 9 34 43 57 31 7
1 10 50 13 39 48 69 11 22 3 25 58 52 34 9 30 24 26 7 23 51 0 29 61 33 28 20 54 36 53 56 4 60 64 21 16 63 59 67 15 68 62 17 38 32 37 47 66 12 19 49 43 42 27 14 44 35 40 18 6 31 65 57 45 2 55 5 46 8 41
54 21 67 41 31 3 69 51 59 50 7 66 39 61 35 22 34 12 5 25 1 4 55 15 28 37 23 56 60 46 11 44 14 17 32 52 0 26 49 9 63 68 20 2 43 8 48 42 45 62 10 38 65 29 27 47 57 16 40 33 36 64 6 24 58 19 53 18 30 13
67 24 8 37 48 60 35 18 56 5 17 55 13 16 64 2 61 14 27 21 34 41 20 6 50 42 9 44 7 33 36 0 52 1 45 11 30 49 59 22 3 57 23 12 66 38 58 47 31 29 62 63 15 51 54 39 43 26 25 32 46 65 10 28 19 53 69 68 4 40
41 66 54 17 50 68 61 7 56 22 38 28 52 27 23 6 60 2 26 24 8 29 45 63 49 13 14 53 44 10 0 48 5 42 43 69 33 15 30 3 64 51 9 40 67 46 4 62 59 35 37 16 11 34 47 39 58 36 57 21 31 1 20 65 55 12 18 19 32 25
66 30 9 11 57 29 28 23 31 36 25 50 1 20 24 13 37 2 15 4 8 54 64 33 68 0 61 69 3 47 62 52 5 22 10 45 59 34 48 43 18 16 41 32 63 35 6 17 65 49 42 44 46 26 19 56 55 51 58 60 40 53 21 14 67 12 7 39 38 27
39 36 12 42 19 52 0 37 16 48 66 51 50 67 20 31 61 11 5 10 1 8 54 13 56 14 40 47 58 69 45 44 43 68 18 23 63 2 22 35 60 15 34 9 46 30 17 21 32 49 62 24 4 27 59 7 26 28 33 38 57 64 3 6 55 29 65 41 53 25
17 11 36 56 3 10 41 19 27 33 40 37 21 54 49 50 18 8 14 60 63 62 4 0 39 68 59 53 5 57 29 52 34 66 42 26 6 31 38 55 58 24 25 44 12 15 28 23 45 16 51 9 22 2 46 64 32 69 35 20 61 65 1 13 30 67 43 7 47 48
49 55 62 3 38 57 29 14 59 37 66 63 35 0 58 47 36 44 39 43 5 68 56 41 28 54 11 61 26 13 12 67 9 46 32 60 23 6 51 20 4 19 52 24 69 33 27 45 10 42 16 30 50 21 34 22 53 15 65 17 25 2 31 40 64 48 1 8 18 7
5 11 67 48 54 68 39 31 25 65 16 69 23 36 7 56 13 18 12 28 41 44 42 60 34 2 1 47 62 37 22 35 61 24 49 66 55 19 45 52 15 63 57 38 58 10 32 64 59 51 29 14 33 4 53 26 43 8 0 20 3 40 9 46 50 21 17 30 6 27
13 39 15 62 60 6 37 31 61 7 47 26 56 34 8 40 42 9 23 58 14 48 32 22 35 0 43 10 49 51 68 19 69 11 18 27 16 30 50 65 17 24 33 25 45 20 4 44 46 53 52 41 29 28 57 63 3 67 12 59 55 21 38 2 1 5 36 54 66 64
29 49 19 65 43 63 22 11 33 41 57 34 4 67 56 44 69 14 58 66 60 7 28 38 8 21 3 52 26 46 47 27 17 40 64 62 31 54 48 20 18 13 0 51 61 1 35 15 45 68 55 53 12 6 9 37 30 23 25 50 36 24 5 16 10 2 32 42 59 39
12 10 39 53 49 3 43 1 18 31 52 37 30 13 2 63 16 65 64 66 51 15 34 19 20 50 6 41 45 25 55 4 7 21 24 0 59 9 44 47 28 69 61 68 11 62 8 54 38 67 46 22 57 5 56 60 23 42 26 33 27 29 48 40 58 14 35 36 17 32
55 35 23 44 24 45 38 62 17 54 15 10 28 52 8 66 69 19 11 39 40 7 47 67 49 2 3 14 61 25 1 31 58 42 5 59 51 34 0 41 60 12 30 63 29 50 6 13 32 64 22 20 46 43 27 48 26 21 53 18 65 33 57 68 9 37 56 16 36 4
50 21 37 16 33 57 47 13 3 24 52 59 60 30 26 36 7 62 65 20 29 44 12 27 46 42 53 67 8 51 2 1 55 48 15 14 19 39 54 18 69 66 35 5 6 61 40 25 63 49 22 43 0 10 23 17 32 9 11 4 41 45 28 68 56 58 64 31 34 38
17 11 28 48 45 46 18 15 53 61 8 1 52 20 40 58 68 51 32 43 66 12 50 10 63 47 35 36 19 13 56 25 49 57 54 31 64 6 34 24 21 67 38 9 4 55 5 42 30 29 44 59 69 14 65 62 60 16 22 41 0 26 3 37 23 33 27 2 7 39
59 8 47 33 9 45 30 19 32 41 37 21 26 18 42 58 31 35 24 63 6 53 13 3 68 65 15 0 67 5 2 27 40 1 46 20 44 43 49 12 48 55 17 14 61 54 56 28 52 38 4 36 23 64 57 34 66 69 16 10 60 25 39 7 11 50 51 62 22 29
31 18 37 32 3 16 68 59 52 62 67 58 28 53 9 21 17 56 47 29 50 57 64 15 66 34 19 12 25 49 65 24 7 55 10 42 63 54 1 8 26 2 51 60 27 20 61 33 45 11 13 22 6 39 4 44 23 48 38 30 0 69 43 5 36 14 35 41 46 40
59 28 43 17 67 51 62 14 20 41 15 57 47 19 34 42 39 23 68 69 11 1 63 33 44 52 61 31 65 10 35 5 12 54 22 45 37 32 55 13 3 21 50 49 9 18 48 4 25 40 36 27 0 53 66 29 26 30 8 2 46 6 58 7 16 56 38 24 64 60
61 43 31 14 50 69 51 26 12 30 25 15 48 9 23 67 34 44 1 40 11 6 66 46 54 0 55 59 21 32 68 52 13 27 56 3 42 64 39 62 18 65 53 8 28 19 7 49 4 5 20 41 33 2 22 10 24 45 58 63 38 35 37 17 36 60 16 57 29 47
34 32 61 19 23 68 18 28 52 54 39 49 15 41 67 57 5 48 60 25 22 9 31 62 55 10 43 64 44 11 14 63 21 50 65 37 1 6 7 66 46 3 42 40 56 20 26 45 35 13 8 4 51 0 17 16 53 12 29 69 36 30 38 24 59 2 33 27 47 58
58 12 33 47 54 29 9 23 22 43 65 16 39 28 67 34 30 26 37 48 63 41 15 66 57 18 4 1 69 62 52 50 0 21 42 55 14 10 59 27 11 56 24 25 6 7 31 46 2 19 20 53 51 49 45 13 60 64 17 38 36 3 32 68 8 61 44 5 35 40
7 26 65 35 14 30 49 22 62 52 44 8 42 15 11 32 34 56 1 67 24 36 10 54 23 28 38 66 58 40 3 5 31 29 25 51 45 59 55 33 4 64 39 19 21 43 12 69 41 18 61 27 47 46 6 68 57 0 50 9 16 17 2 37 20 63 60 48 13 53
41 21 61 48 59 43 16 49 37 17 38 14 20 45 6 44 67 36 27 42 25 64 26 9 62 63 65 47 10 0 58 31 22 32 57 35 11 12 39 5 15 66 52 54 46 18 2 4 7 34 56 28 19 1 51 60 53 68 13 33 69 40 23 29 50 8 3 30 55 24
50 31 2 26 34 5 0 15 55 10 42 1 44 53 30 59 16 46 52 64 37 24 62 35 22 36 20 43 41 19 65 27 12 23 51 3 47 48 4 60 28 7 13 39 21 6 54 56 67 11 29 9 58 18 32 33 63 40 66 61 49 45 38 69 14 17 25 68 8 57
7 18 0 50 13 30 21 38 16 32 61 4 41 65 9 46 10 17 57 14 63 24 67 45 51 68 33 3 29 28 43 1 8 40 5 19 31 54 26 20 15 11 62 6 22 42 25 60 58 12 66 37 47 52 55 59 56 64 23 35 49 44 69 34 53 27 36 48 39 2
34 61 52 49 7 55 1 16 10 2 8 35 17 44 36 25 64 43 66 29 0 15 41 38 20 56 30 65 51 57 11 45 63 24 53 54 67 27 62 28 50 6 37 68 33 9 48 3 5 19 47 39 18 59 4 32 40 12 26 31 58 22 42 60 14 46 69 23 13 21
48 4 17 67 36 21 51 6 54 31 37 60 62 68 26 44 59 35 13 56 47 16 50 3 53 38 46 27 49 18 66 24 10 57 61 25 14 52 20 34 8 5 30 65 7 1 23 41 69 2 55 9 0 63 29 58 39 32 12 28 45 22 15 11 43 40 42 33 64 19
57 51 49 5 16 46 37 18 0 44 42 53 13 61 25 56 21 47 23 2 31 55 40 52 41 68 22 33 17 24 10 64 36 1 50 66 63 14 28 34 6 39 9 3 8 15 12 4 59 35 62 19 54 30 38 67 32 26 60 58 43 65 29 11 7 69 45 48 20 27
51 4 18 6 7 35 5 9 67 40 61 34 15 14 43 1 37 66 42 62 17 56 68 64 33 54 59 69 39 10 20 32 58 57 29 11 24 36 48 52 45 65 44 27 19 63 12 21 28 16 8 49 53 13 50 38 0 25 3 41 47 2 23 55 26 60 22 46 30 31
39 61 50 37 58 29 57 35 34 12 44 30 23 33 1 36 6 43 51 47 22 11 17 69 5 10 49 15 68 65 52 16 18 40 48 3 27 66 31 24 38 7 45 9 0 14 25 59 60 2 62 41 19 54 42 21 56 63 32 8 55 20 26 46 53 13 4 28 64 67
46 66 32 53 49 40 12 50 33 17 16 27 39 14 9 69 68 1 24 67 21 54 25 42 11 30 4 44 5 64 58 51 57 56 19 35 37 43 34 28 20 3 18 6 48 61 63 2 15 47 41 7 13 23 52 45 10 60 22 31 8 36 59 55 0 65 62 29 26 38
57 65 32 24 30 10 67 23 68 61 12 0 1 28 58 31 8 17 59 49 2 45 39 14 62 20 27 33 47 64 13 36 44 26 38 15 42 11 52 3 35 56 37 46 16 34 19 51 43 63 5 7 66 60 41 40 48 6 55 54 69 18 50 25 4 21 53 9 22 29
58 43 20 9 1 37 29 63 2 68 18 16 55 56 19 44 15 61 38 10 12 65 62 31 6 24 48 60 64 40 35 45 17 7 3 25 22 5 34 36 27 69 32 59 57 52 0 41 46 8 11 26 21 53 42 54 39 49 33 47 51 66 23 14 30 67 13 28 4 50
30 54 35 69 50 38 21 65 64 15 46 8 31 48 42 66 16 7 18 23 57 20 3 51 11 43 49 14 10 32 2 22 36 5 33 26 45 52 29 63 39 27 47 68 59 40 56 17 24 58 62 41 25 61 13 12 4 0 34 28 67 37 60 9 55 6 53 44 1 19
63 39 12 59 61 37 62 57 15 44 56 47 22 14 67 23 41 7 52 3 1 2 19 51 6 54 29 33 65 50 18 49 31 38 43 55 20 34 35 42 32 9 26 17 36 4 60 8 30 25 64 58 40 53 5 66 69 28 16 46 13 68 48 24 11 0 45 21 27 10
64 52 5 13 54 9 40 51 59 44 6 41 55 67 35 14 65 33 23 57 38 25 10 46 66 18 17 4 43 61 36 15 34 58 60 22 49 19 0 3 28 48 39 45 29 16 53 24 37 56 27 2 8 50 30 69 62 26 12 32 47 11 21 1 63 7 42 68 20 31
43 16 59 17 5 63 52 53 54 60 51 0 11 37 24 46 41 64 7 39 13 10 47 22 57 67 25 3 4 2 19 44 58 61 62 21 20 66 23 56 8 28 50 69 9 55 18 1 31 40 45 35 29 38 14 27 68 30 42 48 36 15 33 49 12 34 6 65 32 26
26 18 28 67 20 5 0 6 16 35 68 37 14 15 17 4 42 56 7 43 2 63 36 40 44 31 19 11 32 8 53 24 64 13 61 69 54 25 1 3 22 30 12 60 47 34 49 51 27 46 21 57 59 52 39 9 41 62 66 48 55 50 29 10 33 23 38 45 65 58
0 54 25 53 33 40 44 32 50 20 49 12 51 18 63 69 43 66 10 28 27 65 55 59 45 2 62 47 22 5 46 57 26 11 60 9 6 23 37 48 1 21 8 68 29 34 41 14 35 64 17 13 30 24 16 52 15 38 39 7 3 56 42 36 67 58 61 31 19 4
39 19 53 28 9 65 58 18 5 51 57 30 44 55 29 26 21 54 27 56 1 68 50 24 20 45 43 31 14 8 52 60 35 33 15 41 2 67 11 16 63 7 13 10 12 69 42 48 47 32 36 46 64 37 17 40 0 3 34 59 4 49 61 22 25 38 23 62 66 6
30 69 20 8 48 68 44 54 18 42 41 65 31 24 33 36 19 35 61 10 39 12 22 14 60 13 15 26 23 7 67 21 53 11 2 40 51 0 63 46 56 6 66 17 29 5 38 47 57 49 4 64 59 43 45 62 3 9 25 34 27 1 28 50 16 37 32 58 52 55
50 55 13 1 62 0 2 8 53 5 20 57 3 25 23 48 64 27 24 7 10 35 30 29 38 68 40 66 26 33 21 44 54 22 47 59 11 46 61 16 9 51 17 32 36 58 52 67 28 37 65 41 49 18 69 63 19 42 60 43 12 56 39 31 34 6 14 15 4 45
3 26 64 9 40 24 57 31 47 30 52 66 53 33 38 49 58 29 15 17 45 39 0 18 56 34 6 2 41 36 63 51 14 28 22 12 35 60 55 8 65 61 67 19 46 43 20 10 69 44 16 37 59 1 7 48 11 32 21 25 27 23 4 54 5 42 13 50 68 62
39 26 58 49 46 59 23 42 11 29 66 2 13 48 53 27 64 34 3 8 56 33 31 4 40 0 50 5 41 63 1 35 15 21 54 18 62 51 69 6 25 68 52 32 12 57 19 47 37 45 61 36 22 9 55 67 17 16 38 24 28 14 10 30 60 43 7 20 44 65
38 61 34 46 29 1 39 49 67 6 48 62 27 50 58 33 53 12 5 21 2 10 22 63 36 60 11 26 42 3 17 43 57 32 0 64 16 54 15 56 65 18 9 25 69 52 4 23 24 13 59 40 8 14 7 37 45 30 68 47 51 35 31 28 44 41 19 55 66 20
48 58 54 30 25 46 15 63 3 47 32 6 23 40 35 45 39 38 16 44 26 1 66 64 4 2 69 17 5 13 9 29 7 10 41 18 62 59 57 37 55 36 53 20 51 19 65 50 42 60 21 33 0 52 43 49 14 28 11 68 22 67 31 8 27 12 56 34 61 24
25 29 18 11 55 7 64 51 63 69 4 6 36 67 68 65 52 22 59 54 20 13 57 42 16 30 38 1 61 39 17 53 62 10 56 0 23 37 5 41 8 32 46 45 34 43 31 15 3 26 47 35 12 66 19 44 27 40 50 60 33 24 48 9 49 21 58 28 2 14
27 40 29 2 37 5 50 17 32 46 10 39 34 22 51 54 20 16 13 49 12 23 26 60 57 28 53 25 59 52 65 48 56 66 33 58 0 36 41 63 62 19 42 43 15 44 7 30 8 11 18 69 1 68 21 45 64 9 47 61 31 3 14 35 55 4 38 67 24 6
4 36 51 13 12 23 30 60 63 44 42 11 9 67 34 26 53 18 24 25 10 5 62 6 0 49 48 45 21 8 17 40 33 68 35 31 65 57 3 22 15 38 16 55 69 28 64 47 56 2 37 1 19 58 7 20 52 54 41 43 14 32 46 39 27 29 59 50 66 61
33 68 66 25 69 2 15 29 44 28 12 20 11 6 54 4 42 58 35 43 52 22 16 41 9 51 55 18 67 59 38 40 39 32 64 65 60 61 34 3 50 19 24 10 0 23 5 31 7 13 53 57 36 30 48 21 46 14 63 26 47 56 49 8 62 17 37 1 27 45
45 23 57 69 64 21 7 24 59 19 27 50 58 18 13 5 56 60 15 17 30 9 34 63 20 66 62 29 40 67 41 11 28 61 54 8 12 32 33 0 39 52 1 44 46 37 16 4 26 36 43 38 2 55 35 65 14 68 6 42 22 53 49 48 3 47 31 51 10 25
66 13 7 25 32 27 38 52 30 43 23 50 22 3 15 57 48 39 12 61 28 69 9 56 45 42 44 4 24 11 16 8 49 1 40 62 65 35 64 60 47 10 51 26 14 68 2 58 34 18 41 6 31 63 17 19 21 20 5 46 33 37 29 53 59 54 0 55 36 67
56 63 66 41 13 65 54 42 16 11 9 30 28 60 58 57 49 17 2 5 22 10 36 6 47 62 61 7 34 0 18 52 37 40 15 46 48 3 55 59 50 31 12 64 45 38 44 67 53 43 32 20 4 69 24 21 29 51 68 39 25 26 1 27 14 35 19 33 8 23
21 32 22 33 54 60 15 45 47 9 27 20 49 42 5 38 67 0 52 36 10 43 1 7 64 61 35 59 66 28 50 53 58 30 39 18 6 4 16 48 31 40 63 55 46 12 13 29 57 11 26 51 34 65 44 56 23 2 17 3 62 41 8 19 14 69 25 68 37 24
20 32 41 13 0 48 39 8 19 35 7 53 67 69 49 50 16 37 9 25 3 22 66 23 6 27 59 15 52 54 30 56 58 65 68 38 36 2 63 21 62 61 64 26 10 60 34 45 14 47 29 42 40 44 46 33 1 43 55 57 17 31 5 11 51 28 4 24 12 18
56 19 65 69 39 42 10 7 49 5 26 15 47 68 18 17 37 40 3 52 46 27 66 4 60 23 61 9 2 20 12 64 63 28 62 22 34 30 32 54 53 29 41 8 13 16 38 0 48 50 14 25 44 45 43 67 55 21 35 36 31 58 33 24 11 57 51 6 1 59
22 25 35 32 41 4 53 57 21 47 51 1 45 63 15 62 26 9 38 48 0 37 31 29 19 3 20 65 59 30 12 46 5 18 68 27 44 23 61 10 2 55 58 8 39 42 60 13 49 36 67 40 69 7 50 17 54 43 52 6 11 24 28 56 66 64 33 14 16 34
59 49 28 60 67 22 51 21 7 15 61 54 47 26 35 12 68 45 44 42 52 17 53 66 65 14 55 63 56 41 23 25 4 40 31 6 19 33 2 32 29 39 37 38 10 24 18 1 0 58 43 3 46 34 11 48 57 50 8 36 62 16 9 20 27 30 5 69 13 64
48 23 43 10 2 37 18 29 51 68 17 40 8 47 58 52 5 50 46 63 36 35 4 30 54 62 21 15 57 22 19 9 53 41 42 24 59 12 1 66 39 44 64 27 20 14 3 55 16 0 61 38 49 69 6 32 25 65 13 28 33 34 56 7 26 67 60 11 31 45
36 13 48 32 8 42 31 43 46 2 45 22 16 37 30 68 51 53 38 64 5 41 56 34 59 17 0 55 61 40 44 1 60 11 4 66 15 27 54 63 12 33 6 57 29 14 10 3 18 52 23 39 20 9 50 65 26 47 24 58 62 25 49 21 35 67 7 28 19 69
39 40 46 44 16 23 28 67 2 35 10 66 13 29 41 0 59 36 31 25 18 65 24 33 3 69 1 49 30 14 27 26 54 8 7 4 55 60 11 5 21 15 58 63 53 43 22 6 48 50 51 12 57 34 38 45 9 56 52 61 19 17 32 42 64 62 37 68 47 20
5 49 38 66 62 25 17 31 13 37 28 36 22 68 14 44 19 2 60 43 18 65 12 0 21 10 39 69 63 23 67 40 3 50 48 6 61 59 41 27 33 58 52 8 34 4 16 45 42 11 47 64 35 15 9 20 24 46 57 56 51 26 55 29 1 7 54 30 32 53
56 49 48 8 1 3 13 16 54 30 15 58 0 25 68 29 66 42 11 51 5 33 45 26 52 57 23 63 31 39 24 44 9 37 22 69 2 20 47 12 18 55 19 64 6 53 62 14 27 60 35 34 17 21 40 67 46 61 32 50 10 41 43 28 7 36 38 4 59 65
28 61 65 66 60 67 43 55 42 12 13 51 1 4 44 47 63 49 27 40 62 37 30 53 41 69 10 3 5 33 59 25 0 9 20 35 29 14 54 39 16 46 18 7 45 21 8 6 38 19 31 15 56 11 50 52 17 36 64 24 26 34 32 23 22 68 48 57 58 2
62 37 27 50 32 58 38 7 6 42 8 61 39 48 19 25 56 24 30 57 59 64 1 3 28 11 66 47 63 0 55 34 21 60 35 67 45 16 14 54 18 4 12 49 36 15 68 9 10 53 5 44 46 69 52 29 43 23 2 13 26 33 65 31 51 22 41 40 17 20
53 34 27 40 63 16 60 22 14 9 44 17 12 58 37 68 56 47 13 30 21 32 5 26 59 57 11 36 54 62 8 24 43 64 46 51 31 3 66 20 48 49 52 10 1 25 61 19 45 67 69 41 23 50 6 0 39 55 38 28 29 4 7 15 33 65 35 42 2 18
50 22 7 43 68 59 3 41 13 45 53 4 52 34 35 33 65 67 28 62 49 17 38 6 46 2 25 63 51 64 0 37 61 11 69 36 48 27 26 15 44 66 14 39 21 18 40 47 58 24 12 42 30 10 20 19 31 16 55 54 57 9 32 56 5 23 8 1 60 29
44 60 54 36 22 47 51 10 28 56 37 68 34 35 58 26 69 65 3 53 9 31 8 27 5 41 43 57 33 32 4 39 55 48 62 49 66 18 50 15 6 64 42 38 21 2 7 1 19 17 61 29 16 45 11 20 67 52 0 59 40 14 13 30 12 46 25 63 24 23
68 12 11 60 69 58 50 35 21 67 10 25 66 34 24 48 56 41 37 55 47 7 17 32 40 22 36 52 39 0 49 13 44 31 8 61 5 16 30 14 42 57 63 54 51 4 15 2 29 6 18 1 43 64 19 38 46 23 65 59 53 45 33 9 20 62 3 28 27 26
20 2 30 47 4 37 55 24 40 31 68 66 7 49 36 45 16 63 35 61 64 0 51 26 53 59 38 25 65 27 60 32 1 42 3 9 46 15 17 6 19 23 34 56 62 21 54 11 39 50 57 14 67 12 18 48 33 5 28 44 58 8 10 43 22 29 52 41 13 69
3 9 7 60 50 47 13 42 34 68 25 46 10 14 33 15 45 56 36 44 38 21 16 69 62 59 65 30 41 48 2 67 35 20 51 52 63 6 24 37 53 57 0 8 49 58 32 11 31 23 22 12 4 18 28 66 64 43 55 40 27 39 5 61 1 54 17 29 26 19
