1 48 35 65 3 39 34 56 7 52 2 69 4 43 29 60 15 45 28 62 6 36 25 54 8 50 27 67 5 41 26 58 14 46 24 63 12 37 23 55 16 51 31 68 13 42 22 59 9 44 30 61 10 0 20 53 11 49 32 66 17 40 21 57 19 47 33 64 18 38
35 55 3 50 7 68 2 42 34 60 4 44 28 62 5 1 24 53 15 48 29 66 6 40 27 58 8 45 26 63 9 37 33 54 14 49 12 67 13 41 25 59 11 43 31 61 10 0 32 52 16 47 30 65 17 39 22 57 19 46 23 64 18 38 36 56 21 51 20 69
1 43 35 61 3 46 34 63 7 36 28 54 2 50 29 67 15 40 24 58 6 47 25 64 4 37 27 55 5 51 26 68 14 41 22 59 12 44 23 62 13 0 30 53 11 49 31 66 8 39 32 57 9 48 20 65 17 38 21 56 10 52 16 69 19 42 33 60 18 45
35 62 1 36 30 53 3 49 28 67 7 41 29 58 2 46 25 64 15 38 27 55 6 50 4 68 5 42 26 59 8 44 24 61 14 0 23 52 13 48 31 66 12 40 22 57 11 47 32 65 16 39 20 56 9 51 17 69 10 43 21 60 18 45 34 63 19 37 33 54
3 50 35 67 7 41 34 58 15 46 28 63 2 37 29 55 6 51 25 68 4 42 27 59 5 44 26 61 8 0 24 53 14 48 33 65 12 39 23 57 16 47 31 64 13 38 30 56 9 52 11 69 10 43 21 60 18 45 22 62 17 1 32 54 19 49 36 66 20 40
35 57 1 46 30 64 3 37 29 54 7 50 2 68 4 41 28 59 6 43 27 61 5 0 24 52 8 48 26 66 9 39 32 56 15 47 25 65 14 38 23 55 12 51 13 69 11 42 31 60 16 44 22 62 17 36 20 53 18 49 21 67 10 40 34 58 19 45 33 63
1 37 35 55 3 50 2 68 7 42 34 60 4 44 29 62 6 0 28 53 5 48 27 66 8 40 24 58 9 47 26 65 15 39 32 57 14 52 13 69 12 43 25 61 11 45 23 63 16 36 31 54 17 49 30 67 18 41 22 59 10 46 21 64 19 38 33 56 20 51
1 68 3 42 35 59 2 44 30 61 4 0 28 52 5 48 24 65 7 39 29 56 6 47 27 64 8 38 26 55 9 51 15 69 14 43 32 60 13 45 25 62 12 36 23 53 11 49 31 66 16 40 22 57 17 46 20 63 18 37 21 54 10 50 34 67 19 41 33 58
3 44 35 61 2 0 34 53 7 49 28 66 4 40 33 57 15 48 24 65 6 39 27 56 8 52 5 69 9 43 26 60 19 46 32 63 14 37 25 54 12 50 31 67 13 41 23 58 16 47 30 64 17 38 22 55 11 51 10 68 18 42 29 59 20 45 36 62 21 1
35 53 1 48 30 66 3 39 28 57 7 46 29 64 2 38 25 56 15 51 6 69 5 42 27 60 4 44 26 62 8 36 24 54 14 49 23 67 12 40 31 58 16 45 19 63 13 37 22 55 9 50 20 68 11 41 21 59 10 43 32 61 17 0 34 52 18 47 33 65
1 39 35 57 3 47 34 65 7 38 29 56 2 52 4 69 15 43 28 61 6 45 25 63 8 36 27 54 5 50 26 67 14 41 24 59 12 46 23 64 16 37 30 55 13 51 11 68 9 42 31 60 17 44 22 62 10 0 21 53 18 49 32 66 19 40 33 58 20 48
35 65 1 39 30 56 3 51 7 69 2 43 29 60 4 45 28 62 15 36 25 53 6 49 27 67 8 41 26 58 5 46 24 63 14 37 23 54 12 50 31 68 16 42 19 59 13 44 22 61 9 0 20 52 10 48 32 66 11 40 21 57 17 47 34 64 18 38 33 55
3 51 7 68 2 42 35 60 4 45 34 62 5 1 28 54 15 49 24 66 6 40 36 58 8 46 27 63 9 37 26 55 14 50 12 67 13 41 33 59 11 44 25 61 10 0 31 53 16 48 32 65 17 39 30 57 19 47 23 64 18 38 29 56 22 52 20 69 21 43
35 60 1 45 30 63 3 36 28 53 7 49 29 67 2 40 24 57 15 46 25 64 6 37 27 54 4 50 26 68 5 41 19 58 14 43 23 61 13 0 31 52 12 48 22 66 11 39 32 56 8 47 20 65 9 38 21 55 17 51 10 69 16 42 34 59 18 44 33 62
1 36 35 54 3 49 34 67 7 41 28 59 2 46 29 64 15 38 25 56 6 51 5 68 4 42 27 60 8 44 26 62 14 0 24 53 13 48 23 66 12 40 31 58 11 47 30 65 16 39 32 57 9 52 10 69 17 43 22 61 18 45 21 63 19 37 33 55 20 50
35 67 3 41 30 58 7 46 28 63 15 37 29 54 2 50 25 68 6 42 27 59 4 44 26 61 5 0 24 52 8 48 33 65 14 39 23 56 12 47 31 64 16 38 22 55 13 51 9 69 11 43 21 60 10 45 20 62 18 1 32 53 17 49 34 66 19 40 36 57
1 47 35 64 3 38 34 55 7 51 2 68 4 42 29 59 6 44 28 61 5 0 27 53 8 49 24 66 9 40 26 57 15 48 32 65 14 39 25 56 12 52 13 69 11 43 23 60 16 45 31 62 17 36 30 54 18 50 22 67 10 41 21 58 19 46 33 63 20 37
35 54 1 49 34 67 3 41 29 59 2 43 28 61 4 0 24 52 7 47 25 65 6 39 27 57 8 46 26 64 5 38 32 56 15 51 14 69 13 42 23 60 12 44 22 62 11 36 31 53 16 48 30 66 9 40 20 58 17 45 21 63 10 37 33 55 19 50 18 68
1 42 35 60 3 45 34 62 2 0 29 53 4 49 28 66 7 39 24 57 6 48 27 65 8 38 26 56 5 52 9 69 15 43 32 61 14 46 25 63 12 36 23 54 13 50 22 67 16 40 31 58 17 47 30 64 11 37 20 55 10 51 21 68 19 41 33 59 18 44
35 61 7 0 34 52 3 48 28 66 15 40 29 57 4 47 24 65 21 39 27 56 6 51 8 69 5 43 26 60 9 45 33 63 14 2 25 54 13 49 31 67 12 41 30 58 11 46 32 64 16 38 22 55 17 50 19 68 10 42 23 59 18 44 37 62 20 1 36 53
1 49 35 66 3 40 34 57 7 47 28 64 2 38 29 56 15 52 6 69 5 43 25 60 4 45 27 62 8 36 26 54 14 50 24 67 12 41 23 58 16 46 31 63 13 37 30 55 9 51 11 68 10 42 21 59 18 44 22 61 17 0 32 53 19 48 33 65 20 39
35 56 1 46 30 64 3 38 29 55 7 51 2 69 4 42 28 60 15 44 25 62 6 36 27 53 8 49 26 67 5 40 24 58 14 45 23 63 12 37 22 54 16 50 13 68 11 41 31 59 9 43 20 61 10 0 32 52 17 48 21 66 18 39 34 57 19 47 33 65
1 39 35 57 3 52 2 69 7 43 34 61 4 45 29 63 15 36 28 54 6 49 25 67 8 41 27 59 5 46 26 64 14 37 24 55 12 50 23 68 16 42 31 60 13 44 22 62 9 0 30 53 10 48 20 66 11 40 32 58 17 47 21 65 19 38 33 56 18 51
3 68 7 42 35 59 2 45 34 62 4 1 28 53 5 49 24 66 15 40 29 57 6 46 27 63 8 37 26 54 9 50 14 67 12 41 33 58 13 44 25 61 11 0 31 52 10 48 32 65 16 39 30 56 17 47 22 64 19 38 23 55 18 51 21 69 20 43 36 60
1 46 35 63 3 37 34 54 7 50 28 67 2 41 29 58 15 47 24 64 6 38 25 55 4 51 27 68 5 42 26 59 14 44 22 61 13 0 23 53 12 49 31 66 11 40 30 57 8 48 32 65 9 39 20 56 17 52 10 69 16 43 21 60 19 45 33 62 18 36
35 53 1 48 30 66 3 40 28 58 7 45 29 63 2 37 26 55 6 50 4 68 5 41 27 59 9 43 24 61 8 0 32 52 15 47 25 65 14 39 31 57 12 46 23 64 13 38 22 56 16 51 17 69 10 42 20 60 11 44 21 62 18 36 34 54 19 49 33 67
3 41 35 59 7 46 34 64 15 37 28 55 2 51 29 68 6 42 25 60 4 44 27 62 5 0 26 53 8 49 24 66 14 39 33 57 12 48 23 65 16 38 30 56 13 52 11 69 9 43 31 61 17 45 22 63 10 1 21 54 18 50 32 67 19 40 36 58 20 47
35 64 1 38 30 55 3 50 7 68 2 42 29 59 4 44 28 61 6 0 27 52 5 48 24 66 8 40 26 57 9 47 32 65 15 39 25 56 14 51 12 69 13 43 23 60 11 45 31 62 16 36 22 53 17 49 20 67 18 41 21 58 10 46 34 63 19 37 33 54
1 50 35 67 3 41 34 59 2 44 33 61 4 0 28 53 7 48 24 65 6 39 25 57 8 47 27 64 5 38 26 56 15 52 14 69 13 43 32 60 12 45 23 62 11 36 22 54 16 49 31 66 9 40 30 58 17 46 21 63 10 37 29 55 19 51 18 68 20 42
35 59 1 44 30 62 2 0 28 52 3 48 29 66 4 39 24 56 7 47 27 65 6 38 26 55 8 51 5 69 9 42 32 60 15 45 25 63 14 36 23 53 12 49 19 67 13 40 31 57 16 46 22 64 17 37 20 54 11 50 21 68 10 41 34 58 18 43 33 61
7 0 35 53 3 48 34 66 15 40 28 58 4 47 37 65 22 39 24 57 6 52 5 69 8 43 27 61 9 45 26 63 14 2 33 55 13 50 25 67 12 41 31 59 11 46 30 64 16 38 32 56 17 51 10 68 19 42 23 60 18 44 29 62 20 1 36 54 21 49
35 66 1 40 30 57 3 47 28 64 7 38 29 55 2 51 15 69 6 43 25 60 5 45 27 62 4 36 26 53 8 49 24 67 14 41 23 58 12 46 31 63 16 37 19 54 13 50 22 68 9 42 20 59 11 44 21 61 10 0 32 52 17 48 34 65 18 39 33 56
1 47 35 64 3 38 34 56 7 52 2 69 4 43 29 60 15 45 28 62 6 36 25 54 8 50 27 67 5 41 26 58 14 46 24 63 12 37 23 55 16 51 13 68 11 42 30 59 9 44 31 61 10 0 22 53 17 49 32 66 18 40 21 57 19 48 33 65 20 39
35 56 1 51 3 69 2 42 34 60 7 44 29 62 4 36 28 53 15 48 25 66 6 40 27 58 8 45 26 63 5 37 24 54 14 49 23 67 12 41 22 59 13 43 31 61 11 0 32 52 16 47 30 65 9 39 20 57 17 46 21 64 10 38 33 55 19 50 18 68
3 42 35 60 7 45 34 63 2 1 29 54 4 50 28 67 15 40 24 58 6 47 27 64 8 37 26 55 5 51 9 68 14 41 33 59 12 44 25 62 13 0 30 53 11 49 31 66 16 39 32 57 17 48 22 65 19 38 23 56 10 52 18 69 21 43 36 61 20 46
35 63 1 37 30 54 3 49 28 67 7 41 29 58 2 46 25 64 15 38 27 55 6 50 4 68 5 42 26 59 8 44 24 61 14 0 23 52 13 48 31 66 12 40 22 57 11 47 32 65 16 39 20 56 9 51 17 69 10 43 21 60 18 45 34 62 19 36 33 53
1 49 35 66 3 40 34 58 7 46 28 63 2 37 29 55 6 51 4 68 5 42 26 59 9 44 27 61 8 0 24 53 15 48 32 65 14 39 25 57 12 47 31 64 13 38 23 56 16 52 17 69 10 43 30 60 11 45 22 62 18 36 21 54 19 50 33 67 20 41
35 58 1 45 30 63 3 37 28 54 7 50 29 68 2 41 25 59 6 43 27 61 5 0 24 52 4 48 26 66 8 39 32 56 15 47 23 65 14 38 19 55 12 51 13 69 11 42 31 60 16 44 22 62 9 36 20 53 17 49 21 67 10 40 34 57 18 46 33 64
1 38 35 56 3 51 2 68 7 42 34 60 4 44 29 62 6 0 28 53 5 48 27 66 8 40 24 58 9 47 26 65 15 39 32 57 14 52 13 69 12 43 25 61 11 45 23 63 16 36 31 54 17 49 30 67 18 41 22 59 10 46 21 64 19 37 33 55 20 50
35 67 1 41 34 58 3 44 29 61 2 0 28 52 4 48 24 65 7 39 25 56 6 47 27 64 8 38 26 55 5 51 15 69 14 43 32 60 13 45 23 62 12 36 22 53 11 49 31 66 16 40 30 57 9 46 20 63 17 37 21 54 10 50 19 68 18 42 33 59
3 45 35 62 2 1 34 53 7 49 28 66 4 40 33 57 15 48 24 65 6 39 27 56 8 52 5 69 9 43 26 60 19 46 32 63 14 37 25 54 12 50 23 67 13 41 22 58 16 47 31 64 17 38 30 55 11 51 21 68 10 42 29 59 18 44 36 61 20 0
35 52 3 47 30 65 7 39 28 57 15 46 29 64 2 38 26 56 6 51 4 69 5 42 27 60 9 44 24 62 8 1 33 54 14 49 25 67 12 40 31 58 16 45 22 63 13 37 23 55 17 50 11 68 10 41 21 59 18 43 32 61 19 0 34 53 20 48 36 66
1 40 35 58 3 48 34 65 7 38 29 56 2 52 4 69 15 43 28 61 6 45 25 63 8 36 27 54 5 50 26 67 14 41 24 59 12 46 23 64 16 37 31 55 13 51 22 68 9 42 30 60 11 44 20 62 10 0 21 53 17 49 32 66 19 39 33 57 18 47
35 64 1 38 30 55 3 51 7 69 2 43 29 60 4 45 28 62 15 36 25 53 6 49 27 67 8 41 26 58 5 46 24 63 14 37 23 54 12 50 16 68 13 42 22 59 11 44 31 61 9 0 20 52 10 48 32 66 17 40 21 57 18 47 34 65 19 39 33 56
1 52 3 69 2 43 35 60 7 45 34 62 4 36 33 54 15 49 28 66 6 40 25 58 8 46 27 63 5 37 26 55 14 50 24 67 12 41 23 59 13 44 22 61 11 0 31 53 16 48 32 65 9 39 30 57 17 47 21 64 10 38 29 56 19 51 18 68 20 42
35 59 3 44 30 62 2 1 28 53 7 49 29 67 4 40 24 57 15 46 27 64 6 37 26 54 8 50 5 68 9 41 33 58 14 43 25 61 13 0 31 52 12 48 22 66 11 39 32 56 16 47 21 65 17 38 23 55 19 51 10 69 18 42 34 60 20 45 36 63
1 37 35 55 3 50 34 67 7 41 28 59 2 46 29 64 15 38 24 56 6 51 25 68 4 42 27 60 5 44 26 62 14 0 22 53 13 48 23 66 12 40 31 58 11 47 30 65 8 39 32 57 9 52 10 69 17 43 20 61 16 45 21 63 19 36 33 54 18 49
35 66 1 40 30 57 3 46 28 63 7 37 29 54 2 50 6 68 4 42 26 59 5 44 27 61 9 0 24 52 8 48 32 65 15 39 25 56 14 47 31 64 12 38 23 55 13 51 16 69 17 43 22 60 10 45 20 62 11 36 21 53 18 49 34 67 19 41 33 58
3 46 35 63 7 37 34 55 15 51 28 68 2 42 29 59 6 44 25 61 5 0 27 53 4 49 24 66 8 40 26 57 14 48 33 65 12 39 23 56 16 52 13 69 11 43 30 60 9 45 31 62 10 1 22 54 17 50 32 67 18 41 21 58 19 47 36 64 20 38
35 55 1 50 3 68 2 41 34 59 4 43 28 61 5 0 24 52 7 47 29 65 6 39 27 57 8 46 26 64 9 38 32 56 15 51 14 69 13 42 25 60 12 44 23 62 11 36 31 53 16 48 30 66 17 40 22 58 18 45 21 63 10 37 33 54 19 49 20 67
1 41 35 59 3 44 34 62 2 0 29 53 4 49 28 66 7 39 24 57 6 48 27 65 8 38 26 56 5 52 9 69 15 43 32 61 14 46 25 63 12 36 31 54 13 50 23 67 16 40 30 58 17 47 22 64 11 37 21 55 10 51 18 68 19 42 33 60 20 45
35 62 3 1 34 53 2 48 28 66 7 40 29 57 4 47 24 65 15 39 27 56 6 51 8 69 5 43 26 60 9 45 32 63 19 37 25 54 14 49 23 67 12 41 22 58 13 46 31 64 16 38 30 55 17 50 20 68 11 42 21 59 10 44 33 61 18 0 36 52
1 48 35 65 3 39 34 57 7 47 28 64 2 38 29 56 15 52 6 69 5 43 25 60 4 45 27 62 8 36 26 54 14 50 24 67 12 41 23 58 16 46 31 63 13 37 30 55 9 51 11 68 10 42 21 59 18 44 22 61 17 0 32 53 19 49 33 66 20 40
35 57 1 47 30 65 3 38 29 55 7 51 2 69 4 42 28 60 15 44 25 62 6 36 27 53 8 49 26 67 5 40 24 58 14 45 23 63 12 37 31 54 16 50 19 68 13 41 22 59 9 43 20 61 10 0 32 52 11 48 21 66 17 39 34 56 18 46 33 64
1 38 35 56 3 51 2 69 7 43 34 61 4 45 29 63 15 36 28 54 6 49 25 67 8 41 27 59 5 46 26 64 14 37 24 55 12 50 13 68 16 42 23 60 11 44 30 62 9 0 31 53 10 48 22 66 17 40 32 58 18 47 21 65 19 39 33 57 20 52
1 69 3 43 35 60 2 45 34 62 7 36 29 53 4 49 28 66 15 40 25 57 6 46 27 63 8 37 26 54 5 50 24 67 14 41 23 58 12 44 22 61 13 0 31 52 11 48 32 65 16 39 30 56 9 47 20 64 17 38 21 55 10 51 19 68 18 42 33 59
3 45 35 62 2 1 34 54 7 50 28 67 4 41 29 58 15 47 24 64 6 38 27 55 8 51 5 68 9 42 26 59 14 44 33 61 13 0 25 53 12 49 31 66 11 40 30 57 16 48 32 65 17 39 22 56 19 52 10 69 18 43 23 60 21 46 36 63 20 37
35 54 1 49 30 67 3 40 28 58 7 45 29 63 2 37 25 55 6 50 27 68 4 41 26 59 5 43 24 61 8 0 32 52 15 47 23 65 14 39 31 57 12 46 19 64 13 38 22 56 16 51 9 69 10 42 20 60 11 44 21 62 17 36 34 53 18 48 33 66
1 40 35 58 3 47 34 64 7 37 29 55 2 51 4 68 6 42 28 60 8 44 27 62 5 0 26 53 9 49 24 66 15 39 32 57 14 48 25 65 12 38 23 56 13 52 11 69 16 43 31 61 17 45 30 63 18 36 22 54 10 50 21 67 19 41 33 59 20 46
35 63 3 37 30 54 7 50 28 68 15 42 29 59 2 44 25 61 6 0 27 52 5 48 24 66 4 40 26 57 8 47 33 65 14 39 23 56 12 51 16 69 13 43 22 60 11 45 31 62 9 1 20 53 10 49 32 67 17 41 21 58 18 46 34 64 19 38 36 55
1 51 3 68 2 42 35 59 4 44 34 61 5 0 28 53 7 48 24 65 6 39 29 57 8 47 27 64 9 38 26 56 15 52 14 69 13 43 32 60 12 45 25 62 11 36 23 54 16 49 31 66 17 40 30 58 18 46 22 63 10 37 21 55 19 50 33 67 20 41
35 58 1 43 30 61 2 0 28 52 3 48 29 66 4 39 24 56 7 47 27 65 6 38 26 55 8 51 5 69 9 42 32 60 15 45 25 63 14 36 31 53 12 49 23 67 13 40 22 57 16 46 20 64 17 37 21 54 11 50 10 68 18 41 34 59 19 44 33 62
3 1 35 54 2 49 34 66 7 40 28 58 4 47 33 65 15 39 24 57 6 52 5 69 8 43 27 61 9 45 26 63 19 37 32 55 14 50 25 67 12 41 23 59 13 46 22 64 16 38 31 56 17 51 30 68 11 42 21 60 10 44 29 62 18 0 36 53 20 48
35 65 3 39 30 56 7 47 28 64 15 38 29 55 2 51 6 69 4 43 26 60 5 45 27 62 9 1 24 53 8 49 33 67 14 41 25 58 12 46 31 63 16 37 22 54 13 50 17 68 11 42 23 59 10 44 21 61 18 0 32 52 19 48 34 66 20 40 36 57
1 48 35 65 3 39 34 56 7 52 2 69 4 43 29 60 15 45 28 62 6 36 25 54 8 50 27 67 5 41 26 58 14 46 24 63 12 37 23 55 16 51 13 68 11 42 30 59 9 44 31 61 10 0 22 53 17 49 32 66 18 40 21 57 19 47 33 64 20 38
35 55 1 50 3 68 2 42 34 60 7 44 29 62 4 36 28 53 15 48 25 66 6 40 27 58 8 45 26 63 5 37 24 54 14 49 12 67 13 41 23 59 11 43 31 61 10 0 32 52 16 47 30 65 9 39 22 57 17 46 21 64 18 38 33 56 19 51 20 69
1 43 35 61 3 46 34 63 7 36 28 54 2 50 29 67 15 40 24 58 6 47 25 64 4 37 27 55 5 51 26 68 14 41 22 59 12 44 23 62 13 0 30 53 11 49 31 66 8 39 32 57 9 48 20 65 17 38 21 56 10 52 16 69 19 42 33 60 18 45
35 62 1 36 30 53 3 49 28 67 7 41 29 58 2 46 25 64 15 38 27 55 6 50 4 68 5 42 26 59 8 44 24 61 14 0 23 52 13 48 31 66 12 40 22 57 11 47 32 65 16 39 20 56 9 51 17 69 10 43 21 60 18 45 34 63 19 37 33 54
1 50 35 67 3 41 34 58 7 46 28 63 2 37 29 55 6 51 25 68 4 42 27 59 5 44 26 61 8 0 24 53 15 48 32 65 14 39 23 57 12 47 31 64 13 38 22 56 16 52 9 69 10 43 30 60 11 45 20 62 17 36 21 54 19 49 33 66 18 40
35 57 1 46 30 64 3 37 29 54 7 50 2 68 4 41 28 59 6 43 27 61 5 0 24 52 8 48 26 66 9 39 32 56 15 47 25 65 14 38 23 55 12 51 13 69 11 42 31 60 16 44 22 62 17 36 20 53 18 49 21 67 10 40 34 58 19 45 33 63
3 37 35 55 7 50 34 68 15 42 28 60 2 44 29 62 6 0 25 53 5 48 27 66 4 40 24 58 8 47 26 65 14 39 33 57 12 52 13 69 16 43 23 61 11 45 30 63 9 1 31 54 10 49 22 67 17 41 32 59 18 46 21 64 19 38 36 56 20 51
1 68 3 42 35 59 2 44 30 61 4 0 28 52 5 48 24 65 7 39 29 56 6 47 27 64 8 38 26 55 9 51 15 69 14 43 32 60 13 45 25 62 12 36 23 53 11 49 31 66 16 40 22 57 17 46 20 63 18 37 21 54 10 50 34 67 19 41 33 58
3 44 35 61 2 0 34 53 7 49 28 66 4 40 33 57 15 48 24 65 6 39 27 56 8 52 5 69 9 43 26 60 19 46 32 63 14 37 25 54 12 50 31 67 13 41 23 58 16 47 30 64 17 38 22 55 11 51 10 68 18 42 29 59 20 45 36 62 21 1
35 53 1 48 30 66 3 39 28 57 7 46 29 64 2 38 25 56 15 51 6 69 5 42 27 60 4 44 26 62 8 36 24 54 14 49 23 67 12 40 31 58 16 45 19 63 13 37 22 55 9 50 20 68 11 41 21 59 10 43 32 61 17 0 34 52 18 47 33 65
3 39 35 57 7 47 34 65 15 38 29 56 2 52 4 69 6 43 28 61 8 45 27 63 5 1 26 54 9 50 24 67 14 41 33 59 12 46 25 64 16 37 30 55 13 51 11 68 17 42 31 60 19 44 22 62 10 0 23 53 18 49 32 66 21 40 36 58 20 48
35 65 1 39 30 56 3 51 7 69 2 43 29 60 4 45 28 62 15 36 25 53 6 49 27 67 8 41 26 58 5 46 24 63 14 37 23 54 12 50 31 68 16 42 19 59 13 44 22 61 9 0 20 52 10 48 32 66 11 40 21 57 17 47 34 64 18 38 33 55
1 51 3 68 2 42 35 60 7 45 34 62 4 36 33 54 15 49 28 66 6 40 25 58 8 46 27 63 5 37 26 55 14 50 12 67 13 41 24 59 11 44 23 61 10 0 31 53 16 48 32 65 9 39 30 57 17 47 22 64 18 38 29 56 19 52 20 69 21 43
35 60 1 45 30 63 3 36 28 53 7 49 29 67 2 40 24 57 15 46 25 64 6 37 27 54 4 50 26 68 5 41 19 58 14 43 23 61 13 0 31 52 12 48 22 66 11 39 32 56 8 47 20 65 9 38 21 55 17 51 10 69 16 42 34 59 18 44 33 62
3 1 35 54 2 49 34 67 7 41 28 59 4 46 29 64 15 38 24 56 6 51 5 68 8 42 27 60 9 44 26 62 14 0 33 53 13 48 25 66 12 40 31 58 11 47 30 65 16 39 32 57 17 52 10 69 19 43 22 61 18 45 23 63 21 37 36 55 20 50
35 67 1 41 30 58 3 46 28 63 7 37 29 54 2 50 6 68 4 42 26 59 5 44 27 61 9 0 24 52 8 48 32 65 15 39 25 56 14 47 31 64 12 38 23 55 13 51 16 69 17 43 22 60 10 45 20 62 11 36 21 53 18 49 34 66 19 40 33 57
1 47 35 64 3 38 34 55 7 51 2 68 4 42 29 59 6 44 28 61 5 0 27 53 8 49 24 66 9 40 26 57 15 48 32 65 14 39 25 56 12 52 13 69 11 43 23 60 16 45 31 62 17 36 30 54 18 50 22 67 10 41 21 58 19 46 33 63 20 37
35 54 3 49 34 67 7 41 29 59 2 43 28 61 4 0 24 52 15 47 25 65 6 39 27 57 8 46 26 64 5 38 33 56 14 51 12 69 13 42 23 60 11 44 31 62 10 1 32 53 16 48 30 66 9 40 22 58 17 45 21 63 18 37 36 55 19 50 20 68
1 42 35 60 3 45 34 62 2 0 29 53 4 49 28 66 7 39 24 57 6 48 27 65 8 38 26 56 5 52 9 69 15 43 32 61 14 46 25 63 12 36 23 54 13 50 22 67 16 40 31 58 17 47 30 64 11 37 20 55 10 51 21 68 19 41 33 59 18 44
35 61 3 0 34 52 2 48 28 66 7 40 29 57 4 47 24 65 15 39 27 56 6 51 8 69 5 43 26 60 9 45 32 63 19 37 25 54 14 49 31 67 12 41 23 58 13 46 30 64 16 38 22 55 17 50 11 68 10 42 21 59 18 44 33 62 20 1 36 53
1 49 35 66 3 40 34 57 7 47 28 64 2 38 29 56 15 52 6 69 5 43 25 60 4 45 27 62 8 36 26 54 14 50 24 67 12 41 23 58 16 46 31 63 13 37 22 55 9 51 30 68 11 42 20 59 10 44 21 61 17 0 32 53 19 48 33 65 18 39
35 56 3 46 30 64 7 38 29 55 15 51 2 69 4 42 28 60 6 44 27 62 5 1 24 53 8 49 26 67 9 40 33 58 14 45 25 63 12 37 22 54 16 50 13 68 11 41 31 59 17 43 21 61 10 0 32 52 19 48 23 66 18 39 34 57 20 47 36 65
1 39 35 57 3 52 2 69 7 43 34 61 4 45 29 63 15 36 28 54 6 49 25 67 8 41 27 59 5 46 26 64 14 37 24 55 12 50 23 68 16 42 31 60 13 44 22 62 9 0 30 53 10 48 20 66 11 40 32 58 17 47 21 65 19 38 33 56 18 51
1 68 3 42 35 59 2 45 34 62 7 36 29 53 4 49 28 66 15 40 25 57 6 46 27 63 8 37 26 54 5 50 14 67 12 41 24 58 13 44 23 61 11 0 31 52 10 48 32 65 16 39 30 56 9 47 22 64 17 38 21 55 18 51 19 69 20 43 33 60
3 46 35 63 7 37 34 54 15 50 28 67 2 41 33 58 19 47 24 64 6 38 25 55 4 51 27 68 5 42 26 59 14 44 22 61 13 0 23 53 12 49 31 66 11 40 30 57 8 48 32 65 9 39 21 56 17 52 10 69 16 43 29 60 18 45 36 62 20 1
35 53 1 48 30 66 3 40 28 58 7 45 29 63 2 37 26 55 6 50 4 68 5 41 27 59 9 43 24 61 8 0 32 52 15 47 25 65 14 39 31 57 12 46 23 64 13 38 22 56 16 51 17 69 10 42 20 60 11 44 21 62 18 36 34 54 19 49 33 67
1 41 35 59 3 46 34 64 7 37 28 55 2 51 29 68 6 42 25 60 4 44 27 62 5 0 26 53 8 49 24 66 15 39 32 57 14 48 23 65 12 38 22 56 13 52 11 69 16 43 31 61 9 45 30 63 17 36 20 54 10 50 21 67 19 40 33 58 18 47
35 64 1 38 30 55 3 50 7 68 2 42 29 59 4 44 28 61 6 0 27 52 5 48 24 66 8 40 26 57 9 47 32 65 15 39 25 56 14 51 12 69 13 43 23 60 11 45 31 62 16 36 22 53 17 49 20 67 18 41 21 58 10 46 34 63 19 37 33 54
3 50 35 67 7 41 34 59 2 44 36 61 4 0 28 53 15 48 24 65 6 39 25 57 8 47 27 64 5 38 26 56 14 52 12 69 13 43 33 60 11 45 23 62 10 1 31 54 16 49 32 66 9 40 30 58 17 46 22 63 18 37 29 55 19 51 20 68 21 42
35 59 1 44 30 62 2 0 28 52 3 48 29 66 4 39 24 56 7 47 27 65 6 38 26 55 8 51 5 69 9 42 32 60 15 45 25 63 14 36 31 53 12 49 23 67 13 40 22 57 16 46 20 64 17 37 21 54 11 50 10 68 18 41 34 58 19 43 33 61
3 0 35 53 2 48 34 66 7 40 28 58 4 47 33 65 15 39 24 57 6 52 5 69 8 43 27 61 9 45 26 63 19 37 32 55 14 50 25 67 12 41 31 59 13 46 23 64 16 38 30 56 17 51 10 68 11 42 22 60 18 44 29 62 20 1 36 54 21 49
35 66 1 40 30 57 3 47 28 64 7 38 29 55 2 51 15 69 6 43 25 60 5 45 27 62 4 36 26 53 8 49 24 67 14 41 23 58 12 46 31 63 16 37 19 54 13 50 22 68 9 42 20 59 11 44 21 61 10 0 32 52 17 48 34 65 18 39 33 56
1 47 35 64 3 38 34 56 7 52 2 69 4 43 29 60 15 45 28 62 6 36 25 54 8 50 27 67 5 41 26 58 14 46 24 63 12 37 23 55 16 51 13 68 11 42 30 59 9 44 31 61 10 0 22 53 17 49 32 66 18 40 21 57 19 48 33 65 20 39
35 56 1 51 3 69 2 42 34 60 7 44 29 62 4 36 28 53 15 48 25 66 6 40 27 58 8 45 26 63 5 37 24 54 14 49 23 67 12 41 22 59 13 43 31 61 11 0 32 52 16 47 30 65 9 39 20 57 17 46 21 64 10 38 33 55 19 50 18 68
1 42 35 60 3 45 34 63 7 36 28 54 2 50 29 67 15 40 25 58 6 47 27 64 4 37 26 55 5 51 8 68 14 41 24 59 12 44 23 62 13 0 30 53 11 49 31 66 16 39 32 57 9 48 22 65 17 38 21 56 10 52 18 69 19 43 33 61 20 46
35 63 3 37 34 54 7 49 28 67 15 41 29 58 2 46 24 64 19 38 25 55 6 50 27 68 4 42 26 59 5 44 22 61 14 0 23 52 13 48 31 66 12 40 30 57 11 47 32 65 8 39 20 56 9 51 17 69 10 43 21 60 16 45 33 62 18 1 36 53
