1 -71 64 -71 77 -32 32 -49 54 -15
55 -51 -17 -40 92 25 -33 91 34 72
89 43 24 24 8 42 -32 -7 21 46
59 -39 13 75 -22 -3 -75 93 -76 -60
2 65 57 36 -57 62 -20 77 -42 38
91 -87 24 -59 79 -13 -60 -18 -67 -80
-49 -77 -82 -69 -96 0 92 -5 -50 -15
-45 -19 -42 97 -7 -55 -98 -56 34 7
39 59 12 15 -17 -86 56 88 -38 75
-81 -81 -35 17 98 -35 72 13 86 13
-12 -28 72 86 -37 -76 -24 -25 -31 64
-63 34 34 -71 95 79 49 6 -39 34
-20 -79 6 82 -29 14 -70 74 -52 2
-22 -34 -31 -5 -48 43 3 -20 -98 -71
83 59 83 -80 -93 -30 40 -34 -42 41
58 -55 7 -38 5 10 85 35 -22 22
79 -43 -1 -84 82 -87 -63 -8 -74 68
-27 40 50 60 74 -9 -52 -91 -43 -26
-11 66 4 51 -65 -94 26 30 46 -21
-37 9 23 -79 -63 19 34 -9 49 97
25 -68 -72 37 -99 71 35 90 -31 -30
-3 0 -56 24 -32 -55 -38 3 16 -47
-52 -10 83 49 -60 13 -38 -4 -30 -77
80 -40 33 57 -54 44 63 -82 -80 -71
-37 12 -74 18 43 20 -14 29 -63 -5
7 1 79 78 19 -89 -37 34 38 -32
3 -94 78 14 -9 -69 -92 47 4 -92
-10 -76 -97 60 -38 -56 -34 18 -41 -34
-33 89 -47 -66 51 -39 -16 -43 37 -38
-53 29 98 57 -3 99 -14 -35 79 -25
-25 -52 64 83 68 -2 -72 96 94 -75
77 87 23 98 -24 99 26 -20 -77 18
8 -54 -62 -88 -42 -15 56 58 69 -77
81 20 36 32 -84 -7 -45 59 12 -63
20 81 98 49 -25 -20 -63 -57 9 -24
-81 -20 82 85 11 -1 26 67 55 35
76 -49 62 -54 -34 -66 -45 -56 -80 25
35 49 -50 39 32 -84 57 -42 67 -82
49 -79 86 -75 42 9 27 76 -75 79
14 -65 -48 9 62 -43 -17 -37 14 73
-85 -38 15 -61 -19 96 27 -9 91 -25
18 -8 -6 36 -94 -4 8 21 93 95
47 86 -72 86 -20 93 -64 -24 51 -9
-75 35 17 -96 -8 -17 39 30 -18 -50
37 -31 94 -31 -60 9 52 -82 -88 48
-61 76 -61 -27 -45 50 -45 -33 94 -10
-83 93 69 -27 32 15 42 -54 5 61
53 -15 33 -79 28 -6 59 -72 89 96
-34 -24 -18 -46 68 -86 77 -89 54 -6
-74 94 32 -84 -87 76 35 -70 -44 -90
39 -34 51 -50 -85 -4 -17 1 7 -72
20 -28 83 56 55 42 -49 36 19 0
-12 -24 72 43 -78 -58 36 9 44 -86
85 27 -72 -92 -18 12 90 -86 17 4
33 48 -90 38 -20 -12 -44 61 -5 -5
59 -86 -97 -88 -34 3 -17 12 46 -78
29 -90 59 77 43 -64 11 -13 -55 -54
13 46 59 39 -58 -8 -54 56 -82 -80
-90 87 -17 -66 92 39 -45 35 55 -1
-54 18 -86 81 -80 65 -7 -14 -83 73
20 -41 38 -93 -87 69 -81 31 -9 97
-22 -55 54 66 52 18 9 -80 11 -68
-53 -61 94 -67 69 -86 -88 6 74 40
71 58 40 26 52 -85 6 13 -25 5
-1 26 -41 11 5 -11 -18 -90 -23 -4
-29 51 -99 -33 -77 -48 56 38 62 -90
-84 -81 -57 -71 -51 -30 36 -8 64 -73
97 -41 -29 41 -92 -99 51 -69 31 95
-36 80 -97 11 -34 -80 -79 41 -56 2
61 32 -4 -51 -66 33 -54 -87 -14 -39
61 -51 0 -58 -4 -58 -88 32 -25 79
-49 15 59 4 51 -27 -9 27 86 -94
83 15 -15 15 74 8 -40 -61 -24 -56
-50 56 90 94 7 8 -80 -70 89 -5
-7 -41 -52 97 88 -7 -50 94 -56 -19
-16 -38 -27 46 -89 -13 0 56 -37 51
37 67 77 -61 25 73 -50 85 52 3
-23 -88 0 -99 0 64 90 -84 -10 94
-31 -65 81 59 3 87 -13 52 -79 98
47 37 50 -62 -29 26 -86 -12 -56 -81
42 -35 57 35 -82 -86 68 -50 31 5
46 73 -91 82 -15 62 -21 56 17 0
12 -27 73 -51 -60 -9 68 -31 27 -40
-80 -9 -58 87 22 98 75 58 82 0
49 -96 72 -18 96 9 66 -2 67 -44
8 -13 48 17 -18 85 53 -41 82 91
-42 20 38 75 87 -79 70 50 4 -27
40 -91 86 39 -52 -72 -76 63 91 33
-24 -11 23 -56 64 24 5 -7 24 73
34 -31 -92 46 -97 -35 -58 0 53 59
-22 -39 -11 48 -13 56 -74 46 37 24
-97 1 -23 -2 31 -2 29 24 -13 44
21 -42 30 51 -92 30 68 90 71 -72
-73 27 32 -14 -20 -92 -17 -22 17 88
4 -94 -36 -48 74 -9 61 -64 -69 -20
89 11 -91 -7 48 84 60 -56 86 79
-29 -44 -98 42 88 -46 -82 -82 -2 -85
-63 76 41 32 8 34 -59 12 -65 75
12 8 51 -38 81 -76 -65 97 -22 68
8 -18 65 8 -20 88 26 83 -8 8
