20 89 -89 58 -38 -52 2 -96 26 40
-31 -51 65 -17 -87 -86 -23 -47 5 -70
-2 91 74 17 77 -19 -85 55 -75 -43
13 46 0 41 -31 54 -84 99 33 -33
-9 40 74 -75 -76 -24 25 97 -92 74
49 91 -61 -65 22 -29 49 2 35 -58
16 19 48 -40 87 -19 26 -39 -19 -40
17 49 24 9 18 -42 46 -44 76 -79
75 -45 53 28 75 -20 -52 86 12 -27
36 -90 17 77 -62 88 20 -59 74 91
-15 18 -55 44 -97 69 -53 36 64 39
92 -8 -70 -89 -36 54 81 -27 6 -81
11 -81 57 -79 12 -63 78 -7 -25 76
41 -77 79 -92 -25 93 34 62 -99 -50
-56 42 52 -21 4 55 58 2 38 79
-78 -59 67 -91 -17 -82 84 43 -74 64
-74 -77 36 35 88 77 -82 -76 -78 37
-32 -13 87 34 -69 -99 -52 -93 33 -53
-84 68 -75 12 -32 76 -12 -15 10 -62
97 -16 -35 -34 98 -56 -71 -33 46 97
-82 -36 -66 47 41 49 -74 -63 58 6
-61 -28 -9 86 89 12 1 44 30 46
61 -49 -25 48 -87 37 91 -65 44 17
-99 63 69 -59 68 47 -2 -95 27 62
90 20 18 -67 21 -55 -52 -23 -2 64
-87 70 -79 8 38 -77 -23 -67 -56 88
26 68 39 74 76 70 31 -78 -34 -98
-69 -45 69 -97 -31 -98 76 3 75 -69
67 -96 -94 -58 -69 84 -47 -7 -51 -93
-66 -51 -45 83 22 36 80 -36 -30 79
20 -76 22 -94 -99 -98 35 62 27 -23
-28 -70 -26 -62 -9 -15 -76 35 -63 -65
-31 -69 96 45 39 -86 -81 70 43 -94
-24 -50 -21 60 -97 84 -41 90 -51 0
-70 0 40 -84 83 -1 62 -38 -12 -18
-94 76 -28 85 88 12 93 2 23 -51
23 15 -96 -5 -23 9 -85 -29 -23 -68
-64 -48 -29 -40 -99 -83 64 63 5 53
44 84 -4 -20 22 44 -17 14 -35 -46
-69 70 -12 21 -91 54 17 81 -36 -64
10 -21 -65 -68 68 47 -69 9 31 24
27 -72 9 -4 -80 -59 -90 57 31 -19
-46 -65 85 40 33 -53 -49 -2 -47 52
3 92 40 79 -22 -17 -53 8 20 -84
-90 47 -13 97 29 -11 -57 69 -44 82
27 -60 -23 99 80 57 -73 -42 -6 -73
64 68 32 -10 0 52 52 -54 -24 30
-28 -64 -16 1 -42 -84 -67 41 75 -39
-99 -88 17 -16 62 -57 -61 13 56 -75
86 3 -76 -94 13 -74 20 93 88 -26
-69 -85 23 22 -66 -45 -9 -88 0 -97
81 40 -86 64 -43 1 47 63 95 54
7 3 -32 41 9 -67 76 -56 -99 98
71 31 36 16 20 -95 -34 92 70 -4
80 -51 89 -82 -87 19 62 -58 41 -60
-62 68 21 -55 4 -50 -1 99 -5 -46
-29 -85 -47 -59 80 -27 88 87 -6 32
60 -32 -61 60 88 68 -55 48 -3 -70
1 -8 53 83 58 30 -60 75 3 93
-83 -78 27 -58 -44 -57 -37 35 33 -69
37 -12 46 90 27 -81 48 55 -64 -94
-98 -86 8 -15 -33 -89 41 34 89 30
78 -20 12 36 52 -31 73 -28 -87 27
-86 4 -13 -96 -74 37 -80 -54 47 0
25 97 47 34 -7 60 -8 -4 -75 87
-24 62 -55 83 -72 47 -40 -46 93 -78
50 73 88 83 -94 64 96 86 -25 -75
18 71 95 -71 -57 -53 3 78 37 50
91 74 -82 -53 99 69 4 -3 -81 9
-11 25 67 -87 32 91 99 -15 56 -74
-84 65 -4 36 33 82 76 -57 3 -48
43 -76 61 -99 -16 43 43 -40 28 34
38 26 -56 21 -51 -45 -53 45 -68 98
-86 -3 -4 -45 -42 -82 46 64 -65 91
25 -65 53 18 40 59 -98 49 40 84
-94 40 -24 7 -74 10 -4 16 18 79
-60 50 37 -12 88 -96 -63 93 45 -71
-81 -46 -70 41 -38 -97 8 92 93 95
35 58 79 70 -51 -19 -60 99 -94 -19
-50 -1 6 -99 -62 -30 24 -61 -95 23
6 0 95 65 73 16 83 15 33 -1
-47 79 17 -67 24 4 -16 -9 -55 67
65 -93 88 82 39 79 -13 52 -66 97
29 43 9 11 49 62 64 35 -1 -34
40 87 83 83 -32 41 -87 98 -66 83
56 34 -46 87 33 78 -18 -70 -84 2
93 6 68 -48 -78 47 -25 67 -87 -89
94 -94 -62 39 80 -95 -6 80 -54 -74
-12 -73 73 -67 38 -35 16 -82 -81 -30
-91 7 -29 -29 0 -2 -25 55 -21 54
-32 97 -60 67 50 93 67 -9 79 62
59 -62 -73 38 3 -3 -24 -85 -25 -91
42 -78 64 -39 -53 23 -67 45 -48 54
-40 -68 30 36 57 -95 -21 -71 95 -73
-77 47 -51 43 93 40 -40 99 -2 51
-31 65 72 -40 27 -51 -51 62 33 -84
-97 73 19 52 -80 -24 25 -37 80 -23
-65 -18 90 -2 -68 70 -79 -69 -13 4
0 15 99 14 23 -73 -2 81 -7 94
61 -83 56 15 -46 -79 -10 -95 -60 -58
