-15 90 -15 -59 -15 40 -15 -47 -15 52
-15 -97 -15 2 -15 -22 -15 77 -15 -72
-15 27 -15 -28 -15 71 -15 -78 -15 21
-15 -3 -15 96 -15 -53 -15 46 -15 -40
-15 59 -15 -90 -15 9 -15 -15 -15 84
-15 -65 -15 34 -15 -31 -15 68 -15 -81
-15 18 -15 -6 -15 93 -15 -56 -15 43
-15 -43 -15 56 -15 -93 -15 6 -15 -18
-15 81 -15 -68 -15 31 -15 -25 -15 74
-15 -75 -15 24 -15 0 -15 99 -15 -50
-15 49 -15 -37 -15 62 -15 -87 -15 12
-15 -12 -15 87 -15 -62 -15 37 -15 -36
-15 63 -15 -86 -15 13 -15 -11 -15 88
-15 -61 -15 38 -15 -48 -15 51 -15 -98
-15 1 -15 -23 -15 76 -15 -73 -15 26
-15 -29 -15 70 -15 -79 -15 20 -15 -4
-15 95 -15 -54 -15 45 -15 -42 -15 57
-15 -92 -15 7 -15 -17 -15 82 -15 -67
-15 32 -15 -32 -15 67 -15 -82 -15 17
-15 -7 -15 92 -15 -57 -15 42 -15 -45
-15 54 -15 -95 -15 4 -15 -20 -15 79
-15 -70 -15 29 -15 -26 -15 73 -15 -76
-15 23 -15 -1 -15 98 -15 -51 -15 48
-15 -39 -15 60 -15 -89 -15 10 -15 -14
-15 85 -15 -64 -15 35 -15 -35 -15 64
-15 -85 -15 14 -15 -10 -15 89 -15 -60
-15 39 -15 -48 -15 51 -15 -98 -15 1
-15 -23 -15 76 -15 -73 -15 26 -15 -29
-15 70 -15 -79 -15 20 -15 -4 -15 95
-15 -54 -15 45 -15 -42 -15 57 -15 -92
-15 7 -15 -17 -15 82 -15 -67 -15 32
-15 -32 -15 67 -15 -82 -15 17 -15 -7
-15 92 -15 -57 -15 42 -15 -45 -15 54
-15 -95 -15 4 -15 -20 -15 79 -15 -70
-15 29 -15 -26 -15 73 -15 -76 -15 23
-15 -1 -15 98 -15 -51 -15 48 -15 -38
-15 61 -15 -88 -15 11 -15 -13 -15 86
-15 -63 -15 36 -15 -37 -15 62 -15 -87
-15 12 -15 -12 -15 87 -15 -62 -15 37
-15 -49 -15 50 -15 -99 -15 0 -15 -24
-15 75 -15 -74 -15 25 -15 -31 -15 68
-15 -81 -15 18 -15 -6 -15 93 -15 -56
-15 43 -15 -43 -15 56 -15 -93 -15 6
-15 -18 -15 81 -15 -68 -15 31 -15 -34
-15 65 -15 -84 -15 15 -15 -9 -15 90
-15 -59 -15 40 -15 -46 -15 53 -15 -96
-15 3 -15 -21 -15 78 -15 -71 -15 28
-15 -27 -15 72 -15 -77 -15 22 -15 -2
-15 97 -15 -52 -15 47 -15 -40 -15 59
-15 -90 -15 9 -15 -15 -15 84 -15 -65
-15 34 -15 -35 -15 64 -15 -85 -15 14
-15 -10 -15 89 -15 -60 -15 39 -15 -47
-15 52 -15 -97 -15 2 -15 -22 -15 77
-15 -72 -15 27 -15 -28 -15 71 -15 -78
-15 21 -15 -3 -15 96 -15 -53 -15 46
-15 -41 -15 58 -15 -91 -15 8 -15 -16
-15 83 -15 -66 -15 33 -15 -31 -15 68
-15 -81 -15 18 -15 -6 -15 93 -15 -56
-15 43 -15 -44 -15 55 -15 -94 -15 5
-15 -19 -15 80 -15 -69 -15 30 -15 -25
-15 74 -15 -75 -15 24 -15 0 -15 99
-15 -50 -15 49 -15 -38 -15 61 -15 -88
-15 11 -15 -13 -15 86 -15 -63 -15 36
-15 -36 -15 63 -15 -86 -15 13 -15 -11
-15 88 -15 -61 -15 38 -15 -49 -15 50
-15 -99 -15 0 -15 -24 -15 75 -15 -74
-15 25 -15 -30 -15 69 -15 -80 -15 19
-15 -5 -15 94 -15 -55 -15 44 -15 -42
-15 57 -15 -92 -15 7 -15 -17 -15 82
-15 -67 -15 32 -15 -33 -15 66 -15 -83
-15 16 -15 -8 -15 91 -15 -58 -15 41
-15 -45 -15 54 -15 -95 -15 4 -15 -20
-15 79 -15 -70 -15 29 -15 -27 -15 72
-15 -77 -15 22 -15 -2 -15 97 -15 -52
-15 47 -15 -39 -15 60 -15 -89 -15 10
-15 -14 -15 85 -15 -64 -15 35 -15 -35
-15 64 -15 -85 -15 14 -15 -10 -15 89
-15 -60 -15 39 -15 -47 -15 52 -15 -97
-15 2 -15 -22 -15 77 -15 -72 -15 27
-15 -29 -15 70 -15 -79 -15 20 -15 -4
-15 95 -15 -54 -15 45 -15 -41 -15 58
-15 -91 -15 8 -15 -16 -15 83 -15 -66
-15 33 -15 -32 -15 67 -15 -82 -15 17
-15 -7 -15 92 -15 -57 -15 42 -15 -44
-15 55 -15 -94 -15 5 -15 -19 -15 80
-15 -69 -15 30 -15 -26 -15 73 -15 -76
-15 23 -15 -1 -15 98 -15 -51 -15 48
-15 -38 -15 61 -15 -88 -15 11 -15 -13
-15 86 -15 -63 -15 36 -15 -36 -15 63
-15 -86 -15 13 -15 -11 -15 88 -15 -61
-15 38 -15 -49 -15 50 -15 -99 -15 0
-15 -24 -15 75 -15 -74 -15 25 -15 -30
-15 69 -15 -80 -15 19 -15 -5 -15 94
-15 -55 -15 44 -15 -43 -15 56 -15 -93
-15 6 -15 -18 -15 81 -15 -68 -15 31
-15 -33 -15 66 -15 -83 -15 16 -15 -8
-15 91 -15 -58 -15 41 -15 -46 -15 53
-15 -96 -15 3 -15 -21 -15 78 -15 -71
-15 28 -15 -27 -15 72 -15 -77 -15 22
-15 -2 -15 97 -15 -52 -15 47 -15 -40
