73 24 9 7 21 20 71 38 67 50 16 34 58 65 54 8 15 52 62 18 26 64 36 1 43 22 0 75 70 4 48 12 37 42 45 5 11 10 61 25 72 23 41 59 53 35 66 40 33 60 3 2 30 51 46 49 17 19 14 44 29 57 74 28 69 56 31 55 32 68 47 13 27 39 63 6
16 41 66 8 4 30 43 27 10 75 15 53 51 62 26 46 42 18 44 6 25 36 9 0 20 39 60 61 59 71 17 24 55 58 22 1 21 38 5 29 32 47 14 40 68 57 35 54 13 73 56 45 34 72 37 69 28 31 7 63 67 52 11 3 2 23 33 64 50 12 65 74 48 49 70 19
27 66 57 73 68 45 37 55 70 62 33 24 8 52 42 6 56 51 23 60 53 4 7 59 11 28 40 50 30 54 20 32 46 72 16 2 71 34 15 17 36 41 64 21 3 49 29 75 69 48 26 9 18 19 47 31 5 65 10 22 67 43 63 35 38 13 61 0 74 12 58 39 44 1 25 14
10 9 34 51 31 68 33 24 71 16 30 66 14 36 7 52 2 38 39 19 70 27 62 59 73 5 0 15 32 40 41 21 65 75 35 69 48 29 43 12 49 17 45 37 47 46 4 1 11 61 54 3 26 60 53 20 50 42 74 55 28 57 72 67 6 64 58 13 44 23 56 25 22 18 8 63
36 66 55 65 69 57 33 74 24 67 52 70 42 64 53 30 3 34 2 31 71 14 59 63 5 20 40 16 28 41 38 21 12 19 23 26 18 10 17 49 0 27 6 29 72 48 54 11 22 45 1 43 62 60 8 47 15 56 58 50 32 68 39 35 4 13 46 75 44 25 37 7 51 61 9 73
59 43 3 6 30 44 73 42 31 18 55 61 23 54 4 19 20 22 53 62 39 68 34 12 15 5 64 35 58 49 45 16 2 37 63 9 0 11 21 28 33 51 72 25 27 74 41 48 40 52 67 66 56 50 75 1 10 47 7 29 38 46 26 13 17 24 69 60 14 65 8 71 32 70 57 36
55 67 31 5 39 1 58 3 54 4 34 14 45 30 36 43 64 44 6 33 10 53 71 8 37 24 38 74 7 73 2 28 26 48 41 46 72 75 19 70 16 13 40 23 50 69 66 60 52 0 9 47 27 29 57 11 22 65 51 35 59 61 49 15 12 42 20 17 62 21 63 68 18 25 56 32
36 43 46 71 56 23 66 44 47 20 62 9 15 49 30 6 68 39 40 27 64 35 13 18 63 54 57 72 74 50 41 16 22 69 12 37 4 58 31 33 24 5 19 52 55 0 34 61 14 2 29 38 8 21 75 60 28 45 70 42 59 32 10 17 3 1 51 48 7 25 11 53 67 65 26 73
36 23 39 49 29 42 46 74 57 40 64 47 61 19 32 63 17 25 18 48 31 14 73 56 22 27 0 7 2 10 28 51 72 24 69 21 34 8 55 1 65 43 20 59 38 54 66 11 9 3 58 70 15 52 37 6 16 45 30 60 4 44 35 75 53 71 12 50 68 13 5 26 62 41 67 33
8 60 15 22 36 35 30 74 51 68 61 75 6 1 40 5 50 14 49 10 31 53 11 24 48 26 20 3 41 45 46 58 32 69 47 38 43 55 16 52 42 12 71 27 29 17 39 62 9 70 18 59 65 13 72 7 67 23 54 44 34 73 37 28 21 64 2 33 0 57 56 25 19 66 63 4
72 40 20 57 24 8 56 3 30 5 27 49 9 37 63 75 66 41 7 39 46 0 67 54 15 71 53 74 51 35 43 50 22 29 18 62 13 68 10 34 59 21 44 11 16 31 60 47 58 65 1 36 2 45 19 26 4 32 12 55 61 25 14 52 69 6 42 28 48 64 70 17 23 38 73 33
40 19 49 9 70 30 12 2 46 22 27 4 39 65 32 34 54 36 61 58 55 11 72 51 44 47 69 23 38 15 66 43 45 42 71 64 41 20 50 67 53 18 37 14 8 3 59 75 56 31 25 16 35 74 68 52 24 29 26 17 6 62 57 13 60 0 63 73 10 7 28 21 48 33 1 5
75 25 11 20 46 1 58 4 49 57 54 18 17 22 60 0 14 42 27 35 39 45 23 5 9 74 62 48 53 29 33 72 51 31 2 24 6 38 69 34 66 15 26 21 19 63 65 41 59 3 16 47 30 52 55 64 36 71 12 7 37 68 73 40 61 8 44 67 10 28 43 13 70 56 32 50
40 35 26 7 59 34 25 51 32 49 73 66 11 68 62 70 37 19 31 10 1 33 72 12 24 0 60 46 38 75 48 15 63 44 67 52 27 64 9 47 58 16 3 56 8 2 43 42 74 21 53 45 6 71 39 23 14 18 55 50 65 57 61 17 13 20 29 54 69 5 22 4 30 41 28 36
43 44 67 55 6 59 23 57 8 61 53 27 1 54 17 39 40 30 9 5 25 73 68 11 47 63 2 48 4 32 45 69 56 52 60 34 65 62 51 26 74 10 16 71 66 46 15 50 24 36 20 75 19 7 33 41 58 31 14 12 35 42 29 21 0 37 72 70 13 49 28 64 38 18 3 22
30 59 47 55 37 44 67 31 71 65 23 0 75 12 3 35 60 54 27 28 1 70 50 8 42 66 73 68 49 36 18 63 39 62 10 19 52 2 38 48 15 4 57 45 53 69 26 16 41 51 14 74 7 61 34 25 40 17 9 43 32 11 21 64 56 33 29 72 5 6 58 24 22 13 20 46
71 23 16 55 68 21 41 49 35 50 54 45 75 62 5 37 39 59 64 28 26 51 33 36 53 22 31 29 69 30 24 12 4 15 65 61 52 7 47 18 9 72 13 43 67 40 0 11 46 57 3 63 34 27 8 73 25 56 19 17 74 1 6 70 60 42 20 14 58 10 2 66 32 48 38 44
50 34 17 63 22 46 28 57 70 3 58 26 72 32 33 16 68 71 73 20 39 37 45 41 31 42 66 38 2 6 36 27 60 69 54 75 4 59 53 19 21 61 10 74 0 44 5 14 55 7 12 51 64 52 47 43 11 49 18 1 15 24 13 8 56 23 62 9 48 29 35 40 67 25 65 30
16 47 2 46 3 41 14 59 27 39 49 13 24 15 67 7 18 53 19 57 25 60 61 9 37 68 29 63 42 32 66 17 5 10 52 45 65 35 48 50 69 0 51 40 73 1 30 36 64 21 8 6 38 12 75 20 74 71 28 31 26 44 55 62 56 23 72 34 70 4 11 22 58 43 33 54
19 73 62 64 10 12 38 45 31 39 53 16 66 48 0 47 27 74 6 14 32 54 65 60 42 49 75 36 7 44 72 30 56 1 59 25 71 20 33 11 41 46 3 2 26 67 15 21 8 24 55 58 57 61 37 22 28 4 63 5 43 17 70 13 69 34 68 35 18 52 40 51 23 9 50 29
36 18 44 20 40 53 70 67 66 6 16 15 71 58 31 4 57 13 68 37 32 28 10 47 50 33 1 52 25 3 8 26 23 42 19 5 39 29 21 17 27 0 69 49 22 74 45 9 7 24 59 75 61 2 12 62 38 73 48 54 51 46 72 65 11 43 41 64 30 60 56 14 63 34 35 55
9 62 39 66 36 2 41 55 37 56 53 61 69 44 25 22 74 40 73 59 46 14 45 52 1 23 71 5 49 68 33 21 34 28 60 19 51 8 67 20 24 26 27 32 42 13 72 63 0 35 30 6 65 18 11 29 3 48 64 7 17 31 4 43 54 50 57 12 58 38 70 15 16 10 47 75
65 32 1 26 19 64 44 74 62 59 8 11 34 55 49 46 72 10 52 39 45 17 73 63 25 21 18 48 4 36 43 56 24 15 71 29 14 0 28 35 69 38 2 27 75 60 51 30 6 22 3 33 66 50 58 12 13 68 61 41 23 70 67 16 37 7 9 53 54 47 31 20 57 42 5 40
58 2 24 4 25 59 73 48 64 17 62 6 75 52 5 14 41 35 42 45 71 72 22 23 39 47 9 38 56 50 15 44 36 32 33 28 12 55 0 13 30 19 34 29 27 70 61 57 63 11 31 46 3 54 60 20 69 49 1 66 40 26 43 7 16 53 51 68 8 74 10 65 37 67 21 18
54 63 5 9 49 34 29 45 48 43 16 27 39 21 70 53 31 61 14 37 74 17 15 24 59 19 47 6 7 69 36 72 23 38 20 62 11 60 73 64 66 71 25 0 10 42 18 41 33 32 40 30 28 56 2 46 3 35 26 4 8 12 65 75 52 1 67 22 51 44 13 55 57 68 58 50
18 20 9 55 10 14 57 58 40 1 17 64 16 24 56 25 61 36 50 39 22 13 19 23 29 47 75 31 35 37 4 51 60 32 69 67 2 0 3 59 63 45 73 48 26 44 65 49 52 68 71 43 74 5 8 27 70 53 12 72 11 54 6 42 30 38 46 15 66 41 62 28 33 34 7 21
33 28 24 7 26 1 39 25 40 18 62 44 27 54 29 75 73 13 61 6 43 42 68 35 55 67 38 3 17 22 37 69 4 21 50 2 48 52 64 5 58 41 71 59 57 56 16 32 49 8 30 74 9 23 20 47 70 14 66 34 45 0 72 51 63 12 46 60 10 11 19 31 36 15 65 53
1 70 72 67 26 58 15 25 16 19 54 7 32 45 29 39 4 51 31 2 38 37 6 64 57 61 73 46 36 8 68 74 23 33 22 48 52 14 20 55 21 18 56 11 49 13 34 12 62 5 10 42 0 69 65 75 66 53 71 43 44 27 47 50 40 63 3 59 41 35 60 9 30 17 28 24
35 67 58 5 48 12 10 41 63 29 51 0 8 54 32 19 14 69 59 44 9 71 70 65 42 55 7 45 53 47 16 39 31 18 25 30 60 21 49 28 73 46 62 2 20 27 68 24 61 34 4 64 66 13 1 57 17 22 15 23 11 37 50 52 43 3 40 72 38 56 6 26 74 75 36 33
39 59 37 30 56 18 45 61 26 36 9 67 31 64 73 25 20 32 69 6 47 2 65 66 0 46 22 13 16 5 43 50 24 74 41 7 15 42 70 55 3 28 10 11 35 58 27 17 68 62 54 51 53 48 40 29 52 8 38 4 60 72 1 21 71 19 63 14 44 34 57 23 12 75 33 49
12 14 3 0 72 11 65 5 62 60 47 44 22 10 28 8 69 68 2 53 50 31 17 35 19 33 70 20 71 7 42 27 56 49 59 34 13 23 46 55 21 40 6 29 38 15 16 36 25 66 58 45 54 67 1 52 26 37 39 48 30 75 51 64 73 61 63 74 32 41 18 24 57 4 9 43
67 5 43 44 34 39 29 13 28 14 33 75 23 9 6 19 24 42 71 63 72 41 66 62 30 11 50 1 52 58 64 35 49 12 32 26 0 74 10 53 48 20 73 40 15 18 61 17 46 31 38 25 7 8 54 56 36 47 37 65 57 4 60 55 27 21 16 59 69 2 22 3 68 51 45 70
48 29 6 18 7 42 69 20 72 71 1 66 70 27 19 21 68 53 44 54 47 3 8 32 13 4 74 12 26 73 28 38 65 24 16 60 41 36 11 43 75 61 25 2 52 51 17 10 5 22 57 49 39 33 15 14 35 45 55 34 40 31 63 64 62 23 58 59 67 30 46 0 50 56 37 9
72 18 45 37 59 8 49 33 74 46 3 24 22 19 12 2 14 70 60 11 47 42 44 13 5 48 67 39 53 52 32 17 16 71 30 41 68 55 75 40 62 51 38 26 34 1 10 58 69 21 35 43 29 64 7 57 9 25 20 73 56 4 23 15 28 36 0 63 61 54 27 31 65 6 50 66
74 22 55 4 1 6 65 42 61 58 26 75 72 30 68 48 14 33 36 70 73 7 53 51 35 56 23 43 13 17 29 9 49 62 16 8 37 64 20 69 52 44 18 21 40 3 57 12 38 31 59 24 34 25 11 66 67 27 71 5 32 54 15 47 46 10 60 63 50 41 0 2 28 39 45 19
13 60 50 15 6 52 12 39 74 57 61 41 14 54 22 23 55 11 44 18 5 33 73 62 38 70 8 48 75 34 56 25 2 27 37 28 64 66 35 36 45 65 19 71 46 4 47 3 67 9 51 68 32 53 20 21 58 29 72 40 1 42 10 24 0 49 26 63 43 31 59 17 7 16 69 30
74 40 11 26 67 44 60 70 33 8 21 27 55 34 24 29 39 1 31 38 5 48 18 46 20 37 0 75 51 53 23 68 16 15 42 12 65 56 72 22 10 62 4 25 7 45 35 13 52 69 66 17 43 59 47 19 54 58 36 41 61 6 71 50 28 73 57 3 49 64 30 63 9 32 2 14
37 11 57 3 15 49 53 45 24 35 10 47 43 42 28 18 39 67 36 8 27 4 75 63 0 72 2 65 29 19 1 58 9 51 13 31 55 20 62 54 25 17 21 71 40 22 38 33 66 52 30 59 5 46 60 74 41 32 6 26 12 50 68 56 34 69 16 61 7 64 44 48 14 70 23 73
28 74 47 27 15 20 24 60 12 73 51 22 42 10 0 1 69 14 53 5 6 75 55 57 4 35 52 29 37 46 38 11 41 34 3 30 40 48 7 36 54 72 16 66 62 8 44 13 9 59 43 68 18 45 39 33 32 49 71 65 21 50 23 56 25 64 31 19 61 17 2 70 26 67 63 58
9 47 12 44 65 11 48 53 66 28 39 13 3 27 20 70 63 71 5 10 42 26 37 8 40 55 2 74 45 50 73 36 51 31 38 57 17 6 41 29 33 18 56 75 35 69 16 68 72 62 46 52 23 34 7 1 64 22 43 49 60 21 15 25 58 32 59 30 67 54 24 61 14 19 4 0
31 53 50 58 42 73 68 63 44 48 19 60 45 55 64 27 4 28 59 14 39 49 40 51 26 22 15 61 24 35 13 67 52 32 16 3 69 38 11 17 36 70 75 12 37 5 71 2 33 41 21 56 43 62 46 6 47 8 74 18 25 57 30 23 0 9 65 29 7 66 54 72 20 34 10 1
75 37 64 14 32 67 54 57 49 24 48 66 52 74 4 36 23 21 61 1 69 65 55 25 60 10 40 9 19 46 16 31 44 12 6 18 26 53 41 71 5 43 0 72 11 17 50 35 45 8 70 2 47 63 30 59 68 42 7 73 3 33 56 58 62 51 13 22 20 34 29 38 27 28 15 39
50 21 51 6 20 45 14 11 39 0 69 62 17 43 42 66 18 63 59 35 49 68 3 23 5 31 47 54 46 55 9 37 58 56 52 10 15 32 30 26 25 48 72 19 29 73 33 16 41 67 38 57 53 70 65 22 44 2 64 8 71 28 27 40 74 4 24 61 7 75 13 34 60 36 1 12
9 28 27 6 74 10 63 21 23 5 11 34 46 53 62 44 25 17 22 64 8 39 2 13 55 40 75 52 41 0 18 15 36 32 16 12 14 50 61 54 47 58 60 20 56 1 66 4 49 26 3 68 24 73 45 65 72 70 57 33 43 71 35 19 69 37 29 30 67 42 7 38 48 59 31 51
30 71 25 35 31 40 45 63 23 32 10 37 14 24 33 72 64 75 56 49 58 21 8 4 29 15 7 60 57 0 2 73 18 74 11 54 55 70 36 66 22 47 16 39 52 68 46 43 1 3 9 17 28 61 42 65 19 51 6 44 13 59 26 62 67 20 69 53 27 48 41 50 34 38 5 12
25 47 22 40 73 63 42 35 16 18 62 59 74 45 23 67 27 2 9 68 41 26 43 50 14 13 15 10 61 8 52 37 7 6 57 31 20 34 36 44 39 3 12 71 64 19 24 49 46 5 58 54 70 29 48 55 53 65 72 1 11 4 33 30 28 56 0 21 66 60 32 17 38 75 51 69
2 73 61 47 36 32 57 35 9 27 30 56 43 75 5 58 25 52 65 1 55 63 7 42 18 21 22 24 26 14 3 19 68 41 11 10 59 0 15 28 37 69 34 6 74 17 46 40 4 70 62 12 66 16 20 54 13 49 45 64 8 38 29 71 48 23 33 72 67 60 51 53 31 39 44 50
32 57 18 35 29 64 68 12 17 67 3 58 31 45 7 9 2 55 6 72 73 62 16 15 23 66 65 53 24 71 34 59 13 56 38 47 37 27 0 54 10 36 5 33 63 30 43 22 1 26 19 8 20 52 70 11 50 21 41 48 44 69 74 28 46 49 51 25 4 60 61 75 42 40 14 39
24 46 66 54 48 70 29 74 14 15 6 34 64 4 61 52 44 60 23 67 58 5 56 50 73 40 38 65 1 32 10 41 42 0 63 72 53 49 27 39 18 20 47 57 51 71 7 75 43 45 13 8 30 26 59 16 36 19 3 17 33 2 21 55 28 68 11 12 22 31 37 69 62 25 9 35
32 62 48 26 18 74 59 25 39 5 34 58 15 4 49 28 68 61 0 38 1 35 27 30 45 65 73 56 22 33 42 44 64 31 50 24 8 12 46 52 40 41 6 72 13 16 14 9 67 54 55 7 19 66 37 2 71 69 36 70 43 47 11 75 60 51 20 17 57 21 23 10 53 3 29 63
64 30 56 49 33 47 54 4 29 61 70 74 32 40 72 41 55 24 71 18 12 68 51 53 37 39 45 65 62 58 16 50 73 66 2 36 19 35 59 60 75 1 63 9 21 44 20 8 23 7 15 67 52 14 10 5 43 13 22 25 48 0 69 31 17 3 26 46 34 57 27 28 6 38 11 42
74 3 38 9 42 14 23 15 35 17 8 18 72 4 24 7 26 13 48 73 50 28 66 75 49 19 21 61 6 67 62 36 57 31 5 56 2 71 64 60 45 12 69 0 32 68 53 40 11 52 59 54 47 39 41 65 33 22 51 20 63 43 70 46 30 34 44 16 1 55 37 27 58 25 10 29
15 68 72 43 65 24 16 62 29 6 39 35 25 47 66 57 67 23 11 44 22 13 61 21 8 34 73 1 14 31 12 37 5 19 69 74 63 17 46 10 51 49 70 30 41 28 27 64 50 52 40 56 18 20 58 0 38 3 2 75 60 9 26 54 48 36 53 32 59 7 42 4 33 71 45 55
50 44 24 53 48 34 7 49 74 26 14 18 23 64 10 36 63 65 68 5 38 46 42 71 28 3 30 0 32 51 21 59 55 47 52 1 54 60 4 16 43 20 40 6 61 2 70 72 67 15 73 29 8 58 9 12 62 22 75 31 45 19 57 17 27 33 13 11 25 39 56 66 35 41 69 37
40 61 62 71 10 59 12 65 58 19 20 16 42 60 75 50 33 51 13 27 2 0 54 22 48 63 38 1 57 74 37 64 17 9 3 55 31 49 44 56 29 72 24 70 53 32 5 67 18 45 47 7 73 28 23 4 15 43 39 21 46 36 30 41 25 66 34 11 8 68 26 35 69 52 6 14
34 41 63 49 75 24 72 33 31 56 70 39 19 52 40 65 29 8 20 51 11 26 18 10 27 57 60 61 35 16 54 13 59 21 25 1 46 37 50 38 12 48 45 43 28 64 73 66 5 32 9 55 0 15 42 36 67 14 30 2 47 68 71 23 44 22 74 62 69 17 7 3 6 4 53 58
50 39 5 15 27 55 13 0 12 67 33 42 68 41 30 19 64 26 75 11 3 73 22 47 63 40 57 1 24 17 8 10 16 54 71 34 29 53 59 48 9 43 56 32 18 28 62 58 21 31 38 20 7 51 45 49 69 37 36 25 60 61 4 74 52 2 70 66 6 72 65 35 46 44 23 14
15 60 18 4 58 14 42 8 51 9 56 5 6 21 25 30 40 73 35 65 54 45 20 3 71 74 11 12 57 59 72 63 55 34 70 67 38 48 1 17 0 46 2 19 33 47 22 52 44 24 13 62 53 41 26 27 32 7 50 23 43 61 49 31 36 64 28 68 69 29 10 16 39 66 75 37
64 62 38 7 10 68 56 18 39 3 13 67 1 29 22 54 35 24 61 66 16 12 42 71 58 31 28 52 48 45 65 4 0 49 14 60 75 44 23 20 6 32 41 59 5 55 33 47 8 40 17 21 51 63 19 15 2 57 26 50 34 69 9 27 46 73 25 53 43 11 30 74 72 70 36 37
39 21 30 10 4 73 9 66 8 52 26 45 36 14 47 35 54 28 69 63 12 58 16 18 43 75 68 1 50 72 49 44 67 3 53 15 5 31 48 38 51 46 41 6 24 60 11 64 0 22 56 34 13 37 65 61 27 59 74 23 20 33 25 2 40 62 55 19 32 17 57 71 29 7 70 42
60 71 13 7 58 1 9 75 35 24 69 15 27 2 22 21 59 42 64 40 52 73 39 37 74 63 19 0 65 33 49 48 6 45 41 54 28 70 12 31 23 5 72 29 18 68 67 20 32 8 55 62 36 34 30 3 25 46 11 38 61 10 47 51 50 57 53 26 66 17 43 4 44 14 16 56
35 54 43 66 20 57 29 5 65 1 69 42 59 53 37 56 55 31 46 71 30 6 36 45 18 10 47 40 58 19 67 39 27 2 13 62 73 33 74 12 49 68 4 26 0 21 70 44 72 38 3 75 48 15 61 34 63 32 51 17 23 60 41 9 50 52 11 28 7 25 14 24 64 16 22 8
13 74 0 69 42 41 19 75 50 17 25 10 61 68 24 39 70 34 14 55 37 12 11 67 8 32 56 44 63 28 27 60 40 47 72 38 33 73 6 35 64 43 20 1 29 26 15 9 4 3 16 45 2 66 21 52 48 54 59 65 30 58 5 31 57 23 51 46 7 62 18 49 22 71 36 53
19 63 20 13 42 72 34 35 30 73 26 2 3 17 38 68 47 64 29 10 71 18 60 32 54 59 61 25 1 6 55 41 44 53 56 58 16 62 14 4 24 39 67 37 33 21 46 12 52 69 51 8 74 65 48 66 15 31 70 28 75 27 7 57 0 22 36 43 40 45 9 11 50 49 23 5
4 11 43 30 25 37 71 63 57 73 48 27 55 10 59 38 29 39 65 35 44 14 17 47 62 21 15 54 28 69 23 22 53 31 3 61 2 18 6 33 60 5 36 12 24 67 26 20 72 34 7 0 49 70 75 13 42 50 45 58 64 68 1 46 16 19 56 41 52 51 8 66 32 40 9 74
71 25 28 63 15 18 22 57 62 0 45 66 12 58 24 29 54 8 21 52 48 19 1 11 44 69 5 49 3 47 74 4 6 9 13 32 70 7 20 30 67 50 43 73 39 38 55 27 65 60 64 16 23 37 51 42 41 40 2 31 72 36 14 75 10 53 34 17 35 26 56 46 68 59 61 33
19 13 51 45 20 5 47 40 64 63 73 50 49 23 62 10 26 25 30 75 17 15 31 69 53 48 22 60 28 54 55 36 24 46 38 32 37 56 27 7 21 0 18 66 2 59 16 52 43 57 3 34 72 11 70 61 9 74 44 14 39 8 42 65 58 1 35 67 41 33 29 4 12 6 68 71
49 51 35 60 70 47 61 25 53 31 1 68 50 41 7 2 18 65 63 0 52 20 16 26 71 74 57 21 3 75 64 28 58 19 55 4 32 67 72 37 30 23 54 39 69 56 24 38 36 34 5 15 46 10 66 12 59 33 45 8 62 42 17 27 43 22 9 29 44 14 40 13 48 6 11 73
63 60 45 18 68 41 38 4 51 56 58 47 20 48 57 25 15 43 7 72 65 1 11 34 29 30 27 3 37 44 62 22 52 14 5 75 28 31 53 71 49 8 2 70 40 42 24 16 74 19 6 33 12 36 35 39 67 23 59 61 26 66 0 73 10 69 64 21 54 32 9 13 46 50 17 55
33 22 28 71 70 56 19 1 23 32 58 47 26 57 53 0 74 14 20 41 54 10 7 65 25 50 12 34 36 63 6 60 13 11 72 24 55 30 4 2 66 27 17 31 48 49 64 9 69 16 43 38 75 21 3 29 44 61 18 46 39 15 5 67 59 73 40 42 62 8 51 45 35 37 68 52
26 49 72 5 40 48 42 0 36 39 31 2 43 35 44 18 8 60 12 75 11 74 50 61 38 29 37 34 45 20 55 25 7 15 21 58 3 69 54 17 56 4 53 19 65 64 59 32 73 68 13 23 33 41 9 71 67 30 70 52 47 16 10 14 28 62 24 57 6 63 66 1 22 27 46 51
22 6 72 24 56 46 48 36 18 60 45 40 69 9 39 75 51 55 14 13 47 11 67 63 3 62 10 44 15 23 57 73 4 71 16 34 21 33 38 7 35 25 42 1 2 17 27 32 5 54 65 53 30 31 52 37 12 58 41 26 68 74 20 49 29 59 28 19 66 64 0 8 61 50 43 70
5 15 55 7 28 8 52 74 37 44 47 39 49 26 36 57 38 17 60 11 23 41 58 56 59 50 75 13 31 48 68 35 34 6 73 4 2 54 61 63 21 51 29 20 18 27 25 67 16 0 64 69 40 32 72 62 65 9 71 10 22 14 19 45 66 1 12 70 42 30 43 53 24 46 3 33
20 43 57 23 49 68 0 31 61 30 36 41 8 24 72 4 69 29 6 40 58 73 27 10 15 54 39 19 65 16 55 64 70 74 28 63 52 1 3 66 5 45 17 50 11 38 60 9 2 35 51 14 34 32 7 59 62 21 67 18 13 53 56 75 12 33 26 46 71 22 37 25 42 47 44 48
35 33 57 72 18 62 44 71 17 61 0 65 55 49 29 34 1 36 68 66 39 59 63 2 50 60 67 16 8 30 52 10 11 73 54 48 70 13 43 9 5 24 14 53 42 26 6 4 37 21 32 69 46 31 22 40 75 47 7 15 20 45 41 25 51 58 12 64 19 28 38 23 27 3 74 56
56 67 18 37 60 2 54 46 36 11 73 4 26 13 71 24 53 19 12 50 69 45 51 25 10 75 5 32 59 8 34 44 30 61 57 47 1 17 64 20 38 6 27 52 43 33 15 49 0 9 41 42 62 16 3 74 31 72 23 58 35 7 65 48 29 22 21 55 39 63 70 14 28 68 66 40
70 52 48 34 74 6 28 29 7 17 58 63 54 25 2 3 72 66 13 35 59 55 40 64 49 26 20 30 4 68 42 23 71 47 16 44 19 38 62 18 43 65 10 45 21 1 41 69 61 22 56 14 8 57 39 53 12 0 60 27 5 31 32 33 36 51 24 37 73 75 46 50 15 9 11 67
37 14 54 70 56 23 33 20 7 35 73 58 1 40 11 25 2 74 59 55 69 75 32 52 71 22 28 21 16 17 6 45 8 13 48 15 3 42 62 38 19 24 12 67 36 10 53 57 31 60 44 43 39 4 29 66 50 9 72 64 26 0 27 51 5 30 41 47 65 68 61 46 49 34 63 18
18 55 54 17 24 45 66 62 58 63 56 52 1 31 28 32 57 12 36 27 71 70 7 39 50 29 48 2 11 72 20 68 46 74 16 67 44 6 64 42 53 34 35 9 0 73 38 25 15 3 21 43 61 5 23 41 19 22 14 51 65 33 37 13 69 30 59 49 10 60 26 47 75 40 4 8
7 32 12 71 62 19 57 34 33 25 61 50 29 65 58 67 17 4 18 23 47 40 28 75 54 36 2 24 46 31 5 63 42 45 26 60 27 39 13 35 55 41 22 20 64 3 48 16 69 73 30 21 52 56 10 38 59 37 44 0 51 15 66 72 68 70 11 8 6 74 53 1 49 9 14 43
48 75 47 5 0 7 34 26 33 60 71 2 55 16 31 36 73 11 24 70 15 69 51 61 46 22 14 32 53 25 62 43 3 12 68 64 57 39 8 56 21 13 4 20 40 42 38 67 28 6 65 35 9 59 63 18 58 50 27 44 49 52 74 17 41 72 45 37 29 19 23 54 10 66 1 30
1 35 8 66 61 5 32 75 22 67 40 55 71 47 18 54 21 14 63 31 45 9 50 20 65 3 59 53 73 16 24 68 0 64 11 74 7 49 27 10 28 19 15 17 33 48 26 69 23 39 41 72 56 4 43 25 2 12 58 13 57 51 37 60 46 70 30 36 29 6 44 34 42 62 38 52
73 68 72 5 44 14 24 1 22 19 37 75 56 46 8 26 30 50 55 33 62 39 7 18 48 38 40 0 60 29 64 71 61 4 58 66 6 12 74 45 65 41 57 67 13 27 52 28 15 3 11 20 49 34 10 59 25 31 70 47 53 69 32 42 54 63 21 36 23 16 51 9 17 43 35 2
60 41 10 54 46 6 74 36 55 32 43 47 3 66 64 27 59 2 70 58 17 42 72 14 61 5 51 31 22 7 19 53 11 38 30 8 44 15 39 9 28 73 49 71 12 23 67 75 21 18 68 13 25 50 45 1 34 33 20 69 62 0 16 4 24 52 57 63 40 26 29 65 35 37 56 48
67 30 2 72 20 59 13 4 11 52 1 71 74 17 49 35 54 15 48 9 33 46 42 64 70 32 22 50 65 3 51 44 19 7 24 56 23 34 43 21 55 45 16 5 75 69 63 39 6 41 60 0 37 14 12 25 66 73 53 57 8 68 29 10 31 47 26 62 27 40 18 58 38 36 61 28
20 4 2 29 9 7 73 47 12 8 72 62 48 30 45 10 74 69 0 60 38 19 31 63 36 23 34 5 66 64 65 75 6 53 61 17 42 3 33 24 58 71 68 59 51 49 35 57 21 52 67 43 22 56 1 25 32 40 18 39 28 16 15 44 11 37 27 70 55 41 13 14 26 54 50 46
47 48 64 61 70 1 44 34 4 74 59 38 63 23 55 7 2 67 65 35 11 19 45 60 66 39 43 12 57 28 15 36 53 73 51 37 21 8 5 58 50 42 68 32 52 9 20 56 6 17 40 26 54 69 10 24 62 41 3 25 49 30 14 75 72 18 13 0 22 31 33 16 46 29 27 71
46 18 50 1 40 45 65 43 4 22 25 72 31 16 74 75 55 11 30 29 15 26 70 49 52 63 59 64 12 66 20 56 13 57 35 32 24 71 19 3 54 9 39 69 33 51 47 44 37 68 28 38 58 17 42 8 2 21 41 0 62 36 14 7 60 48 61 10 34 23 6 67 5 53 73 27
64 65 19 54 39 25 44 5 73 13 38 37 2 48 49 50 40 61 51 32 72 55 7 45 56 29 68 15 4 46 24 70 1 23 6 75 66 34 57 43 31 71 62 47 41 52 18 0 22 11 69 27 3 35 16 67 42 53 58 17 36 74 26 33 63 28 12 8 59 20 10 30 60 9 21 14
70 62 46 27 59 65 35 24 28 14 41 68 39 38 13 61 32 34 51 36 9 72 69 26 25 67 56 20 52 63 71 18 33 23 7 12 40 17 58 4 75 47 37 30 11 43 5 73 48 6 57 15 66 16 49 21 31 10 55 2 74 42 54 44 3 29 1 0 22 64 53 60 8 19 45 50
10 32 2 65 18 16 23 8 45 52 50 6 34 37 64 7 11 70 48 33 60 46 71 58 28 73 54 4 5 12 51 24 69 61 22 42 67 75 59 53 68 29 36 31 13 40 38 41 3 72 21 19 30 43 17 74 39 57 0 47 56 27 26 35 66 20 44 25 49 62 55 9 63 15 1 14
48 39 69 36 56 29 23 40 51 24 9 54 6 31 10 53 5 27 59 46 67 74 26 4 14 64 33 35 16 18 60 22 7 66 15 63 42 3 28 0 21 32 17 73 62 72 70 55 58 50 2 37 11 8 19 65 13 61 30 57 68 12 38 49 34 52 45 25 20 47 43 75 71 41 44 1
29 21 45 66 48 19 17 23 35 22 44 14 4 5 26 59 13 52 7 65 37 55 6 67 20 40 16 60 61 12 32 34 24 31 49 11 62 70 0 15 43 1 9 30 56 74 53 75 38 10 28 18 47 39 71 46 36 27 54 51 2 50 57 33 63 69 42 3 58 25 64 72 8 68 41 73
39 17 63 54 70 13 64 23 51 30 47 71 53 44 69 65 49 43 50 48 12 38 1 22 74 14 18 6 20 29 2 9 42 26 15 46 41 61 0 25 62 32 40 66 5 59 57 10 19 27 21 11 34 3 4 16 31 60 58 68 73 72 56 45 28 67 24 55 52 37 7 8 75 33 35 36
55 41 31 53 65 2 51 34 46 18 47 10 9 15 61 39 7 37 69 33 12 66 14 74 3 27 16 28 20 63 5 6 64 50 60 75 52 29 35 23 42 57 26 22 43 62 40 45 71 59 1 17 72 30 54 38 21 13 56 0 68 32 36 24 67 58 8 70 44 73 49 25 48 4 11 19
40 71 56 24 47 65 34 60 61 53 51 59 37 69 18 2 63 5 17 55 22 49 70 43 74 41 10 4 11 9 64 19 26 38 13 33 39 21 8 0 16 6 3 1 67 73 48 42 29 62 36 20 32 66 28 46 44 23 14 68 15 54 75 7 52 58 57 27 45 31 35 30 72 25 12 50
47 27 36 21 38 75 60 26 58 56 24 71 42 67 9 17 25 52 35 13 59 69 62 48 4 43 28 34 30 68 8 45 16 18 50 14 23 29 51 44 53 54 39 22 63 1 66 6 41 72 20 64 61 7 2 3 31 74 12 55 5 11 19 73 0 49 65 57 32 33 40 46 10 37 70 15
23 9 5 73 52 15 57 30 48 64 36 68 16 20 75 65 35 46 31 6 33 56 10 37 1 43 74 17 69 21 60 62 4 12 58 28 45 24 54 27 40 0 47 66 22 26 71 67 63 42 19 49 59 44 32 41 14 72 53 29 34 7 2 25 51 70 3 39 11 13 55 8 50 38 18 61
0 23 34 74 67 18 11 12 73 15 56 27 19 17 25 4 68 75 52 13 33 59 35 3 47 66 16 70 6 57 58 54 71 29 45 26 65 46 14 36 21 9 5 44 10 28 37 20 60 48 62 49 40 53 7 43 24 51 1 22 38 69 64 50 8 61 31 55 42 39 41 30 63 2 72 32
29 63 74 17 49 14 35 65 53 46 26 9 28 75 48 30 55 15 68 42 20 21 47 52 16 10 23 61 19 2 54 25 40 41 6 22 44 36 57 8 43 0 67 60 31 64 72 45 18 12 50 37 66 38 58 32 62 71 59 69 34 7 1 56 51 3 13 39 5 70 27 73 11 33 24 4
