66 39 11 50 69 38 2 51 59 28 16 41 73 37 6 40 63 24 12 53 70 25 3 52 60 27 17 54 74 26 7 57 64 21 9 45 67 23 0 44 19 22 14 46 72 31 5 47 62 33 13 42 71 30 4 48 61 20 18 29 75 32 8 43 65 34 10 56 68 36 1 49 58 35 15 55
72 39 6 50 62 38 13 51 69 28 3 41 59 37 17 25 74 21 8 53 64 27 10 42 66 26 0 52 19 24 15 57 71 33 5 45 61 34 14 44 70 23 4 54 60 22 18 31 75 32 9 46 65 30 11 48 67 20 1 47 58 29 16 43 73 40 7 56 63 36 12 49 68 35 2 55
59 39 16 50 73 38 6 51 64 28 9 49 67 37 0 41 19 25 14 53 71 27 4 52 62 24 13 57 70 26 3 54 61 33 18 21 75 23 8 45 66 31 11 44 68 22 1 46 58 32 15 42 72 30 5 48 63 20 12 47 69 29 2 43 60 34 17 36 74 35 7 56 65 40 10 55
67 39 1 50 20 38 15 51 72 36 6 42 62 37 13 49 70 21 4 53 61 25 18 27 75 24 9 57 65 26 11 52 68 33 2 45 59 34 16 44 73 23 7 58 63 22 12 48 69 31 3 46 60 30 17 28 74 32 8 47 64 29 10 43 66 40 0 56 19 35 14 54 71 41 5 55
62 39 12 50 70 38 3 51 60 28 17 37 75 24 8 49 66 19 10 53 68 25 1 41 58 27 15 52 73 26 6 54 64 33 11 45 69 21 2 44 59 23 16 22 74 31 7 46 65 32 9 42 67 30 0 56 57 20 14 47 72 29 5 43 63 40 13 55 71 36 4 48 61 35 18 34
75 39 9 50 65 38 12 51 68 28 2 41 58 37 16 40 72 24 6 53 62 25 13 52 69 27 3 54 59 26 17 57 73 21 7 45 63 23 10 44 66 22 0 46 19 31 15 47 71 33 5 42 61 30 14 48 70 20 4 43 60 29 18 32 74 34 8 56 64 36 11 49 67 35 1 55
58 39 15 50 72 38 5 51 63 28 12 41 69 37 2 42 60 24 17 25 74 27 7 53 65 21 9 52 67 26 0 54 19 34 14 45 71 23 4 44 62 31 13 57 70 22 3 46 61 33 18 30 75 20 8 43 66 32 10 48 68 29 1 47 59 40 16 56 73 36 6 49 64 35 11 55
68 39 2 50 59 38 16 51 73 28 7 49 64 37 10 41 66 25 0 53 19 27 14 52 71 24 5 57 62 26 13 54 70 33 4 45 61 21 18 23 75 31 9 44 65 22 11 46 67 32 1 42 58 30 15 48 72 20 6 47 63 29 12 43 69 34 3 56 60 36 17 35 74 40 8 55
65 39 10 50 68 38 1 51 20 37 15 49 72 36 5 41 62 21 13 53 71 25 4 57 61 27 18 26 75 24 8 52 66 33 11 45 69 32 2 44 59 23 16 58 73 22 6 48 63 31 12 46 70 30 3 47 60 28 17 43 74 29 7 42 64 40 9 55 67 35 0 56 19 34 14 54
71 39 5 50 61 38 13 51 69 28 3 41 60 37 18 24 75 21 9 53 65 25 11 42 67 27 1 52 58 26 16 54 73 34 7 45 63 23 12 44 68 31 2 46 59 22 17 30 74 33 8 43 64 20 10 57 66 29 0 47 19 32 15 48 72 40 6 56 62 36 14 49 70 35 4 55
61 39 18 38 75 28 8 50 66 24 11 51 68 37 1 49 58 21 15 53 72 25 5 41 63 27 12 52 69 26 2 54 59 33 16 45 73 23 6 44 64 31 9 46 67 22 0 57 19 30 14 42 71 20 4 47 62 32 13 48 70 29 3 43 60 34 17 36 74 35 7 56 65 40 10 55
67 39 1 50 58 38 15 51 72 28 6 41 63 37 12 40 69 24 3 53 60 25 17 27 74 19 8 52 64 26 10 54 66 33 0 45 57 21 14 44 71 23 5 46 62 22 13 56 70 31 4 42 61 30 18 20 75 32 9 47 65 29 11 43 68 34 2 48 59 36 16 49 73 35 7 55
64 39 11 50 69 38 2 51 59 28 16 49 74 37 7 41 65 25 9 53 67 27 0 52 19 26 14 54 72 24 5 57 62 33 13 45 71 21 4 44 61 23 18 22 75 31 8 46 66 32 10 42 68 30 1 48 58 20 15 47 73 29 6 43 63 40 12 55 70 36 3 56 60 35 17 34
74 39 8 50 64 38 11 51 67 37 1 41 19 28 15 40 71 21 5 53 61 25 14 57 70 27 4 52 60 26 18 24 75 33 9 45 65 32 12 44 68 23 2 54 58 22 16 48 72 31 6 46 62 30 13 47 69 20 3 43 59 29 17 42 73 34 7 56 63 36 10 49 66 35 0 55
19 39 14 50 71 38 4 51 62 36 12 42 70 37 3 49 61 21 18 25 75 27 8 53 66 24 10 57 68 26 1 52 59 33 16 45 73 34 6 44 64 23 11 58 69 22 2 48 60 31 17 30 74 28 7 46 65 32 9 47 67 29 0 43 20 40 15 56 72 35 5 54 63 41 13 55
70 39 4 50 61 38 18 28 75 24 9 51 65 37 11 49 67 21 1 53 58 25 15 41 72 27 6 52 63 26 12 54 68 33 2 45 59 23 16 44 73 31 7 46 64 22 10 57 66 30 0 42 19 20 14 47 71 32 5 48 62 29 13 43 69 34 3 56 60 36 17 35 74 40 8 55
65 39 10 50 68 38 1 51 58 28 15 41 73 37 6 42 63 24 12 53 70 25 3 52 60 27 17 26 74 21 7 54 64 34 9 45 67 23 0 44 19 22 14 46 72 31 5 57 62 33 13 43 71 30 4 48 61 20 18 29 75 32 8 47 66 40 11 56 69 36 2 49 59 35 16 55
73 39 7 50 63 38 12 51 68 28 2 41 59 37 17 25 74 21 8 53 64 27 10 42 66 26 0 52 19 24 15 57 71 33 5 45 61 34 14 44 70 23 4 54 60 22 18 31 75 32 9 46 65 30 11 48 67 20 1 47 58 29 16 43 72 40 6 56 62 36 13 49 69 35 3 55
60 39 17 38 74 28 7 50 65 24 10 51 67 37 0 41 57 19 14 53 71 25 4 40 62 27 13 52 70 26 3 54 61 33 18 21 75 23 8 45 66 31 11 44 68 22 1 46 58 32 15 42 72 30 5 56 63 20 12 47 69 29 2 43 59 34 16 48 73 36 6 49 64 35 9 55
66 39 0 50 19 38 14 51 71 36 5 42 62 37 13 49 70 21 4 53 61 25 18 27 75 24 9 57 65 26 11 52 68 33 2 45 59 34 16 44 73 23 7 58 63 22 12 48 69 31 3 46 60 30 17 28 74 32 8 47 64 29 10 43 67 40 1 56 20 35 15 54 72 41 6 55
63 39 13 50 71 38 4 51 61 28 18 37 75 24 8 49 66 21 10 53 68 25 1 41 58 27 15 52 73 26 6 54 64 33 11 45 69 23 2 44 59 31 16 46 74 22 7 57 65 30 9 42 67 20 0 47 19 29 14 43 72 32 5 48 62 40 12 55 70 36 3 56 60 35 17 34
74 39 8 50 64 38 11 51 67 28 1 41 58 37 16 42 72 24 6 53 62 25 13 52 69 27 3 54 59 26 17 21 73 34 7 45 63 23 10 44 66 22 0 46 19 31 15 57 71 33 5 43 61 30 14 48 70 20 4 47 60 29 18 32 75 40 9 56 65 36 12 49 68 35 2 55
59 39 16 50 73 38 6 51 64 28 11 41 69 37 2 40 60 24 17 53 74 25 7 52 65 27 9 54 67 26 0 57 19 21 14 45 71 23 4 44 62 31 13 47 70 22 3 46 61 33 18 30 75 20 8 42 66 32 10 48 68 29 1 43 58 34 15 56 72 36 5 49 63 35 12 55
69 39 3 50 60 38 17 28 74 25 8 51 64 37 10 41 66 21 0 53 19 27 14 42 71 24 5 57 62 26 13 52 70 33 4 45 61 34 18 23 75 31 9 44 65 22 11 54 67 32 1 46 58 30 15 48 72 20 6 47 63 29 12 43 68 40 2 56 59 36 16 49 73 35 7 55
64 39 9 50 67 38 0 51 19 37 14 41 72 28 5 42 62 21 13 53 71 25 4 57 61 27 18 26 75 24 8 52 66 33 11 45 69 34 2 44 59 23 16 54 73 22 6 48 63 31 12 46 70 30 3 47 60 20 17 29 74 32 7 43 65 40 10 56 68 36 1 49 58 35 15 55
72 39 6 50 62 38 14 51 70 28 4 41 60 37 18 24 75 21 9 53 65 25 11 40 67 27 1 52 58 26 16 54 73 33 7 45 63 23 12 44 68 31 2 46 59 22 17 57 74 30 8 42 64 20 10 47 66 29 0 43 19 32 15 48 71 34 5 56 61 36 13 49 69 35 3 55
60 39 17 38 74 28 7 50 65 24 10 51 68 37 1 49 58 21 15 53 72 25 5 42 63 27 12 52 69 26 2 54 59 34 16 23 73 31 6 45 64 30 9 44 67 22 0 46 19 33 14 43 71 20 4 57 62 32 13 48 70 29 3 47 61 40 18 36 75 35 8 56 66 41 11 55
68 39 2 50 59 38 16 51 73 28 7 41 63 37 12 40 69 24 3 53 60 25 17 52 74 27 8 54 64 26 10 57 66 21 0 45 19 23 14 44 71 31 5 47 62 22 13 46 70 33 4 42 61 30 18 20 75 32 9 48 65 29 11 43 67 34 1 56 58 36 15 49 72 35 6 55
63 39 12 50 70 38 3 51 60 28 17 37 74 25 7 41 65 21 9 53 67 27 0 42 19 26 14 52 72 24 5 57 62 33 13 45 71 34 4 44 61 23 18 22 75 31 8 54 66 32 10 46 68 30 1 48 58 20 15 47 73 29 6 43 64 40 11 56 69 36 2 49 59 35 16 55
73 39 7 50 63 38 10 51 66 37 0 41 19 28 15 42 71 21 5 53 61 25 14 57 70 27 4 52 60 26 18 24 75 33 9 45 65 34 12 44 68 23 2 54 58 22 16 48 72 31 6 46 62 30 13 47 69 20 3 43 59 29 17 32 74 40 8 56 64 36 11 49 67 35 1 55
20 39 15 50 72 38 5 51 63 36 13 42 70 37 3 49 61 21 18 25 75 27 8 53 66 24 10 57 68 26 1 52 59 33 16 45 73 34 6 44 64 23 11 58 69 22 2 48 60 31 17 30 74 28 7 46 65 32 9 47 67 29 0 43 19 40 14 56 71 35 4 54 62 41 12 55
69 39 3 50 60 38 17 28 74 24 8 51 65 37 11 49 67 19 1 53 58 25 15 41 72 27 6 52 63 26 12 54 68 33 2 45 59 21 16 23 73 31 7 44 64 22 10 46 66 32 0 42 57 30 14 56 71 20 5 47 62 29 13 43 70 34 4 48 61 36 18 35 75 40 9 55
66 39 11 50 69 38 2 51 59 28 16 41 73 37 6 40 63 24 12 53 70 25 3 52 60 27 17 54 74 26 7 57 64 21 9 45 67 23 0 44 19 22 14 46 72 31 5 47 62 33 13 42 71 30 4 48 61 20 18 29 75 32 8 43 65 34 10 56 68 36 1 49 58 35 15 55
72 39 6 50 62 38 13 51 69 28 3 41 59 37 17 25 74 21 8 53 64 27 10 42 66 26 0 52 19 24 15 57 71 33 5 45 61 34 14 44 70 23 4 54 60 22 18 31 75 32 9 46 65 30 11 48 67 20 1 47 58 29 16 43 73 40 7 56 63 36 12 49 68 35 2 55
59 39 16 50 73 38 6 51 64 28 9 49 67 37 0 41 19 25 14 53 71 27 4 52 62 24 13 57 70 26 3 54 61 33 18 21 75 23 8 45 66 31 11 44 68 22 1 46 58 32 15 42 72 30 5 48 63 20 12 47 69 29 2 43 60 34 17 36 74 35 7 56 65 40 10 55
67 39 1 50 20 38 15 51 72 36 6 41 62 37 13 49 70 21 4 53 61 25 18 27 75 24 9 57 65 26 11 52 68 33 2 45 59 32 16 44 73 23 7 58 63 22 12 48 69 31 3 46 60 30 17 47 74 28 8 43 64 29 10 42 66 34 0 56 19 35 14 54 71 40 5 55
62 39 12 50 70 38 3 51 60 28 17 37 75 24 8 49 66 21 10 53 68 25 1 42 58 27 15 52 73 26 6 54 64 34 11 45 69 23 2 44 59 31 16 22 74 30 7 46 65 33 9 43 67 20 0 57 19 29 14 47 72 32 5 48 63 41 13 55 71 36 4 56 61 35 18 40
75 39 9 50 65 38 12 51 68 28 2 41 58 37 16 40 72 24 6 53 62 25 13 52 69 27 3 54 59 26 17 57 73 21 7 45 63 23 10 44 66 22 0 46 19 31 15 47 71 33 5 42 61 30 14 48 70 20 4 43 60 29 18 32 74 34 8 56 64 36 11 49 67 35 1 55
58 39 15 50 72 38 5 51 63 28 12 41 69 37 2 40 60 24 17 25 74 27 7 53 65 19 9 52 67 26 0 54 57 33 14 45 71 21 4 44 62 23 13 46 70 22 3 56 61 31 18 30 75 20 8 42 66 32 10 47 68 29 1 43 59 34 16 48 73 36 6 49 64 35 11 55
68 39 2 50 59 38 16 51 73 28 7 49 64 37 10 41 66 25 0 53 19 27 14 52 71 24 5 57 62 26 13 54 70 33 4 45 61 21 18 23 75 31 9 44 65 22 11 46 67 32 1 42 58 30 15 48 72 20 6 47 63 29 12 43 69 34 3 56 60 36 17 35 74 40 8 55
65 39 10 50 68 38 1 51 20 37 15 49 72 36 5 41 62 21 13 53 71 25 4 57 61 27 18 26 75 24 8 52 66 33 11 45 69 32 2 44 59 23 16 58 73 22 6 48 63 31 12 46 70 30 3 47 60 28 17 43 74 29 7 42 64 40 9 55 67 35 0 56 19 34 14 54
71 39 5 50 61 38 13 51 69 28 3 41 60 37 18 24 75 21 9 53 65 25 11 42 67 27 1 52 58 26 16 54 73 34 7 45 63 23 12 44 68 31 2 46 59 22 17 30 74 33 8 43 64 20 10 57 66 29 0 47 19 32 15 48 72 40 6 56 62 36 14 49 70 35 4 55
61 39 18 38 75 28 8 50 66 24 11 51 68 37 1 49 58 21 15 53 72 25 5 41 63 27 12 52 69 26 2 54 59 33 16 45 73 23 6 44 64 31 9 46 67 22 0 57 19 30 14 42 71 20 4 47 62 32 13 48 70 29 3 43 60 34 17 36 74 35 7 56 65 40 10 55
67 39 1 50 58 38 15 51 72 28 6 41 63 37 12 42 69 24 3 53 60 25 17 27 74 21 8 52 64 26 10 54 66 34 0 45 19 23 14 44 71 31 5 57 62 22 13 46 70 33 4 43 61 30 18 20 75 32 9 48 65 29 11 47 68 40 2 56 59 36 16 49 73 35 7 55
64 39 11 50 69 38 2 51 59 28 16 37 74 25 7 49 65 21 9 53 67 27 0 42 19 26 14 52 72 24 5 57 62 33 13 45 71 34 4 44 61 23 18 22 75 31 8 54 66 32 10 46 68 30 1 48 58 20 15 47 73 29 6 43 63 41 12 55 70 36 3 56 60 35 17 40
74 37 8 50 64 38 11 51 67 28 1 41 57 33 15 40 71 24 5 53 61 25 14 52 70 27 4 54 60 26 18 19 75 32 9 45 65 21 12 44 68 23 2 46 58 22 16 56 72 31 6 42 62 30 13 47 69 20 3 43 59 29 17 39 73 34 7 48 63 36 10 49 66 35 0 55
19 39 14 50 71 38 4 51 62 36 12 42 70 37 3 49 61 21 18 25 75 27 8 53 66 24 10 57 68 26 1 52 59 33 16 45 73 34 6 44 64 23 11 58 69 22 2 48 60 31 17 30 74 28 7 46 65 32 9 47 67 29 0 43 20 40 15 56 72 35 5 54 63 41 13 55
70 39 4 50 61 38 18 28 75 24 9 51 65 37 11 49 67 21 1 53 58 25 15 41 72 27 6 52 63 26 12 54 68 33 2 45 59 23 16 44 73 31 7 46 64 22 10 57 66 30 0 42 19 20 14 47 71 32 5 48 62 29 13 43 69 34 3 56 60 36 17 35 74 40 8 55
65 39 10 50 68 38 1 51 58 28 15 41 73 37 6 42 63 24 12 53 70 25 3 52 60 27 17 26 74 21 7 54 64 34 9 45 67 23 0 44 19 22 14 46 72 31 5 57 62 33 13 43 71 30 4 48 61 20 18 29 75 32 8 47 66 40 11 56 69 36 2 49 59 35 16 55
73 39 7 50 63 38 12 51 68 28 2 41 59 37 17 40 74 25 8 53 64 27 10 52 66 26 0 54 19 24 15 57 71 33 5 45 61 21 14 44 70 23 4 46 60 22 18 31 75 32 9 42 65 30 11 48 67 20 1 47 58 29 16 43 72 34 6 56 62 36 13 49 69 35 3 55
60 39 17 38 74 28 7 50 65 25 10 51 67 37 0 41 19 21 14 53 71 27 4 42 62 24 13 57 70 26 3 52 61 33 18 34 75 23 8 45 66 31 11 44 68 22 1 54 58 32 15 46 72 30 5 48 63 20 12 47 69 29 2 43 59 40 16 56 73 36 6 49 64 35 9 55
66 39 0 50 19 38 14 51 71 36 5 42 62 37 13 49 70 21 4 53 61 25 18 27 75 24 9 57 65 26 11 52 68 33 2 45 59 34 16 44 73 23 7 58 63 22 12 48 69 31 3 46 60 30 17 28 74 32 8 47 64 29 10 43 67 40 1 56 20 35 15 54 72 41 6 55
63 39 13 50 71 38 4 51 61 28 18 37 75 24 8 49 66 21 10 53 68 25 1 41 58 27 15 52 73 26 6 54 64 33 11 45 69 23 2 44 59 31 16 46 74 22 7 57 65 30 9 42 67 20 0 47 19 29 14 43 72 32 5 48 62 40 12 55 70 36 3 56 60 35 17 34
74 39 8 50 64 38 11 51 67 28 1 41 58 37 16 42 72 24 6 53 62 25 13 52 69 27 3 54 59 26 17 21 73 34 7 45 63 23 10 44 66 22 0 46 19 31 15 57 71 33 5 43 61 30 14 48 70 20 4 47 60 29 18 32 75 40 9 56 65 36 12 49 68 35 2 55
59 39 16 50 73 38 6 51 64 28 11 41 69 37 2 40 60 24 17 53 74 25 7 52 65 27 9 54 67 26 0 57 19 21 14 45 71 23 4 44 62 31 13 47 70 22 3 46 61 33 18 30 75 20 8 42 66 32 10 48 68 29 1 43 58 34 15 56 72 36 5 49 63 35 12 55
69 39 3 50 60 38 17 28 74 25 8 51 64 37 10 41 66 21 0 53 19 27 14 42 71 24 5 57 62 26 13 52 70 33 4 45 61 34 18 23 75 31 9 44 65 22 11 54 67 32 1 46 58 30 15 48 72 20 6 47 63 29 12 43 68 40 2 56 59 36 16 49 73 35 7 55
64 39 9 50 67 38 0 51 19 37 14 49 72 36 5 42 62 21 13 53 71 25 4 57 61 27 18 26 75 24 8 52 66 33 11 45 69 34 2 44 59 23 16 58 73 22 6 48 63 31 12 46 70 30 3 47 60 28 17 29 74 32 7 43 65 41 10 55 68 35 1 56 20 40 15 54
72 39 6 50 62 38 14 51 70 28 4 41 60 37 18 24 75 21 9 53 65 25 11 42 67 27 1 52 58 26 16 54 73 34 7 45 63 23 12 44 68 31 2 46 59 22 17 30 74 33 8 43 64 20 10 57 66 29 0 47 19 32 15 48 71 40 5 56 61 36 13 49 69 35 3 55
60 39 17 38 74 28 7 50 65 24 10 51 68 37 1 49 58 19 15 53 72 25 5 41 63 27 12 52 69 26 2 54 59 33 16 21 73 23 6 45 64 31 9 44 67 22 0 46 57 32 14 42 71 30 4 56 62 20 13 47 70 29 3 43 61 34 18 36 75 35 8 48 66 40 11 55
68 39 2 50 59 38 16 51 73 28 7 41 63 37 12 40 69 24 3 53 60 25 17 52 74 27 8 54 64 26 10 57 66 21 0 45 19 23 14 44 71 31 5 47 62 22 13 46 70 33 4 42 61 30 18 20 75 32 9 48 65 29 11 43 67 34 1 56 58 36 15 49 72 35 6 55
63 39 12 50 70 38 3 51 60 28 17 37 74 25 7 41 65 21 9 53 67 27 0 42 19 26 14 52 72 24 5 57 62 33 13 45 71 34 4 44 61 23 18 22 75 31 8 54 66 32 10 46 68 30 1 48 58 20 15 47 73 29 6 43 64 40 11 56 69 36 2 49 59 35 16 55
73 39 7 50 63 38 10 51 66 37 0 41 19 28 15 42 71 21 5 53 61 25 14 57 70 27 4 52 60 26 18 24 75 33 9 45 65 34 12 44 68 23 2 54 58 22 16 48 72 31 6 46 62 30 13 47 69 20 3 43 59 29 17 32 74 40 8 56 64 36 11 49 67 35 1 55
20 39 15 50 72 38 5 51 63 36 13 41 70 37 3 49 61 21 18 25 75 27 8 53 66 24 10 57 68 26 1 52 59 33 16 45 73 32 6 44 64 23 11 58 69 22 2 48 60 31 17 46 74 30 7 47 65 28 9 43 67 29 0 42 19 34 14 56 71 35 4 54 62 40 12 55
69 39 3 50 60 38 17 28 74 24 8 51 65 37 11 49 67 21 1 53 58 25 15 42 72 27 6 52 63 26 12 54 68 34 2 45 59 23 16 31 73 30 7 44 64 22 10 46 66 33 0 43 19 20 14 57 71 32 5 48 62 29 13 47 70 40 4 56 61 36 18 35 75 41 9 55
66 39 11 50 69 38 2 51 59 28 16 41 73 37 6 40 63 24 12 53 70 25 3 52 60 27 17 54 74 26 7 57 64 21 9 45 67 23 0 44 19 22 14 46 72 31 5 47 62 33 13 42 71 30 4 48 61 20 18 29 75 32 8 43 65 34 10 56 68 36 1 49 58 35 15 55
72 39 6 50 62 38 13 51 69 28 3 41 59 37 17 24 74 19 8 53 64 25 10 40 66 27 0 52 57 26 15 54 71 33 5 45 61 21 14 44 70 23 4 46 60 22 18 31 75 32 9 42 65 30 11 56 67 20 1 47 58 29 16 43 73 34 7 48 63 36 12 49 68 35 2 55
59 39 16 50 73 38 6 51 64 28 9 49 67 37 0 41 19 25 14 53 71 27 4 52 62 24 13 57 70 26 3 54 61 33 18 21 75 23 8 45 66 31 11 44 68 22 1 46 58 32 15 42 72 30 5 48 63 20 12 47 69 29 2 43 60 34 17 36 74 35 7 56 65 40 10 55
67 39 1 50 20 38 15 51 72 36 6 41 62 37 13 49 70 21 4 53 61 25 18 27 75 24 9 57 65 26 11 52 68 33 2 45 59 32 16 44 73 23 7 58 63 22 12 48 69 31 3 46 60 30 17 47 74 28 8 43 64 29 10 42 66 34 0 56 19 35 14 54 71 40 5 55
62 39 12 50 70 38 3 51 60 28 17 37 75 24 8 49 66 21 10 53 68 25 1 42 58 27 15 52 73 26 6 54 64 34 11 45 69 23 2 44 59 31 16 22 74 30 7 46 65 33 9 43 67 20 0 57 19 29 14 47 72 32 5 48 63 41 13 55 71 36 4 56 61 35 18 40
75 39 9 50 65 38 12 51 68 28 2 41 58 37 16 40 72 24 6 53 62 25 13 52 69 27 3 54 59 26 17 57 73 21 7 45 63 23 10 44 66 22 0 46 19 31 15 47 71 33 5 42 61 30 14 48 70 20 4 43 60 29 18 32 74 34 8 56 64 36 11 49 67 35 1 55
58 39 15 50 72 38 5 51 63 28 12 41 69 37 2 42 60 24 17 25 74 27 7 53 65 21 9 52 67 26 0 54 19 34 14 45 71 23 4 44 62 31 13 57 70 22 3 46 61 33 18 30 75 20 8 43 66 32 10 48 68 29 1 47 59 40 16 56 73 36 6 49 64 35 11 55
68 39 2 50 59 38 16 28 73 25 7 51 64 37 10 49 66 21 0 53 19 27 14 42 71 24 5 57 62 26 13 52 70 33 4 45 61 34 18 23 75 31 9 44 65 22 11 54 67 32 1 46 58 30 15 48 72 20 6 47 63 29 12 43 69 40 3 56 60 36 17 35 74 41 8 55
65 39 10 50 68 38 1 51 58 36 15 49 72 37 5 40 62 24 13 53 71 25 4 52 61 27 18 26 75 20 8 56 66 32 11 45 69 21 2 44 59 23 16 46 73 22 6 57 63 31 12 42 70 30 3 47 60 28 17 43 74 29 7 41 64 33 9 55 67 35 0 48 19 34 14 54
71 39 5 50 61 38 13 51 69 28 3 41 60 37 18 24 75 21 9 53 65 25 11 42 67 27 1 52 58 26 16 54 73 34 7 45 63 23 12 44 68 31 2 46 59 22 17 30 74 33 8 43 64 20 10 57 66 29 0 47 19 32 15 48 72 40 6 56 62 36 14 49 70 35 4 55
61 39 18 38 75 28 8 50 66 24 11 51 68 37 1 49 58 21 15 53 72 25 5 41 63 27 12 52 69 26 2 54 59 33 16 45 73 23 6 44 64 31 9 46 67 22 0 57 19 30 14 42 71 20 4 47 62 32 13 48 70 29 3 43 60 34 17 36 74 35 7 56 65 40 10 55
67 39 1 50 58 38 15 51 72 28 6 41 63 37 12 42 69 24 3 53 60 25 17 27 74 21 8 52 64 26 10 54 66 34 0 45 19 23 14 44 71 31 5 57 62 22 13 46 70 33 4 43 61 30 18 20 75 32 9 48 65 29 11 47 68 40 2 56 59 36 16 49 73 35 7 55
64 39 11 50 69 38 2 51 59 28 16 49 74 37 7 41 65 25 9 53 67 27 0 52 19 26 14 54 72 24 5 57 62 33 13 45 71 21 4 44 61 23 18 22 75 31 8 46 66 32 10 42 68 30 1 48 58 20 15 47 73 29 6 43 63 40 12 55 70 36 3 56 60 35 17 34
74 39 8 50 64 38 11 51 67 37 1 41 19 28 15 40 71 21 5 53 61 25 14 57 70 27 4 52 60 26 18 24 75 33 9 45 65 32 12 44 68 23 2 54 58 22 16 48 72 31 6 46 62 30 13 47 69 20 3 43 59 29 17 42 73 34 7 56 63 36 10 49 66 35 0 55
19 39 14 50 71 38 4 51 62 28 12 42 70 37 3 41 61 21 18 25 75 27 8 53 66 24 10 57 68 26 1 52 59 33 16 45 73 34 6 44 64 23 11 54 69 22 2 48 60 31 17 30 74 20 7 46 65 32 9 47 67 29 0 43 58 40 15 56 72 36 5 49 63 35 13 55
70 39 4 50 61 38 18 28 75 24 9 51 65 37 11 49 67 21 1 53 58 25 15 41 72 27 6 52 63 26 12 54 68 33 2 45 59 23 16 44 73 31 7 46 64 22 10 57 66 30 0 42 19 20 14 47 71 32 5 48 62 29 13 43 69 34 3 56 60 36 17 35 74 40 8 55
65 39 10 50 68 38 1 51 58 28 15 41 73 37 6 42 63 24 12 53 70 25 3 52 60 27 17 26 74 21 7 54 64 34 9 45 67 23 0 44 19 22 14 46 72 31 5 57 62 33 13 43 71 30 4 48 61 20 18 29 75 32 8 47 66 40 11 56 69 36 2 49 59 35 16 55
73 39 7 50 63 38 12 51 68 28 2 41 59 37 17 40 74 25 8 53 64 27 10 52 66 26 0 54 19 24 15 57 71 33 5 45 61 21 14 44 70 23 4 46 60 22 18 31 75 32 9 42 65 30 11 48 67 20 1 47 58 29 16 43 72 34 6 56 62 36 13 49 69 35 3 55
60 39 17 38 74 28 7 50 65 25 10 51 67 37 0 41 19 21 14 53 71 27 4 42 62 24 13 57 70 26 3 52 61 33 18 34 75 23 8 45 66 31 11 44 68 22 1 54 58 32 15 46 72 30 5 48 63 20 12 47 69 29 2 43 59 40 16 56 73 36 6 49 64 35 9 55
66 39 0 50 19 38 14 51 71 36 5 42 62 37 13 49 70 21 4 53 61 25 18 27 75 24 9 57 65 26 11 52 68 33 2 45 59 34 16 44 73 23 7 58 63 22 12 48 69 31 3 46 60 30 17 28 74 32 8 47 64 29 10 43 67 40 1 56 20 35 15 54 72 41 6 55
63 39 13 50 71 38 4 51 61 28 18 37 75 24 8 49 66 21 10 53 68 25 1 42 58 27 15 52 73 26 6 54 64 34 11 45 69 23 2 44 59 31 16 22 74 30 7 46 65 33 9 43 67 20 0 57 19 29 14 47 72 32 5 48 62 41 12 55 70 36 3 56 60 35 17 40
74 39 8 50 64 38 11 51 67 28 1 41 58 37 16 40 72 24 6 53 62 25 13 52 69 27 3 54 59 26 17 19 73 33 7 45 63 21 10 44 66 23 0 46 57 22 15 56 71 31 5 42 61 30 14 47 70 20 4 43 60 29 18 32 75 34 9 48 65 36 12 49 68 35 2 55
59 39 16 50 73 38 6 51 64 28 11 41 69 37 2 40 60 24 17 53 74 25 7 52 65 27 9 54 67 26 0 57 19 21 14 45 71 23 4 44 62 31 13 47 70 22 3 46 61 33 18 30 75 20 8 42 66 32 10 48 68 29 1 43 58 34 15 56 72 36 5 49 63 35 12 55
69 39 3 50 60 38 17 28 74 25 8 51 64 37 10 41 66 21 0 53 19 27 14 42 71 24 5 57 62 26 13 52 70 33 4 45 61 34 18 23 75 31 9 44 65 22 11 54 67 32 1 46 58 30 15 48 72 20 6 47 63 29 12 43 68 40 2 56 59 36 16 49 73 35 7 55
64 39 9 50 67 38 0 51 19 37 14 49 72 36 5 42 62 21 13 53 71 25 4 57 61 27 18 26 75 24 8 52 66 33 11 45 69 34 2 44 59 23 16 58 73 22 6 48 63 31 12 46 70 30 3 47 60 28 17 29 74 32 7 43 65 41 10 55 68 35 1 56 20 40 15 54
72 39 6 50 62 38 14 51 70 28 4 41 60 37 18 24 75 21 9 53 65 25 11 40 67 27 1 52 58 26 16 54 73 33 7 45 63 23 12 44 68 31 2 46 59 22 17 57 74 30 8 42 64 20 10 47 66 29 0 43 19 32 15 48 71 34 5 56 61 36 13 49 69 35 3 55
60 39 17 38 74 28 7 50 65 24 10 51 68 37 1 49 58 21 15 53 72 25 5 42 63 27 12 52 69 26 2 54 59 34 16 23 73 31 6 45 64 30 9 44 67 22 0 46 19 33 14 43 71 20 4 57 62 32 13 48 70 29 3 47 61 40 18 36 75 35 8 56 66 41 11 55
68 39 2 50 59 38 16 51 73 28 7 41 63 37 12 42 69 24 3 53 60 25 17 27 74 21 8 52 64 26 10 54 66 34 0 45 19 23 14 44 71 31 5 57 62 22 13 46 70 33 4 43 61 30 18 20 75 32 9 48 65 29 11 47 67 40 1 56 58 36 15 49 72 35 6 55
63 39 12 50 70 38 3 51 60 28 17 37 74 24 7 41 65 19 9 53 67 25 0 40 57 27 14 52 72 26 5 54 62 33 13 45 71 21 4 44 61 23 18 22 75 31 8 46 66 32 10 42 68 30 1 56 58 20 15 47 73 29 6 43 64 34 11 48 69 36 2 49 59 35 16 55
73 39 7 50 63 38 10 51 66 37 0 41 19 28 15 42 71 21 5 53 61 25 14 57 70 27 4 52 60 26 18 24 75 33 9 45 65 34 12 44 68 23 2 54 58 22 16 48 72 31 6 46 62 30 13 47 69 20 3 43 59 29 17 32 74 40 8 56 64 36 11 49 67 35 1 55
20 39 15 50 72 38 5 51 63 36 13 41 70 37 3 49 61 21 18 25 75 27 8 53 66 24 10 57 68 26 1 52 59 33 16 45 73 32 6 44 64 23 11 58 69 22 2 48 60 31 17 46 74 30 7 47 65 28 9 43 67 29 0 42 19 34 14 56 71 35 4 54 62 40 12 55
69 39 3 50 60 38 17 28 74 24 8 51 65 37 11 49 67 21 1 53 58 25 15 42 72 27 6 52 63 26 12 54 68 34 2 45 59 23 16 31 73 30 7 44 64 22 10 46 66 33 0 43 19 20 14 57 71 32 5 48 62 29 13 47 70 40 4 56 61 36 18 35 75 41 9 55
66 39 11 50 69 38 2 51 59 28 16 41 73 37 6 40 63 24 12 53 70 25 3 52 60 27 17 54 74 26 7 57 64 21 9 45 67 23 0 44 19 22 14 46 72 31 5 47 62 33 13 42 71 30 4 48 61 20 18 29 75 32 8 43 65 34 10 56 68 36 1 49 58 35 15 55
72 39 6 50 62 38 13 51 69 28 3 41 59 37 17 25 74 21 8 53 64 27 10 42 66 26 0 52 19 24 15 57 71 33 5 45 61 34 14 44 70 23 4 54 60 22 18 31 75 32 9 46 65 30 11 48 67 20 1 47 58 29 16 43 73 40 7 56 63 36 12 49 68 35 2 55
59 39 16 38 73 28 6 50 64 25 9 51 67 37 0 49 19 21 14 53 71 27 4 42 62 24 13 57 70 26 3 52 61 33 18 34 75 23 8 45 66 31 11 44 68 22 1 54 58 32 15 46 72 30 5 48 63 20 12 47 69 29 2 43 60 40 17 36 74 35 7 56 65 41 10 55
67 39 1 50 58 38 15 51 72 36 6 49 62 37 13 40 70 24 4 53 61 25 18 27 75 20 9 52 65 26 11 56 68 32 2 45 59 21 16 44 73 23 7 46 63 22 12 57 69 31 3 42 60 30 17 47 74 28 8 43 64 29 10 41 66 34 0 48 19 35 14 54 71 33 5 55
