7 60 51 85 15 67 50 92 27 54 52 79 3 73 53 98 6 61 41 86 4 64 43 89 5 0 42 76 8 70 40 95 14 57 33 82 12 69 31 94 16 56 38 81 13 75 11 100 9 63 39 88 17 66 36 91 10 2 37 78 18 72 32 97 30 59 44 84 28 68 45 93 24 55 34 80 29 74 19 99 25 62 35 87 23 65 48 90 26 1 49 77 22 71 47 96 20 58 46 83 21
69 51 94 3 56 50 81 7 75 15 100 2 62 49 87 4 65 44 90 27 52 41 78 6 72 43 97 8 59 42 84 5 66 40 91 14 53 31 79 12 73 39 98 16 60 30 85 13 63 38 88 9 0 29 76 10 70 32 95 11 57 37 82 17 68 46 93 26 55 33 80 20 74 24 99 28 61 34 86 19 64 35 89 25 1 48 77 18 71 47 96 23 58 36 83 22 67 45 92 21 54
51 80 3 73 7 99 2 61 50 87 4 64 52 90 5 1 40 77 15 70 49 96 6 58 43 84 8 68 42 94 9 56 32 82 27 75 14 100 13 62 41 88 12 65 31 91 11 53 39 78 16 71 38 97 17 59 30 85 18 66 37 92 10 54 44 79 28 72 45 98 20 60 34 86 29 63 35 89 19 0 47 76 24 69 36 95 25 57 48 83 23 67 33 93 26 55 46 81 22 74 21
99 7 61 51 86 15 64 50 89 3 1 52 76 4 70 44 95 29 57 40 82 6 67 43 92 8 54 42 79 5 73 9 98 14 60 33 85 12 63 41 88 13 0 38 75 11 69 39 94 16 56 32 81 17 68 30 93 19 55 31 80 10 74 18 100 28 62 46 87 20 65 49 90 21 2 34 77 27 71 35 96 24 58 47 83 25 66 36 91 23 53 48 78 26 72 37 97 22 59 45 84
7 63 51 88 3 0 50 76 15 70 52 95 4 57 53 82 31 68 40 93 6 55 43 80 8 74 5 99 9 61 42 86 14 65 33 90 13 2 41 78 12 72 39 97 11 59 38 84 16 67 32 92 17 54 36 79 19 73 10 98 18 60 37 85 30 64 44 89 29 1 45 77 28 71 35 96 27 58 34 83 24 69 47 94 25 56 48 81 23 75 26 100 22 62 49 87 20 66 46 91 21
53 51 79 3 72 50 97 7 59 52 85 15 66 49 92 6 54 40 80 27 73 41 98 14 60 43 86 4 63 42 89 5 0 30 76 26 69 31 95 13 57 39 83 12 68 38 94 11 56 32 82 8 75 9 100 10 62 36 88 17 65 37 91 16 2 44 78 28 71 45 96 29 58 35 84 24 67 34 93 19 55 47 81 20 74 25 99 18 61 48 87 23 64 33 90 22 1 46 77 21 70
51 95 3 58 50 83 7 69 52 93 15 56 49 81 2 75 27 100 6 63 41 87 5 66 43 90 4 53 42 78 8 72 40 97 14 60 31 84 12 67 39 91 16 54 30 79 13 73 38 98 9 61 29 85 11 64 37 88 10 0 32 76 17 70 44 94 26 57 33 82 20 68 35 92 24 55 34 80 28 74 25 99 19 62 36 86 18 65 48 89 22 1 47 77 23 71 45 96 21 59 46
83 3 66 51 92 7 54 50 79 15 73 2 99 4 60 49 86 6 63 44 89 5 1 43 76 8 70 40 96 9 57 42 82 27 68 32 94 14 55 41 80 12 74 13 100 11 61 31 87 16 64 39 90 17 52 38 77 18 71 30 97 10 58 29 84 28 65 46 91 20 53 33 78 24 72 35 98 21 59 34 85 25 62 36 88 26 0 48 75 19 69 47 95 23 56 37 81 22 67 45 93
7 56 51 81 15 74 3 99 31 62 50 87 4 65 53 90 6 1 52 77 5 71 43 96 8 59 40 84 9 68 42 93 14 55 33 80 12 73 13 98 16 61 41 86 11 64 38 89 17 0 39 76 10 70 36 95 19 58 32 83 18 69 37 94 30 57 44 82 28 75 29 100 24 63 45 88 27 66 34 91 25 2 35 78 26 72 48 97 23 60 47 85 22 67 49 92 20 54 46 79 21
72 7 97 15 59 51 85 3 63 50 88 4 0 44 76 5 69 40 94 31 56 52 82 6 67 43 92 8 54 42 80 9 74 14 99 12 61 33 87 13 65 41 90 11 2 39 78 10 71 32 96 16 58 38 84 17 66 36 91 19 53 37 79 18 73 30 98 28 60 46 86 29 64 45 89 27 1 35 77 26 70 47 95 24 57 34 83 25 68 48 93 23 55 49 81 22 75 20 100 21 62
51 88 3 66 50 91 7 53 52 78 15 72 49 97 2 59 40 84 27 67 41 92 6 54 43 79 4 73 42 98 5 60 30 85 14 63 31 89 13 0 39 76 12 70 38 95 11 57 32 82 8 69 29 94 9 56 37 81 17 75 10 100 16 62 44 87 26 65 33 90 28 1 35 77 20 71 34 96 19 58 47 83 24 68 48 93 25 55 36 80 23 74 18 99 22 61 45 86 21 64 46
89 3 1 51 76 6 70 50 96 7 58 52 83 4 68 49 94 15 56 40 81 14 74 5 100 8 62 43 87 9 65 42 91 27 53 32 78 26 71 41 97 12 59 31 84 13 66 30 92 16 54 39 79 17 72 38 98 11 60 36 85 10 63 37 88 28 0 44 75 29 69 45 95 24 57 35 82 19 67 34 93 20 55 47 80 25 73 18 99 23 61 48 86 22 64 33 90 21 2 46 77
3 71 51 96 7 58 50 83 15 67 52 92 2 55 49 80 6 74 4 99 5 61 42 86 9 64 43 89 8 1 40 77 27 70 32 95 14 57 41 82 12 68 39 93 13 56 31 81 16 75 17 100 10 62 38 87 11 65 30 90 18 53 37 78 28 72 44 97 20 59 45 84 24 66 35 91 29 54 34 79 25 73 36 98 19 60 48 85 26 63 33 88 23 0 47 76 22 69 46 94 21
56 51 82 7 68 50 93 15 54 52 80 30 74 3 99 4 61 44 87 6 64 43 90 8 1 42 77 5 71 40 96 9 58 33 84 14 67 41 92 12 53 38 79 16 73 13 98 11 60 39 86 17 63 31 89 19 0 37 76 10 70 32 95 18 57 46 83 28 69 49 94 20 55 34 81 24 75 29 100 27 62 35 88 25 65 48 91 23 2 36 78 26 72 47 97 22 59 45 85 21 66
51 91 7 54 50 79 15 73 52 98 27 61 53 85 3 64 41 88 6 0 43 76 5 70 40 95 4 58 42 82 8 68 33 93 14 56 31 81 12 75 16 100 13 63 38 87 11 66 39 90 9 2 30 78 10 72 32 97 17 60 37 84 18 67 44 92 28 55 49 80 20 74 24 99 29 62 34 86 19 65 35 89 25 1 48 77 26 71 47 96 23 59 36 83 22 69 45 94 21 57 46
81 3 74 7 100 2 61 51 87 15 64 50 90 4 52 49 77 27 70 44 96 6 58 41 84 8 65 43 91 5 53 42 78 14 71 40 97 12 59 31 85 13 62 30 88 11 0 39 75 16 68 32 94 9 56 38 82 17 67 36 93 10 55 37 80 26 73 28 99 29 60 46 86 19 63 45 89 18 1 35 76 24 69 47 95 25 57 34 83 23 66 48 92 22 54 33 79 20 72 21 98
3 61 51 86 7 65 50 90 2 1 49 77 4 71 52 96 15 58 40 83 6 69 43 94 8 56 42 81 5 75 9 100 27 63 32 88 14 66 41 91 12 53 31 78 13 72 30 97 16 59 39 84 17 67 38 92 11 54 36 79 10 73 37 98 26 60 44 85 28 64 45 89 29 0 34 76 19 70 35 95 24 57 47 82 25 68 48 93 23 55 33 80 18 74 22 99 20 62 46 87 21
65 51 90 7 2 50 77 3 71 44 96 15 58 52 83 4 68 40 93 29 55 43 80 6 74 8 99 5 61 42 86 9 64 33 89 14 1 41 76 13 70 39 95 12 57 38 82 11 69 32 94 16 56 30 81 17 75 19 100 10 62 31 87 18 66 45 91 28 53 47 78 20 72 35 97 24 59 34 84 21 67 37 92 22 54 36 79 25 73 48 98 27 60 49 85 26 63 46 88 23 0
51 76 3 69 50 95 7 57 44 83 15 67 52 93 2 55 42 81 6 74 4 99 5 61 43 87 9 64 40 90 8 1 33 78 14 71 41 97 12 59 39 85 16 66 38 92 13 54 31 80 17 73 11 98 10 60 30 86 18 63 32 89 19 0 45 77 29 70 49 96 28 58 35 84 20 68 34 94 21 56 36 82 24 75 25 100 26 62 48 88 27 65 37 91 23 53 47 79 22 72 46
97 7 59 51 84 15 66 50 91 30 53 52 78 3 72 4 98 6 60 44 85 8 63 43 88 5 0 42 75 9 69 40 94 14 56 33 81 12 68 41 93 16 55 38 80 13 74 11 100 17 62 39 87 19 65 31 90 10 2 37 77 18 71 32 96 28 58 46 83 20 67 49 92 24 54 34 79 29 73 27 99 25 61 35 86 23 64 48 89 26 1 36 76 22 70 47 95 21 57 45 82
3 69 51 94 7 56 50 81 15 75 2 100 4 62 49 87 27 65 52 90 6 53 41 78 8 72 43 97 5 59 42 84 14 66 40 91 12 54 31 79 16 73 39 98 13 60 30 85 9 63 38 88 10 0 36 76 11 70 32 95 17 57 37 82 26 68 44 93 28 55 45 80 24 74 29 99 19 61 34 86 25 64 35 89 18 1 48 77 23 71 47 96 22 58 33 83 20 67 46 92 21
54 51 80 3 73 7 99 2 61 50 87 15 64 49 90 4 1 44 77 6 70 43 96 5 58 40 84 8 68 42 94 9 56 32 82 27 75 14 100 13 62 41 88 12 65 31 91 11 52 39 78 16 71 38 97 17 59 30 85 18 66 29 92 10 53 46 79 28 72 33 98 20 60 35 86 24 63 34 89 21 0 36 76 25 69 48 95 26 57 47 83 19 67 37 93 23 55 45 81 22 74
3 99 7 62 51 86 2 65 50 89 4 1 44 77 5 71 40 95 15 58 52 83 6 68 43 92 8 55 42 80 9 74 14 98 12 61 33 85 13 64 41 88 11 0 39 76 10 70 32 94 16 57 38 82 17 69 30 93 19 56 31 81 18 75 29 100 28 63 45 87 21 66 49 90 20 53 34 78 27 72 35 96 24 59 36 84 25 67 48 91 23 54 37 79 26 73 47 97 22 60 46
84 7 62 51 88 3 0 50 75 15 69 44 95 4 56 52 81 30 67 40 93 6 54 43 79 8 73 5 99 9 60 42 86 14 64 33 90 13 2 41 77 12 71 39 97 11 58 38 83 16 66 32 92 17 53 31 78 19 72 10 98 18 59 37 85 28 63 46 89 29 1 49 76 20 70 35 96 27 57 34 82 24 68 47 94 25 55 48 80 23 74 26 100 22 61 36 87 21 65 45 91
7 3 54 79 6 72 50 97 15 60 52 85 4 67 53 92 31 55 40 80 14 73 41 98 8 61 51 86 5 64 42 89 30 0 33 76 13 70 35 95 12 58 39 83 11 69 38 94 16 57 32 82 9 75 10 100 17 63 36 88 18 66 37 91 28 2 44 78 29 71 45 96 24 59 34 84 27 68 46 93 20 56 47 81 25 74 26 99 23 62 48 87 22 65 49 90 21 1 43 77 19
70 51 95 3 57 50 83 7 68 44 93 15 55 49 81 2 75 27 100 6 62 41 87 5 65 43 90 4 52 42 78 8 72 40 97 14 59 31 84 12 66 39 91 16 53 30 79 13 73 38 98 9 60 29 85 11 63 37 88 10 0 32 76 17 69 46 94 26 56 33 82 20 67 35 92 24 54 34 80 28 74 25 99 19 61 36 86 18 64 48 89 22 1 47 77 23 71 45 96 21 58
51 84 3 67 50 93 7 55 49 80 15 74 2 99 4 61 52 87 6 64 43 90 5 1 40 77 8 71 42 96 9 58 32 83 27 69 41 94 14 56 31 81 12 75 13 100 11 62 39 88 16 65 38 91 17 53 30 78 18 72 29 97 10 59 44 85 28 66 33 92 20 54 35 79 24 73 34 98 21 60 36 86 25 63 48 89 26 0 47 76 19 70 37 95 23 57 45 82 22 68 46
93 3 55 51 80 7 73 2 99 15 61 50 86 4 64 45 89 6 1 44 76 5 70 43 96 8 58 40 83 9 67 42 92 14 54 33 79 12 72 13 98 16 60 41 85 11 63 38 88 17 0 39 75 10 69 30 95 19 57 32 82 18 68 31 94 29 56 46 81 28 74 21 100 20 62 49 87 27 65 34 90 24 52 35 77 25 71 36 97 23 59 48 84 26 66 37 91 22 53 47 78
7 72 51 97 15 60 50 85 3 63 53 88 4 0 52 76 31 69 40 94 6 57 41 82 8 67 43 92 5 55 42 80 14 74 12 99 13 62 33 87 11 65 35 90 10 2 39 78 16 71 32 96 9 59 38 84 17 66 36 91 18 54 37 79 30 73 28 98 29 61 44 86 27 64 45 89 26 1 34 77 24 70 47 95 25 58 46 83 23 68 48 93 22 56 49 81 20 75 21 100 19
62 51 88 7 66 50 91 15 2 52 78 3 72 44 97 4 58 40 84 30 67 43 92 6 53 42 79 8 73 5 98 9 59 33 85 14 63 41 89 12 0 38 76 13 70 39 95 11 56 32 82 16 69 31 94 17 55 37 81 19 75 10 100 18 61 46 87 28 65 49 90 20 1 34 77 29 71 35 96 27 57 47 83 24 68 48 93 25 54 36 80 23 74 26 99 22 60 45 86 21 64
53 89 3 1 50 77 6 71 52 96 7 59 49 83 4 69 40 94 15 57 51 81 14 75 8 100 5 63 42 87 9 66 32 91 27 54 41 78 26 72 31 97 12 60 30 84 13 67 39 92 16 55 38 79 17 73 36 98 11 61 37 85 10 64 44 88 28 0 45 76 29 70 35 95 24 58 34 82 19 68 47 93 20 56 48 80 25 74 23 99 18 62 33 86 22 65 46 90 21 2 43
77 3 70 51 96 7 57 50 83 15 66 44 92 2 54 49 80 6 73 4 99 5 60 42 86 9 63 43 89 8 1 40 76 27 69 32 95 14 56 41 82 12 67 39 93 13 55 31 81 16 74 17 100 10 61 38 87 11 64 30 90 18 52 29 78 28 71 46 97 20 58 33 84 24 65 35 91 21 53 34 79 25 72 36 98 19 59 48 85 26 62 37 88 23 0 47 75 22 68 45 94
3 57 51 82 7 68 50 93 15 55 52 80 2 74 4 99 6 62 44 87 8 65 43 90 5 1 42 77 9 71 40 96 14 59 33 84 12 67 41 92 16 54 38 79 13 73 11 98 17 61 39 86 19 64 31 89 10 0 37 76 18 70 32 95 30 58 45 83 28 69 47 94 20 56 34 81 29 75 27 100 24 63 35 88 25 66 36 91 23 53 48 78 26 72 49 97 22 60 46 85 21
66 51 91 7 53 50 79 15 73 44 98 27 60 52 85 3 63 41 88 6 0 43 76 5 70 40 95 4 57 42 82 8 68 33 93 14 55 31 81 12 75 16 100 13 62 38 87 11 65 39 90 9 2 30 78 10 72 32 97 17 59 37 84 18 67 46 92 28 54 49 80 20 74 24 99 29 61 34 86 19 64 35 89 25 1 48 77 26 71 47 96 23 58 36 83 22 69 45 94 21 56
51 82 7 75 15 100 3 62 50 88 4 65 52 91 5 2 40 78 31 71 53 97 6 59 43 85 8 66 42 92 9 54 33 79 14 72 12 98 13 60 41 86 11 63 39 89 10 0 32 76 16 69 38 95 17 57 36 83 19 68 37 94 18 56 44 81 30 74 28 99 29 61 45 87 27 64 35 90 26 1 47 77 24 70 34 96 25 58 48 84 23 67 49 93 22 55 46 80 20 73 21
98 3 60 51 85 7 64 50 89 2 1 49 76 4 70 44 95 15 57 40 82 6 68 43 93 8 55 42 80 5 74 9 100 27 62 32 87 14 65 41 90 12 52 31 77 13 71 30 96 16 58 39 83 17 66 38 91 11 53 29 78 10 72 37 97 26 59 46 84 20 63 33 88 28 0 34 75 19 69 35 94 24 56 47 81 25 67 48 92 23 54 36 79 18 73 22 99 21 61 45 86
3 65 51 90 2 1 50 77 7 71 44 96 4 58 52 83 15 68 40 93 6 55 43 80 8 74 5 99 9 61 42 86 14 64 33 89 13 0 41 76 12 70 39 95 11 57 38 82 16 69 32 94 17 56 30 81 19 75 10 100 18 62 31 87 29 66 45 91 28 53 47 78 20 72 35 97 21 59 34 84 24 67 37 92 25 54 36 79 27 73 48 98 26 60 49 85 22 63 46 88 23
0 51 76 7 69 50 95 3 57 44 83 15 67 52 93 4 55 40 81 30 74 6 99 5 61 43 87 8 64 42 90 9 2 33 78 14 71 41 97 13 59 39 85 12 66 38 92 11 54 32 80 16 73 17 98 10 60 31 86 19 63 37 89 18 1 46 77 28 70 49 96 29 58 35 84 20 68 34 94 27 56 47 82 24 75 25 100 26 62 48 88 23 65 36 91 22 53 45 79 21 72
51 97 7 60 50 84 15 67 52 91 27 54 53 79 3 73 41 98 6 61 43 85 4 64 42 88 5 0 40 76 8 70 33 94 14 57 31 82 12 69 39 93 16 56 38 81 13 75 9 100 11 63 37 87 10 66 30 90 18 2 32 78 17 72 44 96 28 59 49 83 20 68 35 92 24 55 34 80 29 74 25 99 19 62 36 86 26 65 48 89 22 1 47 77 23 71 45 95 21 58 46
82 3 68 51 94 7 55 50 80 15 74 2 100 4 61 49 87 27 64 44 90 6 52 41 77 8 71 43 97 5 58 42 84 14 65 40 91 12 53 31 78 16 72 13 98 11 59 38 85 9 62 39 88 10 0 30 75 17 69 32 95 18 56 37 81 28 67 46 93 20 54 33 79 24 73 29 99 19 60 34 86 25 63 35 89 26 1 48 76 23 70 47 96 22 57 36 83 21 66 45 92
3 55 51 80 7 74 2 99 15 62 50 87 4 65 49 90 6 1 52 77 5 71 43 96 8 59 40 84 9 69 42 94 27 57 32 82 14 75 13 100 12 63 41 88 11 66 31 91 16 53 39 78 17 72 38 97 18 60 30 85 10 67 37 92 28 54 44 79 20 73 45 98 24 61 35 86 29 64 34 89 25 0 36 76 26 70 48 95 19 58 47 83 23 68 33 93 22 56 46 81 21
74 3 99 7 61 51 86 2 64 50 89 4 1 44 77 5 70 40 95 15 57 45 83 6 67 43 92 8 54 42 80 9 73 14 98 12 60 33 85 13 63 41 88 11 0 39 76 10 69 32 94 16 56 38 82 17 68 30 93 19 55 31 81 18 75 29 100 28 62 46 87 21 65 49 90 20 52 34 78 27 71 35 96 24 58 36 84 25 66 48 91 23 53 37 79 26 72 47 97 22 59
51 85 7 63 50 89 3 0 52 76 15 70 53 95 4 57 40 82 30 68 43 93 6 55 42 80 8 74 5 99 9 61 33 87 14 65 41 91 13 2 39 78 12 72 38 97 11 59 32 84 16 67 31 92 17 54 37 79 19 73 10 98 18 60 44 86 28 64 49 90 29 1 35 77 20 71 34 96 27 58 47 83 24 69 48 94 25 56 36 81 23 75 26 100 22 62 45 88 21 66 46
91 3 53 51 78 7 71 50 97 15 59 52 84 6 66 49 92 27 54 40 79 14 72 41 98 4 60 43 85 5 63 42 88 26 0 30 75 13 69 31 95 12 57 39 82 11 68 38 94 8 56 32 81 9 74 10 100 17 62 36 87 16 65 37 90 28 2 44 77 29 70 45 96 24 58 35 83 19 67 34 93 20 55 47 80 25 73 18 99 23 61 48 86 22 64 33 89 21 1 46 76
7 70 51 95 15 58 50 83 27 68 52 93 3 56 53 81 6 75 4 100 5 62 42 87 9 65 43 90 8 2 40 78 14 72 33 97 12 59 41 84 16 66 39 91 13 54 31 79 17 73 38 98 11 60 36 85 10 63 37 88 18 0 32 76 30 69 44 94 28 57 45 82 24 67 35 92 29 55 34 80 25 74 19 99 26 61 49 86 22 64 48 89 23 1 47 77 20 71 46 96 21
58 51 84 3 67 50 93 7 54 49 80 15 74 2 99 4 61 44 87 6 64 43 90 8 1 42 77 5 71 40 96 9 57 32 83 27 69 41 94 14 55 31 81 12 75 13 100 11 62 39 88 16 65 38 91 17 52 30 78 18 72 29 97 10 59 46 85 28 66 33 92 20 53 35 79 24 73 34 98 21 60 36 86 25 63 48 89 19 0 37 76 26 70 47 95 23 56 45 82 22 68
51 93 3 56 50 80 7 74 15 99 2 62 52 86 4 65 44 89 6 1 43 77 5 71 40 96 8 59 42 83 9 68 33 92 14 55 41 79 12 73 16 98 13 61 38 85 11 64 39 88 17 0 30 76 10 70 32 95 19 58 31 82 18 69 45 94 29 57 49 81 28 75 20 100 21 63 34 87 27 66 35 90 24 53 36 78 25 72 48 97 23 60 37 84 26 67 47 91 22 54 46
78 7 71 51 97 15 59 50 85 3 62 52 88 4 0 44 75 27 68 40 94 6 56 41 82 8 66 43 92 5 54 42 80 14 73 12 99 13 61 33 87 11 64 31 90 10 2 39 77 16 70 32 96 9 58 38 84 17 65 36 91 18 53 37 79 30 72 28 98 29 60 46 86 19 63 45 89 26 1 35 76 24 69 47 95 25 57 34 83 23 67 48 93 22 55 49 81 20 74 21 100
3 63 51 88 7 66 50 91 15 53 52 78 2 72 49 97 27 59 40 84 6 67 41 92 4 54 43 79 5 73 42 98 14 60 30 85 12 64 31 89 13 0 38 76 11 70 39 95 8 57 32 82 9 69 36 94 17 56 37 81 10 75 16 100 26 62 44 87 28 65 45 90 29 1 34 77 19 71 35 96 24 58 47 83 25 68 48 93 23 55 33 80 18 74 22 99 20 61 46 86 21
64 51 89 7 1 50 77 6 71 52 96 15 58 53 83 4 69 40 94 31 56 43 81 14 75 8 100 5 62 42 87 9 66 33 91 30 3 41 78 13 72 39 97 12 59 38 84 11 67 32 92 16 54 36 79 17 73 19 98 10 60 37 85 18 63 44 88 28 0 45 76 29 70 35 95 24 57 34 82 27 68 47 93 20 55 48 80 25 74 23 99 26 61 49 86 22 65 46 90 21 2
51 78 3 71 50 96 7 58 52 84 15 67 49 93 2 55 42 81 6 74 4 99 5 61 43 87 9 64 40 90 8 1 32 77 27 70 41 95 14 57 39 83 12 68 31 94 13 56 38 82 16 75 17 100 10 62 30 88 11 65 29 91 18 53 44 79 28 72 33 97 20 59 35 85 24 66 34 92 21 54 36 80 25 73 48 98 19 60 37 86 26 63 47 89 23 0 45 76 22 69 46
94 3 56 51 81 7 67 50 92 15 54 45 79 2 73 4 99 6 61 44 86 8 64 43 89 5 1 42 76 9 70 40 96 14 58 33 83 12 66 41 91 16 53 38 78 13 72 11 98 17 60 39 85 19 63 30 88 10 0 31 75 18 69 32 95 29 57 46 82 28 68 49 93 20 55 34 80 21 74 27 100 24 62 35 87 25 65 36 90 23 52 48 77 26 71 37 97 22 59 47 84
7 66 51 91 15 54 50 79 27 73 52 98 3 60 53 85 6 63 41 88 5 0 43 76 4 70 40 95 8 57 42 82 14 68 33 93 12 56 31 81 16 75 13 100 11 62 38 87 9 65 39 90 10 2 36 78 17 72 32 97 18 59 37 84 30 67 44 92 28 55 45 80 24 74 29 99 19 61 34 86 25 64 35 89 26 1 48 77 23 71 47 96 22 58 49 83 20 69 46 94 21
56 51 82 3 75 7 100 2 62 50 88 15 65 49 91 4 52 44 78 27 71 41 97 6 59 43 85 8 66 42 92 5 53 40 79 14 72 31 98 12 60 39 86 16 63 30 89 13 0 38 76 9 69 29 95 10 57 32 83 11 68 37 94 17 55 46 81 26 74 20 99 28 61 33 87 24 64 34 90 19 1 35 77 25 70 48 96 18 58 47 84 23 67 36 93 22 54 45 80 21 73
7 98 15 61 51 86 3 65 50 89 4 1 52 77 5 71 40 95 30 58 53 83 6 69 43 93 8 56 42 81 9 75 14 100 12 63 33 87 13 66 41 90 11 2 39 78 10 72 32 96 16 59 38 84 17 67 31 91 19 54 37 79 18 73 44 97 28 60 45 85 20 64 34 88 29 0 35 76 27 70 47 94 24 57 36 82 25 68 48 92 23 55 49 80 26 74 22 99 21 62 46
86 3 64 51 90 2 1 50 76 7 70 44 96 4 57 45 82 15 67 40 93 6 54 43 79 8 73 5 99 9 60 42 85 14 63 33 89 13 0 41 75 12 69 39 95 11 56 30 81 16 68 32 94 17 55 29 80 19 74 10 100 18 61 31 87 28 65 46 91 22 52 49 77 20 71 35 97 21 58 34 83 24 66 38 92 25 53 36 78 27 72 48 98 26 59 37 84 23 62 47 88
7 0 51 76 3 70 50 95 15 58 52 83 4 68 53 93 31 56 40 81 6 74 5 99 8 62 43 87 9 65 42 90 14 2 33 78 13 72 41 97 12 60 39 85 11 67 38 92 16 55 32 80 17 73 10 98 19 61 36 86 18 64 37 89 30 1 44 77 29 71 45 96 28 59 35 84 27 69 34 94 24 57 47 82 25 75 26 100 23 63 48 88 22 66 49 91 20 54 46 79 21
72 51 97 7 59 50 84 15 66 44 91 27 53 52 79 3 73 41 98 6 60 43 85 4 63 42 88 5 0 40 76 8 69 33 94 14 56 31 82 12 68 39 93 16 55 38 81 13 75 9 100 11 62 37 87 10 65 30 90 18 2 32 78 17 71 46 96 28 58 49 83 20 67 35 92 24 54 34 80 29 74 25 99 19 61 36 86 26 64 48 89 22 1 47 77 23 70 45 95 21 57
51 83 3 69 50 94 7 56 49 81 15 75 2 100 4 62 52 88 27 65 41 91 6 53 43 78 8 72 42 97 5 59 40 85 14 66 31 92 12 54 39 79 16 73 30 98 13 60 38 86 9 63 29 89 10 0 32 76 11 70 37 95 17 57 44 82 26 68 33 93 20 55 34 80 24 74 28 99 19 61 35 87 25 64 48 90 18 1 47 77 23 71 36 96 22 58 45 84 21 67 46
92 7 54 51 79 15 73 3 99 30 61 50 86 4 64 52 89 6 1 44 76 5 70 43 96 8 58 40 83 9 68 42 94 14 56 33 81 12 74 13 100 16 62 41 87 11 65 38 90 17 2 39 77 10 71 31 97 19 59 32 84 18 66 37 91 28 53 46 78 20 72 29 98 24 60 49 85 27 63 34 88 25 0 35 75 26 69 48 95 23 57 47 82 22 67 36 93 21 55 45 80
3 74 7 99 2 61 51 86 4 64 50 89 5 1 44 77 15 70 40 95 6 58 52 83 8 67 43 92 9 55 42 80 14 73 12 98 13 60 33 85 11 63 41 88 10 0 39 76 16 69 32 94 17 57 38 82 19 68 31 93 18 56 37 81 30 75 28 100 29 62 45 87 20 65 47 90 27 53 34 78 24 71 35 96 25 59 36 84 23 66 48 91 26 54 49 79 22 72 46 97 21
59 51 85 7 63 50 89 15 0 52 76 3 70 44 95 4 56 40 82 30 68 43 93 6 54 42 80 8 74 5 99 9 61 33 87 14 65 41 91 12 2 38 78 13 72 39 97 11 58 32 84 16 67 31 92 17 53 37 79 19 73 10 98 18 60 46 86 28 64 49 90 20 1 34 77 29 71 35 96 27 57 47 83 24 69 48 94 25 55 36 81 23 75 26 100 22 62 45 88 21 66
53 91 3 54 50 78 7 72 52 97 15 60 49 84 6 67 40 92 27 55 41 79 14 73 51 98 4 61 42 85 5 64 30 88 26 0 31 76 13 70 39 95 12 58 38 82 11 69 32 94 8 57 36 81 9 75 17 100 10 63 37 87 16 66 44 90 28 2 45 77 29 71 35 96 24 59 34 83 19 68 47 93 20 56 48 80 25 74 23 99 18 62 33 86 22 65 46 89 21 1 43
76 3 69 51 95 7 57 50 83 15 67 44 93 2 55 49 81 27 74 6 100 5 61 41 87 4 64 43 90 8 52 42 78 14 71 40 97 12 58 31 84 16 65 39 91 13 53 30 79 9 72 38 98 11 59 29 85 10 62 37 88 17 0 32 75 26 68 46 94 20 56 33 82 24 66 35 92 28 54 34 80 25 73 19 99 18 60 36 86 22 63 48 89 23 1 47 77 21 70 45 96
7 59 51 84 15 68 50 93 30 55 53 80 3 74 4 99 6 62 52 87 8 65 43 90 5 1 42 77 9 71 40 96 14 58 33 83 12 69 41 94 16 56 38 81 13 75 11 100 17 63 39 88 19 66 31 91 10 2 37 78 18 72 32 97 28 60 44 85 20 67 45 92 24 54 35 79 29 73 34 98 25 61 36 86 27 64 48 89 26 0 49 76 23 70 47 95 22 57 46 82 21
68 51 93 3 55 50 80 7 74 15 99 2 61 45 86 4 64 44 89 6 1 43 77 5 71 40 96 8 58 42 83 9 67 33 92 14 54 41 79 12 73 16 98 13 60 38 85 11 63 39 88 17 0 30 76 10 70 32 95 19 57 31 82 18 69 46 94 29 56 49 81 28 75 20 100 21 62 34 87 27 65 35 90 24 52 36 78 25 72 48 97 23 59 37 84 26 66 47 91 22 53
51 79 7 72 50 98 15 60 53 86 3 63 52 89 4 0 40 76 27 69 41 95 6 57 43 83 8 67 42 93 5 55 33 81 14 74 12 100 13 62 31 88 11 65 39 91 10 2 32 78 16 71 38 97 9 59 36 85 17 66 37 92 18 54 44 80 30 73 28 99 29 61 45 87 19 64 35 90 26 1 47 77 24 70 34 96 25 58 48 84 23 68 49 94 22 56 46 82 20 75 21
100 3 62 51 87 7 65 50 90 15 52 44 77 2 71 49 96 27 58 40 83 6 66 41 91 4 53 43 78 5 72 42 97 14 59 30 84 12 63 31 88 13 0 38 75 11 69 39 94 8 56 32 81 9 68 29 93 17 55 37 80 10 74 16 99 26 61 46 86 20 64 33 89 28 1 34 76 19 70 35 95 24 57 47 82 25 67 48 92 23 54 36 79 18 73 22 98 21 60 45 85
3 64 51 89 2 1 50 77 7 71 52 96 4 58 49 83 15 69 40 94 6 56 43 81 8 75 5 100 9 62 42 87 27 66 32 91 14 53 41 78 12 72 31 97 13 59 30 84 16 67 39 92 17 54 38 79 11 73 36 98 10 60 37 85 26 63 44 88 29 0 45 76 28 70 35 95 19 57 34 82 24 68 47 93 25 55 48 80 23 74 18 99 22 61 33 86 20 65 46 90 21
2 51 78 7 71 50 96 6 58 52 84 15 67 53 93 4 55 40 81 31 74 14 99 5 61 43 87 8 64 42 90 9 1 33 77 30 70 41 95 13 57 39 83 12 68 38 94 11 56 32 82 16 75 17 100 10 62 36 88 19 65 37 91 18 3 44 79 28 72 45 97 29 59 35 85 24 66 34 92 27 54 47 80 20 73 25 98 26 60 48 86 23 63 49 89 22 0 46 76 21 69
51 94 3 57 50 82 7 68 44 92 15 55 52 80 2 74 6 99 4 62 42 86 5 65 43 89 9 1 40 77 8 71 33 96 14 59 41 84 12 67 39 91 16 54 38 79 13 73 17 98 11 61 31 85 10 64 30 88 18 0 32 76 19 70 45 95 29 58 49 83 28 69 35 93 20 56 34 81 21 75 24 100 25 63 36 87 26 66 48 90 27 53 37 78 23 72 47 97 22 60 46
84 7 65 51 91 15 53 50 78 27 72 44 98 3 59 52 85 6 62 41 88 5 0 43 75 4 69 40 95 8 56 42 81 14 67 33 93 12 55 31 80 16 74 13 100 11 61 38 87 9 64 39 90 10 2 30 77 17 71 32 97 18 58 37 83 28 66 46 92 20 54 49 79 24 73 29 99 19 60 34 86 25 63 35 89 26 1 48 76 23 70 47 96 22 57 36 82 21 68 45 94
3 57 51 82 7 75 2 100 15 63 50 88 4 66 49 91 27 53 52 78 6 72 41 97 8 60 43 85 5 67 42 92 14 54 40 79 12 73 31 98 16 61 39 86 13 64 30 89 9 0 38 76 10 70 36 95 11 58 32 83 17 69 37 94 26 56 44 81 28 74 29 99 24 62 45 87 19 65 34 90 25 1 35 77 18 71 48 96 23 59 47 84 22 68 33 93 20 55 46 80 21
73 3 98 7 60 51 86 2 64 50 89 4 1 44 77 5 70 40 95 15 57 49 83 6 68 43 93 8 55 42 81 9 75 27 100 14 62 32 87 13 65 41 90 12 52 31 78 11 71 39 96 16 58 38 84 17 66 30 91 18 53 37 79 10 72 46 97 28 59 45 85 20 63 34 88 29 0 35 76 19 69 47 94 24 56 36 82 25 67 48 92 23 54 33 80 26 74 22 99 21 61
51 87 7 65 50 90 3 1 52 77 15 71 53 96 4 58 40 83 29 68 43 93 6 55 42 80 8 74 5 99 9 61 33 86 14 64 41 89 13 0 39 76 12 70 38 95 11 57 32 82 16 69 30 94 17 56 31 81 19 75 10 100 18 62 44 88 28 66 49 91 21 2 35 78 20 72 34 97 27 59 47 84 24 67 36 92 25 54 48 79 23 73 37 98 26 60 45 85 22 63 46
88 7 0 51 75 3 69 50 95 15 57 44 82 4 67 52 93 30 55 40 80 6 73 5 99 8 61 43 86 9 64 42 90 14 2 33 77 13 71 41 97 12 59 39 84 11 66 38 92 16 54 32 79 17 72 10 98 19 60 31 85 18 63 37 89 28 1 46 76 29 70 49 96 20 58 35 83 27 68 34 94 24 56 47 81 25 74 26 100 23 62 48 87 22 65 36 91 21 53 45 78
7 72 51 97 15 59 50 84 27 66 52 91 3 54 53 79 6 73 41 98 4 60 43 85 5 63 42 88 8 0 40 76 14 69 33 94 12 57 31 82 16 68 39 93 13 56 38 81 9 75 11 100 10 62 37 87 18 65 36 90 17 2 32 78 30 71 44 96 28 58 45 83 24 67 35 92 29 55 34 80 25 74 19 99 26 61 49 86 22 64 48 89 23 1 47 77 20 70 46 95 21
57 51 83 3 69 50 94 7 55 49 81 15 75 2 100 4 62 44 88 27 65 41 91 6 52 43 78 8 72 42 97 5 59 40 85 14 66 31 92 12 53 39 79 16 73 30 98 13 60 38 86 9 63 29 89 11 0 37 76 10 70 32 95 17 56 46 82 26 68 33 93 20 54 34 80 24 74 28 99 19 61 35 87 25 64 48 90 23 1 36 77 18 71 47 96 22 58 45 84 21 67
51 92 3 55 50 80 7 74 15 99 2 62 49 86 4 65 52 89 6 1 43 77 5 71 40 96 8 59 42 83 9 69 32 94 27 57 41 81 14 75 12 100 13 63 31 87 11 66 39 90 16 53 38 78 17 72 30 97 18 60 29 84 10 67 44 91 28 54 33 79 20 73 35 98 24 61 34 85 21 64 36 88 25 0 48 76 26 70 47 95 19 58 37 82 23 68 45 93 22 56 46
80 3 73 7 99 2 60 51 86 4 63 50 89 5 1 44 76 15 69 40 95 6 57 45 83 8 66 43 92 9 54 42 79 14 72 12 98 13 59 33 85 11 62 41 88 10 0 39 75 16 68 32 94 17 56 38 82 19 67 31 93 18 55 37 81 30 74 28 100 29 61 46 87 20 64 47 90 27 52 34 77 24 70 35 96 25 58 36 84 23 65 48 91 26 53 49 78 22 71 21 97
7 60 51 85 15 64 50 89 3 0 53 76 4 70 52 95 31 57 40 82 6 68 43 93 8 55 42 80 5 74 9 99 14 62 33 87 12 66 41 91 13 2 38 78 11 72 39 97 16 59 32 84 17 67 36 92 19 54 37 79 10 73 18 98 30 61 44 86 28 65 45 90 29 1 34 77 27 71 35 96 24 58 47 83 25 69 48 94 23 56 49 81 26 75 22 100 20 63 46 88 21
66 51 91 3 53 50 78 7 72 52 97 15 59 49 84 6 67 40 92 27 54 41 79 14 73 43 98 4 60 42 85 5 63 30 88 26 0 31 76 13 70 39 95 12 57 38 82 11 69 32 94 8 56 36 81 9 75 17 100 10 62 37 87 16 65 44 90 28 2 45 77 29 71 35 96 24 58 34 83 19 68 47 93 20 55 48 80 25 74 23 99 18 61 33 86 22 64 46 89 21 1
51 77 3 70 50 96 7 58 52 84 15 68 49 94 2 56 41 82 27 75 6 100 5 62 43 88 4 65 42 91 8 53 40 79 14 72 31 97 12 59 39 85 16 66 30 92 13 54 38 80 9 73 29 98 11 60 37 86 10 63 32 89 17 0 44 76 26 69 33 95 20 57 35 83 24 67 34 93 28 55 36 81 25 74 19 99 18 61 48 87 22 64 47 90 23 1 45 78 21 71 46
96 3 58 51 83 7 67 50 92 15 54 49 79 2 73 4 99 6 61 44 86 8 64 43 89 5 1 42 76 9 70 40 95 27 57 32 82 14 68 41 93 12 55 31 80 13 74 11 100 16 62 39 87 17 65 38 90 18 52 30 77 10 71 29 97 28 59 46 84 20 66 33 91 24 53 35 78 21 72 34 98 25 60 36 85 19 63 48 88 26 0 37 75 23 69 47 94 22 56 45 81
7 68 51 93 15 55 50 80 31 74 3 99 4 61 53 86 6 64 52 89 5 1 43 77 8 71 40 96 9 58 42 83 14 67 33 92 12 54 41 79 16 73 13 98 11 60 38 85 17 63 39 88 10 0 36 76 19 70 32 95 18 57 37 82 30 69 44 94 28 56 45 81 24 75 29 100 27 62 34 87 25 65 35 90 26 2 48 78 23 72 47 97 22 59 49 84 20 66 46 91 21
53 51 79 7 72 50 98 15 60 44 86 27 63 52 89 3 0 41 76 6 69 43 95 5 57 40 83 4 67 42 93 8 55 33 81 14 74 12 100 13 62 31 88 16 65 38 91 11 2 39 78 9 71 30 97 10 59 32 85 17 66 37 92 18 54 46 80 28 73 20 99 29 61 49 87 24 64 34 90 19 1 35 77 25 70 48 96 26 58 47 84 23 68 36 94 22 56 45 82 21 75
3 100 7 63 51 87 2 66 50 90 15 53 49 78 4 72 52 96 27 59 41 84 6 67 43 91 8 54 42 79 5 73 40 97 14 60 31 85 12 64 30 88 13 0 39 76 11 70 32 94 16 57 38 82 9 69 36 93 17 56 37 81 10 75 26 99 28 62 44 86 29 65 45 89 19 1 35 77 18 71 47 95 24 58 34 83 25 68 48 92 23 55 33 80 22 74 20 98 21 61 46
85 3 63 51 89 2 1 50 76 7 70 44 96 4 57 49 82 15 68 40 94 6 55 43 80 8 74 5 100 9 61 42 87 27 65 32 91 14 52 41 77 12 71 31 97 13 58 30 83 16 66 39 92 17 53 38 78 11 72 29 98 10 59 37 84 26 62 46 88 28 0 33 75 20 69 35 95 19 56 34 81 24 67 47 93 25 54 48 79 23 73 18 99 22 60 36 86 21 64 45 90
7 2 51 78 3 71 50 96 15 59 52 84 4 68 53 93 30 56 40 81 6 74 5 99 8 62 43 87 9 65 42 90 14 1 33 77 13 70 41 95 12 58 39 83 11 69 38 94 16 57 32 82 17 75 10 100 19 63 31 88 18 66 37 91 28 54 44 79 20 72 45 97 24 60 35 85 29 67 46 92 21 55 36 80 25 73 34 98 27 61 48 86 26 64 49 89 23 0 47 76 22
69 51 94 7 56 50 82 15 67 44 92 30 54 52 80 3 74 6 99 4 61 42 86 5 64 43 89 9 1 40 77 8 71 33 96 14 58 41 84 12 66 39 91 16 53 38 79 13 73 17 98 11 60 37 85 10 63 31 88 18 0 32 76 19 70 46 95 28 57 49 83 20 68 35 93 24 55 34 81 29 75 25 100 27 62 36 87 26 65 48 90 22 2 47 78 23 72 45 97 21 59
51 85 7 66 50 92 15 54 53 79 30 73 3 98 4 60 52 86 6 63 43 89 5 0 40 76 8 70 42 95 9 57 33 82 14 68 41 94 12 56 38 81 16 75 13 100 11 62 39 88 17 65 31 91 10 2 32 78 19 72 37 97 18 59 44 84 28 67 49 93 20 55 34 80 24 74 29 99 27 61 35 87 25 64 48 90 26 1 47 77 23 71 36 96 22 58 45 83 21 69 46
94 3 56 51 81 7 74 2 100 15 62 50 87 4 65 49 90 27 52 44 77 6 71 41 97 8 59 43 84 5 66 42 91 14 53 40 78 12 72 31 98 16 60 39 85 13 63 30 88 9 0 38 75 10 69 29 95 11 57 32 82 17 68 37 93 26 55 46 80 20 73 28 99 24 61 33 86 19 64 34 89 25 1 35 76 18 70 48 96 23 58 47 83 22 67 36 92 21 54 45 79
3 73 7 98 2 61 51 86 4 64 50 89 5 1 52 77 15 70 40 95 6 58 49 83 8 68 43 93 9 56 42 81 27 75 14 100 13 62 32 87 12 65 41 90 11 53 31 78 16 71 39 96 17 59 38 84 18 66 36 91 10 54 37 79 30 72 44 97 28 60 45 85 29 63 46 88 19 0 35 76 24 69 47 94 25 57 34 82 23 67 48 92 26 55 33 80 20 74 21 99 22
61 51 87 3 65 50 90 7 1 45 77 2 71 44 96 4 57 40 83 15 68 43 93 6 54 42 80 8 74 5 99 9 60 33 86 14 64 41 89 12 0 30 76 13 70 39 95 11 56 32 82 16 69 29 94 17 55 31 81 19 75 10 100 18 62 46 88 28 66 49 91 22 52 35 78 20 72 34 97 21 58 38 84 24 67 36 92 25 53 48 79 27 73 37 98 26 59 47 85 23 63
54 88 7 0 50 76 6 70 52 95 15 58 53 82 4 68 40 93 31 56 51 80 14 74 8 99 5 62 42 86 9 65 33 90 30 2 41 78 13 72 39 97 12 60 38 84 11 67 32 92 16 55 36 79 17 73 19 98 10 61 37 85 18 64 44 89 28 1 45 77 29 71 35 96 24 59 34 83 27 69 47 94 20 57 48 81 25 75 23 100 26 63 49 87 22 66 46 91 21 3 43
78 7 71 51 97 15 58 50 84 27 65 44 91 3 53 52 79 6 72 41 98 4 59 43 85 5 62 42 88 8 0 40 75 14 68 33 94 12 56 31 82 16 67 39 93 13 55 38 81 9 74 11 100 10 61 37 87 18 64 30 90 17 2 32 77 28 70 46 96 20 57 49 83 24 66 35 92 29 54 34 80 25 73 19 99 26 60 36 86 22 63 48 89 23 1 47 76 21 69 45 95
3 58 51 83 7 69 50 94 15 56 49 81 2 75 4 100 27 63 52 88 6 66 41 91 8 53 43 78 5 72 42 97 14 60 40 85 12 67 31 92 16 54 39 79 13 73 30 98 9 61 38 86 11 64 36 89 10 0 37 76 17 70 32 95 26 57 44 82 28 68 45 93 24 55 34 80 29 74 19 99 25 62 35 87 23 65 48 90 18 1 33 77 22 71 47 96 20 59 46 84 21
67 51 92 3 54 50 80 7 74 15 99 2 61 49 86 4 64 44 89 6 1 43 77 5 71 40 96 8 58 42 83 9 69 32 94 27 56 41 81 14 75 12 100 13 62 31 87 11 65 39 90 16 52 38 78 17 72 30 97 18 59 29 84 10 66 46 91 28 53 33 79 20 73 35 98 24 60 34 85 21 63 36 88 25 0 48 76 26 70 47 95 19 57 37 82 23 68 45 93 22 55
51 81 3 74 7 99 2 61 50 87 4 64 44 90 5 1 40 77 15 70 52 96 6 58 43 84 8 67 42 93 9 55 33 80 14 73 12 98 13 60 41 86 11 63 39 89 10 0 32 76 16 69 38 95 17 57 30 83 19 68 31 94 18 56 45 82 29 75 28 100 21 62 49 88 20 65 34 91 27 53 35 78 24 71 36 97 25 59 48 85 23 66 37 92 26 54 47 79 22 72 46
97 7 59 51 84 15 63 50 88 3 0 52 75 4 69 44 94 30 56 40 81 6 67 43 92 8 54 42 79 5 73 9 99 14 61 33 86 12 65 41 90 13 2 38 77 11 71 39 96 16 58 32 83 17 66 31 91 19 53 37 78 10 72 18 98 28 60 46 85 20 64 49 89 29 1 34 76 27 70 35 95 24 57 47 82 25 68 48 93 23 55 36 80 26 74 22 100 21 62 45 87
