36 32 38 19 24 9 42 11 31 12 21 15 10 45 27 4 50 40 13 26 16 8 51 23 25 3 29 37 39 6 46 48 18 47 0 5 28 17 30 14 20 41 2 44 1 49 33 34 22 43 7 35
7 23 25 5 46 9 11 6 31 39 33 1 27 48 43 2 0 47 51 35 12 30 29 28 32 17 37 40 8 3 14 20 22 13 21 26 15 41 10 45 49 34 36 38 24 18 4 16 50 19 42 44
43 31 20 24 22 47 4 25 15 28 9 35 16 18 13 38 44 48 26 7 42 8 29 50 14 33 1 17 6 11 21 0 46 23 5 39 51 41 36 19 40 2 34 27 32 3 10 12 45 37 30 49
5 10 13 14 33 47 26 11 41 30 7 39 37 15 48 24 45 8 4 29 36 9 23 17 50 32 44 51 20 49 3 12 46 25 2 16 1 0 21 38 31 19 34 22 42 28 6 18 43 35 27 40
1 47 34 6 19 18 48 21 50 5 40 3 11 17 16 51 41 38 2 28 15 27 46 22 7 37 26 20 0 9 36 35 39 25 49 44 42 8 31 24 29 4 30 33 23 12 45 13 32 14 10 43
29 37 20 45 31 15 41 21 17 1 16 43 27 24 25 5 14 49 26 7 42 35 13 22 51 39 33 4 44 50 30 28 6 46 38 9 18 12 19 48 40 32 36 2 47 3 8 0 34 10 23 11
1 32 31 24 34 44 38 35 25 37 40 0 51 5 43 46 12 16 42 13 7 29 20 8 4 18 21 28 17 9 33 6 10 48 19 41 22 49 30 23 50 39 14 26 45 47 15 36 11 27 3 2
5 7 20 45 9 22 13 51 15 34 1 33 49 14 36 11 35 39 30 21 19 29 50 42 24 4 16 2 40 26 44 3 12 48 18 25 37 10 6 8 28 46 32 0 23 17 47 38 27 31 41 43
42 9 50 13 11 24 47 31 32 39 40 49 10 21 19 36 35 33 4 6 37 5 46 7 3 2 45 12 15 29 28 20 44 22 16 34 17 38 25 43 51 8 30 18 1 0 27 23 48 26 14 41
30 51 32 37 33 2 11 43 23 27 17 13 0 36 42 15 22 38 35 4 8 20 25 26 29 48 12 41 1 45 49 19 21 44 31 10 28 7 46 6 16 9 47 40 5 3 50 39 18 34 24 14
5 51 15 3 14 32 33 50 48 26 7 31 30 22 47 49 20 18 42 45 0 17 41 16 44 2 10 24 39 4 8 11 27 35 12 36 1 37 9 23 19 13 25 28 40 38 34 43 46 6 21 29
49 22 45 4 26 6 32 29 43 28 47 11 1 14 30 13 41 46 38 33 2 16 20 42 48 21 37 0 24 34 25 50 9 39 15 12 8 44 40 27 17 5 3 7 36 35 19 23 10 18 31 51
0 4 24 27 17 39 35 21 11 47 16 23 8 19 22 13 51 26 6 25 34 50 28 41 33 46 5 15 38 3 7 30 9 29 49 43 2 31 40 45 48 37 1 12 10 32 20 36 42 44 14 18
10 6 46 21 20 3 15 0 50 25 9 37 5 51 29 48 33 28 34 27 23 7 35 36 19 45 49 14 38 8 47 43 24 4 13 44 1 18 41 40 32 30 39 22 17 12 26 42 31 11 2 16
12 15 29 24 0 27 44 7 32 22 48 10 11 21 1 20 18 35 4 42 46 43 2 5 38 36 26 49 39 28 47 6 40 30 50 51 3 25 16 9 14 31 8 33 23 19 34 37 45 17 41 13
13 31 3 39 5 15 19 51 50 33 17 47 9 11 14 46 41 49 1 34 0 26 12 29 27 35 24 44 21 37 20 25 40 36 4 6 32 2 30 38 7 22 16 45 8 43 28 10 42 48 18 23
44 6 7 18 37 41 51 22 2 9 3 21 1 42 32 13 50 5 29 25 48 34 46 20 47 15 27 38 8 23 11 4 40 19 39 45 28 16 35 33 43 36 26 31 17 14 49 0 12 24 30 10
0 1 35 46 38 19 26 28 42 3 11 13 24 2 47 21 20 48 37 33 9 7 49 14 31 34 15 10 17 43 32 29 12 27 6 4 50 22 5 8 36 39 40 18 23 30 51 25 41 45 16 44
24 25 19 8 36 43 34 10 44 50 47 3 41 13 6 38 11 21 30 45 33 28 35 9 26 7 22 49 40 18 0 31 14 16 51 17 42 1 46 4 20 27 32 5 15 2 37 39 48 23 29 12
43 15 48 23 42 21 44 25 4 37 49 7 33 28 13 50 17 19 38 12 45 3 9 18 26 27 6 22 40 0 39 16 35 5 30 20 29 24 8 41 14 47 32 51 1 2 10 46 36 31 11 34
44 17 31 33 41 16 0 42 45 35 5 26 20 39 11 38 43 13 18 50 12 9 46 27 37 21 49 34 36 23 32 25 22 19 15 10 7 28 6 4 24 14 2 48 51 8 3 47 1 29 30 40
23 4 8 51 15 24 44 26 50 14 10 39 33 41 27 42 7 0 18 47 40 49 43 9 3 17 35 21 28 22 19 36 46 12 16 6 1 48 2 29 45 30 34 13 38 31 5 25 32 11 37 20
26 14 50 43 31 32 1 49 6 19 42 0 11 9 2 30 18 12 16 3 21 25 44 20 27 4 28 22 37 35 8 23 5 40 10 17 29 47 15 46 45 24 7 36 48 33 39 34 38 41 13 51
23 7 26 22 44 30 18 45 15 25 46 28 19 3 27 47 1 32 10 12 41 37 43 38 50 34 31 9 48 0 13 8 11 5 20 36 51 35 2 49 4 39 16 42 17 21 24 14 40 33 29 6
12 7 29 2 32 49 5 37 0 6 35 1 18 11 26 46 23 40 34 22 31 14 36 33 21 15 20 51 44 19 3 9 16 24 48 10 17 38 41 30 43 42 45 8 27 50 47 25 28 4 13 39
19 47 39 3 41 2 12 42 46 38 17 48 25 0 5 11 40 8 21 16 18 14 49 10 1 33 20 50 34 9 43 44 27 23 4 45 7 22 24 13 37 15 51 30 35 32 26 28 36 29 6 31
16 13 2 28 21 33 22 4 7 34 17 40 47 37 39 8 0 11 29 1 24 23 9 5 45 12 35 18 25 50 26 38 43 48 51 3 36 19 27 44 46 31 41 6 49 10 30 15 20 42 32 14
40 23 34 48 44 22 3 47 18 43 46 6 24 36 49 37 30 1 38 45 14 31 33 27 19 39 15 13 29 9 7 42 16 41 20 51 32 11 0 10 25 2 50 21 35 17 8 12 5 26 28 4
19 29 3 40 36 28 16 10 20 22 11 41 37 48 46 33 9 13 17 27 6 2 21 25 7 5 51 32 30 50 8 49 15 44 26 31 35 45 47 12 1 38 0 18 14 4 42 23 39 34 24 43
45 25 33 12 43 50 28 41 39 22 19 1 11 49 24 48 8 46 29 34 17 37 30 35 42 20 4 14 6 18 31 10 26 5 3 15 16 38 2 44 13 51 36 47 40 27 32 7 9 23 21 0
25 15 18 46 8 24 12 45 50 16 44 7 27 38 32 47 49 34 28 9 6 20 48 26 13 33 4 37 41 0 40 14 42 19 2 43 51 23 30 21 5 1 29 35 36 39 31 3 10 11 17 22
4 40 20 35 30 45 3 12 25 33 8 22 48 15 34 43 0 50 31 51 26 32 2 17 18 23 38 1 28 7 47 9 13 42 37 11 14 6 41 44 27 24 46 5 36 29 19 39 16 10 21 49
11 26 40 51 37 49 15 9 24 25 45 34 33 43 21 13 27 18 39 12 3 6 47 41 19 14 17 23 50 28 7 30 38 29 42 32 36 0 35 10 5 46 2 1 31 8 16 44 4 48 22 20
24 15 2 8 34 31 14 28 5 18 6 35 16 45 20 37 9 3 33 11 36 39 21 42 19 47 4 40 12 27 32 22 25 46 23 49 26 29 38 7 50 1 0 48 30 43 17 13 51 10 44 41
38 10 23 46 12 20 18 32 37 28 13 41 25 4 51 16 8 0 33 11 44 22 31 42 24 19 5 26 34 47 17 30 29 9 49 6 21 50 40 43 7 36 45 15 2 3 14 1 35 27 48 39
12 17 32 2 43 27 15 42 8 21 24 38 48 36 44 26 25 9 11 47 7 45 6 33 50 19 18 40 4 39 16 49 5 0 28 34 31 1 14 41 10 37 30 3 46 29 35 22 20 51 23 13
43 10 45 35 26 4 2 14 15 47 22 41 7 50 20 48 32 0 19 40 34 39 1 3 46 37 5 12 28 33 23 6 11 27 13 9 21 38 42 24 16 30 25 17 29 31 36 44 49 51 18 8
46 14 39 42 40 33 6 44 49 38 24 41 17 26 48 35 34 9 47 12 18 0 51 28 30 36 19 23 32 45 15 7 20 27 10 29 16 3 5 31 50 22 43 13 8 25 1 4 37 21 2 11
10 14 13 36 38 51 24 44 11 26 7 48 3 0 47 17 41 22 27 43 29 35 12 33 9 37 16 18 40 30 21 46 5 15 4 19 1 31 32 42 49 50 6 28 8 23 39 45 20 34 25 2
16 3 43 49 41 9 47 37 29 15 46 11 36 32 8 28 42 7 51 34 35 12 4 5 25 38 26 50 24 30 27 14 19 21 22 31 33 39 18 23 44 1 45 2 20 0 48 40 10 6 17 13
47 12 41 9 13 32 33 50 34 39 6 0 16 11 26 21 46 29 5 51 4 49 37 23 8 7 38 28 25 15 48 17 44 31 22 27 36 1 24 30 42 10 2 43 35 45 18 20 19 3 40 14
5 51 10 38 44 42 35 3 40 41 45 11 30 49 29 50 22 23 47 31 28 1 46 7 32 25 21 19 48 18 24 4 12 34 39 14 17 9 20 16 36 13 15 6 26 0 43 27 37 2 8 33
38 35 16 30 39 9 8 46 19 25 12 36 2 51 37 50 22 0 34 7 43 18 49 21 24 40 33 48 13 47 23 44 29 15 17 32 20 26 41 14 10 27 6 42 45 31 3 5 1 28 11 4
4 38 36 31 9 41 37 32 24 21 15 42 30 18 46 44 20 2 43 11 26 22 16 19 50 6 17 29 49 23 27 34 47 35 28 10 39 1 45 48 12 40 51 5 0 33 8 7 25 14 13 3
17 41 13 44 22 32 16 23 6 50 47 38 40 10 2 15 24 26 31 42 27 3 11 21 49 19 43 36 34 39 25 46 9 7 28 18 45 8 20 1 35 51 5 4 14 29 48 33 0 12 37 30
17 33 26 25 49 42 16 41 23 48 2 3 1 14 0 44 5 39 6 50 29 43 31 30 27 34 11 51 35 13 38 37 9 7 24 19 10 45 22 12 47 20 21 36 4 46 15 8 18 40 28 32
31 50 25 30 34 3 21 15 7 45 4 13 28 12 22 40 49 46 27 0 38 48 2 32 6 33 9 14 17 19 41 43 26 35 37 23 5 20 39 47 18 36 10 29 44 51 16 24 42 1 8 11
48 4 28 9 1 45 12 37 14 11 31 3 5 49 44 2 19 10 47 32 33 16 43 23 46 25 30 20 13 27 26 17 36 50 24 29 39 38 6 42 18 0 35 8 51 40 15 22 7 41 34 21
17 33 23 3 0 28 4 10 19 40 43 2 1 26 20 36 15 13 11 50 21 35 12 18 31 27 29 45 32 5 7 16 9 44 22 49 30 8 39 47 6 24 46 41 51 14 34 25 48 42 37 38
5 34 14 33 29 17 31 36 44 24 41 37 27 21 15 49 3 16 4 20 10 12 18 30 19 26 28 32 43 39 35 47 0 42 2 38 23 48 1 51 46 22 13 50 8 11 6 9 45 40 25 7
22 16 30 17 46 0 18 5 45 13 31 50 48 24 27 35 23 39 2 1 40 44 47 11 4 38 21 25 20 19 42 26 49 33 51 7 6 15 43 8 37 28 12 34 14 32 41 3 36 10 29 9
33 3 9 10 30 23 26 50 35 14 17 12 36 47 32 5 51 1 44 34 39 20 25 49 13 8 6 38 24 2 28 48 45 16 19 22 15 41 43 0 21 42 29 4 11 18 37 31 7 27 46 40
18 38 21 13 49 27 8 15 6 40 17 29 20 37 19 26 10 41 23 9 12 32 11 5 39 31 1 28 42 36 48 33 44 50 35 47 34 30 45 43 22 2 7 3 46 4 16 0 14 24 25 51
32 46 6 49 43 1 21 48 42 13 17 44 34 50 16 28 38 22 51 26 33 45 7 5 14 2 20 19 8 37 39 3 9 11 31 41 40 30 23 10 29 24 35 47 18 27 15 25 0 36 12 4
48 49 8 12 9 14 17 15 6 13 4 1 29 21 10 32 45 16 46 3 19 27 50 39 40 18 26 43 22 51 36 20 35 33 7 11 23 47 24 30 0 37 2 34 44 41 28 38 42 31 25 5
22 49 39 31 42 14 25 21 30 35 10 9 11 40 28 26 38 51 6 41 45 32 16 47 12 0 17 33 18 1 29 48 36 50 4 13 23 44 24 7 37 20 8 27 19 43 5 15 2 46 3 34
31 45 36 51 49 38 15 12 20 27 32 21 3 40 9 8 39 2 42 16 1 34 50 22 19 37 11 44 18 46 35 43 7 28 10 41 4 5 26 17 23 29 47 6 24 48 30 0 33 14 13 25
20 37 21 3 43 17 22 19 28 9 1 51 32 2 38 36 27 44 15 25 14 10 13 41 26 0 12 31 47 34 8 5 6 16 18 23 29 39 48 4 50 30 40 49 7 35 42 33 46 24 11 45
45 34 42 11 31 8 27 12 22 26 4 25 33 10 30 23 14 21 48 15 20 5 41 51 6 39 36 9 35 18 40 28 16 37 38 19 2 17 50 32 24 7 46 43 1 3 44 47 0 13 29 49
16 21 49 0 29 38 10 41 24 30 43 42 1 37 26 2 19 4 27 48 15 40 28 18 34 7 46 12 47 13 22 17 5 6 31 11 45 33 25 3 8 50 9 39 51 32 36 44 35 14 23 20
19 39 23 46 34 0 13 37 47 28 26 9 45 35 12 27 11 40 43 50 36 21 29 51 1 42 33 48 44 20 2 8 32 3 5 24 14 6 49 18 22 41 10 38 7 16 15 17 31 30 4 25
46 48 34 2 31 20 25 18 50 19 49 1 26 0 16 38 36 22 23 28 4 40 6 5 9 44 14 51 43 41 35 30 3 10 21 32 24 37 47 13 11 39 27 12 33 7 17 42 45 29 8 15
21 43 39 41 35 23 6 50 26 17 4 12 8 11 45 29 36 48 2 49 47 51 27 1 46 30 32 5 34 20 38 16 19 9 33 15 40 25 0 18 7 10 13 28 31 44 42 37 3 22 14 24
23 14 13 32 0 3 41 11 35 15 8 47 50 45 17 29 7 48 34 25 49 22 31 12 39 26 42 9 36 38 16 21 18 43 27 5 30 28 4 19 2 24 44 51 46 37 20 6 10 1 33 40
13 20 28 38 39 15 48 7 35 23 0 32 11 26 12 4 50 2 51 30 42 18 41 36 49 44 14 17 1 6 40 43 22 19 3 37 9 29 33 5 46 21 25 8 16 27 24 47 45 31 10 34
14 26 32 49 15 47 7 29 30 0 17 45 20 11 48 8 44 38 1 46 19 41 34 23 31 35 43 37 9 24 16 10 51 6 12 39 21 2 4 40 13 33 42 3 25 28 5 50 18 27 22 36
37 26 42 4 12 39 7 36 2 10 33 3 5 31 19 47 35 8 38 15 34 20 27 18 32 48 21 44 51 40 28 1 43 14 49 41 13 45 29 11 46 50 9 22 23 6 24 25 16 30 0 17
24 48 16 4 23 45 13 8 37 2 25 29 18 15 40 43 34 17 14 27 10 26 11 30 47 46 35 39 31 20 0 36 19 1 3 22 44 51 28 6 49 38 32 50 21 12 5 7 42 9 41 33
19 26 5 45 28 37 1 8 14 18 32 39 49 50 3 13 35 16 33 23 20 41 12 36 11 22 17 15 34 4 0 30 7 9 25 21 43 10 47 40 24 29 42 46 2 38 27 6 31 51 48 44
42 18 11 13 17 38 21 10 39 0 19 46 31 28 20 4 51 6 8 45 27 3 43 25 44 32 33 2 50 24 9 23 49 5 22 15 40 16 30 47 37 7 12 35 48 36 26 41 1 34 14 29
5 4 15 2 8 37 36 25 22 26 51 7 44 45 49 11 6 48 38 19 1 9 46 50 20 43 28 27 18 23 39 16 40 34 3 42 24 21 29 35 10 0 17 32 14 41 31 47 30 33 13 12
4 42 39 8 16 32 23 10 47 41 19 43 27 35 25 9 7 44 0 22 45 51 49 33 37 50 46 26 18 5 20 17 6 2 34 11 38 31 30 29 40 24 3 36 12 15 21 28 1 14 48 13
38 29 25 40 7 18 30 42 48 39 36 31 37 22 3 2 26 45 47 21 13 11 9 49 20 43 19 50 6 1 28 17 44 33 15 23 0 14 24 10 34 27 51 35 16 4 8 32 46 5 41 12
34 13 42 23 51 26 16 5 28 40 24 46 35 10 43 39 50 8 44 1 33 18 3 19 30 4 47 45 25 36 0 31 17 9 32 29 27 7 6 2 22 21 49 48 37 38 15 12 14 20 11 41
16 11 26 37 1 17 49 38 34 33 24 19 48 51 46 44 45 50 39 0 23 35 22 7 20 36 27 5 25 18 4 10 41 12 14 28 43 21 29 32 2 9 6 8 40 42 3 47 31 30 13 15
29 19 45 12 21 2 50 39 11 30 34 24 49 3 37 20 42 38 17 47 23 10 51 22 28 27 16 7 32 14 26 1 33 36 15 46 25 31 48 6 0 8 40 9 43 4 44 13 41 18 5 35
3 4 15 28 42 19 50 49 9 39 35 17 8 27 33 24 22 46 48 31 12 20 21 40 11 6 26 38 14 10 51 45 30 7 13 32 1 5 2 43 36 29 18 37 47 34 23 41 0 25 16 44
36 15 3 12 0 10 13 1 23 16 2 45 47 29 51 40 39 33 6 32 26 49 25 20 18 34 50 37 8 22 41 19 21 28 14 31 24 9 46 17 35 7 5 43 38 30 42 44 11 48 27 4
49 22 34 19 27 42 36 46 12 44 16 47 9 32 6 13 8 2 14 48 35 0 30 31 24 43 1 5 41 21 11 50 38 18 51 15 40 37 25 10 3 23 45 7 17 26 39 20 29 4 33 28
17 32 51 36 5 40 41 39 38 6 47 42 31 4 50 45 34 44 12 0 9 18 21 43 2 20 14 28 30 7 10 13 49 48 35 26 24 33 29 23 46 37 25 11 8 19 1 3 22 27 16 15
4 15 50 47 11 40 17 29 19 49 38 30 36 48 33 22 14 21 9 5 25 37 34 7 27 46 51 16 26 31 13 39 43 8 24 41 6 10 2 28 23 0 1 12 44 32 42 35 18 45 20 3
42 34 24 3 0 31 48 9 18 27 38 16 23 2 33 28 49 30 46 51 40 29 15 6 39 50 47 7 20 10 32 5 14 12 22 19 4 21 17 1 37 41 13 26 43 45 44 8 35 36 25 11
4 9 50 36 7 14 11 2 48 38 21 44 6 37 23 18 47 19 5 17 29 16 39 33 26 34 3 13 43 28 8 12 32 24 40 0 30 20 1 41 10 25 35 27 42 45 15 49 22 46 31 51
32 34 4 21 10 25 41 45 28 3 31 46 51 1 26 7 14 8 39 27 40 29 12 19 30 2 22 49 48 0 44 20 17 9 50 42 33 5 37 47 38 6 13 23 15 35 24 11 18 36 16 43
7 16 18 34 24 39 20 40 27 44 31 9 14 28 41 19 30 51 45 25 3 26 32 23 48 0 43 2 5 33 46 8 12 37 36 6 15 49 29 17 10 38 13 1 11 22 35 47 50 21 42 4
15 25 40 44 46 29 37 45 18 22 13 21 6 48 14 8 35 0 3 4 31 16 47 20 51 26 24 39 32 49 28 11 12 42 33 7 38 30 17 10 2 23 34 5 50 36 1 43 9 27 19 41
42 9 45 2 13 48 43 36 7 12 34 24 20 35 6 17 32 10 3 0 41 26 49 46 50 30 33 27 5 44 18 23 15 11 31 38 4 21 28 19 39 14 29 40 22 25 37 16 1 47 51 8
37 11 50 17 38 31 40 45 14 41 43 0 34 6 44 9 3 15 26 13 51 46 23 25 27 2 4 47 48 36 30 28 10 42 5 49 16 19 18 32 33 35 12 24 21 20 8 39 29 7 1 22
16 21 43 32 38 30 8 9 42 47 36 5 13 46 35 50 4 51 45 29 33 37 0 40 18 19 6 44 34 17 1 27 20 49 41 31 25 22 39 14 2 23 48 26 7 15 10 3 28 24 12 11
30 26 34 8 27 13 12 20 31 10 19 44 7 38 28 6 37 22 47 15 16 33 14 11 42 17 43 45 32 29 9 50 5 0 21 49 41 51 48 40 25 24 4 36 3 46 1 2 23 35 39 18
16 49 21 7 12 19 45 17 23 38 24 35 0 43 28 40 34 8 36 11 5 14 2 33 32 6 31 13 50 42 3 1 4 26 9 20 18 10 47 29 30 51 46 15 39 44 48 41 22 25 37 27
36 26 11 5 35 1 25 10 44 50 0 47 15 2 30 23 45 34 42 24 20 6 29 32 37 40 48 39 7 43 13 27 31 17 3 16 4 49 28 22 41 14 19 21 18 33 38 12 9 51 8 46
2 28 13 24 39 23 42 37 25 16 10 38 43 21 19 50 3 33 18 0 31 6 17 51 47 20 48 45 11 40 27 8 1 4 46 49 15 41 14 12 36 7 35 26 29 5 30 44 9 22 32 34
21 27 24 3 42 6 35 9 39 26 7 5 1 25 16 12 32 49 13 36 28 23 33 47 45 17 20 2 30 10 44 19 38 34 22 11 43 51 41 14 8 48 29 40 4 15 0 50 18 46 37 31
33 23 0 6 38 14 43 36 19 2 7 22 3 4 8 12 5 50 25 27 16 41 11 9 49 29 34 32 21 24 40 35 18 1 26 30 37 15 20 51 48 17 44 10 13 28 42 39 45 31 47 46
40 14 39 2 6 48 46 10 16 12 41 28 34 8 47 22 45 19 36 7 50 42 43 5 31 9 3 11 17 49 27 44 51 20 15 38 13 26 29 30 37 18 0 4 24 33 1 23 25 35 32 21
33 36 19 9 4 47 31 38 2 28 24 34 44 7 0 43 15 35 16 13 5 6 22 29 46 20 49 8 18 1 10 3 41 14 37 45 32 39 50 12 11 40 27 17 42 30 25 51 26 23 48 21
48 11 17 14 20 1 32 6 40 13 2 27 16 41 21 22 7 9 23 42 45 38 8 5 36 15 37 26 47 33 39 28 44 31 46 43 3 24 18 35 4 12 51 10 30 50 34 0 19 29 25 49
37 1 21 6 23 0 14 3 26 51 28 41 31 25 10 16 50 36 34 30 13 18 11 46 4 5 47 9 27 40 20 39 12 49 22 33 44 17 32 38 7 29 19 43 35 48 2 24 15 45 42 8
17 41 37 3 6 24 45 42 25 39 38 30 16 7 48 23 50 33 9 1 19 14 2 46 36 8 29 47 43 31 40 5 15 12 13 22 0 35 20 28 18 26 27 21 49 10 51 11 34 4 44 32
