10 35 11 43 7 16 37 45 26 38 14 4 15 9 0 6 48 25 31 33 34 20 21 50 8 18 28 19 27 22 13 46 17 5 3 36 1 40 41 47 30 23 29 42 49 12 24 32 51 39 2 44
50 12 13 22 20 18 3 14 10 19 41 1 6 43 9 48 23 47 31 17 36 27 5 29 30 35 16 42 4 24 33 45 32 21 46 39 0 11 37 34 7 2 25 49 40 26 51 15 8 28 44 38
30 11 50 36 32 3 4 45 43 33 1 25 34 13 6 49 41 0 35 15 40 22 28 31 39 7 20 42 12 19 14 38 8 27 10 44 18 5 2 29 37 48 9 21 46 26 24 17 51 16 47 23
24 1 6 33 50 27 9 47 22 44 35 41 28 49 10 14 16 5 7 36 30 40 46 19 11 39 23 13 42 3 26 18 4 20 17 29 34 2 45 25 32 38 37 48 51 31 0 12 8 43 21 15
9 17 4 45 34 43 8 30 35 11 13 16 27 33 0 47 24 29 25 12 49 32 26 42 10 20 37 7 39 41 44 38 22 46 5 18 31 15 28 6 36 19 1 48 51 21 14 23 40 2 50 3
2 11 20 3 15 33 50 41 30 25 7 0 5 48 8 44 51 17 28 47 39 35 6 13 9 19 38 14 29 32 31 16 10 12 4 21 18 46 40 43 1 45 49 34 27 42 37 36 26 23 24 22
34 24 31 13 3 32 25 45 50 39 22 48 8 9 21 38 11 40 10 42 43 2 5 44 0 12 26 51 15 14 35 20 18 1 16 7 47 6 41 36 28 30 49 33 4 17 46 37 23 27 19 29
6 25 46 3 36 51 2 4 17 37 48 24 39 7 47 5 10 12 35 49 8 11 21 14 42 22 43 13 28 44 41 30 50 18 45 40 34 29 0 16 31 32 9 19 23 33 38 27 15 1 20 26
14 24 27 30 26 18 35 41 25 28 9 13 23 22 40 49 7 20 10 0 42 12 36 50 11 43 31 34 51 29 6 16 33 45 4 17 21 3 32 2 19 15 5 38 44 39 47 1 8 48 46 37
32 46 50 42 45 20 38 15 34 30 40 37 23 25 31 3 21 51 6 12 18 11 19 29 41 39 22 0 28 10 16 26 13 35 8 36 4 14 33 17 44 43 2 24 27 1 7 9 5 48 49 47
2 29 24 33 49 38 28 5 20 10 3 14 32 6 43 9 34 18 16 13 44 45 4 11 36 37 1 42 48 22 40 46 12 41 0 23 17 8 39 25 15 19 21 30 50 51 31 7 27 35 47 26
35 48 4 30 44 41 43 16 47 50 22 32 17 29 42 46 33 27 20 23 18 25 49 15 40 5 24 0 10 38 45 7 36 39 19 3 34 14 26 2 9 6 21 31 51 13 12 11 1 28 8 37
42 37 11 46 39 30 1 44 9 19 7 49 21 14 43 23 17 8 10 45 5 13 33 29 18 40 0 26 34 50 25 48 41 12 16 36 51 4 28 31 38 15 47 24 27 6 3 32 2 22 20 35
39 44 12 33 48 50 13 10 4 5 19 51 18 20 1 38 24 30 41 35 25 37 27 14 22 46 32 11 26 42 49 45 21 7 3 34 28 43 15 8 6 47 16 31 40 36 9 29 0 17 23 2
43 5 47 2 50 10 21 48 35 1 11 13 40 0 19 8 32 3 15 6 44 7 33 23 29 37 31 34 39 27 41 22 30 49 24 45 46 38 18 42 9 26 17 36 20 12 28 14 51 16 4 25
38 13 3 1 17 0 20 39 21 50 51 24 30 36 44 15 32 26 37 10 48 16 42 27 22 9 28 41 8 46 43 12 49 33 11 25 19 29 40 47 6 31 5 2 4 18 35 14 34 7 23 45
33 14 15 12 48 0 47 8 4 41 39 51 38 5 36 19 21 44 9 42 3 40 13 10 16 35 20 27 17 18 28 2 23 31 22 29 1 11 50 26 25 45 46 32 37 6 49 43 24 30 34 7
40 16 7 18 38 49 41 25 47 46 51 20 35 13 48 4 45 8 27 50 22 10 3 44 19 15 24 30 34 31 6 29 37 21 14 11 9 26 0 43 36 1 23 33 28 39 2 42 12 32 17 5
41 13 3 9 35 27 45 1 2 12 38 5 21 14 4 10 39 26 15 29 0 42 47 40 31 49 50 28 8 43 33 16 46 11 17 32 36 30 44 6 22 37 51 18 34 23 19 20 24 25 48 7
0 9 6 10 41 35 24 8 42 12 11 28 13 25 27 51 5 2 49 36 47 16 43 44 46 45 40 14 1 34 21 18 26 3 20 38 23 29 39 48 17 33 32 22 7 31 37 4 30 15 19 50
46 40 8 16 19 26 10 37 7 47 13 15 5 30 25 14 12 45 39 22 32 23 49 20 2 43 4 48 41 28 24 44 33 11 18 0 1 3 29 42 6 21 38 31 9 27 50 36 51 34 35 17
28 36 6 9 21 12 47 44 8 1 14 39 41 26 50 25 16 51 19 20 37 40 10 24 32 5 46 29 30 35 48 38 2 31 22 3 4 7 11 34 45 42 43 49 18 15 0 17 13 23 27 33
35 42 9 12 11 3 24 29 23 20 36 22 1 14 4 28 27 31 10 21 50 47 19 39 40 46 32 45 37 16 8 13 7 49 25 38 43 0 17 51 48 26 2 15 44 30 5 34 41 33 18 6
43 10 48 6 12 44 28 29 47 46 35 38 4 21 18 1 27 15 37 33 31 8 17 20 0 40 39 2 42 36 16 23 45 26 9 7 22 41 51 13 11 14 24 49 30 19 3 34 50 32 5 25
37 2 16 34 48 12 40 3 42 29 6 31 1 39 51 49 0 35 50 36 18 25 33 46 38 14 30 13 15 26 28 8 7 22 27 24 21 44 5 43 20 41 4 9 47 17 10 32 45 23 19 11
30 23 17 39 1 47 35 10 45 26 2 36 51 42 44 31 40 25 4 32 7 11 3 14 19 27 37 21 22 24 48 0 20 49 16 9 46 50 12 41 5 15 29 34 13 38 6 18 43 33 28 8
26 27 23 45 44 30 41 21 28 25 32 38 48 6 20 10 18 39 29 7 4 31 42 35 17 19 43 46 13 51 22 40 33 9 3 36 8 5 12 24 1 50 15 14 2 37 47 11 49 0 16 34
34 30 48 42 1 32 2 4 35 8 18 24 0 27 3 38 41 31 44 47 23 14 45 19 43 51 11 25 46 22 20 6 5 21 13 36 40 33 17 49 15 9 28 12 7 29 10 26 50 37 16 39
50 8 33 28 15 9 0 47 2 6 49 37 48 38 35 11 31 21 12 22 46 45 51 44 13 43 16 19 39 42 17 5 32 40 7 41 1 18 20 24 4 10 14 25 27 23 30 3 26 29 34 36
18 12 2 51 14 10 46 11 25 43 28 42 17 27 47 33 34 22 3 1 4 8 9 32 41 36 0 44 45 29 6 40 26 38 20 13 30 37 31 48 15 7 24 16 35 50 23 21 19 49 5 39
47 51 4 8 6 48 35 7 32 10 14 45 23 36 31 44 27 26 19 13 49 2 28 38 20 46 43 0 30 15 17 11 39 21 22 42 1 34 5 25 50 29 24 9 33 16 12 41 18 40 37 3
40 30 38 48 20 14 5 46 22 7 18 31 1 43 6 25 32 27 26 17 12 33 41 24 9 13 42 3 35 21 15 11 16 8 49 39 0 51 10 28 44 4 19 50 2 45 37 36 34 29 23 47
40 15 26 41 9 48 17 5 2 21 43 25 51 6 31 39 14 3 22 12 42 45 24 37 38 19 10 30 36 47 44 29 7 8 34 32 50 23 49 46 16 13 33 0 4 28 27 18 35 20 11 1
35 51 38 3 11 12 30 28 21 1 7 16 39 40 27 47 15 0 19 44 13 26 29 17 14 43 5 36 46 25 24 33 48 37 50 10 45 6 8 31 41 32 2 23 4 49 18 34 42 9 22 20
9 47 35 28 33 31 10 42 6 0 17 27 40 34 30 15 41 46 8 49 38 7 29 4 24 45 23 51 18 11 22 32 12 14 1 3 20 39 2 13 50 43 5 16 19 25 48 44 36 26 21 37
42 48 46 28 13 37 38 19 6 26 31 9 50 51 14 21 17 15 2 11 45 23 29 35 24 33 16 4 7 0 1 3 36 10 27 34 12 20 49 43 40 25 32 44 5 22 18 41 47 30 39 8
41 49 38 0 37 47 2 42 15 35 9 40 45 18 36 14 24 12 26 39 34 51 17 13 29 22 48 10 31 43 8 1 32 33 6 7 25 3 20 21 27 28 19 50 16 11 4 23 30 5 44 46
28 42 22 48 25 21 38 20 47 46 0 49 33 34 15 50 17 6 3 1 51 36 40 27 32 35 2 9 18 5 31 11 43 4 8 14 26 37 24 13 39 30 10 23 45 29 44 7 16 19 12 41
18 2 31 47 39 43 23 48 4 9 33 8 34 3 46 15 45 0 14 1 5 27 40 26 25 19 35 37 11 21 16 30 28 32 36 20 38 41 7 44 22 6 51 13 50 49 10 29 17 12 42 24
39 15 10 48 19 31 9 8 46 1 5 22 21 3 49 6 28 18 35 24 2 43 32 38 50 25 47 7 29 16 27 0 36 44 20 12 30 17 11 37 42 40 51 34 26 14 45 41 23 13 4 33
13 17 32 50 22 19 24 0 29 48 4 10 18 6 9 46 8 20 44 27 43 30 1 2 35 14 40 3 31 49 26 16 42 21 11 39 34 15 38 23 45 37 51 12 47 25 28 7 5 36 41 33
25 41 48 19 17 46 2 40 7 3 10 16 21 26 11 0 37 27 36 35 44 43 1 8 30 23 12 13 5 33 6 24 42 39 14 47 31 20 32 34 28 15 22 45 9 49 29 50 51 18 38 4
25 30 27 48 17 7 40 12 18 47 33 10 24 0 34 3 43 21 23 41 36 42 20 39 8 5 50 22 6 19 46 26 49 29 1 28 37 38 11 4 2 35 51 32 9 45 15 14 31 16 44 13
8 18 3 25 7 44 23 13 40 35 50 2 27 17 24 16 51 31 45 0 5 49 9 43 48 41 30 1 15 21 42 4 47 37 38 22 11 12 32 39 20 33 46 34 19 6 29 28 10 26 36 14
24 23 40 22 16 27 11 33 6 41 18 31 30 44 26 9 37 5 51 32 1 2 46 45 42 8 35 38 13 49 47 48 15 12 43 34 50 17 4 0 25 28 19 3 21 39 36 29 14 10 7 20
1 3 51 20 19 45 38 4 13 44 39 24 10 12 8 17 18 14 28 5 0 43 26 25 21 7 11 34 46 36 49 31 47 15 37 35 48 27 2 42 33 6 29 32 22 30 9 41 40 16 50 23
35 33 46 0 5 15 42 4 36 19 17 16 27 6 28 41 10 30 48 50 32 49 29 44 31 51 26 20 47 25 24 2 13 12 45 3 40 1 39 8 9 38 22 34 14 18 7 11 43 37 23 21
25 26 28 35 38 36 18 20 45 44 50 13 51 19 5 30 21 7 32 2 15 3 34 4 41 16 40 11 33 37 6 27 29 14 31 10 17 43 49 39 23 9 42 46 24 48 47 1 12 0 22 8
14 42 19 28 24 47 50 15 30 43 4 36 38 22 2 35 11 17 45 7 12 10 32 20 41 40 0 27 6 49 1 23 9 25 51 13 8 34 46 3 18 48 44 33 39 37 21 5 31 16 29 26
51 0 26 45 46 11 40 18 10 31 28 15 30 50 20 36 35 23 16 17 4 1 21 6 48 33 22 3 12 5 8 24 37 2 25 39 41 38 49 29 47 13 19 44 9 32 34 43 14 27 7 42
37 49 2 6 47 20 36 0 5 38 15 17 39 24 25 50 45 9 11 22 23 1 7 34 16 14 19 29 41 28 32 48 27 31 26 35 40 18 8 43 51 30 3 44 13 21 33 4 46 12 10 42
0 12 21 49 1 27 40 48 19 17 16 14 22 23 50 4 20 44 13 39 25 6 41 9 38 46 29 11 3 37 18 43 34 32 5 10 30 8 24 42 51 7 28 45 31 33 26 36 47 35 15 2
4 0 3 37 15 21 42 33 22 47 16 31 1 38 5 34 40 46 26 18 30 51 17 44 43 29 25 9 24 35 13 23 14 11 28 6 49 12 41 36 10 7 45 20 48 27 39 8 2 50 19 32
17 33 26 27 12 19 50 43 1 41 9 37 2 34 47 45 5 24 36 40 8 32 49 6 48 42 10 16 30 23 18 15 46 3 21 7 29 38 4 39 25 22 28 31 11 35 44 0 13 20 51 14
25 17 28 34 39 5 7 24 42 32 29 16 48 50 19 40 44 41 43 37 36 0 49 23 13 20 27 4 26 2 14 51 30 9 47 6 38 33 22 8 35 1 18 46 21 45 12 31 3 10 11 15
48 30 50 5 17 9 16 0 31 11 41 35 51 47 3 43 20 46 38 42 33 4 28 49 40 36 45 29 12 18 21 15 22 6 27 13 39 2 34 37 14 23 7 8 19 26 1 25 24 32 10 44
17 51 27 3 6 50 22 24 16 26 18 20 45 49 36 34 28 31 43 46 21 35 29 2 5 15 10 7 19 13 23 41 25 0 1 48 44 12 30 32 9 47 14 37 4 40 33 11 42 39 8 38
27 40 22 50 28 1 5 35 32 8 9 46 51 37 17 21 13 10 24 19 11 39 23 48 36 38 47 3 41 45 6 43 25 2 18 30 49 31 42 14 16 34 4 26 33 12 20 0 15 44 7 29
24 45 31 21 2 37 23 42 10 38 11 17 27 30 36 0 35 3 39 4 9 48 33 50 5 26 12 13 22 51 14 49 16 1 43 47 34 25 18 46 19 6 32 8 20 7 15 40 41 29 28 44
16 45 12 29 44 43 9 39 24 34 27 20 46 14 10 49 13 15 30 1 0 35 51 22 5 26 38 19 18 32 17 25 7 36 50 31 11 4 8 47 28 21 2 40 48 23 6 41 37 42 33 3
25 8 10 37 40 22 46 30 6 42 20 43 49 14 0 23 1 36 39 44 18 29 47 28 26 9 5 51 4 24 33 2 12 38 3 41 13 17 45 16 48 11 31 50 35 15 27 19 7 34 21 32
4 18 40 46 10 24 45 47 32 2 19 5 3 48 38 14 33 36 13 21 29 25 44 15 12 31 39 1 23 37 17 34 50 51 42 49 9 20 0 35 6 11 27 22 8 41 30 43 7 26 16 28
15 25 43 46 7 10 48 27 6 18 1 49 0 44 40 2 5 29 26 12 41 21 19 37 14 47 34 33 35 16 45 24 31 4 20 23 17 9 3 22 11 13 28 38 51 50 32 30 42 36 39 8
43 24 21 33 15 11 13 40 51 27 32 42 4 22 0 45 25 5 20 28 35 23 39 6 46 10 37 30 26 12 31 49 2 41 7 34 14 16 3 36 17 47 44 48 1 8 50 29 19 38 9 18
13 20 14 41 26 28 40 18 11 47 36 35 6 27 8 10 43 25 51 15 46 7 16 45 42 23 30 48 4 38 34 50 0 19 12 9 24 29 49 21 32 3 37 17 44 1 2 39 31 22 33 5
25 17 12 13 20 21 44 50 46 16 32 18 43 36 31 23 41 30 19 39 2 40 9 49 37 10 7 51 38 33 47 28 8 4 1 6 26 34 0 24 48 45 5 15 11 42 22 35 3 14 29 27
2 30 25 0 10 1 19 9 3 37 11 24 47 4 33 40 21 50 38 42 36 16 27 43 29 12 34 31 20 51 28 15 23 13 44 17 7 22 35 8 45 48 39 49 5 18 26 6 14 32 41 46
25 33 8 45 0 39 11 46 13 47 19 23 12 42 43 4 41 29 2 49 15 10 17 6 44 36 32 34 21 16 26 20 5 35 38 14 51 9 50 22 28 3 27 37 1 31 40 30 7 18 48 24
19 15 32 28 17 24 30 6 49 48 11 35 43 23 40 33 1 27 13 41 26 4 31 2 5 37 42 39 34 20 21 46 47 3 9 36 12 8 29 7 25 0 45 50 22 10 14 51 18 44 16 38
20 1 37 51 13 17 32 15 35 46 27 25 49 30 33 31 14 34 38 11 47 21 45 26 41 42 8 29 19 18 50 2 43 28 9 48 39 12 22 5 40 44 3 6 4 0 23 10 16 36 7 24
15 44 36 18 6 20 35 47 8 24 32 14 17 51 25 45 46 7 13 48 39 29 9 22 0 1 30 40 38 2 28 10 37 4 41 27 21 19 50 23 31 34 16 5 43 49 26 3 11 42 12 33
19 2 45 25 1 30 18 38 33 9 4 16 0 32 17 39 14 5 44 22 43 37 24 42 48 31 41 12 8 28 26 21 47 20 34 13 6 40 15 46 50 49 7 51 23 36 3 29 27 10 11 35
10 43 18 19 41 45 21 30 5 34 4 23 29 35 27 36 8 46 7 44 22 39 9 49 48 16 51 24 33 15 47 12 25 3 31 0 37 1 17 2 40 50 11 26 42 32 38 14 6 28 13 20
7 4 30 27 24 10 19 29 38 50 33 39 18 14 36 25 16 5 1 49 42 23 37 13 41 26 3 9 28 0 34 12 22 48 8 2 11 46 6 43 32 35 44 51 20 31 47 15 21 45 40 17
1 16 21 43 34 22 31 11 20 42 26 6 51 41 19 13 46 5 24 12 38 45 9 23 25 44 30 10 36 15 49 8 35 48 27 29 4 14 3 28 47 2 50 7 32 18 40 17 33 37 0 39
17 16 5 44 2 3 27 10 40 38 31 4 47 42 20 29 34 13 36 48 43 41 21 19 18 24 25 7 35 30 8 0 46 51 32 50 14 15 11 12 37 49 26 28 1 33 22 6 45 23 9 39
27 30 49 9 22 25 51 50 17 26 24 29 12 6 34 44 40 43 21 0 47 14 33 37 11 35 23 42 46 15 2 41 28 1 48 38 18 39 19 32 7 16 10 45 13 31 8 5 4 36 3 20
21 2 24 14 35 33 7 32 6 1 4 19 46 27 44 39 12 16 25 47 29 3 11 30 23 15 5 26 43 18 50 13 22 36 37 38 41 45 49 0 51 10 34 20 48 40 8 31 42 17 28 9
15 40 11 17 37 46 49 51 20 25 39 6 16 28 5 33 26 19 2 0 35 22 8 42 36 45 21 29 32 3 13 27 1 14 43 7 23 41 44 48 31 10 47 30 34 38 24 4 18 9 12 50
36 31 33 3 51 34 6 30 2 11 5 9 23 43 41 24 16 28 39 15 7 49 40 47 13 25 1 29 4 42 19 27 12 22 48 8 21 26 46 38 35 10 37 14 45 50 44 20 17 32 18 0
48 46 17 12 29 42 51 18 32 36 9 45 16 0 30 35 50 40 28 27 31 25 2 34 23 26 24 4 37 19 13 49 38 5 22 10 33 44 21 43 15 14 7 1 39 6 3 11 41 47 20 8
48 14 36 28 49 6 24 1 38 26 25 50 2 3 27 40 0 5 41 17 12 42 33 44 46 51 30 34 47 21 20 23 32 11 29 4 19 31 15 7 43 45 22 13 16 18 8 10 35 37 39 9
28 34 11 2 17 27 13 32 47 4 37 29 26 23 35 7 46 0 48 45 12 25 30 8 31 20 36 14 40 44 49 51 24 50 43 9 3 16 42 10 33 18 1 21 5 15 19 6 22 38 41 39
8 40 48 15 33 37 16 45 20 34 29 14 4 51 35 39 46 27 7 50 5 28 47 1 21 17 36 42 43 6 12 24 2 32 25 26 0 38 9 11 41 19 44 10 49 3 30 23 31 22 13 18
4 37 26 21 24 8 33 3 25 40 0 28 27 19 7 6 12 11 15 41 39 48 32 5 50 34 13 47 1 9 44 36 23 51 38 2 46 49 16 35 30 20 17 45 18 22 42 43 29 31 14 10
45 16 38 21 26 8 25 49 10 43 30 24 47 34 13 5 37 28 0 23 3 15 22 36 44 31 11 4 46 41 50 33 29 18 7 2 1 14 51 40 35 6 27 39 12 48 42 17 20 9 19 32
25 10 4 16 2 12 47 38 9 33 14 42 44 39 29 15 13 28 19 7 51 18 30 34 24 35 41 0 23 26 6 37 43 1 11 3 31 8 46 48 45 5 20 27 36 40 49 17 32 50 21 22
17 8 32 18 11 35 9 20 40 34 28 14 51 12 33 43 13 38 22 37 5 42 47 45 16 15 36 26 44 31 21 23 2 6 48 0 29 50 46 27 10 30 3 39 4 41 25 1 24 19 7 49
39 0 5 30 26 37 46 9 15 16 38 50 21 11 20 47 13 17 24 41 42 6 40 2 32 23 19 3 8 31 12 25 10 1 44 36 7 14 28 45 4 29 18 48 22 27 34 33 49 51 43 35
22 32 19 5 10 38 27 25 49 21 18 40 16 46 42 12 1 2 35 14 11 13 24 6 45 31 34 15 44 41 36 33 8 7 28 37 4 47 43 17 9 51 30 0 48 39 20 26 23 50 29 3
16 36 3 25 18 50 0 33 15 35 32 28 6 27 19 26 45 22 24 7 46 51 5 49 40 21 17 34 11 2 44 39 4 37 1 31 47 14 10 12 38 9 20 41 43 29 48 42 8 30 13 23
16 1 38 23 39 37 40 41 44 4 7 6 14 2 21 36 13 32 27 50 19 51 31 26 3 24 5 17 15 18 11 10 47 0 12 35 25 45 42 49 20 30 33 48 34 8 46 28 29 43 22 9
18 32 41 6 1 20 29 37 27 43 24 13 34 26 46 4 33 19 3 2 25 15 5 16 51 45 47 10 48 14 35 12 7 17 8 49 36 50 11 38 22 0 40 23 21 39 9 28 30 31 44 42
31 22 4 3 45 23 13 27 42 30 21 36 39 38 28 11 12 2 18 49 51 1 15 9 48 50 24 33 8 5 0 17 32 25 47 44 6 19 29 43 41 37 16 26 46 14 20 10 35 40 7 34
2 3 44 22 47 45 40 34 20 50 29 37 38 42 33 41 49 14 35 12 17 7 4 36 16 46 26 6 13 48 18 27 11 21 39 1 51 5 19 30 10 28 0 24 8 32 43 31 15 23 25 9
35 8 27 45 14 6 23 30 10 34 29 26 36 33 41 0 46 42 15 21 20 17 7 28 13 16 12 40 32 5 11 44 9 37 51 50 49 48 3 31 25 4 43 1 39 2 22 38 19 18 47 24
8 12 48 36 25 29 2 3 27 24 18 28 34 43 45 14 1 31 13 9 42 37 7 30 39 35 33 50 19 16 46 26 49 51 5 10 0 6 20 32 11 41 15 47 17 21 38 23 22 44 40 4
32 38 46 47 41 1 9 21 13 28 22 43 12 17 24 7 16 20 42 36 27 2 14 51 18 40 50 35 26 39 33 31 10 0 29 11 48 6 45 19 3 49 37 8 34 15 5 25 23 4 30 44
44 0 24 47 20 51 9 39 14 38 31 48 29 12 8 6 27 5 37 30 23 3 22 21 19 17 33 32 18 34 50 49 41 35 2 28 25 43 36 13 15 4 16 45 10 1 26 40 7 42 11 46
17 48 13 5 18 0 41 22 6 27 29 37 50 7 16 19 23 2 21 35 25 43 32 34 11 45 4 46 15 30 9 12 3 33 36 51 20 1 40 28 14 42 47 38 44 10 39 26 24 49 31 8
