-85 -97 60 20 70 15 90 94 97 -87
85 61 29 85 5 -28 -6 -50 42 -10
-96 97 -1 -77 58 42 27 -47 19 -42
-8 -79 81 -22 -14 -61 -10 30 97 -28
-89 -56 36 76 -66 -68 -71 58 -41 -52
-1 -47 -71 58 -92 4 -61 70 86 47
-55 72 -99 -10 -44 37 -95 61 -31 -20
-56 -32 65 -12 -71 58 85 -78 -98 -44
20 1 57 -21 -44 -35 -21 9 -45 -15
-26 46 -27 -13 17 70 12 13 -25 -92
13 89 76 -43 -65 34 17 65 14 65
-34 -51 25 45 -97 90 -40 -74 -11 -85
21 91 40 -87 -83 30 -18 35 -83 -9
2 -59 2 -6 -77 -77 -84 -65 30 95
-13 48 11 36 -11 60 -29 -56 28 38
28 38 -71 -98 -85 3 59 -97 -88 -54
-39 -23 -57 17 -66 34 24 94 -88 -4
55 -55 -34 41 77 -27 45 -27 47 58
-99 -40 81 44 46 1 41 63 -49 26
-88 -24 21 -42 -25 16 31 -85 -1 3
-55 32 37 64 -50 -17 12 61 5 15
-54 -80 -60 19 -92 55 -60 47 -53 -31
9 -81 77 -13 -56 -3 24 -39 26 -39
-42 2 18 -68 -43 60 -87 -83 17 86
72 51 15 -36 82 -24 34 49 87 -97
-95 21 -40 16 -91 48 -17 65 -66 8
-64 -84 -31 -43 -43 -5 -33 77 -37 90
39 -76 23 -46 34 38 -50 -96 80 -40
15 52 -1 -78 -56 46 -8 -40 50 -80
-61 -60 -93 -84 -26 5 94 -52 58 5
24 1 8 89 83 -29 81 -46 -68 91
55 6 -78 55 19 -73 46 0 39 70
11 -95 -82 -68 -77 -16 36 91 8 52
86 -17 -7 44 -97 18 77 -53 -57 -48
-59 23 -21 10 -60 94 45 -73 53 -31
8 -2 -48 19 -4 -15 -15 -45 74 18
92 -96 56 -99 -61 33 -90 -94 -34 -55
95 -50 -33 -73 8 97 -13 -43 -31 0
-16 12 -49 -69 -61 59 -22 94 -47 -83
79 -90 93 5 47 80 -92 37 -15 89
56 -21 83 -31 -54 -3 -10 -55 57 58
-68 27 94 -45 96 -4 -30 56 70 52
-40 -80 14 -23 14 61 76 84 -31 13
-80 -89 -50 24 32 -83 25 -94 40 -95
-13 -11 -9 -93 81 55 -16 61 27 -96
90 -98 -83 21 -19 -39 -90 -95 -90 -3
-92 38 48 -94 94 9 41 14 -68 -48
-45 -54 42 7 -20 38 -84 -72 -69 -33
-66 -49 -68 -25 27 29 19 -59 -2 -33
-10 -96 46 -4 -63 14 10 -37 81 28
80 -78 -98 68 60 -12 -21 -27 -18 75
56 -88 77 -12 16 -29 34 36 60 13
84 96 11 32 65 28 74 50 78 2
-39 15 88 48 19 33 80 -56 -18 -51
18 -40 -4 -51 -28 84 15 42 -36 -63
93 -98 0 -66 38 23 -88 -37 51 35
-75 -72 55 64 69 -88 77 -51 -49 34
-56 -40 35 -20 -10 87 94 63 -19 -34
-96 -90 -51 -10 -32 28 -95 -70 -44 8
-57 -67 -98 64 41 72 -4 1 -24 -21
-85 25 -76 94 55 79 -8 48 -22 90
-66 -25 76 69 83 -60 32 -92 -97 -65
-46 -25 8 64 -58 14 64 14 -25 19
60 35 -10 14 -40 -83 -95 57 67 77
78 -49 -29 -35 78 34 6 30 -14 -37
8 99 -91 -86 -23 82 91 43 71 -7
-46 -61 -46 -26 -90 74 26 -14 -64 42
-76 8 -88 -38 17 -2 -59 46 -77 14
-32 74 20 -15 84 -83 64 -73 -29 -6
-5 48 97 55 -24 -77 -15 89 -72 20
53 97 -63 30 -11 16 -31 -48 44 58
99 26 9 -2 13 -61 -36 -15 -65 -3
-72 6 -87 85 9 48 -87 -92 -24 83
-8 78 -79 -9 -54 62 -85 -24 -7 -14
71 -44 98 -72 63 38 26 65 31 -11
56 -86 -36 31 63 -54 82 -2 -60 -83
-11 -10 94 -68 -91 73 91 57 -17 -75
-75 -56 -79 84 76 -83 -96 -52 22 0
-66 89 31 -56 -48 5 92 10 10 -36
81 -62 -43 50 11 -21 83 -66 -38 50
15 -37 11 -54 -89 61 -36 -58 -74 87
-40 -39 -23 57 26 -34 -99 -88 -67 -38
59 38 29 -11 60 78 -96 54 -70 19
53 -70 4 8 -80 85 -47 44 -65 13
74 58 46 39 29 -55 -94 38 83 -28
-67 -98 31 5 52 16 -48 -40 33 18
-67 -26 -59 51 -59 -93 -89 74 -29 39
73 -96 -96 64 -45 -9 -91 50 98 -36
-10 49 -62 -60 40 90 -57 -74 87 17
-97 66 87 -60 24 -74 -67 25 38 -43
24 -32 26 -77 -65 -3 77 55 -96 1
-18 -67 97 -29 12 -74 90 -35 67 -77
8 22 14 -66 91 85 96 86 -18 95
26 31 57 -6 -6 -77 84 70 90 -47
-97 -97 -84 -73 -47 88 -44 8 14 37
-96 62 76 81 -6 37 2 -39 -88 -99
-68 73 89 55 -86 -17 82 8 -53 -28
7 31 -58 -6 -7 -4 -17 -79 4 -99
-75 -23 -30 4 -75 97 25 42 83 56
74 -35 60 -24 -74 15 77 52 -43 66
