-85 -45 74 -23 -33 -45 -66 98 -94 -54
8 -84 42 -38 -67 87 79 -88 41 22
68 -94 -40 -5 -60 -54 45 -63 0 94
71 -27 -51 -99 84 62 -24 -52 15 -22
-73 -71 32 -57 -86 74 22 65 66 17
-18 71 -58 55 -74 7 40 -87 -76 66
-88 26 32 -85 45 -29 42 76 63 -64
-30 -65 38 -9 19 46 9 96 -31 -50
-88 -62 43 43 84 25 35 -80 36 -23
69 -61 57 91 -27 -56 82 -98 -16 82
70 -29 -82 -91 -88 -1 95 -85 58 -61
-37 60 48 -49 -18 88 50 2 42 67
-76 60 69 21 61 17 -34 -2 -66 -3
33 33 80 83 60 -24 -94 92 65 -7
81 -6 -52 -84 -32 -77 21 -42 76 6
49 90 -79 87 27 66 -58 30 37 -93
-56 -89 -84 49 -67 -25 53 -78 77 59
-23 -38 64 71 -55 -99 66 25 -34 25
76 16 -86 14 -96 -44 -97 0 -29 -49
-97 54 -82 -75 80 -59 51 83 -2 36
97 1 -55 82 19 61 -55 47 44 -25
39 34 83 -12 -90 92 41 -48 -81 19
60 21 -8 -77 -13 -40 -80 -6 -54 -20
-79 -50 -58 -22 -43 68 90 38 -85 -18
79 -35 -95 -66 -14 59 34 -91 -28 90
11 79 41 88 55 55 -63 68 -8 82
67 95 10 -82 87 -68 99 -61 57 10
-69 65 -17 22 81 -40 -22 34 -14 -19
35 61 11 -24 -10 37 -62 -5 18 -28
-80 85 48 27 45 -27 -54 52 92 -65
79 -49 -17 2 8 85 53 -7 42 -46
73 93 -94 -36 -58 -39 -2 14 23 -14
-28 99 -90 9 83 85 -48 35 -77 42
-10 -87 67 21 -58 95 8 29 -3 -5
39 -30 77 -53 70 -4 -90 15 86 -6
59 28 38 20 70 23 -92 -44 -30 73
12 54 29 5 37 16 42 94 -26 53
-8 24 -4 -82 57 94 10 60 88 -86
-96 92 -73 75 0 96 77 -87 28 5
-26 66 19 46 -13 -3 -84 -95 82 11
-76 -32 1 -43 55 65 98 5 85 -87
-74 -25 96 81 -46 65 79 31 62 -25
-59 -80 -18 42 -15 -12 19 14 31 -17
54 93 9 -2 47 82 -49 -95 61 -99
-47 -88 37 -36 -39 81 -91 -58 18 92
-63 52 -53 -37 -38 -23 -36 49 -12 92
-71 35 -25 41 -79 -29 6 35 72 32
-76 -17 -52 -3 69 7 -20 72 -31 64
46 -52 29 -91 70 47 0 12 -82 52
-32 -92 39 77 30 -11 -44 -76 33 48
-98 -61 7 -32 10 -53 27 -8 22 -84
-63 30 -7 92 87 79 0 -21 -66 -19
72 -82 23 96 -83 31 -49 52 -30 48
-93 -88 -54 61 -41 78 46 -55 -57 53
40 -41 41 36 62 36 -35 33 34 -39
38 -93 52 61 -50 19 -37 -86 26 -10
-76 -21 -15 -15 -22 -44 12 70 86 -71
50 -27 -15 34 -54 16 45 22 93 -17
-97 40 -16 33 -42 38 83 79 -60 -59
-72 -79 -80 72 39 -38 -53 -52 53 59
-83 -5 -31 74 69 32 67 2 -4 10
17 -25 -96 -77 18 -75 -17 85 52 -38
36 -98 -27 -69 71 -44 63 71 -53 -44
-1 -7 -15 -97 90 56 51 12 1 -66
-44 -23 -18 60 87 -45 89 -35 59 -95
72 -46 -40 -78 -19 -85 14 24 -88 -53
-39 21 23 -95 -79 -33 59 18 0 -73
36 -18 25 82 54 -99 -45 -4 -47 20
5 81 -38 -92 -40 41 -61 -6 -67 -65
2 80 -62 -43 75 79 -50 -33 45 63
69 -91 -21 -31 85 54 0 82 70 -29
-75 87 26 11 -22 22 -76 -49 -13 -34
-46 63 57 15 -48 -53 -70 -8 33 75
59 82 54 35 -13 -41 -91 15 80 50
-39 88 -3 85 95 -55 46 22 95 34
94 84 -80 -47 56 30 5 -89 -58 47
-86 0 -54 83 30 -91 55 52 -50 7
24 36 78 64 70 -84 79 -99 17 64
99 52 88 -79 -49 -91 -66 79 22 -43
-42 -59 32 38 -15 -74 0 87 -24 -86
91 85 -68 -62 29 15 55 -13 -47 38
-5 -39 37 -37 78 -91 -76 -76 31 38
34 -52 35 68 98 28 -40 -17 52 -66
-47 70 10 21 31 29 43 -14 -87 5
16 -32 78 86 67 -36 -61 86 92 41
14 -80 -20 -52 -23 3 -1 -41 25 39
7 -31 -53 34 28 10 90 96 53 5
0 85 -82 -46 83 -48 -26 73 24 28
92 83 -10 61 49 -45 -58 80 -74 -50
-86 -33 10 -57 83 -92 71 87 -81 63
-56 82 65 -18 68 9 73 -15 72 -63
70 -25 -91 47 13 22 47 -89 52 -62
-20 43 2 77 19 14 76 6 39 5
11 11 29 51 -95 82 21 -83 -8 22
54 12 -58 37 90 0 3 -11 68 69
96 13 17 21 29 26 55 -69 88 -52
-14 -88 -62 -46 29 -73 92 -20 -69 2
58 -56 67 21 71 17 -52 59 49 -92
23 -71 56 -88 -89 -55 -51 -90 -34 -44
-61 97 19 34 -61 -79 65 68 25 69
