58 5 68 66 52 9 48 7 40 24 44 69 10 47 15 1 61 55 59 26 31 43 4 23 12 57 18 64 27 13 28 3 19 53 42 63 50 62 39 0 11 17 49 20 36 41 46 21 38 65 8 51 37 33 30 67 45 14 29 25 60 35 2 34 54 22 6 16 32 56
16 65 31 10 18 25 26 60 27 69 30 47 64 8 38 68 12 28 67 4 51 55 58 1 33 36 11 41 34 49 2 14 57 23 9 3 46 13 45 42 6 43 20 48 7 0 44 66 5 53 59 37 40 63 52 32 54 39 35 17 56 61 62 22 24 50 21 15 19 29
46 27 36 44 1 60 67 12 38 50 9 59 6 54 69 47 10 7 28 26 31 25 30 56 20 21 64 65 63 61 34 8 66 13 19 32 45 2 51 15 52 0 4 17 41 40 42 35 5 55 57 39 62 49 53 16 37 14 68 3 11 22 33 48 23 29 18 24 58 43
14 10 1 28 66 9 54 64 32 60 20 8 0 37 38 36 27 2 4 49 67 12 3 17 44 24 23 53 26 63 55 59 30 22 16 42 52 41 19 13 7 61 68 57 69 45 46 33 34 35 18 40 6 15 62 65 50 51 11 5 21 56 47 48 29 43 58 31 25 39
34 46 30 57 15 25 28 19 48 27 55 62 20 47 13 50 33 69 11 60 59 36 21 22 37 52 54 51 35 31 49 6 45 43 12 68 7 14 44 2 24 66 58 41 23 53 8 17 10 65 29 67 3 42 1 32 38 4 40 26 5 39 56 61 9 63 0 16 64 18
22 59 8 10 12 7 9 37 52 23 46 38 50 65 25 17 3 53 18 56 32 19 64 51 26 54 29 35 11 0 63 13 24 21 67 57 68 42 6 44 39 1 5 49 28 47 62 30 60 55 69 40 43 31 16 58 45 2 33 61 14 34 41 48 66 20 36 27 4 15
57 15 51 22 56 53 6 36 60 62 58 39 4 12 68 38 25 27 35 28 14 55 65 40 47 42 8 7 49 48 9 50 11 64 69 41 13 2 33 61 63 3 31 5 46 32 67 23 1 26 29 30 16 18 54 45 44 0 52 34 43 19 20 59 37 24 66 17 21 10
11 69 49 63 7 68 32 26 51 31 4 67 25 55 8 36 0 57 48 54 17 18 28 14 61 19 24 12 56 45 2 15 23 27 29 16 44 3 6 30 9 53 42 46 39 13 40 5 50 62 60 22 65 66 33 21 41 34 47 10 59 38 1 43 20 58 37 64 35 52
28 29 35 40 39 47 51 32 41 67 34 64 46 10 3 56 53 62 58 4 55 18 8 20 52 65 17 2 69 15 61 14 11 13 37 68 49 44 33 48 5 23 45 54 0 27 59 24 12 63 1 38 6 25 26 31 57 60 9 66 7 30 42 36 19 16 50 43 21 22
14 60 13 7 34 32 38 42 37 41 51 8 0 64 52 4 22 67 58 3 31 20 55 49 53 63 40 24 12 62 59 23 5 26 9 61 36 39 21 48 46 30 6 25 69 68 27 15 11 2 35 43 45 16 1 57 18 17 29 50 47 66 56 65 54 33 10 44 19 28
19 8 26 37 36 60 16 41 54 0 55 4 10 61 44 64 57 13 45 66 29 67 32 18 38 28 62 42 47 1 11 49 35 3 22 2 53 20 15 63 69 59 48 25 17 40 6 14 24 27 50 52 58 56 5 7 31 30 68 33 43 12 9 21 34 51 23 46 39 65
56 66 57 64 51 69 19 11 18 34 21 5 54 39 41 12 0 42 47 33 13 50 37 7 29 68 17 45 20 40 6 2 16 31 23 59 38 14 27 3 65 63 28 52 44 55 49 53 8 15 48 25 24 4 60 43 67 26 58 1 10 32 22 35 36 61 9 46 30 62
61 32 13 11 45 36 49 52 34 24 3 48 10 26 23 22 8 50 55 63 58 42 65 15 53 41 68 20 14 5 16 47 44 1 38 43 62 19 28 27 9 0 17 4 69 56 18 67 6 46 40 66 12 39 60 37 29 59 51 64 2 30 21 33 35 31 54 25 57 7
41 29 66 53 32 2 57 47 31 16 39 51 14 64 7 19 67 68 35 46 37 28 6 44 23 33 15 13 69 62 65 30 0 22 42 40 43 17 49 26 61 9 11 50 4 59 34 58 63 55 60 8 3 48 5 45 21 24 20 52 10 54 36 38 12 1 25 56 27 18
41 6 57 19 7 52 30 55 34 23 61 18 63 42 3 66 25 8 11 24 68 0 5 10 35 67 26 39 50 9 14 1 60 38 33 31 36 37 17 32 69 47 62 44 15 54 48 58 53 20 29 51 59 21 65 45 64 43 22 16 12 13 27 2 46 56 28 40 4 49
44 13 61 5 21 41 16 19 18 36 68 14 20 66 51 56 52 11 59 4 67 15 9 50 34 42 32 43 22 23 0 47 8 48 33 62 1 7 6 37 65 17 60 38 24 63 28 29 25 57 27 30 54 64 2 69 45 26 40 55 49 53 46 31 12 58 35 10 3 39
42 65 57 1 11 17 20 36 54 68 43 7 23 21 49 53 13 6 26 33 62 61 35 14 24 64 15 55 44 29 9 3 31 18 48 38 52 50 32 66 56 30 10 59 2 0 51 28 19 47 60 4 25 12 63 41 37 40 67 46 34 69 8 27 5 39 58 22 45 16
23 7 43 61 10 35 25 46 18 49 39 11 4 31 6 26 28 1 38 15 41 68 50 67 62 37 30 14 12 24 3 69 22 53 42 21 20 44 27 52 5 66 19 60 65 17 45 34 57 36 0 29 51 64 63 48 13 16 59 47 9 33 58 8 56 40 55 2 54 32
32 65 51 31 44 38 46 20 69 66 8 26 55 24 68 64 35 25 63 27 42 22 14 16 52 11 59 21 30 17 4 15 34 62 3 29 33 57 41 1 50 56 47 54 13 2 23 28 39 0 67 12 40 49 5 19 9 48 18 37 7 43 36 60 61 53 10 58 6 45
43 53 61 33 29 30 45 46 1 63 60 48 26 10 42 11 50 24 19 14 44 47 49 57 32 27 9 34 6 52 58 23 22 25 8 16 40 56 69 39 68 31 59 21 54 7 62 17 3 67 51 18 41 37 65 38 64 12 13 0 55 20 4 15 36 5 66 35 28 2
14 46 10 34 35 60 64 28 42 15 39 20 0 25 69 13 45 44 22 21 32 2 55 43 41 26 65 4 16 57 48 49 33 67 38 29 5 11 59 37 51 23 56 8 1 12 61 54 6 50 63 36 68 18 24 62 30 9 66 7 58 17 19 27 47 40 53 31 3 52
1 46 5 22 69 15 65 27 35 8 13 14 37 4 56 59 55 32 17 68 31 26 62 50 29 54 49 66 53 6 10 28 24 2 43 45 33 0 38 16 25 18 20 44 48 36 23 61 19 9 3 52 60 63 57 67 51 40 12 58 7 64 39 30 47 41 11 34 42 21
33 30 35 46 50 14 22 27 11 57 4 26 47 41 13 38 9 62 2 20 56 60 63 36 3 53 0 67 55 24 18 15 17 61 68 5 31 58 48 69 51 37 43 1 28 23 8 7 6 34 32 10 64 19 21 40 52 25 29 49 39 54 45 65 16 59 66 44 42 12
7 64 3 58 4 48 23 67 13 26 43 41 30 66 10 33 54 63 46 50 12 42 20 21 61 15 69 19 59 9 18 16 60 53 17 44 8 28 27 49 51 1 65 57 52 45 40 38 31 2 37 56 35 55 5 39 29 0 6 22 47 62 14 25 11 68 24 34 36 32
35 65 62 49 42 36 29 3 10 28 30 58 13 63 59 67 14 21 54 52 50 6 16 1 15 47 64 24 45 56 33 20 53 23 7 51 40 37 12 61 2 22 18 4 69 27 57 19 39 46 17 11 43 41 68 31 60 5 34 44 9 32 26 0 66 55 8 25 48 38
0 7 57 69 24 21 56 52 40 64 19 59 5 30 10 25 12 44 55 60 13 54 49 9 22 66 39 2 46 6 50 4 58 48 43 53 32 38 26 63 61 1 36 42 23 35 8 67 18 20 16 34 47 11 31 17 14 41 68 65 62 29 33 3 37 28 45 15 27 51
39 1 40 54 55 24 20 57 25 69 26 9 31 30 34 56 53 43 2 23 4 16 65 64 62 33 50 18 12 32 3 52 68 47 5 21 37 58 38 17 19 8 60 0 27 49 7 67 41 35 36 28 51 61 11 13 66 46 48 42 14 15 63 6 10 45 22 29 59 44
27 13 16 69 67 3 55 29 66 11 14 30 0 38 26 50 62 31 63 25 61 19 22 5 36 28 51 7 54 32 46 6 1 64 33 68 40 59 45 23 44 34 47 18 52 43 60 21 53 20 24 49 4 37 39 2 9 42 41 48 15 35 56 10 12 57 8 17 58 65
66 51 7 6 15 17 63 27 5 68 1 8 46 18 0 58 4 42 19 23 24 50 3 52 30 43 64 45 12 40 36 9 53 29 32 65 69 13 21 67 49 11 34 56 28 54 60 47 26 48 57 25 31 44 39 59 10 55 41 62 33 14 37 38 2 35 61 20 22 16
13 27 61 32 45 37 42 40 51 49 29 68 36 21 25 7 44 66 1 62 65 28 18 3 43 5 24 48 38 35 10 47 41 64 46 56 34 0 59 11 39 50 60 31 22 69 58 8 9 19 15 23 6 33 52 16 4 30 67 2 57 63 14 55 17 12 26 53 54 20
28 26 56 65 67 37 48 46 15 16 40 38 20 59 30 22 9 51 13 69 11 34 60 1 43 5 35 18 29 7 3 47 12 4 14 55 32 63 44 66 53 41 62 45 61 19 52 58 23 17 25 33 2 54 36 10 27 50 57 24 6 39 68 31 21 64 42 0 49 8
60 64 42 52 38 28 17 41 57 47 67 53 34 5 2 15 23 55 25 21 68 14 27 19 54 49 59 9 63 8 40 39 13 61 1 3 44 20 6 69 7 46 36 29 22 45 0 56 66 11 10 43 4 12 48 18 35 50 51 65 37 24 31 16 32 58 30 26 33 62
57 35 34 37 65 36 38 68 7 64 26 22 21 20 16 61 62 58 45 17 52 14 4 28 63 66 53 11 48 56 44 42 12 19 13 60 43 6 5 59 10 32 23 29 55 25 9 67 41 39 33 24 31 1 54 18 15 27 51 3 2 30 8 49 47 46 69 0 50 40
7 34 59 5 64 61 36 18 38 16 14 22 43 48 65 17 24 21 69 45 67 29 0 30 44 40 63 51 52 25 47 11 53 12 31 2 60 19 35 42 49 50 46 8 62 68 37 13 54 3 55 26 56 58 4 28 23 1 6 9 39 41 57 15 33 20 27 66 10 32
43 12 56 1 40 44 59 69 28 37 60 68 6 0 2 33 53 9 16 30 34 46 13 39 38 54 29 58 63 52 24 21 8 42 50 26 22 36 31 49 3 65 66 14 27 57 62 4 32 7 17 45 51 5 67 47 41 35 11 55 15 20 18 61 23 25 48 10 64 19
59 13 64 50 21 62 36 52 2 45 7 26 68 60 65 47 17 8 27 40 48 32 56 69 25 29 11 23 15 42 35 53 31 34 10 9 51 38 57 5 18 28 22 41 14 24 16 12 33 55 46 49 39 63 0 37 4 43 54 1 6 58 30 44 3 20 19 61 67 66
29 53 39 37 67 56 22 46 16 25 11 12 30 9 20 32 35 14 54 6 34 15 5 50 17 21 66 45 44 55 65 3 42 13 61 8 48 64 51 41 58 31 18 40 38 28 24 49 43 69 27 52 62 60 47 36 1 7 2 59 68 33 26 63 19 57 10 4 23 0
60 9 8 14 36 28 13 24 12 62 49 40 46 68 34 16 51 18 50 57 59 22 6 43 31 29 5 61 20 10 55 19 45 52 35 65 25 44 64 21 67 39 1 56 17 3 0 26 27 69 66 32 42 33 15 7 41 23 54 4 2 53 48 37 47 38 58 30 11 63
53 48 5 43 15 16 31 62 55 57 0 63 47 39 20 52 36 8 64 65 40 33 27 28 67 26 9 34 22 46 24 66 32 25 69 49 6 54 3 1 23 41 59 58 56 37 18 10 60 17 21 51 38 19 30 14 50 44 29 13 7 45 11 68 12 4 42 61 2 35
64 38 68 45 4 56 27 54 25 11 53 6 57 19 67 8 69 44 15 37 58 63 46 41 61 60 12 3 65 0 22 35 62 17 33 48 20 39 36 43 28 31 47 50 24 66 40 2 7 9 59 10 49 23 16 18 30 14 51 29 26 52 42 5 1 13 32 55 21 34
23 20 44 9 10 59 45 17 50 46 43 68 47 69 2 35 66 5 32 48 25 60 64 8 36 30 63 7 57 62 18 1 28 24 14 61 13 26 67 51 4 29 41 16 65 40 34 6 55 31 3 52 39 56 53 49 37 0 15 42 21 12 54 38 19 11 27 22 58 33
1 22 36 50 18 65 5 32 59 0 41 39 23 42 60 49 62 4 48 43 14 12 26 10 53 27 57 11 46 61 45 56 51 52 16 63 54 7 34 47 68 37 13 67 40 64 25 15 33 6 58 31 28 29 19 3 55 30 2 20 35 8 9 17 69 38 66 21 44 24
34 20 26 67 8 28 7 59 10 44 2 27 29 60 31 68 21 62 65 55 17 47 18 50 46 63 56 13 19 42 64 14 0 23 33 53 51 11 39 5 45 24 48 58 16 35 66 30 4 36 41 40 54 38 15 49 25 6 69 61 12 1 32 52 43 57 22 3 37 9
41 40 26 24 53 29 27 4 22 63 65 56 10 38 51 37 69 16 61 43 47 0 7 60 48 44 54 52 6 3 58 8 46 42 5 17 15 19 21 14 57 20 62 67 28 12 23 30 9 39 55 2 32 66 64 59 34 11 50 31 45 35 33 25 18 36 68 1 13 49
52 12 58 14 36 45 30 25 67 18 40 23 66 69 21 39 10 9 46 19 47 17 26 59 35 51 22 41 6 32 31 37 15 27 53 55 24 11 4 5 62 44 0 60 65 20 28 56 7 2 42 38 48 64 3 34 29 1 8 33 61 16 63 13 49 43 54 57 68 50
15 30 34 67 14 40 20 31 36 22 38 42 59 51 2 37 64 0 11 56 61 12 3 5 7 46 50 39 1 6 21 24 29 53 69 60 17 10 41 52 48 32 8 49 19 9 57 65 27 18 26 13 68 44 45 47 63 66 54 62 28 25 33 55 16 35 58 23 4 43
55 45 18 2 65 3 68 25 61 43 6 36 19 57 16 35 26 7 11 9 64 53 63 22 59 0 67 13 37 41 46 27 21 39 8 42 30 58 38 54 51 20 32 23 4 29 12 24 69 48 28 1 5 33 66 52 60 17 34 49 31 44 56 10 40 50 15 14 62 47
68 53 15 41 17 18 3 22 13 20 30 65 57 47 27 12 25 64 14 48 43 62 4 24 66 56 23 38 54 44 50 39 28 49 67 21 35 61 58 5 31 26 29 9 34 60 6 11 51 42 36 45 46 59 63 1 69 32 33 8 19 52 37 7 40 55 0 16 2 10
58 67 31 55 62 56 35 50 23 63 19 41 45 49 68 33 44 65 52 17 3 15 22 1 53 32 5 47 0 38 40 27 14 4 69 54 43 59 25 26 34 57 30 48 16 18 7 64 36 21 46 51 2 13 12 39 60 11 37 61 10 8 24 28 6 9 20 29 42 66
61 57 68 49 47 28 41 9 52 8 66 4 42 40 22 25 32 44 11 33 56 31 27 54 30 59 14 36 21 23 17 51 0 5 20 39 38 62 10 29 67 19 3 13 18 64 2 7 58 53 50 48 60 46 24 37 35 65 1 6 15 34 43 45 69 55 63 12 26 16
62 29 37 9 21 1 48 23 46 3 12 40 38 43 10 63 14 35 13 45 47 50 20 57 27 66 25 42 61 64 22 44 41 39 56 32 0 49 15 24 65 69 34 33 54 4 28 6 11 19 68 8 59 60 55 18 2 30 67 52 53 36 26 31 17 16 58 7 51 5
42 38 66 37 50 34 33 7 23 2 36 10 25 52 0 62 60 4 17 11 56 30 26 27 53 69 41 54 9 29 16 47 12 3 35 59 28 65 39 43 15 20 63 40 8 32 49 24 19 44 68 5 13 45 51 55 61 57 58 48 22 18 6 1 64 14 67 46 31 21
36 6 33 45 52 28 27 5 42 7 16 0 51 60 46 39 69 13 22 54 55 37 18 56 8 64 31 34 67 21 9 3 26 44 30 62 1 25 41 15 58 53 59 50 11 2 17 66 20 32 43 12 65 14 29 57 40 49 24 19 47 48 10 35 63 61 68 4 23 38
61 67 33 15 13 22 47 28 46 25 14 44 69 19 1 4 37 57 9 43 50 27 8 40 56 36 21 23 52 6 3 49 68 5 12 51 10 64 29 24 35 7 62 42 66 30 41 54 39 34 20 60 18 63 48 65 59 11 16 2 32 53 55 31 58 38 17 45 0 26
50 51 2 33 66 52 58 20 18 10 9 1 17 65 7 62 49 24 45 46 38 13 6 60 3 29 57 42 39 21 64 63 4 22 26 40 27 0 43 41 32 11 35 23 47 16 25 28 44 59 5 53 19 56 37 34 67 69 55 36 12 30 54 68 31 8 48 61 14 15
54 15 41 62 18 30 8 17 4 45 49 67 3 0 14 46 69 24 40 48 65 44 2 33 64 38 12 68 42 19 57 21 27 32 22 55 20 34 58 7 16 10 11 28 23 51 31 61 6 66 1 53 29 5 9 26 37 59 39 25 13 47 50 36 63 60 35 43 52 56
17 41 25 40 15 34 29 36 35 50 62 14 28 48 12 56 54 4 69 1 66 31 37 0 49 65 57 60 68 11 59 5 8 22 47 46 55 38 67 42 2 32 39 61 21 24 27 30 10 3 45 23 43 63 6 9 20 18 51 7 53 64 44 33 58 26 52 13 19 16
6 14 34 54 33 24 1 25 57 65 32 17 42 46 63 62 58 67 12 51 45 13 23 40 47 20 30 64 49 53 21 2 27 0 18 43 22 55 56 69 44 9 26 5 61 4 10 60 38 31 68 66 15 37 35 52 41 36 48 59 28 29 11 16 8 19 39 50 7 3
29 16 9 28 31 53 48 23 50 6 3 15 54 0 12 55 63 65 22 21 19 45 59 10 39 33 25 66 60 13 11 14 37 36 46 41 51 34 58 1 24 52 5 38 44 67 43 56 27 20 49 57 47 8 7 69 32 64 62 17 26 61 18 35 68 40 4 30 2 42
25 5 68 6 31 28 39 29 9 61 33 56 20 32 26 67 40 41 17 49 55 35 15 47 48 51 21 30 16 19 0 12 38 4 2 44 24 58 64 18 43 10 42 50 62 46 54 69 65 37 3 13 27 22 11 14 66 23 59 1 63 36 45 8 57 52 7 53 60 34
29 18 10 21 24 68 53 38 34 5 12 8 36 57 43 49 46 61 59 52 26 39 11 51 15 48 30 22 58 23 65 50 69 3 9 25 60 16 6 42 4 33 44 2 27 31 13 45 41 35 17 0 55 47 14 54 63 19 62 67 64 28 20 66 7 32 37 40 56 1
37 45 28 18 49 15 59 55 57 2 13 60 20 51 66 39 6 34 26 47 43 11 30 3 27 21 8 69 64 42 17 50 52 44 1 5 67 0 24 25 33 54 22 23 19 48 35 32 62 38 10 40 56 61 7 29 9 68 14 46 58 65 53 31 16 12 4 63 41 36
55 60 47 8 17 6 2 58 16 48 32 38 52 26 40 62 31 11 64 30 33 27 7 4 20 50 3 61 43 53 42 36 35 65 23 39 57 45 22 5 66 63 15 49 29 28 9 19 12 67 68 13 1 69 25 10 24 37 21 0 51 54 18 14 56 59 41 44 46 34
69 53 66 52 47 64 48 22 63 50 39 30 9 56 49 21 44 34 29 12 68 0 27 17 38 8 28 20 58 5 37 31 57 14 18 35 55 24 43 60 16 23 65 32 13 54 10 41 42 3 6 7 11 36 62 46 26 25 33 15 1 61 19 59 40 67 51 45 4 2
41 34 35 23 31 21 16 39 60 11 42 68 67 8 57 0 46 7 3 15 24 40 17 18 19 10 69 1 59 36 26 30 65 63 58 29 2 64 47 25 52 56 51 28 20 54 45 50 5 27 13 66 44 14 6 37 4 32 9 43 33 48 61 12 53 62 49 55 22 38
21 61 4 12 40 62 30 15 6 46 24 22 23 47 36 53 67 38 63 65 9 5 0 51 7 42 27 18 39 19 64 17 57 58 69 26 48 50 35 45 33 8 10 56 55 68 13 2 60 54 66 14 43 1 59 11 25 37 29 3 31 49 52 20 34 16 44 41 28 32
51 8 66 36 69 12 42 46 37 4 14 16 29 52 7 17 24 26 31 55 59 41 10 3 58 50 56 39 1 40 2 11 33 67 25 19 49 27 48 20 23 32 60 65 63 34 35 61 64 15 21 38 68 43 18 0 57 44 13 54 6 45 30 47 62 22 9 53 5 28
39 3 54 47 25 5 43 31 8 62 44 10 29 48 22 56 6 67 53 26 63 69 19 64 35 18 66 20 52 13 23 32 65 49 33 4 34 42 59 51 38 21 60 1 37 14 7 16 9 55 27 2 61 0 30 45 58 36 24 68 40 28 17 11 15 57 12 41 50 46
7 34 48 55 20 28 25 14 38 23 30 49 64 54 2 61 21 4 33 41 29 58 69 0 22 68 42 19 8 9 65 11 60 43 46 24 66 12 31 56 47 26 67 1 52 10 35 17 37 57 39 51 18 63 40 27 53 3 16 15 13 32 36 44 50 45 5 62 59 6
66 68 16 15 12 20 27 51 29 13 63 17 43 35 10 5 69 6 4 22 58 65 64 24 28 38 34 7 33 32 0 31 62 21 11 67 57 14 36 3 60 25 2 41 48 55 30 47 9 40 54 59 39 56 19 45 46 8 44 23 49 18 52 42 53 26 50 37 61 1
66 48 43 5 15 18 54 30 60 31 67 58 44 28 27 62 1 2 20 9 17 26 46 37 24 16 63 14 25 57 13 7 10 22 61 4 59 50 35 41 51 52 42 40 39 38 45 69 33 64 56 47 34 21 3 11 12 29 32 49 6 23 36 68 19 8 0 55 53 65
13 49 43 44 50 7 17 42 64 16 0 30 45 60 9 26 41 63 62 34 14 31 51 15 25 6 40 3 65 5 29 36 1 10 37 23 35 57 28 68 54 53 39 8 55 22 67 4 33 56 12 61 59 66 47 48 24 69 18 19 11 38 20 46 2 27 58 32 21 52
12 69 60 33 58 46 21 68 34 16 1 43 67 10 23 27 9 56 18 26 52 22 61 0 20 35 15 25 24 32 29 28 2 59 63 45 44 4 36 49 65 13 8 5 37 47 50 14 3 31 48 7 53 51 57 42 66 55 40 54 39 62 38 17 64 41 11 6 30 19
53 15 44 46 40 26 22 52 42 47 2 0 6 4 32 62 36 19 55 37 35 61 16 11 63 1 25 8 24 56 43 17 27 69 3 7 38 49 54 10 64 31 21 30 5 20 33 57 50 29 51 18 13 45 41 23 9 12 14 48 67 34 66 68 59 39 60 28 58 65
32 56 69 44 10 22 54 40 64 30 18 15 7 46 50 42 65 48 27 11 5 43 33 39 35 31 26 49 29 20 45 55 36 53 2 1 58 59 37 38 21 8 66 3 61 63 0 57 14 13 34 68 47 52 4 41 23 51 12 24 6 16 67 62 28 19 25 60 17 9
7 47 58 50 12 49 36 40 61 8 4 56 54 68 63 31 9 35 52 16 19 15 64 18 21 41 2 69 27 45 38 37 20 3 6 25 13 46 22 26 23 42 53 65 29 24 30 32 48 39 44 5 55 43 28 17 66 67 51 14 11 59 34 10 60 0 1 62 57 33
39 2 45 1 55 44 65 10 4 12 21 31 11 49 50 67 64 58 52 30 6 26 56 0 17 36 51 25 14 19 69 34 66 42 68 53 16 35 61 27 8 22 29 33 59 23 48 7 41 54 47 57 3 40 32 37 5 60 18 9 62 38 46 24 13 63 28 20 43 15
12 63 31 26 65 28 48 15 55 21 53 58 62 66 35 4 22 59 42 32 13 38 46 60 61 37 19 10 36 34 1 9 29 30 27 8 44 47 5 0 52 50 11 6 33 2 67 20 49 57 64 54 3 56 39 40 24 25 7 45 69 17 18 14 41 51 43 16 23 68
2 62 10 16 28 3 37 69 54 39 50 66 30 9 55 24 22 59 42 57 53 44 65 63 13 11 40 52 5 8 1 38 14 21 36 18 19 26 49 56 12 34 31 61 7 47 68 4 17 32 41 46 0 45 20 64 15 27 23 51 33 43 25 29 67 60 35 58 48 6
46 40 65 17 1 12 11 61 39 43 3 60 50 64 18 67 48 66 13 38 45 26 56 52 62 37 69 20 35 30 34 68 2 5 15 22 49 44 36 7 57 59 9 33 21 16 51 0 42 53 58 28 23 25 54 14 63 47 31 19 27 4 8 10 29 6 32 41 55 24
62 23 60 25 69 21 43 58 67 39 8 27 24 44 59 38 13 4 2 55 11 5 49 18 16 50 7 32 33 17 61 15 20 30 9 3 26 47 48 45 54 51 66 68 34 57 14 64 0 6 36 46 65 42 22 29 28 35 63 12 40 52 53 19 1 56 41 37 10 31
57 1 26 66 17 22 39 55 18 10 25 54 23 30 63 58 8 59 24 64 43 33 9 28 65 35 11 7 45 44 53 62 2 5 16 12 4 49 19 3 42 13 27 32 0 60 67 6 34 48 46 14 20 47 15 52 41 21 50 36 31 69 40 29 51 68 37 38 56 61
27 2 14 69 55 13 64 6 19 12 17 29 66 15 5 33 1 31 54 42 28 43 26 32 40 20 57 61 41 53 36 63 16 11 65 37 30 68 50 44 8 39 3 51 24 35 21 49 38 58 45 22 9 52 18 67 10 7 46 34 59 48 62 47 0 56 25 4 60 23
62 27 61 65 58 16 51 10 25 26 29 67 34 4 50 59 12 69 28 40 37 23 32 2 24 57 5 48 30 52 0 3 17 45 39 33 49 18 1 35 47 9 63 68 55 53 6 11 54 41 13 36 60 56 66 42 43 7 38 14 8 22 46 19 20 44 31 64 21 15
43 26 53 23 39 66 69 19 27 9 47 36 57 58 55 41 0 13 8 28 25 63 65 56 4 48 31 38 2 37 54 67 18 22 64 50 14 34 40 24 32 62 51 10 12 11 68 29 35 20 61 60 17 21 44 59 16 7 6 42 5 49 15 30 52 3 33 46 45 1
1 27 25 48 43 36 37 5 22 63 56 61 44 24 33 58 6 28 60 52 51 55 49 38 53 32 69 7 68 29 3 21 47 18 14 62 39 11 31 23 54 10 4 12 17 67 13 35 45 50 66 19 59 20 40 0 46 26 41 9 16 57 8 64 15 42 2 34 30 65
49 36 63 3 21 16 14 26 66 7 24 15 20 5 6 19 45 8 69 67 17 35 4 10 13 58 30 55 23 56 47 34 2 22 48 46 64 11 39 41 51 59 0 42 43 33 53 27 44 38 18 40 61 62 28 32 25 29 9 12 54 31 1 57 60 37 50 68 65 52
37 40 44 16 20 22 28 36 5 38 8 25 14 26 35 17 27 29 23 11 54 64 24 60 9 55 15 65 10 43 51 67 58 56 7 68 59 31 3 63 48 2 69 33 21 6 19 42 34 18 32 66 52 13 46 53 47 57 12 41 30 45 39 4 1 61 50 49 0 62
25 26 40 5 59 35 21 23 45 32 56 37 14 1 66 58 6 31 39 57 16 30 11 0 52 2 29 62 60 7 18 12 41 34 38 22 54 10 27 15 67 36 63 61 19 20 42 13 68 9 8 48 64 55 4 44 53 28 50 46 51 3 17 24 43 49 65 47 69 33
57 20 45 5 3 7 56 18 24 48 42 33 9 21 47 67 37 59 63 0 12 39 66 28 30 25 40 44 11 43 51 50 53 1 62 58 34 64 19 31 49 13 10 41 60 46 54 65 8 16 68 36 27 17 6 32 4 69 52 38 61 26 23 22 29 15 55 14 35 2
68 27 64 12 10 50 55 58 1 48 0 41 56 20 14 62 40 45 13 28 33 26 18 29 54 8 69 59 66 52 35 15 30 63 25 61 4 36 7 5 23 39 17 44 16 6 37 46 38 51 2 57 22 43 67 19 24 3 31 34 32 60 49 47 42 65 11 21 9 53
36 38 35 11 3 66 55 16 19 41 63 21 27 49 4 43 17 48 25 6 13 5 52 57 45 34 61 40 23 29 56 64 30 59 62 0 33 12 65 46 7 28 37 54 22 68 39 67 26 24 10 1 2 14 53 47 50 58 60 42 18 32 31 69 8 9 51 44 20 15
44 43 45 46 10 41 24 60 53 14 0 16 20 47 42 68 28 61 56 58 30 39 25 64 7 3 6 33 63 23 5 67 36 38 62 29 1 55 8 57 35 19 27 32 34 37 66 2 59 17 22 40 69 11 52 54 31 18 12 50 65 48 26 49 21 9 4 51 15 13
24 59 69 67 5 50 47 30 49 63 66 62 32 16 39 54 8 57 61 35 18 58 31 46 53 33 28 41 4 7 44 36 27 13 56 52 29 3 42 23 51 60 34 38 2 40 17 15 21 1 19 20 55 22 43 9 37 10 68 6 14 64 26 0 12 48 25 45 11 65
59 28 45 43 11 35 55 14 68 61 0 17 56 33 57 54 6 38 62 60 51 66 16 24 23 21 32 3 67 25 42 1 46 48 19 50 22 39 47 41 18 44 34 27 13 2 69 5 10 49 58 65 64 8 15 36 40 63 29 30 9 7 12 26 37 52 20 31 53 4
50 57 2 37 63 33 42 55 15 28 65 53 17 69 51 0 49 43 9 21 12 20 30 25 19 23 18 27 7 16 10 36 11 6 24 40 54 14 38 5 4 66 56 1 3 41 44 45 13 29 52 60 61 31 58 47 68 34 26 59 46 39 32 22 64 8 67 62 48 35
7 8 51 55 60 45 32 66 46 34 33 58 39 61 23 1 37 62 49 22 48 64 5 63 30 3 13 19 59 56 43 12 18 38 50 16 4 41 36 67 21 47 53 26 9 14 42 31 6 25 2 10 68 24 29 17 27 20 0 40 28 54 65 69 35 57 15 52 44 11
48 52 58 20 23 53 2 34 41 44 5 59 17 32 66 46 30 24 47 36 51 19 14 67 16 64 39 42 33 56 25 68 10 4 60 61 38 11 55 7 65 62 28 31 50 29 63 22 37 12 3 9 57 0 49 35 21 18 40 13 26 27 45 1 6 8 69 54 15 43
18 67 8 42 62 59 23 38 0 33 6 53 4 5 47 51 17 55 37 28 14 41 61 10 57 49 39 60 69 20 16 26 36 35 66 7 1 13 63 65 11 31 40 44 9 58 43 29 22 32 50 24 27 3 64 12 45 25 54 46 15 48 30 34 2 68 21 19 56 52
44 52 59 33 11 18 19 48 1 62 49 42 66 27 50 63 64 31 60 23 34 54 26 43 29 4 68 65 15 67 53 8 28 7 45 17 69 16 22 32 9 12 55 5 61 47 35 39 2 37 40 41 3 57 14 58 38 6 36 25 0 46 10 56 13 21 24 51 30 20
