39 64 20 33 31 44 74 37 2 13 27 48 65 62 56 54 52 18 22 50 42 10 47 26 35 66 1 75 68 30 63 11 57 4 25 73 23 15 5 9 8 24 0 38 58 3 43 61 14 70 28 71 34 21 72 45 55 19 60 49 51 69 12 7 32 46 59 16 36 67 41 29 53 40 6 17
44 29 70 11 1 13 64 42 48 16 39 54 4 43 38 59 41 15 68 3 22 7 8 47 40 18 35 69 62 9 2 56 21 0 67 46 45 24 26 19 36 58 5 25 34 6 74 66 73 75 17 57 55 71 65 23 10 61 20 28 52 33 31 50 37 27 14 63 49 60 51 32 30 72 53 12
44 2 69 6 38 17 58 30 65 55 68 25 19 48 15 27 45 72 73 18 61 46 10 66 24 39 14 5 41 56 67 42 32 75 47 0 54 64 12 3 16 22 29 7 51 26 60 1 57 28 43 53 23 52 59 31 4 11 8 35 21 37 34 9 20 33 70 13 36 62 50 71 63 74 40 49
48 71 2 6 31 73 60 54 67 17 37 1 22 33 4 18 47 42 34 63 9 51 29 10 62 45 58 57 64 53 30 39 50 13 25 12 46 56 7 16 5 44 11 14 24 21 41 19 72 38 28 65 49 27 15 20 70 74 55 69 68 59 23 26 75 40 61 52 0 8 32 35 3 36 43 66
20 54 65 42 34 28 64 21 3 51 9 47 6 8 30 55 67 58 68 37 5 15 66 70 73 19 0 53 26 7 17 22 52 4 57 25 23 39 75 18 33 48 46 1 36 32 38 43 61 12 59 10 44 29 62 63 40 16 74 50 49 27 56 2 31 69 45 14 72 35 11 60 13 71 24 41
9 1 7 39 29 48 2 26 71 69 53 61 40 11 0 38 5 14 60 68 37 44 12 56 34 27 35 70 65 36 43 30 58 3 54 15 66 57 19 25 17 47 23 10 28 67 18 6 32 4 22 50 72 51 64 31 41 42 52 55 20 49 73 45 63 8 75 74 59 24 46 16 62 21 13 33
38 69 51 19 31 1 40 26 18 20 58 33 28 48 3 75 22 6 34 55 49 52 67 39 53 13 57 74 29 62 45 65 12 21 70 16 63 50 47 44 68 71 8 4 32 64 23 59 60 43 66 0 56 25 54 10 72 17 37 30 5 73 14 24 7 41 36 15 61 11 2 9 27 46 35 42
37 26 58 4 30 39 11 6 45 65 20 49 19 48 68 59 63 14 28 46 29 34 52 71 66 60 33 54 21 31 56 2 27 72 13 69 12 0 62 40 5 61 50 51 38 55 41 7 42 17 73 25 18 8 64 35 53 23 43 16 3 22 74 15 36 9 1 32 24 75 67 70 57 10 47 44
9 47 46 10 14 57 30 44 45 2 29 70 56 21 61 39 65 1 54 69 12 53 52 74 19 11 31 67 72 27 48 71 16 60 55 50 62 35 20 64 34 13 41 8 26 73 75 23 28 33 58 3 24 40 4 5 38 7 37 22 18 63 36 25 49 66 32 0 51 43 17 6 42 59 15 68
17 10 71 16 7 29 60 75 18 33 21 56 62 59 66 5 64 34 58 36 44 23 41 8 67 68 13 35 51 61 3 40 2 31 52 43 22 6 46 39 74 48 26 11 70 30 42 19 55 54 9 63 12 57 28 25 47 32 49 4 24 45 50 14 20 53 69 73 0 37 27 38 65 1 15 72
23 54 0 39 47 25 73 48 28 37 60 16 70 65 1 36 61 49 5 9 58 31 35 8 45 2 74 75 10 42 24 56 11 52 63 17 40 15 44 51 72 66 62 67 12 32 6 38 46 21 55 14 26 50 19 27 18 41 13 69 59 7 22 30 68 43 20 4 34 3 53 71 64 57 33 29
48 46 23 28 30 61 15 8 36 67 22 70 9 12 19 25 21 63 50 33 66 72 55 1 14 20 42 18 56 71 10 4 59 73 5 57 34 49 29 47 35 17 52 26 37 43 69 58 7 27 54 31 38 74 39 75 45 2 60 41 44 64 16 53 24 0 6 68 11 3 13 65 32 51 62 40
8 0 37 51 50 16 73 5 30 2 53 3 32 44 28 21 70 56 36 60 67 14 54 29 65 74 19 42 71 45 55 72 18 63 59 62 17 33 52 22 66 6 34 26 58 23 9 1 40 4 7 31 47 13 46 38 25 35 11 48 12 20 49 57 27 75 10 69 39 61 68 15 64 43 24 41
51 41 67 43 42 2 30 64 8 40 23 24 0 71 57 15 73 6 33 68 47 32 28 9 75 13 63 14 21 39 50 54 27 4 53 26 74 20 31 19 61 11 49 58 62 66 59 5 25 18 56 38 34 7 72 29 55 46 52 3 22 16 36 69 37 65 17 45 35 60 44 10 12 1 48 70
7 3 71 17 29 35 55 52 73 18 57 42 21 23 65 74 9 37 48 34 24 66 61 12 67 36 30 14 41 39 1 6 10 43 13 46 58 8 70 22 19 51 0 32 56 15 47 33 4 31 16 64 69 53 44 28 40 59 25 49 68 26 50 38 11 63 45 75 20 2 72 54 5 27 62 60
62 21 57 46 73 9 66 11 19 43 27 37 49 39 17 28 25 20 70 72 2 51 35 10 6 36 24 74 47 7 16 30 15 13 32 50 61 12 3 29 31 65 71 56 4 67 68 75 23 54 34 42 40 52 8 48 41 58 53 5 59 18 22 60 63 44 0 45 38 26 55 14 69 64 1 33
55 24 69 43 56 4 48 47 42 11 16 53 22 52 6 17 75 70 39 13 65 9 32 27 19 37 51 61 2 5 20 18 40 60 44 28 62 26 73 66 23 1 35 49 15 0 29 50 3 58 36 64 34 41 33 25 31 74 10 46 71 54 38 72 12 7 8 21 63 30 14 57 67 68 45 59
56 34 55 5 4 23 8 33 17 32 71 40 59 48 24 28 65 35 52 64 61 0 44 9 18 67 37 47 38 70 75 22 19 16 43 57 50 27 51 49 62 31 74 1 25 30 63 2 21 29 69 53 26 11 39 3 72 54 46 20 15 60 73 58 6 13 41 68 45 7 12 66 10 14 42 36
1 7 15 29 57 25 62 54 48 40 44 20 13 19 34 21 6 61 71 67 9 3 63 31 18 59 2 38 45 17 22 5 65 32 55 51 33 24 49 68 0 35 4 23 52 46 14 27 47 39 36 73 16 42 74 8 41 70 26 75 11 56 72 30 66 58 28 60 53 50 64 37 43 12 10 69
44 0 61 19 75 34 55 16 69 13 14 5 72 41 47 26 25 15 54 58 39 12 18 73 33 17 36 43 9 23 31 59 29 52 37 67 21 42 63 27 45 57 62 65 20 40 7 22 4 38 2 8 6 3 71 48 35 46 30 70 28 10 32 66 1 74 11 49 68 53 50 51 56 24 64 60
55 29 44 52 45 60 25 19 30 20 8 74 53 15 40 58 31 3 64 50 56 14 75 57 24 33 69 49 65 38 2 4 70 67 68 35 72 0 12 11 71 34 32 22 10 18 17 26 63 13 28 59 23 16 62 1 42 66 36 39 54 9 5 61 41 43 46 37 73 27 48 21 51 6 47 7
9 50 61 24 27 4 29 1 41 69 67 17 49 18 40 52 58 0 34 38 75 74 22 44 31 71 68 36 65 25 37 13 62 66 70 26 59 30 33 2 57 8 12 19 42 56 73 28 11 47 15 64 14 35 72 53 21 63 32 23 60 43 6 20 39 10 5 16 48 3 55 7 51 45 54 46
3 67 26 65 17 2 5 42 66 55 20 56 46 40 16 50 12 61 27 57 71 11 1 75 38 68 7 54 74 15 51 63 21 37 52 6 59 30 8 45 13 19 48 25 43 53 33 62 18 0 64 36 14 22 72 31 23 34 49 35 41 58 29 44 10 39 32 24 73 4 60 47 28 69 70 9
44 46 62 36 53 48 12 27 72 7 73 75 65 39 22 61 20 2 25 67 64 59 28 15 5 18 10 43 66 55 4 58 54 1 30 14 42 35 21 37 41 13 49 74 3 38 31 45 56 71 32 8 47 29 6 70 16 17 52 9 40 0 11 26 68 50 63 60 24 33 51 23 69 34 57 19
50 45 75 61 8 1 59 47 27 52 40 38 43 0 33 18 44 54 71 60 5 37 13 22 32 19 26 42 64 10 3 28 56 17 63 12 62 16 39 36 23 67 29 55 65 7 6 41 24 69 11 21 35 57 20 2 74 70 73 53 14 31 51 4 58 68 30 49 15 72 46 66 9 25 34 48
73 53 11 21 44 35 55 49 39 64 15 63 14 41 34 28 57 46 68 38 47 9 60 23 4 10 12 70 59 65 69 32 24 5 56 7 6 25 8 51 52 40 29 26 66 72 62 17 74 42 20 22 0 54 71 58 43 27 19 45 67 75 37 48 30 2 3 36 31 33 61 1 18 13 16 50
66 71 50 25 55 17 14 57 30 44 7 73 9 0 64 49 42 37 72 15 13 26 65 29 53 24 43 22 20 48 38 52 32 18 58 19 40 70 3 10 16 68 45 8 5 27 62 56 1 63 33 61 51 46 35 12 74 4 34 23 41 75 47 21 36 11 31 59 39 54 2 6 69 28 67 60
26 51 45 16 55 25 66 64 54 27 67 18 3 74 14 6 20 50 5 68 59 40 39 52 7 32 28 41 13 70 0 10 44 21 9 29 71 72 19 15 35 73 33 62 56 57 75 31 12 11 46 42 1 34 58 23 63 43 53 38 30 60 17 8 36 4 69 47 61 22 2 37 48 24 65 49
32 13 66 25 24 39 4 49 46 45 6 73 50 57 27 1 22 23 56 12 5 21 19 29 7 72 40 28 8 67 47 71 43 64 15 75 16 0 61 34 60 2 48 30 62 26 52 37 53 36 59 69 14 20 41 55 3 18 58 11 9 65 74 33 31 70 63 38 35 10 17 54 44 42 51 68
28 22 14 70 37 68 40 33 48 7 35 36 39 27 30 56 8 12 13 73 32 18 55 67 64 19 43 25 42 1 71 51 65 58 69 34 52 10 75 4 46 5 23 49 44 38 31 59 57 20 60 61 29 47 62 66 15 0 2 11 54 50 24 53 26 17 6 72 45 74 41 21 16 3 9 63
59 32 18 46 33 8 14 43 35 25 16 58 9 61 6 62 75 69 36 13 10 29 15 64 19 21 24 65 41 31 51 3 66 38 7 17 71 57 37 23 68 39 56 26 2 4 45 50 44 11 20 30 54 60 34 74 53 40 47 42 1 70 48 5 52 72 73 49 63 27 28 12 55 0 67 22
69 11 30 9 73 68 17 46 27 67 63 75 53 65 14 62 19 58 24 22 5 72 21 13 60 10 61 25 32 3 59 34 33 38 52 31 36 47 74 37 4 20 29 15 16 1 54 2 57 23 51 40 48 35 64 70 7 18 55 49 6 42 66 0 39 26 44 45 71 41 43 28 12 50 8 56
13 62 64 46 57 56 21 61 74 23 8 15 68 71 6 36 58 44 63 31 26 24 35 47 5 11 43 59 42 17 22 19 49 45 10 40 67 66 9 37 20 33 50 75 69 0 29 30 12 65 32 7 39 14 34 73 3 52 2 54 60 72 4 16 41 70 48 27 55 28 1 53 18 51 25 38
30 63 52 65 70 4 46 74 21 45 61 59 66 23 3 42 1 39 22 6 48 26 38 15 68 20 41 47 10 34 54 5 13 18 27 57 33 35 55 71 49 75 67 9 58 7 24 25 11 53 44 16 12 2 8 60 28 73 14 32 56 62 43 69 50 64 37 19 17 40 72 29 51 31 0 36
75 48 67 24 59 20 42 47 72 6 32 23 5 64 29 44 33 43 70 19 21 2 28 13 3 69 62 31 46 18 7 26 0 74 11 71 55 52 41 65 17 34 35 27 14 68 66 53 12 45 39 16 58 73 1 25 10 51 56 60 4 40 37 15 54 50 36 30 63 57 8 49 22 38 9 61
23 61 0 60 12 36 56 45 54 20 53 21 15 2 74 7 47 66 22 14 51 19 8 33 17 43 64 34 68 41 18 25 37 31 75 27 42 35 67 9 39 28 73 65 49 16 10 63 38 26 6 72 62 40 5 44 32 57 1 4 11 30 50 52 58 3 70 48 55 24 59 29 69 13 46 71
14 40 56 63 1 72 43 5 52 36 50 19 73 27 59 64 15 55 49 30 16 41 9 61 74 31 53 44 42 29 65 47 34 75 39 62 32 8 35 26 6 48 3 58 60 54 25 22 12 68 11 38 70 57 0 13 46 21 10 45 24 7 28 33 23 51 17 4 2 37 66 69 18 20 71 67
72 35 12 38 64 56 31 17 34 61 65 70 50 49 10 8 45 53 47 16 26 19 73 52 21 68 66 20 71 39 25 7 18 46 24 32 59 63 36 57 4 51 14 40 33 37 60 5 48 67 42 54 28 11 3 41 62 43 75 69 58 22 55 15 9 6 2 1 13 74 30 23 0 44 29 27
26 69 8 63 54 18 12 28 59 67 60 41 15 42 13 33 3 61 27 5 19 23 66 1 75 37 72 68 22 40 6 9 43 10 31 2 34 65 36 4 21 47 16 55 71 7 74 50 17 58 44 57 52 62 0 73 32 70 14 38 45 25 24 64 48 29 39 35 30 46 11 53 20 51 56 49
53 61 20 26 13 54 75 72 67 37 51 36 27 41 25 22 17 7 14 50 35 59 29 55 30 49 12 73 57 62 46 74 33 64 66 70 9 69 28 1 4 24 48 40 19 21 6 3 43 52 68 31 42 23 47 39 16 18 32 63 65 45 2 34 71 15 38 8 58 0 60 44 11 56 10 5
48 69 35 10 21 40 4 45 56 0 54 22 27 34 59 26 32 42 24 67 30 33 41 19 49 16 74 23 37 18 46 72 64 65 2 6 31 70 12 17 43 68 29 57 61 1 9 44 66 73 75 7 58 62 63 50 47 39 38 15 14 71 11 5 60 20 25 28 53 55 52 8 13 36 3 51
4 56 68 33 70 71 17 73 25 18 6 52 62 27 7 74 5 10 48 3 50 8 66 2 12 34 46 53 40 42 72 38 11 75 64 47 45 58 24 1 41 20 69 59 30 44 55 29 9 23 39 14 19 28 16 65 31 60 63 15 0 13 54 35 37 22 21 26 49 36 67 32 57 61 51 43
0 68 69 32 10 41 49 71 9 15 8 60 6 34 48 21 3 31 4 54 53 63 42 1 28 62 17 46 55 65 16 35 36 56 14 18 74 20 45 19 58 67 30 57 11 29 50 47 64 26 39 43 52 44 25 27 7 24 23 73 75 37 40 13 33 72 22 61 70 12 51 5 59 38 2 66
20 13 46 7 49 26 8 65 27 36 10 17 19 48 22 4 70 64 38 2 72 62 28 41 6 63 51 39 16 11 31 37 54 29 75 50 0 57 73 60 58 9 47 15 5 24 69 23 67 33 21 12 66 68 32 61 18 3 55 30 52 35 25 45 74 1 56 42 44 71 59 34 43 14 53 40
0 20 58 33 63 36 52 66 65 34 13 18 70 60 46 3 57 7 12 17 62 30 64 29 37 41 28 68 56 14 16 22 11 31 50 5 75 1 39 71 74 47 45 32 26 73 53 10 42 48 8 43 35 54 69 9 51 21 40 59 25 72 67 38 6 44 4 27 61 49 55 2 24 23 19 15
34 46 10 33 63 14 11 32 3 23 47 54 24 70 50 38 59 57 29 31 62 6 43 16 71 66 7 4 15 5 42 25 21 44 53 37 55 52 12 36 26 1 0 45 8 17 61 20 35 30 74 22 69 73 49 27 41 9 75 40 51 48 28 64 68 13 39 56 65 2 67 18 72 58 60 19
9 66 0 64 23 30 71 70 45 50 59 41 25 37 61 58 38 33 16 35 36 48 31 32 24 10 4 5 54 55 12 18 60 67 2 29 43 40 53 75 46 8 68 47 56 11 62 49 19 44 65 28 17 51 21 74 52 22 72 7 57 20 1 3 69 13 63 6 26 34 15 27 14 73 42 39
32 41 25 71 58 46 24 7 57 53 14 66 1 35 2 74 68 21 75 39 19 23 52 15 8 17 12 6 4 0 51 45 48 29 61 50 72 36 30 20 26 67 16 18 5 3 69 44 65 63 62 37 33 56 22 9 73 11 55 64 40 43 42 60 49 28 70 34 13 10 31 47 38 27 59 54
59 12 41 33 47 63 65 57 67 73 58 8 20 42 13 49 34 69 3 55 17 48 30 31 25 37 9 39 62 66 6 11 40 35 2 19 38 60 46 32 21 28 24 72 74 15 56 4 29 18 14 27 7 22 16 54 5 71 52 64 50 23 10 75 44 1 43 36 61 70 51 26 53 45 68 0
13 38 14 9 73 32 12 6 5 48 42 39 3 18 57 15 45 11 41 66 28 67 19 30 50 51 34 29 46 31 37 25 21 55 20 71 64 27 74 69 8 40 72 33 43 61 49 23 24 0 36 52 10 35 1 2 62 4 17 75 70 53 60 68 26 44 47 7 56 22 65 16 58 59 63 54
0 25 7 41 46 3 5 68 43 60 39 32 48 38 55 59 62 61 51 49 21 23 57 52 44 16 9 13 56 33 37 71 53 36 34 66 69 24 35 64 58 14 72 26 27 22 11 40 50 17 42 73 8 20 45 54 63 65 2 75 74 28 30 15 47 29 1 6 10 4 12 18 31 67 19 70
12 73 61 3 27 6 32 41 30 23 50 71 1 43 21 63 7 37 39 35 33 60 70 10 19 36 15 8 34 45 13 75 54 59 58 51 9 20 5 52 42 46 53 17 49 4 18 26 25 55 16 69 11 66 44 29 24 57 14 0 28 72 64 2 62 65 22 47 38 40 31 67 56 68 48 74
34 17 63 74 71 30 67 52 18 1 43 47 8 29 16 26 23 37 5 54 28 48 68 38 39 73 75 19 49 15 25 41 59 31 20 13 57 32 7 6 10 70 58 0 44 27 56 12 2 11 4 51 22 53 42 61 69 35 50 62 21 36 40 65 72 64 55 33 45 14 3 46 60 66 24 9
37 1 50 39 8 53 22 26 74 72 13 6 52 54 46 29 44 31 32 41 18 33 75 71 17 51 69 57 9 14 42 11 68 38 21 10 43 70 49 73 4 20 7 47 63 0 48 61 28 62 25 12 60 19 65 36 30 16 5 3 40 2 27 15 59 64 34 58 67 24 45 55 66 56 23 35
49 4 51 53 55 57 67 13 19 16 43 3 36 32 35 47 68 38 52 33 40 2 31 1 9 71 66 65 58 50 20 75 44 74 64 61 60 11 18 24 56 28 7 42 15 10 21 54 73 22 34 6 72 8 25 5 63 12 59 14 48 29 62 37 45 70 17 0 30 69 27 46 23 26 41 39
69 15 29 49 24 58 45 66 51 14 3 7 25 21 42 23 30 65 1 48 26 50 38 73 11 72 41 28 70 27 62 37 63 17 59 0 39 6 10 16 4 67 34 74 75 35 40 36 68 13 60 32 53 55 43 46 47 8 9 61 54 5 18 56 57 20 12 22 2 31 33 64 44 19 52 71
75 5 37 8 55 73 29 13 32 40 63 18 41 39 35 52 72 17 26 42 23 60 21 67 59 20 19 28 46 44 61 24 30 3 16 43 34 4 47 33 54 12 9 62 6 66 36 15 69 38 71 27 51 45 74 65 7 25 68 70 31 64 53 57 14 1 49 48 58 11 22 2 56 50 10 0
19 20 18 25 60 39 24 62 55 66 53 21 11 31 69 3 71 42 44 8 16 13 68 54 65 28 32 23 45 67 47 41 30 46 15 36 12 74 38 59 34 43 70 10 64 26 27 40 22 75 14 7 49 37 2 29 1 61 4 48 63 58 6 73 56 35 33 51 9 57 50 0 72 5 17 52
59 13 2 30 29 0 63 20 15 32 60 33 61 57 9 51 68 21 44 3 75 7 71 47 53 31 45 12 40 48 5 38 64 27 74 67 18 8 14 55 19 52 66 39 62 54 16 50 37 23 17 69 36 34 25 43 28 56 26 70 72 1 24 58 35 22 46 73 4 41 49 65 10 6 11 42
46 65 58 20 55 51 72 41 63 50 3 62 10 22 75 21 71 8 1 59 39 44 53 42 30 48 70 28 31 13 6 17 66 49 61 15 45 73 64 26 68 18 7 35 69 57 36 56 12 23 4 24 67 19 40 14 2 16 52 74 27 32 0 5 11 54 29 38 47 34 37 9 33 43 25 60
18 69 19 50 62 5 15 55 71 67 59 8 57 61 13 72 2 9 24 44 27 58 40 12 31 66 49 30 23 56 73 7 14 74 36 51 1 38 32 68 22 64 45 48 33 21 53 39 26 63 46 29 37 47 34 70 16 6 52 0 11 43 28 54 20 75 42 17 35 10 4 65 25 41 60 3
59 69 8 54 75 21 6 45 41 35 15 74 19 0 9 2 14 42 25 66 23 20 39 13 1 72 33 18 4 37 30 38 48 5 70 12 47 60 52 7 32 34 10 64 51 44 26 3 62 63 40 61 71 31 36 65 55 46 16 29 50 67 28 56 68 73 57 43 53 22 11 49 27 58 17 24
44 25 23 11 65 43 63 37 16 56 3 17 62 33 71 22 55 18 30 68 75 61 57 1 0 50 69 53 15 14 36 31 27 26 59 66 29 4 13 74 2 24 72 42 38 40 12 47 7 5 46 70 19 73 64 58 21 41 49 52 20 28 9 39 6 54 8 45 48 10 32 34 51 35 60 67
43 32 60 9 24 22 26 23 1 59 64 14 0 37 74 63 16 54 56 30 53 71 38 6 48 44 51 21 10 49 42 13 19 67 25 31 28 18 17 27 52 40 57 70 65 58 2 7 8 3 73 4 11 68 72 39 36 35 29 46 33 5 34 69 66 75 55 61 15 50 45 41 47 62 20 12
7 71 8 15 49 14 19 36 1 75 5 11 47 31 18 32 38 26 25 51 13 50 58 2 63 37 61 60 45 4 24 29 56 23 16 33 20 57 59 73 43 69 21 53 28 44 65 74 68 54 3 67 55 52 62 46 40 70 22 12 0 9 48 34 10 35 42 72 6 17 39 66 27 41 64 30
39 3 58 52 28 53 21 57 33 36 1 30 61 50 35 6 69 45 2 29 59 8 65 14 22 41 26 40 42 67 7 74 46 34 49 48 12 10 0 62 20 68 75 17 38 37 55 23 24 18 47 15 16 9 4 56 27 66 11 54 13 5 64 63 43 19 51 60 73 72 71 32 70 31 25 44
50 63 27 14 5 43 44 72 51 28 15 45 1 39 22 59 37 64 34 17 0 30 3 46 66 73 35 24 18 20 48 40 70 12 61 71 58 74 6 57 49 23 31 10 60 69 33 65 2 42 68 55 52 13 4 56 19 32 16 62 25 7 21 41 53 26 54 29 75 47 38 8 9 36 11 67
3 30 11 19 24 40 69 38 60 53 33 28 73 37 47 70 61 65 2 44 66 5 26 74 68 51 45 23 10 18 64 52 48 72 67 9 25 46 7 71 56 29 12 0 55 4 20 62 15 21 16 75 63 22 6 14 58 8 1 34 54 35 41 42 13 39 49 57 59 27 17 50 31 36 43 32
34 41 69 35 46 3 50 62 44 7 68 63 37 22 61 24 18 14 5 13 49 9 73 48 29 30 10 6 56 39 17 54 15 43 58 20 65 55 71 19 47 25 74 40 0 42 64 59 67 70 26 38 11 27 32 75 4 16 72 12 52 57 51 53 31 8 2 60 23 28 1 21 66 45 33 36
49 22 2 42 24 34 70 31 32 37 51 28 0 64 66 19 35 50 74 15 38 23 69 53 73 6 11 44 52 10 68 17 1 21 3 36 26 54 30 72 9 56 13 41 62 43 20 14 18 58 40 4 59 60 45 75 16 5 12 25 71 65 46 55 48 47 29 33 67 61 39 8 63 57 7 27
4 5 49 17 43 72 15 41 36 47 0 34 53 7 58 3 64 13 10 66 22 68 73 9 39 18 31 61 28 40 45 46 59 69 6 32 70 42 35 33 2 54 30 23 25 67 51 12 44 24 21 14 71 38 57 29 55 75 74 60 37 48 11 20 19 16 62 63 50 65 26 52 56 8 27 1
67 35 40 32 10 48 51 16 7 33 57 29 39 68 17 22 20 5 37 8 36 49 59 25 44 9 74 14 26 31 64 0 12 42 53 70 58 24 43 27 56 47 75 28 30 46 62 19 1 15 6 18 34 61 38 52 63 73 60 13 55 66 3 2 21 69 23 50 71 4 45 54 72 41 65 11
55 69 52 36 58 27 43 51 0 19 39 23 40 48 31 37 22 74 7 61 44 60 15 65 49 70 53 26 4 11 3 35 8 45 28 63 73 1 56 68 34 25 30 10 24 50 67 64 20 6 46 21 29 2 9 5 54 41 32 14 42 17 71 66 12 57 38 72 16 75 18 62 13 59 47 33
52 69 58 21 46 44 51 68 32 5 13 30 39 10 25 67 66 42 1 59 15 40 11 55 61 35 19 62 18 54 37 22 53 72 45 3 4 48 57 33 60 31 50 74 9 70 2 16 23 75 14 28 43 24 20 47 36 29 65 73 63 34 71 26 0 27 17 8 7 12 49 38 41 6 64 56
20 4 21 16 46 31 60 32 65 45 0 47 11 53 66 15 5 37 26 35 36 10 1 74 52 30 48 54 22 44 24 18 59 12 70 41 43 73 29 50 34 57 38 40 7 75 28 49 72 9 64 68 3 25 14 71 33 8 62 69 61 13 17 56 51 42 67 6 2 19 58 23 55 39 27 63
7 57 41 50 12 49 27 53 25 10 58 62 45 48 8 30 75 24 71 14 17 35 73 13 55 56 5 29 21 64 61 31 67 4 3 11 51 36 43 59 44 22 15 47 40 26 32 34 66 70 74 19 72 68 0 6 52 46 39 1 20 33 65 28 37 60 42 69 54 16 9 63 23 2 18 38
3 46 53 30 70 74 33 14 20 73 12 24 25 54 27 36 26 5 57 31 58 52 29 72 75 69 45 43 37 32 8 15 19 6 65 4 62 60 71 0 64 28 9 66 18 42 39 59 11 63 13 51 56 55 7 41 68 21 10 34 67 61 35 40 47 1 49 16 17 23 50 44 38 48 22 2
23 43 66 64 24 30 45 14 6 4 11 16 44 58 0 53 41 13 25 9 2 31 22 75 35 73 28 50 49 56 59 55 12 19 68 10 42 48 69 38 63 36 18 8 67 40 54 1 17 27 26 39 20 72 61 65 70 37 74 57 51 21 7 71 47 34 52 33 3 32 5 60 62 46 15 29
2 33 39 69 0 13 44 36 72 50 49 52 34 15 6 24 61 58 4 67 20 12 26 22 45 60 74 40 66 51 71 9 53 29 25 55 64 54 48 46 3 43 11 59 5 75 68 10 32 30 31 70 63 57 47 56 23 28 38 35 27 21 42 19 18 17 73 1 7 14 62 16 37 41 8 65
58 67 69 4 47 26 68 15 16 32 71 24 49 25 17 46 5 13 18 65 6 63 29 23 70 43 1 53 42 41 54 66 11 64 0 48 50 73 22 3 10 31 19 7 38 37 52 44 35 12 56 9 40 51 45 72 55 33 21 20 27 61 60 59 62 30 28 57 75 39 8 14 36 74 2 34
4 47 15 40 12 31 21 63 16 53 54 64 55 46 38 36 24 14 18 27 25 17 57 67 42 30 22 49 13 34 58 74 7 60 51 28 9 11 70 69 2 52 72 29 43 41 65 10 35 45 0 56 66 62 1 39 71 50 32 33 8 48 26 44 61 59 75 20 3 68 5 6 37 73 19 23
54 7 2 0 72 10 49 42 13 73 16 29 60 19 15 63 14 31 47 69 3 39 9 26 68 23 25 67 27 65 34 32 70 1 24 58 36 38 57 5 45 44 48 35 71 40 61 21 53 75 52 43 18 37 74 55 28 30 56 66 62 8 6 22 4 51 11 33 64 20 12 41 46 50 59 17
74 49 44 23 3 39 26 30 0 53 68 69 17 6 59 41 20 11 52 2 36 24 1 56 63 72 22 57 16 58 19 40 12 48 75 25 54 46 42 70 55 65 29 13 32 67 4 71 35 38 47 27 50 18 9 31 5 43 34 62 33 60 10 64 73 14 28 21 37 51 15 7 66 45 8 61
1 56 24 54 10 46 28 25 42 73 62 37 29 8 47 72 34 39 75 58 0 36 68 40 3 5 4 57 30 43 70 50 51 41 11 64 49 14 38 18 26 7 33 27 48 67 65 32 9 69 21 19 12 22 13 53 66 17 2 61 6 63 44 52 74 71 16 15 55 23 31 59 35 20 45 60
46 34 40 9 19 17 64 1 62 4 10 36 41 56 70 27 35 24 6 8 69 25 38 57 42 51 14 47 30 55 48 29 49 15 53 16 60 3 33 74 39 2 66 73 28 65 0 58 26 23 18 13 12 75 52 20 67 71 59 22 43 50 72 31 63 5 37 32 21 44 11 68 7 54 45 61
55 67 73 32 26 49 52 40 25 70 43 5 14 21 45 6 72 60 2 28 15 0 51 22 9 1 54 33 34 50 16 74 23 42 19 38 11 63 37 41 13 20 7 10 17 57 24 53 56 36 64 39 59 68 62 71 29 12 47 8 48 69 18 4 75 58 66 65 3 27 30 44 35 31 46 61
39 35 57 40 6 23 10 45 13 25 38 34 48 33 72 37 61 53 55 8 51 63 0 1 31 41 73 71 43 32 58 12 4 7 64 27 70 60 19 56 21 42 68 46 24 54 49 22 44 15 29 36 28 59 47 17 11 5 52 67 30 66 50 20 9 62 74 16 3 2 69 26 75 18 14 65
38 26 41 75 50 71 74 20 67 27 5 52 32 39 45 55 68 49 30 24 3 31 22 56 72 61 73 65 8 43 2 59 7 10 66 46 18 35 16 1 6 21 40 34 70 37 9 64 51 12 4 47 42 54 36 13 15 19 69 63 44 11 29 60 48 58 25 62 57 17 53 28 0 33 14 23
54 0 60 23 50 75 58 6 45 63 27 70 56 20 59 42 11 15 61 21 34 40 32 24 37 46 36 9 47 16 51 41 65 28 13 4 18 48 52 1 8 57 3 55 74 62 53 10 7 69 67 26 39 19 12 73 2 33 49 68 31 44 29 14 5 25 72 43 30 71 22 38 64 35 17 66
26 65 47 10 20 40 23 21 53 8 67 19 45 17 12 34 58 71 32 14 25 36 54 51 39 29 62 16 68 57 59 70 56 66 43 44 3 48 52 63 55 1 35 41 22 7 37 15 11 13 33 4 24 9 27 74 64 49 72 69 31 6 0 30 38 60 42 18 46 61 28 5 50 75 73 2
59 65 17 12 71 4 14 46 44 5 39 45 31 6 10 13 64 43 55 48 49 51 21 29 19 70 38 23 74 53 60 56 9 68 28 75 16 18 72 33 69 37 8 20 67 3 47 24 35 62 1 30 66 15 2 34 36 22 32 57 42 61 25 27 26 63 11 7 58 52 54 50 0 41 73 40
25 44 10 27 49 34 4 63 48 65 57 71 29 15 70 22 2 50 61 24 9 56 19 69 18 14 47 72 0 62 8 1 30 13 52 35 53 12 67 11 33 20 68 43 51 3 21 23 46 60 55 74 32 45 42 66 41 59 6 73 7 36 39 31 40 16 54 17 26 5 37 28 38 58 64 75
26 9 3 10 27 32 1 73 52 67 53 2 20 36 28 15 31 42 29 63 75 46 57 66 61 62 55 17 51 0 8 25 70 45 74 14 19 38 59 22 24 68 30 34 72 49 35 6 4 37 43 33 48 11 5 47 41 71 13 64 54 39 7 44 56 60 58 65 69 23 12 16 21 50 18 40
72 33 30 1 50 59 73 52 67 64 10 21 48 0 27 63 66 51 46 9 60 5 57 25 38 55 13 34 28 71 58 29 18 37 31 35 36 68 69 22 40 54 44 17 12 47 26 53 65 20 42 11 39 3 62 14 6 56 75 43 74 24 7 2 16 4 19 23 49 15 45 41 8 61 32 70
3 23 24 7 51 31 61 17 19 8 4 25 36 1 58 40 65 18 0 42 46 47 60 56 5 35 44 41 62 21 55 74 34 43 48 69 33 38 22 9 59 75 45 28 53 11 27 30 14 64 67 71 12 39 29 2 15 68 6 63 20 13 66 16 70 52 10 49 50 57 72 54 73 37 32 26
24 48 1 74 17 33 52 39 60 51 45 43 46 59 55 6 5 27 18 14 32 63 28 35 23 0 61 15 25 12 26 72 64 4 53 10 50 20 8 30 16 31 41 56 9 34 42 19 3 54 65 13 22 2 36 57 71 68 44 70 47 62 38 75 69 21 37 11 67 40 73 29 58 49 7 66
8 12 36 39 67 65 53 5 35 46 3 49 16 62 28 73 66 57 63 24 34 51 59 33 41 50 42 37 74 32 71 68 52 0 7 75 45 22 11 38 13 23 54 19 44 48 56 55 69 70 6 64 10 58 30 14 29 20 27 9 17 60 21 15 47 25 61 1 18 2 4 40 26 43 72 31
15 18 40 67 33 51 68 21 16 6 29 47 70 62 28 35 58 30 26 69 41 56 25 59 46 63 19 53 12 31 1 48 57 42 24 3 44 11 0 52 71 27 73 9 74 38 43 60 64 55 17 13 10 49 39 23 65 54 32 2 45 5 75 50 36 7 34 4 8 66 22 61 37 72 20 14
6 5 7 51 26 68 36 32 33 70 42 25 19 37 60 30 0 48 11 54 49 57 71 41 61 45 20 39 13 40 38 55 74 58 46 1 67 47 12 52 31 65 72 50 62 3 10 4 75 34 23 21 64 43 2 22 56 35 16 8 14 66 63 29 15 17 28 9 27 44 69 53 18 24 59 73
70 36 42 9 43 29 14 18 26 27 3 21 65 0 41 67 71 60 17 52 35 57 55 34 31 20 75 49 11 72 5 13 63 19 2 37 15 28 23 51 46 48 74 47 22 66 45 8 38 16 4 44 61 64 1 50 10 24 62 56 69 40 6 68 73 12 54 30 25 59 53 7 58 39 33 32
