53 60 5 34 46 32 52 27 6 29 15 3 33 59 8 12 26 66 61 62 19 25 23 21 39 18 65 56 69 70 51 67 45 13 17 74 38 37 48 47 22 20 49 71 16 14 43 2 63 0 75 54 68 7 11 1 64 40 50 55 36 58 4 41 9 30 10 42 35 28 24 44 31 73 72 57
56 49 66 28 4 16 40 1 51 75 19 8 35 67 62 48 33 58 72 15 43 41 9 3 13 57 36 65 42 6 54 27 70 12 52 22 26 0 46 50 61 47 20 14 44 38 29 24 5 69 45 39 68 30 73 7 34 25 64 37 53 11 60 10 17 2 21 23 55 71 18 74 63 31 59 32
43 40 53 35 0 5 62 65 10 58 64 8 14 28 70 11 72 34 48 25 21 63 50 74 39 68 27 17 42 9 24 45 1 22 31 54 52 47 13 29 20 30 61 26 38 69 6 37 59 57 15 67 33 44 18 75 55 49 46 19 32 51 66 12 4 73 2 60 7 16 3 36 71 23 56 41
26 72 34 28 46 60 54 35 49 14 17 62 63 12 50 27 44 61 9 52 42 29 1 40 15 65 59 22 31 64 18 2 3 66 10 23 68 24 20 70 47 11 55 39 37 71 4 69 41 51 36 38 21 13 58 6 56 75 25 43 7 48 73 57 16 67 74 30 32 0 53 5 8 19 33 45
1 37 35 7 0 27 17 45 65 32 67 68 28 29 73 63 57 50 4 10 48 11 49 60 74 64 38 3 23 44 16 55 13 8 75 14 21 47 41 2 72 36 42 52 18 25 9 56 40 12 34 43 58 66 59 54 62 71 46 6 39 24 30 61 15 70 33 20 31 22 53 5 69 19 26 51
15 13 26 60 24 47 32 34 62 37 41 7 4 40 39 49 74 19 17 42 33 2 66 0 75 70 35 10 44 6 31 71 27 69 55 57 5 1 29 61 51 68 63 72 43 18 21 73 56 25 65 28 50 46 12 59 9 3 16 58 52 36 54 48 67 20 11 53 30 8 14 38 23 64 45 22
4 14 10 50 62 24 55 8 25 66 5 30 12 49 26 37 35 70 61 42 0 11 74 2 51 27 33 45 38 69 34 23 31 9 57 43 36 19 53 58 56 16 46 52 28 67 60 68 44 17 71 73 59 20 65 22 1 40 21 13 15 41 32 64 3 39 63 75 6 18 7 72 54 47 48 29
0 31 63 28 44 10 5 40 20 62 36 6 46 41 25 48 32 66 2 59 43 70 53 39 21 57 61 24 1 75 71 72 26 29 16 65 34 11 17 30 27 23 35 45 4 54 33 18 56 58 73 47 7 52 37 19 12 67 50 49 55 9 14 64 13 8 42 74 69 68 3 60 22 38 51 15
8 54 75 71 4 0 55 2 48 50 59 57 61 21 43 41 19 5 37 30 49 63 52 67 58 33 26 53 18 47 22 14 6 12 46 74 70 13 15 9 17 3 36 16 69 34 45 66 60 32 64 25 51 20 68 28 65 42 72 40 29 38 44 27 24 62 23 31 56 73 11 7 39 35 10 1
64 74 24 62 30 19 34 26 40 59 33 53 1 36 75 10 23 46 2 56 15 48 35 73 45 27 0 49 67 52 20 28 41 66 57 29 31 50 39 17 43 69 25 42 47 32 18 16 14 44 9 8 13 51 70 3 38 63 7 22 12 37 21 6 55 5 58 61 4 54 65 71 72 11 60 68
73 24 63 33 74 5 19 28 68 7 52 20 57 14 13 56 35 32 55 23 25 30 45 44 70 38 11 50 31 36 61 48 3 37 26 17 2 59 0 60 42 49 69 71 15 39 51 41 18 40 54 58 22 53 8 21 47 72 67 4 75 12 43 10 46 29 16 9 65 62 1 34 64 6 66 27
19 53 10 47 34 48 21 75 22 15 71 52 17 36 54 20 35 69 55 1 4 64 72 0 31 57 6 25 51 30 23 58 68 2 46 33 63 56 3 18 70 37 8 12 49 42 7 9 13 43 73 60 50 28 24 45 16 74 11 29 61 26 62 5 14 41 66 32 44 67 38 59 27 65 40 39
21 12 72 69 71 70 1 10 64 65 43 20 11 16 49 68 55 37 44 38 6 41 17 60 36 50 4 26 35 47 75 31 2 24 74 13 33 32 56 73 63 15 5 9 66 51 67 0 45 23 59 42 46 14 58 18 8 40 62 34 27 19 30 28 29 7 48 53 54 52 39 22 61 25 3 57
22 8 0 28 72 32 51 6 62 36 9 7 57 75 2 65 14 53 61 40 17 11 3 49 39 47 1 21 59 20 67 66 56 43 33 10 46 52 26 12 69 60 74 71 30 68 50 37 44 45 38 35 42 13 73 19 24 4 31 27 54 25 15 41 34 23 5 18 16 64 55 70 48 29 63 58
38 18 5 19 3 58 47 33 1 71 70 25 65 0 28 74 10 20 30 26 66 72 73 27 13 35 57 56 2 32 44 24 54 21 31 68 22 40 36 29 11 46 64 62 45 4 42 50 67 37 60 49 17 53 55 6 51 8 63 39 12 9 16 7 34 61 43 59 15 48 41 14 69 52 75 23
75 56 3 48 50 58 4 38 12 51 10 35 44 49 6 40 69 42 29 46 30 32 33 43 74 62 16 61 1 21 54 63 66 57 7 68 64 15 25 19 45 73 36 22 65 26 13 59 8 27 2 17 70 47 37 31 28 18 60 14 71 41 5 72 39 55 24 9 67 23 0 34 20 53 52 11
72 35 1 31 15 62 45 17 38 54 73 26 74 28 68 8 2 58 10 60 33 59 49 7 22 0 14 24 70 36 18 12 29 48 23 5 50 4 3 64 51 63 55 46 30 47 11 25 44 71 41 69 37 61 67 19 42 34 66 52 9 16 56 53 20 57 75 27 40 6 32 43 21 65 13 39
34 55 73 53 63 64 16 2 14 51 75 26 50 57 40 10 35 54 46 72 9 4 0 68 28 62 74 37 22 65 7 70 23 44 30 27 3 20 32 42 67 6 17 47 38 61 58 29 41 48 1 12 31 24 8 66 5 19 45 71 59 43 11 25 13 18 60 52 15 56 69 33 21 49 36 39
4 66 26 14 58 5 8 18 46 54 50 65 30 6 13 73 25 2 7 71 48 55 10 29 43 47 51 11 74 75 1 45 28 63 27 31 33 34 60 21 24 12 42 67 9 69 52 56 37 17 64 0 38 62 36 35 3 70 23 49 15 72 57 19 44 53 32 68 40 39 59 20 22 41 16 61
13 67 73 47 17 69 3 49 28 51 24 75 8 62 9 65 19 55 40 14 20 53 27 58 72 31 54 56 26 32 30 57 50 63 18 74 29 61 6 68 37 44 48 52 33 10 11 45 2 59 43 0 22 42 15 1 34 36 41 23 39 71 16 38 25 35 21 5 66 70 64 46 12 4 60 7
26 15 48 41 19 12 22 5 67 54 49 47 52 45 38 17 42 32 8 75 74 6 71 39 68 18 20 21 25 35 9 43 34 31 28 3 37 44 36 72 13 56 53 10 46 55 14 66 51 69 4 61 57 64 16 73 58 65 24 50 23 63 29 40 0 30 60 59 62 2 27 7 11 33 1 70
5 49 73 55 60 53 65 36 23 25 75 15 34 28 69 38 31 3 21 40 45 18 11 1 70 27 9 74 51 39 57 8 41 33 35 6 71 59 54 63 67 61 29 47 46 0 32 66 4 50 20 16 13 14 72 37 68 22 58 19 30 48 10 2 44 56 43 12 62 52 42 64 26 17 7 24
67 8 43 62 12 50 0 58 28 73 41 56 25 39 2 4 3 22 59 49 21 15 63 68 30 64 17 72 9 44 47 52 20 19 74 11 61 33 55 51 14 37 34 66 69 65 27 26 42 24 75 53 54 35 16 5 32 40 60 18 7 36 71 10 29 45 46 57 1 6 13 23 70 38 48 31
20 70 65 10 51 74 55 54 1 50 75 18 57 58 43 56 44 39 14 30 52 26 73 15 2 60 5 29 23 21 67 47 59 16 32 61 72 68 63 27 45 12 7 66 35 17 53 64 31 24 34 25 42 3 48 6 22 4 69 46 36 33 37 13 49 71 0 41 62 38 19 28 8 40 9 11
73 31 21 6 37 74 4 14 5 20 55 53 46 49 2 60 19 27 24 34 42 36 62 66 63 39 17 9 10 68 16 23 40 45 38 72 58 0 1 29 25 65 3 43 56 11 51 50 67 71 35 22 13 12 15 64 30 75 32 52 8 33 70 69 18 57 7 41 48 59 61 44 54 26 47 28
34 59 26 33 69 0 31 27 35 9 46 64 41 49 43 21 65 70 74 53 55 4 44 19 48 6 60 30 51 28 3 52 2 45 71 37 36 40 56 18 16 61 24 72 75 8 68 7 22 73 47 42 63 54 32 11 10 62 12 57 20 50 39 13 58 23 66 15 14 25 17 5 38 67 1 29
66 12 19 11 10 44 5 50 2 62 32 34 29 75 61 51 22 40 21 53 7 68 39 17 60 35 46 42 73 6 20 49 25 47 48 52 24 43 30 65 26 57 54 4 8 1 36 56 38 64 9 72 74 14 13 37 70 59 45 71 3 16 18 58 63 33 15 55 41 69 67 0 23 27 28 31
45 9 31 49 38 19 0 60 66 55 70 62 46 7 15 11 22 57 65 54 27 30 48 20 33 2 74 71 39 73 21 6 75 64 59 50 42 26 36 14 32 52 35 1 16 53 23 25 29 8 3 58 37 28 17 12 68 34 44 18 24 63 56 10 72 61 5 4 43 47 40 67 13 51 41 69
54 14 41 61 3 36 11 10 62 32 2 65 44 21 73 58 70 27 35 60 25 31 5 50 16 56 67 69 38 4 43 64 24 12 15 75 51 7 33 52 46 13 45 53 47 55 20 34 19 26 74 17 42 30 29 72 71 9 49 63 6 39 22 68 23 57 66 48 40 8 28 37 1 0 59 18
70 25 21 43 18 58 22 42 48 68 63 35 64 41 49 54 4 31 0 8 5 60 61 56 13 53 32 11 28 33 50 36 27 40 66 55 37 62 45 9 69 44 24 46 3 12 57 19 7 14 6 47 15 72 1 16 38 52 29 23 74 75 59 73 20 26 51 17 10 71 30 39 67 2 34 65
55 43 53 7 64 8 65 74 49 5 34 71 60 72 15 26 37 75 50 59 22 35 69 3 70 39 73 38 48 19 31 47 46 66 14 0 52 62 40 51 36 54 24 45 2 12 20 61 16 63 18 27 25 6 4 44 33 57 23 9 32 58 67 30 1 21 56 13 28 42 29 17 41 68 11 10
62 56 16 25 7 65 58 39 47 29 18 66 46 50 5 8 52 64 59 75 23 37 3 13 22 41 36 1 27 55 24 42 35 72 60 20 14 10 28 49 57 40 12 48 21 68 2 54 9 26 71 0 43 11 31 63 53 33 70 67 45 61 32 51 6 73 4 38 34 69 17 19 30 15 74 44
51 45 21 19 34 70 33 20 61 42 6 66 2 72 67 54 28 29 24 69 11 36 64 68 50 17 1 46 71 3 44 43 5 41 10 37 40 9 13 0 74 58 12 15 56 26 31 30 25 52 73 53 38 23 75 57 14 39 35 4 62 55 59 22 48 16 18 63 47 49 7 8 60 65 27 32
11 19 29 34 60 20 14 18 37 45 31 32 66 68 62 7 21 8 50 63 2 5 74 36 70 12 17 52 64 0 47 10 56 24 53 38 26 69 71 35 72 42 6 75 58 46 51 13 41 3 1 30 48 23 25 61 39 73 40 43 28 65 27 9 67 55 49 15 44 57 33 4 59 16 54 22
37 44 69 62 60 1 31 13 72 30 8 29 71 22 63 38 49 6 19 15 42 2 7 5 21 39 28 74 16 23 41 20 9 75 45 26 52 70 53 59 46 54 65 14 43 64 25 32 73 56 47 11 4 0 36 12 57 34 48 27 61 50 55 51 35 58 68 3 18 10 67 40 66 17 33 24
37 62 42 23 61 38 10 16 59 54 56 66 35 3 29 55 13 0 50 71 33 75 20 26 63 11 36 5 27 17 25 12 49 60 43 24 9 74 73 2 69 1 8 6 72 65 14 47 44 51 52 30 19 57 46 31 40 34 48 41 64 7 70 21 45 67 28 4 15 53 32 39 18 22 68 58
18 28 23 4 52 48 1 60 31 2 59 50 46 13 35 0 24 51 30 12 14 34 58 5 73 29 55 70 8 53 75 72 47 36 38 26 22 44 65 3 27 19 63 66 21 32 20 39 11 10 42 16 40 61 69 67 57 64 41 9 43 56 37 25 74 49 7 68 71 54 33 6 45 62 17 15
57 63 11 18 41 74 23 39 31 25 1 60 54 59 53 28 67 29 2 45 0 20 3 40 13 48 9 43 64 47 8 4 22 69 52 14 15 68 33 27 37 46 42 62 17 61 58 49 12 19 56 16 30 6 55 5 73 71 10 65 7 26 24 21 35 75 72 66 50 44 32 38 70 34 36 51
73 2 1 72 46 64 15 69 66 14 36 29 62 50 49 30 25 61 10 6 20 57 33 4 71 52 41 43 7 17 60 48 53 32 45 13 47 75 34 8 42 9 16 5 37 55 70 11 26 31 39 63 44 27 65 19 35 24 0 54 23 67 3 38 58 56 21 22 68 74 40 12 51 59 18 28
23 58 9 73 48 0 14 37 49 57 66 55 60 43 28 27 17 18 46 16 3 69 33 35 6 44 10 67 72 8 31 71 21 19 70 68 41 61 75 2 15 32 1 45 39 13 4 12 74 40 54 59 53 30 20 26 38 52 5 47 63 29 65 51 24 50 56 7 36 25 62 34 22 11 64 42
5 66 24 29 7 16 12 53 26 57 37 46 43 75 38 45 10 28 50 27 31 3 54 74 42 6 56 68 9 15 62 39 67 33 30 73 48 70 65 63 59 4 71 34 69 49 1 17 72 13 11 55 21 18 8 51 61 14 19 23 41 40 47 22 44 36 25 32 35 0 52 58 60 64 20 2
19 41 69 33 28 56 32 57 64 24 61 60 0 66 72 39 45 31 71 22 70 34 5 67 13 65 20 37 40 35 9 51 44 48 16 58 30 7 21 62 2 25 54 49 50 18 73 29 17 42 55 52 10 47 38 36 68 6 74 53 46 8 75 59 63 27 26 3 1 11 23 15 43 14 4 12
11 67 25 47 37 39 55 15 43 70 33 73 18 29 5 35 57 59 7 66 27 8 53 42 74 75 65 48 52 16 40 54 46 17 20 4 0 21 28 41 23 30 6 26 63 68 44 56 64 14 12 32 22 45 2 72 58 3 10 60 51 13 36 71 34 1 69 24 31 38 9 50 62 19 49 61
1 42 60 56 8 22 33 17 16 5 24 54 68 11 37 0 25 20 30 21 7 28 74 65 23 53 36 35 75 3 50 41 46 26 62 34 71 15 67 43 32 9 4 49 72 66 69 29 47 61 39 51 59 19 27 31 38 48 70 64 73 13 58 12 2 18 52 6 44 14 57 63 40 10 55 45
24 47 25 74 61 9 62 20 26 50 48 35 13 75 66 4 73 39 45 64 36 44 68 54 72 16 7 12 18 14 51 65 38 32 41 1 57 21 5 27 59 71 22 0 19 6 52 17 46 42 67 56 31 33 60 40 34 43 58 49 53 15 10 23 2 30 55 63 37 11 69 70 8 28 3 29
26 25 45 67 15 27 44 29 57 36 21 65 17 39 59 53 54 51 4 16 38 23 31 34 48 42 61 63 30 68 58 7 49 72 18 46 6 66 11 19 3 47 10 50 28 62 74 52 41 60 33 32 40 5 2 64 8 9 13 69 73 55 37 70 14 43 0 1 71 75 35 56 20 12 22 24
62 60 41 67 10 31 43 15 49 30 48 75 34 42 25 66 19 74 14 56 7 54 26 5 58 12 71 0 38 73 24 36 68 37 8 23 32 57 1 35 53 47 63 50 16 28 52 4 69 29 44 17 21 20 22 2 6 46 59 45 51 11 33 40 27 55 61 64 72 70 3 9 13 18 65 39
48 6 64 47 65 15 31 41 21 35 29 30 50 12 14 72 39 22 33 17 69 68 56 10 8 74 37 43 44 57 16 20 4 70 25 54 2 26 71 58 1 7 45 51 28 24 40 63 53 27 52 13 46 3 73 49 60 11 9 19 23 36 59 38 5 61 18 32 66 42 0 67 55 75 62 34
66 45 75 55 39 69 3 37 36 23 63 41 19 20 47 59 71 44 56 1 65 24 6 61 67 40 21 13 73 29 49 68 4 54 60 10 70 18 51 43 9 53 7 42 11 12 50 28 15 30 25 57 31 52 64 74 5 62 35 32 8 22 72 26 0 46 48 58 17 16 27 34 14 33 2 38
25 39 53 31 50 41 6 74 21 28 18 54 55 22 45 73 24 42 0 63 14 20 58 33 10 35 13 5 68 71 8 48 4 47 51 64 23 2 29 32 60 15 11 9 17 19 61 56 65 38 46 72 40 57 1 37 49 62 12 44 69 59 43 66 34 16 26 27 75 70 30 36 7 67 52 3
56 68 67 4 9 37 6 64 35 29 53 34 48 19 13 5 41 43 25 21 27 20 55 57 22 40 50 39 61 62 23 11 8 14 73 32 38 15 60 66 10 46 51 30 7 17 63 12 45 59 42 18 0 36 49 1 52 3 54 72 70 71 74 47 26 28 75 33 58 2 44 69 31 16 24 65
43 24 66 5 67 31 56 64 19 44 74 21 14 45 15 17 11 41 47 9 4 33 51 23 53 8 46 55 49 3 18 70 12 1 42 72 65 28 20 34 50 52 57 60 6 68 75 62 38 7 10 73 35 40 29 27 63 16 13 37 58 26 71 36 59 32 69 39 48 54 22 61 2 30 0 25
35 52 50 59 65 3 43 71 23 55 63 16 37 64 14 57 48 75 10 54 11 66 0 30 40 72 34 33 18 41 53 36 68 67 44 8 56 24 26 47 9 69 17 7 73 62 32 4 51 20 70 2 74 1 38 29 6 45 46 58 12 61 22 39 28 19 5 49 31 15 27 60 21 25 13 42
42 26 16 59 73 2 37 51 24 46 41 58 71 49 60 21 69 34 9 7 27 36 52 64 22 17 56 31 70 39 10 3 65 75 0 43 55 14 15 57 40 67 38 8 74 23 30 54 4 53 12 6 48 47 29 32 50 19 1 33 66 13 5 18 68 20 72 62 63 35 11 44 28 45 61 25
59 52 40 17 67 60 37 42 1 45 50 12 51 48 34 30 4 57 35 41 33 32 18 72 21 20 26 64 3 53 10 68 14 13 8 75 55 38 29 61 44 54 36 6 27 65 9 73 71 43 46 25 28 74 19 66 49 70 15 62 11 0 22 24 39 16 56 7 5 63 31 58 23 2 69 47
70 39 1 59 69 2 18 37 15 16 40 58 11 42 46 5 23 8 17 4 32 43 20 12 28 66 63 75 19 57 49 9 68 74 33 29 45 54 25 71 61 13 50 47 41 26 21 67 51 52 0 7 34 38 56 14 35 64 3 10 73 65 31 53 24 30 62 27 44 22 55 60 36 72 6 48
10 38 32 4 16 35 9 72 56 40 21 55 68 12 69 58 36 52 59 1 46 74 24 43 41 27 64 5 15 70 37 26 73 34 63 50 18 71 29 2 51 14 28 75 17 49 23 0 22 61 67 39 8 20 11 62 60 57 7 6 53 65 45 42 47 31 13 48 66 3 44 25 30 33 19 54
47 59 72 18 51 37 1 68 71 64 69 75 16 30 34 27 55 36 46 45 8 61 2 12 38 73 41 44 7 48 65 25 29 49 54 74 22 13 43 6 23 57 5 58 39 33 19 60 70 35 24 20 14 63 42 21 9 67 3 66 15 28 31 50 32 53 62 0 11 52 10 40 17 4 56 26
66 26 62 27 33 10 52 30 5 45 49 68 53 71 67 18 24 1 25 0 50 13 6 35 55 19 36 44 75 17 63 39 20 11 23 3 12 61 9 56 8 22 64 48 72 16 15 58 4 34 14 54 57 69 73 41 43 28 42 47 29 59 7 70 32 38 65 37 31 46 74 40 60 21 51 2
18 46 38 58 62 59 57 6 55 66 45 8 50 1 42 25 5 34 0 2 56 37 40 21 20 74 14 31 51 19 68 65 32 16 36 60 4 7 23 75 29 47 26 33 12 9 11 69 39 28 3 64 35 70 43 13 72 52 63 24 15 73 44 54 67 48 27 10 41 22 61 17 49 53 71 30
61 73 31 24 75 9 22 51 71 11 35 56 39 50 40 8 49 59 65 21 29 16 74 17 26 66 43 42 14 27 34 6 38 69 46 60 28 63 7 68 23 54 45 12 53 41 13 47 1 30 62 3 25 4 67 72 36 33 15 32 57 18 37 10 44 19 5 48 64 20 70 2 58 55 0 52
15 22 8 51 41 34 2 75 72 50 7 52 66 9 57 24 67 23 20 62 17 29 1 13 18 64 38 49 27 37 63 11 65 45 14 4 53 6 12 19 21 16 73 5 59 56 47 44 70 35 30 3 68 54 60 0 33 25 55 74 32 46 40 36 58 48 39 71 43 42 28 26 61 31 69 10
62 28 65 45 26 12 17 13 10 44 59 49 19 14 33 60 27 36 21 5 25 67 39 63 22 7 18 75 66 41 43 58 31 38 9 0 51 61 64 55 72 6 52 16 70 15 32 30 42 54 48 68 47 2 37 20 57 53 34 3 40 56 29 69 50 73 4 23 1 35 71 46 24 11 74 8
20 15 14 11 5 35 13 51 73 46 6 1 37 19 68 55 58 71 43 57 49 24 7 27 41 0 10 32 3 45 64 34 22 21 25 16 33 4 56 60 75 72 59 69 39 54 12 61 62 26 30 38 8 29 40 74 66 42 67 70 31 48 9 36 53 18 23 28 52 2 17 50 47 63 44 65
36 29 68 31 45 44 19 75 62 50 41 48 7 4 56 66 49 8 3 43 30 24 54 72 57 38 61 37 74 55 71 28 60 20 18 22 16 73 34 65 12 69 15 47 35 67 46 39 5 23 1 33 51 53 6 58 42 0 13 70 40 17 25 59 26 2 63 52 32 64 10 9 11 27 21 14
60 38 49 16 30 51 35 39 67 9 36 29 23 52 64 54 46 13 55 28 43 25 26 53 8 22 61 10 72 15 69 68 18 44 37 40 70 58 45 20 7 1 66 17 41 59 32 50 2 19 21 31 12 42 24 34 27 6 33 0 71 14 75 65 11 3 48 73 56 62 4 47 57 63 74 5
6 2 27 12 40 58 38 20 35 24 65 49 64 59 68 11 37 4 75 74 69 41 32 0 72 73 22 70 8 53 3 33 51 15 43 5 17 9 1 46 26 50 71 30 44 16 61 19 66 34 67 29 45 54 21 28 13 56 25 42 18 48 36 52 47 57 7 60 63 55 14 39 10 31 62 23
12 36 52 18 23 10 66 13 29 55 31 6 11 25 56 42 48 58 46 74 47 21 15 39 53 40 54 37 1 59 67 33 3 30 45 71 57 17 63 28 20 65 73 14 8 26 41 24 70 62 64 7 0 50 61 75 19 9 49 16 5 27 22 2 69 68 34 72 51 4 60 44 38 43 35 32
32 3 58 31 19 13 30 66 52 48 12 45 24 38 8 53 10 25 64 16 21 14 39 73 55 4 28 17 74 0 41 29 68 36 40 59 18 15 46 72 69 22 61 35 11 63 51 34 70 62 56 44 65 60 42 37 26 57 5 67 50 9 1 54 75 49 7 33 6 23 27 43 71 47 20 2
61 55 38 3 42 40 69 28 4 52 23 57 59 54 2 58 20 1 27 19 5 13 49 6 65 66 73 29 68 10 41 35 39 74 45 32 14 37 64 11 51 26 44 25 30 63 7 31 50 0 12 62 34 53 17 46 9 60 18 43 33 36 71 8 56 22 72 24 16 67 75 48 21 15 47 70
23 29 19 54 20 50 31 35 3 73 66 62 6 37 7 61 36 11 22 9 68 42 64 39 70 25 43 38 21 45 13 63 67 12 56 57 47 24 4 69 8 75 32 49 17 72 30 10 48 41 1 74 59 14 34 26 65 52 40 60 44 5 16 27 55 18 58 0 53 2 33 46 28 15 51 71
55 30 37 53 54 62 65 38 34 47 45 60 71 35 13 14 31 27 59 21 9 8 12 58 19 67 66 68 57 50 10 26 16 70 36 64 4 11 72 75 40 46 15 2 41 28 49 18 24 52 29 20 32 73 43 25 0 39 3 7 23 61 17 33 51 56 63 44 1 5 69 22 6 48 42 74
66 3 45 26 7 16 68 22 4 1 69 46 39 62 11 67 31 59 17 74 36 41 37 47 15 58 6 73 18 30 2 54 40 48 55 51 49 75 38 8 34 65 9 28 56 52 20 27 21 53 64 60 25 43 12 33 57 42 10 50 24 72 14 19 35 61 0 32 13 63 71 5 29 70 44 23
75 17 30 48 38 19 2 55 39 43 10 51 18 72 67 13 3 20 35 0 7 49 21 41 53 45 50 71 66 33 40 60 11 64 74 47 22 5 68 34 1 28 9 59 36 15 4 37 6 57 31 42 25 23 26 63 12 14 46 27 44 69 56 54 65 70 24 29 61 32 16 8 62 73 52 58
42 75 62 11 24 37 69 64 20 2 73 59 65 23 27 15 16 3 57 49 21 1 25 35 58 30 19 34 31 56 72 71 0 46 47 9 66 39 54 13 53 41 6 32 74 5 67 43 48 7 22 33 8 14 12 38 63 52 45 40 26 60 51 68 61 36 18 50 10 29 28 4 55 44 70 17
24 54 32 59 73 53 56 40 18 8 58 25 23 3 33 27 43 41 14 29 57 31 69 74 34 67 11 21 28 66 20 72 64 46 48 61 62 52 35 42 10 65 63 19 49 6 38 70 37 60 26 16 55 12 2 45 51 13 15 17 68 75 1 30 0 22 39 71 36 44 47 4 9 5 7 50
21 58 68 31 47 8 48 30 1 39 33 72 19 16 74 61 42 60 64 65 62 70 4 34 43 38 49 40 44 9 18 3 53 55 67 57 46 75 50 13 66 6 37 45 15 63 36 0 7 71 32 17 41 56 12 26 54 51 22 59 24 52 27 69 35 73 10 5 11 23 29 28 20 2 25 14
33 27 60 36 64 41 18 50 73 28 75 7 15 71 65 4 38 54 32 10 6 39 67 59 21 13 29 20 11 47 72 56 24 34 46 43 52 22 40 23 31 2 8 45 26 55 57 30 14 0 63 1 61 19 16 74 44 25 58 51 9 12 35 70 53 68 3 5 42 49 69 66 37 48 62 17
45 25 14 64 42 61 6 65 3 22 24 33 44 51 13 50 52 12 26 39 10 38 8 48 16 9 71 36 73 19 17 41 67 15 5 32 55 60 59 27 23 20 35 40 54 4 66 29 63 0 28 37 1 2 53 43 72 7 56 58 11 75 57 74 30 21 34 46 62 69 18 31 49 70 68 47
74 21 38 65 12 27 28 30 39 24 56 72 11 8 31 15 14 70 6 34 46 60 4 55 32 19 18 58 37 69 40 43 17 45 44 63 42 54 16 62 0 25 64 29 71 73 3 53 52 48 75 66 20 33 68 50 9 5 41 26 10 23 57 13 7 35 51 47 22 61 2 67 59 36 49 1
15 44 21 19 70 4 29 62 23 25 64 10 20 56 1 30 8 68 13 9 55 14 69 57 5 67 31 50 75 33 24 65 12 48 51 16 61 49 59 18 73 28 38 43 34 37 7 45 53 17 3 22 2 72 74 35 71 27 41 36 58 39 40 47 32 66 26 52 54 11 60 63 42 46 0 6
53 31 10 26 36 51 20 0 60 29 50 4 52 34 46 28 27 8 32 45 49 15 17 75 67 13 23 59 35 39 37 68 33 56 7 30 58 21 6 42 62 47 57 43 11 73 25 55 66 1 65 40 19 48 41 54 61 3 14 22 38 64 12 18 24 5 2 9 69 70 16 72 74 44 63 71
63 49 73 26 38 36 74 31 37 53 34 59 7 30 72 18 41 62 19 60 17 8 29 70 6 40 35 20 44 48 14 43 71 52 21 22 23 11 46 1 65 68 32 45 56 3 25 15 39 12 13 47 27 75 58 2 67 0 33 24 4 61 66 51 10 9 57 28 64 42 16 55 69 5 54 50
38 29 20 21 54 75 25 22 42 6 9 58 30 71 68 55 41 73 10 11 46 70 15 34 50 27 43 56 74 62 33 14 32 31 0 72 19 35 45 65 24 4 5 18 64 59 12 37 44 3 66 39 16 2 28 51 13 48 47 61 8 17 40 26 57 63 60 36 7 53 67 1 23 49 52 69
5 21 57 47 59 18 6 8 49 67 51 26 43 44 7 9 72 19 58 20 70 29 75 24 41 52 53 12 10 48 16 15 64 40 45 2 39 60 17 74 69 56 30 38 42 35 4 27 63 0 34 31 62 65 61 22 68 11 13 23 3 28 54 66 50 37 36 71 73 33 32 14 25 1 55 46
32 63 51 39 28 1 11 67 35 75 59 50 20 34 2 54 25 48 37 38 3 21 17 36 13 45 64 16 30 9 10 60 55 6 24 73 15 46 0 40 8 57 29 52 53 62 69 4 33 42 65 74 14 61 68 26 41 18 56 58 70 47 5 23 7 31 72 27 19 66 12 22 44 49 71 43
48 72 31 26 11 40 69 66 1 0 21 39 17 37 13 73 12 42 35 68 50 74 49 23 54 34 10 62 64 3 55 9 25 46 47 70 8 71 18 28 53 61 33 27 19 2 65 67 22 24 6 38 59 58 60 14 51 57 15 56 44 30 36 29 16 7 20 41 45 52 43 63 32 5 4 75
74 29 11 61 30 19 39 0 18 47 36 13 41 24 75 50 26 33 67 35 64 22 31 56 65 66 59 14 23 53 8 58 20 52 7 12 57 9 34 43 5 72 10 25 15 16 49 68 37 32 2 60 44 1 45 62 4 27 73 42 6 21 28 54 69 38 63 71 40 17 70 46 51 48 3 55
39 29 35 52 18 5 48 22 45 1 2 51 33 37 19 15 73 3 53 38 6 12 21 26 64 43 44 10 25 47 27 42 28 62 40 74 71 60 58 63 55 70 34 16 65 49 75 14 50 57 61 4 20 17 30 32 31 7 67 24 11 46 13 0 41 59 66 68 56 69 72 23 54 8 9 36
16 44 60 34 2 63 26 15 65 9 37 28 13 33 23 19 54 53 40 46 29 4 25 66 59 18 35 32 55 62 22 56 8 31 70 12 49 27 43 74 47 5 38 0 36 21 69 57 71 42 45 14 7 41 67 20 73 68 3 51 48 75 50 58 1 72 6 30 52 64 39 61 11 24 10 17
6 33 10 19 26 3 34 14 44 45 72 52 49 73 5 32 22 36 13 28 35 54 65 30 74 11 37 56 63 27 41 42 62 46 29 75 40 61 66 47 43 9 70 0 67 50 15 68 31 59 53 39 64 4 55 2 12 17 1 21 38 51 60 69 7 57 25 18 8 16 71 48 24 23 20 58
36 65 72 12 10 23 43 34 42 68 37 38 47 74 4 7 19 75 62 48 61 51 31 66 27 49 69 71 53 55 35 63 57 46 15 14 22 21 5 26 58 3 20 45 52 8 16 24 17 25 54 13 70 67 9 28 18 40 30 2 50 32 44 11 33 1 60 6 0 39 73 56 29 64 41 59
40 51 31 35 4 18 44 32 34 14 59 7 63 12 49 5 27 69 68 73 9 37 1 75 64 67 25 11 60 17 33 30 43 66 50 45 8 16 46 21 48 53 54 29 10 57 38 39 41 6 72 71 70 56 20 42 65 3 47 24 58 13 15 19 74 26 55 0 28 2 36 23 62 52 22 61
50 15 52 24 41 69 53 21 36 62 11 42 75 56 13 59 18 7 61 0 39 48 63 38 45 5 20 46 26 68 66 28 1 12 32 55 25 27 74 67 17 14 30 31 35 4 40 2 29 54 23 58 9 33 43 47 16 51 72 10 22 8 70 44 60 3 49 71 64 34 65 19 57 37 73 6
69 30 68 62 27 46 53 48 25 54 11 64 26 0 56 6 67 8 38 3 60 5 61 17 47 70 37 9 45 28 49 59 31 2 39 1 73 16 12 50 14 20 19 23 36 21 33 34 52 55 13 57 63 65 42 74 10 66 18 32 43 44 51 71 58 22 24 7 15 72 40 29 75 41 35 4
14 73 42 30 69 39 25 26 4 15 41 70 19 6 46 36 23 0 66 7 11 55 32 48 35 57 43 17 40 61 68 28 64 3 63 53 31 21 59 45 38 27 24 71 5 54 44 62 52 1 22 20 56 49 74 16 10 2 37 29 65 51 9 34 58 75 18 47 50 33 67 8 72 60 12 13
2 5 16 13 48 72 66 17 7 49 30 35 29 54 4 34 8 33 18 23 50 63 37 55 20 73 28 0 19 14 44 22 69 58 65 36 26 62 31 15 70 41 38 71 21 74 27 9 42 46 60 53 56 45 11 24 67 64 3 52 75 61 6 40 25 59 1 43 32 57 68 39 12 51 10 47
64 66 22 59 53 4 17 30 71 51 11 40 50 27 12 6 8 37 33 45 13 54 9 65 42 2 31 49 70 23 36 63 57 35 1 5 68 43 34 67 10 69 20 73 44 72 41 52 18 75 28 7 48 19 56 15 32 29 62 21 26 47 16 3 0 25 61 60 39 58 24 55 38 46 74 14
16 35 70 55 47 66 10 4 44 65 14 13 22 45 52 40 11 53 60 43 49 2 7 25 46 0 23 1 5 27 8 17 63 30 33 36 67 56 20 68 73 72 62 18 26 69 50 21 39 34 19 3 59 48 57 71 61 15 75 41 28 6 42 54 9 64 38 32 74 12 31 51 29 58 37 24
50 46 20 58 33 56 49 75 11 25 31 47 23 64 42 61 12 34 16 17 44 74 2 43 5 62 35 0 53 27 19 70 67 3 65 22 51 72 18 71 13 1 66 7 30 54 59 45 8 26 37 21 10 36 68 60 28 4 6 48 63 15 24 40 52 9 14 57 69 55 73 32 41 29 38 39
