39 65 37 56 29 10 3 11 22 8 9 53 54 66 21 46 0 35 64 30 2 61 5 12 16 26 13 20 45 43 4 50 18 1 24 55 57 17 38 23 33 31 49 63 69 36 51 32 28 59 52 41 6 62 34 44 15 60 7 42 67 48 40 47 14 58 19 27 68 25
45 40 27 37 55 42 8 60 7 1 39 66 10 32 3 59 2 5 26 31 46 67 6 14 36 28 61 68 16 20 17 21 15 19 62 12 69 58 56 13 38 63 43 24 22 41 18 33 54 65 30 48 64 53 35 9 23 49 52 11 0 51 50 29 4 47 34 57 44 25
3 1 18 27 8 57 50 31 2 65 22 29 14 11 40 49 48 64 52 62 58 28 67 54 12 36 34 33 66 24 0 23 61 56 4 46 59 47 32 6 25 30 38 55 13 5 44 60 37 9 21 10 43 16 17 20 15 39 53 68 51 7 69 63 19 35 41 42 26 45
8 60 14 11 0 34 58 19 17 44 4 21 63 29 47 61 50 5 6 64 27 66 35 3 67 48 36 22 59 30 57 38 53 10 32 51 56 55 20 41 12 1 23 26 16 69 43 65 62 25 2 52 45 68 49 28 9 24 37 7 18 15 42 39 46 13 33 40 31 54
63 39 47 10 67 33 8 50 17 21 41 48 2 61 51 7 62 11 26 56 27 19 25 5 24 9 13 40 64 46 14 15 35 23 55 32 30 16 31 12 44 57 69 66 1 38 34 20 22 4 28 29 52 60 68 42 6 49 59 18 54 53 58 0 36 43 65 45 3 37
2 8 69 21 48 62 11 43 44 16 50 64 31 24 46 12 32 29 22 60 14 57 17 41 10 9 26 15 63 55 27 65 23 56 0 52 59 61 51 5 7 39 18 53 25 35 6 67 34 47 68 36 13 54 30 45 58 3 49 19 1 33 4 28 37 66 42 40 38 20
35 59 38 46 44 54 0 40 31 21 69 3 63 25 32 24 55 64 28 13 26 62 68 45 22 27 17 67 7 11 52 66 61 2 48 10 65 15 39 50 57 12 41 30 8 49 42 19 56 53 29 47 1 37 20 60 6 16 9 5 43 14 23 33 58 34 51 18 4 36
42 1 21 40 7 0 5 18 60 50 29 68 8 45 6 47 46 49 56 15 58 25 24 33 66 51 41 53 19 14 63 17 26 27 28 22 12 69 54 20 48 3 55 30 59 64 23 57 16 61 11 67 35 13 34 4 52 36 37 10 62 32 44 65 39 31 9 43 38 2
59 40 7 2 30 17 26 61 46 42 68 13 58 24 35 34 3 56 37 45 1 52 49 11 19 16 12 69 48 32 65 20 8 6 36 21 29 57 14 62 43 4 27 55 41 39 25 18 63 22 50 53 23 47 51 9 33 31 5 10 64 66 67 15 44 38 54 60 0 28
33 32 62 46 20 4 2 26 7 6 29 24 3 56 52 5 12 34 53 21 59 50 63 48 15 1 38 64 61 30 31 68 60 58 67 8 10 18 9 28 69 16 65 49 0 23 19 45 43 54 40 17 11 39 57 36 42 55 66 44 14 35 13 25 41 37 22 51 47 27
31 47 65 29 41 36 26 1 54 20 44 8 40 49 37 14 66 60 9 55 43 15 18 59 0 28 63 53 5 12 57 64 17 22 69 62 38 30 10 61 7 24 6 19 58 52 3 32 46 11 21 34 16 50 51 67 27 39 25 23 48 35 4 2 42 33 45 56 13 68
27 23 53 2 11 47 60 64 0 50 16 9 59 44 8 67 43 19 29 7 6 42 4 13 25 40 49 36 57 5 33 3 56 66 48 32 58 30 62 55 46 22 17 28 45 34 68 51 26 31 14 41 21 10 35 65 38 20 52 18 63 24 37 54 39 1 69 12 61 15
41 36 20 24 28 61 5 30 46 48 47 23 54 39 65 34 44 16 52 49 8 22 43 10 58 21 45 17 31 25 50 33 19 11 68 55 7 60 1 15 38 4 56 35 18 26 9 63 67 2 53 40 6 51 66 37 14 64 69 0 29 32 27 62 59 12 13 3 57 42
67 7 49 42 39 25 19 35 5 33 8 45 52 43 60 16 22 56 57 40 10 27 13 3 32 1 14 64 69 11 58 54 65 63 4 0 24 66 36 46 62 44 30 59 37 17 2 61 50 41 51 28 29 34 21 9 53 31 6 20 15 23 47 38 48 12 18 68 26 55
38 37 1 58 65 56 29 7 66 52 6 13 39 69 54 16 61 50 64 14 44 24 41 31 4 30 53 68 34 57 46 51 5 22 43 36 49 47 12 18 40 20 25 19 15 60 2 0 17 27 9 3 55 8 28 11 32 42 48 26 21 62 35 59 23 63 45 67 10 33
27 31 28 7 63 64 39 5 13 37 57 29 49 65 58 2 51 14 68 42 69 22 23 24 0 17 18 30 40 45 67 16 52 60 9 61 25 15 66 56 47 35 21 54 36 19 53 55 32 62 12 44 33 41 48 38 26 59 20 8 11 4 46 6 43 1 10 50 3 34
24 42 9 63 67 5 37 41 11 20 44 1 58 62 14 35 49 22 13 28 0 69 34 59 16 31 30 68 48 57 60 17 66 15 56 61 23 64 55 29 10 32 46 12 43 4 33 39 36 38 7 52 65 27 6 54 8 3 51 26 18 21 25 40 53 45 2 47 19 50
68 38 11 43 37 9 12 40 23 19 8 60 31 35 54 67 22 1 44 29 53 51 2 30 65 7 0 26 48 24 13 47 25 3 69 46 66 57 34 33 32 63 45 16 59 17 58 61 56 39 55 27 18 20 15 36 62 14 21 41 42 50 64 6 10 49 52 4 5 28
67 49 10 31 26 12 38 60 56 24 23 17 69 18 64 66 11 30 47 29 48 58 14 20 5 59 41 43 16 40 62 32 8 46 21 57 51 9 4 28 34 45 22 25 52 55 1 6 2 61 53 27 33 7 65 36 63 54 37 13 19 44 39 42 0 15 50 68 3 35
2 20 57 48 52 10 24 17 41 7 66 32 60 50 55 31 12 29 68 63 28 45 14 23 0 8 59 61 21 38 53 37 33 9 25 4 11 26 49 62 40 13 35 19 3 58 67 65 43 69 54 39 34 64 46 16 44 56 5 30 1 36 51 27 47 18 42 15 6 22
39 25 57 64 41 17 50 62 7 33 49 55 68 3 69 1 30 36 60 32 58 40 54 52 67 13 37 65 31 27 38 21 47 51 61 9 34 23 35 29 14 66 5 22 24 4 15 48 18 63 46 28 56 6 26 44 11 10 59 45 43 8 12 2 53 20 16 0 42 19
10 62 13 68 61 31 41 38 7 14 12 19 52 40 34 20 16 39 22 26 9 17 24 32 55 36 5 4 67 2 1 51 30 44 45 25 35 0 28 53 49 42 58 15 48 3 11 33 8 18 29 50 56 43 66 6 69 57 59 37 47 64 27 63 46 21 65 23 60 54
30 13 31 61 41 9 37 54 10 32 66 59 22 51 43 67 16 33 38 34 53 49 63 6 55 45 24 39 25 47 27 44 15 2 28 56 11 20 19 65 4 36 14 5 68 50 58 40 29 21 46 69 7 52 17 42 62 57 3 48 1 23 8 18 60 64 0 12 35 26
37 49 59 2 45 68 44 26 46 13 11 16 6 4 20 33 63 31 25 40 50 57 66 29 36 34 10 17 27 65 55 67 47 35 51 42 62 56 58 15 18 54 69 64 41 30 22 43 61 3 9 48 7 14 32 21 52 5 8 0 24 39 12 38 23 60 53 1 19 28
39 14 31 17 50 21 36 44 53 49 32 7 25 19 22 38 52 4 23 15 13 30 54 20 10 5 12 8 57 68 67 69 33 48 29 11 42 37 27 47 62 34 61 0 51 55 26 63 65 60 24 28 46 9 41 59 16 35 6 18 58 45 40 66 3 56 43 1 2 64
4 25 58 43 30 19 13 6 55 31 12 42 5 16 18 46 2 7 50 44 67 11 17 47 48 27 68 26 24 62 65 28 33 66 52 23 53 59 8 10 14 0 35 63 22 37 60 41 54 1 51 64 49 39 56 29 40 36 34 45 38 57 21 15 3 69 9 20 32 61
40 3 61 30 58 68 4 22 31 33 11 52 37 0 26 62 7 10 66 25 28 44 64 60 19 15 20 43 57 17 13 29 5 51 39 48 69 12 8 27 32 36 41 35 6 14 46 38 67 34 21 50 53 54 45 24 63 16 18 59 1 23 65 9 56 2 49 47 42 55
56 44 40 37 42 21 3 45 4 57 17 13 66 49 41 9 14 51 8 25 19 2 43 1 12 67 32 16 7 0 68 34 52 62 53 48 35 15 55 26 28 33 59 23 60 24 65 63 18 64 27 5 6 38 20 54 29 10 11 69 31 58 36 50 47 39 61 46 22 30
36 22 47 56 30 8 23 51 65 5 46 29 61 62 25 45 33 13 39 40 53 42 60 67 14 38 58 68 6 57 31 20 11 48 37 10 54 69 43 4 9 63 49 66 7 50 18 35 12 16 0 24 55 64 41 27 17 59 2 19 32 3 28 52 21 1 44 15 26 34
30 20 0 29 25 47 68 5 22 56 53 32 38 27 52 2 41 3 62 8 55 21 35 13 36 39 16 49 66 43 37 63 44 23 11 50 31 45 60 51 18 1 14 54 15 69 67 61 58 24 40 33 65 48 57 9 28 59 7 12 4 17 42 26 19 10 64 6 46 34
28 25 27 26 5 67 35 55 29 68 11 45 18 34 8 33 15 9 13 66 17 58 16 36 50 3 53 41 61 2 10 31 52 24 4 39 1 64 12 46 6 65 0 44 19 14 51 63 7 23 40 59 38 62 20 49 47 30 60 22 21 32 69 48 54 56 37 43 42 57
28 14 3 58 64 45 67 40 65 19 20 8 24 66 13 47 60 63 17 22 54 39 25 44 9 59 15 31 27 26 29 42 4 5 48 16 46 56 38 1 53 55 51 50 6 62 57 23 7 37 0 30 35 68 41 33 52 36 2 32 11 12 34 21 69 43 10 18 61 49
33 40 34 32 55 52 18 51 42 45 4 47 11 35 65 20 7 8 67 29 56 53 23 64 68 58 62 28 26 12 27 54 57 43 25 2 63 13 66 15 37 16 41 48 24 69 39 49 50 0 36 31 1 46 10 3 17 59 60 14 30 61 5 6 44 9 22 38 19 21
26 0 19 16 23 20 47 11 52 36 32 61 10 18 22 9 34 63 15 51 30 33 43 66 24 50 25 65 45 14 58 60 37 46 54 31 12 69 42 53 49 35 29 39 44 48 8 13 4 27 57 6 41 67 56 64 1 28 17 3 2 5 21 40 55 59 38 62 68 7
10 25 20 3 50 57 17 21 7 62 33 32 48 55 40 16 12 31 0 43 23 44 45 69 61 28 5 27 19 39 4 34 22 29 24 67 47 36 49 65 14 9 56 51 37 8 60 58 46 64 68 13 41 18 26 66 11 38 52 63 15 1 2 42 54 35 30 59 53 6
63 68 9 31 51 2 43 10 66 32 3 4 41 54 35 27 39 22 17 25 49 34 33 44 7 13 16 42 20 45 58 36 19 18 67 61 38 30 0 59 6 57 24 28 50 26 1 53 8 55 14 52 69 23 21 60 62 37 65 29 56 12 11 40 46 15 47 64 5 48
23 51 9 15 28 50 49 21 44 34 68 24 39 66 62 36 2 13 63 12 16 0 53 7 61 5 45 11 3 67 19 69 38 46 41 48 6 32 42 64 14 4 30 1 18 47 57 27 31 10 29 60 55 22 17 58 20 43 65 35 8 40 33 52 37 56 25 59 26 54
42 32 5 47 59 34 18 44 30 57 20 60 16 37 54 62 7 51 19 23 27 29 53 26 17 43 8 65 68 48 61 2 35 64 55 46 41 52 31 22 63 40 0 58 69 1 12 6 67 4 14 36 56 45 3 21 13 49 11 15 24 66 38 10 28 39 25 33 50 9
50 23 44 25 39 45 59 40 51 6 33 67 38 3 69 26 8 30 16 0 11 7 15 54 52 68 66 58 17 18 24 47 21 13 63 1 27 36 61 64 34 31 12 14 60 57 35 62 65 2 48 29 20 53 19 55 5 43 32 56 42 37 9 28 10 41 4 22 49 46
30 33 39 54 38 69 26 22 68 53 1 40 11 65 14 67 49 13 66 15 18 37 12 43 31 58 8 16 28 55 2 63 35 41 10 64 44 20 51 59 62 0 25 36 50 17 6 21 48 23 9 56 4 61 60 57 34 29 27 32 5 45 42 47 7 3 46 52 24 19
62 22 67 37 66 13 20 58 5 61 68 7 54 51 21 34 35 31 48 40 10 28 2 27 29 26 18 59 41 57 25 32 17 63 49 53 56 9 38 42 55 11 0 30 14 15 69 12 44 46 52 8 23 43 1 3 33 60 45 16 36 24 64 19 4 65 39 47 50 6
42 58 41 23 65 54 34 49 12 18 4 46 29 8 43 45 36 16 13 62 47 55 56 63 17 24 31 19 7 11 3 69 50 68 59 37 66 64 26 61 33 20 39 40 67 14 21 28 25 27 15 1 44 51 0 48 52 2 38 35 5 32 57 22 10 60 9 6 30 53
8 0 68 36 44 52 37 49 47 69 40 56 48 41 10 39 45 25 59 62 35 3 42 26 61 63 6 53 9 46 34 21 24 19 64 32 5 50 67 28 66 2 7 15 57 1 22 65 29 58 27 51 38 30 55 4 14 16 13 31 12 33 43 18 60 20 17 23 11 54
23 66 53 47 12 54 13 27 9 38 63 43 49 34 21 30 45 39 56 37 42 4 3 11 52 25 26 65 22 50 59 19 36 24 29 64 8 2 16 32 15 44 0 57 14 48 61 46 41 33 31 10 7 20 58 69 1 18 62 68 17 67 28 55 5 35 51 60 6 40
59 33 66 53 61 57 8 12 36 37 34 6 67 63 64 17 11 40 50 14 29 62 52 43 69 55 2 60 7 45 27 0 10 4 44 51 68 31 15 26 42 16 23 49 38 20 3 54 24 19 28 41 1 48 35 13 9 30 58 39 56 47 5 65 46 18 22 25 32 21
27 57 64 24 26 14 32 40 65 16 21 51 38 56 8 45 60 20 54 22 67 9 0 49 43 52 66 42 30 53 58 2 13 18 69 1 50 61 11 48 41 68 3 55 28 15 17 62 46 31 44 4 25 5 23 12 7 39 47 36 63 59 10 19 34 37 29 33 6 35
51 33 66 43 47 19 16 52 4 22 50 63 6 37 1 11 7 49 40 69 46 9 31 34 36 2 10 0 23 56 68 64 15 30 12 29 14 44 21 39 35 25 60 28 48 57 5 53 41 54 45 55 42 58 27 8 18 38 59 32 61 62 26 13 20 17 3 67 24 65
49 62 54 67 41 31 47 28 69 13 30 19 9 46 48 50 52 53 23 20 64 37 42 27 65 18 26 39 45 32 40 17 22 56 1 36 24 44 66 12 35 34 3 7 5 43 29 16 11 15 57 25 63 4 68 38 33 8 61 14 60 0 55 21 2 51 10 6 58 59
46 69 44 50 31 57 5 49 64 27 62 10 51 67 7 54 16 52 37 15 68 0 9 22 36 25 11 59 60 35 42 19 38 39 28 47 43 61 34 20 58 40 8 4 23 41 18 6 65 30 24 32 13 14 56 53 48 12 3 55 2 21 17 33 45 1 66 63 29 26
30 42 49 52 56 68 16 31 54 69 27 4 14 38 55 62 15 51 41 23 20 13 12 25 60 58 34 17 7 63 47 36 29 33 57 50 44 61 26 35 2 5 18 64 37 21 65 28 0 43 19 24 46 11 66 53 1 9 48 67 8 32 10 3 45 6 40 59 22 39
66 46 47 40 69 30 67 50 37 41 1 54 36 57 53 19 34 44 43 60 2 35 21 16 6 18 28 38 49 13 48 10 27 11 14 65 61 0 29 64 15 3 59 25 8 7 33 39 56 55 24 20 26 62 42 12 9 51 4 58 31 23 32 68 22 5 17 52 63 45
16 25 51 57 8 54 48 24 27 14 4 68 61 41 9 21 47 39 15 66 53 43 12 33 17 42 7 64 13 5 55 35 32 20 63 69 46 58 49 40 29 38 6 56 44 10 52 31 30 34 67 2 37 0 45 60 62 22 18 59 28 3 19 23 50 65 26 11 1 36
29 14 47 22 42 34 11 28 18 12 55 2 51 58 23 3 49 45 27 61 30 38 41 1 56 4 65 39 35 17 7 15 6 10 26 54 16 59 37 20 62 9 67 63 13 21 69 25 52 32 66 19 57 53 0 5 40 36 48 50 33 8 64 68 46 44 43 31 60 24
32 65 19 39 54 8 50 10 17 21 7 31 30 27 67 53 5 60 12 4 62 35 34 46 61 48 40 11 36 25 3 24 28 56 45 55 68 2 51 37 1 47 18 14 33 52 69 15 6 63 13 20 59 16 0 57 29 49 43 58 38 66 64 44 42 26 22 9 41 23
67 45 16 18 61 68 66 20 10 55 2 35 58 24 22 48 62 59 53 21 3 5 17 30 25 23 7 69 13 31 41 27 65 26 52 57 64 60 42 39 38 36 11 33 4 29 49 46 19 51 34 50 32 63 6 14 9 1 47 56 44 43 15 40 12 28 37 54 0 8
41 40 22 12 48 39 32 66 26 64 34 38 42 25 47 3 44 56 49 43 5 9 4 6 50 51 17 53 46 37 18 28 29 62 24 30 19 10 45 8 21 36 58 67 1 0 23 15 65 55 27 35 11 31 7 59 13 69 52 33 63 68 2 61 16 54 60 57 14 20
2 42 59 62 50 32 26 41 8 60 12 53 64 21 61 0 68 35 48 66 1 27 52 23 19 7 36 20 18 51 40 5 14 30 65 9 29 39 37 34 4 63 22 31 47 11 44 17 45 38 6 69 55 49 33 58 10 24 28 56 54 3 67 16 13 25 57 15 46 43
51 45 36 66 19 2 23 38 5 56 11 3 40 60 59 29 48 30 13 6 46 31 12 53 9 4 64 47 10 39 67 41 16 22 52 24 69 62 28 35 63 1 14 33 26 68 27 54 65 20 49 18 50 15 34 8 44 25 58 7 57 42 17 21 61 0 32 55 37 43
42 54 58 63 22 47 4 20 0 33 15 27 35 16 50 28 10 66 31 60 40 37 64 18 59 9 51 62 46 1 3 41 67 25 52 6 56 19 8 11 17 44 30 14 32 39 12 13 43 29 38 65 23 61 45 34 49 57 2 26 53 55 68 36 7 5 69 24 21 48
13 47 60 31 59 48 30 15 4 10 42 23 50 69 54 24 21 18 58 28 16 55 38 40 25 3 46 52 56 8 29 57 68 5 37 11 6 51 62 44 35 19 65 67 53 1 64 9 36 66 20 14 32 34 7 41 43 22 26 49 33 2 45 63 12 39 0 17 27 61
55 16 21 61 46 29 36 9 5 37 24 54 19 2 6 52 44 17 33 56 10 0 63 65 59 20 4 69 60 15 45 58 30 66 41 8 22 47 27 35 3 51 26 1 49 12 23 53 7 28 32 38 62 18 11 68 13 57 39 50 43 67 31 64 42 14 48 40 34 25
67 45 12 34 23 18 54 66 17 11 6 35 5 63 14 15 10 21 61 33 9 7 43 19 31 29 1 60 65 22 3 41 4 37 56 27 13 62 40 50 30 58 64 47 26 28 32 20 8 24 0 68 38 42 49 39 44 69 16 25 57 51 36 53 48 59 52 46 55 2
25 59 51 35 36 33 42 54 62 60 53 38 0 11 2 16 3 37 29 18 19 17 40 56 45 46 48 10 4 27 43 15 20 39 28 44 66 69 31 67 22 34 55 41 26 49 64 1 32 21 7 57 13 24 68 6 30 50 47 12 52 8 5 63 58 65 14 23 9 61
62 61 40 68 22 41 65 10 42 26 50 21 66 14 48 4 56 29 51 39 1 27 12 16 45 6 49 18 17 7 46 0 28 63 37 35 19 52 3 53 59 20 25 47 31 32 13 58 9 69 11 2 24 44 38 67 33 5 36 60 64 30 57 43 15 8 54 34 55 23
62 34 27 56 51 48 33 49 0 69 64 19 38 1 28 4 42 6 43 58 54 3 14 61 32 52 23 2 31 9 24 12 15 35 68 8 20 21 53 63 55 66 67 45 26 29 16 5 57 17 22 44 10 25 65 11 39 47 13 37 50 7 41 18 60 36 46 30 59 40
6 45 60 56 19 63 23 55 47 67 48 62 43 32 66 44 11 20 57 3 28 21 64 33 50 37 12 59 30 2 51 40 9 53 5 54 17 27 16 41 24 31 10 8 52 65 42 68 35 15 7 58 4 25 26 39 13 18 61 29 1 46 22 49 36 34 38 0 69 14
47 7 9 40 39 58 25 42 65 51 20 6 3 34 32 27 49 60 31 48 0 4 45 59 41 37 36 28 2 13 57 23 50 62 56 21 35 68 52 33 29 53 24 44 15 11 64 16 22 5 55 30 18 43 69 66 26 1 10 17 46 14 63 12 54 61 19 8 38 67
65 67 55 3 27 32 44 62 29 11 1 53 58 14 47 63 7 46 39 57 2 42 41 25 21 20 60 54 35 5 30 22 12 34 52 8 50 61 0 28 43 13 66 56 31 6 49 10 59 16 69 51 4 68 48 64 26 9 38 17 40 18 37 45 24 15 23 19 33 36
29 14 36 0 3 20 40 45 31 51 52 56 50 4 23 60 62 8 34 59 57 22 54 35 64 13 7 53 63 9 11 58 21 39 42 41 30 37 66 16 67 32 2 28 1 17 18 43 61 47 5 46 27 44 6 55 25 15 26 68 48 12 65 33 38 69 19 10 49 24
42 47 66 1 63 67 38 17 48 5 13 6 22 21 58 33 16 25 31 43 32 60 46 27 53 61 49 14 50 19 44 11 45 10 35 8 39 62 56 4 0 36 52 9 59 24 30 20 54 15 23 29 37 55 18 41 3 69 28 2 57 64 26 68 65 12 7 51 40 34
16 32 17 45 26 49 38 67 50 56 27 53 63 44 25 6 8 36 1 66 29 69 55 37 33 9 24 20 68 34 10 46 28 31 23 4 19 40 22 65 7 21 5 61 64 3 15 43 62 59 0 52 60 35 58 57 54 12 30 13 41 14 48 51 39 2 11 47 18 42
3 44 62 47 7 36 60 6 58 31 51 15 0 55 32 52 63 25 35 48 1 22 42 49 61 24 28 9 41 13 17 43 4 67 56 29 66 65 16 50 38 19 39 64 10 57 14 59 11 54 46 69 37 20 21 33 68 8 30 26 18 2 23 34 45 5 12 53 27 40
37 32 57 66 69 26 55 49 62 41 53 10 16 67 64 68 2 31 24 6 17 5 52 38 11 23 9 46 59 63 18 15 61 13 19 45 3 12 21 7 44 54 4 36 25 48 35 30 40 43 1 29 27 51 47 8 28 50 39 56 34 33 42 20 0 65 58 22 14 60
68 49 57 64 20 34 52 16 69 17 41 56 40 35 22 53 50 58 61 44 0 31 39 6 10 21 63 67 19 15 29 62 2 66 5 7 4 46 14 47 11 37 51 9 23 13 33 65 43 18 8 38 24 1 42 55 30 3 25 28 59 54 36 48 26 27 45 32 12 60
45 42 65 58 31 22 67 53 66 0 3 44 9 12 62 32 36 39 43 21 15 14 23 48 69 11 64 5 37 57 50 17 52 24 7 55 6 38 49 46 30 19 25 56 27 47 63 41 54 18 60 13 4 16 2 51 59 8 26 61 34 10 29 33 1 40 35 68 28 20
15 44 49 57 43 38 14 59 45 7 66 35 25 51 55 53 27 28 37 19 12 29 6 63 3 61 0 34 13 54 39 9 16 68 47 20 23 42 33 41 56 24 18 46 5 11 64 58 26 48 40 36 8 10 31 21 65 17 22 67 62 30 60 50 52 1 4 69 2 32
25 69 63 57 41 15 58 22 40 10 65 9 52 61 6 50 62 34 45 3 8 7 27 0 35 48 5 26 11 20 36 64 19 28 2 44 32 37 43 13 67 29 23 1 39 17 49 42 4 66 14 18 38 54 68 46 12 33 59 21 56 47 24 16 31 51 60 30 55 53
46 42 30 56 62 35 52 34 58 64 69 23 29 67 55 0 48 17 3 1 51 61 10 37 60 19 18 44 40 11 59 47 39 63 41 50 25 2 32 14 22 8 26 7 53 12 49 43 36 9 4 28 33 6 21 15 45 27 68 38 20 54 13 66 31 24 16 57 65 5
12 16 24 61 1 23 57 0 68 52 47 18 51 30 7 62 4 15 42 25 3 40 59 11 5 9 69 6 32 22 41 67 29 27 14 65 26 64 20 28 35 54 50 31 13 34 58 36 43 37 60 21 55 17 46 63 44 48 53 38 19 39 49 8 33 45 10 66 2 56
55 60 31 57 54 66 63 25 19 38 37 13 15 1 2 64 23 51 42 49 9 14 39 7 33 28 6 36 10 12 22 17 16 4 41 52 11 5 48 29 56 21 58 68 45 0 3 46 62 43 44 20 30 35 18 34 65 67 32 27 24 26 50 47 59 40 8 61 53 69
52 30 65 35 22 63 17 20 55 23 53 29 39 10 0 38 11 13 32 42 45 47 40 58 26 51 5 8 68 14 60 66 31 62 2 59 18 43 12 49 69 33 9 3 4 7 56 15 34 64 16 61 27 54 25 21 41 57 1 44 50 67 37 28 36 48 46 24 6 19
32 40 60 1 41 14 27 54 3 20 25 45 28 46 21 69 0 48 33 7 37 56 19 49 57 58 12 63 43 16 53 36 62 22 38 29 59 34 8 11 51 52 6 23 35 15 5 65 18 39 30 61 42 67 50 44 17 47 4 9 24 13 31 2 26 68 10 55 64 66
13 43 45 10 69 2 19 60 47 50 62 56 0 9 23 24 52 40 64 48 36 25 41 53 55 33 30 6 8 18 49 58 14 66 61 37 51 42 4 11 26 32 39 57 7 54 34 63 31 65 27 59 68 20 28 38 35 16 67 12 5 1 46 17 15 22 3 44 29 21
36 4 1 54 22 5 30 41 27 45 34 13 16 55 44 47 31 65 23 2 63 9 21 29 57 11 15 28 24 17 49 14 7 38 25 68 69 19 18 32 60 59 64 26 6 52 58 56 62 35 42 50 40 39 8 3 51 46 61 43 33 48 66 12 20 53 37 67 10 0
1 25 44 55 29 36 48 18 17 52 63 21 66 54 32 56 45 58 0 41 10 13 31 69 39 7 67 60 12 34 16 59 11 8 53 49 37 35 33 28 62 19 40 5 9 50 6 42 65 68 3 38 24 30 26 4 14 15 20 27 57 51 43 23 46 64 2 22 47 61
60 15 46 58 16 2 63 23 43 18 67 1 55 12 27 28 37 39 3 41 9 19 5 51 44 11 24 50 25 13 64 21 52 20 4 26 47 30 17 7 66 49 31 22 10 33 59 61 62 32 34 56 36 48 6 35 8 53 68 40 45 0 65 69 38 29 54 14 57 42
19 17 28 54 12 6 65 26 23 53 10 62 21 66 49 29 4 36 18 7 68 0 51 57 25 48 41 47 44 50 24 15 27 13 37 9 40 42 63 56 46 33 60 2 39 69 55 11 38 8 52 5 59 58 32 3 64 14 34 45 43 22 1 16 35 31 30 20 61 67
39 68 64 67 20 6 32 43 22 34 47 55 13 33 53 41 38 52 35 62 51 25 66 57 26 29 14 46 8 18 54 17 21 31 15 59 9 16 2 11 1 56 7 27 4 45 5 12 65 48 50 69 28 30 42 60 24 58 36 44 63 19 40 10 3 49 23 61 0 37
14 3 25 64 7 43 47 62 58 26 6 42 38 34 45 41 60 31 61 33 35 17 53 28 39 36 2 27 44 20 51 46 68 13 30 9 67 11 0 63 66 10 16 8 1 55 57 48 49 22 50 40 69 5 18 37 56 4 54 32 21 19 29 24 52 65 59 23 12 15
65 17 35 28 12 8 30 39 14 13 15 18 7 0 48 4 33 29 20 37 3 32 54 56 11 58 27 24 21 46 36 51 63 45 42 19 61 34 68 62 47 25 53 67 43 40 5 64 31 66 10 9 59 69 6 60 49 22 57 2 52 41 55 23 16 1 38 44 50 26
58 25 51 26 46 6 3 52 37 32 22 64 13 35 41 61 44 59 23 34 31 62 43 47 20 1 16 63 57 60 42 50 24 12 66 39 54 2 45 65 0 67 18 30 21 69 29 7 48 8 40 11 28 4 5 9 17 10 19 27 38 55 68 14 49 36 33 53 56 15
3 27 68 58 32 61 33 66 64 56 41 59 38 48 42 37 9 24 53 55 49 34 18 31 62 6 13 40 63 43 5 39 50 36 21 29 23 60 20 44 67 19 45 52 28 46 65 7 57 12 14 8 51 11 26 2 35 4 17 54 15 0 47 16 10 30 69 1 25 22
1 27 25 11 54 52 42 33 53 3 23 15 10 0 4 34 45 38 21 2 13 51 16 58 47 56 50 66 59 46 63 36 24 39 48 28 17 9 49 68 7 60 57 67 26 5 8 18 43 69 19 12 61 65 37 20 62 29 30 44 14 6 32 41 31 35 64 55 22 40
53 20 17 26 13 23 43 24 15 19 54 42 52 45 18 34 35 2 3 1 21 62 16 9 59 37 61 48 51 58 55 69 68 64 25 63 28 40 49 27 29 57 6 12 44 66 8 11 30 67 50 56 32 14 10 31 4 47 60 36 33 5 22 38 39 46 0 7 65 41
18 56 42 22 69 27 38 52 41 2 55 33 40 61 50 39 13 8 30 46 5 15 24 66 3 63 1 49 19 37 20 43 11 31 45 6 62 17 65 14 21 0 44 34 35 10 9 58 32 57 23 64 4 67 59 48 51 16 28 54 12 47 68 26 7 25 29 36 53 60
20 59 51 16 41 39 23 69 50 14 32 66 4 15 22 10 8 58 37 18 38 21 34 65 62 52 55 24 44 11 7 57 33 53 67 27 63 40 42 28 5 13 0 3 30 43 29 26 46 6 54 64 17 45 48 36 61 12 2 49 60 68 9 47 31 1 56 19 35 25
55 30 23 43 57 53 51 29 9 10 28 5 59 60 3 41 58 4 7 47 52 40 26 56 18 17 25 21 13 67 8 22 33 37 64 54 48 62 65 1 69 32 42 36 14 68 0 34 27 44 66 50 16 11 19 20 15 24 49 46 39 63 61 31 6 45 38 35 2 12
62 65 68 30 37 24 47 23 5 36 39 3 42 41 21 6 48 55 4 46 34 59 54 28 18 15 14 25 33 35 27 44 40 66 53 58 1 31 22 64 11 49 7 16 9 10 0 26 61 43 45 19 63 51 32 52 57 8 17 50 60 13 2 20 29 69 38 56 67 12
51 55 63 68 39 25 31 17 7 67 45 22 48 59 24 4 32 57 66 60 0 15 14 30 61 6 29 37 10 27 65 53 46 69 36 1 33 28 50 34 21 8 47 62 19 5 56 26 16 3 52 12 43 11 40 13 54 20 9 23 64 58 44 2 41 38 42 18 49 35
17 41 53 69 43 23 42 37 35 51 47 12 67 61 66 31 30 27 55 21 7 22 54 16 14 28 11 56 25 50 49 45 46 62 15 26 64 1 24 34 5 20 0 68 13 29 4 33 58 52 3 9 44 38 60 6 40 65 39 32 8 19 57 59 10 48 2 63 36 18
