48 58 25 13 17 7 0 33 41 26 56 1 6 29 46 63 69 20 19 60 39 43 55 49 62 9 40 34 8 5 66 53 11 64 54 38 18 42 21 4 14 44 12 51 15 50 57 61 47 24 31 10 27 32 68 36 59 45 65 35 52 22 37 67 30 2 16 3 28 23
29 12 4 0 37 42 10 16 40 66 24 53 5 34 7 31 18 32 63 51 6 59 28 50 44 43 17 58 25 9 35 30 1 60 69 8 22 21 27 56 13 3 67 14 36 65 23 62 11 45 61 47 52 19 46 68 39 48 64 49 57 38 54 26 15 41 2 33 55 20
45 14 2 67 60 38 47 12 28 37 36 4 68 1 6 66 52 23 40 53 30 25 31 49 16 61 42 17 21 0 19 35 18 57 46 41 3 48 54 62 9 24 51 59 15 43 33 7 63 39 13 27 8 26 32 58 20 50 56 34 65 64 5 69 29 55 10 11 22 44
63 59 46 21 62 47 31 54 24 8 22 41 55 10 51 53 12 34 36 61 56 11 6 66 19 26 5 27 9 48 67 16 44 20 29 25 15 64 4 7 43 58 52 23 45 28 33 3 68 57 35 32 17 0 65 37 39 42 40 14 50 13 69 2 49 1 60 18 38 30
8 53 60 29 41 44 45 62 35 34 33 9 49 28 27 64 10 46 20 24 69 19 6 38 21 42 7 11 5 43 31 3 63 59 12 30 26 55 65 15 47 22 39 61 50 68 0 52 16 56 25 23 67 17 48 13 51 18 37 32 1 57 66 2 36 54 58 4 40 14
29 7 44 19 63 5 40 64 62 65 36 37 11 15 61 58 69 22 53 34 4 33 68 41 47 31 20 66 35 30 13 8 67 26 50 25 57 0 52 10 6 49 14 24 23 32 21 48 56 45 39 46 3 18 60 43 38 54 27 28 12 1 59 42 16 2 9 17 55 51
9 68 48 55 44 26 27 1 35 25 52 63 40 57 51 4 53 66 23 17 16 39 42 5 49 38 45 3 65 18 10 62 60 69 58 41 11 46 8 33 2 56 67 14 64 36 31 50 43 61 13 32 47 12 24 59 19 21 54 7 20 30 0 6 28 15 37 22 34 29
4 9 10 49 30 6 57 33 39 14 54 41 58 16 34 13 64 66 45 0 55 40 28 60 19 36 8 43 12 31 11 25 52 23 53 15 1 47 2 69 51 59 24 3 63 68 50 44 32 35 67 27 26 5 42 61 48 65 20 38 22 18 62 56 29 21 7 17 37 46
1 51 50 5 54 25 32 16 59 68 11 21 60 15 39 42 6 58 63 4 57 0 48 30 14 7 56 67 53 52 29 12 26 17 28 19 69 24 33 23 38 20 64 61 62 10 55 27 37 41 9 40 47 35 43 31 3 36 65 44 45 49 2 18 46 8 34 66 13 22
56 40 36 17 0 4 13 45 46 67 38 12 58 20 50 11 22 64 35 43 63 59 49 44 5 48 27 21 69 14 16 30 68 23 15 57 31 24 55 9 10 1 47 29 42 61 6 32 19 65 3 26 52 8 34 7 60 51 37 66 53 54 41 25 18 33 62 28 39 2
44 66 33 25 17 34 57 22 64 20 14 19 15 5 60 35 26 53 68 31 24 36 4 51 50 42 46 9 47 13 67 61 63 55 2 7 52 18 23 27 0 54 49 41 58 3 21 29 69 62 48 10 59 56 38 16 8 32 39 65 11 28 6 37 40 1 12 45 43 30
44 40 4 57 41 0 42 23 49 2 11 60 30 55 66 50 59 20 68 17 35 63 31 48 56 8 16 67 12 38 14 43 19 10 58 29 33 24 69 37 21 36 39 7 9 46 13 65 18 61 32 28 26 25 45 47 5 15 3 53 54 64 51 1 62 27 34 6 22 52
50 9 33 32 48 28 44 8 63 47 55 14 43 51 60 68 58 41 40 38 52 26 56 61 3 42 22 0 24 66 1 11 67 2 7 23 30 15 18 34 53 10 65 46 57 20 39 12 21 29 69 6 25 35 17 37 19 31 16 13 64 54 36 5 59 62 27 49 45 4
6 21 1 53 24 50 63 23 0 7 15 42 8 11 30 26 29 69 35 19 20 37 28 47 65 43 12 49 55 33 34 39 51 62 16 22 2 60 36 56 4 57 38 61 3 58 9 59 14 10 54 48 41 66 5 44 46 27 67 25 13 40 32 31 52 18 45 17 68 64
3 60 10 11 49 61 39 37 64 43 28 26 65 4 58 57 47 5 45 51 14 32 6 1 7 55 31 69 52 48 22 19 33 15 62 27 30 42 68 66 13 38 46 56 21 2 25 44 18 20 35 29 9 16 23 63 40 36 59 17 8 50 54 34 67 0 24 41 12 53
17 7 46 44 48 60 11 1 39 14 41 66 50 55 16 42 47 65 35 53 36 59 28 56 15 31 29 67 57 19 38 20 3 9 63 6 30 69 0 13 22 21 26 52 33 58 12 54 45 8 37 25 10 5 23 18 24 51 62 43 34 49 27 4 2 61 40 68 64 32
21 67 39 62 1 56 2 37 3 19 52 4 5 69 40 64 57 49 10 20 0 22 25 24 32 66 8 12 7 15 31 44 50 23 33 14 35 28 42 36 16 27 29 60 47 6 48 11 61 53 17 13 55 51 59 65 54 63 43 45 46 9 34 26 38 68 41 58 30 18
39 2 49 36 56 52 6 62 11 31 7 17 60 13 69 58 33 30 53 22 59 32 40 24 63 50 18 46 51 44 10 43 38 4 65 68 3 35 28 12 41 34 15 23 57 64 37 61 14 45 16 54 26 29 1 48 42 9 5 21 27 0 47 25 67 19 55 8 20 66
25 49 24 6 12 3 67 0 32 30 65 20 48 21 19 27 57 13 61 66 39 15 45 56 34 16 58 54 17 64 37 36 18 22 33 68 31 51 23 53 63 11 60 62 47 1 50 28 29 35 9 10 46 40 5 59 8 14 42 43 69 4 38 41 44 55 26 52 7 2
68 34 26 21 66 24 28 54 19 11 12 51 35 20 2 6 59 41 61 58 15 62 69 55 25 0 60 38 53 32 37 64 13 40 30 17 10 5 18 67 65 45 43 47 9 29 49 63 1 33 42 56 14 3 4 39 22 46 48 16 23 57 52 50 8 7 31 27 36 44
31 9 34 20 49 7 59 32 25 6 14 38 11 4 1 45 67 51 37 60 43 66 15 5 35 36 64 3 30 56 58 28 57 13 65 40 50 17 44 18 0 8 55 19 62 23 12 52 41 26 48 29 63 42 46 39 61 16 22 53 27 33 24 10 47 69 2 21 68 54
66 32 46 68 39 14 22 54 6 26 7 8 4 12 47 0 24 55 56 42 64 67 58 20 16 61 27 1 5 41 50 57 18 25 34 63 3 59 62 9 36 29 49 17 60 51 2 65 43 38 53 23 31 28 40 13 15 21 33 44 48 30 11 19 10 52 45 69 37 35
56 5 11 52 35 47 4 30 48 53 65 19 16 33 60 63 69 22 24 41 0 15 12 67 29 14 45 59 39 1 13 54 46 25 44 9 57 20 64 10 68 18 37 49 7 40 36 58 31 6 26 3 8 51 66 43 27 32 38 2 21 61 55 62 28 23 34 50 42 17
12 37 13 7 29 68 36 55 48 64 17 23 65 11 39 4 50 42 67 6 40 52 58 35 41 69 53 14 56 1 26 10 19 3 27 62 47 34 31 33 30 5 38 45 20 61 8 9 66 49 44 51 32 16 22 0 2 60 57 59 24 25 63 21 43 15 46 28 54 18
60 50 16 4 45 68 30 52 23 29 69 0 36 2 53 58 22 13 28 31 20 56 17 51 3 43 63 9 48 55 62 42 26 27 59 32 57 11 19 49 14 39 64 34 15 8 41 24 21 46 40 18 37 47 65 44 38 35 66 25 6 33 5 67 12 7 1 61 10 54
64 24 42 2 23 52 54 21 59 40 34 53 60 45 4 10 20 67 31 63 1 7 28 26 62 50 11 25 19 22 41 56 49 9 61 8 16 47 37 29 68 55 44 66 5 38 46 48 35 27 3 0 32 6 30 51 33 17 65 13 69 58 43 57 14 36 12 18 39 15
9 67 3 2 63 43 22 18 57 61 32 64 24 26 29 11 41 20 65 0 66 12 53 40 59 36 55 23 30 62 13 68 37 35 27 16 60 46 5 54 69 52 51 25 58 19 48 42 34 39 17 47 50 14 4 6 1 10 8 21 49 33 7 44 45 38 31 56 15 28
65 47 48 67 40 50 58 7 51 4 25 33 27 69 41 14 34 0 8 64 36 55 9 12 68 39 62 52 5 56 19 42 3 66 57 61 59 10 24 16 60 17 28 46 18 23 26 37 22 6 20 2 13 29 49 15 32 21 54 35 43 31 44 1 53 63 45 11 38 30
49 15 65 17 43 0 5 25 57 55 62 59 42 6 16 37 58 8 48 2 11 27 69 22 24 9 50 29 3 41 53 51 44 63 66 10 60 28 45 26 39 4 64 46 18 23 21 54 12 30 61 33 31 36 20 40 52 19 56 14 67 47 68 1 7 34 35 13 38 32
54 55 39 68 17 11 21 69 60 0 50 33 12 64 10 24 4 45 6 57 52 34 28 19 48 13 65 31 53 27 3 61 38 62 20 46 7 66 32 63 51 23 8 9 5 40 26 37 14 49 56 1 67 41 25 47 30 58 35 15 36 29 42 43 2 18 44 16 22 59
33 45 28 11 15 31 6 60 0 26 27 49 32 7 57 29 47 12 55 46 14 25 65 20 1 63 17 67 39 50 53 3 68 40 36 44 69 52 37 9 24 51 61 13 58 48 43 2 56 34 10 42 4 35 5 21 62 19 18 59 30 16 66 54 23 38 22 8 64 41
14 69 11 37 51 36 60 55 40 12 0 22 33 34 19 13 64 39 38 9 21 65 43 7 52 32 49 61 57 27 42 67 17 62 66 15 8 56 50 20 5 24 68 59 26 53 23 16 29 44 1 6 2 58 35 54 48 10 46 3 45 4 31 28 18 47 25 30 63 41
33 27 37 1 22 69 35 60 47 48 36 15 21 11 58 64 5 16 38 50 19 51 32 42 31 56 61 54 68 24 34 67 18 7 59 13 53 2 66 8 6 39 45 65 0 14 25 46 12 17 26 9 52 40 41 57 4 55 62 63 49 30 43 44 23 29 3 28 10 20
2 6 59 31 46 60 14 62 58 23 41 56 48 69 55 0 7 27 49 25 11 15 37 54 53 18 32 17 57 51 9 19 44 3 29 20 47 45 50 30 16 21 61 42 52 39 10 5 26 13 43 28 38 8 63 67 4 24 1 35 12 34 66 64 40 33 65 22 68 36
42 29 13 19 11 33 44 25 4 37 24 63 50 62 45 16 64 40 18 51 52 38 35 31 56 15 8 3 65 55 48 39 6 41 59 27 9 5 22 69 46 60 67 58 36 28 20 34 21 47 68 10 0 43 49 57 12 54 2 7 66 53 30 61 23 1 17 26 14 32
63 21 23 5 12 61 11 42 24 25 34 4 35 57 43 29 48 3 10 6 15 45 40 65 47 14 64 59 13 69 52 26 44 66 50 46 36 58 49 60 54 17 27 18 67 51 22 56 68 53 20 28 33 55 31 38 30 9 0 7 39 19 32 1 62 16 2 8 37 41
0 11 49 53 58 35 1 6 15 54 61 25 20 9 52 34 68 23 24 42 13 47 16 8 56 50 29 28 45 37 14 21 40 30 63 69 41 43 18 32 48 51 26 55 65 12 62 57 19 39 38 46 31 10 60 2 3 17 66 44 64 22 4 36 7 5 33 67 27 59
12 31 34 44 56 19 26 61 11 37 28 27 46 54 3 47 10 23 36 25 55 0 57 1 24 32 60 21 18 22 68 30 43 65 5 6 41 8 29 49 52 67 63 58 15 16 20 64 35 69 7 13 38 9 2 53 33 45 4 48 42 39 51 17 59 40 50 66 14 62
44 62 50 54 61 63 27 42 53 10 64 59 48 2 38 18 23 51 28 40 58 13 25 60 45 11 26 19 4 12 66 24 15 69 46 3 16 43 7 68 65 6 56 37 41 29 39 35 20 32 1 21 0 8 5 57 33 22 52 34 47 36 30 67 9 55 14 49 17 31
13 2 69 5 20 50 41 11 39 44 30 51 65 31 22 63 46 29 33 7 10 45 12 18 8 0 54 25 37 34 9 14 15 27 1 4 35 40 28 42 21 32 58 24 49 66 61 67 68 19 56 38 48 55 59 60 23 36 53 43 26 52 64 6 3 47 62 17 57 16
24 37 57 38 48 68 47 34 20 64 17 44 41 60 23 51 36 40 55 4 45 54 32 16 8 65 63 10 31 53 19 69 29 43 59 14 15 39 28 26 11 61 3 52 27 25 13 62 22 50 0 1 66 49 12 2 35 56 7 6 21 46 67 5 33 58 18 42 9 30
4 5 11 17 56 24 55 33 28 36 51 3 2 12 64 49 47 14 13 57 20 18 42 68 0 31 30 19 8 67 50 58 32 9 48 39 7 23 43 40 35 60 53 29 10 45 46 27 65 1 15 54 61 34 41 52 16 6 66 21 22 44 62 25 38 37 69 26 63 59
34 16 32 14 21 15 54 31 18 67 51 4 24 20 10 30 11 17 7 28 29 69 27 23 2 47 8 52 6 64 43 49 12 50 0 55 13 60 25 66 45 59 65 56 44 33 58 1 57 9 42 41 40 61 19 53 22 62 39 26 36 35 48 68 38 63 46 5 3 37
43 21 49 66 14 7 22 69 31 35 18 5 19 6 1 48 42 25 50 54 26 57 16 4 59 39 68 34 23 40 61 10 64 60 67 27 2 53 63 62 58 38 32 41 8 30 45 44 15 37 24 20 9 56 11 47 28 33 55 36 51 65 46 13 17 0 12 3 29 52
18 35 8 5 44 69 30 62 40 68 66 49 57 60 64 10 34 4 39 26 0 12 11 67 54 19 25 9 2 1 58 17 50 56 23 48 46 33 28 20 15 45 32 43 61 13 16 55 6 42 51 52 29 7 3 22 47 36 63 31 41 27 21 53 59 65 38 14 24 37
12 53 37 20 47 51 0 50 56 33 10 6 40 24 9 68 39 25 22 17 4 13 44 64 42 30 11 36 49 69 55 29 61 41 48 34 3 43 15 1 14 19 52 57 31 38 45 5 46 65 21 26 32 62 23 35 58 18 8 59 63 2 67 60 28 7 54 16 66 27
51 68 69 61 65 1 30 13 4 28 33 40 59 9 45 0 23 52 44 20 24 49 10 35 54 3 8 63 39 29 41 58 55 56 67 27 48 53 64 47 11 31 2 37 19 62 32 14 21 16 25 46 22 7 38 34 42 60 6 5 18 17 57 15 43 66 50 36 26 12
62 13 6 44 58 60 33 69 41 49 26 18 14 50 46 37 27 29 38 54 24 59 34 67 63 28 53 65 66 0 35 43 30 10 9 42 4 64 17 15 7 23 47 2 45 25 12 5 57 11 56 61 21 16 31 39 3 36 8 48 52 68 1 55 19 22 20 51 40 32
46 5 58 27 35 44 12 4 40 55 24 21 66 7 13 33 19 69 28 49 0 45 37 14 23 60 10 15 41 38 29 2 22 62 57 61 26 25 43 1 8 68 56 59 54 11 47 63 53 34 30 51 32 52 9 50 64 20 18 67 42 31 3 48 16 65 17 36 39 6
50 56 57 54 21 0 23 36 49 24 27 32 5 69 48 7 43 64 19 14 34 11 39 53 63 20 26 68 51 31 60 59 47 33 67 9 6 1 38 40 12 61 58 42 55 15 41 52 45 25 8 18 17 62 30 37 44 4 28 2 46 3 16 22 66 13 29 10 35 65
44 67 17 37 59 11 45 3 54 5 8 53 26 27 42 50 61 64 48 22 6 41 65 47 49 23 36 56 25 57 38 13 0 63 24 14 29 28 51 55 21 43 18 69 9 16 62 60 58 10 19 12 68 20 31 46 32 35 33 7 1 34 30 2 15 4 39 40 52 66
36 52 69 3 1 64 37 59 39 31 0 22 32 7 54 30 2 19 16 17 41 14 11 35 56 15 48 65 33 26 50 58 21 23 62 61 12 4 47 13 38 68 20 40 66 51 45 49 44 67 6 25 43 34 60 8 5 55 9 63 28 53 27 42 57 18 24 10 46 29
9 4 0 61 66 14 49 2 56 27 30 20 25 7 69 48 62 19 15 44 23 5 33 50 17 36 32 21 12 41 39 43 22 59 24 57 42 3 60 10 6 37 45 16 64 58 13 53 31 1 65 54 34 55 51 52 40 26 8 29 28 68 11 18 63 35 67 38 46 47
17 23 26 57 11 49 35 64 22 38 19 21 25 7 4 62 68 31 59 9 0 16 30 47 6 40 28 5 8 37 63 18 41 15 51 2 20 55 53 13 54 50 42 39 34 29 3 61 44 1 67 32 10 58 56 48 60 66 69 14 27 33 12 46 36 45 43 52 65 24
45 9 57 31 17 15 30 43 27 46 66 4 51 65 18 41 29 19 33 40 13 8 36 32 63 0 11 49 39 54 68 6 28 59 62 56 26 16 60 58 25 7 48 52 38 67 61 50 14 20 47 5 22 3 23 10 69 1 35 37 42 2 64 24 12 55 44 53 21 34
0 62 40 67 21 28 24 54 39 7 49 43 41 59 36 29 35 53 5 61 6 20 37 15 26 57 47 34 3 38 2 25 68 14 19 45 27 52 56 50 33 1 17 32 23 8 13 42 30 55 16 18 9 65 31 60 11 66 58 63 4 22 44 48 69 51 64 46 10 12
6 37 32 21 61 68 23 35 11 49 10 60 1 39 69 20 9 58 40 8 62 15 42 12 38 13 59 66 27 30 53 7 4 54 0 5 41 65 33 67 48 46 57 51 56 55 19 36 31 3 17 2 18 14 52 50 22 63 26 34 29 28 45 44 64 16 25 47 43 24
25 54 10 59 20 41 44 5 19 53 42 62 9 3 1 6 63 14 45 37 56 65 60 21 43 47 58 29 51 17 0 36 35 12 66 28 50 32 26 40 23 15 38 39 30 33 46 4 68 11 55 24 22 7 49 16 13 48 8 67 64 57 52 31 34 2 27 18 69 61
62 30 44 8 11 36 18 28 33 43 69 53 32 65 23 66 58 60 15 46 31 1 4 68 52 67 27 38 21 34 49 55 61 54 19 45 48 9 56 24 2 7 14 42 63 17 0 57 35 6 59 12 5 20 51 16 26 41 37 50 13 22 47 40 39 64 29 25 10 3
49 4 69 21 15 66 46 19 37 31 57 24 47 56 48 28 10 12 6 39 60 9 11 54 22 30 53 61 63 36 18 40 32 3 16 1 38 5 7 17 20 65 0 68 64 25 59 27 35 55 33 62 2 29 8 14 51 13 50 45 41 58 43 44 26 67 42 34 23 52
11 23 56 42 28 48 21 38 57 49 35 15 33 30 47 13 4 69 41 55 12 29 51 43 0 16 44 50 68 53 60 20 6 54 46 5 22 14 36 66 39 26 3 18 65 1 2 24 40 64 17 62 7 63 32 67 34 59 52 45 27 58 37 8 25 19 9 31 61 10
8 24 68 53 37 51 4 32 31 17 1 58 6 2 42 20 52 7 3 59 23 43 67 60 41 15 49 48 21 34 30 64 38 12 16 66 33 18 40 0 55 28 13 56 19 63 39 50 54 47 57 14 36 27 22 65 26 25 29 9 11 46 62 61 69 10 35 5 45 44
13 33 61 42 39 5 31 55 15 65 53 62 68 26 12 2 50 64 29 38 58 43 3 32 24 57 8 27 11 46 44 4 45 6 9 34 63 10 36 49 30 47 52 0 19 54 23 7 16 66 41 67 22 25 59 35 14 60 40 21 69 28 17 37 18 20 1 48 51 56
53 15 30 13 59 41 52 2 34 56 65 48 25 50 63 9 51 5 23 1 20 31 4 6 54 45 7 28 47 55 16 62 33 42 11 29 21 10 61 44 57 8 26 18 12 43 67 32 19 49 66 46 37 0 58 35 64 14 40 3 27 38 68 22 17 36 69 39 24 60
53 27 34 8 6 33 15 50 43 36 52 12 38 19 21 46 22 32 5 40 9 69 16 2 29 59 11 68 0 57 4 54 60 41 48 13 61 67 62 26 55 18 64 25 56 39 65 45 30 20 28 14 35 23 51 17 37 47 3 66 63 31 7 44 24 10 58 49 1 42
21 31 28 62 5 41 4 58 45 3 13 16 15 34 48 35 40 2 23 49 39 64 57 1 47 56 6 30 37 59 26 19 63 42 67 61 25 20 7 50 27 68 10 46 54 66 14 29 38 22 8 55 52 17 51 43 11 36 18 69 12 24 65 53 60 32 0 9 44 33
6 27 50 47 44 62 69 66 11 22 8 9 0 2 31 61 54 13 51 39 7 12 34 36 64 40 25 30 21 37 24 63 10 23 56 32 67 42 49 28 14 68 57 46 59 60 19 41 43 4 26 16 15 33 18 5 48 20 65 52 1 58 29 53 45 55 17 35 38 3
53 7 10 19 58 9 26 54 24 50 4 43 34 22 62 45 21 60 40 32 35 48 1 69 46 17 56 64 68 57 15 67 37 27 14 29 30 52 13 2 16 33 51 66 11 36 61 49 31 41 25 18 44 0 63 42 38 47 20 5 3 39 23 12 59 65 28 8 6 55
26 20 38 43 60 52 63 13 33 51 24 28 3 62 22 65 67 40 64 7 17 2 32 5 4 29 59 55 18 44 48 6 15 12 19 50 14 66 49 47 53 41 23 39 42 21 36 56 54 27 61 35 58 68 25 8 16 11 69 34 45 31 9 0 30 37 10 57 46 1
14 12 50 0 45 62 37 6 9 43 20 23 15 24 65 39 27 66 63 35 22 1 31 64 4 52 3 34 69 60 54 58 57 44 7 19 53 42 32 21 17 16 56 13 11 40 59 28 55 49 67 10 5 68 29 61 33 41 18 25 30 46 8 36 2 51 38 48 26 47
3 28 47 44 29 50 7 20 11 41 39 36 12 64 57 10 65 0 14 56 48 5 69 31 40 55 67 68 60 52 16 15 21 9 37 25 54 34 38 61 58 19 27 26 53 62 63 59 32 45 43 24 49 35 51 46 4 2 13 42 1 17 23 22 8 33 66 6 30 18
35 31 24 1 21 50 0 19 68 30 29 13 67 26 32 33 27 51 34 66 63 23 40 10 44 38 16 54 3 57 62 6 59 47 8 28 45 37 61 41 14 69 49 60 64 52 53 12 42 56 9 48 5 11 4 25 15 2 43 17 20 36 46 7 65 22 18 55 39 58
35 48 62 38 53 30 19 54 29 26 60 28 6 49 39 64 25 2 14 44 22 17 11 20 34 27 46 13 9 24 36 12 51 58 16 69 66 4 45 68 10 67 3 63 21 50 43 8 5 57 7 42 18 0 65 23 55 56 59 61 41 40 33 52 31 32 15 37 47 1
56 30 34 46 20 49 22 67 9 61 5 11 63 39 43 57 66 38 29 42 33 47 1 0 65 28 68 3 27 50 10 31 25 36 21 35 58 64 16 45 23 4 59 8 14 13 69 6 19 2 60 41 24 55 53 44 7 18 40 62 54 48 17 37 12 26 51 52 15 32
67 12 46 59 19 20 69 54 15 25 22 9 31 24 51 35 32 58 57 0 18 34 26 29 16 53 63 64 61 42 14 2 3 6 40 23 66 4 38 8 68 44 65 13 43 60 52 55 11 45 48 41 27 5 49 10 30 28 62 1 37 21 56 17 33 39 47 50 36 7
22 16 30 13 46 24 66 65 28 49 7 35 34 52 61 14 67 12 18 45 68 69 48 25 15 31 58 17 21 5 20 41 47 62 0 26 36 19 29 33 27 40 63 42 9 43 55 6 60 39 2 50 44 4 38 54 32 3 8 53 56 64 57 59 11 37 23 1 10 51
13 22 69 43 68 40 12 59 57 18 2 44 39 60 63 65 48 16 66 38 25 46 7 53 29 41 14 27 24 30 23 32 62 1 56 67 45 28 49 3 5 33 11 34 26 9 47 61 20 58 64 8 31 21 6 55 37 35 17 15 51 19 4 54 42 52 0 36 50 10
10 54 53 29 44 15 56 66 31 47 4 68 67 6 37 17 62 49 46 18 23 51 33 27 55 63 5 41 22 25 11 2 64 52 7 30 9 21 60 8 20 14 36 48 24 43 38 34 65 58 57 50 1 45 69 3 26 61 13 59 42 28 0 16 12 39 32 35 19 40
26 43 67 52 19 57 45 23 68 1 60 63 53 11 33 25 13 48 15 62 12 50 61 49 24 36 3 55 59 7 35 39 56 18 46 32 51 2 16 37 38 41 30 29 17 14 34 8 6 0 66 27 44 10 28 4 64 31 65 20 58 5 21 47 22 42 54 40 69 9
11 31 1 28 58 9 24 25 69 17 48 2 59 19 68 29 32 3 35 8 5 63 0 20 40 15 7 21 36 6 22 30 64 55 51 42 67 4 10 57 13 61 23 41 65 33 16 12 44 34 49 38 14 54 53 46 43 26 47 37 52 56 60 18 45 27 66 50 62 39
46 34 67 20 68 33 28 50 66 38 8 52 22 47 12 26 10 1 48 5 64 69 37 14 54 25 42 40 51 11 39 4 16 15 65 29 57 17 6 43 62 3 60 44 18 30 63 53 35 61 23 59 27 13 9 21 49 19 7 36 24 55 2 41 45 58 56 0 32 31
20 39 52 60 16 17 26 57 38 32 56 54 35 34 18 64 29 7 11 66 5 21 69 14 67 46 27 28 48 40 12 13 8 50 0 63 44 2 36 47 30 25 10 15 19 62 68 53 23 58 37 3 31 42 33 9 59 4 45 41 1 49 43 55 22 51 24 6 61 65
18 6 63 3 34 24 7 40 60 57 66 62 0 50 37 46 53 49 42 69 67 14 26 27 16 48 58 31 28 54 15 19 10 21 5 39 22 20 45 29 44 65 52 32 9 36 11 23 30 33 68 35 25 59 1 51 12 38 55 8 61 41 43 47 56 17 64 4 13 2
16 8 6 53 25 68 3 66 40 60 1 48 61 69 35 47 7 43 29 17 10 37 15 13 51 41 21 63 11 31 49 33 24 54 64 39 62 57 2 46 28 58 12 18 0 20 30 32 34 65 36 26 19 55 59 14 23 45 38 50 4 67 42 52 22 56 5 44 9 27
26 36 0 54 53 56 51 8 29 12 42 64 32 25 41 16 2 60 6 67 58 34 69 62 18 19 65 66 22 44 27 50 48 33 10 37 57 3 43 4 38 17 61 45 31 20 49 40 55 59 46 23 1 13 68 7 35 52 5 9 11 28 47 14 15 39 24 63 30 21
9 0 59 40 22 10 4 63 69 16 28 56 6 18 31 7 44 65 55 58 66 39 54 12 57 47 25 41 27 8 11 61 19 26 32 53 68 5 20 38 36 49 46 42 29 50 14 34 33 48 21 35 67 64 17 3 37 13 2 30 23 24 60 43 15 45 52 1 62 51
11 39 60 29 22 9 20 34 37 15 45 32 7 47 52 69 55 38 49 54 27 33 3 1 2 30 35 17 59 43 67 12 6 19 57 18 50 42 62 51 5 25 21 46 13 8 58 63 56 31 16 4 26 66 53 44 24 68 36 64 14 48 61 65 23 0 40 41 28 10
42 33 8 12 6 44 30 58 36 5 51 62 60 20 41 57 32 37 19 26 0 61 27 38 59 49 45 47 7 16 28 55 56 11 17 29 25 40 64 14 23 65 13 22 63 68 54 39 3 24 21 43 18 48 53 67 9 15 35 10 46 50 4 31 52 69 2 34 66 1
31 2 33 1 40 50 52 49 67 47 35 43 15 46 6 60 45 10 4 48 3 13 21 66 63 5 42 17 16 61 37 62 65 18 28 7 30 44 68 32 59 64 58 69 24 22 57 14 9 12 39 51 20 26 8 19 23 34 27 29 54 56 25 38 53 55 0 41 36 11
20 45 27 1 58 60 41 50 19 62 6 0 35 61 28 12 5 36 46 17 22 33 52 57 38 14 42 16 31 64 55 13 7 56 32 18 10 66 30 44 69 11 26 15 3 39 25 8 2 29 59 43 67 49 48 21 63 54 34 65 51 9 23 40 37 4 68 24 53 47
45 43 16 29 20 52 12 56 31 25 4 33 46 51 14 19 54 59 50 0 44 23 1 55 38 13 62 68 60 3 69 26 66 10 48 32 40 42 39 2 15 35 9 30 61 41 5 22 6 58 7 24 18 49 57 36 67 63 34 37 8 17 28 21 64 53 47 65 11 27
34 63 66 43 68 5 62 17 14 69 33 28 67 21 46 25 54 56 26 10 42 1 31 48 4 40 19 61 64 13 20 36 0 29 24 53 32 49 60 18 16 51 6 11 50 45 58 52 3 35 39 57 30 59 27 47 37 9 23 65 41 2 44 38 7 22 15 55 8 12
10 22 33 29 24 52 66 23 41 1 18 43 53 45 9 64 12 57 15 47 56 59 39 62 19 34 13 65 37 27 31 30 46 4 17 6 49 61 3 28 67 35 40 25 69 20 36 44 14 58 8 26 38 63 55 16 5 11 0 42 51 50 48 7 2 32 54 60 21 68
41 36 22 69 15 40 12 11 1 57 60 23 54 64 35 68 8 13 16 49 2 66 26 42 18 53 19 56 32 24 10 58 63 37 7 0 25 4 65 62 38 39 50 46 45 20 61 30 31 14 21 48 43 51 28 34 55 67 44 6 17 47 59 33 9 52 5 3 27 29
48 24 3 2 47 33 68 5 0 21 51 30 22 7 35 8 66 44 50 12 56 60 45 34 59 10 32 29 18 46 61 9 65 23 14 58 17 31 27 38 13 49 55 40 42 28 62 16 69 6 54 15 19 36 53 26 25 67 63 20 11 52 64 39 43 41 4 37 57 1
35 19 54 21 38 6 40 66 48 17 68 2 31 23 51 9 5 65 50 64 11 27 62 58 0 42 22 67 63 20 3 4 7 41 44 43 34 1 10 13 56 18 69 61 33 15 14 36 37 59 52 46 28 12 24 47 29 39 16 32 45 30 25 26 49 8 57 53 55 60
1 21 17 16 67 59 64 39 7 27 9 57 40 34 63 33 68 47 4 51 0 65 18 24 14 45 62 66 12 56 8 15 50 54 28 44 41 22 61 36 10 31 30 32 37 23 53 60 26 58 29 19 20 46 6 69 5 2 42 3 11 43 25 55 38 35 13 52 49 48
12 25 11 53 9 38 7 3 16 39 60 65 55 66 30 24 6 43 19 56 20 22 62 49 29 47 61 4 58 8 14 40 33 27 69 67 18 41 21 68 23 52 31 45 0 15 34 1 50 48 64 59 28 5 54 42 63 2 26 10 13 32 37 44 17 57 36 46 35 51
67 62 5 54 6 22 45 59 31 58 21 26 17 16 52 35 7 66 32 13 50 60 41 68 25 47 48 30 55 42 34 63 49 2 12 40 11 65 8 44 28 3 38 9 53 29 27 24 39 20 14 43 37 1 61 19 0 46 18 69 57 4 64 51 56 23 15 36 33 10
30 50 68 33 15 56 58 36 52 61 34 69 21 6 47 64 41 43 17 53 38 18 46 54 26 28 55 48 27 51 11 35 19 24 65 20 12 10 23 49 37 45 7 62 3 25 60 4 14 44 40 59 57 13 16 39 31 32 9 22 42 1 2 8 67 0 63 66 29 5
