-6 40 51 24 -99 71 -33 3 12 -25
80 -99 89 74 33 61 57 8 -30 -14
22 -70 46 -12 13 -88 41 -88 25 69
-58 41 81 73 -38 -12 -65 32 -48 -79
-79 -30 -27 14 -36 87 -85 72 11 61
37 -66 98 -72 76 58 44 80 -30 -38
-4 -53 17 87 4 -18 36 95 -47 -26
61 -13 -32 3 -18 61 -61 -84 -26 -11
-78 53 -20 51 47 -70 -46 54 -40 26
51 35 34 -49 -45 66 -34 24 44 -20
51 -89 -83 15 -9 40 -6 1 98 63
-25 -75 -90 -53 8 10 57 -48 -1 4
43 34 17 -84 88 31 42 -38 -86 69
-1 -39 -80 71 -3 0 51 -83 -42 64
10 -58 -7 13 -13 9 -67 76 90 -13
-52 30 -21 -19 81 -73 16 -54 -85 -34
66 83 52 -61 75 10 -64 -33 9 -59
26 16 30 -19 -57 -74 -94 66 54 -24
-64 18 0 -21 71 -30 -77 -56 82 88
68 -7 86 62 -66 69 -57 -42 56 22
-24 -11 11 58 -80 -39 -18 53 92 -66
-98 18 -59 -45 66 -51 -29 -86 -71 41
1 -15 51 -98 25 27 28 54 -15 75
-8 -14 -94 69 28 94 14 -52 -5 -53
-7 21 -32 -91 -3 -93 30 -25 -9 -43
-71 81 44 -57 -5 -77 28 18 -72 -30
93 -69 -48 5 14 -42 -37 -34 -21 60
29 65 -55 13 0 -54 -10 -85 49 -11
-14 -98 89 13 -68 -72 -67 -91 1 -96
40 -82 -70 -22 83 -51 15 -57 -58 -95
-18 99 62 34 -88 -62 81 22 -9 80
33 12 -89 -16 65 42 48 -47 15 29
-72 -82 21 41 -54 24 -97 -96 -10 14
-82 29 -64 -24 76 -57 -82 60 -29 -67
-53 -15 91 -49 73 -41 92 48 7 11
30 -90 35 -10 41 -66 -59 57 -17 -88
-5 44 -93 -41 -73 57 -44 4 -32 57
-79 -89 -38 41 -62 46 -64 84 48 70
83 53 -12 -95 52 -52 -27 35 -39 -20
-45 5 -79 59 -80 63 -82 -88 25 34
-72 -40 -70 0 -83 6 -79 -53 -75 2
-30 63 -54 -15 63 37 -75 16 55 -69
-79 -17 99 93 -2 80 90 28 35 9
18 -74 -31 -1 -22 74 -42 45 18 -51
30 84 80 34 60 -63 19 37 51 10
30 23 37 57 1 41 -68 29 -56 96
-21 -46 -29 -13 48 98 -31 -40 2 -30
-10 46 82 -78 79 10 -6 11 29 17
94 -95 46 5 -91 36 58 -96 -88 -18
23 -37 2 -33 90 12 94 -30 3 -92
-23 63 32 -63 -64 -72 22 -44 -77 83
-73 -91 -51 7 -19 -98 9 -19 -34 55
58 41 -1 -39 -33 -77 -84 -77 52 -8
37 55 -1 50 77 -28 -48 -38 -83 -33
18 24 -73 25 63 50 12 70 -80 72
-99 47 88 -61 21 -64 -99 -50 -94 -44
-91 -96 -96 6 72 6 -59 -50 44 -73
-35 82 -62 79 11 -83 57 -85 91 58
94 -67 38 75 -55 -69 -79 25 -94 94
79 -27 -13 13 -22 -93 43 29 -59 -67
76 8 95 77 25 -16 81 -47 74 59
-88 -44 -92 74 -30 4 60 -35 -10 -36
-95 84 -38 -99 88 -69 -13 68 -44 -69
59 24 22 38 46 26 93 63 35 93
26 67 21 -36 39 16 -74 39 -52 -96
50 -94 -46 -58 -40 99 88 53 25 -93
-80 -84 -54 -5 83 0 -77 -92 -92 -70
64 59 45 -74 54 85 36 14 24 -25
33 -39 -5 59 -47 -21 45 -23 53 0
-42 8 62 -43 -12 67 -49 -41 61 -77
-42 66 24 -7 -97 67 98 62 88 -76
58 -98 -34 -67 -91 -30 -33 84 -85 -76
35 -83 0 0 -33 -54 79 -20 -54 -59
-70 -42 -82 69 70 47 29 60 16 -63
-97 68 49 80 49 -55 81 -16 -88 97
-69 -82 -64 -80 33 65 96 -69 -13 -95
17 79 -41 31 82 -78 60 30 -28 50
43 0 -87 43 79 -22 11 -5 60 -3
-76 -45 -70 1 -31 36 76 -43 -36 95
89 0 -87 -84 -59 -94 -57 -95 44 30
96 47 -78 71 -88 -43 74 -97 -96 -86
-58 68 -63 52 44 -35 -94 -67 21 -7
-18 88 50 -83 25 -86 -89 -37 25 -9
90 6 14 -79 36 22 -27 -42 32 -44
-2 -43 -65 61 -8 5 -49 -59 -9 -76
81 96 -43 89 -24 20 -22 19 43 76
-27 -72 58 11 -72 70 -80 -41 76 29
-23 72 55 -95 -92 17 -19 -24 86 -16
94 12 -95 -54 69 -74 83 19 65 56
29 -52 -44 4 76 -7 -84 -93 -35 9
-18 -20 -22 24 74 -98 -16 -63 -97 55
-22 -10 31 -99 -69 24 -59 81 -31 65
-39 -8 -51 -14 67 -89 43 97 -10 -64
50 -98 86 -93 -26 7 55 -93 79 67
-20 -97 68 31 42 54 2 76 97 90
-50 92 46 52 70 71 -16 62 65 -48
48 -3 73 -62 67 1 91 -76 26 -97
-8 94 -60 47 -91 -32 65 17 -53 -7
2 -35 46 -64 62 -13 75 -16 91 93
-19 -68 -76 28 -11 1 31 93 -49 84
