34 -34 -98 -55 -49 48 35 84 65 89
81 -90 -11 -97 -2 -7 -45 33 -10 21
74 25 86 -99 -6 40 46 24 22 17
-56 88 -39 53 -46 78 -7 -83 74 30
32 -94 60 -70 39 43 -82 -16 -19 40
-1 89 -87 52 -96 -75 -67 57 -54 -16
42 -97 -76 -45 55 -57 -61 -25 -34 55
79 -18 -70 99 -62 12 -97 -29 99 -21
41 -12 -71 -14 70 23 48 -64 62 94
93 38 -50 -62 -60 -50 93 -60 -73 -85
-23 -34 -4 97 43 6 -82 64 -51 -97
54 77 34 71 54 -55 -65 24 -32 -20
68 53 -97 54 -23 71 46 13 -95 -43
38 77 -49 78 -2 -50 -47 -56 46 -20
21 88 76 74 -2 24 -64 71 -8 -4
42 -85 -58 40 28 86 18 -17 81 31
62 -74 59 -8 -97 -9 97 -17 -22 -57
91 -75 97 -82 -92 0 94 -67 -57 48
-69 -39 0 26 53 56 -15 67 23 -94
78 60 -26 74 69 81 58 -90 81 -34
1 48 24 16 80 46 -32 -20 -49 -20
35 20 -13 -33 51 -54 -51 -19 -96 1
67 -40 56 18 1 75 -1 -34 92 -72
-67 -34 83 -68 85 56 -89 93 66 48
97 -82 12 21 72 66 -91 68 66 15
75 66 -59 -39 -77 0 70 -93 -10 -36
87 -69 -48 -15 -76 -95 -3 0 -45 -98
5 37 14 13 97 16 7 52 2 79
20 26 -40 -49 -31 -72 34 -20 -52 -28
56 5 83 -95 -66 34 -74 0 -7 95
-45 -19 -34 94 67 -64 24 97 -40 66
86 95 -31 70 -16 33 -81 -69 28 52
-51 -9 -75 -60 -12 -54 28 53 70 21
-38 -79 -8 -29 85 55 -57 -45 -68 3
38 55 -50 -80 75 49 -96 0 51 -77
-8 7 87 -16 94 -39 -17 -55 -51 81
91 51 12 61 4 9 -8 16 -16 -78
-68 97 86 54 -74 -67 2 -59 73 -14
1 -88 51 -73 -34 -52 -65 -35 64 -45
72 -63 65 -34 52 -21 -18 -50 51 -4
-56 3 57 -15 -19 32 -92 -10 16 -1
7 58 -71 30 64 50 -92 -68 99 43
75 -31 -34 -47 48 -45 -43 54 90 -75
88 48 -37 98 -71 -64 -18 -46 -93 -63
-41 -80 -38 72 99 40 61 -61 42 -64
36 -15 62 -97 47 21 -68 -27 -8 -2
18 79 -90 63 58 68 -51 93 -57 -62
-30 77 9 -85 28 -58 37 71 47 64
88 48 -57 11 -41 60 -11 -78 58 65
-14 41 -69 35 33 -27 27 -18 97 -81
-53 11 -63 76 -58 -78 99 -66 36 -39
3 -96 67 40 37 -63 60 60 70 29
-70 26 81 -90 -57 -89 54 -3 74 -40
17 84 -18 -3 -60 28 -2 56 -34 91
61 -24 -40 -16 -99 -18 -15 -94 46 67
32 94 -56 65 92 -85 -92 -50 0 -2
45 59 -43 42 -13 29 -12 78 28 84
62 66 -54 81 67 97 -66 74 82 -52
63 13 -83 63 -76 -76 -85 -4 0 -88
-14 14 89 39 34 58 83 68 -52 -14
80 -8 -54 67 90 19 -54 21 -63 -23
-1 -6 23 62 77 45 -41 96 84 -41
-21 42 51 61 47 -76 -33 -9 -15 76
26 15 -48 -32 -70 88 -93 4 -28 -65
-11 93 -62 -84 55 52 -57 -16 -74 -25
59 -13 -94 -50 86 27 -29 76 -78 9
-83 -52 -78 -79 76 -26 -66 34 -50 -12
56 26 51 94 80 -35 -19 -31 0 -17
-79 73 3 -34 15 36 -53 84 74 88
-46 63 89 19 -19 80 -10 99 -10 40
53 29 96 28 67 43 93 -8 -60 16
75 -13 77 -52 53 -66 84 -52 32 -54
43 60 -41 1 -82 95 6 -64 -48 0
96 86 -4 65 77 -42 8 -2 12 88
57 -53 23 20 88 -44 83 -56 38 36
-15 -76 -31 44 -65 92 -70 -84 19 58
22 -22 -72 52 -65 0 -73 -30 29 66
61 12 -27 -69 -2 44 -24 20 -38 58
93 -64 7 37 32 95 86 -29 -66 -47
-97 -76 -82 53 98 -82 64 29 3 0
82 -85 60 12 -78 6 72 -60 78 -23
8 38 28 -12 -61 -29 -42 93 72 -61
-98 95 49 -14 -5 90 83 -37 39 38
-44 65 37 -13 19 -33 -58 0 -79 50
-1 22 -70 -42 85 -73 -7 38 5 4
-16 47 76 -7 47 -54 -92 -42 9 -68
-68 -55 64 32 -32 54 83 -25 -29 25
3 92 81 6 -86 -98 -40 -64 -83 94
-99 -74 -64 -62 98 -42 93 -62 89 -44
-51 46 -59 83 85 -45 -86 19 -80 -52
-29 92 99 14 53 23 93 -1 41 9
6 -5 -32 13 58 74 3 44 -50 -96
-30 81 -62 35 88 75 -10 -27 -3 -52
-1 69 -67 75 72 -60 46 -63 -65 90
9 -49 86 -75 31 -63 -29 -39 -47 36
-77 5 87 73 -12 -71 43 -25 33 -26
-71 -33 -82 52 2 -12 -27 -74 80 -1
52 2 13 87 -54 0 -65 70 -56 66
-35 -42 -59 -53 -18 59 -28 -92 54 19
-4 -12 -3 -67 -32 -18 61 -71 74 11
