33 -39 -32 -39 67 -39 -82 -39 17 -39
-7 -39 92 -39 -57 -39 42 -39 -44 -39
55 -39 -94 -39 5 -39 -19 -39 80 -39
-69 -39 30 -39 -25 -39 74 -39 -75 -39
24 -39 0 -39 99 -39 -50 -39 49 -39
-38 -39 61 -39 -88 -39 11 -39 -13 -39
86 -39 -63 -39 36 -39 -36 -39 63 -39
-86 -39 13 -39 -11 -39 88 -39 -61 -39
38 -39 -49 -39 50 -39 -99 -39 0 -39
-24 -39 75 -39 -74 -39 25 -39 -30 -39
69 -39 -80 -39 19 -39 -5 -39 94 -39
-55 -39 44 -39 -43 -39 56 -39 -93 -39
6 -39 -18 -39 81 -39 -68 -39 31 -39
-33 -39 66 -39 -83 -39 16 -39 -8 -39
91 -39 -58 -39 41 -39 -46 -39 53 -39
-96 -39 3 -39 -21 -39 78 -39 -71 -39
28 -39 -27 -39 72 -39 -77 -39 22 -39
-2 -39 97 -39 -52 -39 47 -39 -39 -39
60 -39 -89 -39 10 -39 -14 -39 85 -39
-64 -39 35 -39 -34 -39 65 -39 -84 -39
15 -39 -9 -39 90 -39 -59 -39 40 -39
-46 -39 53 -39 -96 -39 3 -39 -21 -39
78 -39 -71 -39 28 -39 -28 -39 71 -39
-78 -39 21 -39 -3 -39 96 -39 -53 -39
46 -39 -40 -39 59 -39 -90 -39 9 -39
-15 -39 84 -39 -65 -39 34 -39 -31 -39
68 -39 -81 -39 18 -39 -6 -39 93 -39
-56 -39 43 -39 -43 -39 56 -39 -93 -39
6 -39 -18 -39 81 -39 -68 -39 31 -39
-25 -39 74 -39 -75 -39 24 -39 0 -39
99 -39 -50 -39 49 -39 -37 -39 62 -39
-87 -39 12 -39 -12 -39 87 -39 -62 -39
37 -39 -35 -39 64 -39 -85 -39 14 -39
-10 -39 89 -39 -60 -39 39 -39 -48 -39
51 -39 -98 -39 1 -39 -23 -39 76 -39
-73 -39 26 -39 -29 -39 70 -39 -79 -39
20 -39 -4 -39 95 -39 -54 -39 45 -39
-42 -39 57 -39 -92 -39 7 -39 -17 -39
82 -39 -67 -39 32 -39 -32 -39 67 -39
-82 -39 17 -39 -7 -39 92 -39 -57 -39
42 -39 -45 -39 54 -39 -95 -39 4 -39
-20 -39 79 -39 -70 -39 29 -39 -26 -39
73 -39 -76 -39 23 -39 -1 -39 98 -39
-51 -39 48 -39 -39 -39 60 -39 -89 -39
10 -39 -14 -39 85 -39 -64 -39 35 -39
-35 -39 64 -39 -85 -39 14 -39 -10 -39
89 -39 -60 -39 39 -39 -48 -39 51 -39
-98 -39 1 -39 -23 -39 76 -39 -73 -39
26 -39 -29 -39 70 -39 -79 -39 20 -39
-4 -39 95 -39 -54 -39 45 -39 -42 -39
57 -39 -92 -39 7 -39 -17 -39 82 -39
-67 -39 32 -39 -32 -39 67 -39 -82 -39
17 -39 -7 -39 92 -39 -57 -39 42 -39
-45 -39 54 -39 -95 -39 4 -39 -20 -39
79 -39 -70 -39 29 -39 -26 -39 73 -39
-76 -39 23 -39 -1 -39 98 -39 -51 -39
48 -39 -38 -39 61 -39 -88 -39 11 -39
-13 -39 86 -39 -63 -39 36 -39 -37 -39
62 -39 -87 -39 12 -39 -12 -39 87 -39
-62 -39 37 -39 -49 -39 50 -39 -99 -39
0 -39 -24 -39 75 -39 -74 -39 25 -39
-31 -39 68 -39 -81 -39 18 -39 -6 -39
93 -39 -56 -39 43 -39 -43 -39 56 -39
-93 -39 6 -39 -18 -39 81 -39 -68 -39
31 -39 -34 -39 65 -39 -84 -39 15 -39
-9 -39 90 -39 -59 -39 40 -39 -46 -39
53 -39 -96 -39 3 -39 -21 -39 78 -39
-71 -39 28 -39 -28 -39 71 -39 -78 -39
21 -39 -3 -39 96 -39 -53 -39 46 -39
-40 -39 59 -39 -90 -39 9 -39 -15 -39
84 -39 -65 -39 34 -39 -35 -39 64 -39
-85 -39 14 -39 -10 -39 89 -39 -60 -39
39 -39 -47 -39 52 -39 -97 -39 2 -39
-22 -39 77 -39 -72 -39 27 -39 -28 -39
71 -39 -78 -39 21 -39 -3 -39 96 -39
-53 -39 46 -39 -41 -39 58 -39 -91 -39
8 -39 -16 -39 83 -39 -66 -39 33 -39
-31 -39 68 -39 -81 -39 18 -39 -6 -39
93 -39 -56 -39 43 -39 -44 -39 55 -39
-94 -39 5 -39 -19 -39 80 -39 -69 -39
30 -39 -25 -39 74 -39 -75 -39 24 -39
0 -39 99 -39 -50 -39 49 -39 -38 -39
61 -39 -88 -39 11 -39 -13 -39 86 -39
-63 -39 36 -39 -36 -39 63 -39 -86 -39
13 -39 -11 -39 88 -39 -61 -39 38 -39
-49 -39 50 -39 -99 -39 0 -39 -24 -39
75 -39 -74 -39 25 -39 -30 -39 69 -39
-80 -39 19 -39 -5 -39 94 -39 -55 -39
44 -39 -42 -39 57 -39 -92 -39 7 -39
-17 -39 82 -39 -67 -39 32 -39 -33 -39
66 -39 -83 -39 16 -39 -8 -39 91 -39
-58 -39 41 -39 -46 -39 54 -39 -96 -39
3 -39 -21 -39 79 -39 -71 -39 28 -39
-27 -39 72 -39 -77 -39 22 -39 -2 -39
97 -39 -52 -39 47 -39 -39 -39 60 -39
-89 -39 10 -39 -14 -39 85 -39 -64 -39
35 -39 -35 -39 64 -39 -85 -39 14 -39
-10 -39 89 -39 -60 -39 39 -39 -47 -39
52 -39 -97 -39 2 -39 -22 -39 77 -39
-72 -39 27 -39 -29 -39 70 -39 -79 -39
