27 44 27 -43 27 56 27 -93 27 6
27 -18 27 81 27 -68 27 31 27 -33
27 66 27 -83 27 16 27 -8 27 91
27 -58 27 41 27 -46 27 53 27 -96
27 3 27 -21 27 78 27 -71 27 28
27 -27 27 72 27 -77 27 22 27 -2
27 97 27 -52 27 47 27 -40 27 59
27 -90 27 9 27 -15 27 84 27 -65
27 34 27 -34 27 65 27 -84 27 15
27 -9 27 90 27 -59 27 40 27 -47
27 52 27 -97 27 2 27 -22 27 77
27 -72 27 27 27 -28 27 71 27 -78
27 21 27 -3 27 96 27 -53 27 46
27 -40 27 59 27 -90 27 9 27 -15
27 84 27 -65 27 34 27 -31 27 68
27 -81 27 18 27 -6 27 93 27 -56
27 43 27 -44 27 55 27 -94 27 5
27 -19 27 80 27 -69 27 30 27 -25
27 74 27 -75 27 24 27 0 27 99
27 -50 27 49 27 -37 27 62 27 -87
27 12 27 -12 27 87 27 -62 27 37
27 -36 27 63 27 -86 27 13 27 -11
27 88 27 -61 27 38 27 -48 27 51
27 -98 27 1 27 -23 27 76 27 -73
27 26 27 -30 27 69 27 -80 27 19
27 -5 27 94 27 -55 27 44 27 -42
27 57 27 -92 27 7 27 -17 27 82
27 -67 27 32 27 -33 27 66 27 -83
27 16 27 -8 27 91 27 -58 27 41
27 -45 27 54 27 -95 27 4 27 -20
27 79 27 -70 27 29 27 -26 27 73
27 -76 27 23 27 -1 27 98 27 -51
27 48 27 -39 27 60 27 -89 27 10
27 -14 27 85 27 -64 27 35 27 -35
27 64 27 -85 27 14 27 -10 27 89
27 -60 27 39 27 -48 27 51 27 -98
27 1 27 -23 27 76 27 -73 27 26
27 -29 27 70 27 -79 27 20 27 -4
27 95 27 -54 27 45 27 -41 27 58
27 -91 27 8 27 -16 27 83 27 -66
27 33 27 -32 27 67 27 -82 27 17
27 -7 27 92 27 -57 27 42 27 -45
27 54 27 -95 27 4 27 -20 27 79
27 -70 27 29 27 -26 27 73 27 -76
27 23 27 -1 27 98 27 -51 27 48
27 -38 27 61 27 -88 27 11 27 -13
27 86 27 -63 27 36 27 -37 27 62
27 -87 27 12 27 -12 27 87 27 -62
27 37 27 -49 27 50 27 -99 27 0
27 -24 27 75 27 -74 27 25 27 -31
27 68 27 -81 27 18 27 -6 27 93
27 -56 27 43 27 -43 27 56 27 -93
27 6 27 -18 27 81 27 -68 27 31
27 -34 27 65 27 -84 27 15 27 -9
27 90 27 -59 27 40 27 -46 27 53
27 -96 27 3 27 -21 27 78 27 -71
27 28 27 -27 27 72 27 -77 27 22
27 -2 27 97 27 -52 27 47 27 -40
27 59 27 -90 27 9 27 -15 27 84
27 -65 27 34 27 -34 27 65 27 -84
27 15 27 -9 27 90 27 -59 27 40
27 -47 27 52 27 -97 27 2 27 -22
27 77 27 -72 27 27 27 -28 27 71
27 -78 27 21 27 -3 27 96 27 -53
27 46 27 -41 27 58 27 -91 27 8
27 -16 27 83 27 -66 27 33 27 -31
27 68 27 -81 27 18 27 -6 27 93
27 -56 27 43 27 -44 27 55 27 -94
27 5 27 -19 27 80 27 -69 27 30
27 -25 27 74 27 -75 27 24 27 0
27 99 27 -50 27 49 27 -38 27 61
27 -88 27 11 27 -13 27 86 27 -63
27 36 27 -36 27 63 27 -86 27 13
27 -11 27 88 27 -61 27 38 27 -49
27 50 27 -99 27 0 27 -24 27 75
27 -74 27 25 27 -30 27 69 27 -80
27 19 27 -5 27 94 27 -55 27 44
27 -42 27 57 27 -92 27 7 27 -17
27 82 27 -67 27 32 27 -33 27 66
27 -83 27 16 27 -8 27 91 27 -58
27 41 27 -45 27 54 27 -95 27 4
27 -20 27 79 27 -70 27 29 27 -27
27 72 27 -77 27 22 27 -2 27 97
27 -52 27 47 27 -39 27 60 27 -89
27 10 27 -14 27 85 27 -64 27 35
27 -35 27 64 27 -85 27 14 27 -10
27 89 27 -60 27 39 27 -47 27 52
27 -97 27 2 27 -22 27 77 27 -72
27 27 27 -29 27 70 27 -79 27 20
27 -4 27 95 27 -54 27 45 27 -41
27 58 27 -91 27 8 27 -16 27 83
27 -66 27 33 27 -32 27 67 27 -82
27 17 27 -7 27 92 27 -57 27 42
27 -44 27 55 27 -94 27 5 27 -19
27 80 27 -69 27 30 27 -25 27 74
27 -75 27 24 27 0 27 99 27 -50
27 49 27 -38 27 61 27 -88 27 11
27 -13 27 86 27 -63 27 36 27 -36
27 63 27 -86 27 13 27 -11 27 88
27 -61 27 38 27 -49 27 50 27 -99
