-82 25 37 -46 35 -12 -43 -13 15 -51
-86 -1 92 -24 87 -38 69 95 34 74
38 -38 -98 27 -28 -23 -60 55 89 99
-20 -51 58 92 -80 -70 37 -76 74 58
-28 21 -12 17 21 -21 82 -24 96 4
-86 -90 66 88 -80 -4 64 -14 86 -68
-86 -74 -43 19 64 49 83 -92 -56 87
-62 9 92 -2 74 -72 55 -65 -77 59
-73 16 -52 56 11 -15 35 -64 95 -61
-13 60 41 80 -19 -84 64 95 41 -55
65 24 97 -66 90 24 -41 -71 47 9
35 -95 -78 -26 -53 -65 -80 32 -97 35
55 -68 -4 -70 83 13 96 -4 -75 -61
-65 37 -60 56 23 -64 24 -78 -11 87
39 1 -71 77 -67 1 66 -84 9 -37
74 71 77 52 -5 -77 -87 -65 48 -92
35 -67 -37 -4 -1 73 -49 -99 88 -85
-45 32 93 -32 92 39 2 -43 3 36
35 70 -46 26 9 -11 26 -9 -24 25
-25 73 -14 73 -92 -11 13 -47 55 0
0 -67 19 42 20 -18 54 -13 91 77
41 -41 -86 76 -58 -83 7 84 -21 -47
19 5 -81 38 84 -50 78 -9 -11 -32
18 -25 16 78 65 -49 66 69 -99 -54
89 -63 -43 -57 64 -35 -15 72 -48 -22
48 -8 -38 -59 -60 59 -82 14 -66 4
-55 -98 -93 69 -67 -18 -32 13 -11 6
97 94 12 -54 27 15 76 24 71 -14
0 -4 46 8 -81 -17 34 -96 39 39
40 87 -46 -2 -28 -74 -88 -84 4 79
-84 90 7 66 32 -73 1 -45 59 8
95 13 0 -7 90 -42 -42 -54 23 -95
52 90 -21 -25 64 -42 -65 -96 63 -62
-38 10 42 14 -18 -20 -77 32 90 38
95 34 32 -56 93 50 -58 14 93 -72
81 -96 -72 30 -1 83 -2 8 1 49
-41 18 21 22 53 40 19 -7 -85 -40
-72 16 -12 85 86 0 80 -27 89 -31
41 -89 17 17 4 -16 77 46 -81 -33
-52 9 -31 5 66 -40 -57 57 -36 1
53 70 40 96 -63 -57 -34 -18 62 -45
-8 -64 -19 -48 -96 61 91 65 -29 -94
-13 99 18 0 30 -88 1 -61 -43 28
-85 -73 -86 -18 -67 97 -29 -4 -38 39
60 -4 7 53 50 18 -75 -13 -80 92
-8 88 75 79 -9 59 27 89 -58 -14
92 79 -92 -20 18 2 34 -90 -23 35
0 2 -79 50 -5 80 -39 96 -54 -37
87 65 -36 -95 62 -62 58 -71 63 92
38 -68 61 78 44 48 78 -55 45 84
-29 43 -78 94 -98 58 -57 7 6 85
-84 -84 -50 77 71 37 23 -87 71 24
1 3 -51 -56 58 48 -23 -79 73 41
-61 31 -5 -60 42 -71 -97 78 -23 84
-20 -5 13 64 -38 -71 -28 -22 -93 51
-61 3 79 2 27 2 -46 -11 13 -46
-38 20 -35 -92 56 -63 47 -90 -21 82
93 -38 88 45 81 82 81 22 82 -6
80 -70 7 1 -35 -8 68 -43 40 -50
39 35 81 77 -18 60 -76 74 52 -71
81 -72 -49 40 -41 14 -45 -75 81 -34
73 17 79 -72 27 -83 -40 -18 -48 92
-85 -66 -3 55 70 8 -62 -68 62 -7
-19 -52 38 -5 24 63 -64 -70 88 -76
34 -58 -15 52 -68 -89 -50 -40 -42 -6
-15 40 77 39 82 -38 -52 73 2 -73
52 -25 -66 -46 -24 18 43 -26 -55 7
-84 13 -54 73 -75 95 -72 -41 -84 41
75 -5 -66 0 70 20 46 2 24 -91
-67 79 -97 70 79 29 63 38 88 50
-25 -65 -8 41 -6 -49 -87 -9 -37 34
-26 -1 -31 46 -53 -73 -31 -84 39 -13
-70 94 9 48 6 87 52 -93 84 74
96 -51 13 6 -33 -69 40 6 21 -81
-85 63 -78 -74 1 -97 -43 27 16 12
16 90 -41 -21 21 -1 51 -53 35 19
6 65 64 54 44 -73 85 -16 -45 -94
62 -28 -79 -49 82 73 0 55 85 -54
66 59 22 -94 69 65 98 60 -8 -26
-56 -59 64 22 -87 30 61 -20 -3 3
33 -3 97 26 -99 -70 -91 59 30 33
16 14 35 -79 -91 49 -75 -26 -37 24
35 -41 -31 -9 -22 -42 41 -58 -54 -26
-79 55 72 33 -43 27 90 -92 -13 38
17 95 91 61 -25 -14 65 -24 -59 22
-14 -94 91 61 -63 -71 81 -87 83 -30
-30 -16 59 38 -25 -2 -74 29 -36 66
-17 -79 14 -51 -80 41 25 -73 64 12
55 -70 47 65 90 11 -86 -16 3 51
83 -58 15 24 -57 -20 -86 73 99 -18
-29 -49 -36 -12 -43 52 -76 0 30 -58
-11 -33 76 -99 -45 51 66 81 81 66
-64 31 -90 -5 53 48 -42 16 56 83
73 -25 7 7 5 -2 -68 -50 -77 -78
-13 24 5 31 66 -79 -14 0 26 -71
-85 -65 69 -64 87 -27 0 7 92 -8
-77 -88 -47 71 -16 -90 69 68 14 -26
-42 -52 -40 -78 -77 -34 -63 -55 98 6
84 73 -57 -31 -99 -70 70 -99 -1 -95
-16 18 89 -81 52 51 -86 -3 -78 59
