90 -64 -92 -99 16 32 -10 30 32 60
55 51 31 50 94 22 -8 80 -50 -89
26 -6 77 97 40 5 -56 -9 -63 -58
2 -46 -97 43 20 17 -48 -6 77 -52
3 -6 -49 -57 91 60 99 -9 70 58
-68 37 25 -56 98 -96 -42 -88 -25 19
-27 -13 -1 -55 95 -2 -21 52 -65 97
-95 24 84 -54 9 -74 -86 30 9 22
35 47 -21 -30 21 58 44 -88 49 -46
-18 2 -17 -60 9 97 42 -81 -65 8
-15 -48 -7 -60 29 -32 -86 96 11 73
87 -25 45 37 30 -35 77 14 64 -58
14 23 -51 28 -88 -12 98 1 29 -81
-1 -71 10 4 13 55 37 93 -3 18
46 1 -54 -66 75 -67 96 -24 -74 -99
87 -50 69 91 -4 -56 13 43 -55 7
24 -86 73 -37 -58 45 24 -8 -11 -32
84 -57 42 67 91 -30 90 -17 96 -34
41 -43 28 -22 -59 32 37 -30 27 45
-51 -60 -75 -89 19 -30 11 91 -43 -19
-44 23 -75 -36 56 -95 14 -16 -56 -96
-65 -74 -9 36 -81 -36 72 6 31 37
57 41 -93 59 94 71 23 1 15 -28
73 34 97 -96 -12 21 37 2 20 -56
88 -42 89 53 -86 -95 95 56 93 -39
49 -98 79 -67 34 -84 52 64 3 64
-3 -81 89 -4 -11 21 -77 28 -49 -15
53 -72 32 -15 87 64 54 89 -59 -12
56 -85 -12 2 -56 88 26 -20 26 -18
-4 62 70 75 74 -56 99 19 42 76
-47 84 -6 92 -13 -31 -94 97 74 -21
-22 42 -14 -12 -29 40 42 56 25 -86
30 42 -87 65 -52 39 64 -16 -76 -82
-74 54 -92 99 9 -61 -53 71 -3 -96
-28 -48 -3 40 -98 85 70 -57 -2 -97
-48 -51 71 -68 -68 24 -66 3 -47 19
96 -2 41 -78 17 -65 34 -38 89 -91
-55 -93 -29 -77 -91 -61 97 59 -33 -12
28 55 -16 -2 6 14 -11 -77 51 57
40 -1 -76 33 99 22 39 -4 75 -16
55 51 47 5 -23 34 -67 18 -26 -87
53 -78 74 -33 -80 -45 -90 43 50 77
-59 40 78 61 -69 -59 -45 -49 -73 -43
74 14 -64 -18 -10 84 14 56 25 -2
-44 86 41 -55 -88 43 -95 -5 17 94
-18 18 82 8 -86 31 57 -71 49 19
-42 87 -87 86 41 -83 86 -81 -64 -53
6 -84 93 -9 -33 14 19 53 11 33
-18 51 74 -36 72 -55 70 -81 31 43
31 4 86 -42 92 45 -38 -60 -9 23
27 52 47 -83 59 -32 -52 -34 51 -56
-89 71 65 88 84 9 61 -7 79 -11
-82 -80 -40 -91 85 -39 36 -52 -90 31
-28 -41 -33 -1 -25 -46 -81 -33 -61 -37
48 56 -14 -50 -41 36 -20 28 95 22
97 92 -25 -14 45 -49 64 -34 92 -48
-16 55 94 63 67 63 95 87 -32 -46
69 -62 -24 22 -85 -94 60 -97 -87 50
-38 -70 98 8 81 93 23 1 41 -23
-16 69 -86 65 -72 45 83 38 20 45
8 -4 -90 6 -33 -56 -5 69 31 -30
54 78 48 24 -95 17 -94 19 -30 65
-80 -90 -26 67 28 52 -96 65 98 70
-46 30 -36 -81 -59 8 -71 -36 22 -26
85 51 48 -83 55 72 -56 52 78 62
-93 -91 26 -82 57 -71 7 4 -88 52
64 76 -84 -73 32 -66 33 -7 -9 67
-64 8 54 -22 22 -35 -27 76 -68 -96
91 60 -13 41 -73 59 -27 56 -91 -18
57 93 -2 8 -54 82 -72 40 73 -81
-39 28 19 -1 -14 96 63 62 41 -13
1 -77 30 -18 71 -41 -78 36 -89 -91
-54 87 17 4 -85 77 -98 12 -75 -1
-35 81 28 -16 77 10 35 30 57 -51
76 -30 -10 -14 69 -77 -48 35 13 0
-97 -12 -90 -63 58 -83 -32 15 3 33
91 -74 54 -74 -42 -30 -77 -87 61 -19
52 77 51 9 25 -54 18 -22 -59 49
99 74 1 62 -63 57 -58 87 -3 -85
28 70 23 65 -14 70 -98 46 40 -27
-97 99 23 -88 -18 99 -94 -67 -38 -38
51 -12 60 -23 96 68 20 -10 75 -49
3 0 5 -88 3 -83 -99 -63 -54 71
93 -92 -31 87 -52 -80 15 -34 52 -72
-73 59 99 74 77 33 -24 89 0 51
-68 -7 12 -22 -86 -21 -24 97 -86 28
-62 -94 -53 75 14 39 40 -2 44 -75
53 -28 47 -80 60 56 -16 5 -15 43
-44 98 6 -21 68 86 88 -87 6 91
-85 -42 -27 20 -49 20 -28 -71 -16 -69
-37 44 -12 91 14 34 -60 -55 48 -68
-40 -84 -76 -91 -79 -50 -99 81 -53 5
8 -78 82 -80 36 -67 -29 -93 -81 43
89 6 24 -40 39 44 -6 -44 82 67
-57 -32 19 -10 31 -91 24 -77 44 -66
88 63 51 33 72 58 50 49 40 19
21 -95 -68 -74 93 91 -29 89 -16 -45
-26 82 11 -47 -98 63 -59 52 50 49
-18 97 -30 -50 -58 91 53 89 49 71
-4 70 -14 -44 56 56 -75 -72 93 -58
