-61 57 41 -95 -84 -85 -39 20 -26 57
-81 68 42 -31 -9 17 -78 -27 -47 2
47 -69 -25 53 73 43 -69 58 35 44
1 -73 77 62 63 73 -94 34 39 -43
-10 92 88 31 -27 -62 -80 -38 52 -69
-71 -78 48 -38 -51 71 -54 -32 7 62
-48 65 91 58 -2 73 -94 75 33 61
-26 -14 18 73 62 27 -84 96 69 89
-32 -36 -99 53 -64 40 28 16 -52 -20
14 -30 49 -39 -51 -61 -83 67 81 65
-35 -3 -61 38 -85 -61 0 -26 -39 79
-45 -39 -60 -75 -59 42 58 32 13 0
61 0 -63 -66 -77 96 83 -15 68 -44
86 22 -95 -73 -27 20 -1 -31 43 15
-20 -98 -41 6 13 -66 -54 10 28 -37
76 48 -70 30 78 27 27 33 -91 0
6 -31 -81 -95 -9 48 -94 -19 -82 71
-66 -35 -8 -24 3 76 88 26 -97 64
15 23 -11 74 23 -92 -25 -46 15 10
-90 40 -30 -10 95 -14 -36 45 11 56
-49 -39 -61 -79 -20 -6 -10 -90 67 -58
-64 -45 26 20 16 -80 -87 54 88 -14
73 -99 -22 43 45 -65 -11 0 3 8
69 -8 44 -34 -34 27 -85 -39 -23 0
87 60 -74 -17 65 74 10 -34 23 59
-52 -46 8 23 -62 -72 -67 26 95 74
-4 -83 -6 50 78 74 -41 79 -63 97
88 83 -17 -67 73 -37 23 -9 -74 -67
55 58 27 -98 -51 -95 -25 56 0 -45
62 -57 -79 74 37 6 -37 29 15 30
23 24 -24 64 98 99 27 20 91 -33
40 23 53 70 2 -15 98 92 -58 70
-14 43 96 -52 73 -40 67 -54 -49 -91
22 -46 65 34 -23 29 -33 86 -57 -65
-86 54 67 34 -1 53 -64 -64 -51 -87
-29 58 99 -57 -53 -69 -66 -74 -5 -70
-86 -92 -9 32 61 -69 -26 -9 -58 -75
14 81 92 4 64 97 -67 -81 4 -95
62 76 29 -77 -15 15 -69 -65 -64 -55
24 95 -98 -43 89 -32 19 -41 -5 82
6 10 41 20 -77 1 -56 5 -28 -66
-54 -26 81 -98 -81 72 96 -18 54 -4
-85 -84 -52 -40 -30 68 67 -50 -32 66
-58 64 96 -73 -9 -39 22 -49 -9 96
26 -14 26 -83 -8 0 25 97 68 65
-83 5 -10 -64 -32 -94 16 -45 -15 -53
-67 -44 21 -72 79 68 -55 63 48 41
48 96 18 28 72 80 -29 -45 31 98
1 36 45 99 -78 17 -28 44 -42 51
-10 80 -64 -9 3 -96 -6 -83 -38 -81
-94 59 45 -39 51 28 41 76 -50 37
92 43 3 -86 -88 -1 44 -88 69 89
-4 62 4 -49 30 -38 93 25 -80 24
36 89 -23 91 85 -30 79 -13 28 0
83 93 -61 -5 44 66 -38 -68 -67 -98
-77 3 11 -89 68 -16 -80 44 47 -2
16 64 47 50 38 86 -68 -66 20 41
-11 30 60 68 -31 -19 17 54 76 -60
34 -39 10 -78 5 33 0 -77 53 -86
-57 -75 49 48 23 81 56 -26 -81 -56
9 0 29 -89 75 60 19 -62 96 -57
8 -13 -74 -56 -19 71 -72 -76 -71 -94
-31 -27 44 -12 17 -29 98 73 -34 15
-73 37 83 -47 49 12 38 43 66 12
16 99 87 -81 -15 -95 -53 -73 -21 11
-90 10 -16 -3 -72 85 18 3 -34 -81
-93 91 -31 -54 10 -15 60 -61 -90 -41
60 -39 -99 -36 -89 99 -68 28 15 86
13 82 33 -15 27 3 -55 -13 37 51
-7 60 65 -74 -10 52 86 24 73 15
-50 -96 42 -55 89 78 -77 -39 -29 71
2 -39 18 -41 32 -94 -95 16 -16 93
-20 82 9 -38 -59 -84 -65 38 -68 -85
-43 65 -73 -74 44 -52 49 86 -68 83
24 -95 44 -94 -82 -84 -25 66 51 -55
-86 64 -89 -62 30 84 43 54 68 -78
-61 -43 -61 94 -20 32 74 -47 9 77
34 -22 53 -53 -45 38 56 28 -53 -13
3 -44 0 -34 -14 -53 85 77 68 2
-95 39 13 -89 -42 -24 5 -83 -69 1
-29 -24 -63 87 25 1 -72 -67 -55 -26
21 -42 -84 44 27 -3 20 39 56 25
-80 67 -43 -73 -3 2 -25 -90 20 -27
79 -58 0 -92 -11 75 47 65 39 55
-32 93 71 59 14 84 76 -31 86 -83
-95 90 -62 55 21 41 86 -72 -84 67
59 -83 35 47 48 -77 -48 -99 -88 -2
64 59 -34 -57 86 -47 -42 -2 -6 9
-92 -40 71 44 -3 55 -1 46 -11 78
76 -96 2 -89 -74 3 -7 91 32 63
59 97 8 48 29 50 -4 92 77 64
-8 88 -12 -78 -5 62 0 -13 89 -39
22 12 95 89 -5 4 -11 62 -57 -67
-52 -72 -4 28 -62 26 4 -49 -70 17
-20 -89 75 6 -3 21 3 -92 46 -35
-86 -3 -46 -48 43 -83 54 -58 5 36
25 -70 -91 -36 -9 68 98 -36 78 -84
-88 89 95 -46 -86 -99 1 -64 49 -52
81 -28 -51 -35 34 -39 -3 -14 -5 86
-23 -17 5 85 62 -39 72 -36 -85 94
