62 -15 -32 71 59 61 56 -51 -23 -67
69 81 -76 44 28 -88 -13 37 -45 18
35 56 75 80 58 -20 35 -53 70 -61
64 96 -13 -13 -91 -19 -80 13 32 -10
-64 -17 -99 -46 34 -29 34 0 -20 61
39 -46 66 -24 69 24 -5 -81 -80 -91
-41 83 30 -52 -59 -79 -96 -52 -52 -75
15 99 -13 89 67 29 49 69 -56 -73
6 32 97 49 -55 -51 -26 -46 90 -78
79 52 -59 17 -3 49 89 -65 59 -83
-56 27 10 -44 56 19 34 -98 -57 -78
27 69 66 -89 -94 49 -54 86 19 -43
64 -32 16 36 -45 11 40 42 94 -47
87 62 -14 73 -99 16 -48 25 85 25
-77 -77 42 51 0 -20 24 -42 -52 4
41 55 -25 -76 -44 6 -63 77 40 -7
-62 18 -53 -53 85 -59 -59 9 -95 39
-25 22 -79 3 -65 -29 81 -58 21 -43
-32 -98 -1 52 -72 -97 44 43 -27 22
44 -40 73 -43 5 98 5 -12 75 9
99 24 -97 -52 5 -79 -21 80 -47 52
99 -57 17 18 7 21 78 -95 -31 66
-83 -9 42 58 -98 22 -24 9 -87 -77
91 -33 -17 66 90 -85 -79 44 85 50
-40 -20 37 -16 -83 -74 67 -55 -74 5
32 -27 89 74 18 41 61 -10 -58 48
27 -54 -66 -48 -18 -10 0 -80 -96 17
60 -7 26 -18 -11 -75 -28 13 -66 -60
12 -60 10 -31 -77 10 -92 -27 -95 -83
-42 -33 -69 -89 -71 82 -83 -45 -2 98
-15 -33 -81 -27 -86 -62 -6 55 -11 16
-54 -59 -15 -10 71 3 40 82 -94 21
71 22 -60 48 37 -56 6 74 29 58
-21 -8 -72 -59 -43 -86 -88 -37 -14 -45
10 -12 -57 92 -96 -21 17 73 -60 -62
64 -34 -87 -56 86 60 74 44 -31 33
-94 -1 19 -50 65 -86 -33 74 14 25
-33 8 10 -82 70 51 -16 1 99 -67
49 18 -45 24 -57 83 -27 -16 -67 -64
-51 10 -9 -37 76 -72 -7 -2 -18 -90
50 -91 80 54 95 69 81 73 -10 -92
-32 -76 -62 -31 85 -35 29 13 1 -10
-82 -77 -11 -22 -22 -58 -1 50 10 -39
-70 4 -34 -56 -88 67 -78 -60 -13 -6
-73 70 38 89 -25 83 51 14 -46 91
-92 -4 -28 -44 43 -29 61 58 68 -90
-99 74 41 91 -53 0 -78 -85 -62 -88
-46 -99 45 67 -21 -89 -26 40 72 -91
0 50 -95 74 2 86 28 14 20 -56
47 5 79 -32 72 -48 65 -21 62 -6
-26 25 2 -66 -84 27 68 -22 -40 -15
-30 0 -14 45 -3 -47 -53 -51 85 45
-32 79 0 -95 -39 -44 -67 -31 -14 25
-24 49 -55 -4 5 -39 -71 -39 64 -57
73 38 5 77 -2 -71 -32 45 -53 -45
22 -38 -20 -33 -3 -13 -75 -83 -25 32
-63 44 51 41 13 10 -15 86 0 -55
11 40 37 -61 48 40 86 74 -61 -64
22 -14 82 26 0 72 -85 -23 91 40
34 -10 -88 96 -84 4 -64 4 83 -43
-80 58 11 59 -94 33 22 57 -32 -9
-86 -41 -86 -57 -90 78 -59 -71 -21 -83
-14 5 -14 9 -92 -16 94 -18 53 10
94 -80 -46 77 83 21 -59 89 -82 82
38 -67 -84 -34 -75 -96 89 -30 -47 -60
57 99 -5 66 -3 97 -86 -59 -49 -17
-6 -28 72 -66 -70 -46 4 1 -65 37
19 -5 -52 50 67 62 67 64 38 -66
-1 65 -31 80 -76 59 9 -62 -63 -82
57 65 6 -13 68 -91 60 -58 -21 -92
-84 76 -13 -83 -66 9 -28 36 -13 -67
16 79 -74 25 -33 -57 -39 -50 30 -50
39 -93 48 8 -78 -92 -42 -72 -5 -11
-32 -58 -57 -2 38 60 17 -42 -71 -12
81 9 83 0 -56 52 -18 -55 -12 99
28 -17 33 -46 -49 22 41 89 7 -18
-55 -69 26 -75 -50 18 -94 51 -43 -71
18 -89 -91 -19 -38 87 -79 43 -47 8
25 98 66 18 80 51 3 -33 -46 49
6 70 -34 -93 -63 93 25 -33 -71 -10
-78 43 59 35 -69 -1 -87 84 -16 69
-17 25 -31 -15 21 87 45 77 23 51
27 -60 -77 58 57 51 -85 32 41 0
97 44 -11 49 -2 97 -93 64 76 47
20 48 -48 64 16 49 19 -65 85 1
8 -69 0 -40 85 -97 -4 -6 61 8
-44 -91 -71 77 57 95 -13 -64 -71 -30
-9 94 25 94 -53 -40 16 -90 -2 12
16 -43 27 -36 -48 77 -10 47 8 -57
-62 31 41 31 -78 -79 77 21 42 33
-76 86 25 -89 -31 1 -75 7 80 88
-75 4 55 2 -67 -6 -95 -29 -96 22
77 -95 91 -96 -50 76 75 -18 63 -5
35 49 -52 32 -44 19 -13 47 -28 -59
-18 69 -94 -42 96 12 3 -74 74 62
24 67 26 34 -28 24 23 54 23 80
-43 -30 -27 -38 -6 91 60 -91 -94 21
-33 67 -40 -54 53 50 77 -58 1 91
-86 -74 0 -12 89 91 55 77 9 41
-23 -5 -3 -79 0 -85 87 -83 -68 13
