-72 14 -52 -30 -54 7 48 83 -56 33
3 -68 -50 -95 80 -97 -35 -67 47 -17
76 24 75 65 37 -99 -80 -87 92 30
72 -37 -61 -66 -51 87 -54 -58 -28 90
49 38 74 49 -90 31 -39 -27 75 76
89 -13 -30 53 -32 99 83 -49 85 -55
79 28 27 -33 3 79 -98 -20 63 -71
-31 42 98 -86 84 19 -73 -3 -80 66
-99 -70 32 9 32 -98 -11 9 -44 -83
6 -95 89 24 -16 -78 88 71 -91 57
-49 65 -79 -62 -11 -24 69 -3 91 -79
5 3 -74 -70 75 -96 96 5 -89 6
-71 41 45 -97 23 6 -16 74 -47 72
-22 -76 51 47 22 -27 2 93 36 -49
39 18 -97 -48 33 -8 55 91 70 33
-51 -13 78 99 80 -55 -58 -45 -87 89
46 -60 53 -28 54 5 -83 -59 40 90
-51 4 -26 -80 14 88 -43 -24 66 -16
29 28 -4 -97 -91 15 -29 -20 -6 49
-97 65 29 80 -68 -47 -15 -84 -11 -83
42 -77 66 -13 80 34 75 -99 86 7
-79 -54 46 -92 39 -60 -91 -30 56 81
17 50 3 -79 -17 -90 85 -47 67 -62
56 40 11 -5 -21 87 -5 -87 -94 7
87 0 28 33 -6 37 -72 95 0 90
-53 95 17 -25 -64 66 -81 -58 -52 -33
12 -87 12 47 -3 81 -81 26 -35 75
34 -9 -33 -61 -57 -12 -67 -70 6 47
0 -42 2 -64 -3 -49 90 -62 80 71
-75 -79 -14 -55 50 72 77 -51 -39 61
39 -23 -81 -61 79 -3 -93 -4 -98 65
28 -15 59 39 -30 84 34 75 -63 30
-88 -80 -8 7 -53 49 -89 -40 -26 34
53 7 12 4 -42 -58 -3 -24 -80 79
1 -63 -26 90 98 8 -26 22 91 1
79 82 15 46 -84 -69 -93 38 56 -48
-24 -83 -55 -39 -58 -29 82 93 2 -96
91 46 -60 -20 -83 95 -61 68 -63 39
-45 -84 46 74 51 18 55 65 -35 -76
-31 -1 -13 -49 -16 -48 -50 40 39 94
-59 0 97 38 91 -51 -64 40 -10 50
73 40 -28 66 -4 -39 -86 20 -17 31
92 72 -76 42 -48 42 27 9 29 3
28 59 81 -75 51 -16 21 -12 92 67
-15 -37 91 -93 -36 -7 42 -8 -32 -91
-51 81 38 75 -61 55 20 0 -79 3
-13 35 -92 -8 -63 69 -79 -15 -22 84
-50 13 -74 87 -9 -25 -81 12 -9 90
61 77 -13 41 56 26 -57 -62 -51 -98
-17 -14 37 55 91 89 -28 10 17 -98
84 -92 45 92 60 -40 66 49 -44 90
-42 -67 94 17 -98 56 -27 88 79 21
58 50 -19 -71 -36 -61 -46 -13 76 -89
-70 58 87 -90 -83 40 -63 -57 -85 28
-3 87 -82 69 11 -82 64 -12 10 16
48 -54 -2 -29 85 41 53 -81 51 -38
-35 -65 50 24 -25 -23 -65 -81 48 60
44 -33 97 -7 -78 -33 81 -4 -91 42
90 -62 -49 38 49 -26 2 -26 -22 47
36 47 -10 94 63 86 -93 -71 -60 9
48 12 21 -58 24 32 2 59 32 78
10 -13 -16 -59 -13 -94 -38 43 -54 -90
-36 66 -94 0 52 81 88 -87 -52 -73
-50 -95 86 89 38 -64 6 53 79 -4
-12 -94 -82 -95 -24 -7 12 64 95 83
65 3 99 -49 49 -74 6 0 -80 2
37 -23 55 4 -95 -41 -33 93 -41 -53
-8 -16 44 -47 -70 -29 93 28 -47 -44
-91 -71 -24 -69 -59 68 -44 30 -56 83
69 -59 -6 39 73 13 95 -1 86 71
0 -31 -24 99 9 42 93 -84 39 12
68 21 -62 -34 -13 -31 -50 -86 -9 -39
-28 26 -56 -63 -19 53 -41 84 -95 -47
-85 -41 1 28 22 98 -96 30 -69 -91
-44 -15 -75 -2 79 -13 -39 32 58 71
-25 9 45 -68 33 31 -58 -89 -63 53
91 -65 14 31 78 74 99 -11 -8 -10
31 20 89 -42 -95 98 -7 -69 -7 5
-55 19 83 49 30 86 57 53 -20 -89
-46 -25 -48 -73 6 59 48 -7 67 11
-68 89 71 -51 95 33 -60 0 -82 -38
68 -12 -94 -29 -3 82 25 91 19 -27
-78 -56 -42 -22 5 13 -30 85 16 -45
24 -35 89 4 76 18 -94 20 -69 22
42 35 51 51 -34 83 -26 62 0 48
-21 -19 -54 -10 54 -21 32 78 7 -55
-52 -35 -1 -16 85 50 -20 -12 -29 40
-4 10 60 51 68 -49 71 -22 64 -63
8 35 54 8 48 69 -29 -35 -52 -19
-12 -91 6 81 62 -19 74 89 -3 -36
63 -55 -47 -97 10 -44 0 -12 -9 51
52 28 68 56 72 -82 -93 62 94 52
-44 6 76 -43 -6 -93 -68 32 -16 45
-45 -98 -98 -48 87 18 -7 36 -51 -77
-44 -2 91 40 -20 92 -67 54 -72 75
21 -90 62 -2 -6 3 -1 -30 -1 -98
-76 -37 -83 61 -57 69 96 65 -97 71
78 43 -88 43 97 -16 93 80 -92 35
-90 -80 -84 36 -89 5 38 29 47 -70
46 89 85 77 57 -52 -19 38 -54 23
