3 90 -83 92 -20 -90 97 44 93 -30
-13 -10 -57 -91 7 50 28 78 -89 -25
58 76 -4 31 30 10 -18 75 -83 69
-44 -51 78 -38 -43 90 45 4 -54 63
-33 -95 -40 26 -1 -98 -52 -67 -74 -39
-2 -21 74 21 -22 -93 26 31 33 71
-16 -64 24 -63 85 -26 -1 -86 -39 -14
90 74 -32 51 -94 27 -58 -31 22 76
69 16 48 -36 71 66 35 30 75 -74
26 -20 8 -78 -81 74 64 15 -38 -3
42 68 -49 21 65 94 -87 68 -48 -56
88 52 -97 0 95 -90 -55 -3 -68 98
-65 63 68 -29 0 95 -32 0 49 44
97 4 71 -15 -87 48 47 -48 72 4
-82 -87 38 -46 36 -67 85 40 27 93
41 38 94 -31 32 -27 69 11 -19 -46
-48 83 -56 -90 -7 50 -88 -63 66 -31
-51 14 43 -98 32 -4 51 62 48 84
94 46 92 -85 -44 -56 38 64 -40 -98
21 -61 -46 -83 -40 96 93 51 -29 -19
90 21 72 32 -5 -40 -26 86 -62 50
62 3 21 -52 0 70 52 58 -11 6
1 -99 69 -14 -22 96 -96 96 19 -73
83 -88 -5 -17 -77 32 -9 -32 -31 84
67 -80 -55 94 -74 -98 -68 52 -3 -60
15 -25 -91 -30 -75 -21 -73 16 58 -85
-73 61 -10 18 5 -49 54 -97 58 79
65 3 87 50 39 -47 -38 -17 -75 93
63 -9 -22 -22 84 -84 47 42 -79 98
-42 60 -11 -80 38 9 -27 67 -59 38
41 94 -92 -76 32 -83 -98 -66 15 67
-46 -83 84 -39 75 42 23 44 -32 69
-40 3 25 -37 80 -58 -21 69 -86 -97
-99 77 26 80 37 88 25 27 -63 -4
-77 -92 -21 75 -44 -89 -15 -86 58 57
-92 15 -33 -68 -28 54 21 30 -14 68
-12 -5 -37 85 -98 -29 -29 50 -54 -12
-71 70 -85 -32 30 -85 -22 87 12 86
-40 71 82 -77 82 -85 5 -76 -94 28
-94 -95 -63 -7 -97 -27 -2 34 -17 0
-89 -30 -81 -35 -52 -34 30 95 -61 20
65 77 -89 80 -16 -74 11 -86 -12 -62
-78 11 89 -79 61 51 51 -99 53 -20
86 -23 52 -5 -96 -30 61 -72 99 -56
57 40 -20 38 -61 -81 92 -26 -42 -25
97 30 -30 -50 -98 -14 -3 -36 -18 -89
22 -14 -8 -35 -17 -16 51 58 28 -10
49 8 -89 14 24 -16 94 28 96 44
-74 -97 -7 -60 96 62 -46 82 49 49
73 28 70 -69 -98 -37 -34 93 16 -80
81 82 21 -87 76 54 37 -33 -25 -40
0 -15 -89 -62 -27 -68 -32 -63 99 -99
17 -5 40 54 49 2 53 -13 68 -21
31 -29 52 65 46 59 -64 94 45 -45
44 -43 79 32 -35 -70 37 56 49 72
-78 78 59 89 -50 -49 -42 -5 -73 83
13 -71 86 -35 46 -90 26 50 75 -44
13 -37 49 81 -52 25 61 45 87 51
70 88 83 57 89 52 38 11 -45 89
-77 60 -7 28 -33 -27 13 96 -38 -29
-62 -61 -27 20 67 -10 -93 81 82 -75
6 -67 14 17 -35 -2 -62 -21 -58 -70
-2 -55 99 74 -50 -35 88 96 -67 27
8 -25 57 -90 -78 -88 86 77 -42 -85
69 91 67 -61 3 -8 87 0 -45 14
82 -97 -70 38 71 -24 -49 88 -98 -93
32 76 6 -63 -14 30 -33 -61 -11 18
32 -96 1 -71 -90 47 -18 -48 79 -85
51 72 -91 70 51 35 45 -22 -84 -45
-96 -19 10 -50 -40 13 -90 7 -78 95
40 -3 -71 65 8 -82 13 -50 -63 -70
-15 -3 -56 -84 50 -20 8 53 32 -91
-59 58 -45 -82 5 95 75 8 76 59
-94 25 -63 -40 90 88 71 -61 -89 65
-53 -30 -56 -62 -50 -19 -51 -93 7 51
-15 -69 59 -1 -84 -69 17 -35 -20 -40
-13 86 18 -44 18 52 -83 25 15 12
-30 -56 -38 -81 1 -86 -3 -44 68 -2
-10 -80 35 -19 72 -60 29 86 -17 -29
74 31 69 -47 -1 28 -23 0 -74 -74
72 21 1 60 37 74 70 61 47 -67
55 34 -96 28 47 41 14 -55 13 -47
94 -73 15 -40 -2 96 52 74 -32 91
71 -29 28 68 -22 -56 -86 67 -48 -64
-98 34 -11 17 -55 26 -41 -98 6 4
19 -83 67 78 25 49 -4 40 -94 -77
-8 -97 62 11 64 3 62 22 97 -70
9 92 -60 62 82 -38 19 -39 16 -55
-47 -78 -70 90 -86 -13 3 18 -6 -28
23 75 -81 64 -82 -32 -51 7 11 -33
71 17 -78 -67 -16 27 -34 1 -78 -98
-6 10 -98 56 -72 -41 -6 0 -54 -57
-52 84 -77 -62 34 64 31 -44 92 1
-4 33 -97 84 71 -8 38 -10 12 -40
7 87 83 -79 -32 68 -33 97 -99 49
13 -90 -37 -51 76 75 52 -16 -68 4
14 -48 -52 -86 -83 -90 56 83 -72 -96
-63 12 -30 87 -62 52 -12 55 -54 71
-26 3 -71 -26 12 -93 -35 67 26 -31
-22 92 -36 87 -14 -57 -65 44 87 40
