18 44 30 49 29 46 28 15 48 23 32 2 6 21 0 22 19 16 9 20 13 12 26 43 27 3 11 42 36 34 25 39 4 35 1 47 31 50 17 51 7 10 37 24 8 41 14 45 5 38 40 33
23 12 1 34 44 50 20 37 21 33 25 40 19 47 24 18 49 46 29 26 48 45 5 27 51 7 2 38 32 6 15 9 41 35 28 30 42 10 31 22 3 16 36 11 0 43 8 39 13 4 14 17
46 7 17 21 28 40 5 23 42 43 1 48 3 36 29 19 22 18 15 14 33 2 50 44 11 38 16 6 49 4 0 37 20 51 35 30 45 41 8 34 13 9 25 10 31 39 12 26 32 24 47 27
19 4 34 3 47 49 27 7 38 39 31 24 5 40 13 30 15 26 48 16 42 18 0 9 32 45 21 41 6 46 43 37 44 36 10 23 20 33 12 22 29 25 28 11 1 2 14 51 8 50 35 17
2 46 45 0 40 43 15 18 20 1 13 35 34 5 12 28 24 41 11 44 26 31 50 38 30 21 48 37 47 29 25 23 6 16 27 39 19 32 51 7 49 22 8 10 3 9 14 4 33 42 17 36
41 14 26 20 51 34 17 39 11 40 0 16 45 36 18 12 30 19 44 48 43 22 4 49 38 2 25 37 13 29 27 1 6 32 42 33 5 3 8 24 10 46 15 9 50 21 7 47 23 28 35 31
5 9 39 15 44 8 48 17 35 18 0 30 1 34 11 40 31 16 25 29 41 3 4 51 49 26 50 6 46 21 38 23 45 22 27 43 24 33 14 12 10 32 2 47 36 19 20 42 37 13 28 7
29 46 19 24 7 30 31 3 2 41 47 33 28 25 49 10 23 39 50 13 42 32 9 51 36 22 15 18 35 16 8 11 45 44 27 34 1 20 6 26 43 17 38 21 4 5 37 14 12 48 0 40
36 18 31 27 6 16 46 24 32 39 14 10 35 25 21 2 1 9 50 47 7 42 3 11 8 44 37 38 5 22 28 43 26 19 49 48 0 15 13 20 41 23 29 45 51 17 4 40 30 34 12 33
5 21 38 37 12 31 19 27 30 49 41 10 11 3 33 18 20 6 36 17 16 26 42 15 50 39 4 40 28 24 1 43 51 13 25 0 35 46 45 34 14 29 32 48 23 2 8 22 47 7 44 9
47 24 12 48 28 3 21 37 17 25 19 16 46 5 26 34 13 6 10 14 32 41 20 45 33 0 38 23 36 43 15 44 1 2 22 7 11 40 9 51 29 35 27 4 31 8 49 50 39 30 18 42
24 32 45 21 39 36 19 8 49 3 5 41 16 12 0 26 28 2 48 23 25 34 31 10 35 14 33 15 51 9 7 29 11 1 50 22 47 37 43 13 6 46 40 4 30 42 27 44 20 17 38 18
43 0 32 11 29 3 10 7 25 26 27 9 35 24 14 50 46 47 42 1 51 20 15 4 2 13 19 18 34 39 17 16 12 41 49 21 31 40 5 33 8 37 6 48 44 45 38 22 28 30 36 23
23 28 51 50 39 48 7 41 49 1 10 25 16 38 20 14 4 5 24 2 6 11 32 40 26 34 27 13 19 22 30 47 35 12 15 21 46 45 9 17 3 43 42 37 33 0 8 31 36 44 18 29
47 10 2 15 44 39 49 24 9 11 46 8 16 25 3 0 5 22 48 20 36 30 35 7 41 17 12 42 1 38 6 27 4 29 31 45 32 50 19 28 34 40 13 23 33 37 21 18 51 14 43 26
14 45 11 42 2 51 25 32 13 36 7 15 50 33 48 46 23 16 43 35 4 39 0 12 29 49 9 20 40 22 6 30 19 17 44 18 10 3 38 24 28 21 34 31 27 26 1 37 47 8 41 5
16 6 13 3 25 50 46 39 51 2 11 8 44 21 24 28 9 49 18 22 0 40 43 45 41 12 7 5 32 34 48 29 4 33 42 14 23 38 10 35 26 27 20 30 36 37 47 19 1 17 15 31
25 7 14 33 41 6 31 38 26 36 12 1 8 39 15 13 22 37 48 18 43 19 44 21 11 42 27 5 16 0 4 40 9 45 10 35 32 17 30 23 20 34 51 2 3 24 49 46 29 47 50 28
13 41 28 39 21 27 42 7 48 43 4 2 30 40 0 6 32 8 23 3 17 15 35 12 20 50 16 29 51 47 44 45 1 22 34 25 18 49 10 5 38 36 24 19 9 26 31 33 37 11 46 14
8 10 16 27 13 15 23 20 7 39 14 31 1 36 6 17 46 41 24 49 35 32 5 47 2 9 51 4 19 11 0 12 33 45 22 40 26 37 29 43 48 50 38 25 28 34 30 18 21 44 42 3
49 5 0 29 9 38 19 6 33 50 44 30 20 51 1 12 28 46 21 22 40 47 45 31 16 32 27 18 26 17 39 42 13 24 34 35 8 36 14 3 25 48 7 11 23 10 15 4 43 2 41 37
35 1 18 34 42 43 29 0 38 33 14 9 30 37 45 5 48 12 20 3 15 31 4 10 21 36 17 13 44 23 51 49 28 32 27 41 50 25 7 24 46 8 22 16 6 2 11 40 47 26 19 39
20 8 5 25 49 34 19 4 41 13 28 44 24 36 32 21 6 33 3 42 37 38 26 35 30 9 11 14 51 15 1 23 0 40 2 31 50 46 47 10 39 12 22 17 45 16 27 43 48 7 29 18
2 41 42 33 31 45 18 9 48 37 49 24 15 27 46 50 7 11 4 34 10 32 20 21 14 44 29 8 19 35 40 23 13 51 17 1 25 16 26 0 39 6 3 12 36 5 30 22 43 28 47 38
42 51 1 19 0 46 47 14 20 41 36 12 32 27 17 40 48 6 45 9 2 8 31 39 11 10 33 38 7 25 28 44 24 3 50 35 49 37 15 23 21 4 30 26 18 22 13 43 29 34 5 16
18 1 51 48 45 50 5 39 10 17 14 27 28 7 13 33 38 30 0 21 36 12 8 22 16 32 37 34 43 44 2 3 49 47 26 29 23 9 6 20 4 19 25 41 40 15 24 35 42 31 11 46
28 19 33 32 31 21 2 11 7 47 4 34 12 9 17 48 38 49 46 10 50 39 18 5 30 8 27 37 6 13 25 15 51 45 20 41 22 14 0 24 1 35 3 29 36 40 26 42 16 44 43 23
39 3 20 44 23 25 8 50 6 48 34 12 0 49 15 30 33 38 14 27 19 42 16 4 18 46 24 40 32 10 26 29 2 13 31 45 41 36 47 9 22 51 35 37 11 28 17 21 7 43 1 5
23 21 14 48 33 28 47 16 8 6 40 50 1 44 12 26 20 37 18 29 45 36 34 35 0 5 43 51 41 42 7 30 13 32 24 9 27 11 25 39 3 2 17 22 15 19 31 4 38 10 46 49
15 12 7 34 40 36 41 19 44 5 3 17 33 11 42 24 47 13 43 22 14 10 39 35 29 38 45 4 46 51 27 1 37 9 31 20 30 32 23 18 49 25 48 21 8 26 16 2 28 0 6 50
6 46 28 38 30 14 34 23 48 33 44 39 50 42 1 3 40 12 5 32 25 17 9 0 18 15 21 45 8 19 13 11 24 29 49 26 47 36 20 7 51 4 16 2 22 35 43 27 10 37 31 41
22 43 41 32 50 20 11 12 30 26 29 48 44 42 10 33 45 8 24 47 34 49 13 40 9 16 7 18 2 5 28 0 19 1 31 15 4 37 3 23 25 38 6 51 39 36 21 46 27 35 17 14
14 32 37 35 31 19 7 30 48 21 20 13 33 41 0 28 45 29 26 49 18 51 47 11 17 43 8 38 5 46 50 16 23 34 36 4 15 12 3 10 44 27 9 42 25 22 24 1 6 2 40 39
17 43 10 13 36 50 14 27 34 48 46 37 33 26 47 39 42 25 41 44 28 30 3 1 35 0 45 21 23 29 6 8 16 31 2 38 32 40 4 24 15 11 18 49 20 22 51 19 9 7 12 5
2 48 17 43 5 27 29 11 38 39 26 35 49 25 41 19 15 3 20 50 40 0 7 8 10 12 9 22 32 51 37 33 23 45 4 31 44 46 28 42 6 30 14 13 21 1 36 34 16 18 47 24
20 42 47 26 41 51 4 2 23 7 32 29 11 27 12 33 16 9 28 3 5 35 25 15 37 48 0 36 40 38 10 18 50 8 45 14 6 1 22 24 17 44 30 31 39 19 21 43 34 49 13 46
12 1 9 0 3 25 35 40 5 21 4 16 24 17 22 2 20 31 19 32 7 47 42 46 44 34 36 45 13 30 39 49 29 51 23 28 15 43 6 27 33 11 10 18 37 48 8 41 50 38 26 14
8 32 31 30 47 22 44 27 37 45 38 50 24 17 28 41 42 3 35 10 39 4 0 36 26 6 49 46 1 9 15 5 7 13 23 12 25 43 11 18 51 34 16 20 21 29 14 19 2 48 40 33
45 12 39 0 21 35 17 48 32 36 43 49 33 3 14 8 18 10 30 4 31 42 11 9 26 47 28 38 13 37 7 6 40 15 44 19 41 16 24 29 20 50 46 34 1 25 27 2 22 51 5 23
51 18 38 6 31 9 27 1 13 11 29 5 50 20 19 42 47 7 46 2 28 33 17 14 16 21 34 4 24 3 35 25 40 10 37 26 36 15 45 22 23 44 41 0 43 32 49 48 39 30 8 12
29 48 30 31 13 40 49 37 2 39 7 25 51 9 20 16 42 21 36 38 41 11 43 8 14 50 17 15 18 10 0 3 32 12 33 26 47 35 19 34 46 22 45 24 44 23 4 5 6 27 28 1
35 1 12 47 50 24 14 19 17 13 32 20 2 44 46 48 7 40 51 30 36 11 18 33 38 5 9 22 16 15 49 43 41 25 4 0 29 31 3 10 39 37 42 27 28 45 26 6 23 34 8 21
47 31 0 13 6 2 43 36 1 24 48 25 38 16 27 40 37 9 21 5 50 45 23 20 34 32 26 39 35 11 30 18 8 46 17 29 42 49 3 7 15 22 51 14 44 41 12 4 10 33 28 19
11 1 3 24 41 12 15 13 45 34 42 33 46 31 23 21 6 44 9 10 48 2 0 51 43 18 20 26 49 32 4 36 27 37 25 38 39 35 40 47 30 8 7 16 19 29 17 50 28 14 5 22
18 12 30 31 23 8 0 28 11 1 19 39 42 49 40 38 2 10 26 7 34 6 13 20 9 44 37 14 45 47 50 32 21 43 25 41 16 29 15 51 27 24 17 35 5 36 4 3 48 46 33 22
33 50 32 51 42 24 43 12 30 16 45 9 39 4 10 3 13 28 34 46 37 19 0 25 11 31 7 21 40 27 1 47 5 35 6 41 44 17 29 18 2 38 22 26 36 8 23 49 15 48 20 14
28 12 18 24 11 37 34 27 17 36 4 3 29 21 16 31 49 22 39 6 15 19 47 8 41 48 45 14 50 10 0 33 20 26 43 51 46 13 25 7 32 9 30 42 2 38 23 1 5 35 40 44
38 2 42 49 3 39 48 25 11 41 31 22 29 34 37 43 20 17 10 26 0 14 8 50 32 18 1 19 21 13 24 51 6 12 28 4 46 9 16 45 30 40 47 33 44 27 5 7 15 23 35 36
40 6 51 14 38 16 26 34 36 25 15 46 20 29 4 35 8 23 37 10 42 0 2 3 11 27 39 7 48 9 43 18 19 30 13 28 17 44 41 1 32 24 33 50 22 31 12 21 45 49 5 47
42 3 7 0 28 34 13 17 32 4 23 26 40 36 44 43 24 35 33 48 51 46 49 6 16 9 8 15 27 50 22 25 31 41 45 20 5 39 47 14 10 19 37 38 18 21 29 2 11 12 30 1
36 39 30 47 2 25 20 34 44 23 13 10 31 0 18 22 1 21 27 42 12 46 49 41 29 5 37 14 35 6 16 4 28 32 3 9 7 33 45 17 11 50 40 38 24 15 26 19 8 43 51 48
36 21 12 4 1 28 10 6 23 18 51 24 49 31 19 30 37 7 33 14 9 13 47 40 2 15 17 27 0 26 20 45 22 11 34 43 5 16 8 35 3 46 41 38 32 44 25 48 39 29 42 50
13 51 3 23 33 17 37 24 30 14 10 42 11 29 16 18 26 25 27 7 6 5 21 46 50 39 22 40 45 44 38 48 41 12 2 43 9 34 36 15 20 28 1 35 8 49 4 19 32 31 47 0
8 14 41 13 49 51 23 15 29 43 40 5 22 17 33 39 11 4 20 46 38 7 10 2 35 36 1 3 48 31 45 27 9 16 24 50 21 30 34 26 0 18 37 25 12 42 44 19 47 28 6 32
49 9 33 45 6 29 47 15 3 31 43 42 30 1 39 16 36 40 51 8 5 2 46 22 13 25 21 26 7 24 14 34 17 48 19 44 11 10 37 20 38 50 4 32 23 12 41 27 35 0 18 28
49 37 4 33 8 48 12 26 25 11 19 14 13 34 31 47 23 27 15 51 24 0 10 20 1 17 3 50 6 7 2 28 41 39 5 22 42 44 45 9 43 16 46 29 30 21 18 40 36 38 35 32
32 16 50 38 23 43 1 0 45 44 15 42 51 12 24 4 7 18 47 33 29 20 27 5 35 30 25 11 46 6 8 9 39 3 19 49 31 34 26 10 40 48 28 14 37 17 21 2 13 41 22 36
51 10 6 40 5 26 2 31 50 45 46 20 41 28 7 35 22 29 44 8 15 49 23 25 11 9 12 34 42 39 24 14 27 48 13 36 38 19 0 17 3 18 30 4 43 37 21 47 1 32 33 16
26 7 3 31 14 42 32 33 37 45 22 13 9 30 4 35 49 5 46 21 19 12 18 28 36 29 39 20 44 0 17 15 2 40 38 27 43 16 51 1 23 8 48 50 47 6 11 25 24 10 41 34
8 14 38 29 39 2 6 22 20 51 40 19 5 30 43 0 49 9 36 42 23 27 33 47 50 35 1 11 12 17 31 48 7 44 37 21 10 45 3 15 46 28 16 13 18 34 25 4 24 26 32 41
51 6 30 20 10 2 12 48 44 43 28 18 3 34 4 31 7 11 50 14 47 23 24 5 46 0 21 9 45 33 13 49 26 29 32 40 37 42 22 1 19 35 16 41 38 39 8 15 36 17 27 25
21 16 48 19 28 31 23 15 27 44 0 43 20 6 51 29 36 33 37 4 5 47 50 49 42 26 18 14 10 25 3 1 22 41 17 30 13 34 38 40 2 11 9 45 24 8 32 39 7 35 46 12
18 51 37 32 4 11 10 16 26 38 24 23 5 44 27 22 50 12 36 21 30 2 19 9 8 25 43 48 49 33 34 41 3 29 35 42 46 7 17 13 6 47 14 0 20 39 40 28 15 1 31 45
6 8 20 37 21 22 15 17 38 19 42 50 29 30 2 26 51 46 48 36 25 18 23 28 45 4 12 0 24 5 7 14 31 11 44 16 33 13 43 1 34 47 9 35 32 39 40 41 10 3 27 49
1 3 11 47 41 50 6 2 32 46 35 48 16 38 4 51 39 8 33 12 30 5 29 7 36 27 20 22 10 34 31 37 49 21 42 17 18 14 13 24 23 28 40 15 44 9 45 0 26 25 43 19
1 17 36 23 43 20 16 8 32 34 38 39 40 21 42 13 28 47 35 15 41 51 26 0 24 49 9 30 19 10 12 37 27 14 3 44 50 5 7 31 25 11 33 46 22 48 2 29 45 18 6 4
9 43 32 44 31 10 21 49 5 16 22 8 41 24 0 27 40 50 33 15 46 42 26 39 48 11 23 17 12 45 18 19 28 47 35 6 34 2 4 1 3 36 20 38 13 51 29 14 37 30 7 25
49 29 8 39 13 5 47 25 20 24 11 17 9 21 48 18 51 37 44 12 33 15 43 7 3 10 45 38 26 35 6 19 46 36 1 32 50 30 28 27 4 34 31 0 14 2 40 41 42 16 23 22
23 19 20 43 35 6 36 27 48 40 49 5 37 17 22 39 25 14 7 4 47 16 38 13 1 18 3 44 8 2 15 9 32 28 11 30 34 42 41 12 33 21 50 45 29 51 24 26 0 10 31 46
25 45 37 42 34 46 28 12 1 48 14 21 11 43 4 50 31 41 23 3 32 36 20 13 17 29 38 5 8 51 39 6 19 0 44 9 22 24 49 30 2 10 16 47 33 40 26 27 7 35 18 15
18 23 51 33 47 14 6 1 45 44 27 50 12 20 25 9 38 19 0 39 24 30 49 16 10 22 35 37 2 36 43 17 29 41 4 5 3 31 40 15 8 34 48 11 46 26 42 7 28 21 32 13
21 44 13 14 26 41 25 28 38 6 27 10 30 37 11 47 35 32 49 2 9 5 3 22 20 7 19 31 50 46 43 33 12 42 24 4 17 48 18 34 0 29 39 16 45 23 1 36 40 8 51 15
30 34 12 6 17 48 2 1 36 41 14 15 3 28 24 23 0 11 18 33 7 49 35 26 37 29 16 39 27 32 10 47 20 42 51 46 45 38 43 4 8 40 22 21 9 13 25 31 19 44 50 5
47 4 1 15 43 11 37 28 39 34 30 32 9 40 16 35 14 38 33 48 23 13 20 50 6 41 8 12 51 3 45 0 18 49 36 46 42 5 21 19 10 17 44 26 31 22 7 24 2 25 27 29
21 34 24 5 32 48 30 6 17 25 39 28 46 42 44 51 0 20 35 43 36 26 9 47 13 18 23 3 8 38 49 50 27 4 41 14 33 1 29 11 40 16 37 19 15 12 31 10 2 45 22 7
19 13 26 3 24 5 14 44 36 0 18 20 8 12 32 7 49 47 42 9 51 15 33 22 31 11 4 35 16 17 28 23 41 29 10 46 43 40 27 25 38 45 30 1 34 37 21 6 50 2 48 39
28 32 1 13 22 36 51 41 38 47 9 45 16 39 43 33 15 35 29 24 46 14 8 48 7 42 17 30 10 6 5 2 12 18 23 3 20 4 34 19 26 31 50 0 49 37 44 27 40 25 21 11
15 51 3 19 13 0 30 35 14 33 38 11 45 44 34 28 42 24 12 31 5 27 8 18 48 10 9 25 50 7 36 22 43 26 46 20 32 23 41 29 4 49 21 37 6 17 16 40 47 39 2 1
18 35 26 47 23 2 14 25 42 32 34 33 50 22 48 43 51 24 46 21 41 39 13 1 12 8 27 38 6 3 45 5 7 20 36 17 9 19 44 16 0 28 11 31 49 37 10 4 15 29 30 40
12 34 6 48 37 19 0 49 7 14 4 31 45 42 10 22 26 46 9 28 39 16 20 36 23 51 5 40 24 29 32 44 25 47 43 3 13 15 2 17 33 11 41 38 8 50 1 21 35 30 27 18
38 27 18 44 19 12 51 23 4 34 41 26 3 16 7 21 9 17 50 20 39 29 22 5 47 35 24 45 42 40 14 49 43 2 28 32 46 31 25 8 6 15 36 33 11 10 1 37 13 48 30 0
49 34 12 7 5 42 48 29 47 31 22 8 33 43 37 1 11 26 21 40 9 16 24 6 27 46 2 23 19 3 17 51 20 15 50 39 35 10 32 18 4 38 28 45 14 25 36 30 44 0 41 13
18 41 47 19 11 34 51 43 20 6 1 0 27 8 31 28 40 10 14 48 5 25 46 4 35 12 13 26 16 9 24 44 45 39 2 32 21 50 29 38 17 36 30 42 3 23 49 22 37 7 33 15
42 4 9 0 1 17 3 45 5 40 36 14 34 32 38 24 15 6 46 31 49 7 50 21 47 30 2 12 39 16 35 41 28 18 20 11 26 27 51 37 48 43 29 44 8 19 25 22 13 23 10 33
12 45 29 0 23 20 4 9 28 2 46 8 38 44 51 25 33 13 17 40 14 37 50 3 47 5 1 21 16 19 22 7 11 32 35 49 10 41 39 24 48 18 27 31 34 15 42 36 26 43 6 30
42 3 47 8 26 23 18 33 10 27 28 40 20 48 7 22 11 49 34 4 43 0 16 17 19 6 50 51 21 32 31 37 12 24 13 45 41 9 5 46 30 29 14 36 44 39 38 2 35 1 25 15
44 4 14 13 36 30 31 34 38 25 9 21 50 26 3 0 5 27 41 39 11 35 37 2 24 22 33 51 15 48 20 19 46 10 43 32 18 12 40 6 8 1 23 17 45 49 16 29 28 47 42 7
6 0 38 13 47 22 20 5 8 46 3 27 34 29 17 25 12 45 18 42 50 2 36 24 9 21 10 51 26 40 23 1 31 39 35 30 41 15 11 14 32 4 44 7 37 28 49 16 19 43 48 33
29 17 21 39 32 1 12 33 16 37 2 18 45 6 51 11 48 19 31 27 47 10 14 50 23 38 24 49 36 30 13 35 25 41 40 4 9 8 34 0 20 5 43 15 28 3 44 42 7 26 22 46
26 15 45 11 44 47 36 12 24 22 42 28 43 39 29 18 25 6 17 30 16 3 21 7 4 40 5 0 13 19 8 35 20 33 27 38 32 37 41 51 2 34 9 14 1 31 23 50 49 48 10 46
12 1 22 4 27 2 17 0 33 43 13 11 29 15 47 7 40 42 3 39 45 20 19 28 24 23 14 9 38 8 50 37 51 10 16 36 31 18 30 25 21 5 34 49 48 6 32 41 46 44 26 35
23 2 22 36 9 29 20 15 18 7 40 4 26 37 32 46 3 51 28 12 38 45 34 6 16 30 19 24 8 14 10 17 31 33 25 5 47 27 21 0 13 35 41 44 42 1 49 50 43 48 39 11
14 45 19 21 36 48 15 2 3 44 4 35 41 32 30 24 22 5 8 16 50 25 51 9 10 6 39 11 49 13 31 43 47 37 0 29 27 38 42 18 17 20 26 28 12 7 40 23 1 34 33 46
9 20 2 0 4 33 15 1 29 7 11 32 21 5 18 37 40 16 34 42 51 19 14 8 35 28 31 22 6 48 46 36 45 13 38 24 41 10 3 17 23 50 27 30 12 25 47 43 44 49 26 39
0 49 15 17 14 34 27 19 45 1 5 33 43 42 48 44 11 35 2 9 30 38 18 36 24 7 22 16 4 40 37 32 25 46 26 12 13 50 21 23 28 47 29 51 6 8 41 10 3 39 20 31
28 5 9 24 48 12 21 29 25 18 19 22 13 44 23 11 1 37 7 8 47 43 0 42 16 4 26 51 6 27 40 45 49 46 32 14 33 30 35 38 41 3 34 31 17 2 39 20 15 50 10 36
18 29 10 13 0 16 26 23 31 21 28 4 48 39 15 22 41 40 47 30 6 12 3 42 9 32 34 14 19 37 49 25 8 20 27 24 7 44 45 38 33 1 11 2 5 43 17 36 35 50 46 51
15 16 50 7 5 32 24 33 49 40 18 25 27 8 1 45 46 10 48 26 30 4 17 42 20 11 39 9 47 41 0 35 22 37 3 21 2 19 38 6 29 31 28 44 14 36 12 34 43 23 13 51
22 5 39 14 27 28 2 35 11 42 50 48 32 43 33 51 26 17 49 20 44 37 45 1 30 0 19 4 36 8 7 40 38 25 18 15 29 24 21 6 3 12 9 46 13 16 23 31 47 41 10 34
0 10 37 44 39 42 8 51 43 3 34 40 22 19 46 5 4 6 36 14 13 28 33 12 20 2 7 31 35 27 26 30 23 32 15 49 24 16 17 1 45 21 25 11 9 29 50 38 48 18 41 47
