45 25 50 38 31 10 0 48 49 20 30 18 43 42 3 19 13 36 44 41 21 11 9 6 24 1 37 35 2 46 14 7 33 16 28 15 17 26 22 23 29 27 4 39 51 5 8 12 47 40 32 34
13 15 3 29 45 47 40 5 8 46 48 12 37 33 28 16 41 18 23 32 9 36 38 24 30 4 42 11 0 22 1 19 39 6 44 20 51 26 10 43 25 2 7 50 31 34 17 35 49 27 14 21
34 32 2 16 19 1 9 46 25 30 11 13 14 20 48 26 37 22 49 29 51 41 44 6 7 17 3 23 43 15 33 10 31 5 39 42 47 21 12 45 24 50 28 4 40 35 27 8 38 0 36 18
51 45 23 14 39 40 3 9 11 2 42 41 34 50 35 28 48 32 26 43 15 46 7 18 0 10 6 13 44 8 27 25 4 12 31 20 38 5 16 29 22 21 37 33 24 1 47 36 30 49 17 19
47 36 27 14 8 22 33 35 30 48 34 12 26 9 25 28 5 4 16 29 19 0 11 37 10 31 24 45 1 23 18 38 42 41 6 51 46 43 39 2 17 20 40 44 15 13 32 21 50 3 7 49
41 43 13 5 7 39 34 10 29 36 16 20 40 49 3 19 9 32 1 24 35 12 6 37 2 17 25 18 15 42 28 23 30 44 45 22 21 50 26 27 51 14 47 33 48 38 8 0 11 46 4 31
46 43 45 18 30 50 5 0 38 21 39 28 12 23 8 19 44 22 36 15 27 24 40 31 7 3 13 26 2 33 37 49 51 9 42 48 35 10 11 17 34 14 47 1 20 29 41 6 32 4 16 25
33 24 10 45 17 2 40 1 51 7 30 5 0 19 42 28 35 46 11 44 18 6 27 22 43 36 38 21 47 4 9 48 37 31 39 20 15 49 34 3 13 14 32 50 25 41 29 26 16 23 12 8
2 47 9 49 19 1 45 24 36 21 38 6 51 32 23 3 11 34 31 41 28 50 18 35 48 33 42 22 12 20 7 43 14 40 0 39 17 8 46 4 29 27 44 25 30 16 26 5 15 13 37 10
31 23 44 37 6 40 24 15 11 30 46 50 16 22 42 34 20 28 3 29 14 19 7 45 32 47 8 18 38 0 48 26 27 36 51 43 21 10 2 49 33 9 17 4 25 35 12 5 13 39 1 41
14 9 16 21 36 25 41 48 1 31 49 32 40 6 10 33 22 46 19 17 20 30 27 8 51 35 47 7 42 5 37 24 39 18 12 13 26 34 28 15 29 2 23 4 45 38 11 43 50 0 44 3
46 36 8 17 2 41 45 5 15 38 47 9 14 20 30 16 23 10 37 29 3 19 34 44 27 43 22 48 21 50 39 28 49 35 4 42 25 33 32 51 18 13 12 6 0 11 24 31 26 7 40 1
31 24 44 25 14 34 2 35 49 39 18 15 50 1 6 29 41 13 28 5 0 33 19 38 46 21 8 9 4 7 48 16 10 26 40 47 3 32 30 22 27 42 12 37 11 20 23 17 45 43 36 51
42 18 44 9 39 4 46 15 22 51 3 45 34 36 20 13 6 31 11 40 48 26 49 5 28 12 7 0 1 24 19 30 23 27 25 2 8 41 38 21 43 33 35 29 37 50 10 32 16 47 14 17
5 13 36 41 47 1 16 2 17 48 4 40 39 37 28 10 14 7 45 9 6 15 44 30 26 42 29 50 49 51 35 11 31 12 43 21 3 27 38 23 24 33 46 22 8 34 25 19 20 0 32 18
23 49 39 19 9 34 16 22 41 15 12 8 50 27 46 36 7 31 32 5 29 6 20 44 30 3 17 43 45 26 28 18 13 51 24 11 47 37 48 42 2 0 14 21 35 40 25 10 1 33 38 4
18 2 35 40 36 43 41 17 44 8 47 19 26 23 34 42 27 12 20 30 25 50 3 48 22 49 28 4 13 24 37 5 38 51 6 7 14 46 33 9 11 1 10 0 15 32 31 45 16 29 39 21
29 10 27 30 26 0 48 3 32 41 42 39 47 12 38 22 43 13 11 20 23 33 14 31 50 17 40 34 37 16 25 51 5 24 15 19 1 8 44 36 49 45 28 21 46 18 35 9 6 2 4 7
27 34 9 14 33 8 11 36 22 18 1 39 41 30 21 37 25 35 24 12 23 31 6 45 49 38 29 2 4 48 46 43 32 28 19 0 10 20 3 42 13 44 40 5 26 7 16 50 47 17 51 15
9 5 22 26 41 25 27 12 28 32 45 43 50 35 49 33 34 13 16 11 51 17 42 46 1 14 31 30 3 15 36 23 7 0 37 47 19 29 39 21 38 10 44 40 18 8 48 20 4 2 24 6
23 2 35 48 18 20 25 29 0 1 10 11 39 37 36 8 21 22 7 19 3 27 13 42 47 51 17 33 14 40 30 5 46 26 44 16 31 32 9 24 34 45 15 12 43 41 38 4 49 6 28 50
27 48 28 0 32 4 34 31 20 51 50 43 3 46 12 47 16 41 25 6 22 42 23 19 26 39 11 45 40 5 18 49 36 9 24 37 14 2 21 15 38 1 10 33 8 13 7 44 30 17 29 35
32 10 11 38 19 28 33 49 34 6 3 15 26 41 13 7 35 0 40 42 1 20 27 50 22 21 37 23 31 14 29 44 2 24 9 46 45 18 5 51 43 16 30 47 36 17 25 8 48 12 39 4
39 20 51 28 33 5 11 27 8 9 40 32 25 0 3 31 50 16 2 43 35 21 14 44 30 37 41 26 48 17 4 23 7 47 12 10 18 42 24 13 38 29 6 19 49 22 15 34 46 1 45 36
0 13 49 43 6 12 50 10 39 21 23 47 36 24 45 41 29 3 26 28 38 48 14 17 25 11 1 44 9 31 34 32 37 20 42 15 27 40 8 33 18 35 5 30 46 2 4 16 51 22 19 7
11 10 15 20 19 0 43 48 39 23 9 45 38 44 37 42 7 50 22 25 51 47 12 49 13 33 4 2 35 31 16 3 14 40 6 41 32 46 34 27 29 21 8 28 17 36 26 18 30 5 24 1
27 19 31 6 16 39 34 8 2 48 12 3 32 51 37 44 18 20 49 38 43 1 29 21 0 15 24 22 7 33 5 35 36 42 10 46 13 30 26 41 45 25 40 9 47 17 23 11 50 14 28 4
6 36 31 48 42 34 47 20 40 45 39 4 1 14 28 2 51 15 33 22 37 49 30 16 32 29 35 50 43 38 26 13 11 0 8 27 19 18 17 41 21 9 5 7 23 3 46 24 25 12 10 44
51 26 4 6 2 22 49 48 12 16 13 43 32 17 30 44 7 3 15 31 27 0 10 45 25 8 21 9 38 28 39 34 14 20 37 33 36 5 24 23 42 18 19 35 11 29 50 41 1 46 47 40
23 10 13 7 20 41 12 9 21 49 47 27 38 3 4 30 45 32 51 16 28 40 19 43 25 26 0 50 15 29 37 6 48 2 1 33 44 17 36 14 18 31 46 24 42 11 35 5 8 34 22 39
24 2 43 47 15 48 40 3 44 25 17 18 46 38 11 4 30 34 42 14 16 50 10 21 9 6 39 23 0 29 33 1 13 19 22 37 36 26 51 31 45 7 27 5 35 32 41 8 20 49 28 12
17 15 21 22 51 20 16 12 50 18 5 3 31 35 25 29 14 34 2 24 7 10 45 44 11 42 39 8 38 36 23 28 41 43 1 47 33 40 46 13 32 49 4 26 48 30 9 37 19 6 27 0
19 34 9 40 44 16 29 6 42 47 25 37 41 48 27 50 14 39 23 3 22 11 2 32 12 5 26 0 10 1 13 20 4 8 45 33 46 49 28 17 36 15 38 18 35 51 21 31 24 7 30 43
29 8 28 26 16 5 21 31 4 10 47 1 34 33 50 0 43 19 15 49 14 25 32 6 44 27 36 39 45 13 11 3 17 51 41 38 2 30 23 24 7 40 48 18 37 20 46 12 35 42 9 22
2 20 23 42 37 43 8 40 22 50 5 12 28 34 41 35 14 31 4 45 3 32 46 10 13 51 18 44 15 36 26 1 9 25 17 38 27 47 11 33 29 0 30 48 49 16 21 19 39 24 6 7
17 46 22 0 29 39 28 35 48 34 37 36 5 7 15 26 6 42 31 27 51 47 11 10 41 38 32 12 13 45 24 2 20 16 49 3 50 4 30 43 8 25 19 23 14 21 33 18 44 1 40 9
43 9 15 42 14 12 3 21 10 18 22 35 1 38 51 8 20 30 25 36 28 32 5 19 33 11 31 50 7 44 48 16 45 41 40 0 6 2 26 47 17 49 46 4 39 37 13 34 23 29 27 24
31 18 17 35 16 46 20 47 4 42 22 36 30 43 45 34 39 1 49 6 32 12 25 40 5 24 44 9 13 7 3 0 21 8 26 28 50 38 37 48 14 11 19 27 51 15 10 29 41 23 33 2
22 31 33 6 50 34 38 18 23 24 32 29 21 25 16 36 10 5 47 37 0 26 3 45 17 11 41 2 28 8 40 46 43 20 12 4 1 30 13 42 35 27 51 14 44 15 7 9 19 39 48 49
40 35 10 47 11 23 37 28 49 9 48 41 7 38 22 1 45 0 51 12 24 33 32 20 34 27 19 30 4 50 46 21 25 17 2 43 36 15 13 31 6 29 42 18 26 16 3 5 39 8 14 44
2 7 15 31 20 36 44 4 34 37 26 8 49 13 11 23 47 12 41 9 51 5 39 18 42 43 3 0 29 40 19 33 48 1 32 25 46 45 27 35 30 6 16 38 14 50 21 17 22 28 24 10
47 31 29 46 11 12 50 19 48 5 7 18 49 43 20 13 3 8 32 35 30 28 51 4 15 44 26 0 6 39 36 41 24 22 1 45 38 9 23 2 34 40 27 37 17 16 25 42 33 14 21 10
50 44 38 39 48 5 41 11 42 31 22 34 43 4 14 27 49 9 46 36 0 3 19 12 10 16 18 40 47 25 2 35 30 26 17 37 15 51 32 20 29 7 13 24 1 33 28 8 23 21 6 45
26 22 3 33 45 30 44 11 27 42 41 19 29 24 35 25 28 21 0 32 10 1 7 14 49 51 4 40 8 37 38 13 47 39 2 18 9 48 43 15 20 50 23 46 12 16 31 5 17 34 36 6
33 5 8 46 38 50 28 43 34 21 45 29 39 41 47 11 10 7 3 9 15 18 14 12 35 25 23 16 51 24 37 13 22 48 6 20 49 17 31 26 44 30 1 2 4 27 40 32 19 42 36 0
19 40 26 36 29 46 16 47 20 30 50 23 18 15 10 44 24 39 14 1 49 35 31 28 8 25 34 45 43 5 7 0 27 48 3 37 32 2 51 21 11 41 9 6 38 22 17 12 13 33 4 42
35 13 29 33 37 51 31 32 49 28 46 41 27 45 25 0 2 4 11 10 24 48 38 30 40 6 1 8 47 43 7 22 39 21 23 20 44 26 15 18 34 16 14 12 9 50 19 36 5 17 3 42
44 48 8 31 36 0 43 4 34 50 38 27 17 7 22 20 39 29 47 37 23 19 13 11 35 24 51 32 16 46 3 2 40 45 41 28 26 21 49 5 9 12 25 10 42 30 6 33 15 14 1 18
32 49 37 7 11 43 24 8 45 0 25 46 27 38 12 15 47 1 10 2 34 50 18 19 31 29 35 22 26 6 39 28 42 21 20 36 30 16 51 14 48 9 3 13 41 44 4 23 33 17 40 5
14 34 50 33 18 48 31 13 44 24 42 38 0 11 23 28 30 37 22 27 3 32 17 21 7 51 19 35 16 39 2 20 41 6 1 29 36 9 26 5 25 15 40 49 45 8 12 46 10 43 47 4
48 39 22 38 50 18 42 13 49 9 0 37 21 51 43 12 35 17 10 2 4 32 34 8 47 40 11 15 20 24 3 26 16 19 23 45 30 1 5 7 36 14 44 46 25 33 6 28 31 27 41 29
10 42 39 32 22 11 21 36 45 48 20 47 40 27 35 26 41 25 0 33 37 8 12 15 5 24 2 28 18 50 6 7 46 51 1 38 3 9 14 4 44 49 16 13 31 43 34 19 17 23 30 29
50 28 16 21 14 41 45 8 18 19 13 27 22 1 42 20 7 29 26 34 5 9 46 38 30 2 43 6 24 44 35 36 23 51 0 12 4 10 25 31 40 15 49 11 48 37 32 47 17 3 33 39
16 42 35 34 19 25 12 15 41 11 30 1 37 51 46 3 26 43 28 29 27 32 49 48 7 4 20 23 18 10 38 45 36 2 44 33 40 5 31 22 9 0 13 24 50 47 14 39 6 8 21 17
13 40 24 16 44 23 12 2 45 3 27 19 14 32 9 47 37 29 33 35 18 7 0 28 46 22 31 21 17 10 41 20 4 26 39 51 1 5 43 50 6 15 8 36 38 25 48 49 34 30 11 42
2 16 12 22 39 24 51 15 30 19 48 25 40 21 38 18 49 23 13 50 32 1 7 8 5 37 36 10 31 41 11 20 4 27 44 26 34 43 14 28 45 42 46 33 9 47 29 6 17 35 0 3
44 5 12 3 25 50 19 8 13 4 32 38 18 41 29 10 45 40 14 34 6 15 16 36 51 2 31 1 24 39 26 11 22 28 43 7 47 0 49 30 35 17 21 9 23 48 42 20 33 46 27 37
40 11 17 26 8 23 33 29 37 20 47 42 21 15 45 28 38 5 35 43 46 51 19 39 1 25 32 12 4 30 50 34 2 9 13 3 18 44 48 16 49 22 31 27 14 36 41 10 24 7 6 0
14 47 46 1 0 26 25 8 5 21 20 18 49 16 50 37 10 22 23 28 2 40 31 43 7 29 35 17 15 45 36 4 48 6 38 33 32 13 9 19 51 44 12 42 24 11 41 34 27 3 39 30
17 49 1 45 41 40 24 51 37 42 50 27 48 16 6 33 7 28 38 4 30 8 26 13 14 44 25 12 0 47 43 5 10 21 20 18 39 36 11 9 34 22 46 31 3 19 15 2 32 29 35 23
31 44 51 47 5 46 33 14 27 6 18 45 13 8 21 19 36 35 25 34 30 17 41 48 40 12 38 1 11 10 26 42 37 7 43 0 22 28 49 2 29 16 4 24 23 32 50 3 15 9 20 39
4 21 1 39 36 6 42 7 31 51 3 43 5 25 45 19 24 11 37 48 50 8 13 29 9 35 49 46 22 44 14 27 40 26 17 32 23 30 47 16 34 33 41 18 20 38 28 2 0 12 10 15
8 34 36 9 17 12 32 48 10 24 20 44 29 39 19 40 1 16 2 11 43 27 3 42 33 35 5 23 46 13 18 47 45 15 21 31 0 26 49 4 30 50 51 28 25 6 22 38 41 37 14 7
6 12 34 51 41 43 9 8 47 27 31 28 49 5 10 45 19 4 33 29 38 46 39 44 35 17 16 15 48 50 3 0 25 37 13 7 14 23 1 24 21 18 42 2 40 36 22 32 26 30 20 11
12 15 5 42 46 13 37 25 43 10 4 35 41 40 44 48 51 30 8 18 14 45 3 19 7 36 9 17 39 29 20 21 49 28 0 32 33 6 47 27 11 38 34 23 1 26 31 2 50 22 24 16
2 22 11 50 46 0 17 15 38 31 49 23 47 27 18 45 29 25 13 1 48 28 16 24 12 9 43 4 33 36 14 3 40 39 19 51 6 20 30 37 44 7 35 5 10 42 32 8 34 21 41 26
7 22 27 40 51 30 25 4 48 15 44 24 3 12 2 50 47 29 43 33 39 18 13 36 1 10 21 46 42 9 35 38 17 37 14 0 6 41 34 28 20 49 31 19 26 8 16 32 5 45 11 23
33 29 25 36 20 6 42 16 3 1 4 51 45 0 18 44 40 31 39 2 49 32 38 13 11 12 8 47 35 43 50 17 7 9 27 30 34 14 46 24 48 5 28 21 15 22 19 10 41 23 37 26
43 16 24 34 44 20 37 41 9 2 46 1 3 40 45 6 42 28 29 14 51 50 38 49 19 32 7 23 22 10 8 11 17 25 5 48 39 26 0 27 12 31 4 35 30 13 36 33 47 21 15 18
37 28 34 2 22 1 47 10 32 17 4 31 20 21 29 27 11 49 3 26 15 39 8 18 19 41 14 7 6 38 30 43 33 45 40 36 9 51 12 48 5 16 35 0 25 50 46 44 23 13 42 24
15 16 10 39 21 31 38 8 43 48 2 5 7 1 46 14 3 18 27 11 50 25 17 20 51 45 4 47 26 12 13 9 41 28 0 44 22 19 30 34 42 29 35 24 6 37 49 40 23 33 32 36
5 19 43 40 46 34 41 51 21 20 2 45 7 26 3 36 42 39 13 44 23 27 12 47 49 16 8 9 0 32 1 33 17 11 37 14 24 6 35 31 48 18 4 25 28 38 50 15 22 29 10 30
32 44 9 4 29 42 40 16 20 10 21 12 37 14 45 43 22 0 39 8 50 15 23 19 25 41 46 2 35 47 11 38 7 1 3 6 18 33 26 48 34 28 5 27 30 13 49 17 36 51 24 31
40 28 36 16 5 34 37 38 4 7 51 10 25 6 47 45 43 24 14 2 27 39 8 20 17 49 46 18 21 31 11 29 44 9 50 19 3 12 30 35 33 23 41 0 1 32 48 13 22 42 26 15
18 33 42 38 24 11 6 12 17 26 51 41 27 21 4 50 39 31 30 49 2 36 32 34 35 1 48 14 3 9 22 7 37 15 43 25 16 13 44 8 45 20 10 29 5 0 28 19 23 47 46 40
39 27 45 38 17 8 19 14 15 20 35 3 26 24 47 32 11 41 10 30 31 46 51 18 4 42 12 0 21 29 2 37 28 23 49 50 1 13 36 5 9 22 7 33 6 44 25 48 34 16 40 43
47 24 3 42 17 16 44 34 4 12 2 50 20 28 35 11 30 43 6 45 33 32 46 1 7 38 48 40 21 51 23 39 27 8 9 37 36 13 29 22 10 19 18 15 26 49 5 0 31 41 14 25
10 17 21 26 0 19 5 1 38 6 43 31 13 24 3 48 4 23 2 42 41 46 32 14 29 34 39 30 18 33 40 51 20 7 27 9 50 16 45 47 8 28 35 36 49 15 12 37 11 22 44 25
28 31 39 34 44 45 12 32 33 1 6 4 41 35 18 19 46 30 37 2 50 51 27 40 3 25 11 17 9 22 47 21 0 24 8 36 38 10 16 13 43 14 15 26 42 49 29 23 20 48 7 5
33 5 2 20 0 48 47 27 50 18 35 32 15 6 24 51 14 23 38 10 11 9 1 49 26 3 37 17 34 42 28 4 44 40 46 36 7 29 45 19 8 25 30 21 31 43 13 16 41 39 22 12
42 29 45 21 27 32 18 47 28 31 0 15 44 38 10 14 3 26 51 39 17 19 30 20 8 4 5 43 11 33 16 13 41 36 22 6 40 50 25 37 7 2 24 46 12 49 35 23 1 9 34 48
38 50 10 9 40 32 46 11 35 25 41 3 47 13 14 23 39 42 0 19 20 2 33 30 16 21 8 15 29 24 17 12 4 28 49 22 27 34 43 26 37 45 48 44 36 6 51 1 7 18 31 5
7 32 20 21 18 29 0 27 37 42 51 15 12 17 28 23 45 46 33 14 3 25 30 31 40 11 39 10 9 5 47 49 16 4 26 44 36 24 35 2 19 41 50 48 34 43 22 8 6 38 13 1
23 33 46 13 47 45 10 31 39 21 14 17 15 37 27 36 26 32 16 7 12 2 0 35 41 4 51 5 42 8 48 50 20 11 29 40 6 22 9 24 28 19 30 43 1 3 44 25 34 18 38 49
12 5 8 44 0 42 48 15 21 28 22 19 33 10 27 47 23 25 14 6 39 3 24 20 46 31 16 37 35 50 4 26 49 1 30 18 13 38 7 45 34 40 11 9 51 17 2 29 36 32 41 43
2 18 17 42 45 1 49 3 51 38 20 14 32 36 50 8 48 7 22 5 47 6 13 10 37 16 9 28 33 26 44 11 21 40 41 24 0 35 29 43 12 19 27 31 30 4 25 39 34 23 15 46
26 39 33 19 47 23 18 11 43 32 46 2 50 16 27 28 37 1 7 17 48 3 30 20 36 41 12 21 51 15 10 8 13 4 44 49 42 0 24 25 9 14 34 29 38 5 35 45 22 31 40 6
30 31 0 18 50 48 15 10 25 26 32 19 6 33 5 24 11 35 4 1 14 2 22 49 28 27 17 3 7 39 51 42 45 40 44 16 47 23 37 9 41 34 43 21 38 8 46 36 12 20 29 13
40 37 12 21 13 39 22 11 50 30 3 29 19 16 6 51 18 47 23 35 46 48 42 8 24 20 33 31 27 49 15 44 25 45 26 2 10 32 34 14 9 17 41 43 7 5 0 4 38 28 36 1
48 24 23 42 17 35 29 12 2 51 31 27 28 3 43 4 7 32 41 49 39 38 10 50 36 19 8 40 11 34 21 37 44 47 22 26 30 18 14 45 20 6 9 46 0 33 16 15 13 25 1 5
44 2 4 34 14 0 31 27 25 1 28 37 45 47 40 16 42 7 46 51 41 49 24 17 11 19 32 48 9 38 10 21 22 35 13 50 6 12 43 29 23 30 18 39 36 15 33 5 8 26 20 3
50 2 10 19 47 9 27 11 38 49 39 6 18 32 12 33 8 30 26 46 36 14 28 20 5 43 3 34 15 41 0 40 51 44 35 31 25 42 4 22 37 17 23 21 13 29 7 45 1 16 48 24
27 20 36 10 12 46 47 9 3 11 18 43 51 41 31 37 19 33 48 6 25 24 1 39 29 16 4 26 40 49 30 2 23 50 22 42 28 32 17 8 5 38 44 34 15 13 21 0 45 14 7 35
11 29 6 49 36 3 5 17 2 22 51 19 44 8 43 30 25 38 24 27 28 32 0 45 15 35 41 48 20 7 34 42 16 40 23 26 4 1 37 13 21 14 39 18 50 47 33 9 46 12 10 31
47 29 51 25 14 40 8 7 19 32 9 49 48 21 41 20 27 22 28 17 35 0 3 13 15 16 39 44 12 30 2 18 36 45 1 11 23 10 26 33 5 43 4 24 50 34 37 6 46 31 42 38
25 45 24 42 16 48 6 39 13 18 44 11 51 36 3 12 17 14 35 21 19 15 27 30 40 8 5 49 1 9 43 38 4 7 50 41 34 26 10 31 2 22 32 46 47 37 0 23 28 29 20 33
17 32 51 2 12 49 41 10 19 34 11 47 22 20 38 42 25 1 21 33 4 9 15 23 44 45 35 37 48 50 5 6 3 16 31 43 30 26 40 46 27 28 0 39 7 36 29 8 24 13 14 18
23 18 27 8 28 26 25 46 33 34 2 41 13 49 35 24 20 22 36 50 10 44 38 48 21 16 40 51 29 15 12 32 4 17 47 43 42 3 9 31 39 11 19 37 45 6 7 30 1 5 14 0
10 9 24 43 3 47 27 23 32 18 30 51 12 2 39 13 19 28 44 25 6 8 4 33 11 14 22 0 20 48 50 46 41 29 5 42 36 45 7 16 31 35 37 21 38 34 26 1 15 49 40 17
23 45 51 30 32 35 3 18 12 41 19 48 7 20 24 13 0 16 28 40 29 43 6 11 47 4 26 22 27 1 33 39 36 21 2 5 10 46 15 44 34 8 25 14 49 38 17 9 31 42 50 37
