46 0 1 42 23 19 50 13 22 9 43 16 27 17 48 8 20 12 34 6 47 44 37 2 25 18 36 21 45 30 3 39 5 11 4 28 49 38 14 7 41 31 32 10 51 35 40 15 33 26 29 24
10 22 39 42 19 45 27 23 9 14 7 40 51 4 0 2 32 46 28 16 49 50 43 15 41 35 44 6 26 30 8 37 29 18 13 31 33 24 34 21 36 5 47 12 3 20 11 38 48 17 25 1
6 28 41 21 25 18 38 11 9 39 48 27 47 45 30 5 51 0 23 15 36 20 24 42 35 10 46 37 13 34 50 49 17 32 31 26 43 2 19 40 7 3 22 16 14 29 33 8 44 1 12 4
4 11 25 10 32 7 30 6 8 42 5 17 47 39 13 26 35 0 1 19 2 29 14 45 44 49 43 12 18 31 40 38 9 3 23 15 37 21 20 51 33 22 24 27 16 28 41 48 34 36 46 50
44 20 35 31 6 14 39 29 50 40 2 51 45 18 25 23 21 3 37 0 49 11 34 26 41 47 15 10 46 22 28 48 9 19 33 36 42 4 16 7 12 30 27 32 5 24 13 38 8 1 43 17
8 50 21 5 34 19 20 44 27 37 11 6 17 38 24 41 10 47 26 51 46 12 2 48 30 31 36 39 32 40 14 49 4 0 43 22 7 42 23 1 16 29 35 33 25 28 3 45 9 13 15 18
0 36 24 31 17 19 46 25 9 40 16 4 7 3 13 51 23 44 49 12 50 45 8 29 37 39 32 35 34 41 30 5 6 15 10 22 11 38 21 47 20 42 48 43 33 14 26 27 2 18 1 28
33 3 47 48 34 35 50 10 0 24 39 28 37 7 44 36 38 46 49 42 2 6 43 20 17 29 14 31 16 45 4 13 12 27 19 21 5 11 30 1 22 41 26 32 8 15 51 23 40 25 9 18
31 32 41 24 49 1 20 37 43 7 12 42 8 39 38 26 2 11 3 16 30 13 28 4 40 29 15 48 22 50 25 27 23 5 33 34 18 44 14 51 0 46 45 9 6 10 35 17 47 21 19 36
15 13 7 45 20 2 28 8 41 25 23 22 48 30 21 18 50 24 6 26 19 32 37 40 49 33 0 12 29 17 1 43 46 38 3 34 9 42 16 31 44 10 51 11 36 27 14 47 4 35 39 5
30 33 9 47 20 23 19 13 15 40 3 32 29 34 10 50 2 45 17 22 44 27 12 7 25 14 5 6 39 16 35 4 43 37 11 8 18 26 41 38 51 21 42 48 28 46 1 36 0 49 31 24
42 49 21 11 9 48 24 26 13 28 4 10 19 22 20 1 35 34 0 6 23 51 47 27 36 17 38 25 5 40 15 46 31 12 16 2 29 41 43 14 33 39 45 30 7 37 32 3 8 50 44 18
34 30 43 33 39 6 24 13 29 41 27 23 32 44 10 47 16 17 31 46 8 15 3 37 14 28 50 4 18 2 45 21 49 7 0 1 12 42 19 48 38 40 22 25 36 35 9 11 26 5 51 20
15 18 46 43 3 4 39 37 13 17 11 42 20 22 14 32 49 6 16 35 33 26 7 28 2 45 51 12 48 27 1 40 41 0 21 8 50 25 34 47 29 9 23 30 36 5 24 38 19 10 31 44
3 51 33 43 10 46 14 23 37 7 39 1 48 36 29 20 12 28 24 44 0 6 42 35 2 4 40 30 5 13 15 45 11 31 41 27 49 25 47 22 34 32 50 8 38 16 21 17 19 26 9 18
47 25 26 39 29 37 49 15 2 19 50 22 46 7 32 48 11 1 40 33 44 45 3 4 14 12 42 34 23 30 20 36 43 16 18 17 6 24 21 13 38 41 5 51 10 0 35 28 9 8 31 27
8 5 23 3 27 43 35 20 30 15 11 31 4 32 41 18 40 25 33 19 17 46 49 50 7 26 38 48 39 51 22 9 47 24 37 6 16 44 10 28 13 21 34 14 12 1 29 42 2 45 0 36
45 16 41 20 40 18 47 0 29 36 30 23 26 8 11 1 12 2 13 42 38 51 43 49 5 48 44 22 9 17 35 46 14 32 7 24 50 27 3 10 28 33 15 34 39 21 6 37 25 19 31 4
13 0 34 20 51 48 18 3 26 38 28 10 46 44 43 24 17 45 2 16 31 35 5 39 15 25 37 19 29 30 9 1 36 7 50 33 23 27 12 8 11 14 47 41 49 32 42 6 4 40 21 22
9 32 10 0 14 24 41 5 30 49 4 47 21 31 44 29 26 23 13 18 45 37 22 27 36 3 38 15 39 42 48 46 7 1 25 17 35 8 34 2 12 40 28 11 6 20 50 33 19 43 16 51
7 49 40 13 33 20 50 48 18 26 6 42 21 14 44 32 38 15 2 28 10 30 25 19 39 46 37 23 43 16 22 8 47 36 24 0 34 3 35 31 27 11 29 12 5 17 1 45 9 41 4 51
49 42 29 46 7 9 19 38 34 16 11 21 22 5 31 43 35 39 10 33 17 36 14 15 40 23 0 37 18 32 4 25 45 50 1 26 12 24 51 8 27 30 48 41 28 20 13 6 47 2 3 44
4 1 51 17 46 37 12 25 50 18 6 28 40 24 19 26 10 31 32 20 36 41 2 5 14 8 7 47 15 0 34 33 43 16 30 9 29 45 13 21 44 22 27 38 39 3 42 23 48 11 49 35
5 7 23 15 8 42 20 44 49 29 6 46 38 25 37 39 35 28 17 27 10 16 13 2 26 33 1 18 45 51 36 19 34 21 32 50 47 0 24 11 4 12 31 22 40 30 43 48 14 41 9 3
50 32 0 30 48 5 27 37 46 23 8 26 41 10 39 16 29 2 3 7 13 47 45 24 1 51 25 44 9 28 19 11 22 18 35 17 40 34 42 43 31 12 14 4 6 36 33 49 15 20 38 21
34 32 23 13 10 26 17 22 42 38 44 46 25 39 3 4 27 12 36 9 48 30 11 0 8 29 20 28 43 47 18 33 16 19 40 14 35 24 7 1 5 49 15 37 6 21 50 51 41 31 2 45
35 41 23 0 6 31 13 25 21 12 46 49 4 33 26 10 2 11 5 19 40 18 22 7 1 37 14 47 39 29 38 9 45 48 24 30 20 42 32 17 16 50 34 3 44 51 36 8 15 43 27 28
48 37 26 23 10 40 35 29 7 22 43 47 28 20 6 3 45 11 51 8 34 12 4 44 13 33 38 42 0 41 27 30 15 39 1 18 19 36 17 9 46 32 14 31 24 25 50 49 16 21 5 2
46 7 48 4 32 12 10 31 2 15 0 33 38 20 16 27 9 28 17 29 37 36 40 11 18 23 34 39 24 50 6 19 8 3 13 35 22 51 44 25 14 5 45 49 41 43 42 30 1 21 26 47
22 51 18 17 43 49 4 0 31 32 39 34 7 47 19 1 37 38 2 40 16 29 50 36 24 6 3 33 42 12 8 15 20 21 41 5 44 28 23 48 46 14 9 26 27 30 45 25 35 13 11 10
32 26 8 47 15 51 12 34 20 40 7 11 39 49 10 36 31 29 19 21 18 43 16 30 28 1 5 23 9 38 24 48 17 37 22 41 27 0 2 3 14 46 6 25 50 13 45 42 35 4 33 44
26 37 40 45 4 43 49 22 2 32 24 19 21 11 30 23 48 46 5 18 39 38 8 1 3 9 28 27 42 13 6 15 7 41 44 36 51 35 34 31 47 16 33 25 50 29 20 0 14 12 17 10
46 36 3 29 8 34 40 7 35 15 37 43 21 25 22 14 6 42 2 27 23 9 20 48 28 33 41 50 47 11 10 44 4 5 30 51 16 1 32 12 13 26 38 0 45 18 17 31 19 24 49 39
48 19 36 20 11 27 18 34 43 16 14 0 17 30 29 25 22 44 2 38 31 7 5 50 8 9 37 21 28 35 32 12 13 33 41 49 15 45 51 42 1 39 24 46 10 4 3 6 23 47 40 26
22 5 2 21 23 50 0 24 27 17 43 25 38 35 34 8 48 3 19 32 36 6 29 13 11 4 42 30 1 26 33 15 49 41 31 46 7 45 12 39 44 51 16 47 28 37 18 9 20 40 10 14
1 42 36 28 19 15 48 30 24 44 37 0 46 8 4 6 31 40 3 13 45 27 11 16 14 49 47 43 32 39 41 23 20 18 2 9 7 38 33 21 5 35 34 29 25 10 22 26 12 51 50 17
38 5 18 25 24 42 12 13 35 4 40 3 6 36 2 30 11 28 9 21 50 45 20 8 47 31 34 29 41 43 7 22 51 39 19 0 15 17 46 27 26 16 14 44 48 1 32 10 23 49 33 37
45 25 48 35 47 14 8 4 27 10 29 24 19 15 17 18 32 51 30 7 49 41 46 38 21 11 39 0 1 13 2 5 40 6 37 26 3 43 9 34 42 33 44 28 12 50 22 16 31 20 36 23
51 31 27 29 9 38 47 43 34 16 20 48 0 45 26 11 10 2 22 23 13 15 14 17 25 39 1 33 35 12 21 6 49 36 8 5 50 37 4 30 19 24 40 7 3 44 18 41 32 42 28 46
10 50 40 33 47 6 18 30 5 12 14 1 9 11 37 43 7 26 3 25 19 0 45 20 29 41 16 44 38 17 35 4 2 49 48 28 8 15 21 46 31 13 32 39 42 22 27 36 23 51 34 24
44 46 22 29 12 43 0 34 26 19 7 6 2 35 38 14 32 37 27 28 51 15 36 5 3 24 4 13 41 47 9 8 18 33 10 50 21 20 42 40 45 11 31 17 25 30 48 49 1 39 16 23
33 23 6 0 44 19 30 4 1 32 17 46 15 50 45 13 3 43 14 28 8 25 48 22 36 47 27 31 35 21 51 41 5 40 16 2 12 20 18 49 37 7 24 34 42 9 29 10 39 11 26 38
43 4 29 3 18 28 34 11 14 1 17 39 6 24 44 5 23 51 35 2 38 20 27 40 15 10 46 12 37 9 31 48 36 30 13 50 22 21 33 49 42 19 45 41 47 7 16 0 32 26 25 8
7 31 13 8 42 15 1 26 0 43 4 34 25 14 16 6 35 41 17 23 46 49 10 21 47 24 40 28 20 2 38 51 36 50 11 45 39 33 22 12 19 27 3 9 37 30 32 29 48 44 5 18
49 16 34 6 40 31 33 43 48 47 30 18 37 39 0 11 1 9 21 14 15 42 20 5 35 29 17 10 25 24 23 8 19 4 3 2 41 44 13 38 36 22 12 28 32 46 51 7 45 26 27 50
43 27 32 13 22 2 29 50 44 11 3 38 23 40 26 4 48 51 49 42 20 18 12 46 8 30 7 9 0 16 25 5 21 24 34 35 39 1 45 47 36 19 41 37 14 33 10 28 6 17 31 15
30 21 26 40 6 7 12 1 15 9 37 46 28 19 32 25 41 13 24 10 42 48 35 3 31 45 33 43 27 4 50 11 22 34 23 20 16 5 49 0 29 38 14 8 2 36 39 17 47 51 44 18
36 1 42 31 40 35 7 6 15 46 19 17 34 4 26 39 18 45 8 29 51 23 49 41 12 44 20 10 28 9 22 47 38 0 3 25 2 32 50 11 13 24 16 48 43 21 14 27 37 30 33 5
49 23 12 28 0 21 43 7 18 24 38 8 15 6 26 14 39 1 17 10 5 48 27 50 3 20 37 47 16 13 46 31 11 29 4 40 42 2 44 45 41 19 34 35 32 30 9 33 51 36 25 22
21 20 43 24 49 36 38 19 7 37 6 32 8 29 5 25 18 11 4 51 40 12 30 41 31 28 16 14 23 3 1 0 34 39 17 46 42 33 45 27 15 35 2 44 22 9 50 10 13 48 26 47
45 19 32 21 48 17 27 35 41 36 7 51 26 37 49 46 29 34 39 11 20 8 9 44 15 13 5 3 0 16 18 10 50 24 1 12 47 4 23 38 2 22 28 40 33 6 42 43 30 14 31 25
34 44 37 8 19 42 32 22 10 41 16 2 14 48 11 31 27 35 6 30 23 26 39 29 49 33 5 15 43 46 1 20 21 0 50 51 36 28 45 47 18 25 12 9 13 38 7 17 40 24 3 4
40 14 1 44 17 45 16 0 25 34 38 31 22 39 8 49 26 21 48 46 18 10 19 30 24 28 5 36 42 32 37 3 33 29 13 6 7 4 50 27 23 2 15 11 47 51 12 20 41 35 43 9
25 24 20 19 6 26 31 29 17 34 1 12 41 45 30 15 27 22 48 38 47 21 10 4 7 8 33 51 16 23 50 11 40 3 36 0 13 32 2 9 37 18 39 5 28 14 44 42 43 35 49 46
25 20 13 24 8 5 36 44 26 4 31 21 28 1 23 34 46 10 18 37 11 40 30 51 50 0 41 33 47 7 35 6 43 27 14 12 45 38 32 39 49 16 42 17 3 22 48 19 2 9 15 29
27 24 38 17 28 14 51 31 45 26 21 29 5 22 0 42 18 23 44 30 7 32 12 40 13 35 25 43 4 11 33 36 37 49 39 3 2 6 9 41 48 46 16 15 50 8 20 10 1 47 34 19
19 18 32 46 48 34 33 4 41 5 11 28 1 6 42 31 13 3 24 12 9 10 8 40 20 15 51 50 7 23 21 22 29 0 39 27 26 47 35 38 17 30 44 49 36 2 45 43 25 37 14 16
0 32 45 36 9 44 6 23 16 39 15 7 49 19 51 35 11 20 31 46 13 5 21 27 4 25 34 30 24 8 37 2 26 10 33 47 48 18 38 12 43 28 14 29 42 41 17 50 40 1 3 22
22 18 48 42 12 8 9 14 31 1 3 43 11 37 40 16 51 39 47 33 34 15 26 6 4 44 7 38 10 13 36 5 17 41 20 27 45 29 28 49 30 50 0 19 46 25 35 2 24 32 21 23
44 37 34 43 41 32 0 6 25 28 10 23 13 26 39 50 33 46 40 27 19 51 35 22 1 38 47 12 5 24 7 2 21 48 4 29 36 49 16 3 30 14 20 11 17 15 45 31 18 42 9 8
20 28 13 12 23 26 1 17 40 15 9 47 21 35 36 33 19 16 37 46 6 51 30 2 10 5 34 25 49 38 43 42 4 31 11 27 50 8 18 41 48 29 32 14 39 0 22 44 24 3 45 7
42 19 7 18 50 43 23 30 13 48 34 38 20 2 49 27 39 10 9 24 4 36 8 35 12 45 32 22 16 28 11 15 21 37 31 33 41 3 1 5 14 25 6 51 26 29 0 40 46 17 47 44
25 6 31 19 9 49 8 14 36 3 39 22 27 41 48 46 12 47 10 44 40 30 23 33 29 17 28 26 5 16 21 51 4 15 18 11 7 20 50 24 37 0 45 32 1 2 38 42 43 34 13 35
11 19 35 10 23 1 12 50 27 13 18 34 28 25 6 38 22 30 47 48 4 32 20 2 15 29 21 33 8 7 5 17 37 14 45 9 26 49 40 51 42 0 46 36 39 41 3 31 44 16 43 24
0 22 50 48 29 21 12 18 4 9 46 19 14 23 17 34 8 11 10 47 24 43 31 44 38 27 30 2 6 49 26 3 25 40 45 37 35 39 32 15 7 28 51 41 1 5 36 13 33 42 16 20
7 15 17 31 41 0 10 32 28 29 38 6 25 47 3 18 43 9 5 13 35 42 37 45 51 11 44 12 24 14 21 49 48 50 16 2 34 46 22 26 36 8 39 19 23 20 40 1 4 30 33 27
40 37 39 9 6 23 0 28 48 34 32 31 17 35 41 10 42 36 1 11 46 25 2 14 7 44 16 4 18 13 45 12 27 8 47 50 24 20 3 38 21 19 33 5 22 29 49 26 43 15 51 30
42 18 34 4 27 12 45 50 23 11 51 35 41 9 21 22 40 30 15 25 32 44 20 39 1 26 49 43 19 7 3 5 13 10 0 17 8 37 2 16 6 24 31 36 33 14 48 46 29 38 28 47
21 28 35 40 12 37 22 36 39 3 42 44 30 18 49 27 25 24 48 31 0 15 14 23 1 33 45 26 34 9 17 43 4 41 46 38 50 11 6 19 51 32 16 29 10 8 13 47 20 7 5 2
37 14 2 6 11 0 7 1 33 29 42 46 41 25 9 13 36 15 43 45 17 39 24 18 50 20 51 48 32 16 49 26 3 5 19 35 27 31 21 22 4 38 30 47 10 12 23 8 28 34 44 40
41 17 27 2 45 8 40 15 6 37 5 4 12 42 39 7 23 18 26 11 46 13 32 3 36 38 47 19 16 9 21 14 0 22 34 30 25 24 1 31 48 43 49 35 29 51 44 33 10 50 20 28
1 4 45 47 38 40 41 10 36 48 44 50 21 13 16 27 39 37 26 51 5 24 29 28 11 18 9 20 2 3 12 8 33 7 22 17 49 42 35 43 23 25 19 6 46 14 30 0 34 32 15 31
44 0 7 47 17 22 4 13 23 19 14 28 26 16 12 33 51 18 27 2 5 49 36 38 31 37 41 35 6 29 39 50 30 25 3 9 20 45 11 21 46 48 40 43 8 10 32 24 42 1 15 34
7 1 9 44 14 26 21 36 16 3 27 15 33 11 40 18 47 45 39 2 49 29 35 24 23 34 4 51 0 13 10 42 38 32 30 41 5 20 17 28 48 25 12 43 37 6 8 31 22 19 50 46
25 31 23 30 7 32 19 24 10 20 36 18 4 16 48 1 22 33 35 26 51 34 6 39 3 13 5 27 44 37 50 45 15 42 29 2 40 43 9 41 47 28 38 14 0 49 8 21 11 17 46 12
48 43 39 45 25 21 34 20 14 7 10 42 36 11 17 37 9 27 0 31 19 16 51 3 22 46 35 29 28 47 30 2 50 23 6 41 5 49 18 26 38 44 15 12 40 4 32 24 13 33 8 1
37 43 2 7 40 14 1 19 5 22 6 26 41 36 27 10 25 32 16 28 9 11 35 38 49 8 30 29 0 51 45 50 24 47 39 21 34 3 17 23 4 48 33 13 31 15 46 20 12 18 44 42
0 50 32 8 12 25 13 23 31 3 45 27 29 9 16 20 7 37 2 26 33 42 14 17 48 35 38 21 30 22 10 6 49 1 19 28 44 5 40 34 47 43 11 51 36 46 18 15 24 41 4 39
30 41 45 14 40 0 42 34 24 10 36 19 5 38 4 50 9 6 11 32 3 33 20 2 51 15 16 48 49 17 46 7 43 21 37 47 29 23 28 12 39 44 31 13 27 1 26 18 25 35 8 22
48 37 31 51 18 2 17 49 27 12 36 9 16 43 42 4 6 41 33 24 15 3 39 8 50 26 32 11 44 19 38 7 23 22 0 5 28 14 13 1 29 47 20 40 10 46 30 34 45 25 35 21
31 40 37 13 47 6 42 45 49 21 1 23 33 3 27 14 35 17 38 34 20 50 32 46 5 43 48 22 18 2 28 26 29 12 4 8 41 19 51 15 36 0 30 9 24 10 39 44 25 11 7 16
2 50 7 6 35 30 51 11 36 43 9 42 37 18 13 21 26 16 49 23 46 1 12 17 29 10 34 45 20 44 5 39 33 3 47 0 40 41 24 14 38 8 27 31 25 15 28 48 4 22 19 32
8 27 20 37 23 24 16 46 14 21 11 39 18 30 32 12 44 38 2 7 1 0 9 35 10 40 43 48 26 50 6 28 36 34 33 17 51 29 4 15 45 5 49 31 25 42 3 13 41 47 22 19
4 26 35 46 13 34 28 42 3 36 5 12 41 17 24 8 25 23 9 31 10 11 6 32 50 21 44 20 49 16 33 15 22 38 27 43 51 30 45 18 2 48 40 19 1 0 7 37 14 47 29 39
12 5 18 21 49 26 47 25 6 48 8 51 4 40 11 19 29 13 23 22 10 36 30 42 35 17 9 37 44 43 33 34 2 45 41 50 20 39 46 1 28 0 31 38 3 32 27 24 7 15 14 16
40 22 7 4 28 17 0 18 14 26 43 38 42 16 3 37 46 5 47 21 10 11 23 31 39 24 48 44 19 41 1 34 51 45 35 20 8 15 29 9 2 13 30 36 25 32 6 27 33 50 49 12
27 5 19 42 28 22 35 4 18 43 1 9 25 20 49 45 2 36 38 34 33 32 26 16 41 17 6 8 7 48 23 10 11 50 21 14 3 40 13 24 31 0 12 51 47 46 39 37 30 44 15 29
41 20 24 15 44 39 17 21 23 8 6 25 40 37 33 48 1 9 7 10 14 50 36 42 35 46 13 4 47 32 19 11 2 27 18 51 34 22 29 28 38 26 45 31 30 12 3 5 43 16 0 49
2 31 21 27 3 35 48 4 22 1 33 19 16 0 14 17 6 32 45 23 43 44 24 9 46 39 49 36 18 29 12 15 10 38 50 7 20 51 42 26 11 13 8 28 47 25 30 37 40 34 5 41
47 20 26 32 5 16 19 31 22 34 30 50 28 23 39 45 8 40 29 9 13 17 24 51 15 43 36 1 7 10 6 4 25 42 27 21 2 41 33 44 11 18 12 3 49 14 0 38 48 46 37 35
41 23 51 13 42 7 33 36 37 27 8 2 0 12 26 10 21 38 35 3 16 5 18 22 19 40 44 30 32 29 46 34 49 15 50 9 28 1 31 24 11 4 25 20 17 39 43 45 14 48 6 47
50 4 18 41 0 40 19 32 13 49 23 16 15 31 7 44 1 27 5 20 38 6 25 17 26 34 39 47 43 36 33 3 24 45 2 46 10 12 21 42 9 11 30 48 29 37 35 14 28 22 51 8
45 16 3 50 30 24 40 8 49 28 22 51 14 41 4 7 23 35 6 31 29 0 46 44 38 10 15 33 21 43 32 9 25 5 42 20 19 2 1 47 11 48 13 37 26 27 12 39 18 34 17 36
21 26 35 20 42 10 25 43 40 45 4 2 3 27 48 32 38 29 44 22 23 1 24 8 5 46 13 30 14 41 39 34 19 15 6 9 16 37 0 47 11 49 7 12 50 36 33 31 28 51 17 18
41 20 37 21 13 47 7 4 6 25 11 42 18 39 1 36 50 35 26 19 51 17 33 23 43 44 0 9 27 24 28 15 22 5 14 38 30 34 45 40 31 2 8 46 10 16 3 49 29 48 12 32
7 1 11 17 23 38 48 12 26 27 24 37 18 10 0 4 2 29 41 8 5 20 28 30 50 16 34 43 32 9 19 39 21 33 15 44 13 14 47 49 6 40 45 25 3 51 36 22 31 46 42 35
25 23 1 18 21 29 28 40 10 36 30 11 12 39 38 32 22 31 3 35 7 37 50 47 13 16 14 34 42 46 27 5 6 8 43 15 49 9 33 45 44 4 19 41 51 48 17 24 20 26 0 2
1 43 26 44 24 25 34 3 21 30 39 5 15 9 19 20 47 18 45 37 2 11 50 23 27 41 0 40 28 36 7 49 17 14 33 42 38 31 29 46 22 35 4 12 48 8 51 32 6 10 16 13
14 44 19 11 7 32 18 0 16 49 27 10 33 25 21 24 46 35 6 5 38 1 31 39 17 4 37 47 30 15 3 26 40 13 42 43 45 36 28 50 2 9 22 20 48 51 23 8 41 29 34 12
29 7 37 23 8 1 14 47 25 31 5 26 28 6 19 0 27 2 44 34 12 50 35 39 38 17 24 13 48 22 41 21 49 4 43 45 30 10 42 32 33 3 18 51 46 40 15 16 20 36 11 9
