21 29 2 45 14 28 11 44 24 30 5 46 17 32 7 39 19 26 0 42 13 31 10 43 23 27 4 41 16 25 9 40 22 36 3 47 15 38 12 33 51 35 6 48 18 34 8 49 20 37 1 50
14 29 10 45 24 28 4 44 18 33 7 46 21 32 1 47 15 30 11 31 25 27 5 42 19 39 6 43 20 26 0 41 13 38 9 50 23 40 3 51 17 35 8 49 22 34 2 48 16 37 12 36
51 31 6 40 18 29 8 45 20 28 1 44 14 33 11 46 23 30 4 42 16 27 9 39 21 25 2 43 15 26 12 41 24 32 5 48 17 36 7 47 19 35 0 49 13 34 10 38 22 37 3 50
16 29 9 45 22 31 2 44 15 28 12 32 51 33 5 46 19 30 7 42 20 27 0 47 13 25 10 43 23 26 3 41 17 38 8 48 21 39 1 49 14 35 11 34 24 36 4 40 18 37 6 50
19 29 0 45 13 28 10 44 23 33 4 46 16 31 9 39 22 30 3 43 15 32 12 25 51 27 6 42 18 26 7 41 20 36 1 48 14 38 11 47 24 35 5 49 17 34 8 40 21 37 2 50
15 29 11 45 24 28 4 44 18 30 6 46 20 32 0 39 13 26 9 42 23 31 3 43 17 27 8 41 22 25 2 40 16 38 12 35 51 36 5 48 19 33 7 47 21 34 1 49 14 37 10 50
23 29 4 45 17 28 8 44 20 30 1 46 14 32 11 31 24 26 5 42 18 39 7 43 19 27 0 41 13 25 10 40 22 34 3 47 16 37 9 49 21 35 2 48 15 33 12 36 51 38 6 50
19 29 7 45 21 28 1 44 14 33 11 46 24 32 4 43 17 30 8 42 22 31 2 41 15 27 12 26 25 39 5 40 18 36 6 50 20 38 0 47 13 35 10 49 23 34 3 48 16 37 9 51
22 29 3 44 15 31 12 30 51 28 6 45 18 32 8 46 20 26 1 42 13 27 10 39 23 25 4 43 16 24 9 41 21 36 2 47 14 38 11 33 50 35 5 40 17 34 7 49 19 37 0 48
13 29 9 45 23 28 3 44 17 33 8 46 22 31 2 39 16 32 12 27 51 30 5 42 19 25 6 43 20 26 0 41 14 36 10 48 24 38 4 47 18 35 7 49 21 34 1 40 15 37 11 50
24 29 5 45 17 28 7 44 19 30 0 39 13 32 10 43 22 26 3 42 16 31 9 41 21 27 2 40 15 25 12 38 51 35 6 47 18 36 8 48 20 33 1 46 14 34 11 49 23 37 4 50
17 29 8 45 21 28 1 44 14 30 11 32 24 31 4 46 18 26 6 42 20 39 0 43 13 27 10 41 23 25 3 40 16 36 9 48 22 38 2 47 15 35 12 34 51 33 5 49 19 37 7 50
20 29 1 45 14 28 11 44 24 33 5 46 17 32 8 39 21 30 2 42 15 31 12 43 25 27 6 41 18 26 7 40 19 36 0 50 13 38 10 47 23 35 4 49 16 34 9 48 22 37 3 51
16 31 12 28 51 29 5 45 19 33 7 44 21 32 1 46 14 30 10 42 23 27 3 47 17 25 8 43 22 26 2 41 15 38 11 39 24 35 4 48 18 36 6 49 20 34 0 40 13 37 9 50
22 29 3 45 16 28 9 46 21 33 2 39 15 31 12 27 51 32 6 44 18 30 7 42 19 25 0 43 13 26 10 41 23 36 4 48 17 38 8 47 20 35 1 49 14 34 11 40 24 37 5 50
18 29 6 45 20 28 0 44 13 33 10 46 23 31 3 39 16 30 9 42 22 32 2 43 15 27 12 26 51 25 5 41 19 36 7 48 21 38 1 47 14 35 11 49 24 34 4 40 17 37 8 50
21 29 2 45 14 28 11 30 24 31 5 44 17 32 7 46 19 26 0 42 13 39 10 43 23 27 4 41 16 25 9 40 22 36 3 47 15 38 12 33 51 35 6 48 18 34 8 49 20 37 1 50
14 29 10 45 24 28 4 44 18 33 7 46 21 32 1 47 15 30 11 31 25 27 5 42 19 39 6 43 20 26 0 41 13 38 9 50 23 40 3 51 17 35 8 49 22 34 2 48 16 37 12 36
51 31 6 39 18 29 8 45 20 30 1 44 14 32 11 38 23 26 4 42 16 27 9 43 21 25 2 41 15 24 12 28 50 35 5 47 17 36 7 40 19 33 0 46 13 34 10 49 22 37 3 48
16 29 9 45 22 31 2 44 15 28 12 32 51 33 5 46 19 30 7 42 20 27 0 39 13 25 10 43 23 26 3 41 17 36 8 48 21 38 1 47 14 35 11 49 24 34 4 40 18 37 6 50
19 29 0 45 13 28 10 44 23 33 4 46 16 31 9 39 22 30 3 43 15 32 12 25 51 27 6 42 18 26 7 41 20 36 1 48 14 38 11 47 24 35 5 49 17 34 8 40 21 37 2 50
15 29 11 28 24 30 4 45 18 31 6 44 20 32 0 46 13 26 9 42 23 39 3 43 17 27 8 41 22 25 2 40 16 38 12 35 51 36 5 48 19 33 7 47 21 34 1 49 14 37 10 50
23 29 4 45 17 28 8 44 20 30 1 46 14 32 11 39 24 26 5 42 18 31 7 43 19 27 0 41 13 25 10 40 22 34 3 47 16 37 9 49 21 35 2 48 15 33 12 36 51 38 6 50
19 29 7 45 21 28 1 44 14 33 11 46 24 31 4 39 17 30 8 42 22 32 2 43 15 27 12 26 51 25 5 41 18 36 6 48 20 38 0 47 13 35 10 49 23 34 3 40 16 37 9 50
22 29 3 44 15 31 12 33 51 28 6 45 18 32 8 46 20 30 1 42 13 27 10 39 23 25 4 43 16 26 9 41 21 36 2 48 14 38 11 47 24 35 5 49 17 34 7 40 19 37 0 50
13 29 9 45 23 28 3 44 17 33 8 46 22 31 2 47 16 32 12 27 51 30 5 42 19 25 6 43 20 26 0 41 14 38 10 48 24 39 4 50 18 35 7 49 21 34 1 40 15 37 11 36
24 29 5 45 17 28 7 44 19 30 0 39 13 32 10 43 22 26 3 42 16 31 9 41 21 27 2 40 15 25 12 38 51 35 6 47 18 36 8 48 20 33 1 46 14 34 11 49 23 37 4 50
17 29 8 45 21 28 1 44 14 30 11 32 24 31 4 46 18 26 6 42 20 39 0 43 13 27 10 41 23 25 3 40 16 36 9 48 22 38 2 47 15 35 12 34 51 33 5 49 19 37 7 50
20 29 1 45 14 28 11 44 24 33 5 46 17 31 8 39 21 30 2 43 15 32 12 25 51 27 6 42 18 26 7 41 19 36 0 48 13 38 10 47 23 35 4 49 16 34 9 40 22 37 3 50
16 31 12 28 51 29 5 45 19 33 7 44 21 32 1 46 14 30 10 42 23 27 3 39 17 25 8 43 22 26 2 41 15 36 11 48 24 38 4 47 18 35 6 49 20 34 0 40 13 37 9 50
22 29 3 45 16 28 9 46 21 33 2 47 15 31 12 27 51 32 6 44 18 30 7 42 19 25 0 43 13 26 10 41 23 38 4 48 17 39 8 49 20 35 1 40 14 34 11 36 24 37 5 50
18 29 6 45 20 28 0 44 13 33 10 46 23 31 3 39 16 30 9 42 22 32 2 43 15 27 12 26 51 25 5 41 19 36 7 48 21 38 1 47 14 35 11 49 24 34 4 40 17 37 8 50
21 29 2 45 14 28 11 44 24 30 5 46 17 32 7 39 19 26 0 42 13 31 10 43 23 27 4 41 16 25 9 40 22 36 3 47 15 38 12 33 51 35 6 48 18 34 8 49 20 37 1 50
14 29 10 45 24 28 4 44 18 33 7 46 21 32 1 47 15 30 11 31 25 27 5 42 19 39 6 43 20 26 0 41 13 38 9 50 23 40 3 51 17 35 8 49 22 34 2 48 16 37 12 36
51 31 6 40 18 29 8 45 20 28 1 44 14 33 11 46 23 30 4 42 16 27 9 39 21 25 2 43 15 26 12 41 24 32 5 48 17 36 7 47 19 35 0 49 13 34 10 38 22 37 3 50
16 29 9 45 22 31 2 44 15 28 12 32 51 33 5 46 19 30 7 42 20 27 0 47 13 25 10 43 23 26 3 41 17 38 8 48 21 39 1 49 14 35 11 34 24 36 4 40 18 37 6 50
19 29 0 45 13 28 10 44 23 33 4 46 16 31 9 39 22 30 3 43 15 32 12 25 51 27 6 42 18 26 7 41 20 36 1 48 14 38 11 47 24 35 5 49 17 34 8 40 21 37 2 50
15 29 11 45 24 28 4 44 18 30 6 46 20 32 0 39 13 26 9 42 23 31 3 43 17 27 8 41 22 25 2 40 16 38 12 35 51 36 5 48 19 33 7 47 21 34 1 49 14 37 10 50
23 29 4 45 17 28 8 46 20 30 1 39 14 31 11 27 50 32 5 44 18 26 7 42 19 25 0 43 13 24 10 41 22 34 3 47 16 37 9 49 21 35 2 40 15 33 12 36 51 38 6 48
19 29 7 45 21 28 1 44 14 33 11 46 24 32 4 39 17 30 8 42 22 31 2 43 15 27 12 41 25 26 5 40 18 36 6 50 20 38 0 47 13 35 10 49 23 34 3 48 16 37 9 51
22 29 3 44 15 31 12 33 51 28 6 45 18 32 8 46 20 30 1 42 13 27 10 47 23 25 4 43 16 26 9 41 21 38 2 48 14 39 11 35 24 36 5 49 17 34 7 40 19 37 0 50
13 29 9 45 23 28 3 44 17 33 8 46 22 31 2 39 16 32 12 27 51 30 5 42 19 25 6 43 20 26 0 41 14 36 10 48 24 38 4 47 18 35 7 49 21 34 1 40 15 37 11 50
24 29 5 45 17 28 7 44 19 30 0 39 13 32 10 43 22 26 3 42 16 31 9 41 21 27 2 40 15 25 12 38 51 35 6 47 18 36 8 48 20 33 1 46 14 34 11 49 23 37 4 50
17 29 8 45 21 28 1 44 14 30 11 32 24 31 4 46 18 26 6 42 20 39 0 43 13 27 10 41 23 25 3 40 16 36 9 48 22 38 2 47 15 35 12 34 51 33 5 49 19 37 7 50
20 29 1 45 14 28 11 44 24 33 5 46 17 32 8 39 21 30 2 42 15 31 12 43 25 27 6 41 18 26 7 40 19 36 0 50 13 38 10 47 23 35 4 49 16 34 9 48 22 37 3 51
16 31 12 28 51 29 5 45 19 33 7 44 21 32 1 46 14 30 10 42 23 27 3 47 17 25 8 43 22 26 2 41 15 38 11 39 24 35 4 48 18 36 6 49 20 34 0 40 13 37 9 50
22 29 3 45 16 28 9 46 21 33 2 47 15 31 12 27 51 32 6 44 18 30 7 42 19 25 0 43 13 26 10 41 23 38 4 48 17 39 8 49 20 35 1 40 14 34 11 36 24 37 5 50
18 29 6 45 20 28 0 44 13 33 10 46 23 31 3 39 16 30 9 42 22 32 2 43 15 27 12 26 51 25 5 41 19 36 7 48 21 38 1 47 14 35 11 49 24 34 4 40 17 37 8 50
21 29 2 44 14 31 11 30 50 28 5 45 17 32 7 46 19 26 0 42 13 27 10 39 23 25 4 43 16 24 9 41 22 36 3 47 15 38 12 33 51 35 6 40 18 34 8 49 20 37 1 48
14 29 10 45 24 28 4 44 18 33 7 46 21 32 1 47 15 30 11 42 25 31 5 43 19 27 6 41 20 26 0 40 13 38 9 50 23 39 3 51 17 35 8 49 22 34 2 48 16 37 12 36
51 31 6 39 18 29 8 45 20 33 1 44 14 32 11 46 23 30 4 42 16 27 9 43 21 25 2 41 15 26 12 28 24 36 5 48 17 38 7 47 19 35 0 49 13 34 10 40 22 37 3 50
16 29 9 45 22 31 2 44 15 28 12 32 51 33 5 46 19 30 7 42 20 27 0 39 13 25 10 43 23 26 3 41 17 36 8 48 21 38 1 47 14 35 11 49 24 34 4 40 18 37 6 50
19 29 0 45 13 28 10 44 23 33 4 46 16 31 9 39 22 30 3 43 15 32 12 25 51 27 6 42 18 26 7 41 20 36 1 48 14 38 11 47 24 35 5 49 17 34 8 40 21 37 2 50
15 29 11 28 24 30 4 45 18 31 6 44 20 32 0 46 13 26 9 42 23 39 3 43 17 27 8 41 22 25 2 40 16 38 12 35 51 36 5 48 19 33 7 47 21 34 1 49 14 37 10 50
23 29 4 45 17 28 8 44 20 30 1 46 14 32 11 39 24 26 5 42 18 31 7 43 19 27 0 41 13 25 10 40 22 34 3 47 16 37 9 49 21 35 2 48 15 33 12 36 51 38 6 50
19 29 7 45 21 28 1 44 14 33 11 46 24 32 4 43 17 30 8 42 22 31 2 41 15 27 12 26 25 39 5 40 18 36 6 50 20 38 0 47 13 35 10 49 23 34 3 48 16 37 9 51
22 29 3 44 15 31 12 33 51 28 6 45 18 32 8 46 20 30 1 42 13 27 10 39 23 25 4 43 16 26 9 41 21 36 2 48 14 38 11 47 24 35 5 49 17 34 7 40 19 37 0 50
13 29 9 45 23 28 3 44 17 33 8 46 22 31 2 47 16 32 12 27 51 30 5 42 19 25 6 43 20 26 0 41 14 38 10 48 24 39 4 50 18 35 7 49 21 34 1 40 15 37 11 36
50 31 5 39 17 29 7 45 19 30 0 44 13 32 10 38 22 26 3 42 16 27 9 43 21 25 2 41 15 24 12 28 51 35 6 47 18 36 8 40 20 33 1 46 14 34 11 49 23 37 4 48
17 29 8 45 21 28 1 44 14 30 11 46 24 32 4 39 18 26 6 42 20 31 0 43 13 27 10 41 23 25 3 40 16 36 9 48 22 38 2 47 15 35 12 34 51 33 5 49 19 37 7 50
20 29 1 45 14 28 11 44 24 33 5 46 17 32 8 43 21 30 2 42 15 31 12 27 25 39 6 41 18 26 7 40 19 36 0 50 13 38 10 47 23 35 4 49 16 34 9 48 22 37 3 51
16 31 12 28 51 29 5 45 19 33 7 44 21 32 1 46 14 30 10 42 23 27 3 39 17 25 8 43 22 26 2 41 15 36 11 48 24 38 4 47 18 35 6 49 20 34 0 40 13 37 9 50
22 29 3 45 16 28 9 46 21 30 2 39 15 31 12 27 51 32 6 44 18 26 7 42 19 25 0 43 13 24 10 41 23 34 4 47 17 37 8 49 20 35 1 40 14 33 11 36 50 38 5 48
18 29 6 45 20 28 0 44 13 33 10 46 23 31 3 39 16 30 9 42 22 32 2 43 15 27 12 26 51 25 5 41 19 36 7 48 21 38 1 47 14 35 11 49 24 34 4 40 17 37 8 50
21 29 2 45 14 28 11 44 24 30 5 46 17 32 7 39 19 26 0 42 13 31 10 43 23 27 4 41 16 25 9 40 22 36 3 47 15 38 12 33 51 35 6 48 18 34 8 49 20 37 1 50
14 29 10 45 24 28 4 44 18 33 7 46 21 32 1 47 15 30 11 31 25 27 5 42 19 39 6 43 20 26 0 41 13 38 9 50 23 40 3 51 17 35 8 49 22 34 2 48 16 37 12 36
51 31 6 39 18 29 8 45 20 33 1 44 14 32 11 46 23 30 4 42 16 27 9 43 21 25 2 41 15 26 12 28 24 36 5 48 17 38 7 47 19 35 0 49 13 34 10 40 22 37 3 50
16 29 9 45 22 31 2 44 15 28 12 32 51 30 5 46 19 26 7 42 20 27 0 39 13 25 10 43 23 24 3 41 17 36 8 40 21 38 1 47 14 35 11 34 50 33 4 49 18 37 6 48
19 29 0 45 13 28 10 44 23 33 4 46 16 31 9 39 22 30 3 43 15 32 12 25 51 27 6 42 18 26 7 41 20 36 1 48 14 38 11 47 24 35 5 49 17 34 8 40 21 37 2 50
15 29 11 45 24 28 4 44 18 30 6 46 20 32 0 39 13 26 9 42 23 31 3 43 17 27 8 41 22 25 2 40 16 38 12 35 51 36 5 48 19 33 7 47 21 34 1 49 14 37 10 50
23 29 4 45 17 28 8 44 20 30 1 46 14 32 11 31 24 26 5 42 18 39 7 43 19 27 0 41 13 25 10 40 22 34 3 47 16 37 9 49 21 35 2 48 15 33 12 36 51 38 6 50
19 29 7 45 21 28 1 44 14 33 11 46 24 32 4 39 17 30 8 42 22 31 2 43 15 27 12 41 25 26 5 40 18 36 6 50 20 38 0 47 13 35 10 49 23 34 3 48 16 37 9 51
22 29 3 44 15 31 12 33 51 28 6 45 18 32 8 46 20 30 1 42 13 27 10 47 23 25 4 43 16 26 9 41 21 38 2 48 14 39 11 35 24 36 5 49 17 34 7 40 19 37 0 50
13 29 9 45 23 28 3 44 17 33 8 46 22 31 2 39 16 32 12 27 51 30 5 42 19 25 6 43 20 26 0 41 14 36 10 48 24 38 4 47 18 35 7 49 21 34 1 40 15 37 11 50
24 29 5 45 17 28 7 44 19 30 0 39 13 32 10 43 22 26 3 42 16 31 9 41 21 27 2 40 15 25 12 38 51 35 6 47 18 36 8 48 20 33 1 46 14 34 11 49 23 37 4 50
17 29 8 45 21 28 1 44 14 30 11 32 24 31 4 46 18 26 6 42 20 39 0 43 13 27 10 41 23 25 3 40 16 36 9 48 22 38 2 47 15 35 12 34 51 33 5 49 19 37 7 50
20 29 1 45 14 28 11 44 24 33 5 46 17 32 8 39 21 30 2 42 15 31 12 43 25 27 6 41 18 26 7 40 19 36 0 50 13 38 10 47 23 35 4 49 16 34 9 48 22 37 3 51
16 31 12 28 51 29 5 45 19 30 7 44 21 32 1 46 14 26 10 42 23 27 3 39 17 25 8 43 22 24 2 41 15 38 11 35 50 36 4 40 18 33 6 47 20 34 0 49 13 37 9 48
22 29 3 45 16 28 9 46 21 33 2 39 15 31 12 27 51 32 6 44 18 30 7 42 19 25 0 43 13 26 10 41 23 36 4 48 17 38 8 47 20 35 1 49 14 34 11 40 24 37 5 50
18 29 6 45 20 28 0 44 13 33 10 46 23 31 3 39 16 30 9 42 22 32 2 43 15 27 12 26 51 25 5 41 19 36 7 48 21 38 1 47 14 35 11 49 24 34 4 40 17 37 8 50
21 29 2 45 14 28 11 30 24 31 5 44 17 32 7 46 19 26 0 42 13 39 10 43 23 27 4 41 16 25 9 40 22 36 3 47 15 38 12 33 51 35 6 48 18 34 8 49 20 37 1 50
14 29 10 45 24 28 4 44 18 33 7 46 21 32 1 47 15 30 11 42 25 31 5 43 19 27 6 41 20 26 0 40 13 38 9 50 23 39 3 51 17 35 8 49 22 34 2 48 16 37 12 36
51 31 6 39 18 29 8 45 20 33 1 44 14 32 11 46 23 30 4 42 16 27 9 43 21 25 2 41 15 26 12 28 24 36 5 48 17 38 7 47 19 35 0 49 13 34 10 40 22 37 3 50
16 29 9 45 22 31 2 44 15 28 12 32 51 33 5 46 19 30 7 42 20 27 0 39 13 25 10 43 23 26 3 41 17 36 8 48 21 38 1 47 14 35 11 49 24 34 4 40 18 37 6 50
19 29 0 45 13 28 10 44 23 33 4 46 16 31 9 39 22 30 3 43 15 32 12 25 51 27 6 42 18 26 7 41 20 36 1 48 14 38 11 47 24 35 5 49 17 34 8 40 21 37 2 50
15 29 11 28 24 30 4 45 18 31 6 44 20 32 0 46 13 26 9 42 23 39 3 43 17 27 8 41 22 25 2 40 16 38 12 35 51 36 5 48 19 33 7 47 21 34 1 49 14 37 10 50
23 29 4 45 17 28 8 44 20 30 1 46 14 32 11 31 24 26 5 42 18 39 7 43 19 27 0 41 13 25 10 40 22 34 3 47 16 37 9 49 21 35 2 48 15 33 12 36 51 38 6 50
19 29 7 45 21 28 1 44 14 33 11 46 24 31 4 39 17 30 8 42 22 32 2 43 15 27 12 26 51 25 5 41 18 36 6 48 20 38 0 47 13 35 10 49 23 34 3 40 16 37 9 50
22 29 3 44 15 31 12 33 51 28 6 45 18 32 8 46 20 30 1 42 13 27 10 39 23 25 4 43 16 26 9 41 21 36 2 48 14 38 11 47 24 35 5 49 17 34 7 40 19 37 0 50
13 29 9 45 23 28 3 44 17 33 8 46 22 31 2 47 16 32 12 27 51 30 5 42 19 25 6 43 20 26 0 41 14 38 10 48 24 39 4 50 18 35 7 49 21 34 1 40 15 37 11 36
24 29 5 45 17 28 7 44 19 30 0 39 13 32 10 43 22 26 3 42 16 31 9 41 21 27 2 40 15 25 12 38 51 35 6 47 18 36 8 48 20 33 1 46 14 34 11 49 23 37 4 50
17 29 8 45 21 28 1 44 14 30 11 46 24 32 4 39 18 26 6 42 20 31 0 43 13 27 10 41 23 25 3 40 16 36 9 48 22 38 2 47 15 35 12 34 51 33 5 49 19 37 7 50
20 29 1 45 14 28 11 44 24 33 5 46 17 32 8 43 21 30 2 42 15 31 12 27 25 39 6 41 18 26 7 40 19 36 0 50 13 38 10 47 23 35 4 49 16 34 9 48 22 37 3 51
16 31 12 28 51 29 5 45 19 33 7 44 21 32 1 46 14 30 10 42 23 27 3 39 17 25 8 43 22 26 2 41 15 36 11 48 24 38 4 47 18 35 6 49 20 34 0 40 13 37 9 50
22 29 3 45 16 28 9 46 21 33 2 47 15 31 12 27 51 32 6 44 18 30 7 42 19 25 0 43 13 26 10 41 23 38 4 48 17 39 8 49 20 35 1 40 14 34 11 36 24 37 5 50
18 29 6 45 20 28 0 44 13 33 10 46 23 31 3 39 16 30 9 42 22 32 2 43 15 27 12 26 51 25 5 41 19 36 7 48 21 38 1 47 14 35 11 49 24 34 4 40 17 37 8 50
21 29 2 45 14 28 11 30 24 31 5 44 17 32 7 46 19 26 0 42 13 39 10 43 23 27 4 41 16 25 9 40 22 36 3 47 15 38 12 33 51 35 6 48 18 34 8 49 20 37 1 50
14 29 10 45 24 28 4 44 18 33 7 46 21 31 1 47 15 32 11 27 51 30 5 42 19 25 6 43 20 26 0 41 13 38 9 48 23 39 3 50 17 35 8 49 22 34 2 40 16 37 12 36
51 31 6 40 18 29 8 45 20 28 1 44 14 33 11 46 23 30 4 42 16 27 9 39 21 25 2 43 15 26 12 41 24 32 5 48 17 36 7 47 19 35 0 49 13 34 10 38 22 37 3 50
16 29 9 45 22 31 2 44 15 28 12 32 51 33 5 46 19 30 7 42 20 27 0 47 13 25 10 43 23 26 3 41 17 38 8 48 21 39 1 49 14 35 11 34 24 36 4 40 18 37 6 50
