12 81 31 -50 -59 72 91 29 52 -95
87 -19 14 -95 -22 10 -85 63 -51 97
80 45 20 -95 47 82 -41 34 31 -69
58 -22 16 -48 -16 29 -86 38 79 35
-47 0 58 -62 81 -2 51 -76 36 -44
53 -6 -37 100 -44 11 -21 -46 6 76
-98 26 -79 33 -22 -22 17 82 -26 -73
41 -18 12 99 39 56 46 23 33 -15
-82 -61 75 31 74 84 -63 87 -85 52
34 -59 30 43 -61 42 73 -5 -72 41
32 -81 -62 97 90 69 78 47 29 10
59 -29 -48 27 -58 33 2 -65 82 -91
-55 -83 66 -2 76 20 15 -90 -19 -84
-28 -68 -29 -79 -53 -38 57 -60 -61 18
-17 50 -12 41 -80 -60 88 3 -53 16
-89 15 96 -49 -58 -38 96 -45 43 9
43 21 -99 64 -89 72 82 -2 60 26
-74 19 -37 88 -22 18 23 81 -12 10
20 -52 -80 -40 -39 72 36 -90 43 -71
56 -91 59 83 82 -55 -43 42 -54 37
77 28 -16 -71 94 45 37 58 74 -15
50 55 -80 19 9 -85 -68 77 24 90
-41 79 41 36 -93 -49 -25 13 16 30
83 -62 -28 52 11 38 0 -72 -27 95
85 30 92 13 -65 65 -27 -60 -69 -69
-35 17 92 -54 -13 34 -35 -2 -94 56
-68 52 -40 34 -68 -84 -12 -32 -95 -77
70 -44 -31 40 12 95 80 29 17 35
88 96 15 -2 -66 -18 -29 -86 -97 -24
40 -46 -25 78 82 59 -57 -74 0 -32
90 77 15 22 -29 -32 67 20 79 -85
-57 -35 80 10 -18 -96 79 -99 77 56
-22 -75 -76 -63 -22 42 -62 11 -96 -4
-7 -46 85 -92 92 -40 3 98 23 10
78 -39 -91 -51 -56 -27 -46 -21 -83 -98
11 -73 -10 25 -68 -14 21 -60 54 -97
26 -98 30 19 -94 -88 71 64 88 -18
13 -78 -5 -22 -74 23 -27 -3 12 -13
37 -89 -97 46 -36 42 -59 31 64 -2
23 -58 -54 80 -51 4 -10 39 57 9
17 51 85 -68 -72 -78 16 40 26 -97
-62 59 27 -30 -59 76 47 -71 20 23
-52 94 14 39 17 -60 9 -1 67 -57
-87 29 -61 -5 83 -42 -41 -54 32 -49
82 14 -66 87 -53 0 -49 30 6 -29
-89 25 50 -26 -91 5 -36 90 -23 -76
-68 48 -21 -19 53 -17 75 11 86 92
71 -11 -69 21 5 82 -49 -83 68 96
13 -98 -95 68 -46 -92 64 -82 87 36
59 -47 95 -28 -60 -78 55 -9 -9 74
-5 -37 34 61 44 -66 32 38 -18 94
-1 88 -88 -57 -13 92 -98 -83 75 24
-63 -26 63 70 27 25 -83 -47 -79 -10
84 -16 -63 76 59 -48 -81 -43 96 -42
-56 81 -60 1 -79 61 86 2 52 32
-65 -17 -94 -87 0 87 -27 -1 -55 -85
24 22 82 97 6 34 55 -30 -40 -59
2 43 -90 -91 -75 1 9 4 99 86
37 -97 38 -17 0 34 -39 95 -49 50
-58 77 8 25 -42 75 85 86 -95 -35
-26 -64 58 50 -37 80 59 -26 -61 7
38 51 58 -85 -12 9 -58 12 -88 31
48 82 -8 37 86 57 36 20 -91 -76
-88 -4 67 -36 45 -49 2 80 72 -59
-40 -95 -89 -64 -91 -74 68 -56 96 31
6 -7 -74 -10 78 -81 80 4 -92 20
89 -20 -60 42 -61 -9 -19 -59 -73 56
-25 -67 10 25 34 -80 -62 15 -45 23
4 15 -80 48 -18 43 3 -81 13 -48
-35 -45 72 77 54 -56 -4 -14 97 24
45 -76 -2 -59 8 20 69 -2 -84 0
74 86 86 3 -34 -63 -61 59 -34 68
-79 5 0 31 18 -74 -42 31 -49 -13
-28 78 26 78 -48 -27 60 -49 61 1
-9 -48 -7 38 41 -80 -86 93 19 44
-1 26 12 -7 35 87 -36 1 -43 48
27 -15 2 39 54 90 -18 43 31 -39
-17 88 -67 95 -59 -67 -91 59 -26 -52
93 94 -40 73 -32 -98 10 23 -37 55
56 47 50 99 -46 22 -45 91 -29 53
39 -50 35 -54 80 4 20 -87 58 -79
67 42 -70 -80 69 1 55 72 -96 -27
91 -53 -30 -46 3 -91 -92 -12 81 91
92 -22 -48 -74 -22 87 44 71 -93 -3
-21 85 -25 3 18 -82 -34 -29 -34 -26
4 56 -84 -6 -70 -65 -60 59 29 -39
-79 -8 34 19 78 -54 -88 -26 -57 26
-76 20 -84 -67 -91 8 64 23 95 93
89 -85 18 97 -12 -41 -14 -93 -54 -27
-31 -50 25 32 -30 87 -41 -23 18 0
-27 81 32 -45 36 5 -11 82 -34 72
-96 -4 -57 64 78 -96 -59 93 69 -32
76 77 56 71 -90 -66 23 15 0 25
-71 -97 96 -88 -40 89 28 -69 -68 -85
-31 92 7 21 -22 69 63 -63 21 95
63 -72 -35 -54 33 -53 -43 96 45 96
-4 59 21 -33 -5 -65 -39 7 -31 80
-71 16 -40 -34 26 -17 84 -28 -61 -2
80 -80 -13 -29 -88 -9 -3 -52 85 30
0 -75 80 -52 96 -62 10 -59 -60 37
