-8 -77 -79 21 -7 95 -2 79 9 22
-96 -82 4 40 -60 35 -34 -39 -76 -69
-36 -97 -41 74 -98 -55 23 -68 -99 71
-17 69 -22 -88 -2 -79 -27 -60 -43 7
-15 -47 6 -42 -29 97 -16 14 -81 -11
-46 52 -69 64 44 94 88 -99 -35 -33
96 0 36 44 21 -96 -36 -60 11 22
-28 36 -73 -5 -29 18 -26 -79 46 -61
2 61 -48 -66 9 36 58 -25 -77 -65
-4 -27 87 57 0 -50 64 -19 -91 60
89 30 6 -39 -24 -48 -96 19 44 -50
-81 -62 45 91 -70 -16 -26 30 93 -91
-46 -61 67 -74 70 -8 0 94 -80 12
93 93 5 -44 -73 -35 9 -28 -90 -79
72 90 -86 -42 33 -70 41 93 33 68
-66 4 -4 21 -68 -71 35 -89 25 93
16 88 57 9 87 72 -26 -74 -62 73
68 69 -45 -57 -54 -62 83 98 30 40
6 59 -18 -40 19 87 -9 -80 41 -3
19 35 -41 -17 1 31 26 32 11 10
38 9 34 -1 87 -37 30 -8 -85 -34
-50 93 72 87 65 60 5 -66 -34 93
98 6 16 88 32 -13 -51 -46 40 63
-76 87 -85 18 -40 77 -20 -75 99 -85
-52 11 63 10 -52 63 45 37 -41 34
-60 91 -90 15 89 -94 50 -92 91 -35
21 -90 85 -94 57 -90 87 37 -56 -55
66 -53 29 -49 -8 -27 -7 -56 51 29
74 13 45 -56 16 48 -23 -39 35 -99
36 -49 -7 -93 97 -11 -45 -98 -11 -48
-18 24 -8 -66 77 -29 28 -9 16 89
-66 -89 93 -56 -14 47 -53 -39 81 74
86 -87 -37 96 38 4 -2 -45 19 -17
-19 44 79 13 87 24 -53 66 -37 17
-93 64 11 -72 52 -11 11 22 -57 99
-38 -2 79 80 -53 8 37 6 89 -63
50 24 15 -77 -23 -27 -67 -83 -97 -76
77 49 -77 -30 22 -53 53 80 50 78
28 60 -93 -29 -24 -4 83 -29 -84 -18
75 -42 -79 83 -51 87 26 76 -34 -89
-94 1 -48 -37 52 -64 -91 -65 -45 9
-87 44 -23 -16 -42 -50 -4 -62 3 -40
-25 -85 20 11 62 71 -33 -25 -2 2
85 -15 -37 -81 63 58 -42 41 24 -61
0 -2 97 -2 -23 -69 76 -42 -63 92
-87 77 -30 52 -45 -58 95 13 6 26
89 -68 -25 -16 52 -4 -62 52 -62 97
-2 32 -70 61 43 -60 66 78 -14 21
50 95 -58 -29 94 -34 61 29 31 -72
60 -34 0 36 39 -29 62 89 93 53
-44 78 75 -45 -70 -40 -2 80 21 -42
3 51 -37 83 -46 27 43 -23 -41 53
-55 -45 25 66 76 82 -96 -86 -35 -26
-25 -58 95 -72 -29 -84 30 -92 79 87
7 72 -18 -94 52 84 32 -97 -89 -90
45 -80 -24 -86 69 34 -29 43 37 -70
76 59 78 21 -25 -76 56 92 10 21
84 30 94 35 -28 -3 14 54 -91 -14
-19 66 83 -17 45 -30 52 8 -31 -55
12 43 62 39 -8 -44 62 8 -11 -76
52 -66 -88 56 90 73 -52 -68 65 78
-24 8 -71 70 -17 90 -29 53 -70 -58
80 -42 -78 7 54 99 31 -66 -61 -56
57 -85 -6 -92 -78 -21 -4 -36 -40 64
8 -35 72 -84 -60 49 -47 -26 -30 -73
58 -8 39 38 -80 59 -49 -79 86 -85
84 -69 5 0 -88 -7 2 -89 -42 76
-62 -69 -25 79 77 -51 -65 56 53 61
-59 4 54 93 -30 -50 73 77 -49 -40
-33 -65 -97 24 -98 53 -98 -41 -31 21
-30 93 57 93 26 -58 -66 -24 29 48
86 10 80 87 -18 1 -42 -91 21 -51
33 -3 5 11 94 23 13 80 -88 0
5 -13 99 -67 -65 -32 -36 21 43 84
54 -39 -23 -59 -64 86 -31 -6 -53 34
-47 71 32 -56 -63 -4 -89 84 -33 97
-58 -26 44 79 -78 -23 27 -12 -98 -28
-64 92 31 -20 88 61 -22 -87 32 99
-49 38 -10 -71 6 22 96 40 -2 -97
88 -41 64 85 89 33 -4 0 87 -10
1 8 93 66 -14 -69 98 -34 69 -13
-71 51 30 18 -28 60 -9 -28 26 62
-25 -3 44 -66 -40 48 85 -46 -85 -85
-86 77 -82 62 -45 -60 23 -99 -41 0
72 47 35 49 -55 -69 70 57 -74 29
41 0 43 -20 -74 36 20 -93 43 45
-22 -81 -55 -66 87 -60 -36 34 80 -63
5 36 -19 -87 99 -4 64 -44 -77 -61
-30 -88 -73 99 13 -61 46 -68 84 71
-85 77 78 -85 -76 69 7 -22 -30 -81
8 -27 -7 -71 -57 18 -61 75 -17 -60
-61 18 91 17 52 26 -19 48 -82 86
-71 67 -89 -59 -59 50 98 91 -33 -23
-26 -35 -77 30 43 -1 56 10 -50 90
86 8 -73 -77 -27 -92 -90 -65 -86 -41
-85 -9 87 -48 -56 -32 -62 -57 17 36
-33 46 80 55 32 55 -46 30 -57 -51
64 3 36 -27 80 12 -28 79 68 72
6 -23 65 -87 82 72 93 57 -12 -39
-86 -89 65 -61 -67 -59 -77 82 72 87
