95 -88 -95 -29 67 -69 -29 38 -91 56
-78 29 -56 83 -10 -34 91 31 12 39
21 70 -12 12 -69 -15 -18 -56 77 55
51 -57 -78 26 3 15 95 65 -70 42
-28 69 22 30 -96 0 -74 35 -69 50
-63 -12 21 79 -30 -92 49 -98 26 -57
46 98 -59 -38 95 2 48 -38 -45 -86
56 -62 -25 -93 92 87 -5 -35 77 63
25 4 30 24 -93 69 -83 51 62 27
-1 -81 -63 -99 38 77 -37 -51 32 74
60 28 86 48 18 73 -56 -21 39 37
-72 -5 75 94 66 0 -88 -32 -64 20
-76 68 62 96 -70 25 81 -96 -12 56
-6 -91 -47 -8 18 -40 74 97 -97 -81
91 21 88 8 -39 -93 -58 71 -98 87
11 85 -18 -55 -89 -54 69 -65 11 -11
-62 -15 -64 75 64 -25 93 -6 -40 -37
81 79 -98 58 92 -75 93 -89 -5 53
33 -84 -32 -6 -45 43 -61 49 19 -11
32 -85 -6 -83 9 53 -34 90 -47 -7
56 -3 24 6 -1 63 -34 -55 14 23
33 97 92 89 67 -52 -23 0 75 -65
53 50 -32 89 22 48 -87 99 -15 -72
2 -71 84 -68 -24 73 85 -16 -23 74
-50 -61 74 19 -40 -34 -71 -80 -48 24
21 -10 59 -88 36 -32 26 -92 70 -32
28 -85 46 57 39 76 91 -30 -88 0
-89 -3 -23 58 68 42 8 80 -67 -88
7 -94 -55 19 69 88 41 78 58 89
-78 11 -85 18 96 5 56 -54 -82 -96
-62 -66 -18 -94 13 78 50 -48 -58 -37
8 79 -65 -46 28 1 -99 -12 66 -23
9 -10 43 -55 19 72 59 -45 -33 56
-15 -26 -97 -17 26 26 -94 -37 -96 -93
-24 -1 -65 -75 94 16 -90 4 -26 20
40 -1 -90 -20 -69 -81 -86 -66 -55 -47
-58 -74 -50 -9 47 7 60 42 2 98
67 -50 12 43 95 -74 -92 90 -61 49
-45 73 -78 -62 -12 38 94 -34 -85 61
83 4 -22 95 -34 -78 -46 -27 -62 0
66 -75 -51 -80 -32 -19 -61 43 2 65
-70 -55 11 33 -88 54 -81 -46 84 91
13 19 2 -24 24 -81 -34 34 34 -98
-56 18 -3 -35 77 -67 -22 -15 22 52
-50 45 57 -42 -3 -97 36 61 95 66
-24 -49 -67 -83 -93 -3 -11 82 84 -10
44 73 82 -47 -81 10 76 6 99 -15
-86 -40 -1 41 55 25 86 56 -81 49
-16 32 -78 -47 79 -61 72 -97 94 -90
-20 -71 91 -85 81 25 -61 -29 -54 17
-40 21 65 -72 42 -70 25 -43 -90 4
-44 -17 -44 58 51 22 16 -59 82 -75
26 96 -30 94 3 -84 -67 44 25 67
-44 -10 -86 -44 32 -53 64 55 40 -94
15 62 -52 -22 99 87 -73 17 -21 19
-46 15 -8 -75 -2 58 7 -19 -95 -9
-86 14 -23 -24 72 59 43 25 -94 -55
-73 93 71 78 68 -41 89 -23 -30 -11
-87 -75 -62 68 14 25 67 -21 -8 -13
39 70 -6 -71 17 -55 -41 -64 23 45
41 15 8 -16 16 60 -32 -67 -47 75
-3 -18 25 -98 69 3 -47 5 65 18
78 69 10 14 40 -47 -39 -40 87 -31
-27 49 69 69 -30 43 68 -72 32 -54
-99 -59 -62 -27 -90 94 -11 61 -95 51
49 -19 -65 54 62 -26 3 11 -68 0
98 -65 -19 -68 36 54 -10 14 -16 -54
91 41 54 -27 -92 8 98 22 58 -5
-44 55 -87 90 -27 -36 79 -89 -86 -60
-22 0 -18 37 -77 -27 47 -59 -33 77
-31 -20 -68 -18 89 30 -71 -53 3 93
11 -14 -94 22 58 21 43 -35 -85 16
-71 31 -20 -32 89 31 71 -74 81 -87
-14 18 4 48 77 32 92 67 22 87
-95 -11 83 -43 -26 44 -47 -86 -14 -30
31 -8 -57 50 18 -49 -74 78 -55 38
43 58 -47 -93 -84 12 61 -56 -55 -60
54 -90 -54 -3 -15 97 -16 -80 -10 5
-35 80 65 -10 -91 -40 1 91 47 -37
-22 -21 96 -16 -54 -68 -15 -33 -14 -26
-71 92 11 -30 99 72 92 44 46 -18
-41 -16 41 14 -34 -85 88 77 48 -19
82 -36 -40 88 -90 -69 -11 89 62 -81
51 86 28 86 8 -89 22 -73 -38 -40
19 7 98 -10 -19 -80 54 29 -46 17
99 -2 80 89 69 49 -39 7 -6 43
27 42 -11 58 -32 -34 85 -41 95 -48
-41 -92 87 6 -8 91 46 70 -27 60
79 34 -24 -32 35 22 5 -13 -18 82
85 99 19 -14 -34 -19 -98 -37 -68 60
57 -94 -81 38 -55 25 -94 -5 50 -68
-67 77 75 45 4 76 94 -18 59 23
-41 -54 -5 -87 -31 -48 -48 -74 83 -80
59 87 99 95 -62 -44 81 66 48 -69
49 -98 -17 -67 45 -20 5 71 -60 -24
-40 8 2 22 89 23 73 77 -50 -48
96 -4 -80 -9 -31 -77 16 68 20 85
28 -37 -73 -36 52 8 -38 -70 7 97
34 60 45 96 -88 -36 -57 34 -30 -17
74 41 -89 -77 42 10 -19 -22 -39 77
