-62 96 -62 -53 -62 46 -62 -40 -62 59
-62 -90 -62 9 -62 -15 -62 84 -62 -65
-62 34 -62 -35 -62 64 -62 -85 -62 14
-62 -10 -62 89 -62 -60 -62 39 -62 -47
-62 52 -62 -97 -62 2 -62 -22 -62 77
-62 -72 -62 27 -62 -28 -62 71 -62 -78
-62 21 -62 -3 -62 96 -62 -53 -62 46
-62 -41 -62 58 -62 -91 -62 8 -62 -16
-62 83 -62 -66 -62 33 -62 -31 -62 68
-62 -81 -62 18 -62 -6 -62 93 -62 -56
-62 43 -62 -44 -62 55 -62 -94 -62 5
-62 -19 -62 80 -62 -69 -62 30 -62 -25
-62 74 -62 -75 -62 24 -62 0 -62 99
-62 -50 -62 49 -62 -38 -62 61 -62 -88
-62 11 -62 -13 -62 86 -62 -63 -62 36
-62 -36 -62 63 -62 -86 -62 13 -62 -11
-62 88 -62 -61 -62 38 -62 -49 -62 50
-62 -99 -62 0 -62 -24 -62 75 -62 -74
-62 25 -62 -30 -62 69 -62 -80 -62 19
-62 -5 -62 94 -62 -55 -62 44 -62 -42
-62 57 -62 -92 -62 7 -62 -17 -62 82
-62 -67 -62 32 -62 -33 -62 66 -62 -83
-62 16 -62 -8 -62 91 -62 -58 -62 41
-62 -45 -62 54 -62 -95 -62 4 -62 -20
-62 79 -62 -70 -62 29 -62 -27 -62 72
-62 -77 -62 22 -62 -2 -62 97 -62 -52
-62 47 -62 -39 -62 60 -62 -89 -62 10
-62 -14 -62 85 -62 -64 -62 35 -62 -35
-62 64 -62 -85 -62 14 -62 -10 -62 89
-62 -60 -62 39 -62 -47 -62 52 -62 -97
-62 2 -62 -22 -62 77 -62 -72 -62 27
-62 -29 -62 70 -62 -79 -62 20 -62 -4
-62 95 -62 -54 -62 45 -62 -41 -62 58
-62 -91 -62 8 -62 -16 -62 83 -62 -66
-62 33 -62 -32 -62 67 -62 -82 -62 17
-62 -7 -62 92 -62 -57 -62 42 -62 -44
-62 55 -62 -94 -62 5 -62 -19 -62 80
-62 -69 -62 30 -62 -26 -62 73 -62 -76
-62 23 -62 -1 -62 98 -62 -51 -62 48
-62 -38 -62 61 -62 -88 -62 11 -62 -13
-62 86 -62 -63 -62 36 -62 -37 -62 62
-62 -87 -62 12 -62 -12 -62 88 -62 -62
-62 37 -62 -49 -62 50 -62 -99 -62 0
-62 -24 -62 75 -62 -74 -62 25 -62 -30
-62 69 -62 -80 -62 19 -62 -5 -62 94
-62 -55 -62 44 -62 -43 -62 56 -62 -93
-62 6 -62 -18 -62 81 -62 -68 -62 31
-62 -33 -62 66 -62 -83 -62 16 -62 -8
-62 91 -62 -58 -62 41 -62 -46 -62 53
-62 -96 -62 3 -62 -21 -62 78 -62 -71
-62 28 -62 -27 -62 72 -62 -77 -62 22
-62 -2 -62 97 -62 -52 -62 47 -62 -40
-62 59 -62 -90 -62 9 -62 -15 -62 84
-62 -65 -62 34 -62 -34 -62 65 -62 -84
-62 15 -62 -9 -62 90 -62 -59 -62 40
-62 -47 -62 52 -62 -97 -62 2 -62 -22
-62 77 -62 -72 -62 27 -62 -28 -62 71
-62 -78 -62 21 -62 -3 -62 96 -62 -53
-62 46 -62 -40 -62 59 -62 -90 -62 9
-62 -15 -62 84 -62 -65 -62 34 -62 -31
-62 68 -62 -81 -62 18 -62 -6 -62 93
-62 -56 -62 43 -62 -44 -62 55 -62 -94
-62 5 -62 -19 -62 80 -62 -69 -62 30
-62 -25 -62 74 -62 -75 -62 24 -62 0
-62 99 -62 -50 -62 49 -62 -37 -62 62
-62 -87 -62 12 -62 -12 -62 87 -62 -62
-62 37 -62 -36 -62 63 -62 -86 -62 13
-62 -11 -62 88 -62 -61 -62 38 -62 -48
-62 51 -62 -98 -62 1 -62 -23 -62 76
-62 -73 -62 26 -62 -29 -62 70 -62 -79
-62 20 -62 -4 -62 95 -62 -54 -62 45
-62 -42 -62 57 -62 -92 -62 7 -62 -17
-62 82 -62 -67 -62 32 -62 -33 -62 66
-62 -83 -62 16 -62 -8 -62 91 -62 -58
-62 41 -62 -45 -62 54 -62 -95 -62 4
-62 -20 -62 79 -62 -70 -62 29 -62 -26
-62 73 -62 -76 -62 23 -62 -1 -62 98
-62 -51 -62 48 -62 -39 -62 60 -62 -89
-62 10 -62 -14 -62 85 -62 -64 -62 35
-62 -35 -62 64 -62 -85 -62 14 -62 -10
-62 89 -62 -60 -62 39 -62 -48 -62 51
-62 -98 -62 1 -62 -23 -62 76 -62 -73
-62 26 -62 -29 -62 70 -62 -79 -62 20
-62 -4 -62 95 -62 -54 -62 45 -62 -41
-62 58 -62 -91 -62 8 -62 -16 -62 83
-62 -66 -62 33 -62 -32 -62 67 -62 -82
-62 17 -62 -7 -62 92 -62 -57 -62 42
-62 -45 -62 54 -62 -95 -62 4 -62 -20
-62 79 -62 -70 -62 29 -62 -26 -62 73
-62 -76 -62 23 -62 -1 -62 98 -62 -51
-62 48 -62 -38 -62 61 -62 -88 -62 11
-62 -13 -62 86 -62 -63 -62 36 -62 -37
-62 62 -62 -87 -62 12 -62 -12 -62 87
-62 -62 -62 37 -62 -49 -62 50 -62 -99
-62 0 -62 -24 -62 75 -62 -74 -62 25
-62 -30 -62 69 -62 -80 -62 19 -62 -5
-62 94 -62 -55 -62 44 -62 -43 -62 56
-62 -93 -62 6 -62 -18 -62 81 -62 -68
-62 31 -62 -34 -62 65 -62 -84 -62 15
-62 -9 -62 90 -62 -59 -62 40 -62 -46
