-22 4 -1 21 32 -32 -28 59 -75 65
28 66 -7 30 68 -10 -45 -91 11 -59
43 62 84 50 34 55 71 80 32 -66
-86 -70 -10 27 31 13 13 -29 -52 -36
82 75 -71 -61 -96 90 65 5 40 -1
59 -92 11 -74 69 -73 21 -20 34 -98
-49 55 56 55 34 87 52 7 11 -6
-6 -89 -75 -73 -33 87 -82 86 29 13
85 31 -23 75 37 -23 34 -94 23 -15
19 -47 86 -9 -93 71 -5 -62 -73 -53
53 15 -62 -29 55 52 95 -85 -84 -93
-83 -99 -15 -68 -36 -35 -37 91 1 59
-14 61 54 -99 -88 -93 29 -33 -63 -66
49 6 59 -17 -86 -91 95 60 82 29
-4 57 59 -63 -94 21 85 21 16 -16
-97 -98 -77 -7 99 29 -87 -22 -44 84
96 8 5 41 45 9 55 -90 92 89
-72 -72 -61 -60 64 -25 0 85 76 -99
95 -57 1 -2 -15 75 -85 -43 -26 20
22 -85 84 -94 -12 -37 78 -18 -54 78
22 -44 45 -81 -51 30 32 53 9 -28
-84 -53 64 -25 52 -84 67 -62 -65 95
70 85 87 -37 14 15 -41 -2 -22 34
-40 -18 -5 -72 98 79 7 98 90 -65
-37 -64 -15 -37 91 -22 -82 3 42 16
-16 76 -69 -3 -59 -99 -9 -69 -3 0
-6 86 -58 92 64 -74 -23 30 44 -88
-88 71 -89 -29 -94 -13 -21 68 52 -59
-60 -11 -32 -60 -56 77 59 -82 -1 -76
-17 -40 -59 -53 71 -75 -94 40 -24 -44
62 -30 81 48 -99 38 45 63 46 33
-30 73 -47 -70 -86 49 -72 20 -36 27
-34 -52 12 -94 -91 -17 35 -54 -68 35
95 2 -46 39 85 34 -51 3 -19 27
-87 22 13 -46 -37 96 -42 27 -24 -32
-69 52 68 -98 29 -24 42 -66 33 -10
-80 36 -80 11 87 -13 27 93 63 40
-49 42 26 67 36 -75 -66 50 99 -93
-86 -29 -19 -52 -44 -82 -76 66 -90 75
47 -13 -81 -78 5 -13 66 -67 -39 -88
4 25 -66 70 4 93 -5 91 -64 5
0 -69 6 -31 76 -46 -36 66 -29 74
-23 31 41 59 -59 89 62 -5 -79 10
72 -47 -42 95 -71 28 -48 96 50 29
90 9 -96 -11 -98 86 -98 -78 -39 85
-92 43 35 63 92 27 -23 -49 -91 -35
69 23 -90 -25 66 -99 -52 -54 66 11
22 77 28 48 37 -45 64 46 -53 -62
-51 -47 -24 63 24 -71 59 -96 -51 -5
78 33 27 -35 97 20 -7 -65 29 -72
13 -47 -26 72 41 -62 83 -43 -91 -85
4 15 52 -32 66 -21 69 -64 -55 75
7 -8 20 -20 -3 -25 55 52 40 92
26 -49 37 48 -82 -13 -65 -71 -70 52
46 95 73 -72 -83 -84 -37 -1 87 -5
60 47 -64 27 -82 49 -45 78 11 -33
57 -22 -45 -94 -1 -20 25 97 86 57
2 81 88 28 91 7 12 59 19 28
68 -85 -17 -32 -27 94 -6 29 -35 71
-93 -93 -48 18 -54 87 39 0 -14 -50
-7 -44 -48 -69 81 70 73 89 -9 84
-59 95 53 -27 16 -83 42 -3 88 3
54 -2 59 21 -84 7 51 -6 84 -71
78 -47 -24 68 90 15 -27 78 -9 63
-75 -73 -13 17 -52 36 -66 -9 81 -83
55 78 18 -23 48 -19 12 -67 -69 35
83 20 -43 82 7 -52 -78 2 15 -89
51 -91 -62 -25 80 1 -14 -40 42 65
49 78 -38 90 -15 -78 -19 -81 64 -28
-17 -54 83 -69 -81 -87 -8 -8 56 -46
55 61 7 -53 -22 -29 85 -50 32 22
-9 -24 -70 20 -46 83 6 66 66 81
56 54 -91 29 -33 74 7 -6 -75 86
4 -60 -8 33 -66 18 16 -15 6 -26
-53 -96 70 19 -40 85 -52 91 36 64
-17 -98 91 -46 -91 78 13 -9 -83 88
-58 66 -21 -31 4 10 -31 -9 -99 97
-71 88 17 62 -14 73 26 97 11 8
69 -5 79 -42 -1 -15 -14 14 -32 72
97 -96 -35 -4 -29 -94 99 -5 -75 -38
-10 -12 -30 61 -41 27 44 49 -81 -3
35 -53 13 11 -18 43 -22 42 9 45
-47 2 97 -19 -18 -18 48 99 24 -86
11 31 50 3 61 57 45 -58 65 63
57 16 -24 75 37 42 36 -19 -16 95
-32 32 -31 30 83 -34 -74 -96 0 -19
-41 -54 53 54 23 55 -12 -11 -15 -89
-98 66 31 -65 49 -1 -86 -73 -69 -52
68 83 49 -79 -92 -3 33 13 -82 -88
-72 96 71 69 72 3 -45 57 77 19
-64 -37 38 6 -32 -21 -17 -4 -42 -95
-58 65 -64 89 59 -28 46 35 52 -26
-87 -26 32 -7 -74 20 4 7 -77 -42
-66 -44 55 -42 43 28 -85 -95 88 90
18 92 -52 44 11 -12 92 -51 -25 14
-9 -53 97 5 -73 61 -87 -39 -3 35
80 82 64 -98 -17 -49 31 -39 94 89
62 -99 85 63 27 -46 24 -67 62 -71
-47 56 20 36 -5 -83 -12 -36 -24 -27
45 98 50 64 -8 85 -61 31 53 45
