-81 79 -68 -87 62 -6 -13 51 -38 -29
12 -19 -39 -52 31 -9 -65 -77 97 71
3 -30 37 65 -16 -40 93 0 -4 -58
-93 -46 34 -47 96 -24 -3 8 35 56
-91 -33 -49 -68 -13 -4 -62 -14 -72 -94
-34 -68 63 83 -59 -30 -82 -1 -90 -59
43 -87 38 -15 -67 -20 -83 31 -74 3
47 92 -59 -28 -98 -57 -90 98 32 -16
97 -91 -93 -45 -24 -3 -50 76 -99 69
17 -98 96 1 -17 16 -71 1 -21 38
-96 81 53 -98 12 2 90 -49 0 -51
41 -74 6 -60 -29 34 27 -67 96 -65
6 51 55 21 51 -33 -69 -16 -76 -79
-70 -39 -29 -38 18 -80 -66 -94 66 -35
2 66 -15 35 -42 -52 65 62 30 -5
16 90 18 71 -94 -44 -37 77 58 49
-29 -37 -80 75 83 -60 97 5 4 27
-4 -7 66 -21 -20 1 23 -70 62 -68
-21 58 34 -87 42 95 33 69 -46 43
81 -59 -95 94 49 -83 -45 63 -39 74
53 -59 -98 -54 -36 24 34 28 77 50
90 69 -27 -18 -18 -69 51 66 -16 89
-81 -39 51 -7 10 -73 -89 4 -80 -48
-62 35 41 -35 -36 47 92 31 -16 23
-62 77 -54 -7 4 60 -72 -86 61 -57
39 -4 9 -87 -62 -95 82 69 -11 86
-61 -91 -64 -70 -90 -87 0 46 99 -46
1 24 -78 -46 -57 21 36 -20 85 0
60 94 -87 -70 -15 67 -91 68 21 89
50 64 50 -4 -4 -74 -32 72 -10 34
-10 -88 34 11 -61 -71 -4 -39 82 7
29 36 -84 -23 50 -48 74 37 -96 -4
32 -8 73 -53 -58 77 43 -39 -61 -42
77 80 -4 13 90 38 -1 47 16 -41
73 23 20 47 24 19 -28 -67 79 -28
59 -63 54 -10 59 2 -87 -30 -75 66
36 49 53 37 -68 -36 -78 -91 54 -89
90 31 -19 19 -56 87 -79 19 30 -92
-96 -24 -38 25 -63 74 -87 52 77 47
6 -28 -2 79 -47 -89 -40 51 -40 -71
-54 -42 9 -38 26 9 85 69 -8 -22
-81 89 57 -34 49 83 24 94 -20 -89
-8 34 -3 -50 -42 -43 48 73 -49 -10
87 80 -71 29 27 -53 -19 67 91 43
-70 77 -9 -19 69 8 16 -35 -53 -60
27 51 96 -48 -27 -19 -96 -87 -60 11
-34 -99 98 -61 24 13 -87 -73 -39 0
70 68 60 -99 89 -59 -81 -85 -6 -54
-62 40 -46 -35 63 8 42 88 48 80
-57 -76 2 11 20 -49 35 -70 76 64
34 -87 9 -74 -82 -59 44 -88 57 -77
99 87 -88 28 61 -11 -58 -99 25 -32
-79 97 97 91 18 85 23 -52 -67 16
-6 -42 59 -74 -72 28 -14 -57 -49 89
2 39 53 -81 -56 25 39 -89 4 6
31 -83 -9 90 97 34 -85 -66 -39 81
-7 88 79 -54 -81 -36 65 -85 60 -10
62 20 34 -10 -46 -53 -29 51 -23 -17
-12 22 1 -14 -90 -43 -43 46 9 -15
-31 34 95 98 -58 -45 6 -73 6 75
-4 -78 -32 -96 -28 -36 -74 93 -62 -84
57 23 29 57 -43 -18 86 -7 -95 -25
-54 -57 67 -32 -81 52 -50 61 -79 -15
83 -32 -51 -63 39 -88 34 -62 49 -67
70 41 -95 -47 0 -20 1 -12 32 -94
-75 -26 21 16 -12 -56 -7 -84 -50 14
-22 -59 39 13 55 13 -87 -84 70 -77
64 48 -19 -36 -15 -55 -18 0 -28 -98
7 -53 -58 -88 40 -84 66 -19 -92 -23
-72 94 -96 13 93 75 1 -23 -6 41
22 14 -57 89 -95 94 -87 81 68 38
37 56 -8 20 12 25 4 -93 76 -59
-70 97 -76 91 -75 -67 -96 -95 -73 -42
6 50 -85 -19 13 9 -2 -71 -1 61
-92 -67 -98 -58 31 23 -68 -90 66 23
80 -46 -49 25 7 65 -98 75 67 -29
2 -14 56 41 -87 82 83 5 29 10
-11 -8 47 54 73 62 19 -73 -64 74
76 -54 21 -90 -18 47 3 14 -46 65
-77 34 27 -72 0 6 28 -39 84 57
42 70 31 -90 53 47 -9 -13 -33 36
66 25 14 -99 -76 -55 -78 -71 62 20
-95 50 62 -12 96 24 -72 67 15 -97
-90 22 83 -48 73 -69 36 -40 88 80
51 2 6 -44 76 -55 -80 39 -35 58
-75 -65 72 35 -85 -86 -45 2 97 79
22 -4 -66 37 -60 -86 5 78 16 26
-5 -58 -1 -75 -8 81 65 -5 94 -45
-43 58 -9 89 -36 41 19 60 33 82
-67 62 54 -80 -8 -3 -88 69 23 83
-86 78 27 29 -67 11 -38 1 -54 -96
-83 -1 -95 90 -54 83 56 -48 -36 -90
-14 13 6 68 -60 18 44 1 -84 -37
48 2 30 -1 73 44 80 -44 27 -44
-56 -36 66 -1 3 67 18 18 -77 35
14 73 -97 -93 -87 68 -60 -30 -41 -78
-61 7 -31 -6 -59 51 40 10 4 -65
-37 -36 27 -57 -78 7 -74 -66 82 19
46 -46 85 -90 -34 -73 -43 -13 7 56
90 -32 71 0 58 -8 -60 20 -45 56
