-44 -20 -2 69 -27 59 -90 -73 -44 84
-47 39 -68 -1 99 63 42 -70 -85 -1
-51 -22 31 -3 -61 -26 0 94 19 -28
15 28 -9 -25 87 40 -94 -65 43 76
-52 -25 -53 95 98 48 -18 94 -50 -89
17 19 -81 33 -41 44 27 -55 30 -59
56 82 2 76 80 61 -61 4 67 62
93 -94 -53 -15 2 48 50 9 -35 -18
-89 -33 23 70 86 -61 12 -34 -81 62
73 26 97 44 4 -97 85 -79 -12 84
-85 -71 49 -11 52 -26 73 -15 12 -6
-41 -28 41 48 72 51 -86 -43 -65 9
-5 26 -48 -38 -82 62 -67 -69 -21 9
58 -25 12 51 58 -50 60 92 -96 42
75 -70 -32 68 -15 -76 -61 35 23 -66
-42 -34 82 -70 -50 -95 50 89 19 82
81 20 83 98 -69 71 29 -91 -55 84
-59 71 9 2 -30 -97 -86 -92 77 -3
-6 36 0 73 -10 -75 34 10 8 42
16 -67 -24 4 -93 59 -48 -83 10 -70
30 -61 70 -64 -10 -64 87 73 -71 -50
-83 96 -36 -16 -42 -52 90 -8 -42 -62
-70 -93 7 -75 -89 -27 96 -95 -96 93
-99 36 -40 26 -32 -59 29 -37 77 68
89 51 86 0 -48 64 80 51 68 -65
-9 -36 -42 99 3 12 -95 -71 68 -3
-55 -4 -68 58 -91 48 10 34 -42 -29
36 64 -96 -19 -12 -30 29 51 38 95
18 -47 -13 -26 58 -33 91 9 2 81
-40 47 22 82 15 84 -75 19 19 -61
-90 -80 -91 -79 6 27 98 -62 82 84
2 32 49 79 9 -59 -14 88 -92 78
70 7 -62 -61 -37 23 61 -50 12 31
77 26 17 -43 -1 -46 -31 -99 75 33
-57 -68 5 -13 40 -29 -5 -2 45 -69
-98 -85 -50 -77 41 7 -95 -84 11 81
-85 41 33 75 41 43 24 34 84 -19
4 -98 14 -3 94 62 5 1 -60 -86
19 93 83 -6 44 -70 -68 -20 -95 80
42 -82 34 54 79 -35 75 -22 97 -10
-25 64 57 -93 -23 1 -66 -84 11 74
-80 87 27 -70 -17 -15 3 -69 -91 15
-36 -67 97 31 95 -87 26 -62 85 64
-73 -12 -23 29 66 95 -11 -90 -62 -21
-97 -62 37 -37 -16 31 -80 48 26 38
36 -44 14 -32 88 55 18 36 -90 25
96 -18 24 82 -28 46 33 71 47 -43
11 89 -52 -6 -25 -99 -27 48 46 54
94 -48 73 12 66 47 70 -80 14 64
38 22 -17 67 -16 40 -27 98 34 17
-98 16 -2 -61 40 88 -23 95 -17 12
92 -5 -14 -78 -35 63 32 7 -21 61
43 66 -97 17 64 -93 -17 93 -28 -69
-50 99 -72 16 67 -48 -76 32 28 -82
79 -1 31 6 40 -77 29 -40 60 0
68 -70 41 86 52 -97 -34 43 99 22
-69 -81 -62 -98 -4 -5 50 -57 69 25
-47 -76 9 -68 -56 -60 17 -9 81 59
83 98 25 -22 -71 -42 61 10 -23 -5
-31 55 -36 -19 57 -61 25 20 -66 -97
50 -95 12 64 -63 49 -39 -49 3 6
-74 -56 -15 67 78 -99 -72 -20 -80 -98
16 -77 61 67 70 -89 41 21 17 -2
-31 95 -91 69 -79 85 -48 -83 50 -86
13 -95 34 -64 -70 72 65 -63 34 52
77 71 22 -74 -61 -17 5 47 -48 86
30 -86 7 24 4 60 62 -24 -59 -49
27 67 -3 82 3 -19 -74 0 -22 -8
-70 9 84 95 -88 81 40 47 -32 -97
-92 -78 73 -60 -7 4 -69 -97 95 -35
34 15 54 -45 -83 78 -28 63 70 16
63 -28 34 1 -92 42 -18 98 -90 -10
-92 -58 87 -7 76 -15 99 -84 -77 -26
-14 82 -68 40 4 -17 9 -69 7 -24
-35 17 -85 -23 14 -93 -56 -12 -12 -83
-40 -1 28 -9 45 -71 -99 61 -85 -40
3 -86 -74 15 31 -59 35 96 -97 70
-49 -3 -59 -9 -7 47 77 39 -81 -70
4 -91 -37 -87 -71 2 -10 89 66 43
94 -53 13 89 -28 -88 66 59 80 4
11 -22 39 -94 -11 92 22 70 72 25
18 11 13 87 17 20 -12 16 46 -15
71 65 -12 -80 44 14 -15 -26 41 -18
-63 45 86 12 -58 -13 70 -92 73 -98
18 -31 62 -79 -43 -35 34 2 -63 -7
-89 15 -97 -29 -82 -46 -78 86 -33 34
59 -35 50 98 -80 93 67 9 -77 16
84 -74 20 -52 47 -58 9 -83 0 -53
-45 -63 -7 -84 78 -65 68 77 -15 -69
48 45 -44 -56 -89 -10 62 -68 65 48
5 -5 -81 26 -19 -90 -42 -33 -64 26
83 76 -11 -45 -7 -57 17 -54 -87 46
40 0 46 -14 -89 -93 48 60 -58 -88
-67 -85 52 30 -65 -49 -48 -38 -13 -54
76 41 72 25 98 73 -52 63 -19 58
-75 -27 -9 -93 -97 -43 -28 -64 -47 42
99 85 -49 -20 98 34 -38 10 -20 12
-69 -1 -83 62 96 -54 -47 -26 -59 -28
76 -42 9 52 14 65 90 85 63 53
75 -92 -15 -44 8 57 -59 84 27 58
