38 1 73 37 57 40 89 4 59 99
83 -98 -20 90 70 98 86 -30 74 9
96 9 75 -55 1 -82 59 -43 -76 28
63 18 -18 30 69 33 43 93 23 55
42 -36 -5 -62 54 93 78 -86 23 4
-10 73 -92 -52 -94 -19 16 -46 -50 49
75 -93 -43 20 -21 -69 -49 -14 87 -59
-22 4 37 -26 23 50 29 25 86 -7
-93 54 -73 -98 24 61 49 31 -97 82
66 3 44 99 -49 -18 -2 -33 -82 -87
50 -93 82 63 14 14 76 -15 35 -21
-5 -34 59 -71 51 -96 18 32 -61 29
54 -91 46 -21 -69 -82 21 94 -28 14
32 -72 -72 86 58 35 81 -17 -26 -24
75 65 81 -99 61 -3 -75 63 65 10
-53 -86 -22 -69 52 -32 52 -41 47 10
85 -6 39 -75 7 -75 44 -98 11 -50
2 -81 -34 82 -75 -31 -36 -80 -42 -69
44 -76 -62 -40 88 -39 35 -79 45 -83
86 8 11 -62 88 -95 27 57 36 -16
55 -64 -50 -59 -54 -36 -75 -84 15 20
71 -4 -34 25 57 -38 -97 -83 22 67
-73 27 -66 50 -51 -33 -75 -46 -4 -25
52 -53 -62 -6 -86 97 97 23 6 -54
69 -90 -53 84 98 43 -62 -92 82 42
-3 -45 -8 -48 -56 87 29 17 -7 31
96 63 -40 -63 56 -83 9 -93 0 -44
5 -19 -27 -23 5 -80 -13 -75 -89 -40
88 -86 -75 -46 50 86 90 -65 -39 -24
31 -21 -74 83 -12 91 -45 -49 9 87
37 41 -8 43 -46 -12 -88 -74 65 -35
32 -11 43 -94 50 92 -63 96 -97 -79
22 20 -46 44 -42 63 77 -69 -44 -52
-51 99 -58 -11 50 66 23 14 97 9
-22 95 -77 61 63 80 48 -98 78 -76
76 -7 64 97 95 -69 -41 93 84 -57
-95 -39 -3 33 -11 5 -24 -2 12 13
79 -14 83 -64 99 83 -13 58 92 49
-21 -59 11 -58 -3 -46 10 10 57 -55
-91 -41 -99 -25 69 70 -3 91 71 0
-79 -82 71 -93 -52 11 -50 96 -55 -86
37 42 74 39 -37 -1 -4 -3 8 -55
-25 -56 68 16 -30 -88 -58 1 40 86
-91 -94 71 -27 -64 -51 40 39 -16 -15
-64 -59 76 19 88 53 16 -1 42 -33
29 62 -38 -55 -63 -49 11 8 42 47
-76 16 37 93 37 61 -53 -95 62 2
71 -10 78 82 64 -36 -18 -15 84 -42
94 -72 6 -95 86 -28 21 -67 -92 42
26 48 55 95 98 -22 27 71 13 -5
-17 -49 -69 -37 -91 -96 -33 -39 -6 55
73 -98 -36 21 -26 78 77 -99 -85 -94
38 35 80 -62 51 46 14 -26 -65 -42
72 -14 -66 32 52 -67 -25 -43 99 22
-48 -49 41 -69 0 -59 5 27 -48 14
-7 18 -57 -76 -83 66 94 -28 -15 -62
-34 85 -2 -30 5 74 -68 -75 -48 -28
-64 28 -43 -3 -80 23 -25 60 28 46
88 -89 -31 -87 25 -59 -64 95 0 -46
80 12 -94 31 -77 -71 53 -18 -70 42
82 56 -60 0 98 14 10 49 -28 -20
-91 -31 11 -71 -37 90 86 57 -37 70
0 28 -46 45 54 -33 -39 -92 23 63
-23 76 -30 -92 38 -78 95 26 31 -17
93 81 -62 3 -93 66 13 -16 88 2
79 6 -25 -49 -2 70 91 -83 0 91
-86 -34 66 66 -60 -58 8 -30 88 -37
-18 0 -50 -90 -64 75 -81 95 -28 88
10 -28 -67 16 75 -27 -58 -51 -96 -92
65 85 46 8 -30 79 7 -87 91 36
24 -59 -8 75 -90 -59 61 97 -4 -65
-38 -79 -84 97 15 -89 90 84 -24 -21
-49 -28 -10 97 23 31 -38 -78 92 39
-50 -77 -46 49 -51 -33 -67 -98 64 -56
58 36 -23 -34 -8 -74 20 69 55 -5
-21 26 30 50 66 61 66 65 -32 -97
72 -25 39 -13 88 57 96 -67 13 33
-19 74 7 95 17 80 -14 -92 16 44
-78 76 10 -86 -23 82 -91 -19 -72 -30
-16 -19 22 75 61 24 -27 -58 86 51
-99 36 20 48 37 64 34 -73 -6 27
-14 4 -74 30 47 42 -7 66 16 9
-86 -74 24 85 -16 99 22 -21 90 27
8 51 -59 39 -7 -61 39 -84 79 20
-80 30 -78 -76 -38 8 59 77 -6 84
-16 92 74 37 -59 -38 80 43 53 43
98 89 36 74 -8 26 -42 -31 -58 71
85 99 -67 47 44 45 75 53 -14 -37
61 -22 77 -79 -5 -50 -93 23 67 -50
96 93 94 85 46 -12 -94 -4 27 -79
46 87 -59 74 -1 -55 -44 -36 -44 -40
-80 -3 0 -64 54 -31 -16 -55 89 44
-26 -90 94 81 -92 -31 -12 -14 22 -35
76 25 17 -83 -15 99 0 -11 66 -74
59 -70 44 -47 98 70 20 54 -67 82
-58 -81 46 1 -26 41 -26 80 83 41
68 -93 -1 32 -9 -88 31 -47 -7 84
-73 57 84 -43 -88 -59 -56 45 81 -32
-50 89 44 88 -18 -13 -51 -4 36 -91
-33 47 33 80 -48 11 86 -87 -48 93
