-81 -40 14 5 55 15 -97 -24 55 -54
17 -97 10 -94 -2 -63 1 53 -92 -87
-63 -37 -36 63 -1 -71 69 20 14 -15
38 15 58 45 -21 -23 82 15 -40 -42
31 -18 -79 -59 12 86 -74 29 -99 0
-42 53 -71 -46 -87 -70 19 -75 45 -49
70 -76 -68 50 -73 39 -7 82 -67 45
70 -75 -41 24 -35 -60 62 37 1 50
-72 25 44 45 7 7 98 23 -68 -40
94 8 -30 -97 -31 -87 9 57 47 -45
-83 15 -5 95 37 56 82 82 -38 28
71 72 85 19 57 -32 -12 47 -64 -33
-4 -71 4 55 -17 54 -48 74 -71 37
88 -45 75 -14 -32 -10 9 77 59 26
98 -94 -40 -72 -98 49 -13 62 -23 73
81 12 -3 -27 33 76 -29 -94 18 98
-79 26 76 -58 78 1 51 0 64 -28
-76 -7 14 -95 25 65 11 37 74 17
-83 -28 -59 -81 39 -72 -78 -86 -24 38
58 -84 -53 -79 -20 -32 -8 -96 -22 -69
16 -2 48 96 67 -50 19 83 73 83
34 -14 80 33 39 72 -86 -25 19 -29
-81 55 98 53 5 -25 -1 -26 27 98
74 33 2 0 -9 50 -99 94 -18 42
10 64 48 -55 97 71 84 -89 -51 -99
-70 58 -52 11 -46 -19 75 -53 -81 53
32 48 66 38 47 -54 13 -27 -63 -48
-17 -11 92 -49 -18 24 -70 41 38 -11
90 61 -6 64 20 20 0 -43 -37 -3
34 -99 -78 -49 82 -65 -8 -87 -2 79
-21 -68 -36 50 -24 -47 -4 -11 -19 22
28 71 -40 -44 -40 -28 81 -64 25 88
-6 89 71 -20 -80 12 -4 -98 -61 16
-13 19 0 -53 -21 -33 -44 78 76 26
44 -14 -70 57 97 -81 34 -42 -56 28
-2 -23 61 -98 33 10 -65 -19 -88 71
-43 31 38 68 86 33 -93 -9 62 -77
-11 -82 -85 71 -54 -8 13 -27 54 71
80 -27 42 18 5 -42 92 -8 14 -64
-56 -50 -58 -18 36 24 -57 -70 28 35
17 7 88 14 -28 -37 30 35 75 -62
-96 -87 0 -93 98 -99 0 27 -43 45
5 -46 -49 14 43 9 -92 -66 -16 -15
-54 23 79 4 -45 -8 46 -12 -51 83
41 44 -71 39 -99 -94 -36 -24 -11 -97
-24 -50 42 66 -75 -34 -79 77 86 87
38 -55 20 -50 -38 21 -50 -74 73 -32
90 -78 -11 -72 -78 -84 5 97 -91 1
-3 -5 90 41 93 -74 -49 -86 11 56
-97 -14 50 40 75 -85 45 96 -68 -29
-78 -47 -90 72 95 72 -31 -54 9 -55
40 15 87 -98 45 -74 19 18 52 47
-1 29 -49 65 -49 88 75 -60 30 72
-1 71 25 -92 3 36 -37 -63 -61 -64
90 24 -58 99 -6 67 -38 96 80 77
-61 42 -11 77 -98 -55 -18 -78 -52 12
81 47 -35 -2 50 93 59 -44 -13 -86
-54 33 -97 71 -86 -47 -98 -55 71 97
75 25 -31 -96 49 24 -24 -97 -42 -58
-11 -90 -31 34 86 24 -16 34 -19 -85
66 27 15 -31 36 -8 -52 -94 10 -82
-41 -19 -6 62 86 -48 93 -43 85 -82
73 -33 -53 -98 -36 49 63 -46 -18 -79
-54 -18 58 90 -43 54 -10 73 -98 25
86 21 79 40 7 82 -31 -61 -28 -32
79 38 -38 28 -46 39 71 62 58 -58
-95 -24 79 82 -59 -83 -40 31 -46 -27
-5 95 -59 97 -64 92 -52 -71 21 53
92 65 -26 -89 -13 -65 69 22 15 13
18 -11 -23 -90 0 -22 95 -35 -54 16
30 -13 60 -53 -46 6 10 -13 47 -82
41 -43 38 -52 -83 -58 -49 -29 -9 89
42 -61 66 -40 34 89 24 6 -35 30
91 -43 37 52 -6 -25 38 -47 -87 -92
-44 -80 75 55 88 32 42 64 -85 -74
-66 -53 -32 -88 23 -47 42 59 8 -50
-1 50 18 -85 -73 24 -49 -79 0 -52
-98 62 -51 46 84 -14 -95 -17 -40 14
-63 -31 -16 51 74 7 68 11 -89 -64
44 -26 35 -15 3 -89 -33 29 -83 77
-44 -3 -66 29 -72 -52 41 78 -12 25
-86 65 9 -99 -67 -81 14 -92 55 95
14 10 -26 25 -33 -91 3 -12 -50 0
-89 -58 66 -1 -60 -90 31 53 -93 19
-30 -13 65 -90 92 -10 68 2 1 -81
-21 98 -20 38 24 3 -88 -13 -73 46
4 -73 66 -50 32 11 10 56 -88 93
48 56 -84 0 15 24 -44 96 50 -40
-6 25 0 33 27 55 -58 -89 -58 90
44 -40 -8 9 -28 -68 14 60 25 90
-1 17 -5 -99 27 46 -71 94 8 -1
20 -42 73 35 -92 8 53 97 -39 55
-38 -79 -64 83 -38 62 -76 0 35 19
16 87 -42 83 27 77 62 -69 61 -12
80 21 78 62 86 -3 94 -93 -88 18
-23 -12 17 -2 -50 80 20 42 -80 99
-97 46 -61 -73 67 -56 46 -50 28 -96
-58 51 60 95 -45 17 -80 35 67 -95
63 -29 -19 -11 50 -3 43 -14 8 -23
93 8 19 -49 1 -85 -45 -2 83 -58
