89 -4 89 95 89 -54 89 45 89 -41
89 58 89 -91 89 8 89 -16 89 83
89 -66 89 33 89 -32 89 67 89 -82
89 17 89 -7 89 92 89 -57 89 42
89 -44 89 55 89 -94 89 5 89 -19
89 80 89 -69 89 30 89 -26 89 73
89 -76 89 23 89 -1 89 98 89 -51
89 48 89 -38 89 61 89 -88 89 11
89 -13 89 86 89 -63 89 36 89 -36
89 63 89 -86 89 13 89 -11 89 88
89 -61 89 38 89 -49 89 50 89 -99
89 0 89 -24 89 75 89 -74 89 25
89 -30 89 69 89 -80 89 19 89 -5
89 94 89 -55 89 44 89 -43 89 56
89 -93 89 6 89 -18 89 81 89 -68
89 31 89 -33 89 66 89 -83 89 16
89 -8 89 91 89 -58 89 41 89 -46
89 53 89 -96 89 3 89 -21 89 78
89 -71 89 28 89 -27 89 72 89 -77
89 22 89 -2 89 97 89 -52 89 47
89 -40 89 59 89 -90 89 9 89 -15
89 84 89 -65 89 34 89 -34 89 65
89 -84 89 15 89 -9 89 90 89 -59
89 40 89 -47 89 52 89 -97 89 2
89 -22 89 77 89 -72 89 27 89 -28
89 71 89 -78 89 21 89 -3 89 96
89 -53 89 46 89 -40 89 59 89 -90
89 9 89 -15 89 84 89 -65 89 34
89 -31 89 68 89 -81 89 18 89 -6
89 93 89 -56 89 43 89 -43 89 56
89 -93 89 6 89 -18 89 81 89 -68
89 31 89 -25 89 74 89 -75 89 24
89 0 89 99 89 -50 89 49 89 -37
89 62 89 -87 89 12 89 -12 89 87
89 -62 89 37 89 -36 89 63 89 -86
89 13 89 -11 89 88 89 -61 89 38
89 -48 89 51 89 -98 89 1 89 -23
89 76 89 -73 89 26 89 -29 89 70
89 -79 89 20 89 -4 89 95 89 -54
89 45 89 -42 89 57 89 -92 89 7
89 -17 89 82 89 -67 89 32 89 -33
89 66 89 -83 89 16 89 -8 89 91
89 -58 89 41 89 -45 89 54 89 -95
89 4 89 -20 89 79 89 -70 89 29
89 -26 89 73 89 -76 89 23 89 -1
89 98 89 -51 89 48 89 -39 89 60
89 -89 89 10 89 -14 89 85 89 -64
89 35 89 -35 89 64 89 -85 89 14
89 -10 89 89 89 -60 89 39 89 -48
89 51 89 -98 89 1 89 -23 89 76
89 -73 89 26 89 -29 89 70 89 -79
89 20 89 -4 89 95 89 -54 89 45
89 -41 89 58 89 -91 89 8 89 -16
89 83 89 -66 89 33 89 -32 89 67
89 -82 89 17 89 -7 89 92 89 -57
89 42 89 -44 89 55 89 -94 89 5
89 -19 89 80 89 -69 89 30 89 -26
89 73 89 -76 89 23 89 -1 89 98
89 -51 89 48 89 -38 89 61 89 -88
89 11 89 -13 89 86 89 -63 89 36
89 -37 89 62 89 -87 89 12 89 -12
89 87 89 -62 89 37 89 -49 89 50
89 -99 89 0 89 -24 89 75 89 -74
89 25 89 -30 89 69 89 -80 89 19
89 -5 89 94 89 -55 89 44 89 -43
89 56 89 -93 89 6 89 -18 89 81
89 -68 89 31 89 -34 89 65 89 -84
89 15 89 -9 89 90 89 -59 89 40
89 -46 89 53 89 -96 89 3 89 -21
89 78 89 -71 89 28 89 -27 89 72
89 -77 89 22 89 -2 89 97 89 -52
89 47 89 -40 89 59 89 -90 89 9
89 -15 89 84 89 -65 89 34 89 -34
89 65 89 -84 89 15 89 -9 89 90
89 -59 89 40 89 -47 89 52 89 -97
89 2 89 -22 89 77 89 -72 89 27
89 -28 89 71 89 -78 89 21 89 -3
89 96 89 -53 89 46 89 -41 89 58
89 -91 89 8 89 -16 89 83 89 -66
89 33 89 -31 89 68 89 -81 89 18
89 -6 89 93 89 -56 89 43 89 -44
89 55 89 -94 89 5 89 -19 89 80
89 -69 89 30 89 -25 89 74 89 -75
89 24 89 0 89 99 89 -50 89 49
89 -37 89 62 89 -87 89 12 89 -12
89 87 89 -62 89 37 89 -36 89 63
89 -86 89 13 89 -11 89 88 89 -61
89 38 89 -48 89 51 89 -98 89 1
89 -23 89 76 89 -73 89 26 89 -30
89 69 89 -80 89 19 89 -5 89 94
89 -55 89 44 89 -42 89 57 89 -92
89 7 89 -17 89 82 89 -67 89 32
89 -33 89 66 89 -83 89 16 89 -8
89 91 89 -58 89 41 89 -45 89 54
89 -95 89 4 89 -20 89 79 89 -70
89 29 89 -26 89 73 89 -76 89 23
89 -1 89 98 89 -51 89 48 89 -39
89 60 89 -89 89 10 89 -14 89 85
89 -64 89 35 89 -35 89 64 89 -85
89 14 89 -10 89 89 89 -60 89 39
