80 -11 -47 -99 -38 -13 -35 41 86 -40
62 90 -20 52 -23 -82 -63 -46 -72 3
-8 -74 19 44 -39 -92 -44 46 0 78
68 -25 -24 74 59 -18 73 47 24 66
-68 20 74 74 32 69 78 -84 95 -79
50 -9 -31 58 94 47 -90 73 32 19
-58 -53 -92 79 -90 79 -57 36 -91 45
-99 97 69 87 1 8 -60 11 -4 11
-69 66 -72 35 86 -92 12 44 -14 16
1 -92 -24 52 -37 -82 76 -36 42 -87
8 -6 -4 33 78 -12 60 -35 50 91
23 -45 0 63 69 50 64 12 52 75
-45 22 84 80 79 -74 -35 58 64 92
-87 92 87 7 -64 58 82 -28 -63 -15
60 55 -80 57 -46 39 -62 1 -20 58
-87 90 77 7 -84 -41 -49 -25 87 50
42 71 -1 76 76 0 -67 77 -21 -27
33 44 30 -46 17 1 41 9 28 90
-33 47 -50 -20 46 -43 -89 85 -37 -35
57 -85 90 -15 21 -54 55 21 -1 -61
-59 17 -60 70 6 77 -15 68 -24 -60
-23 -77 32 -25 2 27 92 -58 0 27
45 67 20 51 7 4 28 -91 -84 -6
34 -7 -50 94 -5 69 -11 73 54 45
72 -50 48 49 -20 43 -30 65 45 -97
-56 47 65 90 -52 32 16 -15 -93 93
26 71 9 -38 -59 -76 94 -69 31 77
-17 97 -76 -31 97 75 2 -75 -30 79
-56 -39 -62 -42 61 36 -50 -80 -63 -7
-40 -53 50 -70 -54 -32 12 73 -60 25
-71 -19 50 41 52 52 16 70 28 -97
82 -77 -63 -43 -76 56 -4 -81 -31 65
-47 -19 18 69 24 63 85 97 94 -94
-94 -53 -56 -61 27 56 -34 -66 92 -2
25 49 -1 -59 -31 -26 -13 -77 -76 65
47 -26 63 -73 81 57 -57 -61 -45 -20
86 51 93 73 71 -89 -1 -40 89 -87
8 -79 -29 2 98 30 -78 43 -40 -89
-75 -67 32 81 -71 -20 -75 -89 -7 65
41 -21 -45 -44 -95 99 -68 -11 -29 -68
-22 -10 -30 8 -32 86 -24 -52 -85 -89
-3 -96 -41 -29 65 94 -82 -85 -13 30
65 21 30 9 -30 4 69 50 -58 -73
49 56 81 -2 -89 42 30 -82 -33 76
44 -87 -97 -76 -64 -73 -96 97 74 35
79 -45 -25 81 29 27 10 2 89 44
-73 53 93 -47 -40 -7 60 -32 75 -71
46 -11 61 57 4 80 -9 3 -35 -72
-33 -14 99 14 -45 -60 55 60 -70 88
-18 -64 68 -6 48 -68 32 -65 75 -38
64 -71 50 -48 -60 60 13 -57 -71 84
-88 38 38 29 36 46 -78 -94 -26 53
86 -2 33 21 -35 -8 11 -78 -76 -16
-4 -97 32 89 31 -59 -57 -66 -34 -14
-46 23 -82 -17 56 -85 94 65 16 85
-43 5 9 24 -95 52 11 -40 -21 -88
92 57 77 -37 24 60 -96 -8 -97 -35
58 80 75 89 -35 -58 -95 -78 -26 -79
-15 -30 75 76 5 80 58 -49 6 -60
-45 0 -77 -44 -43 68 14 12 52 -28
40 55 26 81 -14 -18 70 95 -28 0
41 -62 -53 -15 75 87 13 25 -79 91
-46 -12 -9 53 -48 71 -90 34 9 -71
58 -29 77 -60 -11 -97 -21 58 41 -18
-83 66 10 36 19 -55 -56 -1 -41 -29
33 80 37 -68 -45 65 -58 -11 88 -36
79 24 -10 -44 44 93 -29 16 -68 -87
-79 56 -7 -57 -95 79 -37 56 99 31
92 26 -44 99 -98 -90 -14 -32 -17 87
26 43 -98 83 21 91 -24 -87 99 50
60 -87 44 -77 -41 45 -1 46 -40 56
-96 -71 -41 24 81 46 -91 72 -33 74
-70 -35 -73 35 -99 -56 69 31 76 -84
71 -93 -23 -99 48 -40 -97 -15 56 69
66 -92 -68 -96 -68 5 -41 -48 -95 58
-20 67 19 -95 5 26 -23 47 69 -14
89 -11 -80 10 63 43 -14 -44 -69 -25
-9 -6 -63 -80 5 58 46 -4 84 -68
-6 87 -93 -41 -47 35 -64 57 -38 35
38 -48 64 43 31 -68 9 -46 95 -89
71 17 98 90 34 7 -27 7 -89 49
-58 -52 0 -90 31 22 70 -83 48 -28
7 18 -53 -52 5 31 -95 -7 19 96
-79 -97 0 -73 52 69 -88 65 28 74
-5 -45 66 -45 39 -2 76 -56 -16 -67
57 -93 -17 73 69 -92 -71 -96 -80 18
-35 28 -92 -77 -91 53 96 88 -53 88
78 50 -38 -4 -45 3 79 -92 34 -94
62 37 -50 -48 23 86 -49 -63 97 -33
27 15 -3 -48 54 -89 -28 -2 -52 63
49 -91 -60 -64 98 10 69 -28 -58 -13
83 -16 -24 39 -66 -75 -39 39 -70 -76
-95 19 -44 70 -44 -59 16 8 -45 14
27 -28 9 3 -88 -44 44 10 -41 74
-38 -6 -2 18 25 27 -26 -49 -61 11
-38 -91 -70 -21 71 -25 -74 67 -65 -25
22 -80 27 99 -25 -65 -83 41 87 64
-33 -36 98 -63 -98 -74 86 35 62 65
84 -94 71 79 45 -69 -26 78 -65 46
29 -45 54 -26 80 -53 -63 -26 -53 17
