13 -58 14 18 81 36 94 -46 12 43
-55 -16 29 5 -74 48 86 -3 73 78
-19 29 84 -96 -64 -81 83 4 6 54
80 85 64 2 15 -69 21 -96 -72 -49
69 94 66 98 -19 95 -6 -66 -35 -93
36 32 -24 97 -81 93 96 -69 -56 -6
63 77 -33 12 -41 60 -20 48 46 44
42 -99 66 27 -3 -34 -67 40 87 59
44 25 88 74 70 -24 43 33 -27 0
-34 51 79 -93 4 99 42 0 -33 15
-41 -86 -20 -5 -5 65 -21 55 -7 52
62 99 93 73 -44 -94 41 43 10 -86
-18 41 -26 -14 -85 -62 65 31 -5 -31
-71 -29 -53 -30 -36 -77 4 -75 -14 21
34 -80 -25 36 10 -9 90 38 24 -20
73 3 13 33 44 54 -43 47 -43 53
76 -50 77 1 74 -29 77 29 -10 88
90 -46 97 -42 75 -95 79 -9 -61 5
-83 79 -71 38 75 -61 -24 22 -35 65
-3 -18 97 -39 81 12 -69 -55 -9 81
5 69 -42 10 38 -49 53 -35 67 -61
90 -61 33 50 15 21 48 -86 -33 74
65 65 -8 51 -62 -42 -21 -2 69 -35
91 54 -64 -74 -16 63 -70 -90 81 14
17 -29 69 -86 -40 14 9 -30 -21 83
97 67 3 99 -34 -35 -2 98 -51 90
48 -61 -51 91 46 -8 -87 -77 98 -19
-32 -89 77 64 -69 -88 34 -38 64 -55
25 74 -8 74 61 -37 45 88 -36 26
82 -64 99 45 -33 -30 75 20 41 -22
20 -3 -67 61 -60 -31 -20 -19 60 1
-37 75 51 37 -25 47 -45 0 64 21
74 -7 -77 -96 -32 72 -5 65 96 -87
59 7 -41 -96 -22 -66 48 -19 -23 28
7 89 -84 -42 -43 -76 -60 2 87 96
0 -63 -29 -13 1 -48 66 28 47 -56
-83 -82 -48 40 78 35 -75 -88 -89 -7
0 -68 43 -26 -28 -82 0 -23 82 -66
-45 8 -86 -56 -68 46 -60 -58 40 -75
-51 85 32 88 -25 97 68 69 33 -63
-9 -52 44 -52 -25 68 97 -90 72 80
-9 59 -28 89 93 73 -64 19 85 74
31 56 -58 97 -99 19 25 18 -57 -93
-87 -17 -74 -70 95 -36 -19 -47 -70 -91
6 30 27 -59 -40 -88 76 -52 -39 -75
-43 77 -5 36 -89 60 -53 3 86 -17
-82 -33 73 6 -9 21 72 -82 -53 69
26 61 -63 23 -81 54 -90 7 -6 -88
-6 7 -61 56 -21 -98 92 -50 58 33
76 29 -80 19 -92 9 72 61 77 57
-32 -3 -59 -63 58 59 -76 -67 -29 -46
30 49 -11 50 -37 -21 -10 80 20 73
97 63 -78 91 99 95 35 -77 7 6
78 86 -74 44 -12 -86 -6 45 -96 -90
45 -62 72 -35 72 -45 96 49 72 -3
78 8 -27 -78 -65 85 75 43 -31 96
70 -3 -33 -61 -77 -93 78 -42 57 -10
-31 2 74 -23 15 39 -13 -33 -94 38
20 56 46 -95 54 49 61 -63 -66 -20
-84 34 59 97 37 -44 -33 0 -61 -54
-16 66 -17 60 -50 -83 -16 94 39 -47
88 40 -8 6 81 66 -68 -85 46 -54
31 80 -94 53 -39 50 -36 -29 -33 -37
-47 34 -72 52 59 65 49 -43 44 -61
-56 -79 -48 51 -70 -18 -43 -87 80 -29
-22 -1 54 66 -81 54 -97 80 -36 -77
44 74 -94 -2 20 50 89 51 43 -66
-4 -77 -47 72 -61 1 44 23 18 -23
69 -88 -52 6 -29 -13 87 -36 -73 -10
91 54 58 -77 -44 25 69 22 80 -85
-1 32 56 -98 54 -48 -53 -80 1 -44
75 -21 40 1 -2 -35 35 62 69 -71
21 0 -82 88 -1 69 -40 10 -23 83
50 77 -20 -80 28 35 33 51 -33 -71
25 88 95 73 -53 -55 63 58 -5 -38
-99 -18 99 76 -22 10 98 -81 -37 -14
-87 45 -96 -28 57 77 38 61 13 72
91 91 -68 91 33 92 -59 -96 -31 84
29 71 12 -21 78 -83 -44 -53 55 -88
-99 -49 48 -96 -84 25 50 15 40 23
60 -25 -49 94 29 86 42 16 -27 8
-5 -21 -84 -79 30 -28 -20 -48 -67 59
-6 69 -92 -72 15 55 7 -21 -6 -76
-1 47 -78 61 -52 5 -26 -41 -68 -15
-15 -1 24 72 -32 -30 -84 57 -22 74
26 46 34 85 35 -25 -14 -14 -21 0
-34 -59 -43 16 -67 5 -68 -72 -57 -11
-86 -64 -79 87 -27 -43 55 10 11 -3
16 75 -1 69 -55 26 -62 18 -98 -18
44 82 -83 81 -96 42 -64 -99 -75 83
88 -91 70 -23 23 -88 93 94 55 43
40 28 -95 -29 -40 -67 -12 -96 -77 66
26 -20 95 -16 -94 -96 84 -68 -83 -6
3 -80 -85 75 39 -84 42 -4 48 -55
32 55 -15 77 59 1 -60 16 -50 15
-7 -88 -1 78 -2 -56 48 -70 77 74
55 -80 72 -43 94 -66 -32 -14 -63 18
-6 44 -13 -94 20 -11 65 36 -45 -80
96 -82 -46 -15 13 25 58 -65 -90 17
-72 57 46 -30 49 20 -98 22 -17 84
