-91 74 75 97 10 60 12 58 -14 -18
-40 -85 -96 88 -87 -1 54 -8 11 58
-76 28 17 94 34 63 -7 -24 90 -91
-18 -98 -33 1 27 -22 7 -40 -92 93
-78 -29 33 99 -3 47 7 98 54 -5
-83 71 -50 -26 -43 92 13 83 7 23
-91 -19 -49 -26 -65 60 8 -72 76 -58
-95 -82 54 86 -30 -30 -7 -58 -58 65
-37 86 -76 -77 92 -40 68 -59 -53 18
-93 71 94 -82 77 -80 -98 -25 55 98
-9 -20 24 60 22 -93 -83 -62 -70 61
31 -86 -68 36 -70 -75 54 -24 -60 21
83 -84 -32 3 -2 85 -60 -85 37 27
23 81 -60 -32 77 -25 -18 91 -34 -92
82 -49 -85 49 33 50 84 -30 9 31
-35 -56 90 19 95 -35 83 82 44 -12
95 -3 66 -85 45 27 86 15 -73 53
65 44 -81 -66 -77 34 13 -76 23 -97
-98 -28 -1 81 50 74 -88 56 -89 25
-34 3 -96 60 65 82 -96 -46 -85 -23
54 -10 96 52 0 -57 -98 12 54 -26
-34 98 66 2 24 17 81 -60 -99 34
-61 -25 71 17 -84 33 -95 -24 44 -13
-8 31 82 97 -88 -63 59 90 -7 -54
86 94 -37 -59 -51 -63 -69 -53 59 0
-18 -11 89 -66 -59 66 68 57 59 3
-68 77 -1 27 59 -27 -54 -72 -35 74
-16 93 43 46 73 96 96 97 55 -53
3 -1 -78 -36 64 -91 -63 -16 -37 40
-42 -54 -97 74 -85 -93 47 74 4 -11
69 -9 -20 -64 -92 12 57 59 -68 98
-16 34 89 -54 99 20 -8 97 2 0
95 -94 33 13 18 -87 -79 -98 12 1
53 -19 -17 87 89 5 -94 -2 72 -59
87 -43 -40 -86 19 50 40 47 76 -83
17 46 31 -35 -40 -75 -67 -49 -12 -25
-4 26 78 60 -28 -5 45 -50 19 55
-63 -88 -29 22 -66 9 -48 -13 -49 85
36 -50 65 -70 -26 4 -74 -36 -37 28
-20 -38 57 51 62 -34 1 95 30 -49
-20 0 80 -13 0 78 23 42 80 15
-79 9 -21 50 -99 -32 39 72 0 75
-74 -13 -49 -24 -87 45 -48 80 -6 -84
-56 -62 93 -3 16 -6 -27 -58 33 -11
-89 69 -24 -54 82 -92 81 -43 31 -85
24 -38 -86 -33 32 34 -77 7 -49 98
97 85 41 -43 -93 -21 -80 -47 12 6
24 0 -73 75 62 44 -78 41 -43 84
78 62 70 10 85 -66 -9 -55 12 -65
42 46 49 65 -80 75 55 -81 -53 -49
65 -41 66 99 -92 42 67 -16 64 -9
-63 -8 -31 49 50 0 -14 -82 -26 -91
65 6 40 -77 5 27 63 61 -64 -26
-74 62 93 -49 -40 27 61 14 -96 -43
44 81 88 -69 -45 -21 -10 15 33 62
-78 47 91 -43 -17 -58 -34 76 -16 -76
-98 81 -49 -33 -16 -25 -91 -98 24 57
-75 -34 73 -69 73 59 -91 39 -70 -56
1 44 -42 -54 -73 92 39 81 -73 -73
-51 -20 -37 -55 -43 74 56 -98 38 -34
70 44 -33 53 -42 -18 59 -10 25 -6
17 64 33 58 50 -57 45 80 74 -8
-29 -7 -33 -95 71 -99 -79 37 79 -79
-61 83 61 29 55 82 8 28 80 -22
92 2 -1 -48 8 -32 98 0 -58 -9
-62 -67 0 13 -9 -70 72 -17 -46 50
73 -30 -18 80 9 -57 -65 41 62 -85
88 92 31 89 48 44 -72 11 87 6
57 -97 78 74 -72 -18 -61 49 -63 45
-75 -7 -14 64 78 7 16 76 -62 86
96 62 98 35 71 -48 -28 32 52 -64
-63 -10 6 -11 24 -11 7 -74 74 80
63 12 -47 -51 -72 -93 -60 64 90 29
99 81 -37 60 77 45 -94 -9 -95 -27
-22 10 46 -71 -12 41 69 61 -95 6
5 83 -49 -30 -78 -86 90 86 -17 -97
-41 -85 51 12 26 -82 33 88 83 -24
-66 -49 6 -91 -30 29 54 24 -65 -45
2 80 -94 -6 -62 -85 -21 -16 43 4
28 -36 46 35 59 -23 -5 97 -2 38
-45 53 -20 22 89 -30 38 5 -66 -11
-9 -80 -11 47 -68 -35 -91 -43 36 -45
74 -98 -97 -74 91 22 26 -60 89 -91
16 -88 18 43 68 -11 -63 -16 32 -80
43 33 -63 81 17 29 -34 63 83 99
-50 -3 -94 32 -69 1 -56 -43 36 -14
3 79 44 71 -87 49 -32 30 85 -81
-1 -60 -23 43 -54 99 61 -25 38 -2
74 -13 0 -62 -35 92 66 -95 28 -97
65 15 31 8 -76 58 -50 22 -9 47
-64 44 -11 -20 -9 -86 -35 76 0 -61
-71 60 82 38 55 90 15 75 63 -40
91 -88 3 72 99 -87 -68 -67 -26 -33
-39 49 8 -4 70 -32 -97 92 32 -45
22 66 33 -16 -94 26 71 -72 -86 89
-37 74 50 12 -80 12 -87 -29 -39 -21
61 11 7 -31 36 -65 -30 -54 43 22
19 88 31 4 53 37 50 0 56 54
-35 92 -22 90 6 97 -83 82 -85 -39
-22 25 82 18 -84 -86 46 65 21 -64
