-6 -76 41 18 -51 92 -36 49 7 -17
93 55 -45 79 47 83 -83 -16 63 -89
-78 75 49 52 77 14 37 -62 52 -69
-85 53 -40 30 -49 -35 28 52 66 -34
54 -35 -1 -66 90 8 -40 68 -60 92
-26 68 80 -72 -54 -26 95 -41 -12 32
-7 70 5 64 -74 45 53 -16 21 71
-85 63 -92 12 55 -17 -73 30 -86 -30
99 -37 70 -87 -85 35 11 -50 -79 66
-26 62 0 10 47 95 -50 -63 9 -92
-35 -22 67 8 1 -44 25 -64 9 66
-50 7 9 -14 88 63 -68 -28 30 -15
-18 -53 -77 -67 -44 16 0 -28 -7 59
27 5 50 91 -5 -75 86 -85 -28 41
-75 97 -44 91 0 -72 -37 -29 29 5
11 85 -77 -57 -70 -88 54 38 -16 -16
-10 25 7 48 34 39 35 -77 11 13
-88 -95 91 -40 -67 21 -45 -78 23 -32
38 -44 -91 53 -87 -14 -24 -2 66 79
-72 49 -79 49 -93 -99 -47 -92 68 -61
-84 49 -78 -71 4 -25 -7 99 87 90
27 92 -48 -23 -60 -16 -17 8 -85 -89
-69 42 -68 97 99 -65 -61 60 -97 -99
7 90 -32 -72 37 24 63 -24 73 -69
99 -64 -63 36 -57 57 -54 86 39 -56
-76 -14 87 68 -84 -63 36 -47 -9 90
-68 -40 7 -17 -40 4 76 74 -24 -69
76 -47 95 89 96 -66 30 -82 -82 -31
-68 -89 -38 7 -65 50 92 -59 -33 -64
-2 -23 -74 -85 34 33 80 -85 30 -10
8 67 -75 56 53 -33 74 7 58 -1
99 74 11 62 11 -36 -99 -77 -38 -49
9 -14 -94 -71 53 3 39 -20 69 -34
-42 -96 -14 -50 80 -50 -63 -56 -16 -97
-84 -27 -15 68 35 -20 -30 -20 -8 -92
30 -29 -75 -61 -54 71 89 5 93 -62
-92 75 -6 7 -13 -35 21 -70 5 -64
82 -11 -33 -32 83 -34 11 20 98 -24
-39 -70 -1 -31 -92 82 -87 -41 37 83
53 -71 -36 34 16 93 57 -16 -96 -44
-86 51 85 -60 79 97 -40 18 -76 45
-24 -21 44 -9 24 -84 -8 87 12 35
81 29 -70 -5 -71 0 7 -63 76 -3
-51 69 74 -73 65 -46 -26 85 78 -3
-77 -25 55 -93 -64 21 55 12 -73 0
-81 -52 2 99 78 -73 62 26 27 -86
-42 -19 0 -62 73 48 -50 -47 23 69
-37 -8 85 -7 61 -98 57 -43 -72 -2
-83 83 76 -47 -11 -19 -35 98 83 -31
-32 -78 -89 -38 -24 -4 -19 62 -2 61
96 -95 -94 -28 -33 85 -58 -8 41 -52
65 -72 95 11 -4 -63 -92 -74 -45 -92
27 47 5 -13 13 -29 -24 -87 97 -62
-56 78 -69 36 -26 -1 38 -82 56 92
88 -34 72 -84 64 2 -69 80 62 45
-19 63 -22 91 51 -75 91 39 -43 -78
58 61 80 -36 -26 65 44 -12 -28 16
53 52 10 -92 73 -98 -34 63 31 30
7 70 -72 -55 30 -57 -32 -12 -31 30
-53 49 87 -73 -88 70 -71 -33 -66 29
22 46 -35 -57 -24 -40 -87 -21 -55 -68
21 -77 -82 -7 -71 -61 64 -64 -79 68
64 -82 44 -20 77 -21 79 -47 68 -77
34 -81 25 53 -69 -9 6 45 72 28
-25 94 61 -72 -34 24 66 -14 -24 33
-74 -45 76 -7 23 22 -53 -37 -21 -94
-60 -30 17 72 -44 -68 -80 -55 77 94
-35 -11 -49 -98 42 -96 89 34 -23 98
17 -97 96 -63 -7 42 71 24 -4 -91
92 8 -99 -10 57 -87 86 17 -12 27
56 -1 74 65 77 -41 -62 -64 -56 54
88 28 -64 70 61 -69 67 -81 -17 10
-85 -79 -75 -51 35 -92 -16 48 83 -95
47 -59 17 33 -29 -21 30 24 -9 -45
-7 63 -74 73 -15 -64 95 24 32 69
50 52 44 -91 74 0 -8 26 24 -62
-52 67 21 -54 -33 -96 -82 -18 -27 0
-15 -29 7 -28 -27 77 -56 -10 62 -55
-75 98 67 -45 46 45 61 -72 82 34
-80 -75 -97 -28 2 57 -10 -31 -47 86
41 -32 -50 -94 11 -89 -93 54 41 19
26 -48 29 -1 -11 69 -23 57 85 29
12 24 19 -90 -15 -1 84 -42 -8 -87
-18 45 61 -43 -12 2 91 -87 74 42
-19 -99 45 -37 -49 79 -89 -49 -29 -18
-2 -54 -75 -81 49 -67 74 -26 -60 -83
82 -59 28 -39 12 76 -1 83 -91 56
-5 6 31 32 91 -46 -64 55 -99 -31
-64 90 -60 -17 30 -98 -27 83 23 6
72 -12 -15 -23 -17 6 -68 -96 -70 72
24 83 -88 -30 -69 -68 -71 24 27 81
86 -24 15 -92 13 -11 99 -67 -90 -48
72 0 92 -33 -39 -17 -53 -31 60 -79
6 -33 -60 -78 -18 34 -30 -16 -96 -65
49 59 77 -67 -31 -85 -77 -24 -11 2
93 10 -7 -9 -46 30 73 71 -60 39
47 -51 -41 1 47 55 43 -83 14 29
-5 30 -41 83 -15 -49 15 -12 -36 -32
-21 -37 -41 99 74 50 31 -36 -73 -11
-28 -73 -29 34 -81 63 59 -55 -13 -3
