-98 38 -26 -24 -41 -44 31 -30 14 -45
-8 -52 5 36 62 -78 -7 -81 -62 -84
82 4 4 -28 -6 42 -47 13 -42 -77
-52 22 -54 55 -57 -57 -42 13 95 73
-97 -96 -24 19 -50 7 -85 24 -76 83
62 5 18 0 65 -86 39 -36 7 40
44 -25 74 -56 34 -15 47 -60 26 38
-42 -82 92 64 72 -32 -66 -45 -24 37
19 -46 65 -19 -37 -55 29 98 30 -38
-73 6 13 -52 89 -37 -93 40 -69 75
4 64 36 -84 78 -1 -11 -16 51 -12
-4 -99 -74 -20 31 75 -1 -35 55 62
-78 16 -79 -48 -73 -14 27 34 -31 -55
-64 30 -12 -62 -10 93 38 83 43 -31
-82 -21 -32 33 -80 87 -95 41 56 -17
-45 -20 -77 -14 -14 37 17 -98 30 -12
-21 -27 -27 78 7 -72 -14 96 -52 -51
73 94 -12 -24 58 -8 83 -69 -2 -38
82 79 17 -61 -33 -77 67 60 -36 -40
74 50 91 -54 81 -21 -67 -33 -74 88
-31 75 14 -83 -24 29 14 -73 74 56
-28 -47 -17 84 10 41 -42 -36 -58 52
50 51 -31 -71 66 72 55 98 -8 21
16 44 -46 65 60 -14 -50 58 64 49
68 78 7 -42 -45 -8 -36 36 -86 -85
1 14 94 83 -27 -97 -74 75 80 1
-52 -96 -34 14 -93 -82 48 -77 -20 -53
86 -65 -35 85 -42 92 71 38 55 2
15 -2 34 74 -74 4 -33 -33 -47 99
12 -52 -73 55 -14 -83 21 -28 68 7
61 -37 82 -87 84 0 56 7 2 -49
79 22 -58 -40 -79 27 -33 14 0 -66
13 52 98 37 55 87 4 6 54 63
-27 12 -35 44 83 89 -31 -94 69 93
61 -38 81 -22 16 31 31 13 -4 8
-92 72 27 23 9 51 46 54 46 -32
-76 -32 -75 -3 -9 63 -69 54 59 94
78 18 -2 -88 -24 -89 24 -6 96 -35
28 32 71 58 -42 45 -54 72 -36 -81
31 -34 -5 68 -54 44 -51 -60 69 -99
-43 87 -11 89 3 -94 -16 56 46 -20
63 60 47 33 -6 -4 -87 52 -52 -64
85 -67 71 23 67 3 -65 75 -83 0
76 -44 3 84 -35 42 -31 99 -41 79
25 -74 -53 95 99 -83 -91 63 -4 14
57 -12 -44 -68 -16 0 -44 89 -42 67
1 -75 75 75 36 85 -73 74 -50 -89
8 41 22 73 85 46 -85 -94 -54 -71
71 58 79 -62 -74 -91 67 -62 -81 -98
41 -78 43 79 89 -34 13 -89 98 15
-13 -3 -87 -18 -58 13 -64 58 -24 -74
75 -95 -78 86 90 64 34 -2 -59 -60
-31 -30 -15 -91 -49 -26 -2 -5 -19 -58
-23 -56 4 55 -13 -88 33 -40 6 2
-51 93 -76 17 -51 -70 21 -2 -30 26
-86 41 -31 45 66 -67 -70 46 -36 -22
-13 -99 71 -10 22 -34 -5 73 -72 -9
60 -85 -37 37 3 -83 29 24 63 47
-54 -51 -85 -64 -36 82 0 75 94 37
-71 2 -29 28 -77 -68 69 76 26 -51
-20 75 74 -59 25 75 45 91 28 91
-77 98 -48 -22 14 -68 -5 63 43 97
-86 -22 87 -37 -38 88 -2 -6 76 -41
65 91 70 -15 88 -99 -41 60 54 86
19 55 -24 -50 -42 -81 -56 1 -95 10
-35 61 3 86 -16 -79 -72 -1 8 61
38 -16 -7 69 29 58 -68 14 57 -53
3 -49 92 71 15 -86 64 6 4 -19
-12 19 -68 37 43 -54 -55 57 87 95
-14 20 64 47 12 -83 0 64 -69 -74
-56 65 59 -81 -78 -62 85 6 -4 95
-35 -44 -41 -86 10 98 -79 -3 89 5
30 -66 -1 -16 -93 31 57 90 -33 65
58 57 -83 37 80 -28 -37 -67 -62 77
73 95 51 -53 -16 -24 -13 -52 63 -89
-98 -51 46 -17 19 43 91 -67 -71 -97
81 84 -63 -39 6 91 -31 -43 66 99
36 79 -3 59 -15 -68 93 -2 -15 -14
76 -43 50 12 17 53 75 12 46 14
81 -56 -65 93 -58 -53 -35 73 -44 -7
52 44 41 -54 -67 -64 42 -32 -69 35
37 26 36 58 -58 96 -51 29 -96 -48
93 26 -4 27 23 47 46 -45 -47 -62
-63 -66 -87 35 19 0 20 75 97 -83
93 -43 55 -88 92 47 -63 27 40 -6
-14 -26 67 77 66 -49 -31 93 70 88
68 -70 -48 43 -30 8 -9 19 -60 -34
-56 65 -46 52 60 33 -86 29 -51 53
-5 15 -90 16 -49 70 -62 -94 19 6
-71 -30 -1 27 1 43 -38 48 86 -43
44 15 57 -11 52 61 17 86 94 74
21 29 27 78 44 88 73 31 4 -55
-52 -38 7 -34 90 -98 1 10 72 -48
55 34 28 -46 76 -76 -18 86 67 -97
72 -8 -2 -44 21 31 9 -53 -76 35
-2 13 -85 -38 23 -94 -25 96 60 -54
94 9 -20 51 6 -26 -61 -84 -73 44
68 61 -31 16 2 -24 -80 -4 83 -85
45 34 -71 -83 -69 10 -10 60 86 -92
89 44 -46 66 -78 5 -17 48 99 -38
