80 78 -77 58 2 32 -60 7 1 -23
-16 -62 79 44 14 36 -69 11 34 -11
67 -17 74 -27 67 -23 20 67 -62 -15
82 72 -26 -52 -3 -17 -75 -57 -16 -22
38 -31 93 -1 97 -6 -91 23 -52 -55
91 68 -8 97 -79 35 59 54 52 25
-19 -3 -2 28 43 71 -53 -22 -27 74
-69 -97 -43 96 54 5 21 29 -67 58
54 -71 33 56 53 39 -1 -82 87 -40
34 -15 -20 26 -39 -46 53 -23 64 8
-36 35 0 -12 41 32 93 50 46 61
-20 -71 57 78 72 -80 96 71 -87 79
5 20 -11 -6 -31 -6 -90 22 6 74
-12 -97 20 -57 24 72 63 92 84 12
0 9 99 -8 19 -70 99 -41 0 -84
48 -11 -62 -10 -56 61 12 -45 56 40
28 2 87 26 -43 -56 68 -59 -23 3
80 68 -71 31 -16 -78 47 89 45 77
88 11 -30 -40 -30 -86 -3 -13 -97 78
-47 81 96 44 54 71 -28 37 49 -39
6 7 42 -96 -9 63 -3 68 76 7
87 39 -14 82 45 41 39 61 -68 -10
82 -56 39 76 -34 46 32 -19 -62 -68
-58 -35 47 -52 -40 80 97 -90 92 68
-38 87 -52 2 -6 -49 51 -98 44 28
72 -26 55 -77 -32 76 -24 -33 33 32
-20 -64 -52 -7 -26 55 -81 -61 23 -65
38 -73 74 -68 -23 -39 77 94 -75 34
40 -9 41 -6 35 -80 96 -74 77 53
0 67 -67 77 10 21 65 -29 62 -18
25 -92 -99 -74 84 76 -21 33 -2 26
-66 -58 57 83 47 -87 -46 12 37 -25
23 -11 -13 5 -71 69 -24 -37 84 -51
98 -65 -64 -40 -19 -26 -6 52 48 -34
-31 15 -90 77 -37 -15 0 2 19 -79
39 -44 57 -83 -12 49 -55 67 57 -59
76 44 83 -96 81 -47 -62 28 56 -93
92 53 -13 -92 38 2 -20 -39 -67 27
-1 0 -8 21 31 2 -80 33 58 74
0 77 63 68 -47 -37 14 18 -88 33
76 -27 -78 -82 -4 10 -39 3 -88 -53
95 -17 80 48 37 -75 -13 38 16 -81
22 39 -82 39 59 -15 42 3 -13 91
-55 17 37 81 82 93 20 68 -44 63
-63 78 41 -16 -18 19 -94 -62 -73 42
44 -72 -38 -43 54 -83 -58 37 -38 25
-40 66 -26 1 6 84 -70 -81 -5 21
-2 88 -48 -89 -68 22 -52 81 -75 70
91 23 -2 -13 -29 75 42 29 -88 -74
24 -56 -99 66 -2 37 -23 -6 77 -12
76 67 83 -5 31 -2 -47 -46 10 6
45 95 -19 -70 -28 85 26 -55 -60 -23
87 -67 87 48 14 29 -60 72 48 -97
30 -23 -92 -6 43 83 -56 5 31 -4
-29 19 -23 -19 20 -72 94 54 -85 -33
-1 -17 -65 -26 -5 12 40 72 28 -92
60 -10 59 50 -4 5 42 -66 -47 25
-5 -78 92 -65 39 -13 -69 -69 -8 22
54 43 -13 -86 -39 -10 30 -66 49 -31
89 -91 -47 53 20 -18 62 33 80 93
64 20 -44 57 19 81 -78 38 -26 74
-47 -30 58 17 79 79 -93 96 -60 -69
41 68 5 81 92 38 -26 64 -36 -61
-34 27 56 28 -13 -87 -7 -74 69 83
20 -83 -25 -27 -40 -13 19 -97 -96 53
-66 15 -1 77 -91 -69 44 -25 59 15
-81 -50 -27 76 -57 -61 69 -18 17 -49
-14 18 87 39 56 8 16 42 -41 58
-16 -82 35 -91 96 -76 32 77 -90 -29
72 23 -5 30 -96 84 45 -34 64 10
-98 3 37 13 61 -50 -81 15 18 62
-47 -4 -87 46 -40 -14 66 13 8 53
-70 69 -85 -16 0 85 -84 57 -10 -50
18 75 -52 82 58 -22 96 -76 85 -72
64 33 -81 -36 4 -24 95 -87 -49 -96
-43 39 92 55 -3 53 69 54 24 -62
11 -41 78 -31 65 84 -50 -56 -98 53
-10 -20 -47 -47 -86 -15 40 13 -4 -81
-66 -62 92 92 73 15 69 42 -89 -56
-27 -63 -72 -3 -41 1 -99 -98 9 26
-19 -27 17 -30 92 -86 -92 -39 -9 52
-36 -49 49 71 -51 49 -90 -55 -1 18
27 -41 -81 -6 47 -83 -92 -29 -59 -69
15 -3 90 59 -15 10 -46 -86 14 -33
-58 20 -38 65 72 -61 -39 17 -23 -60
21 -64 -76 -35 64 66 6 92 88 86
-71 16 24 -30 23 14 -87 86 58 -20
-77 -1 -52 9 80 -70 -35 41 -55 57
-56 59 -31 31 68 66 -5 34 -56 27
32 -35 -10 -11 97 56 -1 -39 77 -30
41 -17 -44 -61 -29 -74 69 -75 69 -19
-6 -95 -17 -46 59 57 14 -84 -85 92
91 -77 31 56 44 23 85 96 -5 26
62 -25 -59 94 80 -20 35 23 57 17
14 -9 -94 75 90 10 -59 74 -46 -50
39 79 -82 -53 -51 -2 -3 -54 -33 50
-20 -84 -64 -4 -83 -28 42 70 -33 96
-92 -15 -59 -57 80 8 60 -2 51 -31
-49 36 -25 47 -87 -97 11 -37 91 34
-70 77 83 -35 92 -52 39 -90 14 82
