5 -72 5 27 5 -28 5 71 5 -78
5 21 5 -3 5 96 5 -53 5 46
5 -40 5 59 5 -90 5 9 5 -15
5 84 5 -65 5 34 5 -31 5 68
5 -81 5 18 5 -6 5 93 5 -56
5 43 5 -43 5 56 5 -93 5 6
5 -18 5 81 5 -68 5 31 5 -25
5 74 5 -75 5 24 5 0 5 99
5 -50 5 49 5 -37 5 62 5 -87
5 12 5 -12 5 87 5 -62 5 37
5 -36 5 63 5 -86 5 13 5 -11
5 88 5 -61 5 38 5 -48 5 51
5 -98 5 1 5 -23 5 76 5 -73
5 26 5 -29 5 70 5 -79 5 20
5 -4 5 95 5 -54 5 45 5 -42
5 57 5 -92 5 7 5 -17 5 82
5 -67 5 32 5 -32 5 67 5 -82
5 17 5 -7 5 92 5 -57 5 42
5 -45 5 54 5 -95 5 4 5 -20
5 79 5 -70 5 29 5 -26 5 73
5 -76 5 23 5 -1 5 98 5 -51
5 48 5 -39 5 60 5 -89 5 10
5 -14 5 85 5 -64 5 35 5 -35
5 64 5 -85 5 14 5 -10 5 89
5 -60 5 39 5 -48 5 51 5 -98
5 1 5 -23 5 76 5 -73 5 26
5 -29 5 70 5 -79 5 20 5 -4
5 95 5 -54 5 45 5 -42 5 57
5 -92 5 7 5 -17 5 82 5 -67
5 32 5 -32 5 67 5 -82 5 17
5 -7 5 92 5 -57 5 42 5 -45
5 54 5 -95 5 4 5 -20 5 79
5 -70 5 29 5 -26 5 73 5 -76
5 23 5 -1 5 98 5 -51 5 48
5 -38 5 61 5 -88 5 11 5 -13
5 86 5 -63 5 36 5 -37 5 62
5 -87 5 12 5 -12 5 87 5 -62
5 37 5 -49 5 50 5 -99 5 0
5 -24 5 75 5 -74 5 25 5 -31
5 68 5 -81 5 18 5 -6 5 93
5 -56 5 43 5 -43 5 56 5 -93
5 6 5 -18 5 81 5 -68 5 31
5 -34 5 65 5 -84 5 15 5 -9
5 90 5 -59 5 40 5 -46 5 53
5 -96 5 3 5 -21 5 78 5 -71
5 28 5 -27 5 72 5 -77 5 22
5 -2 5 97 5 -52 5 47 5 -40
5 59 5 -90 5 9 5 -15 5 84
5 -65 5 34 5 -35 5 64 5 -85
5 14 5 -10 5 89 5 -60 5 39
5 -47 5 52 5 -97 5 2 5 -22
5 77 5 -72 5 27 5 -28 5 71
5 -78 5 21 5 -3 5 96 5 -53
5 46 5 -41 5 58 5 -91 5 8
5 -16 5 83 5 -66 5 33 5 -31
5 68 5 -81 5 18 5 -6 5 93
5 -56 5 43 5 -44 5 55 5 -94
5 5 5 -19 5 80 5 -69 5 30
5 -25 5 74 5 -75 5 24 5 0
5 99 5 -50 5 49 5 -38 5 61
5 -88 5 11 5 -13 5 86 5 -63
5 36 5 -36 5 63 5 -86 5 13
5 -11 5 88 5 -61 5 38 5 -49
5 50 5 -99 5 0 5 -24 5 75
5 -74 5 25 5 -30 5 69 5 -80
5 19 5 -5 5 94 5 -55 5 44
5 -42 5 57 5 -92 5 7 5 -17
5 82 5 -67 5 32 5 -33 5 66
5 -83 5 16 5 -8 5 91 5 -58
5 41 5 -45 5 54 5 -95 5 4
5 -20 5 79 5 -70 5 29 5 -27
5 72 5 -77 5 22 5 -2 5 97
5 -52 5 47 5 -39 5 60 5 -89
5 10 5 -14 5 85 5 -64 5 35
5 -35 5 64 5 -85 5 14 5 -10
5 89 5 -60 5 39 5 -47 5 52
5 -97 5 2 5 -22 5 77 5 -72
5 27 5 -29 5 70 5 -79 5 20
5 -4 5 95 5 -54 5 45 5 -41
5 58 5 -91 5 8 5 -16 5 83
5 -66 5 33 5 -32 5 67 5 -82
5 17 5 -7 5 92 5 -57 5 42
5 -44 5 55 5 -94 5 5 5 -19
5 80 5 -69 5 30 5 -26 5 73
5 -76 5 23 5 -1 5 98 5 -51
5 48 5 -38 5 61 5 -88 5 11
5 -13 5 86 5 -63 5 36 5 -36
5 63 5 -86 5 13 5 -11 5 88
5 -61 5 38 5 -49 5 50 5 -99
5 0 5 -24 5 75 5 -74 5 25
5 -30 5 69 5 -80 5 19 5 -5
5 94 5 -55 5 44 5 -43 5 56
5 -93 5 6 5 -18 5 81 5 -68
5 31 5 -33 5 66 5 -83 5 16
5 -8 5 91 5 -58 5 41 5 -46
5 53 5 -96 5 3 5 -21 5 78
5 -71 5 28 5 -27 5 72 5 -77
5 22 5 -2 5 97 5 -52 5 47
5 -40 5 59 5 -90 5 9 5 -15
5 84 5 -65 5 34 5 -34 5 65
