12 60 59 106 104 67 116 19 124 33 51 98 108 5 4 7 93 54 80 45 20 122 97 18 49 53 74 83 32 52 24 42 121 55 125 28 109 36 11 43 21 57 15 100 27 118 111 85 81 8 69 115 30 23 66 86 101 77 3 120 68 107 50 65 35 48 71 72 62 79 95 76 58 39 9 26 31 82 90 75 61 112 102 99 110 0 46 126 56 114 6 2 105 47 44 103 13 10 91 16 38 117 96 41 94 14 64 34 37 40 25 84 92 87 123 70 22 63 88 17 1 119 73 113 78 89 29
101 26 108 99 0 57 79 117 1 44 86 84 104 80 15 13 2 105 66 32 103 69 6 85 81 77 82 28 75 76 45 7 11 100 62 3 31 68 115 29 8 30 64 92 4 14 35 38 72 107 55 110 5 19 126 12 52 95 96 48 106 119 51 67 65 89 63 40 93 98 47 20 121 54 53 123 74 111 49 112 78 22 37 34 118 114 88 120 94 56 102 91 58 116 83 124 87 23 16 73 33 9 24 27 90 41 60 125 50 21 17 46 18 42 43 97 25 122 10 109 36 39 113 70 61 71 59
62 19 3 72 93 70 89 71 66 96 80 26 35 95 39 13 91 97 42 86 47 88 100 106 101 33 79 27 120 68 4 21 32 122 73 65 0 61 83 76 85 126 41 8 114 74 117 59 34 60 115 16 43 54 67 102 5 82 15 29 10 1 24 17 9 92 104 123 18 87 49 99 14 28 38 75 119 63 25 113 103 2 118 46 124 40 109 48 20 64 37 111 53 55 36 94 90 11 31 22 30 105 69 7 52 110 58 121 98 81 125 51 12 112 77 23 57 6 84 44 45 78 107 50 108 116 56
116 92 4 19 64 9 43 1 29 112 11 96 81 31 114 28 47 107 14 94 24 12 23 50 21 121 71 115 89 62 105 63 78 48 57 26 93 80 72 61 65 7 10 123 25 74 109 32 38 41 126 13 3 125 67 53 18 119 35 86 110 60 27 117 44 90 69 88 102 56 15 85 0 51 73 42 33 77 106 49 91 45 101 98 36 55 2 95 79 16 20 54 87 76 8 118 58 37 113 39 34 82 59 40 6 124 66 120 84 30 22 5 104 108 68 122 99 103 70 46 75 111 52 83 17 100 97
55 81 67 83 79 108 60 110 24 75 57 16 15 107 35 97 4 53 103 122 76 66 74 27 86 77 44 72 37 111 42 89 2 56 7 117 106 69 118 9 8 54 58 5 124 39 19 38 32 11 99 17 18 62 96 36 46 87 22 29 121 63 91 70 125 40 0 104 68 114 51 25 61 59 94 14 45 50 13 123 90 48 21 30 85 112 102 105 28 100 64 1 41 49 43 93 3 71 78 73 113 101 98 116 65 23 84 95 33 109 47 119 31 34 115 120 92 12 88 82 26 52 6 80 126 20 10
73 117 122 21 120 92 37 24 62 105 84 58 96 123 54 28 108 112 25 104 12 94 80 119 10 118 23 41 65 106 7 52 32 42 53 49 124 107 33 31 0 111 116 4 11 15 63 13 95 39 66 103 77 3 9 68 1 36 115 40 48 75 87 29 125 93 20 82 99 22 59 44 101 56 88 102 27 74 98 69 114 90 72 38 85 43 76 97 26 14 126 57 64 79 6 16 113 17 51 70 19 91 81 35 71 100 5 34 109 121 30 45 60 47 110 89 78 46 61 86 8 2 18 50 67 55 83
22 99 45 43 23 96 58 60 79 14 55 12 54 74 38 121 44 35 24 3 31 82 0 51 41 122 65 83 57 25 64 8 103 2 17 101 47 69 90 117 36 108 11 6 89 50 1 125 33 27 39 86 61 7 30 5 81 4 53 32 56 126 98 104 88 112 111 29 100 110 116 106 59 28 107 118 67 123 16 48 77 71 21 113 115 85 68 73 78 13 97 92 52 105 120 66 34 114 76 15 49 63 62 84 72 26 87 19 18 102 37 94 42 119 124 91 9 80 70 40 10 93 20 46 75 95 109
87 82 0 18 17 78 93 23 8 76 119 34 33 22 110 25 19 10 71 30 101 37 91 106 4 67 47 122 32 29 92 73 62 51 14 81 26 55 77 54 123 13 53 85 42 11 86 5 60 20 70 74 66 68 56 94 79 97 43 63 103 126 59 16 121 41 99 80 64 113 46 75 21 45 65 49 31 117 72 12 88 83 125 84 50 109 6 7 107 118 116 38 57 36 35 48 114 115 61 124 89 105 111 1 112 58 90 39 69 108 28 27 24 9 2 100 95 98 96 44 3 120 52 15 102 40 104
8 123 89 111 19 95 78 44 29 1 79 115 28 100 46 10 43 40 81 93 34 101 37 126 97 109 22 30 84 114 98 64 54 90 92 87 72 52 102 103 70 77 67 24 96 55 17 62 50 88 11 65 110 68 74 49 20 18 91 104 27 83 80 51 38 107 5 85 58 56 15 57 3 36 61 69 106 124 41 121 94 47 75 31 4 53 113 6 16 13 122 116 86 66 7 120 71 76 2 117 119 45 9 35 48 99 108 60 118 112 21 26 82 33 0 42 105 63 23 39 32 12 125 14 73 59 25
106 46 44 13 21 47 6 56 109 102 72 124 116 89 66 30 37 84 11 96 10 52 45 99 108 50 4 9 121 31 35 83 93 74 94 81 53 48 17 91 8 77 26 60 85 88 115 19 23 117 63 120 3 5 14 43 28 113 114 79 122 33 36 98 104 126 38 20 100 22 110 0 87 123 76 29 15 68 34 61 42 75 125 32 64 39 118 16 80 18 24 86 78 49 58 90 65 59 7 55 105 70 97 111 54 51 27 12 119 82 112 69 107 92 1 71 101 62 67 40 41 95 73 103 57 2 25
50 98 96 42 78 91 111 61 106 26 109 53 7 108 122 4 103 58 99 70 14 89 114 101 112 69 82 56 59 66 60 9 107 93 43 20 120 11 46 37 77 31 22 19 90 24 115 64 40 121 68 105 52 49 10 95 1 104 71 81 38 18 63 23 92 51 39 85 33 113 125 55 6 41 83 8 118 28 21 48 44 97 29 116 62 32 72 100 34 73 0 123 25 119 84 124 27 5 15 86 79 2 57 13 126 16 54 45 87 75 3 36 80 12 30 47 102 110 74 17 35 65 88 67 76 117 94
16 79 31 111 18 71 110 40 17 27 107 125 13 62 73 11 76 9 118 121 2 63 93 49 24 75 22 104 41 94 57 81 60 123 112 51 68 23 66 44 115 106 30 116 92 86 120 46 100 105 59 32 6 42 20 64 95 52 47 78 103 14 74 28 10 85 61 48 69 67 38 117 108 54 12 25 83 21 72 96 119 43 70 4 99 88 8 98 56 37 45 39 15 34 36 126 26 113 97 29 7 87 19 77 58 90 84 33 55 5 91 50 1 109 122 0 102 101 35 3 80 89 82 114 124 53 65
10 119 35 13 23 98 48 86 50 125 120 2 66 6 60 42 34 112 72 81 29 64 57 105 56 69 76 30 17 111 55 85 121 83 70 75 96 12 1 51 97 80 102 21 109 113 9 59 49 104 0 54 38 44 22 53 77 46 39 73 52 124 63 107 74 24 40 91 37 89 18 88 27 11 65 5 25 26 117 100 36 8 14 103 45 82 115 84 110 71 32 126 33 16 61 116 87 94 15 90 123 62 47 78 118 28 92 41 31 19 20 79 3 95 99 68 4 43 7 101 114 106 58 122 67 93 108
87 94 34 109 29 26 17 108 83 49 36 96 38 106 32 40 27 107 13 28 84 118 97 30 37 3 10 103 124 89 113 0 5 15 82 16 86 47 117 104 61 95 21 54 71 111 98 53 41 74 99 116 78 39 45 67 56 70 115 11 81 7 23 122 1 55 121 18 120 75 25 69 72 79 63 35 110 65 2 90 50 105 91 24 22 58 76 125 48 73 60 44 33 102 112 92 51 6 31 8 80 93 68 43 114 20 57 52 123 126 12 100 4 62 14 19 64 77 85 46 66 88 42 101 9 59 119
46 93 43 18 22 2 6 52 54 80 10 114 108 86 68 35 118 121 21 60 122 75 57 71 90 81 50 85 4 29 48 8 124 26 74 40 49 59 30 38 25 12 64 105 41 14 82 31 37 17 32 19 79 61 77 120 100 53 11 76 7 84 55 99 97 101 92 27 115 42 72 88 51 73 3 47 107 87 116 117 98 94 67 45 83 109 16 5 9 20 103 13 56 58 119 126 1 112 113 62 70 15 91 125 28 23 106 34 39 111 24 44 102 123 78 66 110 65 0 96 104 36 89 33 69 95 63
126 40 35 54 51 3 116 46 81 24 120 4 80 114 19 97 91 95 41 15 25 32 77 10 71 69 52 118 21 8 73 42 93 53 100 44 78 101 68 104 48 27 12 43 0 124 111 7 90 64 70 33 20 74 119 123 83 63 34 1 105 87 36 79 49 60 26 108 50 106 9 109 62 11 82 86 65 39 113 112 94 6 18 58 89 13 110 98 67 121 84 66 16 47 125 115 57 72 23 31 103 5 61 30 45 122 56 85 107 92 22 75 55 37 96 76 2 99 29 38 59 102 117 14 28 17 88
25 85 38 74 58 62 105 93 70 69 22 97 103 110 121 71 84 7 33 99 88 109 116 17 126 91 39 113 90 106 55 61 10 66 2 60 107 12 92 67 1 4 42 77 5 73 75 81 114 16 78 48 11 36 95 57 104 76 54 40 29 35 44 41 80 98 101 6 8 111 124 51 21 3 118 122 89 117 46 15 30 94 34 108 65 123 31 64 96 125 79 112 14 24 83 102 53 28 50 52 9 72 119 100 59 63 47 82 32 13 43 26 45 37 23 20 49 86 18 27 19 56 120 115 68 0 87
68 35 46 2 100 1 104 107 63 125 36 37 16 18 99 0 19 73 43 44 29 87 116 11 103 52 5 58 13 76 62 121 109 71 49 53 112 94 78 7 69 113 124 115 67 12 39 108 102 91 48 80 92 88 83 10 6 89 38 72 22 15 59 8 60 4 34 42 120 117 84 123 45 75 20 65 33 40 61 93 118 122 119 27 90 31 24 30 105 126 106 81 82 70 97 41 77 14 54 23 96 110 66 64 50 47 25 9 85 101 74 51 98 21 28 95 56 79 57 114 111 55 17 32 3 86 26
50 26 118 6 96 47 87 66 25 86 11 54 115 45 67 74 43 62 52 73 70 71 46 99 79 93 97 41 95 1 102 49 109 82 48 85 91 69 27 80 36 34 37 60 63 121 84 107 105 57 98 119 64 111 56 76 106 108 110 0 92 72 2 5 3 35 114 123 122 31 75 19 101 53 78 55 21 61 88 100 65 42 59 44 113 9 117 30 12 116 89 10 17 32 58 51 103 90 83 8 15 29 33 22 13 20 23 126 38 40 39 77 68 7 18 94 124 16 81 28 125 14 120 24 104 4 112
19 45 74 40 2 7 36 93 83 6 73 72 8 108 22 55 64 28 97 60 1 76 50 0 62 57 65 112 43 104 101 24 20 111 34 121 26 56 85 106 96 92 52 70 69 13 39 49 21 123 18 89 41 33 38 17 109 107 58 30 61 126 84 9 110 122 125 68 75 80 47 113 46 48 94 90 66 29 78 117 15 102 11 86 82 63 71 114 118 4 95 81 99 16 59 119 5 116 14 54 32 124 10 98 44 51 105 27 37 115 12 88 120 77 100 67 87 91 42 23 3 79 53 35 103 25 31
50 39 51 29 107 28 119 73 90 12 34 112 41 42 104 70 25 120 77 55 123 16 69 6 122 71 0 110 95 60 80 105 8 67 19 75 102 108 126 101 85 21 78 118 58 13 72 79 2 43 94 106 31 7 57 63 59 14 83 89 17 15 1 92 44 82 11 18 37 10 84 22 23 46 87 115 26 88 91 103 125 97 20 36 35 65 54 66 98 124 40 68 5 48 111 99 4 93 76 52 64 81 117 45 56 53 114 24 61 86 100 109 47 9 30 113 121 49 27 38 32 33 116 3 96 62 74
71 77 74 78 47 59 13 95 93 50 110 96 28 19 69 36 25 109 118 6 2 79 43 102 122 67 83 42 27 54 34 40 107 115 11 45 60 117 121 97 100 90 62 7 44 66 10 85 65 113 23 81 88 3 108 55 82 94 68 0 39 21 22 8 89 124 30 105 37 20 73 76 24 123 31 64 17 56 101 86 80 35 46 52 41 103 92 12 18 98 120 87 26 38 104 4 125 15 5 58 126 53 106 75 61 70 84 112 29 99 48 16 116 33 119 72 63 49 1 111 32 9 114 57 14 51 91
77 45 21 29 67 113 88 89 14 58 26 53 68 69 114 49 74 83 96 62 90 42 8 18 124 12 93 94 44 24 7 119 118 36 55 20 85 15 22 60 13 122 0 73 64 33 115 100 86 38 104 92 35 32 101 108 56 105 110 40 87 75 63 2 97 82 99 95 27 84 109 6 25 79 52 31 4 37 98 111 28 70 10 123 72 43 39 91 59 125 107 16 65 116 11 126 81 102 61 117 46 19 112 47 9 3 71 1 106 103 66 34 57 80 54 120 48 23 50 121 30 5 17 41 76 51 78
86 116 22 101 98 30 56 84 109 27 21 34 80 11 126 37 29 69 68 18 31 122 46 51 94 90 59 52 24 112 91 89 93 47 108 63 77 75 64 40 57 97 113 38 28 82 99 102 120 16 33 71 48 0 125 25 96 58 42 76 66 72 81 14 74 4 65 2 117 87 106 36 9 54 124 53 123 119 19 44 67 104 114 7 35 12 70 100 73 39 111 6 41 105 3 95 62 78 50 13 60 17 5 8 26 32 118 10 92 20 49 121 83 61 115 103 88 43 107 23 85 110 45 55 15 1 79
119 58 25 63 92 50 94 89 15 4 57 91 43 86 125 123 69 47 121 9 96 38 82 52 34 12 116 14 80 35 39 88 90 66 118 122 6 71 42 49 20 26 120 1 124 74 68 83 112 75 27 109 51 85 3 40 62 45 84 126 55 5 19 28 53 41 81 32 29 16 18 113 48 60 56 37 33 110 76 99 44 22 98 77 54 72 61 117 79 101 2 21 100 95 23 108 73 11 17 0 36 106 114 70 105 97 104 31 59 13 107 65 103 10 46 24 8 67 87 7 93 30 115 78 102 111 64
35 13 52 93 112 22 87 57 109 42 75 80 7 123 46 114 74 70 12 81 78 39 2 31 84 56 110 91 45 88 21 116 96 92 117 44 124 51 37 111 15 97 82 98 38 79 16 103 43 71 28 17 50 118 99 20 120 3 32 4 63 1 65 47 10 86 36 121 69 27 55 62 11 9 61 26 8 0 107 101 115 33 76 19 23 102 53 18 59 77 29 34 24 58 66 14 113 41 85 83 49 108 126 104 6 106 89 30 60 25 5 72 100 68 119 64 94 125 48 40 95 122 105 54 73 90 67
26 38 49 116 43 120 23 1 19 96 125 56 64 118 3 11 84 102 39 121 114 117 33 110 108 90 18 21 37 46 8 34 66 63 50 16 99 5 58 41 85 94 61 62 81 70 52 124 9 10 101 54 89 91 20 88 109 30 4 22 51 7 76 87 103 75 104 106 60 45 100 42 77 92 98 68 36 48 17 24 122 112 29 40 97 119 14 111 59 35 73 72 69 47 6 80 25 83 32 95 71 113 123 28 55 78 15 86 115 82 13 53 74 31 79 93 27 44 65 2 107 67 12 105 57 126 0
10 115 74 76 86 37 99 12 77 92 113 39 61 22 114 82 14 18 69 42 19 83 94 109 27 66 126 40 107 46 0 104 54 20 15 7 36 24 111 100 122 87 70 98 38 67 11 108 79 26 25 80 91 110 28 73 96 89 120 51 8 29 123 103 47 102 6 9 64 17 101 85 71 105 2 1 4 32 68 31 59 5 118 124 121 95 117 52 72 116 49 44 33 97 23 57 55 3 53 65 84 21 41 45 48 56 119 78 81 34 58 125 16 75 112 62 63 60 93 50 90 88 13 35 30 43 106
88 11 92 101 112 113 32 95 53 68 114 107 2 37 63 4 65 61 77 100 120 104 31 18 115 26 25 43 27 23 91 24 10 34 64 8 52 86 22 81 1 74 47 82 122 94 90 99 12 44 126 66 67 60 15 36 106 16 98 62 33 56 72 79 73 58 46 39 105 109 30 54 7 41 28 75 85 125 70 124 17 111 38 89 5 29 87 93 20 116 80 110 117 76 3 59 57 69 55 83 121 71 108 96 97 102 123 40 13 78 42 84 50 21 6 51 103 48 119 118 14 45 35 9 49 0 19
71 44 53 32 26 19 88 36 52 105 58 110 116 35 61 106 121 101 62 96 56 109 91 69 13 89 124 92 95 54 99 50 47 15 3 94 72 123 20 43 30 8 46 2 100 39 64 37 23 111 18 126 112 82 66 76 113 28 73 10 40 67 85 115 77 108 49 120 117 84 125 103 119 122 29 70 55 93 0 102 33 27 17 41 51 86 83 63 60 114 48 79 22 25 24 45 4 81 104 107 78 6 97 80 7 68 90 75 14 98 87 59 11 65 21 16 57 12 42 9 1 5 31 74 118 34 38
77 6 56 11 61 120 1 108 27 85 81 2 36 111 4 70 97 35 114 62 94 75 49 44 41 112 80 123 89 53 126 31 5 28 19 71 95 63 106 8 17 69 91 122 29 67 110 86 12 26 101 32 38 92 72 124 107 20 119 24 58 10 66 76 15 83 52 30 14 9 98 68 82 78 16 84 45 64 60 47 118 115 21 34 54 51 22 105 96 116 93 18 46 55 50 99 102 74 59 39 103 23 57 48 73 100 88 37 43 121 87 90 3 113 7 42 109 79 13 117 104 0 40 33 125 65 25
13 24 125 49 89 79 100 66 31 106 95 101 3 50 121 35 118 37 70 6 58 47 107 84 88 2 71 74 25 98 109 27 112 83 120 48 26 34 67 91 16 116 90 102 9 103 87 21 65 10 77 117 94 123 82 45 92 75 15 68 23 78 111 73 43 119 22 20 12 105 126 33 28 63 29 93 114 32 110 46 124 18 80 53 115 113 57 96 44 5 56 0 60 55 81 122 69 41 30 7 86 76 38 108 39 19 14 4 64 51 40 72 1 85 54 11 99 61 36 52 42 17 62 97 59 8 104
86 97 33 32 14 63 44 1 23 106 46 59 105 6 103 80 125 110 38 113 57 47 101 100 25 12 120 68 107 27 55 53 61 45 49 70 51 54 52 35 64 65 71 74 102 26 82 114 92 4 7 104 108 41 85 8 67 124 91 89 81 50 98 99 9 20 96 10 117 72 83 87 24 111 62 5 88 122 118 18 13 66 17 22 34 126 37 21 40 109 75 115 31 15 0 58 60 3 56 121 76 73 48 28 43 30 2 78 79 116 39 11 95 93 29 123 36 69 90 16 119 84 94 77 112 19 42
3 109 119 17 67 6 58 107 97 125 93 36 41 18 73 65 29 64 47 63 16 2 53 87 115 122 15 85 11 62 72 83 45 69 99 84 1 50 24 66 46 111 78 95 28 35 90 74 44 118 52 96 9 5 91 57 79 4 42 22 100 112 31 7 123 43 82 54 77 110 86 48 106 117 25 8 38 124 12 10 70 71 116 32 33 94 20 101 60 102 88 92 19 75 21 59 13 30 121 40 27 49 37 113 68 51 105 34 76 61 26 56 14 104 80 0 81 120 55 23 114 108 126 39 98 103 89
34 62 40 68 81 28 36 88 58 75 19 122 69 119 10 93 80 53 37 21 51 14 48 13 17 116 9 44 99 126 82 2 72 124 63 43 25 91 67 4 76 92 86 38 30 94 7 96 70 1 31 33 87 107 0 105 121 109 27 11 84 60 89 114 12 85 97 104 32 56 5 83 98 117 120 29 106 49 77 71 57 41 47 50 125 22 26 73 15 78 110 108 101 74 115 39 90 111 42 59 52 8 35 123 23 113 66 55 103 79 24 45 6 18 112 95 100 20 54 65 16 46 64 102 61 118 3
52 39 64 63 110 121 106 37 98 8 16 23 120 12 74 15 66 34 82 67 48 94 118 69 45 6 115 24 30 65 18 49 62 80 29 85 79 101 53 88 7 92 51 89 105 111 25 0 68 87 28 84 20 104 95 123 26 57 116 10 55 22 112 76 3 96 1 83 103 31 43 41 99 102 47 61 27 97 36 75 19 114 125 126 78 33 113 50 59 86 109 72 124 77 117 13 21 93 38 107 54 73 42 58 81 14 100 9 17 32 2 56 122 108 44 4 91 70 35 71 11 60 46 40 90 5 119
104 121 94 118 30 72 65 61 73 58 66 9 82 120 100 93 102 36 45 88 84 25 108 7 125 105 122 50 46 37 32 90 97 119 123 16 68 83 33 6 67 57 92 117 103 49 3 96 77 113 62 19 79 86 95 54 63 109 1 69 31 40 126 85 29 60 80 99 15 43 110 111 48 41 75 28 47 21 2 38 81 59 39 18 74 114 13 14 64 55 12 106 24 101 112 70 116 44 71 35 23 10 115 0 22 87 124 89 34 52 98 17 91 56 42 27 51 20 78 76 8 11 26 4 5 107 53
16 14 58 39 55 96 124 2 97 91 84 41 28 7 26 22 92 103 12 107 113 35 117 8 51 57 81 88 120 75 73 25 31 115 46 19 44 23 15 109 68 18 111 69 99 63 1 3 67 116 89 86 42 100 6 30 76 104 34 64 29 108 122 66 59 71 82 87 45 5 52 112 20 47 123 70 119 102 98 49 56 48 74 21 24 85 101 50 105 93 72 0 125 53 65 60 17 33 121 95 36 114 94 37 78 32 110 118 9 27 40 38 106 10 62 54 90 13 80 61 77 79 43 4 83 11 126
22 89 40 117 64 97 99 57 77 61 16 98 38 82 51 118 121 44 119 112 20 75 26 105 60 42 33 72 68 126 123 103 52 85 73 47 122 14 63 30 3 109 25 55 1 58 18 2 37 114 115 9 11 48 101 69 78 93 90 7 50 45 46 88 81 41 104 70 5 29 65 106 92 91 43 76 110 86 49 83 6 27 32 84 111 79 39 54 87 15 120 4 19 100 102 21 24 31 62 56 0 34 94 35 108 71 95 96 116 124 80 125 36 107 67 53 28 13 10 12 113 74 23 8 17 66 59
44 49 55 65 12 80 62 111 58 112 110 94 31 104 102 46 78 1 64 114 47 85 72 126 83 124 98 14 105 26 81 103 100 43 123 36 82 59 10 5 71 69 99 92 30 106 27 118 113 79 29 51 53 8 19 125 13 33 3 93 68 70 40 35 86 24 119 74 88 121 67 38 25 76 4 16 90 50 45 41 23 120 0 17 18 57 116 42 66 2 20 56 21 52 101 61 115 89 60 54 7 73 15 117 39 122 28 107 48 77 34 6 75 11 37 63 96 32 91 9 97 87 95 108 84 109 22
95 3 10 17 21 6 115 124 64 26 93 37 54 117 57 101 8 28 90 34 70 35 91 22 40 87 89 92 15 44 72 48 67 49 11 125 102 2 85 51 33 75 83 107 58 19 106 74 121 52 53 96 16 105 123 47 69 119 31 108 71 80 25 76 78 94 14 45 39 27 56 104 118 7 60 59 42 50 109 86 43 61 113 46 82 66 41 111 99 65 112 110 32 13 63 1 97 20 12 30 36 120 114 84 23 79 73 88 24 29 4 98 0 100 81 18 5 77 68 103 62 55 116 38 126 122 9
95 69 90 14 13 54 96 26 2 27 87 98 52 74 37 122 8 61 78 93 120 38 114 25 67 104 62 109 55 50 107 70 46 71 48 86 59 84 73 29 121 65 44 42 1 115 99 5 3 31 116 22 32 106 11 17 81 91 92 4 30 97 43 9 94 40 76 126 36 82 108 23 83 21 66 88 47 20 0 75 100 60 125 58 124 123 24 53 79 118 85 51 18 6 112 49 89 80 34 63 28 19 35 16 77 33 15 7 64 117 68 110 39 10 12 41 72 101 111 57 103 102 119 45 113 56 105
49 94 43 69 96 2 100 121 36 18 32 63 83 8 74 5 24 70 14 33 104 112 9 12 6 7 98 89 76 102 62 124 42 27 45 30 41 101 91 61 51 123 38 66 15 80 75 58 82 48 0 39 84 60 17 47 46 22 115 71 126 4 88 50 13 119 67 78 64 118 44 11 113 114 92 72 86 117 105 73 1 107 29 37 111 110 120 99 3 31 23 21 56 68 54 20 16 103 109 108 25 26 125 87 65 81 53 10 122 28 35 106 93 59 19 95 116 77 57 52 97 85 40 34 55 79 90
71 15 54 52 40 62 30 107 39 43 21 108 74 16 2 35 12 102 63 25 49 86 83 34 56 121 78 93 80 87 76 53 112 116 28 3 82 41 38 122 65 7 60 1 101 59 18 85 92 55 77 68 88 33 124 120 114 36 69 0 10 32 47 22 100 90 23 67 51 98 46 119 126 5 72 113 96 9 17 42 29 44 50 6 123 19 24 20 84 31 75 58 37 125 89 64 8 115 106 105 48 110 61 27 81 97 111 13 66 104 45 91 94 26 70 118 109 79 95 103 117 14 73 57 4 99 11
92 95 28 116 117 86 98 3 69 59 82 74 71 38 79 118 105 103 57 31 0 97 90 108 13 24 6 1 73 20 70 119 104 22 111 68 65 35 19 113 53 91 49 64 21 60 106 37 44 114 25 30 29 99 18 26 107 125 67 122 39 5 10 102 80 81 43 52 83 47 27 85 51 14 75 58 126 61 40 32 88 123 55 50 93 11 12 17 84 96 62 101 23 33 112 8 120 7 121 66 16 109 124 115 110 36 72 94 45 54 48 56 46 87 15 9 2 42 78 41 63 77 34 89 76 100 4
27 126 102 83 24 90 50 125 85 29 28 99 82 107 69 78 11 65 121 80 124 96 63 115 67 66 89 95 51 34 81 116 32 60 113 33 8 53 100 17 2 77 44 46 41 94 59 112 13 101 87 104 1 47 3 43 119 14 9 22 38 39 120 19 62 30 15 0 93 31 106 45 5 91 111 79 92 68 110 56 61 122 54 7 58 4 23 36 57 74 105 49 16 76 84 12 70 18 73 114 6 10 123 42 48 26 72 55 117 88 20 35 86 103 37 98 40 97 71 118 75 108 25 109 64 52 21
82 48 24 0 76 29 79 104 101 124 34 123 19 25 68 21 17 89 115 109 75 112 44 108 102 73 45 36 39 63 66 69 18 33 42 114 3 32 46 23 60 31 62 120 43 22 2 7 77 40 118 20 98 91 94 107 119 8 58 38 110 117 16 111 113 65 49 83 5 56 35 86 100 121 67 71 88 85 26 28 87 37 106 95 125 30 105 52 10 55 11 64 126 122 84 15 99 81 50 47 70 92 97 74 27 78 72 59 80 54 4 90 51 93 1 57 103 6 116 41 12 96 61 13 14 9 53
13 123 31 45 124 126 5 34 7 115 82 74 32 24 92 25 113 72 120 78 29 33 36 101 67 1 118 88 17 3 16 63 117 83 122 18 58 59 96 108 97 109 57 28 49 102 94 112 41 65 106 43 10 73 89 0 70 93 52 22 12 9 55 99 20 44 125 61 38 69 35 39 84 110 50 53 86 2 40 77 21 104 103 23 68 87 15 91 64 107 46 30 75 119 26 54 98 11 116 81 111 37 6 4 51 114 71 19 42 66 95 121 27 76 100 80 48 14 62 85 105 47 8 90 79 60 56
78 54 35 83 47 24 59 2 110 121 86 39 0 19 73 111 96 71 81 101 51 15 100 125 87 109 113 18 25 114 8 65 52 45 58 33 41 123 64 44 126 30 56 70 72 22 119 16 75 94 88 92 27 34 97 104 120 20 118 36 23 112 107 32 102 37 67 11 31 80 122 106 7 108 1 91 69 17 38 42 105 4 99 84 50 5 57 3 61 53 63 21 82 66 49 14 43 55 115 6 62 89 77 9 117 79 98 26 28 85 10 68 93 124 90 13 76 46 12 29 48 116 40 60 95 103 74
43 110 2 126 124 51 11 89 52 57 22 78 17 31 103 79 64 24 91 32 84 12 16 107 72 34 120 67 9 35 82 26 13 112 115 105 4 33 101 36 14 21 92 113 71 119 81 93 88 96 42 55 95 56 99 28 106 19 5 80 25 102 77 54 58 29 108 47 104 45 49 69 20 98 23 76 100 59 75 87 109 41 65 0 73 38 62 7 111 46 66 90 50 27 86 8 122 44 97 94 116 39 6 30 48 63 114 53 74 37 3 83 60 117 85 1 18 15 68 121 70 40 10 61 125 118 123
13 8 69 67 59 108 4 72 73 9 75 58 86 94 22 21 46 83 112 43 26 39 113 14 27 12 78 111 61 105 2 102 0 90 17 85 34 37 106 18 96 51 44 64 19 92 54 25 16 47 118 29 114 100 77 36 65 35 82 123 87 68 79 80 88 23 84 110 56 28 63 49 60 71 33 109 124 1 20 31 52 119 74 76 6 24 103 98 15 93 38 107 40 121 53 62 11 81 89 116 55 10 99 3 120 104 30 42 91 125 57 126 101 5 66 115 97 48 41 45 122 32 95 117 70 50 7
100 23 37 113 24 43 86 48 10 110 75 29 72 44 5 40 121 82 61 76 66 50 126 35 91 26 90 94 103 101 88 30 70 45 115 11 27 57 123 16 84 34 98 114 117 39 38 18 68 71 87 60 25 22 65 0 46 2 97 93 13 73 89 125 64 9 112 52 21 56 79 49 74 53 107 28 54 4 41 109 42 95 36 104 63 118 102 111 51 83 17 116 32 105 14 67 122 69 33 108 58 81 96 99 78 8 55 62 124 31 7 12 19 15 92 20 77 106 47 1 80 59 3 6 120 85 119
101 16 12 46 102 37 70 106 97 77 88 50 107 2 99 52 42 96 126 94 35 31 38 11 32 36 41 18 111 79 54 21 64 122 8 10 34 125 27 91 109 5 98 22 20 82 60 121 61 100 123 117 89 103 85 74 75 68 53 55 90 65 83 80 33 45 73 29 76 69 25 86 51 39 15 26 87 118 40 6 71 124 112 116 120 62 59 66 92 84 93 110 49 0 58 47 113 95 104 13 105 72 43 108 1 19 28 81 7 44 67 114 3 63 17 9 78 56 48 23 30 57 24 115 119 4 14
41 47 51 1 3 6 5 103 4 34 23 26 46 120 95 79 105 102 10 88 59 83 2 62 25 119 42 113 12 96 39 32 89 110 18 45 100 99 61 65 125 122 111 104 48 43 75 40 63 9 36 82 37 108 114 126 15 22 81 90 117 0 101 70 19 92 98 49 115 16 118 85 35 28 56 93 33 29 123 54 44 72 74 31 60 64 7 20 121 50 71 116 14 58 77 86 69 11 8 38 94 24 73 106 80 17 112 68 27 124 53 55 107 91 67 109 52 30 78 84 76 13 97 66 21 57 87
19 49 88 90 72 126 34 89 1 100 10 46 33 9 8 106 113 83 52 108 118 87 81 53 5 67 99 92 29 18 47 79 30 25 44 121 76 58 64 31 94 2 60 55 12 65 101 82 122 123 23 28 63 103 85 124 109 41 104 48 111 3 59 69 75 70 110 97 0 74 11 45 16 57 96 35 42 39 38 77 114 40 84 50 98 107 66 112 24 14 105 4 13 54 117 91 21 62 116 56 17 125 20 32 61 51 86 71 93 7 37 36 15 102 68 115 80 78 119 26 6 73 22 43 120 27 95
64 80 35 33 54 28 27 84 73 63 118 62 82 52 78 114 0 48 32 93 122 83 105 4 50 120 115 126 89 95 125 58 90 106 66 124 86 112 87 77 91 44 121 5 47 6 108 92 23 14 123 57 53 45 61 85 34 9 88 15 21 49 60 17 1 100 46 37 71 99 31 72 75 117 12 59 8 2 97 38 102 113 109 74 41 11 103 116 25 26 79 36 30 101 98 3 13 107 69 10 81 22 96 40 29 56 39 24 76 65 18 110 7 16 111 55 51 94 68 70 104 119 43 67 19 42 20
39 76 70 26 78 63 38 93 27 83 28 40 65 94 126 34 82 106 19 11 107 1 105 52 13 109 15 87 14 22 84 43 47 54 72 10 32 119 18 16 61 85 30 49 36 81 116 42 103 90 4 31 53 44 58 35 89 104 12 50 29 3 20 98 74 120 113 111 25 123 112 68 125 45 77 110 2 108 46 17 33 95 117 96 99 23 79 80 41 37 97 100 57 124 55 21 7 92 24 48 71 118 115 56 75 114 59 51 62 101 86 73 102 67 9 122 5 60 6 121 66 69 8 0 88 91 64
85 67 15 7 75 27 78 117 10 60 33 5 122 123 70 103 43 35 0 54 25 118 79 59 53 51 72 90 124 74 13 93 83 63 34 3 50 111 99 95 108 112 125 42 73 86 8 45 104 107 1 119 44 120 96 37 28 76 30 4 2 39 58 36 100 82 92 12 88 24 29 105 55 71 64 9 77 41 6 69 61 11 98 89 38 17 16 101 97 65 109 84 110 87 68 40 18 49 48 113 23 26 47 115 52 57 56 114 102 46 94 22 91 66 19 126 62 20 32 14 21 31 121 106 116 80 81
33 21 42 10 73 80 51 31 34 32 124 20 126 93 101 70 16 1 75 45 12 7 125 57 14 107 113 114 102 99 69 24 8 49 109 119 38 15 77 88 53 121 120 48 123 108 22 5 85 122 63 64 19 0 115 54 44 97 84 110 90 59 116 95 56 4 118 13 112 37 74 58 71 87 29 94 36 65 2 91 47 30 23 89 28 17 3 26 111 72 60 61 11 68 103 81 43 9 35 78 67 92 96 66 82 18 39 40 55 52 46 50 27 117 98 62 106 25 100 86 76 83 6 79 41 105 104
35 94 77 3 16 65 15 32 74 73 40 105 108 125 106 45 44 93 70 122 53 52 24 112 116 14 5 85 38 59 89 118 126 104 75 61 12 115 67 9 103 11 29 60 97 63 72 88 117 6 27 123 7 21 90 20 111 50 57 25 98 48 19 47 1 113 83 22 66 124 13 36 78 92 26 10 0 79 107 82 28 96 110 2 109 30 81 84 39 51 86 4 23 71 58 95 37 76 17 114 42 62 46 80 33 121 43 68 56 119 34 91 100 99 49 31 101 69 120 41 64 8 102 18 87 54 55
61 41 88 118 19 50 77 120 54 5 57 76 22 123 106 51 96 55 98 40 66 52 97 21 10 56 25 109 121 58 42 125 100 15 11 124 83 62 20 85 0 105 18 80 43 110 63 115 108 7 36 35 102 90 84 23 93 30 87 75 117 28 9 71 73 47 14 89 33 69 3 37 111 81 49 74 114 91 116 17 86 46 2 44 27 39 101 59 72 26 34 65 68 70 12 119 29 103 94 104 92 32 64 53 45 113 60 48 24 6 99 1 8 31 126 95 79 112 78 107 82 122 13 4 38 16 67
0 82 41 23 73 90 104 7 16 48 81 17 39 33 10 30 117 89 124 103 86 85 102 67 20 118 84 106 57 96 53 100 75 114 105 111 35 55 5 19 27 6 49 28 123 38 15 110 116 62 9 50 92 18 77 13 4 51 14 69 31 65 29 126 99 52 56 22 74 108 11 76 87 42 8 46 72 80 21 79 107 121 98 68 63 93 119 2 109 113 66 12 54 44 125 60 36 43 40 34 115 71 94 97 122 24 37 1 61 78 83 58 3 88 26 112 59 45 101 32 120 95 70 25 64 47 91
33 46 40 39 86 91 11 48 15 110 74 55 7 28 1 19 32 44 121 54 118 89 106 63 73 30 6 79 36 71 104 68 23 3 117 125 9 101 98 62 24 26 94 2 47 111 50 92 59 122 29 108 64 114 93 61 99 49 96 10 43 52 17 102 14 119 4 75 27 90 100 41 109 85 95 87 67 60 25 81 37 0 20 22 82 105 8 123 57 5 88 56 115 112 42 16 126 116 58 103 31 77 51 45 70 124 97 83 12 21 18 53 66 76 13 78 38 35 107 84 113 65 72 120 69 80 34
23 63 104 40 50 18 108 68 100 24 119 31 16 49 46 107 126 19 86 78 2 83 91 30 54 116 76 20 58 101 96 28 14 57 114 122 10 17 60 120 99 85 82 6 121 95 11 56 113 43 117 87 38 44 42 26 92 70 47 27 12 66 118 69 80 52 97 103 124 93 88 41 72 112 62 22 106 37 8 33 77 45 64 59 75 73 35 36 7 115 123 29 48 102 84 4 51 79 90 81 65 109 32 3 98 0 1 67 39 5 13 9 105 74 125 71 25 21 53 94 34 110 55 15 89 61 111
105 117 46 34 32 13 16 85 61 68 53 29 62 100 67 15 71 113 9 43 42 14 92 101 1 114 122 25 65 112 45 82 55 107 87 97 64 58 33 115 21 74 30 59 26 3 88 126 41 119 23 38 80 48 83 57 91 90 11 4 2 69 31 79 109 75 0 121 81 7 49 118 94 96 93 95 44 17 8 51 123 5 28 77 110 22 40 116 39 73 56 108 125 78 6 52 104 103 98 111 27 37 76 106 10 24 35 102 66 120 63 12 84 72 36 86 54 89 99 70 18 20 50 19 47 60 124
107 49 33 9 79 69 99 82 63 108 88 95 53 35 89 1 122 4 113 94 36 115 98 40 43 84 2 23 24 78 57 67 39 65 124 42 7 118 16 8 91 18 34 26 77 114 83 62 37 51 70 119 20 72 54 12 21 103 116 112 55 14 3 121 27 75 87 117 73 68 52 31 80 111 47 102 90 58 126 76 85 96 64 109 104 101 110 5 105 123 10 0 32 30 44 81 71 25 74 28 22 41 46 48 56 86 100 11 125 61 106 92 60 50 59 45 13 66 17 120 97 38 19 6 93 15 29
104 88 91 93 100 80 41 76 120 26 117 70 32 69 115 82 6 43 59 28 23 7 35 16 61 51 126 15 18 92 27 62 57 84 33 48 37 22 125 17 2 53 38 86 74 101 5 114 73 20 105 112 75 98 58 95 52 49 67 24 39 65 119 96 118 56 111 50 87 4 29 21 85 121 123 42 103 109 122 83 11 25 124 97 106 8 34 44 90 36 9 81 1 3 60 30 99 77 94 47 71 102 113 55 66 110 46 107 89 12 13 14 116 40 64 79 0 72 45 78 68 31 63 108 10 19 54
41 91 11 62 101 67 60 92 0 121 89 56 124 20 28 85 125 77 93 2 6 54 88 96 58 113 38 90 29 94 44 75 40 25 57 117 61 19 43 21 116 1 114 47 35 7 34 30 39 14 15 48 98 112 79 97 63 18 31 83 24 104 17 69 108 52 36 66 118 10 106 71 109 86 49 8 115 65 51 95 23 126 76 42 122 111 50 5 123 103 32 33 59 12 80 9 16 82 119 26 4 100 78 107 22 53 3 84 70 55 46 105 27 68 37 13 73 99 45 87 74 110 72 102 64 81 120
93 61 62 98 111 41 113 89 12 21 2 32 33 76 37 44 0 46 57 86 36 56 65 58 77 95 16 117 92 87 69 107 49 121 23 79 50 94 45 42 83 31 13 22 70 105 39 71 35 54 125 103 59 68 72 19 78 29 60 97 116 112 17 5 118 67 119 20 26 104 40 75 81 43 73 1 84 64 7 91 109 106 53 24 124 80 82 102 96 90 108 9 74 51 110 55 25 52 27 15 48 122 47 10 88 126 28 6 99 34 114 115 14 85 3 30 4 123 100 101 8 66 38 120 63 11 18
6 114 40 69 27 95 84 80 56 41 109 71 98 61 85 36 20 46 38 35 92 62 115 43 99 52 57 22 18 13 25 77 88 37 10 2 1 47 94 29 97 90 73 58 66 50 15 42 0 83 75 64 126 104 120 19 110 119 30 100 31 108 16 125 121 17 82 72 118 60 93 79 91 8 34 101 7 117 122 105 112 113 51 68 14 33 3 26 123 63 96 54 106 11 86 59 39 45 23 111 4 12 103 5 24 48 87 67 102 55 116 81 44 76 78 32 89 70 9 65 74 124 21 107 49 53 28
25 125 55 82 44 0 34 109 118 42 73 101 66 11 22 17 53 81 21 69 62 72 95 24 94 124 58 90 3 64 16 33 27 26 67 49 116 54 1 2 39 108 40 32 112 57 111 20 10 113 123 23 70 84 41 75 12 120 51 31 88 103 102 5 126 96 59 43 38 80 4 100 74 30 122 121 117 77 18 63 48 46 65 13 56 110 93 61 97 105 8 35 50 92 115 9 78 79 99 45 85 89 6 68 87 19 114 29 91 7 52 83 119 36 76 14 37 86 60 47 71 107 104 15 98 106 28
10 85 3 17 27 1 7 8 74 95 114 11 79 81 84 31 124 86 12 42 91 32 89 90 55 76 92 107 64 116 37 16 54 113 83 21 23 106 88 35 25 4 44 36 82 30 101 125 0 40 123 71 14 118 100 19 5 87 108 69 49 2 63 62 6 68 34 73 29 66 80 38 75 47 65 58 103 126 53 50 112 22 97 120 77 13 61 115 39 46 45 102 26 56 43 70 98 9 78 96 110 60 117 20 41 122 28 72 109 52 18 105 59 51 15 24 121 119 93 57 111 99 33 104 67 94 48
108 43 91 8 96 13 64 11 16 78 88 112 74 105 95 42 5 1 31 35 26 32 57 62 66 39 6 55 56 114 75 80 23 48 106 107 110 17 20 76 111 97 70 27 87 119 82 37 52 72 9 10 22 30 103 115 99 21 59 89 85 93 49 36 53 98 0 118 69 73 77 122 38 3 79 126 47 116 34 44 120 29 65 24 109 104 117 90 68 94 83 2 60 58 101 102 113 50 63 100 18 84 123 40 7 61 19 51 45 12 14 41 28 121 86 25 92 71 15 46 54 4 33 125 81 124 67
70 93 56 94 108 83 101 42 66 81 121 4 102 7 98 63 61 15 51 1 23 119 54 72 85 30 106 82 45 100 126 88 110 122 40 118 8 68 117 80 96 5 13 120 50 16 64 14 115 90 48 76 62 26 78 3 36 27 33 71 39 111 28 24 77 41 0 89 31 104 38 116 44 21 79 87 20 29 9 95 123 55 65 43 58 10 59 112 57 37 105 52 124 97 114 35 32 47 46 69 6 103 60 22 18 49 91 92 109 107 25 17 84 67 113 73 74 12 86 53 34 11 19 75 99 2 125
89 88 46 41 96 74 13 63 7 78 120 80 6 82 125 15 69 104 52 21 119 54 35 113 51 86 85 83 39 77 97 33 71 116 4 92 61 55 59 73 115 28 49 14 25 48 57 123 32 43 110 53 16 79 76 62 12 44 126 91 22 99 26 72 5 111 103 56 10 38 36 8 45 66 18 70 30 24 67 1 37 11 68 27 105 100 114 34 42 23 117 98 101 64 90 40 31 106 93 95 122 58 112 124 118 60 9 87 84 81 2 94 109 0 102 75 50 47 17 65 121 20 19 107 29 108 3
80 89 68 56 72 66 124 107 83 110 33 125 4 77 20 50 112 71 7 19 118 91 96 35 92 13 90 34 115 5 49 54 111 103 15 102 108 22 81 21 59 58 12 126 61 51 114 16 26 67 11 36 17 27 43 18 46 38 105 60 98 93 53 84 97 104 87 75 85 88 79 74 63 73 30 64 94 122 41 28 45 32 57 9 62 101 100 52 119 106 24 31 29 23 44 47 70 76 1 39 120 6 37 42 123 48 109 117 121 99 10 0 86 65 55 14 2 78 113 8 25 95 40 116 82 3 69
76 56 86 69 31 25 116 13 45 91 121 57 23 103 3 66 2 80 89 54 96 71 62 63 52 40 97 77 48 51 14 68 113 9 41 100 88 5 114 92 105 107 10 21 36 118 39 1 38 73 27 29 28 7 109 82 0 35 50 30 43 79 106 99 61 4 111 17 93 72 24 16 53 115 117 94 6 104 85 90 108 70 98 49 20 120 67 42 46 64 18 78 55 124 84 83 102 119 22 19 33 87 101 44 81 126 32 122 58 75 65 59 123 47 60 95 74 11 125 12 26 15 34 8 110 37 112
35 54 69 53 14 71 95 49 79 45 41 101 77 3 72 121 118 12 1 76 97 61 108 36 4 113 67 28 13 105 104 74 23 29 27 8 107 57 109 62 103 56 99 119 111 124 70 65 106 26 89 2 60 15 59 92 88 52 48 93 114 122 58 0 85 10 96 33 30 34 47 115 73 20 46 84 32 86 125 24 126 112 64 87 37 42 83 55 98 78 110 51 50 123 39 7 18 5 80 17 25 117 75 44 66 100 102 16 120 11 68 82 116 9 31 21 90 6 40 38 63 81 19 91 94 43 22
0 73 66 16 43 83 34 18 53 121 94 31 117 114 6 4 26 67 122 92 27 11 30 80 20 7 3 24 90 71 42 78 19 111 82 61 110 33 95 69 58 84 36 75 56 98 65 44 28 10 8 99 109 37 126 102 13 106 52 45 17 103 125 81 107 108 113 22 46 105 62 93 39 38 79 104 29 25 60 70 85 15 32 55 97 88 119 5 118 112 101 86 120 74 59 41 23 116 51 54 87 76 63 77 72 89 57 49 14 1 50 100 12 123 91 35 48 64 96 21 68 115 124 47 9 40 2
10 75 7 37 104 54 86 66 57 46 50 125 34 5 84 30 12 65 80 114 41 19 52 42 67 21 71 100 2 36 93 26 83 22 53 29 44 56 8 118 99 48 87 59 23 64 124 14 79 98 28 1 101 110 112 74 76 122 35 47 4 43 6 73 16 3 120 109 91 85 61 24 116 121 69 119 51 68 81 13 20 92 27 105 126 90 89 60 88 39 49 123 96 82 78 62 9 31 103 107 55 113 45 95 72 18 0 40 58 38 33 111 97 17 117 25 106 94 115 32 63 70 11 15 108 77 102
16 47 8 12 13 86 0 71 57 102 31 65 4 107 5 23 26 126 92 116 59 53 105 67 90 37 63 56 50 70 84 64 3 52 78 61 91 69 125 74 75 32 19 51 41 88 14 76 104 22 114 94 79 100 7 54 18 66 21 29 89 10 113 121 81 45 33 46 58 110 112 11 25 1 119 34 43 118 83 93 120 40 30 60 80 48 77 68 103 49 38 72 87 106 95 96 15 44 24 82 55 28 85 122 99 20 27 73 115 111 124 108 35 6 9 117 36 109 123 98 39 101 2 42 62 17 97
110 108 67 73 123 99 85 120 69 97 88 125 100 34 36 71 12 65 91 52 62 74 109 98 24 117 21 76 86 60 50 57 8 56 20 121 68 46 5 33 92 102 15 41 35 13 119 42 107 38 116 54 122 53 51 39 1 43 3 106 101 55 16 64 47 75 9 87 31 45 96 95 80 23 111 77 59 83 105 18 93 58 17 114 14 22 84 29 6 40 4 66 44 25 30 19 94 26 82 32 48 7 124 0 78 70 103 27 49 118 81 72 11 115 10 63 90 61 2 89 37 126 28 112 104 113 79
81 12 59 15 102 8 118 1 42 93 108 101 51 112 64 74 99 29 88 7 67 60 17 87 110 85 65 49 107 38 122 116 109 30 117 119 18 43 66 11 124 86 35 13 48 27 57 6 105 111 0 103 92 53 123 79 121 22 114 45 31 83 28 89 69 41 10 125 19 113 72 75 96 126 4 24 40 47 73 115 100 61 98 62 120 68 90 94 106 84 3 16 14 52 97 37 58 91 36 32 55 78 54 46 44 9 104 76 20 2 63 95 56 26 80 21 5 82 39 71 70 34 23 77 25 33 50
11 67 1 87 12 115 18 78 63 64 95 38 53 121 91 68 45 7 122 94 112 116 76 31 85 9 21 43 80 19 44 102 110 73 69 82 108 88 74 42 84 89 49 111 124 120 118 90 46 29 2 10 33 56 26 0 107 103 96 59 8 54 55 109 117 32 66 61 70 30 39 123 125 15 93 28 77 92 20 105 126 13 101 25 113 16 75 51 50 106 71 83 14 48 34 60 104 58 3 86 100 79 72 37 98 17 99 114 62 47 22 81 41 97 119 57 40 4 5 23 52 24 27 35 6 36 65
55 61 11 104 41 100 94 91 73 76 22 121 120 27 87 62 25 78 54 92 46 106 32 93 21 96 49 83 58 108 34 26 44 113 82 77 7 24 36 80 98 20 17 81 16 2 109 8 56 118 48 86 3 70 23 126 68 116 75 13 122 59 71 115 97 19 37 30 57 99 29 114 72 111 110 67 84 119 66 33 1 107 51 50 88 53 125 123 47 74 4 6 38 102 31 65 69 85 0 103 105 63 95 18 39 42 79 5 112 60 40 10 64 90 15 28 45 43 14 89 101 9 12 52 124 35 117
97 101 98 57 112 103 88 55 122 74 99 84 72 32 118 25 15 64 13 44 56 78 40 62 61 89 39 29 90 6 105 10 2 59 96 24 37 100 50 123 31 110 30 114 124 81 22 109 60 23 14 48 102 49 95 116 7 27 19 71 20 58 119 120 87 34 121 42 43 113 75 93 38 52 67 68 82 17 18 115 80 26 107 16 70 33 53 94 28 0 106 35 8 66 83 92 41 54 11 63 1 69 79 12 5 73 21 108 86 9 77 45 117 65 3 85 46 51 111 76 4 47 104 125 36 91 126
114 33 98 68 20 126 97 79 61 47 59 69 39 5 73 21 57 120 96 51 102 116 14 19 16 43 52 6 56 77 99 66 46 92 13 44 38 89 41 101 31 87 8 49 106 40 118 58 36 9 29 71 22 7 4 105 76 110 86 27 107 62 67 42 63 112 55 64 84 85 78 35 12 48 90 60 83 108 37 103 104 111 23 17 2 91 65 125 100 94 82 28 113 123 32 117 24 0 34 124 75 122 54 26 45 1 121 109 11 80 88 93 70 30 115 72 95 119 18 53 81 3 10 25 50 15 74
115 46 118 6 33 8 10 80 52 83 41 81 106 39 62 74 14 26 120 40 96 34 67 28 107 97 47 60 95 78 94 51 15 104 100 24 77 5 103 55 16 71 112 0 53 19 11 68 102 119 44 3 87 30 110 38 92 49 116 21 126 98 42 13 50 70 56 54 121 85 114 32 1 29 58 88 36 125 18 113 91 122 75 76 12 117 23 72 124 31 57 66 109 59 63 73 2 64 79 48 89 27 25 69 20 101 9 108 37 4 84 17 35 105 99 61 86 123 93 22 43 82 45 111 65 90 7
78 57 111 99 119 120 91 96 76 47 92 39 18 51 30 83 21 117 52 88 8 10 126 15 13 34 75 29 37 123 7 93 118 33 27 38 103 3 41 106 17 0 20 46 102 80 62 122 113 71 81 73 63 22 26 89 90 60 74 98 9 35 31 59 105 86 28 6 100 121 48 79 56 110 124 108 16 32 23 77 61 112 54 11 68 42 14 114 85 69 45 84 25 24 58 67 82 109 104 19 116 65 55 72 70 40 115 36 49 4 2 5 53 64 43 44 87 125 94 12 97 66 101 1 95 107 50
69 116 77 37 11 117 99 81 6 2 7 98 70 121 120 104 89 3 119 100 85 26 27 96 31 80 43 48 59 10 34 71 101 125 79 57 14 102 105 68 124 108 20 15 16 86 33 53 93 24 84 90 91 126 115 109 30 29 107 52 122 75 45 8 56 28 118 40 1 39 36 61 76 62 13 44 58 51 35 67 12 21 73 38 92 83 17 49 94 97 103 19 18 0 60 32 112 9 72 123 41 106 66 63 88 47 82 113 111 95 55 64 78 25 65 46 22 110 4 5 42 74 87 54 23 50 114
16 52 47 112 40 28 5 22 59 114 103 7 109 0 94 102 15 19 45 76 65 60 123 93 48 42 18 96 95 70 34 77 57 50 58 72 49 43 32 111 83 12 62 118 121 119 6 39 53 64 51 14 69 75 100 23 107 24 117 68 73 105 78 61 120 35 108 116 82 11 26 38 84 89 106 125 41 10 56 2 13 46 8 1 86 81 115 55 9 67 80 30 99 88 97 104 110 71 90 113 29 92 33 66 122 85 25 74 17 63 4 54 21 31 98 36 27 91 126 79 87 20 37 44 124 3 101
56 73 11 125 59 82 85 67 33 92 16 63 79 27 50 71 17 23 26 88 22 46 36 39 37 83 72 18 9 3 4 93 38 121 102 107 75 2 126 30 123 98 116 0 49 19 44 15 21 100 41 45 99 61 70 5 7 76 118 48 29 105 81 65 80 117 42 106 55 108 25 47 64 20 68 101 14 28 115 31 13 103 120 86 34 62 77 53 60 6 90 69 52 97 119 57 1 96 87 114 112 12 54 78 51 124 89 43 74 35 84 122 104 113 94 91 109 110 24 95 32 40 58 111 10 66 8
19 97 9 21 15 123 30 10 95 73 105 23 56 55 29 35 7 109 76 113 27 116 57 117 6 50 122 33 52 24 80 42 39 62 47 44 12 65 81 37 4 67 83 102 69 91 120 107 38 71 49 0 2 82 32 74 111 85 25 86 66 46 17 13 54 98 51 103 5 70 43 121 96 63 99 108 16 106 84 78 14 59 58 126 119 118 124 3 64 40 11 114 45 36 112 20 8 77 61 101 48 31 104 68 87 28 26 125 34 94 60 89 100 41 110 90 18 72 75 93 88 1 79 53 115 22 92
110 9 93 34 82 97 6 28 73 77 15 69 10 0 121 124 27 66 37 5 118 45 26 91 13 4 54 17 36 40 76 120 41 84 11 32 59 113 47 12 53 87 114 63 29 95 78 65 44 46 108 85 101 23 83 111 109 61 94 92 55 18 68 106 115 67 81 74 90 42 89 30 88 38 116 16 1 62 8 71 70 14 19 3 122 24 99 51 98 35 58 100 72 56 7 49 79 117 2 57 123 96 107 103 102 80 43 25 50 112 105 119 104 75 20 125 60 48 22 52 39 126 86 33 31 21 64
71 17 9 77 31 86 11 44 57 82 114 118 94 90 27 104 14 45 43 107 101 80 48 1 7 121 12 22 78 60 66 5 34 19 76 33 79 8 74 28 115 35 3 2 52 81 18 21 0 4 62 30 83 117 59 36 87 26 13 110 124 24 95 89 32 75 88 29 67 116 73 16 58 96 37 111 100 39 70 84 102 6 42 69 15 106 56 85 61 68 98 122 20 51 47 120 10 97 38 123 103 72 64 108 46 105 112 125 91 93 119 109 63 54 55 50 113 92 49 40 126 99 23 65 53 25 41
4 38 33 74 42 73 70 14 56 122 41 6 69 118 81 54 48 21 113 26 2 87 94 61 1 105 104 99 92 36 31 11 125 23 13 20 43 58 108 60 96 110 76 27 116 29 72 40 18 79 16 5 9 52 102 32 114 101 49 0 59 121 117 15 24 62 19 107 103 124 45 53 10 65 55 12 71 80 8 119 100 95 50 7 63 47 51 90 39 88 46 66 89 44 77 35 123 37 34 30 28 83 3 126 120 91 78 85 25 22 98 17 64 109 68 97 67 86 57 111 112 115 106 84 93 75 82
95 64 19 84 72 123 5 41 106 49 102 33 101 74 104 122 100 73 89 120 65 86 6 0 29 68 121 25 63 30 83 36 27 96 111 108 2 12 32 103 97 16 55 40 35 23 15 44 26 92 22 80 91 46 67 53 79 117 125 62 98 85 11 88 82 28 66 110 118 115 39 43 94 113 9 14 21 38 124 61 4 107 37 10 54 52 45 60 59 1 77 93 90 69 48 56 105 50 71 81 99 18 70 20 109 8 7 126 42 76 78 116 119 112 17 31 75 58 51 57 13 24 34 114 47 3 87
63 87 9 44 48 37 106 113 17 42 109 71 77 23 112 26 62 121 60 69 123 43 101 89 49 57 16 122 82 29 116 110 105 50 75 100 124 59 70 94 41 24 19 32 47 35 20 34 39 67 40 68 80 54 99 102 117 119 64 55 76 18 120 97 58 13 78 3 21 2 126 74 125 98 92 96 30 65 73 118 61 5 7 53 66 15 93 91 33 111 36 52 6 45 11 104 31 85 46 108 84 28 115 25 79 0 114 12 14 51 95 72 88 10 22 8 103 38 86 83 1 90 56 81 107 27 4
123 28 41 88 24 10 101 2 115 42 126 12 31 55 43 7 102 72 108 63 97 112 93 13 114 100 17 113 15 46 99 35 19 23 111 107 98 11 124 6 25 120 1 90 57 118 84 73 70 119 58 103 116 64 4 3 45 39 32 49 56 22 83 80 75 5 104 36 65 87 74 81 0 34 91 125 67 26 71 54 122 52 40 20 48 96 106 95 105 121 89 110 82 76 50 59 60 94 14 37 86 9 77 33 21 27 44 29 38 79 66 109 51 16 18 47 69 30 85 53 62 8 92 78 68 61 117
70 71 100 79 23 107 92 112 16 22 6 18 57 30 44 118 113 32 68 69 19 111 14 72 110 55 122 28 77 126 83 50 39 76 125 29 51 105 3 101 11 85 40 61 84 60 109 93 52 120 98 117 37 34 115 7 4 106 82 58 53 104 64 123 94 1 116 108 48 63 13 49 33 5 46 43 2 62 89 35 91 9 80 119 26 47 78 27 73 42 66 87 41 121 65 99 86 102 21 59 20 10 67 103 12 96 54 81 25 0 36 8 75 97 31 24 90 56 95 74 17 45 114 88 15 124 38
