93 75 123 63 11 50 56 71 35 57 121 14 20 40 66 58 116 105 97 36 62 112 120 72 1 26 16 110 113 60 44 47 122 104 70 42 41 87 124 38 96 94 102 25 126 74 68 119 55 64 49 43 61 106 85 95 6 51 76 111 7 88 0 15 86 103 19 2 34 53 125 32 54 100 39 108 24 79 92 22 8 83 9 73 21 109 45 84 30 3 99 29 117 65 28 52 98 114 59 12 18 101 33 27 118 67 48 13 5 4 90 91 31 37 115 46 82 81 80 10 77 78 89 23 107 17 69
100 8 46 38 12 97 31 111 118 17 109 79 40 13 87 58 44 71 99 89 47 70 11 36 19 85 32 88 116 16 26 120 7 43 37 22 74 126 82 41 114 18 51 105 68 4 93 3 104 91 23 94 25 76 112 6 124 15 63 39 96 61 33 53 69 35 90 73 75 54 80 117 55 121 67 77 103 115 1 106 65 122 98 0 10 59 125 101 24 102 86 119 108 92 64 2 45 27 62 110 34 5 30 56 95 107 72 113 81 49 52 9 42 48 29 66 28 123 84 83 60 78 20 21 57 14 50
79 13 40 14 114 90 80 98 36 102 89 85 42 124 65 115 62 50 94 119 91 45 47 49 69 104 0 103 92 70 33 19 35 11 59 97 60 37 111 53 44 71 29 66 56 18 30 75 88 43 34 21 107 48 5 22 15 38 63 64 126 6 54 123 46 52 2 100 3 86 110 10 108 23 9 105 74 83 84 1 17 118 4 76 106 96 116 113 72 61 55 101 95 32 31 26 20 7 77 120 121 25 82 27 73 16 112 57 41 68 109 78 87 39 117 67 125 122 12 58 99 24 28 8 93 81 51
101 29 8 24 92 81 86 57 36 45 49 71 84 119 123 44 47 62 72 20 38 99 13 100 118 95 2 122 40 48 16 112 113 46 54 115 18 43 37 60 1 68 83 52 70 117 78 106 98 15 82 55 125 87 121 12 56 69 64 94 3 27 10 102 6 5 124 33 91 26 35 4 116 42 110 32 11 25 21 67 66 63 22 88 85 34 61 7 0 59 97 41 120 51 104 14 77 126 39 53 31 90 74 105 114 58 17 107 28 89 109 108 103 65 79 80 50 30 111 73 19 23 75 76 93 9 96
122 50 116 1 41 38 16 117 8 12 37 114 74 119 106 99 3 101 97 6 45 24 5 90 66 79 32 70 21 121 102 65 59 123 120 104 11 46 18 86 27 94 71 115 57 89 52 109 31 80 92 48 47 49 36 83 54 118 124 53 91 51 19 56 85 93 7 67 111 35 30 15 43 107 126 39 40 13 14 20 64 108 33 125 103 105 44 26 72 88 17 29 96 73 2 113 110 76 0 61 42 77 9 95 87 82 22 68 78 98 34 23 60 75 10 81 100 58 25 28 62 84 4 55 69 63 112
100 69 77 16 112 10 28 123 95 18 0 66 62 3 54 48 108 63 19 60 25 46 34 89 8 50 80 37 12 83 79 93 85 56 82 59 126 21 65 6 88 96 104 110 30 58 97 120 76 22 5 117 33 99 32 125 55 101 86 29 73 87 36 124 39 103 43 70 78 53 75 118 74 115 7 57 105 27 40 90 23 119 49 42 98 2 31 38 45 61 106 84 13 114 122 26 9 116 107 24 92 102 81 17 113 72 91 15 121 4 41 52 14 1 51 35 68 109 11 20 111 94 64 44 47 67 71
21 84 82 19 59 108 105 9 44 58 4 88 68 64 109 76 78 11 60 5 95 46 6 117 13 65 104 24 73 67 91 97 71 56 3 113 57 120 125 15 32 45 17 85 80 33 83 0 28 93 50 90 81 34 7 30 51 99 22 40 124 66 110 116 55 12 23 14 18 16 111 29 115 70 54 79 39 35 87 77 106 74 42 107 92 123 36 53 72 48 96 118 2 122 98 47 114 41 37 103 8 119 102 69 43 94 89 75 25 62 86 1 27 10 112 38 26 20 126 31 52 49 63 101 61 121 100
60 65 92 54 110 42 6 15 55 29 106 105 93 107 1 26 50 111 87 5 48 90 88 98 115 0 19 69 51 11 67 102 81 37 125 62 27 121 80 56 61 76 113 7 118 84 72 14 126 38 64 25 17 47 99 20 32 117 114 89 123 23 36 44 30 101 91 33 22 116 120 35 18 59 52 77 21 31 85 86 74 122 12 96 43 57 79 34 45 95 83 112 28 40 109 9 63 58 104 70 53 3 73 41 94 108 75 13 100 8 16 71 82 49 66 39 10 103 4 24 68 78 46 124 97 2 119
61 98 39 34 91 50 118 86 93 126 13 89 121 69 84 104 38 41 65 19 64 123 6 30 54 16 37 8 103 26 122 124 21 20 29 109 55 88 35 81 59 43 125 120 80 5 97 87 11 1 102 25 27 101 18 2 115 17 73 51 48 7 113 106 116 68 99 40 74 108 62 12 42 96 114 33 53 94 67 110 31 66 60 76 75 4 83 112 63 117 100 49 77 24 3 45 36 79 119 46 70 72 92 47 111 14 82 9 78 52 95 44 85 56 0 90 105 28 32 15 10 58 57 107 22 23 71
65 17 12 82 51 89 27 35 121 66 8 52 100 40 74 71 109 0 16 19 37 41 54 118 73 21 83 62 106 3 59 9 18 116 23 117 1 124 5 110 10 108 61 122 38 105 36 80 33 6 70 76 44 92 77 58 32 97 43 86 25 88 13 75 91 50 31 79 126 57 14 101 78 45 85 24 56 125 15 120 99 98 96 42 26 123 81 69 102 46 119 53 84 68 4 7 2 95 112 28 72 114 64 93 49 67 39 20 90 29 113 63 60 30 104 103 47 115 11 55 87 94 22 48 107 34 111
115 108 101 12 54 47 97 112 55 122 87 92 73 33 53 46 123 90 19 68 29 8 44 23 50 84 35 20 71 32 91 51 102 62 34 36 79 17 81 11 49 121 80 109 58 10 22 15 59 96 120 7 18 111 37 126 6 5 85 95 4 30 117 66 78 77 67 56 74 118 13 93 70 24 124 116 1 94 0 89 21 31 105 9 3 69 119 125 100 39 113 52 88 25 114 57 28 63 104 48 106 82 72 103 38 16 76 2 14 43 42 75 86 98 107 83 27 61 60 26 64 41 65 110 99 45 40
93 95 75 79 42 100 125 58 78 14 122 65 86 13 43 56 32 84 21 121 9 19 55 109 23 27 18 68 71 113 26 31 77 53 3 115 46 12 30 37 120 34 8 51 89 52 74 59 67 36 33 97 116 106 16 70 76 94 62 124 24 117 91 17 48 28 25 40 39 104 15 5 83 88 118 44 45 101 108 92 4 85 119 99 63 20 105 123 0 66 114 82 61 72 103 126 2 1 98 47 29 87 35 6 96 112 64 50 11 80 60 57 69 90 22 73 107 49 41 54 38 111 81 10 102 110 7
125 100 52 53 4 79 48 67 23 69 14 24 83 37 42 123 116 31 59 28 19 11 82 113 119 29 21 98 76 96 115 36 121 33 17 64 44 18 61 111 60 104 51 62 92 7 13 105 30 46 71 91 106 74 112 126 39 40 75 9 58 3 38 90 1 85 63 68 45 101 114 84 80 93 89 22 108 20 6 15 27 25 87 73 26 49 8 41 54 120 88 5 50 94 72 47 43 81 103 118 10 97 35 78 124 66 110 99 56 55 16 0 86 117 32 122 2 109 65 95 34 57 70 12 107 102 77
64 11 83 88 15 120 85 107 73 79 122 9 96 3 110 94 92 121 5 40 112 26 25 12 62 111 90 77 84 49 65 52 43 76 1 53 114 71 36 47 89 14 116 20 68 78 21 125 39 87 57 72 33 16 97 34 7 95 106 6 67 17 105 63 29 113 38 82 75 117 19 55 4 118 37 35 28 32 123 60 22 115 18 54 48 2 119 126 50 59 61 91 31 30 80 109 56 45 51 108 98 46 86 100 10 101 99 44 102 23 0 27 58 70 8 69 104 93 13 124 74 42 24 103 81 66 41
84 44 55 120 69 12 95 85 100 9 114 35 56 113 59 94 1 15 112 38 13 19 36 34 123 54 25 39 6 80 119 79 97 76 103 81 70 0 118 106 90 126 60 68 5 11 83 88 30 66 65 89 101 122 20 61 45 109 117 111 62 104 96 87 125 31 17 72 51 124 49 82 115 26 47 18 116 29 50 91 99 73 64 21 27 75 33 7 24 23 102 14 10 43 78 42 107 92 98 110 46 71 32 57 28 16 93 77 105 74 67 37 63 52 4 48 86 2 3 41 22 40 121 58 53 8 108
105 48 83 78 29 117 15 27 65 32 97 50 77 40 16 104 111 44 51 73 60 62 3 2 52 47 53 57 120 61 85 86 87 112 49 95 76 75 23 22 37 28 125 113 18 89 91 25 55 30 38 123 108 67 90 98 66 122 69 4 26 81 74 12 70 6 115 24 54 116 106 96 110 19 114 11 71 121 59 92 33 13 64 84 80 101 88 56 119 63 1 94 10 41 39 93 0 17 43 107 9 46 58 7 42 31 124 20 79 8 109 82 36 100 21 14 118 103 68 99 5 72 35 126 102 34 45
78 21 40 51 9 94 116 64 92 43 20 33 111 74 10 77 55 81 113 61 63 91 17 98 4 44 14 104 95 60 52 82 87 12 26 117 7 83 114 112 124 110 37 36 99 30 66 125 54 59 90 80 109 120 119 8 56 19 5 96 69 126 18 0 11 34 48 50 1 106 115 68 3 27 22 24 25 49 102 42 86 39 45 15 121 97 32 122 46 6 76 79 89 31 16 62 101 107 88 29 65 105 72 71 70 41 84 2 118 108 100 57 75 58 123 73 103 85 28 67 38 93 13 47 53 35 23
52 104 73 65 120 124 67 126 2 79 111 8 94 7 14 110 105 49 11 119 118 91 13 87 64 39 53 115 70 43 83 15 3 125 19 107 9 47 78 92 60 50 68 97 54 103 95 99 38 75 55 40 117 56 89 5 46 108 0 122 109 42 101 90 66 32 102 34 88 85 22 10 121 36 6 72 96 44 37 58 69 63 21 123 41 114 61 93 80 86 77 76 59 82 29 35 116 26 23 62 12 27 18 25 71 84 1 113 100 81 16 33 106 57 31 20 17 28 51 48 74 4 98 30 45 24 112
97 109 42 118 66 65 94 92 52 124 102 123 116 32 27 38 54 49 90 39 10 83 20 105 53 35 81 80 6 93 117 51 84 114 1 96 75 73 61 13 4 106 22 107 120 104 29 2 17 62 12 98 68 125 34 79 99 0 28 103 89 113 74 16 112 85 82 63 25 3 77 78 111 76 126 33 121 87 58 45 5 7 9 119 59 30 8 95 86 18 100 43 56 70 108 110 101 15 88 44 40 64 55 50 71 36 23 91 48 67 115 122 19 41 57 24 69 21 72 26 60 37 14 47 31 11 46
38 81 67 94 108 12 118 7 117 63 87 72 37 114 34 90 126 79 111 24 64 74 106 40 100 82 10 16 123 99 105 125 107 18 109 68 113 80 30 112 85 119 13 77 8 23 60 28 59 61 95 46 76 70 0 102 26 42 91 71 47 29 57 98 69 39 56 97 3 11 51 62 48 89 33 44 101 58 43 55 20 75 92 96 31 110 54 41 121 66 78 65 17 45 50 14 32 36 84 116 115 122 5 120 6 73 52 15 2 53 19 25 9 93 27 35 21 124 22 86 88 4 104 49 83 103 1
52 6 86 17 64 4 36 88 95 79 62 13 115 55 54 11 96 106 91 22 101 108 15 103 84 27 18 111 99 82 73 37 12 105 19 51 16 116 41 28 50 59 45 118 9 24 7 63 119 44 8 5 70 126 38 0 104 110 57 1 124 97 32 68 3 31 61 48 53 85 25 35 30 60 23 87 69 100 125 117 39 58 92 123 34 20 98 93 75 10 107 29 21 81 77 122 121 72 33 74 46 90 14 71 102 67 40 56 109 113 112 76 89 2 49 43 114 66 120 83 94 78 42 65 26 80 47
106 56 0 36 97 38 94 18 28 116 45 111 70 67 86 89 32 76 108 115 1 68 46 23 122 48 107 118 39 98 90 91 92 49 83 19 77 34 5 44 99 54 12 62 114 121 66 43 24 25 7 20 82 95 40 61 15 2 126 71 81 74 17 102 42 87 109 112 80 64 27 10 51 3 41 88 100 6 4 73 117 21 110 65 35 123 13 14 58 119 85 55 79 22 84 113 93 33 8 31 60 120 53 63 103 50 29 125 96 59 16 124 101 78 26 57 11 30 104 69 37 75 52 9 47 105 72
125 71 122 40 92 44 126 53 87 54 82 119 43 23 45 115 48 47 85 29 32 14 18 95 103 116 76 22 50 62 123 5 49 6 124 4 60 17 83 97 64 69 9 46 113 37 118 2 16 20 26 66 77 13 104 106 24 86 19 61 51 59 91 107 100 30 57 7 42 68 111 11 73 28 114 52 108 31 109 80 105 10 78 56 96 89 0 67 88 70 93 75 102 21 55 101 120 117 65 84 99 90 110 1 74 25 79 27 12 38 121 3 34 58 35 15 112 39 8 41 72 36 98 63 94 33 81
76 100 28 53 81 21 67 101 126 107 60 52 25 99 22 65 43 0 10 97 92 68 29 72 9 56 32 12 109 35 64 88 11 106 103 63 51 78 124 59 86 122 17 75 19 115 40 54 121 34 112 26 4 91 74 85 120 87 41 77 90 58 94 44 79 37 61 15 80 114 3 38 113 49 89 69 57 62 117 104 33 27 118 1 50 45 7 98 30 36 84 8 116 39 108 95 93 23 2 70 119 71 14 20 18 46 105 13 16 125 31 96 82 6 110 47 66 42 123 55 24 48 73 5 102 111 83
54 82 113 108 29 80 116 86 2 55 112 4 45 46 93 48 114 39 24 122 17 15 6 57 124 75 51 34 58 63 98 53 50 84 43 106 49 77 72 41 83 81 120 119 95 121 30 62 76 26 10 67 40 60 23 37 33 61 14 79 25 68 3 13 66 90 118 16 1 88 52 5 27 64 38 22 8 115 70 56 85 74 104 97 7 111 117 91 89 94 69 99 47 28 110 73 31 103 71 78 100 42 12 92 19 11 36 96 102 101 44 21 125 65 9 18 109 126 107 105 0 59 35 87 123 32 20
86 52 74 102 24 57 17 13 126 43 70 36 66 75 65 0 2 120 76 125 94 21 104 12 81 35 108 45 18 29 44 49 64 109 110 4 96 34 58 68 19 99 92 71 11 54 98 28 106 32 22 90 1 47 8 39 95 119 87 3 10 7 15 46 83 37 55 31 84 27 89 6 26 88 72 5 116 33 93 50 61 80 91 82 78 105 122 59 25 42 51 60 41 97 117 48 101 77 124 23 111 63 121 62 112 67 114 123 16 115 30 118 69 107 20 53 113 38 100 56 85 9 79 40 14 103 73
110 106 59 43 118 101 116 125 30 95 120 111 51 40 77 65 23 73 53 1 74 61 80 54 10 70 4 114 19 25 57 35 34 113 102 86 14 15 67 87 99 18 31 112 22 107 123 115 89 81 24 88 117 79 71 98 84 28 93 104 55 8 11 38 62 85 27 9 82 58 64 16 6 76 126 32 41 83 49 92 20 108 45 72 66 46 94 5 48 52 29 121 122 69 68 33 90 0 3 109 44 105 56 17 124 60 37 96 100 103 91 36 26 12 63 119 7 97 75 78 50 13 42 47 39 21 2
60 44 79 78 50 93 68 10 8 113 106 125 29 23 57 109 104 64 83 81 107 45 4 77 94 19 76 47 72 74 46 51 71 34 21 22 124 75 103 24 59 9 2 114 25 40 69 12 53 115 7 118 120 121 96 97 56 27 63 30 89 66 52 13 110 32 35 26 95 41 42 33 3 84 1 117 58 87 38 88 126 111 54 100 43 85 90 101 16 105 98 49 80 116 20 65 61 28 39 11 91 31 55 108 92 48 122 67 99 6 0 15 14 86 102 112 37 62 36 5 17 73 82 119 18 70 123
99 121 64 115 20 32 88 44 102 12 63 54 118 5 126 26 117 48 50 104 2 73 42 21 10 3 86 92 113 106 119 75 6 30 19 112 93 39 107 85 46 35 98 110 37 29 59 70 125 89 74 65 68 78 83 124 53 62 122 13 40 49 11 17 72 76 58 101 45 8 24 95 96 97 15 90 38 33 0 87 43 91 66 4 51 36 18 67 109 28 82 25 22 77 14 52 79 81 80 100 94 71 111 47 60 108 105 34 23 1 41 114 57 69 123 84 9 55 120 103 7 116 61 31 16 27 56
31 91 41 115 82 8 47 21 81 2 121 13 35 65 71 120 75 83 36 45 88 104 93 74 3 34 6 24 16 52 98 101 66 85 77 25 126 78 54 17 72 107 125 116 49 73 12 119 50 68 38 99 79 60 0 11 32 111 14 102 43 44 69 37 90 48 95 70 76 22 28 92 114 56 20 33 26 84 108 40 10 96 100 53 112 9 4 27 59 42 58 62 106 80 124 94 46 97 57 19 23 18 86 5 117 109 63 123 122 105 55 61 103 118 39 67 15 89 64 1 51 7 29 110 113 30 87
75 26 55 117 46 116 68 38 10 45 113 50 111 91 18 16 25 124 79 71 37 112 33 21 83 56 29 101 64 34 121 27 122 67 31 123 53 36 5 11 81 14 93 62 47 78 114 60 52 2 90 39 12 1 76 41 42 19 58 30 89 107 86 74 82 84 0 106 3 105 92 63 80 24 120 35 119 70 77 20 57 118 48 94 9 40 22 15 115 98 51 96 23 13 4 108 104 69 97 99 54 72 59 17 95 66 44 100 28 61 126 85 7 109 87 6 32 43 49 103 88 125 8 65 73 102 110
78 15 102 5 38 91 126 58 118 81 31 11 1 43 68 117 83 113 100 84 4 14 39 114 71 20 9 42 85 40 115 79 57 112 98 107 0 59 3 19 29 21 105 35 95 120 28 7 23 109 32 87 110 77 108 8 53 88 66 93 63 97 30 50 76 27 73 80 69 51 26 119 89 82 61 25 124 17 104 36 54 47 46 2 56 22 33 121 106 52 75 65 12 64 62 70 49 103 101 116 86 125 18 92 16 99 48 45 24 13 74 94 10 34 96 37 44 60 67 6 90 123 72 55 41 122 111
23 117 31 109 16 115 75 63 78 110 37 18 25 104 4 86 122 19 62 44 24 15 88 118 116 1 20 121 64 14 74 54 9 82 92 36 52 87 120 30 85 80 21 106 2 113 67 50 56 125 123 124 77 90 96 26 48 71 68 47 102 45 69 46 10 34 40 28 108 95 99 41 35 33 119 42 61 107 94 73 49 126 89 5 101 79 57 105 27 6 97 55 12 39 76 91 43 17 13 32 0 83 53 8 103 66 38 59 114 112 81 51 60 93 11 29 70 22 72 98 3 7 65 84 58 100 111
28 40 111 93 0 26 74 60 84 10 82 7 5 14 118 16 45 104 38 31 37 20 112 9 109 24 67 62 76 56 35 19 39 81 61 44 101 64 107 33 50 65 11 115 12 55 108 8 87 71 47 3 75 15 34 41 90 117 97 25 4 88 72 42 83 91 2 23 89 43 58 122 57 123 79 30 92 6 103 94 17 1 53 18 99 21 126 73 32 49 116 120 114 98 110 54 124 80 85 69 78 13 66 63 125 95 119 48 96 22 68 52 106 51 113 36 102 121 105 59 29 100 46 86 27 70 77
25 57 33 37 47 125 81 51 74 101 89 42 85 126 39 0 49 17 38 79 41 14 54 6 58 69 106 110 98 2 56 119 102 21 15 90 105 5 19 68 109 24 52 123 26 9 29 66 112 65 83 96 53 60 43 10 108 27 99 94 78 114 62 7 67 40 121 50 30 88 77 48 32 16 97 113 34 111 64 116 70 4 115 93 72 76 3 61 103 120 35 104 45 107 86 36 118 63 117 28 13 1 71 124 23 59 22 55 20 11 12 75 122 80 31 46 92 91 87 82 18 8 95 100 44 73 84
111 29 10 38 28 93 13 15 59 45 68 69 101 67 83 47 53 58 75 119 37 7 73 56 34 30 81 118 32 95 42 100 46 110 16 102 17 44 1 49 48 76 64 24 79 104 114 14 72 107 55 117 41 62 65 33 113 19 36 124 18 39 71 77 92 91 78 63 25 54 89 70 121 31 105 51 40 116 90 96 85 87 115 122 112 9 125 103 123 61 108 27 6 4 21 5 2 0 106 97 22 43 126 20 11 50 3 74 98 66 120 35 12 84 57 8 86 60 26 109 52 88 99 94 80 82 23
83 40 96 37 102 14 121 80 108 68 46 12 124 72 23 45 76 13 126 87 85 50 93 61 119 63 78 94 73 5 6 39 4 22 29 86 103 97 15 52 17 34 49 9 48 38 122 51 113 64 47 109 16 123 66 21 58 114 56 27 81 107 44 8 95 10 100 74 89 71 60 28 88 7 112 90 57 43 99 116 120 98 67 42 91 30 125 20 25 69 118 36 1 54 92 3 117 18 65 84 33 105 70 77 110 59 82 111 101 2 62 19 75 24 41 53 115 11 104 31 26 0 32 79 106 55 35
35 75 125 74 68 77 93 100 99 5 34 8 50 43 14 59 45 102 57 32 80 84 63 82 121 87 49 120 38 65 118 17 6 26 44 103 55 48 36 115 122 76 20 2 10 39 95 47 116 37 7 28 18 96 15 27 52 51 66 62 78 60 3 24 112 90 64 83 61 88 119 117 123 89 41 33 126 19 109 72 31 71 85 92 101 111 73 11 94 9 30 70 98 69 42 23 81 56 97 25 114 110 4 113 124 12 46 108 58 21 40 67 1 0 79 16 53 29 104 86 13 105 106 107 91 54 22
13 77 25 38 113 31 110 123 95 14 115 78 46 12 44 75 120 27 48 117 93 8 28 118 24 5 26 102 89 29 96 55 69 68 54 7 3 125 11 16 106 59 121 0 67 15 56 111 36 32 47 76 84 90 41 114 71 37 73 9 88 53 87 83 60 103 39 74 42 58 18 72 112 6 19 40 80 10 101 107 79 100 50 119 57 20 23 35 30 126 61 85 64 2 45 124 51 92 99 66 105 62 1 98 109 86 70 108 97 122 33 65 22 94 21 4 82 34 17 116 49 91 52 43 63 81 104
114 19 65 21 34 89 77 71 125 44 78 116 79 83 60 30 35 103 82 5 122 16 109 100 112 18 25 110 10 72 126 58 38 87 4 23 2 88 104 105 73 64 93 74 75 101 66 49 1 92 54 3 24 51 8 85 43 63 27 46 53 62 47 29 13 0 22 52 108 96 84 113 115 15 102 117 99 70 90 20 118 86 81 119 124 120 26 57 59 14 11 9 12 61 76 42 94 55 41 36 123 6 56 50 106 7 68 95 17 98 45 32 37 107 28 111 48 40 97 121 80 31 69 67 39 33 91
28 23 119 69 60 65 46 117 113 21 94 114 104 42 54 12 29 121 64 40 14 20 85 116 90 84 5 51 52 43 67 24 17 11 8 93 89 13 3 76 95 97 98 37 58 125 56 33 112 62 81 92 55 31 126 103 87 78 57 96 83 72 22 30 109 35 44 77 15 49 2 18 38 27 111 61 107 16 91 122 82 105 48 79 45 63 75 10 108 53 19 124 123 74 9 50 118 47 34 26 71 88 73 115 68 70 101 86 0 102 120 41 6 4 110 39 59 66 25 100 7 1 99 80 36 106 32
59 115 72 40 23 112 22 66 70 102 121 114 108 26 38 44 79 25 8 33 105 124 55 61 113 10 82 93 13 30 21 85 81 15 36 69 100 17 34 64 76 117 88 11 6 83 116 86 68 58 80 4 37 16 99 5 42 120 125 53 12 122 103 24 101 48 32 2 123 18 111 60 71 9 31 75 118 0 1 119 65 98 74 78 106 39 51 126 50 77 46 107 110 87 47 56 73 94 29 28 20 3 41 52 84 57 89 63 91 96 92 45 43 35 67 62 49 54 90 7 104 97 95 27 109 14 19
40 3 0 15 1 83 107 75 80 87 17 51 63 19 55 14 106 23 5 61 38 64 21 52 103 76 69 27 57 36 25 96 111 116 74 118 49 90 119 4 72 91 86 18 11 112 126 101 26 7 77 44 89 16 117 98 31 125 54 102 56 20 121 29 37 70 68 99 85 108 34 13 113 35 95 53 48 120 81 79 110 88 2 43 109 39 22 46 82 8 73 60 100 115 97 78 114 28 9 59 93 124 62 12 122 6 84 92 24 67 30 104 71 45 41 123 66 50 94 105 32 33 10 65 47 58 42
80 48 49 90 15 104 102 5 40 87 84 98 0 9 109 14 47 123 42 97 86 85 13 18 119 64 79 115 93 12 32 31 68 101 94 69 11 114 45 46 39 62 23 16 53 76 6 96 88 50 10 54 81 110 122 41 74 19 121 113 105 77 7 1 112 126 38 120 125 99 117 103 107 33 3 108 24 30 63 91 55 66 29 95 27 70 51 82 111 22 4 43 118 67 83 116 52 34 25 65 58 44 75 37 71 21 20 124 78 106 2 26 56 8 57 92 35 60 89 72 73 36 59 61 28 17 100
27 15 102 16 83 78 117 81 34 113 9 50 29 57 116 82 62 121 85 21 26 97 89 65 1 88 36 111 11 93 76 19 80 87 0 107 125 109 23 47 44 8 90 40 33 3 49 67 106 25 53 126 94 115 84 70 60 86 100 17 122 72 68 63 74 7 38 43 73 99 51 56 91 42 110 46 10 54 45 37 41 108 92 55 30 69 64 105 119 20 101 124 24 48 58 123 103 112 22 28 13 18 32 114 104 14 98 96 2 52 120 5 59 77 79 118 4 6 35 12 75 71 66 31 61 95 39
78 82 111 124 66 88 4 72 109 36 61 68 20 25 57 46 49 14 62 54 26 29 38 99 120 93 122 30 70 65 71 35 121 37 2 40 6 13 116 84 48 56 102 39 7 43 98 74 85 103 63 42 3 86 73 101 53 55 125 52 100 79 0 94 22 126 123 91 97 44 76 95 24 108 90 31 64 114 23 105 77 15 34 58 106 12 10 59 75 117 87 110 5 113 92 115 9 45 67 89 41 60 83 8 118 81 33 11 18 112 80 19 47 104 1 27 107 16 119 21 51 32 69 28 50 17 96
122 10 23 15 104 62 96 80 51 47 4 20 65 35 58 108 53 25 117 123 115 45 59 54 109 0 102 18 77 97 50 125 88 2 28 105 83 26 19 110 46 81 107 76 98 94 119 5 71 121 32 85 37 112 106 99 68 40 66 82 30 73 92 93 12 21 7 55 101 56 113 60 78 9 114 63 52 61 74 36 70 11 13 33 34 22 31 116 118 111 91 3 75 39 89 1 90 44 6 16 41 100 8 64 14 42 38 124 126 87 49 48 95 43 24 29 79 86 27 120 84 67 69 57 17 103 72
27 101 108 46 20 119 32 15 98 116 96 69 40 37 104 114 122 30 35 53 111 94 82 67 44 86 24 41 12 48 60 107 90 99 83 117 31 22 65 43 113 52 9 47 81 36 29 84 74 71 91 88 55 42 50 38 100 21 103 72 66 76 93 59 34 124 0 89 75 112 3 109 16 5 105 120 87 1 79 17 4 57 39 19 115 33 54 70 92 110 102 8 45 121 63 80 56 61 25 68 123 77 14 23 95 125 28 51 26 97 118 7 49 106 13 2 58 73 11 6 126 78 85 64 18 10 62
105 18 75 91 108 114 22 3 12 43 103 28 110 16 20 50 104 30 120 126 112 124 118 21 52 53 102 123 13 1 78 86 0 36 62 25 107 109 70 9 55 41 45 51 83 100 77 23 42 90 32 98 11 56 72 111 17 8 122 60 37 67 35 29 68 57 63 10 33 71 94 58 82 113 97 44 80 46 79 76 27 121 47 54 2 119 96 26 85 66 64 14 115 101 59 49 116 4 38 24 65 40 84 88 125 5 48 61 74 99 95 73 89 7 39 81 31 34 69 106 117 19 6 87 92 93 15
26 82 85 66 97 11 95 125 58 120 60 126 6 33 19 55 91 14 63 10 88 36 15 107 102 38 83 122 118 72 53 80 86 46 78 5 17 70 28 104 105 2 84 71 7 35 48 111 12 79 96 29 30 27 90 25 100 69 22 101 112 16 24 32 115 92 52 117 54 40 62 106 87 47 51 50 98 73 114 94 121 18 109 57 56 20 81 4 76 75 41 3 123 59 44 42 1 61 9 103 34 37 93 43 67 0 31 8 23 13 119 108 49 39 65 124 110 99 68 89 21 74 113 116 64 77 45
109 118 126 54 48 74 33 34 5 75 60 13 95 89 125 105 22 2 90 91 57 81 117 40 124 86 70 119 97 16 77 31 7 88 78 61 11 110 28 35 52 112 3 1 123 80 45 106 94 18 64 55 29 39 115 71 66 111 73 114 20 17 63 46 101 53 42 68 14 56 15 113 43 67 8 72 99 122 19 79 104 98 100 30 41 50 38 49 108 69 9 58 102 23 120 93 0 92 12 25 24 103 4 32 44 76 36 116 62 37 121 85 10 83 65 84 107 82 87 6 21 51 27 26 47 96 59
63 122 31 101 73 119 126 88 69 112 47 110 22 76 84 35 74 30 60 64 65 0 5 17 71 14 85 62 37 36 104 21 15 7 32 95 82 90 86 115 56 77 91 44 70 103 121 1 54 108 20 109 92 80 59 13 107 66 26 11 2 9 34 81 83 79 89 111 43 18 8 105 49 67 58 12 102 27 25 99 24 50 16 42 117 39 61 94 52 3 125 124 68 57 98 46 118 106 45 48 28 55 96 123 113 41 40 53 23 51 38 100 93 87 78 6 116 97 10 33 29 120 72 75 114 4 19
122 103 64 86 65 102 107 111 27 32 19 117 109 68 31 66 52 50 74 89 125 123 21 48 29 23 94 80 83 28 78 116 5 93 1 25 6 75 88 47 7 51 87 120 115 69 67 62 37 11 76 105 70 96 14 79 119 26 58 22 16 54 30 71 118 33 56 99 18 40 90 36 34 126 60 124 0 112 81 20 4 98 63 84 61 104 44 38 46 57 17 73 9 85 55 106 100 2 82 15 72 10 77 45 12 114 91 110 41 49 13 8 113 43 24 59 97 92 53 42 121 108 101 39 3 95 35
1 49 60 126 65 110 92 25 21 38 20 9 112 68 58 13 10 74 23 81 5 28 3 93 125 69 67 72 61 96 88 34 75 40 102 83 63 122 89 123 51 45 113 7 32 50 115 19 42 43 71 35 52 85 106 90 4 117 77 78 15 64 12 118 101 116 97 124 73 16 108 39 29 54 22 120 48 44 119 27 98 95 47 55 76 84 103 66 59 80 37 100 26 104 70 30 121 57 107 11 114 18 99 17 109 62 0 82 8 14 94 2 46 36 31 87 91 6 105 111 24 86 41 79 33 53 56
65 0 117 22 120 121 28 46 70 79 81 57 50 114 110 52 38 54 82 95 115 14 62 45 32 86 21 98 16 53 77 100 8 23 5 41 68 109 19 7 24 83 43 113 2 9 39 94 48 75 91 44 59 76 58 64 42 69 4 40 112 71 84 87 12 6 104 126 99 80 72 34 73 10 116 13 90 1 56 20 27 97 60 101 111 123 51 89 15 122 36 37 88 18 102 124 25 119 29 118 96 63 92 125 35 105 93 11 55 3 17 106 67 31 33 107 30 74 66 108 78 49 85 103 61 47 26
4 91 123 11 107 24 74 125 73 32 2 37 14 100 115 6 33 8 81 76 114 34 101 42 28 88 10 121 51 71 90 120 26 87 18 106 31 12 47 22 103 60 59 82 55 84 97 77 110 48 35 0 3 92 78 79 99 53 1 7 49 39 36 17 69 46 61 41 16 65 20 70 19 83 119 80 66 43 109 108 30 58 45 9 15 52 104 118 111 57 85 13 95 86 44 96 40 117 29 112 50 89 62 116 72 124 93 105 64 27 75 25 21 102 56 94 113 98 122 23 54 68 5 67 126 63 38
114 28 60 62 21 75 83 76 16 90 47 37 77 5 115 50 58 35 94 40 110 103 105 29 98 20 42 72 101 108 54 12 81 118 113 85 41 64 80 112 26 63 32 55 74 89 3 100 67 70 25 9 82 8 43 2 116 53 92 84 120 91 0 38 24 119 23 122 86 4 30 31 102 107 51 7 123 61 27 68 11 57 19 121 106 79 109 71 93 39 88 14 1 78 6 65 99 18 111 46 124 34 10 69 73 56 48 96 44 45 22 87 33 15 13 36 59 66 49 125 17 97 126 104 95 117 52
9 82 43 55 23 110 81 94 126 4 76 20 87 67 15 84 48 14 61 102 90 124 24 45 75 119 80 51 117 11 56 59 60 21 69 22 73 44 123 122 104 101 5 12 86 71 111 107 89 70 39 53 113 96 38 105 100 63 18 19 6 65 41 34 116 35 17 106 33 58 26 46 36 52 16 40 98 25 32 62 8 103 57 10 78 91 72 112 92 120 54 85 47 125 66 27 37 13 68 121 118 64 115 74 88 0 83 99 2 3 114 1 97 31 42 93 28 109 30 79 49 95 77 108 7 50 29
67 24 105 71 104 124 54 58 7 35 86 74 102 9 109 30 111 36 55 118 122 81 20 32 68 33 99 84 15 83 41 89 79 28 113 53 78 125 60 80 47 107 6 19 90 18 92 21 123 117 2 57 49 108 126 103 51 85 29 91 43 56 87 59 97 17 75 77 65 26 62 31 45 48 101 16 106 120 64 11 3 1 100 4 72 95 73 66 112 40 63 110 76 93 25 23 114 34 38 10 121 37 39 69 115 46 22 98 12 61 13 70 82 8 50 5 88 42 96 52 0 119 27 116 94 14 44
70 99 37 55 105 13 38 109 83 44 53 107 67 14 56 31 42 10 76 43 30 2 52 116 100 32 74 69 122 66 33 51 112 41 24 92 79 75 0 49 118 102 4 121 78 28 123 1 81 60 68 48 97 90 34 39 12 101 46 96 119 87 58 88 8 91 36 63 50 23 35 80 40 84 22 5 95 6 126 45 19 29 77 7 11 82 27 110 21 115 86 120 72 93 106 57 20 124 114 117 17 61 113 62 26 9 104 108 54 47 65 85 71 111 89 18 59 64 3 15 103 98 125 25 94 16 73
114 87 17 36 24 119 96 85 18 63 32 48 59 37 57 13 16 120 28 55 15 102 21 2 76 80 117 39 7 103 10 70 1 50 74 82 121 113 112 100 35 71 54 27 104 92 60 109 52 81 79 38 94 44 51 110 124 30 47 45 83 14 25 107 9 5 12 34 69 53 67 22 126 99 42 72 93 56 105 40 65 68 19 4 108 73 49 97 111 41 122 64 91 0 123 88 26 90 98 43 62 46 101 33 3 20 125 29 86 84 118 58 78 77 61 6 115 75 8 106 23 11 89 31 95 66 116
87 5 42 53 33 49 73 46 0 37 59 104 117 86 57 51 116 70 97 10 88 112 8 115 65 6 63 90 18 32 114 20 45 74 16 28 44 71 76 7 43 105 64 92 111 79 56 24 31 68 125 11 75 82 55 118 99 96 29 106 83 124 109 61 27 35 50 40 119 12 38 66 91 101 58 21 19 1 108 2 13 81 22 41 25 3 47 4 85 123 107 98 93 26 84 36 94 52 77 120 9 100 48 102 78 54 121 126 30 15 110 67 17 80 34 122 60 39 95 23 89 72 14 113 62 69 103
100 44 3 70 121 8 9 53 102 24 74 83 0 80 61 34 28 88 59 17 123 46 84 7 39 20 38 62 90 15 89 41 119 96 32 58 29 25 78 12 122 5 107 117 106 60 4 85 63 31 113 69 42 94 79 55 2 68 36 101 21 11 103 99 67 114 81 92 47 37 82 87 57 10 26 116 71 6 64 112 105 54 77 27 72 22 19 73 49 95 23 76 125 1 104 118 35 98 56 75 124 16 51 91 126 43 108 109 120 50 33 111 45 93 14 65 52 13 66 40 97 30 86 48 18 110 115
76 98 79 74 27 2 45 106 49 11 95 15 31 7 77 99 113 40 92 62 68 108 38 39 107 34 118 93 63 64 4 66 115 111 23 36 5 124 50 24 3 13 48 9 104 69 32 35 90 37 20 100 116 73 28 10 29 51 81 6 22 84 109 33 26 88 30 12 96 17 71 125 60 78 25 120 70 46 42 94 55 114 19 121 89 123 101 18 21 53 1 119 47 91 61 105 83 82 14 43 8 126 59 44 87 52 102 103 58 16 41 85 122 97 112 56 0 54 110 67 75 86 57 72 65 117 80
124 17 80 98 2 18 93 51 95 55 57 38 117 60 53 114 33 109 23 88 29 11 77 86 13 8 101 48 125 68 46 91 83 54 34 12 107 7 44 111 32 71 21 87 115 14 62 70 105 64 90 1 52 92 106 45 30 20 36 27 94 39 119 24 5 69 37 40 104 19 116 0 9 120 81 99 10 75 3 56 121 126 4 72 85 26 100 63 97 61 67 43 42 108 15 66 41 58 96 28 82 122 76 103 74 84 47 102 110 59 6 31 118 16 22 113 78 49 89 25 123 79 112 35 65 73 50
89 85 15 33 7 111 55 51 4 119 79 116 52 22 50 56 103 124 73 42 86 96 98 28 108 49 95 0 11 39 17 20 92 12 76 99 35 102 125 36 87 34 13 90 38 32 21 115 117 109 122 110 24 58 31 101 44 82 19 113 26 77 6 41 83 100 105 30 61 121 78 64 1 18 65 47 120 81 45 106 29 57 66 25 91 48 104 71 112 75 94 9 43 27 16 72 37 118 5 14 69 114 23 40 3 97 88 74 59 67 8 60 80 70 123 2 63 126 54 10 53 46 93 62 107 84 68
126 23 48 59 80 91 33 83 124 79 111 58 105 16 30 54 82 101 18 85 2 10 55 22 116 108 96 3 120 78 81 123 93 51 115 37 28 77 74 66 38 41 52 109 29 86 53 50 0 14 44 114 88 24 103 4 64 45 117 73 104 121 36 11 34 71 75 69 76 42 92 40 6 5 15 19 84 99 13 67 43 20 57 70 32 90 8 98 89 119 61 21 100 7 26 95 27 12 94 17 110 107 1 87 112 9 118 56 122 65 49 60 102 106 63 31 113 35 62 72 25 39 46 68 97 125 47
61 82 6 1 7 113 96 122 0 63 102 39 123 62 73 35 117 92 12 110 41 2 47 23 33 69 4 121 68 114 98 95 93 78 40 89 109 67 104 44 112 126 54 52 17 16 21 87 85 3 18 116 81 15 49 80 65 25 70 14 58 101 84 46 91 125 83 59 36 53 71 119 97 8 22 26 48 56 100 20 32 74 51 124 13 11 43 55 31 66 111 34 72 90 88 42 108 30 24 60 75 5 106 50 115 105 19 9 38 57 28 45 64 94 76 79 77 99 86 10 29 27 118 107 120 37 103
55 43 99 88 79 75 31 28 4 27 46 39 114 63 37 61 96 30 0 1 64 10 48 113 92 95 72 98 66 86 45 24 21 110 71 26 22 60 85 12 14 7 70 108 23 107 74 5 123 29 3 17 41 15 56 6 100 69 65 19 89 93 59 76 83 87 53 58 16 36 121 103 35 94 54 106 20 8 40 51 2 13 117 122 81 116 42 105 52 90 33 118 73 80 97 67 115 49 32 57 120 91 9 84 119 101 104 38 109 68 18 111 44 77 102 82 47 125 124 34 25 112 78 50 126 62 11
111 48 124 120 9 53 31 108 77 72 52 99 116 117 61 98 95 33 80 104 84 46 25 43 71 66 68 6 118 107 88 110 36 4 87 65 67 60 126 27 82 47 54 106 115 55 22 2 8 93 34 78 24 19 3 101 56 18 102 12 50 125 123 70 112 62 17 89 122 103 75 13 85 76 119 32 105 37 63 113 96 51 57 92 11 41 86 83 91 14 28 42 7 30 114 39 38 73 20 15 23 29 16 1 45 69 35 74 109 79 59 44 49 0 90 26 121 58 21 100 64 81 10 40 5 97 94
22 23 43 2 93 16 41 92 123 74 84 73 32 90 26 102 56 17 27 98 31 87 100 66 121 126 111 62 45 64 59 5 96 54 40 118 94 106 125 6 97 120 76 21 51 82 81 1 46 109 108 10 35 20 48 36 85 91 68 39 63 67 83 80 57 53 88 25 15 0 12 30 124 99 28 34 77 29 71 3 122 107 65 37 50 11 55 14 24 42 112 114 60 49 78 89 110 18 117 33 58 101 75 61 70 47 95 4 104 115 13 44 116 105 7 86 69 38 72 113 119 52 19 8 9 103 79
73 76 112 10 37 63 70 17 81 92 58 114 43 101 94 12 103 59 68 4 6 3 11 38 22 115 20 125 60 102 82 119 75 72 48 86 15 16 47 66 91 41 98 42 23 50 123 78 120 121 97 25 84 28 80 67 111 51 57 7 0 93 122 46 113 85 32 54 109 110 104 26 2 74 71 100 49 5 27 90 107 105 1 8 44 52 99 79 13 89 65 24 95 34 61 117 45 36 29 108 83 87 124 56 64 88 126 55 39 31 9 118 35 106 96 30 21 19 18 69 62 77 33 14 53 40 116
117 73 116 126 72 60 51 30 100 113 29 124 54 108 41 16 107 40 77 21 12 76 87 18 9 31 8 36 59 112 65 7 120 89 88 82 102 11 93 13 4 25 91 5 14 42 118 32 86 50 63 106 49 53 103 26 33 92 99 20 56 123 24 28 78 110 39 61 105 71 101 85 96 90 66 27 58 111 104 22 0 45 125 15 19 84 34 48 6 94 2 109 52 114 55 1 97 38 67 81 80 83 79 121 98 75 69 68 57 122 95 115 35 23 44 74 62 17 46 119 3 64 37 47 70 43 10
2 52 61 33 65 78 122 106 84 107 17 110 90 55 56 62 123 99 10 20 22 18 26 94 3 54 79 45 12 69 46 74 115 8 119 70 66 89 35 28 75 24 124 112 37 91 4 13 6 16 43 104 38 15 53 44 30 77 41 1 58 111 29 73 0 11 64 121 109 31 118 93 60 50 51 83 67 126 7 5 92 103 49 19 105 27 36 21 57 116 82 100 86 34 96 120 63 81 76 108 125 95 88 102 23 14 9 71 101 85 25 98 72 59 39 97 48 113 80 114 117 32 42 87 47 68 40
74 87 64 115 104 116 68 120 84 33 34 6 54 8 71 109 86 48 11 123 39 30 80 7 27 4 44 125 15 119 111 102 122 101 100 1 126 96 56 42 75 40 66 29 37 99 83 32 25 31 9 88 72 103 117 49 124 5 2 10 28 108 91 60 77 41 20 95 47 67 17 52 78 22 16 114 121 12 81 70 26 110 55 46 59 82 113 24 38 79 97 58 51 18 85 112 57 98 63 0 118 19 36 21 93 61 45 69 89 107 65 13 43 23 76 53 62 90 35 14 3 105 92 50 106 94 73
42 67 28 75 2 77 100 1 18 40 76 102 69 70 117 108 94 24 66 82 107 80 3 78 15 101 53 13 22 10 19 54 21 65 83 96 27 64 120 119 20 8 63 6 89 51 29 60 68 44 95 31 92 125 81 34 115 26 0 106 90 9 43 61 72 30 116 79 47 103 35 59 5 62 57 37 113 4 105 122 93 17 41 56 32 85 48 109 52 91 99 104 112 84 74 25 97 71 45 49 98 16 33 73 110 36 88 86 123 111 7 23 87 121 126 50 114 39 58 118 14 55 46 11 124 12 38
12 6 69 59 84 100 14 36 123 24 49 82 16 112 46 62 23 19 96 70 52 85 22 124 56 0 86 105 33 111 72 51 55 87 60 108 76 63 32 58 29 54 103 13 30 44 18 2 93 50 101 117 37 35 97 5 7 118 107 95 15 11 77 81 79 68 17 106 99 26 71 94 57 102 113 73 9 109 74 98 28 89 119 61 31 67 91 65 66 110 41 75 114 120 90 53 122 39 38 8 48 3 40 25 115 64 1 47 121 104 125 83 116 88 20 92 78 80 27 4 34 42 126 10 43 21 45
104 51 115 70 83 78 27 23 35 29 121 107 32 81 47 1 74 48 46 12 24 41 52 96 106 88 49 76 71 64 95 13 18 94 102 38 5 86 125 44 31 105 0 84 10 80 37 112 67 42 57 92 25 26 8 21 73 90 103 65 58 72 4 117 100 66 60 93 45 33 114 62 11 30 111 124 43 20 39 99 56 55 82 101 97 69 9 79 85 19 7 113 118 91 2 54 50 77 6 89 15 17 61 98 87 126 53 63 40 122 68 116 75 16 123 109 14 22 28 34 120 3 119 110 59 36 108
20 35 102 101 105 106 70 90 46 31 57 1 18 89 0 21 12 41 63 77 59 34 17 53 11 56 118 97 109 125 23 81 104 8 69 61 40 78 110 96 126 108 27 124 115 51 42 44 60 111 73 6 19 64 99 16 43 4 94 107 85 30 5 55 113 100 74 62 95 2 14 49 122 39 45 117 24 98 86 66 87 32 114 15 67 121 33 75 119 84 91 80 82 28 83 68 71 29 123 88 92 10 36 79 13 52 93 3 54 72 38 37 48 26 7 76 103 116 25 58 47 120 65 50 112 22 9
51 123 75 47 88 81 80 120 121 70 104 107 89 16 28 72 78 77 33 67 65 44 66 101 58 112 12 1 118 7 0 54 97 68 63 15 87 69 21 119 83 91 11 57 55 60 99 10 113 53 103 124 105 90 27 79 9 32 73 115 23 98 14 41 109 125 13 59 122 74 39 95 3 62 49 48 93 61 100 31 17 82 6 116 18 102 45 71 92 20 84 8 114 56 26 110 42 108 43 40 5 34 126 46 64 24 38 50 86 19 29 85 36 52 35 76 4 2 22 37 30 106 117 25 96 94 111
42 7 87 23 39 83 94 11 36 99 55 50 1 80 91 57 21 62 72 115 47 22 81 26 93 20 14 118 41 85 68 37 51 53 96 98 106 123 126 33 3 121 10 29 32 95 4 79 0 24 2 120 31 110 38 60 86 52 34 97 82 124 16 12 17 100 46 56 25 69 76 61 27 9 112 102 8 122 89 105 43 75 92 74 45 6 66 28 15 48 54 116 78 30 117 88 114 35 49 119 84 77 103 59 90 18 64 101 111 70 13 67 107 113 104 109 65 63 73 19 44 58 71 40 5 125 108
123 114 36 60 124 9 18 49 16 12 37 106 116 92 14 57 88 47 44 29 90 104 117 85 93 99 25 115 98 28 72 33 87 84 11 71 35 81 86 74 24 50 76 52 105 40 118 101 54 100 1 113 4 2 78 89 62 119 15 63 8 45 65 64 56 7 51 109 30 22 120 6 59 20 53 103 13 21 31 10 17 110 61 0 26 96 55 94 19 39 67 5 77 46 80 75 3 126 83 38 32 91 66 23 112 97 43 79 108 73 68 125 70 111 102 121 122 95 82 107 34 58 42 69 48 27 41
29 46 61 118 76 51 18 42 113 13 32 34 107 95 94 111 106 73 101 110 117 33 40 69 54 12 78 8 52 74 49 17 35 122 93 30 10 23 96 115 50 109 44 22 19 14 75 0 45 43 84 60 39 63 82 21 126 68 53 99 47 62 7 120 125 27 72 9 105 79 90 48 92 112 97 26 104 91 56 86 98 80 55 88 20 28 25 83 108 36 2 64 58 5 102 66 77 15 123 31 85 65 1 89 71 59 116 70 38 81 6 119 57 121 41 37 67 87 4 24 103 11 3 114 100 16 124
16 63 39 118 2 15 49 19 80 34 3 13 46 103 26 21 56 35 50 108 96 99 22 7 106 100 109 91 24 58 117 40 98 52 126 6 27 97 53 120 110 17 1 89 14 51 121 32 111 62 31 75 65 57 122 70 29 36 77 116 76 42 86 82 11 123 47 101 72 113 45 41 119 30 54 38 85 10 112 59 12 61 9 90 74 84 78 69 88 107 93 4 23 0 71 67 43 124 48 25 64 66 20 92 68 114 94 104 55 79 18 87 44 5 115 125 81 33 60 83 28 73 105 102 37 95 8
105 102 22 41 124 104 12 24 76 63 47 27 62 15 1 42 9 95 89 57 64 81 82 3 68 29 43 10 83 37 13 91 99 87 45 85 6 97 7 103 96 34 118 86 88 28 18 113 0 125 2 14 19 61 123 100 55 72 26 31 40 65 44 54 51 112 46 74 126 115 21 36 121 122 114 23 98 78 93 30 67 38 117 84 17 119 60 53 110 52 48 111 116 79 5 80 66 39 108 33 90 59 35 120 58 70 49 4 16 94 101 92 106 50 25 75 56 73 11 20 109 69 8 107 71 77 32
99 41 54 18 94 62 68 70 22 107 114 125 71 91 48 88 120 36 81 61 79 93 44 0 119 63 11 38 100 46 113 104 4 31 76 102 123 105 80 9 92 122 53 17 106 10 28 103 116 5 12 50 40 51 124 56 34 2 13 3 83 49 96 24 74 47 111 69 65 25 55 60 14 33 112 29 110 21 43 42 77 72 57 90 86 19 89 6 85 7 66 115 59 109 108 78 45 20 67 64 16 126 97 32 73 26 84 15 75 117 87 98 121 35 1 8 23 58 118 82 95 39 27 30 101 37 52
43 85 41 12 0 126 91 117 123 11 57 3 63 83 6 87 26 44 1 7 49 60 10 29 113 74 125 15 40 106 21 71 75 50 88 78 84 90 67 114 36 99 27 121 65 9 69 82 53 48 76 31 39 13 59 119 107 28 19 45 22 62 68 24 96 55 102 111 52 97 112 33 46 56 30 17 23 94 92 108 14 51 72 122 54 115 25 100 89 70 80 124 37 81 16 73 118 77 35 18 34 5 95 20 116 103 109 64 47 120 86 61 93 105 4 38 104 32 2 101 98 66 8 58 79 110 42
97 77 42 96 23 122 82 41 51 17 64 40 103 44 83 87 102 66 43 118 90 46 36 25 19 91 45 94 24 63 47 125 100 5 88 37 9 54 1 34 52 16 114 13 93 89 92 79 20 50 107 49 38 2 33 109 28 35 22 104 80 71 113 67 111 106 112 72 98 116 61 8 123 4 117 105 10 101 18 21 86 115 75 6 76 119 14 68 121 81 120 53 12 60 0 85 110 58 124 15 70 29 57 55 62 11 26 69 73 3 7 78 108 31 99 59 56 126 32 39 30 84 48 65 74 27 95
57 120 37 119 71 39 76 34 28 13 109 46 97 62 121 51 54 105 58 75 104 110 10 19 126 80 49 3 25 83 114 20 32 21 93 69 100 123 55 8 117 88 86 30 108 78 44 40 66 22 125 23 81 43 35 53 33 98 113 59 111 16 60 11 70 72 68 74 122 36 107 90 7 96 18 89 64 12 99 9 112 95 56 24 17 65 87 15 101 29 5 27 106 85 116 73 1 103 61 41 102 48 45 6 50 26 115 84 118 94 31 63 79 0 38 14 4 47 92 42 67 124 82 77 2 91 52
104 61 121 66 46 44 115 40 41 94 73 82 111 17 4 23 119 108 50 113 81 33 57 77 37 91 103 10 90 63 96 105 107 93 47 20 8 15 124 85 78 65 84 120 11 19 16 39 56 67 109 74 89 98 106 62 45 64 29 97 0 9 122 49 112 118 21 101 88 83 59 72 110 34 126 48 2 114 13 102 28 116 7 75 87 117 123 24 35 100 51 5 99 3 69 6 125 92 31 27 70 53 1 30 42 36 22 95 58 26 18 43 14 76 54 86 79 52 32 12 68 80 60 71 38 55 25
64 23 2 47 105 33 102 117 3 48 34 28 39 52 14 104 67 114 19 90 100 31 84 50 93 107 122 16 101 126 15 112 99 38 95 91 92 22 59 27 13 86 51 36 65 75 113 109 32 29 123 26 83 53 68 40 116 94 110 96 44 61 82 108 60 74 71 62 42 43 57 79 24 125 56 10 76 97 119 124 106 18 7 41 8 46 6 25 21 1 12 118 78 89 115 98 45 73 49 35 11 20 70 30 63 103 4 9 54 77 5 0 121 66 17 111 69 80 85 81 58 55 87 120 88 72 37
51 76 69 79 9 94 38 65 85 68 83 100 31 113 26 82 47 20 25 21 54 45 102 0 14 40 121 114 41 122 37 52 27 99 19 13 5 22 91 86 117 106 84 56 95 123 8 90 24 2 4 107 28 39 11 33 34 64 116 124 50 109 108 88 73 6 30 48 66 81 92 3 72 15 126 10 1 59 74 103 16 71 67 87 115 101 44 36 35 61 118 63 78 55 96 42 43 7 119 60 29 97 110 70 98 32 53 62 58 17 111 105 12 80 18 93 75 104 125 57 77 89 49 23 112 120 46
17 35 70 61 55 10 33 86 68 118 46 16 11 27 23 12 56 100 104 40 15 6 38 0 21 113 107 13 20 76 120 44 108 80 9 79 24 89 115 110 64 5 101 106 4 87 41 82 29 116 47 109 18 49 123 98 58 97 75 32 31 95 39 28 69 119 57 92 25 96 63 59 2 66 124 90 22 50 51 88 48 112 8 103 7 14 102 91 54 94 67 117 81 71 43 125 26 73 114 126 45 85 78 53 60 42 65 105 30 93 77 111 36 83 62 1 121 19 72 122 74 84 37 3 99 52 34
52 63 57 13 85 87 34 50 126 67 37 125 38 7 15 51 23 58 92 116 100 89 40 68 20 74 45 115 114 84 10 0 70 1 77 78 33 64 124 60 55 120 24 48 98 80 41 107 93 8 83 32 54 71 79 102 105 9 73 29 28 119 90 14 113 21 103 121 65 99 109 69 95 3 66 101 118 62 88 5 46 43 42 18 72 47 112 25 31 96 44 16 30 86 26 39 106 76 122 81 97 35 91 61 111 123 108 75 82 94 22 19 4 6 36 110 49 27 17 53 12 56 59 117 11 104 2
74 6 70 114 109 54 116 5 28 71 124 43 13 115 11 121 86 83 25 31 125 35 79 26 123 57 106 107 32 29 8 17 100 4 44 42 23 95 112 119 68 51 85 126 62 59 65 36 64 84 76 113 120 87 72 92 111 14 73 22 91 99 49 34 80 58 77 15 2 81 56 67 88 63 89 98 46 105 33 16 18 12 118 47 37 41 108 101 45 110 39 96 103 52 1 90 27 3 38 104 30 53 94 69 50 117 60 7 21 122 10 55 82 66 93 75 20 24 61 0 48 40 78 9 19 102 97
52 92 81 76 18 41 37 6 104 89 83 11 47 105 22 38 30 116 10 102 101 75 54 77 42 28 125 124 35 63 1 74 17 21 53 111 107 40 97 72 60 32 67 99 4 45 29 3 15 103 109 95 0 39 70 88 59 62 25 64 49 7 19 5 119 31 115 120 68 44 91 55 71 100 65 117 13 73 94 34 27 114 66 121 58 33 8 108 46 61 78 20 90 96 86 51 43 113 48 118 93 122 23 82 123 126 110 85 87 57 14 112 36 12 24 98 79 84 106 80 9 50 26 16 2 69 56
57 49 32 86 90 68 1 33 19 61 94 106 104 34 111 87 24 103 65 88 113 81 59 20 14 120 110 62 80 10 67 36 8 123 89 99 48 118 12 55 41 76 54 125 44 11 15 92 23 84 0 109 43 18 63 124 105 22 66 47 3 91 21 7 119 46 112 98 17 75 53 101 102 121 4 50 39 40 25 5 70 85 83 28 31 56 51 79 30 74 42 95 116 114 72 117 115 9 45 69 93 108 35 16 71 100 38 52 122 13 2 27 126 64 107 58 97 37 73 78 60 6 26 77 82 29 96
38 75 44 118 84 64 35 81 56 107 78 85 72 40 2 13 33 92 23 59 14 34 74 96 70 22 123 50 36 0 91 63 121 1 9 42 54 30 65 73 80 4 11 77 101 122 109 68 55 103 52 104 106 116 102 31 39 87 99 51 71 124 19 7 119 117 15 89 62 12 110 86 93 90 67 6 29 120 115 66 60 47 125 16 100 126 26 5 114 108 20 69 21 48 27 58 95 41 105 79 98 10 43 57 97 76 94 53 17 111 32 24 82 49 61 46 113 18 28 37 25 83 88 8 45 112 3
22 124 99 24 38 60 25 107 125 120 111 93 84 121 96 72 71 104 83 14 68 62 98 70 81 31 37 112 117 61 101 79 85 55 29 12 87 69 78 110 53 28 122 91 39 30 116 21 57 56 73 109 115 35 108 76 47 36 41 32 8 27 80 49 114 33 0 10 52 51 59 86 17 9 15 89 103 118 77 26 113 44 20 11 64 95 100 58 123 54 45 2 65 4 19 74 48 106 16 18 90 82 63 88 102 126 40 34 92 119 66 50 13 1 43 94 75 105 42 46 3 5 6 97 67 7 23
39 14 28 52 118 83 103 80 85 81 2 74 119 5 33 38 93 11 101 20 55 122 79 63 77 18 50 21 58 12 1 49 19 27 86 54 25 53 98 61 30 110 59 113 22 0 65 34 87 6 97 126 89 41 96 108 56 117 107 120 16 100 42 66 72 102 37 23 3 26 105 15 64 116 88 68 48 70 121 90 109 114 95 106 99 13 71 51 4 32 43 29 111 46 10 84 115 17 9 104 73 124 7 47 123 35 112 69 76 125 62 36 67 94 8 75 82 57 78 91 44 31 92 60 45 24 40
