94 31 126 56 15 85 110 48 19 84 114 30 3 63 98 49 90 83 122 28 11 86 106 29 20 61 115 57 4 62 99 50 91 80 123 24 12 82 107 27 16 75 111 25 0 81 95 26 87 76 119 55 8 58 103 54 22 59 117 52 6 60 101 53 93 32 125 35 14 74 109 39 18 73 113 33 2 79 97 38 89 72 121 51 10 69 105 34 21 77 116 36 5 78 100 37 92 47 124 45 13 68 108 44 17 71 112 46 1 70 96 41 88 67 120 40 9 66 104 43 23 65 118 42 7 64 102
31 95 56 126 48 15 85 110 30 19 84 114 49 3 63 99 28 91 87 122 29 11 86 106 57 20 61 115 58 4 62 100 24 92 80 123 27 12 82 107 25 16 83 111 26 0 81 96 55 88 76 119 54 8 77 103 52 22 59 117 53 6 60 102 32 94 35 125 39 14 74 109 33 18 75 113 34 2 79 98 51 90 72 121 50 10 73 105 36 21 70 116 37 5 78 101 47 93 46 124 44 13 69 108 38 17 68 112 45 1 71 97 40 89 67 120 41 9 66 104 43 23 65 118 42 7 64
102 31 94 56 126 48 15 85 110 30 19 84 114 57 3 63 98 28 90 83 122 29 11 82 106 58 20 81 115 50 4 62 99 24 91 25 123 27 12 74 107 49 16 75 111 26 0 80 95 55 87 76 119 54 8 59 103 23 22 61 117 53 6 60 101 32 93 35 125 39 14 72 109 33 18 73 113 38 2 79 97 51 89 68 121 34 10 69 105 36 21 77 116 52 5 78 100 47 92 45 124 44 13 65 108 46 17 71 112 37 1 70 96 40 88 67 120 41 9 66 104 43 86 64 118 42 7
85 102 31 94 48 126 56 14 84 110 30 18 63 114 49 3 83 98 28 90 86 122 29 10 61 106 57 19 62 115 50 4 80 99 24 91 82 123 27 11 75 107 25 15 81 111 26 0 76 95 55 87 58 119 54 7 59 103 23 21 60 117 53 6 74 101 32 93 39 125 35 13 73 109 33 17 79 113 38 2 72 97 51 89 69 121 34 9 77 105 36 20 78 116 52 5 68 100 47 92 44 124 45 12 71 108 46 16 70 112 37 1 67 96 40 88 66 120 41 8 65 104 43 22 64 118 42
7 85 102 31 94 56 126 48 15 84 110 30 19 63 114 49 3 83 98 28 90 86 122 29 11 61 106 57 20 62 115 50 4 80 99 24 91 82 123 27 12 75 107 25 16 81 111 26 0 76 95 55 87 58 119 54 8 59 103 52 22 60 117 53 6 74 101 32 93 35 125 39 14 73 109 33 18 79 113 38 2 72 97 51 89 69 121 34 10 77 105 36 21 78 116 37 5 68 100 47 92 45 124 44 13 71 108 46 17 70 112 41 1 67 96 40 88 66 120 43 9 65 104 42 23 64 118
31 7 85 103 56 95 48 126 30 15 84 111 49 19 63 115 28 3 87 99 29 91 86 122 57 11 61 107 58 20 62 116 24 4 80 100 27 92 82 123 25 12 83 108 26 16 81 112 55 0 76 96 54 88 77 119 52 8 59 104 53 22 60 118 32 6 74 102 35 94 39 125 33 14 75 110 34 18 79 114 51 2 72 98 50 90 73 121 36 10 70 106 37 21 78 117 47 5 69 101 46 93 44 124 38 13 68 109 45 17 71 113 40 1 67 97 41 89 66 120 43 9 65 105 42 23 64
118 31 7 85 102 56 94 48 126 30 15 84 110 57 19 63 114 28 3 83 98 29 90 86 122 59 11 81 106 58 20 62 115 24 4 82 99 25 91 27 123 49 12 75 107 26 16 80 111 55 0 76 95 54 87 77 119 52 8 61 103 53 22 60 117 32 6 74 101 35 93 39 125 33 14 73 109 34 18 79 113 51 2 72 97 50 89 69 121 36 10 70 105 37 21 78 116 47 5 68 100 46 92 44 124 38 13 66 108 45 17 71 112 40 1 67 96 41 88 65 120 43 9 64 104 42 23
63 118 31 7 85 102 48 94 30 126 49 15 84 110 56 19 83 114 28 3 86 98 29 90 61 122 57 11 62 106 50 20 80 115 24 4 82 99 27 91 75 123 25 12 81 107 26 16 76 111 55 0 58 95 54 87 59 119 23 8 60 103 53 22 79 117 32 6 74 101 39 93 33 125 38 14 73 109 35 18 72 113 51 2 69 97 34 89 77 121 36 10 78 105 52 21 70 116 47 5 68 100 44 92 46 124 37 13 71 108 45 17 67 112 40 1 66 96 41 88 65 120 43 9 64 104 42
23 85 118 56 7 84 102 31 94 48 126 30 15 63 110 49 19 86 114 29 3 83 98 28 90 61 122 57 11 62 106 50 20 82 115 27 4 80 99 24 91 75 123 25 12 81 107 26 16 58 111 54 0 76 95 55 87 59 119 52 8 60 103 53 22 74 117 35 6 73 101 32 93 39 125 33 14 79 109 38 18 69 113 34 2 72 97 51 89 77 121 36 10 78 105 37 21 68 116 45 5 71 100 47 92 44 124 46 13 70 108 41 17 67 112 42 1 66 96 40 88 65 120 43 9 64 104
56 23 85 118 31 7 84 103 48 95 30 126 49 15 63 110 29 19 86 114 28 3 87 99 57 91 61 122 58 11 62 106 27 20 82 115 24 4 80 100 25 92 83 123 26 12 81 107 54 16 77 111 55 0 76 96 52 88 59 119 53 8 60 104 35 22 74 117 32 6 75 102 39 94 33 125 34 14 79 109 50 18 73 113 51 2 72 98 36 90 70 121 37 10 78 105 46 21 69 116 47 5 68 101 44 93 38 124 45 13 71 108 41 17 66 112 40 1 67 97 43 89 65 120 42 9 64
104 56 23 85 118 31 7 84 102 48 94 30 126 57 15 63 110 29 19 86 114 28 3 83 98 59 90 81 122 58 11 62 106 25 20 82 115 24 4 75 99 27 91 49 123 26 12 80 107 54 16 77 111 55 0 76 95 52 87 61 119 53 8 60 103 35 22 74 117 32 6 73 101 39 93 33 125 34 14 79 109 50 18 69 113 51 2 72 97 36 89 70 121 37 10 78 105 46 21 68 116 47 5 66 100 44 92 38 124 45 13 71 108 41 17 64 112 40 1 67 96 43 88 65 120 42 9
63 104 31 86 85 118 30 7 62 102 48 94 49 126 29 14 84 110 27 18 83 114 28 3 61 98 56 90 60 122 50 10 82 106 23 19 80 115 24 4 75 99 25 91 81 123 26 11 58 107 54 15 76 111 55 0 59 95 22 87 57 119 53 8 74 103 35 21 73 117 32 6 79 101 39 93 38 125 33 13 69 109 34 17 72 113 51 2 77 97 36 89 78 121 52 9 68 105 45 20 71 116 47 5 70 100 44 92 37 124 46 12 67 108 40 16 66 112 41 1 65 96 42 88 64 120 43
9 85 104 56 23 84 118 31 7 63 102 48 94 30 126 49 15 86 110 29 19 83 114 28 3 61 98 57 90 62 122 50 11 82 106 27 20 80 115 24 4 75 99 25 91 81 123 26 12 58 107 54 16 76 111 55 0 59 95 52 87 60 119 53 8 74 103 35 22 73 117 32 6 79 101 39 93 33 125 38 14 69 109 34 18 72 113 51 2 77 97 36 89 78 121 37 10 68 105 45 21 71 116 47 5 70 100 44 92 46 124 41 13 67 108 42 17 66 112 40 1 64 96 43 88 65 120
56 9 85 105 31 23 84 119 48 7 63 103 30 95 49 126 29 15 86 111 28 19 87 115 57 3 61 99 58 91 62 122 27 11 82 107 24 20 80 116 25 4 83 100 26 92 81 123 54 12 77 108 55 16 76 112 52 0 59 96 53 88 60 120 35 8 74 104 32 22 75 118 39 6 79 102 33 94 34 125 50 14 73 110 51 18 72 114 36 2 70 98 37 90 78 121 46 10 69 106 47 21 68 117 44 5 71 101 38 93 45 124 41 13 66 109 40 17 67 113 43 1 65 97 42 89 64
120 56 9 85 104 31 23 84 118 48 7 63 102 30 94 49 126 29 15 86 110 28 19 83 114 57 3 61 98 58 90 62 122 27 11 82 106 24 20 80 115 25 4 75 99 26 91 81 123 54 12 77 107 55 16 76 111 52 0 59 95 53 87 60 119 35 8 74 103 32 22 73 117 39 6 79 101 33 93 34 125 50 14 69 109 51 18 72 113 36 2 70 97 37 89 78 121 46 10 68 105 47 21 66 116 44 5 71 100 38 92 45 124 41 13 64 108 40 17 67 112 43 1 65 96 42 88
85 120 56 9 63 104 31 23 84 118 30 7 87 102 49 94 28 126 48 15 86 110 57 19 61 114 29 3 62 98 58 90 82 122 27 11 80 106 24 20 83 115 25 4 81 99 26 91 77 123 54 12 76 107 55 16 59 111 52 0 60 95 53 88 74 119 35 8 79 103 32 22 75 117 33 6 72 101 34 93 51 125 39 14 73 109 36 18 70 113 50 2 78 97 37 89 69 121 46 10 71 105 47 21 68 116 38 5 67 100 45 92 40 124 44 13 66 108 43 17 65 112 41 1 64 96 42
88 63 120 31 9 85 104 56 23 84 118 30 7 83 102 49 94 48 126 28 15 86 110 29 19 61 114 57 3 62 98 50 90 80 122 24 11 82 106 27 20 75 115 25 4 81 99 26 91 76 123 55 12 58 107 54 16 59 111 52 0 60 95 53 87 79 119 32 8 74 103 35 22 73 117 33 6 72 101 38 93 39 125 51 14 69 109 34 18 77 113 36 2 78 97 37 89 71 121 47 10 68 105 44 21 66 116 46 5 70 100 45 92 40 124 41 13 67 108 43 17 65 112 42 1 64 96
31 89 63 120 56 9 85 104 30 23 84 118 49 7 87 102 48 95 28 126 29 15 86 110 57 19 61 114 58 3 62 98 24 91 80 122 27 11 82 106 25 20 83 115 26 4 81 99 55 92 76 123 54 12 77 107 52 16 59 111 53 0 60 96 32 88 79 119 35 8 74 103 33 22 75 117 34 6 72 101 39 94 51 125 50 14 73 109 36 18 70 113 37 2 78 97 47 90 71 121 46 10 69 105 38 21 68 116 45 5 67 100 44 93 40 124 41 13 66 108 43 17 65 112 42 1 64
96 31 88 63 120 56 9 85 104 30 23 84 118 57 7 83 102 48 94 28 126 29 15 86 110 59 19 81 114 58 3 62 98 24 90 80 122 25 11 82 106 49 20 75 115 26 4 76 99 27 91 55 123 54 12 77 107 52 16 61 111 53 0 60 95 32 87 79 119 35 8 74 103 33 22 73 117 34 6 72 101 39 93 51 125 50 14 69 109 36 18 70 113 37 2 78 97 47 89 71 121 46 10 68 105 38 21 66 116 45 5 67 100 44 92 40 124 41 13 65 108 43 17 64 112 42 1
63 96 31 88 85 120 56 8 84 104 30 22 83 118 49 6 86 102 48 94 29 126 28 14 61 110 57 18 62 114 50 2 80 98 24 90 82 122 27 10 75 106 25 19 81 115 26 3 76 99 55 91 58 123 54 11 59 107 23 15 60 111 53 0 79 95 32 87 74 119 35 7 73 103 33 21 72 117 38 5 69 101 39 93 34 125 51 13 77 109 36 17 78 113 52 1 71 97 47 89 68 121 44 9 66 105 46 20 70 116 37 4 67 100 40 92 45 124 41 12 65 108 43 16 64 112 42
1 63 96 31 88 85 120 56 9 84 104 30 23 83 118 49 7 86 102 48 94 28 126 29 15 61 110 57 19 62 114 50 3 80 98 24 90 82 122 27 11 75 106 25 20 81 115 26 4 76 99 55 91 58 123 54 12 59 107 52 16 60 111 53 0 79 95 32 87 74 119 35 8 73 103 33 22 72 117 38 6 69 101 39 93 51 125 34 14 77 109 36 18 78 113 37 2 71 97 47 89 68 121 44 10 66 105 46 21 70 116 45 5 67 100 40 92 41 124 43 13 65 108 42 17 64 112
31 1 63 97 56 89 85 120 30 9 84 105 49 23 87 118 48 7 86 103 28 95 29 126 57 15 61 111 58 19 62 114 24 3 80 99 27 91 82 122 25 11 83 107 26 20 81 115 55 4 76 100 54 92 77 123 52 12 59 108 53 16 60 112 32 0 79 96 35 88 74 119 33 8 75 104 34 22 72 117 39 6 73 102 51 94 50 125 36 14 70 110 37 18 78 113 47 2 71 98 46 90 69 121 38 10 68 106 45 21 67 116 44 5 66 101 40 93 41 124 43 13 65 109 42 17 64
112 31 1 63 96 56 88 85 120 30 9 84 104 49 23 83 118 48 7 86 102 28 94 29 126 57 15 61 110 58 19 62 114 24 3 80 98 27 90 82 122 25 11 75 106 26 20 81 115 55 4 76 99 54 91 77 123 52 12 59 107 53 16 60 111 32 0 79 95 35 87 74 119 33 8 73 103 34 22 72 117 39 6 69 101 51 93 50 125 36 14 70 109 37 18 78 113 47 2 71 97 46 89 68 121 38 10 66 105 45 21 67 116 44 5 65 100 40 92 41 124 43 13 64 108 42 17
63 112 31 1 85 96 56 88 84 120 30 9 83 104 49 22 62 118 48 7 86 102 29 94 57 126 50 15 61 110 28 18 80 114 24 3 82 98 27 90 75 122 25 11 81 106 26 19 76 115 55 4 58 99 54 91 59 123 23 12 60 107 53 16 79 111 32 0 74 95 35 87 73 119 33 8 72 103 38 21 78 117 39 6 69 101 34 93 36 125 52 14 77 109 51 17 71 113 47 2 68 97 44 89 66 121 46 10 70 105 37 20 67 116 40 5 65 100 45 92 41 124 42 13 64 108 43
17 85 112 56 1 63 96 31 88 84 120 30 9 83 104 49 23 86 118 28 7 61 102 48 94 29 126 57 15 62 110 50 19 82 114 27 3 80 98 24 90 75 122 25 11 81 106 26 20 58 115 54 4 76 99 55 91 59 123 52 12 60 107 53 16 74 111 35 0 79 95 32 87 73 119 33 8 72 103 38 22 69 117 51 6 77 101 39 93 34 125 36 14 78 109 37 18 68 113 44 2 71 97 47 89 66 121 46 10 70 105 45 21 64 116 41 5 67 100 40 92 43 124 42 13 65 108
56 17 85 112 31 1 63 97 30 89 84 120 49 9 87 105 28 23 86 118 48 7 61 103 29 95 57 126 58 15 62 110 27 19 82 114 24 3 80 99 25 91 83 122 26 11 81 107 54 20 77 115 55 4 76 100 52 92 59 123 53 12 60 108 35 16 74 111 32 0 79 96 33 88 75 119 34 8 72 104 51 22 73 117 39 6 70 102 50 94 36 125 37 14 78 109 46 18 69 113 47 2 71 98 38 90 68 121 45 10 67 106 40 21 66 116 44 5 65 101 41 93 43 124 42 13 64
108 56 17 85 112 31 1 63 96 30 88 84 120 57 9 83 104 28 23 86 118 48 7 81 102 29 94 59 126 58 15 62 110 25 19 82 114 24 3 80 98 49 90 75 122 26 11 76 106 55 20 77 115 27 4 61 99 54 91 52 123 53 12 60 107 35 16 74 111 32 0 79 95 33 87 73 119 34 8 72 103 51 22 69 117 39 6 70 101 50 93 36 125 37 14 78 109 46 18 68 113 47 2 71 97 38 89 66 121 45 10 67 105 40 21 64 116 44 5 65 100 41 92 43 124 42 13
85 108 48 16 63 112 31 1 84 96 30 88 62 120 29 9 83 104 28 86 61 118 49 7 60 102 27 94 50 126 56 14 82 110 23 18 80 114 24 3 75 98 25 90 81 122 26 11 58 106 54 19 76 115 55 4 59 99 22 91 57 123 53 12 74 107 35 15 79 111 32 0 73 95 33 87 72 119 38 8 69 103 51 21 77 117 39 6 78 101 34 93 52 125 36 13 68 109 44 17 71 113 47 2 66 97 46 89 70 121 37 10 64 105 40 20 67 116 45 5 65 100 41 92 43 124 42
13 85 108 56 17 63 112 31 1 84 96 30 88 83 120 49 9 86 104 28 23 61 118 48 7 62 102 29 94 57 126 50 15 82 110 27 19 80 114 24 3 75 98 25 90 81 122 26 11 58 106 54 20 76 115 55 4 59 99 52 91 60 123 53 12 74 107 35 16 79 111 32 0 73 95 33 87 72 119 38 8 69 103 51 22 77 117 39 6 78 101 34 93 36 125 37 14 68 109 44 18 71 113 47 2 66 97 46 89 70 121 45 10 64 105 41 21 67 116 40 5 65 100 43 92 42 124
56 13 85 109 31 17 63 113 30 1 84 97 49 89 87 121 28 9 86 105 48 23 61 119 29 7 62 103 57 95 58 126 27 15 82 111 24 19 80 115 25 3 83 99 26 91 81 123 54 11 77 107 55 20 76 116 52 4 59 100 53 92 60 124 35 12 74 108 32 16 79 112 33 0 75 96 34 88 72 120 51 8 73 104 39 22 70 118 50 6 78 102 36 94 37 125 46 14 69 110 47 18 71 114 38 2 68 98 45 90 67 122 40 10 66 106 44 21 65 117 41 5 64 101 43 93 42
124 56 13 85 108 31 17 63 112 30 1 84 96 49 88 83 120 28 9 86 104 48 23 61 118 29 7 62 102 57 94 50 126 27 15 82 110 24 19 80 114 25 3 75 98 26 90 81 122 54 11 58 106 55 20 76 115 52 4 59 99 53 91 60 123 35 12 74 107 32 16 79 111 33 0 73 95 38 87 72 119 51 8 69 103 39 22 77 117 34 6 78 101 36 93 37 125 44 14 68 109 47 18 71 113 46 2 66 97 45 89 70 121 41 10 64 105 40 21 67 116 43 5 65 100 42 92
56 124 31 13 85 108 30 17 84 112 48 1 63 96 57 89 86 120 29 9 87 104 28 23 81 118 58 7 62 102 50 94 25 126 24 15 82 110 49 19 83 114 27 3 80 98 26 91 59 122 54 11 76 106 55 20 61 115 52 4 60 99 53 92 74 123 39 12 79 107 32 16 75 111 33 0 78 95 35 88 73 119 34 8 72 103 51 22 70 117 36 6 77 101 37 93 46 125 47 14 69 109 38 18 68 113 44 2 71 97 45 90 66 121 41 10 67 105 40 21 65 116 43 5 64 100 42
92 31 124 56 13 85 108 48 17 84 112 30 1 63 96 57 88 83 120 28 9 86 104 29 23 81 118 51 7 62 102 50 94 24 126 25 15 82 110 27 19 75 114 49 3 80 98 26 90 59 122 55 11 58 106 54 20 61 115 52 4 60 99 53 91 79 123 32 12 74 107 39 16 73 111 33 0 78 95 38 87 72 119 35 8 69 103 34 22 77 117 36 6 76 101 37 93 47 125 45 14 68 109 44 18 71 113 46 2 70 97 41 89 67 121 40 10 66 105 43 21 65 116 42 5 64 100
31 93 56 124 48 13 85 108 30 17 84 112 57 1 63 97 28 89 87 120 29 9 86 104 58 23 81 118 50 7 62 102 24 95 25 126 27 15 82 110 49 19 83 114 26 3 80 99 55 91 76 122 54 11 59 106 52 20 61 115 53 4 60 100 32 92 79 123 39 12 74 107 33 16 75 111 35 0 78 96 51 88 72 119 34 8 73 103 36 22 70 117 37 6 77 101 47 94 46 125 44 14 69 109 38 18 68 113 45 2 71 98 40 90 67 121 41 10 66 105 43 21 65 116 42 5 64
100 31 92 56 124 48 13 85 108 30 17 84 112 57 1 63 96 28 88 83 120 29 9 86 104 59 23 81 118 58 7 62 102 24 94 25 126 27 15 82 110 49 19 75 114 26 3 80 98 55 90 76 122 54 11 77 106 52 20 61 115 53 4 60 99 32 91 35 123 39 12 74 107 33 16 73 111 34 0 79 95 51 87 72 119 50 8 69 103 36 22 70 117 37 6 78 101 47 93 46 125 44 14 68 109 38 18 66 113 45 2 71 97 40 89 67 121 41 10 65 105 43 21 64 116 42 5
85 100 31 92 48 124 56 12 63 108 30 16 62 112 29 1 83 96 28 88 84 120 27 8 81 104 51 86 61 118 50 6 82 102 24 94 23 126 25 14 75 110 49 18 80 114 26 3 59 98 55 90 58 122 54 10 57 106 22 19 60 115 53 4 79 99 32 91 74 123 39 11 73 107 33 15 78 111 38 0 72 95 35 87 69 119 34 7 77 103 36 21 76 117 52 5 68 101 47 93 44 125 45 13 71 109 46 17 70 113 37 2 67 97 40 89 66 121 41 9 65 105 43 20 64 116 42
5 85 100 31 92 56 124 48 13 84 108 30 17 63 112 57 1 83 96 28 88 86 120 29 9 81 104 51 23 62 118 50 7 82 102 24 94 25 126 27 15 75 110 49 19 80 114 26 3 59 98 55 90 58 122 54 11 61 106 52 20 60 115 53 4 79 99 32 91 74 123 39 12 73 107 33 16 78 111 38 0 72 95 35 87 69 119 34 8 77 103 36 22 76 117 37 6 68 101 47 93 45 125 44 14 71 109 46 18 70 113 41 2 67 97 40 89 66 121 43 10 65 105 42 21 64 116
31 5 85 101 56 93 48 124 30 13 84 109 57 17 63 113 28 1 87 97 29 89 86 120 58 9 81 105 50 23 62 118 24 7 82 103 25 95 27 126 49 15 83 111 26 19 80 115 55 3 76 99 54 91 59 122 52 11 61 107 53 20 60 116 32 4 79 100 39 92 74 123 33 12 75 108 35 16 78 112 51 0 72 96 34 88 73 119 36 8 70 104 37 22 77 117 47 6 69 102 46 94 44 125 38 14 68 110 45 18 71 114 40 2 67 98 41 90 66 121 43 10 65 106 42 21 64
116 31 5 85 100 56 92 48 124 30 13 84 108 57 17 63 112 28 1 83 96 29 88 86 120 58 9 81 104 50 23 62 118 24 7 82 102 25 94 27 126 49 15 75 110 26 19 80 114 55 3 76 98 54 90 59 122 52 11 61 106 53 20 60 115 32 4 79 99 39 91 74 123 33 12 73 107 35 16 78 111 51 0 72 95 34 87 69 119 36 8 70 103 37 22 77 117 47 6 68 101 46 93 44 125 38 14 66 109 45 18 71 113 40 2 67 97 41 89 65 121 43 10 64 105 42 21
63 116 31 5 85 100 48 92 30 124 57 13 84 108 56 17 83 112 28 1 86 96 29 88 81 120 51 9 62 104 50 22 80 118 24 7 82 102 27 94 49 126 26 15 75 110 25 19 59 114 55 3 58 98 54 90 61 122 23 11 60 106 53 20 79 115 32 4 74 99 39 91 73 123 33 12 78 107 38 16 72 111 35 0 69 95 34 87 77 119 36 8 76 103 52 21 70 117 47 6 68 101 44 93 46 125 37 14 71 109 45 18 67 113 40 2 66 97 41 89 65 121 43 10 64 105 42
21 85 116 56 5 84 100 31 92 48 124 30 13 63 108 57 17 86 112 29 1 83 96 28 88 81 120 51 9 62 104 50 23 82 118 25 7 75 102 24 94 27 126 49 15 80 110 26 19 58 114 54 3 59 98 55 90 61 122 52 11 60 106 53 20 74 115 39 4 79 99 32 91 73 123 33 12 78 107 38 16 69 111 34 0 72 95 35 87 77 119 36 8 76 103 37 22 68 117 45 6 71 101 47 93 44 125 46 14 70 109 41 18 67 113 42 2 66 97 40 89 65 121 43 10 64 105
56 21 85 116 31 5 84 101 48 93 30 124 57 13 63 108 29 17 86 112 28 1 87 97 58 89 81 120 50 9 62 105 25 23 82 118 24 7 83 103 27 95 49 126 26 15 80 110 54 19 59 114 55 3 76 99 52 91 61 122 53 11 60 106 39 20 74 115 32 4 79 100 33 92 75 123 35 12 78 107 34 16 73 111 51 0 72 96 36 88 70 119 37 8 77 104 46 22 69 117 47 6 68 102 44 94 38 125 45 14 71 109 41 18 66 113 40 2 67 98 43 90 65 121 42 10 64
105 56 21 85 116 31 5 84 100 48 92 30 124 57 13 63 108 29 17 86 112 28 1 83 96 59 88 81 120 58 9 62 104 25 23 82 118 24 7 75 102 27 94 49 126 26 15 80 110 54 19 77 114 55 3 76 98 52 90 61 122 53 11 60 106 35 20 74 115 32 4 73 99 39 91 33 123 34 12 79 107 50 16 69 111 51 0 72 95 36 87 70 119 37 8 78 103 46 22 68 117 47 6 66 101 44 93 38 125 45 14 71 109 41 18 64 113 40 2 67 97 43 89 65 121 42 10
85 105 56 20 84 116 31 5 63 100 48 92 49 124 30 12 82 108 29 16 83 112 28 1 61 96 51 88 62 120 27 9 80 104 24 86 75 118 25 7 81 102 23 94 26 126 50 14 58 110 54 18 59 114 55 3 57 98 22 90 60 122 53 10 74 106 39 19 79 115 32 4 73 99 33 91 78 123 38 11 69 107 34 15 72 111 35 0 77 95 36 87 76 119 52 8 68 103 45 21 71 117 47 6 70 101 44 93 37 125 46 13 67 109 40 17 66 113 41 2 65 97 42 89 64 121 43
10 85 105 56 21 84 116 31 5 63 100 48 92 30 124 57 13 86 108 29 17 83 112 28 1 81 96 51 88 62 120 50 9 82 104 25 23 75 118 24 7 80 102 27 94 49 126 26 15 58 110 54 19 59 114 55 3 61 98 52 90 60 122 53 11 74 106 39 20 79 115 32 4 73 99 33 91 78 123 38 12 69 107 34 16 72 111 35 0 77 95 36 87 76 119 37 8 68 103 45 22 71 117 47 6 70 101 44 93 46 125 41 14 67 109 42 18 66 113 40 2 64 97 43 89 65 121
56 10 85 106 31 21 84 117 48 5 63 101 30 93 57 124 29 13 86 109 28 17 87 113 58 1 81 97 50 89 62 121 25 9 82 105 24 23 83 119 27 7 80 103 49 95 26 126 54 15 59 111 55 19 76 115 52 3 61 99 53 91 60 122 39 11 74 107 32 20 79 116 33 4 75 100 35 92 78 123 34 12 73 108 51 16 72 112 36 0 70 96 37 88 77 120 46 8 69 104 47 22 68 118 44 6 71 102 38 94 45 125 41 14 66 110 40 18 67 114 43 2 65 98 42 90 64
121 56 10 85 105 31 21 84 116 48 5 63 100 30 92 57 124 29 13 86 108 28 17 83 112 58 1 81 96 50 88 62 120 25 9 82 104 24 23 75 118 27 7 80 102 49 94 26 126 54 15 59 110 55 19 76 114 52 3 61 98 53 90 60 122 39 11 74 106 32 20 79 115 33 4 73 99 35 91 78 123 34 12 69 107 51 16 72 111 36 0 70 95 37 87 77 119 46 8 68 103 47 22 66 117 44 6 71 101 38 93 45 125 41 14 64 109 40 18 67 113 43 2 65 97 42 89
85 121 56 10 63 105 31 21 84 116 30 5 87 100 57 92 28 124 48 13 86 108 58 17 81 112 29 1 62 96 50 89 82 120 25 9 80 104 24 23 83 118 49 7 76 102 26 94 55 126 27 15 59 110 52 19 61 114 54 3 60 98 53 90 74 122 39 11 79 106 32 20 75 115 33 4 78 99 35 91 73 123 34 12 72 107 51 16 70 111 36 0 77 95 37 88 69 119 46 8 71 103 47 22 68 117 38 6 67 101 45 93 40 125 44 14 66 109 43 18 65 113 41 2 64 97 42
89 63 121 31 10 85 105 56 21 84 116 30 5 83 100 57 92 48 124 28 13 86 108 29 17 81 112 51 1 62 96 50 88 80 120 24 9 82 104 25 23 75 118 49 7 59 102 26 94 27 126 55 15 58 110 54 19 61 114 52 3 60 98 53 90 79 122 32 11 74 106 39 20 73 115 33 4 78 99 38 91 72 123 35 12 69 107 34 16 77 111 36 0 76 95 37 87 71 119 47 8 68 103 44 22 66 117 46 6 70 101 45 93 40 125 41 14 67 109 43 18 65 113 42 2 64 97
31 90 63 121 56 10 85 105 30 21 84 116 57 5 87 100 48 93 28 124 29 13 86 108 58 17 81 112 50 1 62 97 24 89 80 120 25 9 82 104 49 23 83 118 26 7 76 102 27 95 55 126 54 15 59 110 52 19 61 114 53 3 60 98 32 91 79 122 39 11 74 106 33 20 75 115 35 4 78 99 51 92 72 123 34 12 73 107 36 16 70 111 37 0 77 96 47 88 71 119 46 8 69 103 38 22 68 117 45 6 67 101 44 94 40 125 41 14 66 109 43 18 65 113 42 2 64
97 31 89 63 121 56 10 85 105 30 21 84 116 57 5 83 100 48 92 28 124 29 13 86 108 59 17 81 112 58 1 62 96 24 88 80 120 25 9 82 104 49 23 75 118 26 7 76 102 27 94 55 126 54 15 77 110 52 19 61 114 53 3 60 98 32 90 79 122 35 11 74 106 33 20 73 115 34 4 72 99 39 91 51 123 50 12 69 107 36 16 70 111 37 0 78 95 47 87 71 119 46 8 68 103 38 22 66 117 45 6 67 101 44 93 40 125 41 14 65 109 43 18 64 113 42 2
63 97 31 89 85 121 56 9 84 105 30 20 83 116 49 4 86 100 48 92 29 124 28 12 61 108 51 16 62 112 27 1 80 96 24 88 81 120 25 8 82 104 50 75 59 118 26 6 58 102 23 94 54 126 55 14 57 110 22 18 60 114 53 2 79 98 32 90 74 122 39 10 73 106 33 19 78 115 38 3 72 99 35 91 69 123 34 11 77 107 36 15 76 111 52 0 71 95 47 87 68 119 44 7 66 103 46 21 70 117 37 5 67 101 40 93 45 125 41 13 65 109 43 17 64 113 42
2 63 97 31 89 85 121 56 10 84 105 30 21 83 116 57 5 86 100 48 92 28 124 29 13 81 108 51 17 62 112 50 1 80 96 24 88 82 120 25 9 75 104 49 23 59 118 26 7 58 102 27 94 55 126 54 15 61 110 52 19 60 114 53 3 79 98 32 90 74 122 39 11 73 106 33 20 78 115 38 4 72 99 35 91 69 123 34 12 77 107 36 16 76 111 37 0 71 95 47 87 68 119 44 8 66 103 46 22 70 117 45 6 67 101 40 93 41 125 43 14 65 109 42 18 64 113
31 2 63 98 56 90 85 121 30 10 84 106 57 21 87 116 48 5 86 101 28 93 29 124 58 13 81 109 50 17 62 113 24 1 80 97 25 89 82 120 49 9 83 105 26 23 76 118 27 7 59 103 55 95 54 126 52 15 61 111 53 19 60 114 32 3 79 99 39 91 74 122 33 11 75 107 35 20 78 115 51 4 72 100 34 92 73 123 36 12 70 108 37 16 77 112 47 0 71 96 46 88 69 119 38 8 68 104 45 22 67 117 44 6 66 102 40 94 41 125 43 14 65 110 42 18 64
113 31 2 63 97 56 89 85 121 30 10 84 105 57 21 83 116 48 5 86 100 28 92 29 124 58 13 81 108 50 17 62 112 24 1 80 96 25 88 82 120 49 9 75 104 26 23 76 118 27 7 59 102 55 94 54 126 52 15 61 110 53 19 60 114 32 3 79 98 39 90 74 122 33 11 73 106 35 20 78 115 51 4 72 99 34 91 69 123 36 12 70 107 37 16 77 111 47 0 71 95 46 87 68 119 38 8 66 103 45 22 67 117 44 6 65 101 40 93 41 125 43 14 64 109 42 18
63 113 31 2 85 97 56 89 84 121 30 10 83 105 57 20 62 116 48 5 86 100 29 92 51 124 50 13 81 108 28 17 80 112 24 1 82 96 25 88 75 120 49 9 59 104 26 22 60 118 27 7 58 102 54 94 23 126 53 15 61 110 55 18 79 114 32 3 74 98 39 90 73 122 33 11 78 106 38 19 72 115 35 4 69 99 34 91 77 123 36 12 76 107 52 16 71 111 47 0 68 95 44 87 66 119 46 8 70 103 37 21 67 117 40 6 65 101 45 93 41 125 42 14 64 109 43
18 85 113 56 2 63 97 31 89 84 121 30 10 83 105 57 21 86 116 28 5 81 100 48 92 29 124 51 13 62 108 50 17 82 112 25 1 80 96 24 88 75 120 49 9 59 104 26 23 58 118 55 7 61 102 27 94 54 126 52 15 60 110 53 19 74 114 39 3 79 98 32 90 73 122 33 11 78 106 38 20 69 115 34 4 72 99 35 91 77 123 36 12 76 107 37 16 68 111 44 0 71 95 47 87 66 119 46 8 70 103 45 22 64 117 41 6 67 101 40 93 43 125 42 14 65 109
56 18 85 113 31 2 63 98 30 90 84 121 57 10 87 106 28 21 86 116 48 5 81 101 29 93 58 124 50 13 62 109 25 17 82 112 24 1 80 97 49 89 83 120 26 9 76 105 55 23 59 118 27 7 61 103 54 95 52 126 53 15 60 110 39 19 74 114 32 3 79 99 33 91 75 122 35 11 78 107 34 20 73 115 51 4 72 100 36 92 70 123 37 12 77 108 46 16 69 111 47 0 71 96 38 88 68 119 45 8 67 104 40 22 66 117 44 6 65 102 41 94 43 125 42 14 64
109 56 18 85 113 31 2 63 97 30 89 84 121 57 10 83 105 28 21 86 116 48 5 81 100 29 92 59 124 58 13 62 108 25 17 82 112 24 1 80 96 49 88 75 120 26 9 76 104 55 23 77 118 27 7 61 102 54 94 52 126 53 15 60 110 35 19 74 114 32 3 79 98 33 90 73 122 34 11 72 106 51 20 69 115 39 4 70 99 50 91 36 123 37 12 78 107 46 16 68 111 47 0 71 95 38 87 66 119 45 8 67 103 40 22 64 117 44 6 65 101 41 93 43 125 42 14
85 109 56 17 63 113 31 2 84 97 30 89 83 121 49 10 82 105 28 20 61 116 48 5 62 100 29 92 27 124 51 13 75 108 23 16 80 112 24 1 58 96 25 88 81 120 50 9 59 104 55 86 57 118 26 7 60 102 54 94 53 126 22 14 74 110 39 18 79 114 32 3 73 98 33 90 78 122 38 11 69 106 34 19 72 115 35 4 77 99 36 91 76 123 52 12 68 107 44 15 71 111 47 0 66 95 46 87 70 119 37 8 64 103 40 21 67 117 45 6 65 101 41 93 43 125 42
14 85 109 56 18 63 113 31 2 84 97 30 89 83 121 57 10 86 105 28 21 81 116 48 5 62 100 29 92 51 124 50 13 82 108 25 17 80 112 24 1 75 96 49 88 59 120 26 9 58 104 55 23 61 118 27 7 60 102 54 94 52 126 53 15 74 110 39 19 79 114 32 3 73 98 33 90 78 122 38 11 69 106 34 20 72 115 35 4 77 99 36 91 76 123 37 12 68 107 44 16 71 111 47 0 66 95 46 87 70 119 45 8 64 103 41 22 67 117 40 6 65 101 43 93 42 125
56 14 85 110 31 18 63 114 30 2 84 98 57 90 87 122 28 10 86 106 48 21 81 117 29 5 62 101 58 93 50 125 25 13 82 109 24 17 80 113 49 1 83 97 26 89 76 121 55 9 59 105 27 23 61 119 54 7 60 103 52 95 53 126 39 15 74 111 32 19 79 115 33 3 75 99 35 91 78 123 34 11 73 107 51 20 72 116 36 4 70 100 37 92 77 124 46 12 69 108 47 16 71 112 38 0 68 96 45 88 67 120 40 8 66 104 44 22 65 118 41 6 64 102 43 94 42
125 56 14 85 109 31 18 63 113 30 2 84 97 57 89 83 121 28 10 86 105 48 21 81 116 29 5 62 100 51 92 50 124 25 13 82 108 24 17 80 112 49 1 75 96 26 88 59 120 55 9 58 104 27 23 61 118 54 7 60 102 52 94 53 126 39 15 74 110 32 19 79 114 33 3 73 98 38 90 78 122 34 11 69 106 35 20 72 115 36 4 77 99 37 91 76 123 44 12 68 107 47 16 71 111 46 0 66 95 45 87 70 119 41 8 64 103 40 22 67 117 43 6 65 101 42 93
56 125 31 14 85 109 30 18 84 113 48 2 63 97 57 90 86 121 29 10 87 105 28 21 81 116 58 5 62 100 50 93 25 124 24 13 82 108 49 17 83 112 27 1 80 96 26 89 59 120 54 9 76 104 55 23 61 118 52 7 60 102 53 94 35 126 32 15 74 110 33 19 75 114 39 3 79 98 38 91 73 122 34 11 72 106 51 20 77 115 36 4 78 99 37 92 69 123 44 12 71 107 47 16 68 111 46 0 70 95 45 88 66 119 41 8 67 103 40 22 65 117 43 6 64 101 42
93 31 125 56 14 85 109 48 18 84 113 30 2 63 97 57 89 83 121 28 10 86 105 29 21 81 116 51 5 62 100 50 92 24 124 25 13 82 108 27 17 75 112 49 1 80 96 26 88 59 120 55 9 58 104 54 23 61 118 52 7 60 102 53 94 32 126 37 15 74 110 39 19 73 114 33 3 79 98 38 90 72 122 35 11 78 106 34 20 77 115 36 4 76 99 45 91 71 123 47 12 68 107 44 16 69 111 46 0 70 95 41 87 67 119 40 8 66 103 43 22 65 117 42 6 64 101
31 94 56 125 48 14 85 109 30 18 84 113 57 2 63 98 28 90 87 121 29 10 86 105 58 21 81 116 50 5 62 101 24 93 25 124 27 13 82 108 49 17 83 112 26 1 80 97 55 89 76 120 54 9 59 104 52 23 61 118 53 7 60 102 32 95 35 126 39 15 74 110 33 19 75 114 38 3 79 99 51 91 72 122 34 11 73 106 36 20 77 115 37 4 78 100 47 92 71 123 44 12 69 107 46 16 68 111 45 0 70 96 40 88 67 119 41 8 66 103 43 22 65 117 42 6 64
101 31 93 56 125 48 14 85 109 30 18 84 113 57 2 63 97 28 89 83 121 29 10 86 105 59 21 81 116 58 5 62 100 24 92 25 124 27 13 82 108 49 17 75 112 26 1 80 96 55 88 76 120 54 9 77 104 52 23 61 118 53 7 60 102 32 94 35 126 39 15 74 110 33 19 73 114 34 3 79 98 51 90 72 122 50 11 69 106 36 20 70 115 37 4 78 99 47 91 46 123 44 12 68 107 38 16 66 111 45 0 71 95 40 87 67 119 41 8 65 103 43 22 64 117 42 6
85 101 31 93 48 125 56 13 84 109 30 17 63 113 49 2 83 97 28 89 82 121 29 9 61 105 51 20 62 116 27 5 75 100 24 92 23 124 26 12 80 108 25 16 81 112 50 1 59 96 55 88 58 120 54 8 57 104 22 86 60 118 53 6 74 102 32 94 39 126 37 14 73 110 33 18 79 114 38 3 72 98 35 90 78 122 34 10 77 106 36 19 76 115 52 4 71 99 47 91 68 123 44 11 69 107 46 15 70 111 45 0 67 95 40 87 66 119 41 7 65 103 43 21 64 117 42
6 85 101 31 93 56 125 48 14 84 109 30 18 63 113 57 2 83 97 28 89 86 121 29 10 81 105 51 21 62 116 50 5 82 100 24 92 25 124 27 13 75 108 49 17 80 112 26 1 59 96 55 88 58 120 54 9 61 104 52 23 60 118 53 7 74 102 32 94 37 126 39 15 73 110 33 19 79 114 38 3 72 98 35 90 78 122 34 11 77 106 36 20 76 115 45 4 71 99 47 91 68 123 44 12 69 107 46 16 70 111 41 0 67 95 40 87 66 119 43 8 65 103 42 22 64 117
31 6 85 102 56 94 48 125 30 14 84 110 57 18 63 114 28 2 87 98 29 90 86 121 58 10 81 106 50 21 62 117 24 5 82 101 25 93 27 124 49 13 83 109 26 17 80 113 55 1 76 97 54 89 59 120 52 9 61 105 53 23 60 118 32 7 74 103 35 95 39 126 33 15 75 111 38 19 79 115 51 3 72 99 34 91 73 122 36 11 77 107 37 20 78 116 47 4 71 100 44 92 69 123 46 12 68 108 45 16 70 112 40 0 67 96 41 88 66 119 43 8 65 104 42 22 64
117 31 6 85 101 56 93 48 125 30 14 84 109 57 18 63 113 28 2 83 97 29 89 86 121 59 10 81 105 58 21 62 116 24 5 82 100 25 92 27 124 49 13 75 108 26 17 80 112 55 1 76 96 54 88 77 120 52 9 61 104 53 23 60 118 32 7 74 102 35 94 39 126 33 15 73 110 34 19 79 114 51 3 72 98 50 90 69 122 36 11 70 106 37 20 78 115 47 4 68 99 46 91 44 123 38 12 66 107 45 16 71 111 40 0 67 95 41 87 65 119 43 8 64 103 42 22
63 117 31 6 85 101 48 93 30 125 57 14 84 109 56 18 83 113 28 2 86 97 29 89 81 121 51 10 62 105 50 21 80 116 24 5 82 100 27 92 49 124 26 13 75 108 25 17 59 112 55 1 58 96 54 88 61 120 23 9 60 104 53 22 79 118 32 7 74 102 39 94 33 126 38 15 73 110 37 19 72 114 35 3 78 98 34 90 77 122 36 11 76 106 52 20 71 115 47 4 68 99 44 91 69 123 46 12 70 107 45 16 67 111 40 0 66 95 41 87 65 119 43 8 64 103 42
22 85 117 56 6 84 101 31 93 48 125 30 14 63 109 57 18 86 113 29 2 83 97 28 89 81 121 51 10 62 105 50 21 82 116 25 5 75 100 24 92 27 124 49 13 80 108 26 17 58 112 54 1 59 96 55 88 61 120 52 9 60 104 53 23 74 118 37 7 73 102 32 94 39 126 33 15 79 110 38 19 78 114 34 3 72 98 35 90 77 122 36 11 76 106 45 20 68 115 44 4 71 99 47 91 69 123 46 12 70 107 41 16 67 111 42 0 66 95 40 87 65 119 43 8 64 103
56 22 85 117 31 6 84 102 48 94 30 125 57 14 63 109 29 18 86 113 28 2 87 98 58 90 81 121 50 10 62 105 25 21 82 116 24 5 83 101 27 93 49 124 26 13 80 108 54 17 59 112 55 1 76 97 52 89 61 120 53 9 60 104 35 23 74 118 32 7 75 103 39 95 33 126 38 15 79 110 34 19 73 114 51 3 72 99 36 91 77 122 37 11 78 106 44 20 69 115 47 4 71 100 46 92 68 123 45 12 70 107 41 16 66 111 40 0 67 96 43 88 65 119 42 8 64
103 56 22 85 117 31 6 84 101 48 93 30 125 57 14 63 109 29 18 86 113 28 2 83 97 59 89 81 121 58 10 62 105 25 21 82 116 24 5 75 100 27 92 49 124 26 13 80 108 54 17 77 112 55 1 76 96 52 88 61 120 53 9 60 104 35 23 74 118 32 7 73 102 39 94 33 126 34 15 79 110 50 19 69 114 51 3 72 98 36 90 70 122 37 11 78 106 46 20 68 115 47 4 66 99 44 91 38 123 45 12 71 107 41 16 64 111 40 0 67 95 43 87 65 119 42 8
85 103 52 21 84 117 31 6 63 101 48 93 56 125 30 13 82 109 29 17 83 113 28 2 81 97 51 89 62 121 50 9 74 105 25 20 60 116 24 5 80 100 27 92 26 124 49 12 58 108 54 16 59 112 55 1 61 96 22 88 57 120 23 8 79 104 32 86 73 118 33 7 78 102 39 94 38 126 34 14 75 110 36 18 72 114 35 3 77 98 37 90 76 122 53 10 68 106 44 19 71 115 47 4 69 99 46 91 70 123 45 11 67 107 40 15 66 111 41 0 65 95 42 87 64 119 43
8 85 103 56 22 84 117 31 6 63 101 48 93 30 125 57 14 86 109 29 18 83 113 28 2 81 97 51 89 62 121 50 10 82 105 25 21 75 116 24 5 80 100 27 92 49 124 26 13 58 108 54 17 59 112 55 1 61 96 52 88 60 120 53 9 74 104 37 23 73 118 32 7 79 102 39 94 33 126 38 15 78 110 34 19 72 114 35 3 77 98 36 90 76 122 45 11 68 106 44 20 71 115 47 4 69 99 46 91 70 123 41 12 67 107 42 16 66 111 40 0 64 95 43 87 65 119
56 8 85 104 31 22 84 118 48 6 63 102 30 94 57 125 29 14 86 110 28 18 87 114 58 2 81 98 50 90 62 121 25 10 82 106 24 21 83 117 27 5 80 101 49 93 26 124 54 13 59 109 55 17 76 113 52 1 61 97 53 89 60 120 35 9 74 105 32 23 75 119 39 7 79 103 33 95 38 126 34 15 73 111 51 19 72 115 36 3 77 99 37 91 78 122 44 11 69 107 47 20 71 116 46 4 68 100 45 92 70 123 41 12 66 108 40 16 67 112 43 0 65 96 42 88 64
119 56 8 85 103 31 22 84 117 48 6 63 101 30 93 57 125 29 14 86 109 28 18 83 113 58 2 81 97 50 89 62 121 25 10 82 105 24 21 75 116 27 5 80 100 49 92 26 124 54 13 59 108 55 17 76 112 52 1 61 96 53 88 60 120 35 9 74 104 32 23 73 118 39 7 79 102 33 94 38 126 34 15 69 110 51 19 72 114 36 3 77 98 37 90 78 122 44 11 68 106 47 20 71 115 46 4 66 99 45 91 70 123 41 12 64 107 40 16 67 111 43 0 65 95 42 87
85 119 56 8 63 103 31 22 84 117 30 6 87 101 57 93 28 125 48 14 86 109 58 18 81 113 29 2 62 97 50 89 82 121 25 10 80 105 24 21 83 116 49 5 76 100 26 92 55 124 27 13 59 108 52 17 61 112 54 1 60 96 53 88 74 120 35 9 79 104 32 23 75 118 33 7 72 102 38 94 51 126 39 15 73 110 36 19 77 114 34 3 78 98 37 90 69 122 44 11 71 106 47 20 68 115 46 4 70 99 45 91 66 123 41 12 67 107 40 16 65 111 43 0 64 95 42
87 63 119 31 8 85 103 56 22 84 117 30 6 83 101 57 93 48 125 28 14 86 109 29 18 81 113 51 2 62 97 50 89 80 121 24 10 82 105 25 21 75 116 49 5 59 100 26 92 27 124 55 13 58 108 54 17 61 112 52 1 60 96 53 88 79 120 32 9 74 104 37 23 73 118 33 7 72 102 38 94 39 126 35 15 78 110 34 19 77 114 36 3 76 98 45 90 71 122 47 11 68 106 44 20 69 115 46 4 70 99 41 91 67 123 40 12 66 107 43 16 65 111 42 0 64 95
31 88 63 119 56 8 85 103 30 22 84 117 57 6 87 101 48 94 28 125 29 14 86 109 58 18 81 113 50 2 62 97 24 90 80 121 25 10 82 105 49 21 83 116 26 5 76 100 27 93 55 124 54 13 59 108 52 17 61 112 53 1 60 96 32 89 79 120 35 9 74 104 33 23 75 118 38 7 72 102 39 95 51 126 34 15 73 110 36 19 77 114 37 3 78 98 47 91 71 122 44 11 69 106 46 20 68 115 45 4 70 99 40 92 67 123 41 12 66 107 43 16 65 111 42 0 64
95 31 87 63 119 56 8 85 103 30 22 84 117 57 6 83 101 48 93 28 125 29 14 86 109 59 18 81 113 58 2 62 97 24 89 80 121 25 10 82 105 49 21 75 116 26 5 76 100 27 92 55 124 54 13 77 108 52 17 61 112 53 1 60 96 32 88 79 120 35 9 74 104 33 23 73 118 34 7 72 102 39 94 51 126 50 15 69 110 36 19 70 114 37 3 78 98 47 90 71 122 46 11 68 106 38 20 66 115 45 4 67 99 44 91 40 123 41 12 65 107 43 16 64 111 42 0
63 95 31 87 85 119 56 7 84 103 30 21 83 117 57 5 86 101 48 93 29 125 28 13 81 109 51 17 62 113 50 1 80 97 24 89 82 121 25 9 75 105 49 20 59 116 26 4 58 100 27 92 54 124 55 12 61 108 23 16 60 112 53 0 79 96 32 88 74 120 37 8 73 104 33 22 72 118 38 6 78 102 39 94 34 126 35 14 77 110 36 18 76 114 52 2 71 98 47 90 68 122 44 10 69 106 46 19 70 115 45 3 67 99 40 91 66 123 41 11 65 107 43 15 64 111 42
0 63 95 31 87 85 119 56 8 84 103 30 22 83 117 57 6 86 101 48 93 28 125 29 14 81 109 51 18 62 113 50 2 80 97 24 89 82 121 25 10 75 105 49 21 59 116 26 5 58 100 27 92 55 124 54 13 61 108 52 17 60 112 53 1 79 96 32 88 74 120 37 9 73 104 33 23 72 118 38 7 78 102 39 94 35 126 34 15 77 110 36 19 76 114 45 3 71 98 47 90 68 122 44 11 69 106 46 20 70 115 41 4 67 99 40 91 66 123 43 12 65 107 42 16 64 111
31 0 63 96 56 88 85 119 30 8 84 104 57 22 87 117 48 6 86 102 28 94 29 125 58 14 81 110 50 18 62 113 24 2 80 98 25 90 82 121 49 10 83 106 26 21 76 116 27 5 59 101 55 93 54 124 52 13 61 109 53 17 60 112 32 1 79 97 35 89 74 120 33 9 75 105 38 23 72 118 39 7 73 103 51 95 34 126 36 15 77 111 37 19 78 114 47 3 71 99 44 91 69 122 46 11 68 107 45 20 70 115 40 4 67 100 41 92 66 123 43 12 65 108 42 16 64
111 31 0 63 95 56 87 85 119 30 8 84 103 57 22 83 117 48 6 86 101 28 93 29 125 58 14 81 109 50 18 62 113 24 2 80 97 25 89 82 121 49 10 75 105 26 21 76 116 27 5 59 100 55 92 54 124 52 13 61 108 53 17 60 112 32 1 79 96 35 88 74 120 33 9 73 104 38 23 72 118 39 7 69 102 51 94 34 126 36 15 77 110 37 19 78 114 47 3 71 98 44 90 68 122 46 11 66 106 45 20 70 115 40 4 67 99 41 91 65 123 43 12 64 107 42 16
63 111 31 0 85 95 56 87 84 119 30 8 83 103 57 21 62 117 48 6 86 101 29 93 51 125 50 14 81 109 28 17 80 113 24 2 82 97 25 89 75 121 49 10 59 105 26 20 60 116 27 5 58 100 54 92 23 124 53 13 61 108 55 16 79 112 32 1 74 96 37 88 73 120 33 9 72 104 38 22 76 118 39 7 78 102 34 94 36 126 52 15 77 110 35 18 71 114 47 3 68 98 44 90 69 122 46 11 70 106 45 19 67 115 40 4 66 99 41 91 65 123 43 12 64 107 42
16 85 111 56 0 63 95 31 87 84 119 30 8 83 103 57 22 86 117 28 6 81 101 48 93 29 125 51 14 62 109 50 18 82 113 25 2 80 97 24 89 75 121 49 10 59 105 26 21 58 116 55 5 61 100 27 92 54 124 52 13 60 108 53 17 74 112 37 1 79 96 32 88 73 120 33 9 72 104 38 23 78 118 35 7 77 102 39 94 34 126 36 15 76 110 45 19 68 114 44 3 71 98 47 90 69 122 46 11 70 106 41 20 67 115 42 4 66 99 40 91 65 123 43 12 64 107
56 16 85 111 31 0 63 96 30 88 84 119 57 8 87 104 28 22 86 117 48 6 81 102 29 94 58 125 50 14 62 109 25 18 82 113 24 2 80 98 49 90 83 121 26 10 76 106 55 21 59 116 27 5 61 101 54 93 52 124 53 13 60 108 35 17 74 112 32 1 79 97 33 89 75 120 38 9 72 105 51 23 73 118 39 7 77 103 34 95 36 126 37 15 78 110 44 19 69 114 47 3 71 99 46 91 68 122 45 11 70 107 41 20 66 115 40 4 67 100 43 92 65 123 42 12 64
107 56 16 85 111 31 0 63 95 30 87 84 119 57 8 83 103 28 22 86 117 48 6 81 101 29 93 59 125 58 14 62 109 25 18 82 113 24 2 80 97 49 89 75 121 26 10 76 105 55 21 77 116 27 5 61 100 54 92 52 124 53 13 60 108 35 17 74 112 32 1 79 96 33 88 73 120 34 9 72 104 51 23 69 118 39 7 70 102 50 94 36 126 37 15 78 110 46 19 68 114 47 3 71 98 38 90 66 122 45 11 67 106 40 20 64 115 44 4 65 99 41 91 43 123 42 12
85 107 52 15 63 111 31 0 84 95 30 87 83 119 56 8 82 103 28 21 81 117 48 6 62 101 29 93 50 125 51 13 74 109 25 17 80 113 24 2 60 97 49 89 59 121 26 10 58 105 55 20 61 116 27 5 57 100 54 92 23 124 22 12 73 108 39 16 79 112 32 1 75 96 33 88 78 120 34 9 72 104 35 86 77 118 38 7 76 102 36 94 53 126 37 14 68 110 44 18 71 114 47 3 69 98 46 90 70 122 45 11 67 106 40 19 66 115 41 4 65 99 42 91 64 123 43
12 85 107 56 16 63 111 31 0 84 95 30 87 83 119 57 8 86 103 28 22 81 117 48 6 62 101 29 93 51 125 50 14 82 109 25 18 80 113 24 2 75 97 49 89 59 121 26 10 58 105 55 21 61 116 27 5 60 100 54 92 52 124 53 13 74 108 37 17 79 112 32 1 73 96 33 88 72 120 38 9 78 104 35 23 77 118 39 7 76 102 34 94 36 126 45 15 68 110 44 19 71 114 47 3 69 98 46 90 70 122 41 11 67 106 42 20 66 115 40 4 64 99 43 91 65 123
56 12 85 108 31 16 63 112 30 0 84 96 57 88 87 120 28 8 86 104 48 22 81 118 29 6 62 102 58 94 50 125 25 14 82 110 24 18 80 114 49 2 83 98 26 90 76 122 55 10 59 106 27 21 61 117 54 5 60 101 52 93 53 124 35 13 74 109 32 17 79 113 33 1 75 97 38 89 72 121 51 9 73 105 39 23 77 119 34 7 78 103 36 95 37 126 44 15 69 111 47 19 71 115 46 3 68 99 45 91 70 123 41 11 66 107 40 20 67 116 43 4 65 100 42 92 64
123 56 12 85 107 31 16 63 111 30 0 84 95 57 87 83 119 28 8 86 103 48 22 81 117 29 6 62 101 58 93 50 125 25 14 82 109 24 18 80 113 49 2 75 97 26 89 76 121 55 10 59 105 27 21 61 116 54 5 60 100 52 92 53 124 35 13 74 108 32 17 79 112 33 1 73 96 38 88 72 120 51 9 69 104 39 23 77 118 34 7 78 102 36 94 37 126 44 15 68 110 47 19 71 114 46 3 66 98 45 90 70 122 41 11 64 106 40 20 67 115 43 4 65 99 42 91
85 123 48 12 63 107 31 16 84 111 30 0 62 95 56 88 86 119 29 8 87 103 28 22 81 117 57 6 61 101 58 93 25 125 24 14 82 109 49 18 83 113 27 2 80 97 26 90 77 121 54 10 76 105 55 21 59 116 52 5 60 100 53 92 35 124 32 13 74 108 33 17 75 112 39 1 79 96 34 89 73 120 50 9 72 104 51 23 70 118 36 7 78 102 37 94 46 126 47 15 69 110 38 19 68 114 44 3 71 98 45 91 66 122 41 11 67 106 40 20 65 115 43 4 64 99 42
91 63 123 31 12 85 107 48 16 84 111 30 0 62 95 56 87 83 119 28 8 86 103 29 22 81 117 57 6 61 101 50 93 24 125 25 14 82 109 27 18 75 113 49 2 80 97 26 89 76 121 55 10 58 105 54 21 59 116 52 5 60 100 53 92 32 124 35 13 74 108 39 17 73 112 33 1 79 96 38 88 72 120 51 9 69 104 34 23 77 118 36 7 78 102 37 94 47 126 45 15 68 110 44 19 71 114 46 3 70 98 41 90 67 122 40 11 66 106 43 20 65 115 42 4 64 99
31 92 63 123 48 12 85 107 30 16 84 111 56 0 62 96 28 88 87 119 29 8 86 103 57 22 81 117 58 6 61 101 24 94 25 125 27 14 82 109 49 18 83 113 26 2 80 98 55 90 76 121 54 10 77 105 52 21 59 116 53 5 60 100 32 93 35 124 39 13 74 108 33 17 75 112 34 1 79 97 51 89 72 120 50 9 73 104 36 23 70 118 37 7 78 102 47 95 46 126 44 15 69 110 38 19 68 114 45 3 71 99 40 91 67 122 41 11 66 106 43 20 65 115 42 4 64
99 31 91 63 123 48 12 85 107 30 16 84 111 56 0 62 95 28 87 83 119 29 8 86 103 57 22 81 117 58 6 61 101 24 93 25 125 27 14 82 109 49 18 75 113 26 2 80 97 55 89 76 121 54 10 77 105 52 21 59 116 53 5 60 100 32 92 35 124 39 13 74 108 33 17 73 112 34 1 79 96 51 88 72 120 50 9 69 104 36 23 70 118 37 7 78 102 47 94 46 126 44 15 68 110 38 19 66 114 45 3 71 98 40 90 67 122 41 11 65 106 43 20 64 115 42 4
85 99 31 91 48 123 56 11 84 107 30 15 63 111 57 0 83 95 28 87 82 119 29 7 81 103 51 21 62 117 50 5 74 101 24 93 27 125 25 13 75 109 49 17 80 113 26 2 59 97 55 89 58 121 54 9 61 105 22 20 60 116 23 4 73 100 32 92 39 124 38 12 79 108 33 16 78 112 34 1 72 96 35 88 69 120 52 8 77 104 36 86 76 118 53 6 68 102 47 94 44 126 45 14 71 110 46 18 70 114 37 3 67 98 40 90 66 122 41 10 65 106 43 19 64 115 42
