-21 51 -47 22 92 -21 66 -58 51 -73
48 -92 -40 70 -19 11 -17 30 77 0
-26 -99 -35 42 99 51 0 -20 32 -32
-81 -28 64 -93 51 -75 6 47 51 76
0 15 30 35 96 20 -18 -31 76 -91
-70 72 -66 -11 -38 49 24 18 -94 -3
-79 -60 95 -63 -51 70 92 -41 85 -62
-64 -96 -11 4 -44 -36 -1 -26 51 82
-82 -50 -10 -98 6 7 -90 57 -55 78
-61 12 19 9 -55 -51 49 11 -4 -30
-87 -14 -24 5 24 53 63 97 -96 20
-48 12 -33 -55 46 17 35 -18 -68 -61
-39 -30 55 7 78 -36 44 22 -86 39
12 96 -93 -95 -5 -65 5 -98 62 -50
-20 -40 -93 -30 41 -64 -54 40 59 -61
-89 57 36 40 20 65 39 -69 25 -88
78 -68 91 -20 -28 51 -44 44 -22 21
80 -33 29 -44 -10 59 -76 -10 91 -74
49 -96 -56 -70 43 2 31 -72 13 43
3 49 -49 -76 -48 -45 68 -78 8 2
-78 59 -51 -30 -96 86 2 3 -7 -78
-4 -70 -93 -24 17 -46 -39 -91 1 2
-80 67 55 6 3 15 97 -72 81 67
-56 -70 -71 97 17 27 -81 -29 86 -24
-22 -60 -45 -73 46 78 -92 58 95 20
3 -18 -24 -96 41 -3 40 -49 -34 32
-75 89 22 73 28 -90 -11 -96 71 79
39 0 26 1 -97 53 -69 -96 -86 -95
82 65 65 68 49 87 39 -42 19 51
-91 70 33 -61 -20 94 52 -52 -76 -21
-82 -91 39 -43 -27 84 -41 -65 -2 -87
95 -56 -27 8 -41 33 -36 -85 -75 15
65 -91 31 7 21 -23 52 82 42 -92
-25 57 -71 -73 -42 -40 26 64 1 -99
82 77 -87 86 -89 59 -94 -71 -75 -54
-55 -67 3 -39 -2 11 -34 42 -14 8
44 58 32 -36 33 12 51 26 -46 -5
77 -79 -92 -48 -1 57 41 -9 -20 92
-31 -60 94 88 -22 87 -40 -59 80 20
-60 10 31 57 -41 -13 -28 -43 -57 39
-57 -95 -3 -74 18 -16 -26 26 21 -47
-3 -83 42 -58 -31 9 24 -63 -44 75
-94 71 -18 33 -44 -20 69 78 -94 5
-62 17 58 84 76 -82 -78 40 36 -7
-55 -61 51 -9 -11 -25 -33 -58 11 -23
62 20 89 46 73 38 -70 -97 5 24
-42 -22 -56 42 -10 67 98 -26 -24 38
-98 -51 -78 -86 -65 -4 -17 -6 -81 20
-40 -84 -54 83 -66 5 58 -53 -6 43
82 -26 24 5 97 -55 -25 74 -42 -40
71 28 -4 79 -75 0 -86 89 81 60
-90 -51 90 9 38 -11 -5 -69 -15 -99
-59 -58 9 -51 -56 3 31 -70 -80 88
-41 46 -15 -47 -49 62 18 30 -23 -67
-47 -29 -24 88 -26 -27 89 -84 6 47
15 92 -32 -47 0 -41 20 47 93 33
-55 -90 69 12 -65 -75 -19 -33 16 -27
-36 -48 97 56 -86 29 -52 6 20 97
84 13 0 53 20 -31 -55 13 -5 -68
-56 37 -3 -3 36 4 41 46 -97 56
78 54 -26 -70 -32 95 -29 -38 -64 -5
-2 92 -10 26 -23 90 49 51 -33 57
-73 -47 -88 -56 2 -96 -18 20 -64 -60
76 -44 -64 82 5 -82 -49 -86 -81 -31
12 -29 -40 -19 -27 -53 -4 30 -74 64
90 51 -94 74 -97 94 21 -93 -20 0
-82 39 -28 49 -67 15 -17 85 -50 -41
73 36 20 32 -3 55 -10 -27 24 66
90 -58 -68 94 -17 -26 -35 -48 79 -64
-20 -75 3 -40 85 -5 0 6 81 -62
-22 67 20 34 7 50 -9 -33 45 17
40 -65 32 -48 -49 -29 -21 -60 43 -6
-88 10 17 33 9 -12 -61 -19 -44 -92
-49 63 -68 82 54 -62 -23 52 67 -60
43 25 51 83 -80 -47 6 55 63 -3
-23 -17 96 -82 41 -57 -18 76 -22 -30
95 -77 -64 46 -25 26 2 27 -83 -33
-7 42 59 -62 -59 51 -89 65 64 -90
27 -18 80 59 -76 48 56 -66 33 -39
-38 75 -58 -26 3 -97 -98 45 69 29
-17 66 -34 -25 0 -33 -86 -84 45 33
18 27 -13 -17 52 -92 -93 33 73 92
-37 41 -32 14 -2 4 33 26 -25 91
-54 -55 85 14 -37 -54 -36 -53 32 22
72 56 -14 57 73 31 50 64 95 29
-22 80 55 -82 0 -64 -7 -27 48 -83
-14 -83 -41 26 -10 -81 -9 -48 -43 73
97 50 -23 6 88 -94 -36 -76 -31 15
-94 -13 -8 -18 -84 -33 16 -33 -26 97
-16 -8 -74 -24 -87 -61 -49 10 19 -77
6 11 77 -42 12 23 82 13 -98 -90
86 -37 10 80 -23 64 -47 -70 -45 99
78 87 51 -16 22 -65 52 -84 9 56
98 -52 -61 -98 -80 82 -68 -56 49 -99
-88 38 -35 27 38 -8 -1 -77 -48 -3
-57 -33 -22 -75 -5 -34 90 17 -41 62
88 87 37 -93 -35 -40 -32 -58 -72 11
-44 29 98 76 -6 -5 46 15 -97 -97
20 57 65 -24 -52 85 2 -10 -35 -6
-72 77 -92 28 49 86 -88 -43 81 -69
