4 -52 -46 42 55 6 -10 -27 -7 -14
-95 -15 67 69 -80 90 -84 71 2 43
-87 -37 49 -36 -91 -22 -5 82 84 -40
-72 -2 24 -88 77 -54 78 62 6 64
-9 -47 -34 -4 -84 -27 52 -93 -35 -39
24 -80 41 84 -4 -46 -66 -45 -11 -54
35 73 83 91 1 61 -65 84 -22 40
25 -56 79 62 -95 85 10 53 -62 0
-27 88 -44 58 -53 9 -51 -8 60 -67
39 50 11 19 -96 -55 -50 83 -21 48
76 60 69 99 -4 -19 -85 -32 70 -64
18 18 45 -2 59 34 -33 -57 -6 71
-76 19 46 -75 77 88 11 -37 17 59
34 -75 -64 89 2 80 42 45 7 -8
-65 -39 -63 36 -30 -76 18 47 -31 -79
-82 -63 -55 -91 91 71 -75 22 -15 -63
81 87 -4 -7 -81 -80 -86 86 -69 -83
36 25 65 52 85 21 -50 51 92 -2
-67 -37 39 21 23 -1 56 59 45 30
99 79 -28 -82 -36 -15 -72 17 -56 76
-71 83 55 -93 -16 19 69 52 -15 -78
-24 -43 39 43 0 4 48 54 -76 34
88 88 -27 10 37 39 -51 -63 -58 56
71 -81 6 5 -67 95 -79 63 -68 -20
74 50 89 46 -19 68 55 14 75 -58
-91 4 56 29 -53 -33 -38 -11 -54 -25
-58 52 67 -21 -70 73 51 46 58 15
41 -82 13 82 90 61 51 -60 71 22
29 34 -27 -17 -19 6 28 -22 -91 -17
35 4 47 61 32 8 24 88 -53 -72
44 83 42 87 -88 -86 89 -36 45 11
51 16 88 9 -84 -95 -22 30 55 -93
-1 -25 -63 43 60 -86 99 81 20 85
-53 -97 36 77 -74 97 89 63 -65 24
19 -94 -48 0 -23 -21 -6 -79 -73 -50
5 -55 24 0 95 70 66 53 0 70
-9 21 -91 87 38 3 -14 2 -19 -10
18 -45 63 1 58 -44 35 -2 90 -96
-46 43 -27 -73 -34 -40 -55 14 50 49
-16 11 21 79 76 66 -82 -33 4 19
-60 -5 -66 61 24 -24 -65 32 20 -87
-89 40 -19 -25 -21 88 96 90 0 -91
79 96 60 25 -26 -12 -18 67 59 -79
93 -84 38 29 -66 -18 -18 -45 41 25
77 85 -34 -82 1 -64 -53 -79 23 66
-38 80 -98 -81 10 98 33 96 -16 1
36 65 -95 5 -65 -52 98 -58 -4 63
-72 -83 64 80 2 45 73 56 -90 -19
27 -36 47 43 -86 -15 -77 -39 64 -69
-10 -62 -61 71 -6 -42 -84 -89 25 -88
91 94 14 44 11 47 0 -91 -45 -21
-31 80 -25 95 -5 -41 -11 11 81 95
82 -13 91 -11 -52 99 34 35 37 54
-74 -43 51 96 -59 10 62 33 -47 21
-82 -6 -25 -73 22 -29 65 89 -36 -11
32 41 -86 92 -16 59 -57 -32 -32 -1
24 34 -44 -22 -84 -38 12 79 -26 -73
16 65 2 -95 -3 99 92 95 -89 40
19 76 -59 -50 -38 -1 89 -12 0 2
-45 -94 -60 80 55 70 21 60 -68 82
-29 -20 82 -77 -8 -2 90 15 64 60
-53 48 -6 -18 32 -4 65 -52 -76 -7
-33 83 92 -97 -12 -60 -18 66 18 -36
39 -87 -28 -59 60 -55 -94 45 -29 74
88 -14 -63 76 -1 24 -22 49 76 71
46 -69 -5 -96 28 48 -3 -54 52 38
-59 27 1 46 -29 79 27 -90 14 46
-18 48 20 18 -63 9 30 70 -48 -53
-93 -17 -75 44 -56 -8 61 3 85 -70
-52 79 -62 17 88 40 65 -51 -78 78
42 92 -43 -32 -32 19 -37 -92 65 95
88 -23 12 75 -68 77 98 -72 11 80
-88 65 -62 -19 -98 -30 70 81 71 -31
24 -64 40 -49 41 -36 48 61 53 80
-26 47 96 90 24 -12 -70 80 -92 38
-79 94 -10 49 -61 -17 -26 -86 -65 22
15 33 -79 -55 -41 -63 96 87 41 -26
-41 19 74 -7 67 53 -93 18 -15 39
23 -75 83 7 -75 43 45 95 38 73
-26 -94 -23 -57 64 -16 -4 -67 -52 41
-66 -95 12 -21 25 82 -86 77 -49 -63
-48 -30 36 -38 7 -95 -82 11 0 14
-5 33 -5 17 36 -88 -39 47 41 13
5 14 -89 95 -67 -28 54 -8 -44 19
72 3 90 80 98 0 -43 -38 39 83
81 -70 -82 41 -4 -9 95 51 95 -22
0 -14 35 -75 71 -94 48 46 -81 -57
-87 38 40 -97 54 -9 47 -46 -54 -5
-79 -23 -35 3 72 95 76 63 -98 -34
-63 -13 99 -75 -46 66 -14 27 -31 -51
83 -22 -99 -78 52 -31 75 81 -94 -63
-15 42 0 -14 -42 -78 87 -12 -73 -6
88 -14 2 -43 -79 -1 -9 -72 -87 -12
97 42 -29 -46 -38 -85 76 -51 35 -27
98 -94 -8 -9 8 -44 11 81 8 -70
52 -10 -10 38 78 12 -98 0 -74 14
99 48 -71 -10 -54 -2 -90 -76 1 18
53 -94 0 75 66 -15 -52 23 -45 -77
-69 -88 -97 97 0 -68 -27 0 -71 49
-28 52 28 -64 66 96 95 -48 49 60
