-9 -90 84 -94 90 -10 57 -32 -33 34
31 69 -53 -25 -25 48 7 0 -25 22
-25 73 -20 -84 73 -19 -22 -87 -58 -8
19 -98 -69 -47 57 -70 5 -18 74 -90
10 -62 4 94 89 58 -26 70 -42 69
96 50 -15 -35 42 -5 47 43 -37 -88
77 -10 -34 -24 62 -1 23 47 27 -58
80 -92 -2 -88 83 0 -65 -24 -87 1
-54 -6 -26 59 51 32 90 99 -29 88
15 -94 -11 86 -15 -79 72 60 -99 -65
37 49 -10 -65 -65 -46 40 71 -83 28
-24 22 2 -70 -88 39 16 -72 -84 -14
-56 -95 0 49 25 -10 58 -99 58 -61
-98 46 55 40 46 29 61 -40 -20 59
19 38 -86 -90 27 -44 -26 45 -51 -6
-15 12 -56 87 8 12 -16 94 -83 61
-95 1 91 79 -72 29 20 -78 -92 -40
-52 26 81 -36 -21 -77 72 7 42 78
57 -14 -17 -44 -65 -42 -85 29 28 -94
-91 49 -21 88 97 -93 11 15 76 98
-33 -37 -24 25 -79 2 -98 -30 48 -28
71 62 -60 28 40 28 92 -80 43 -14
-18 86 -34 -25 -72 41 41 -44 26 -76
-79 91 76 -77 -44 6 56 -61 -9 84
85 -42 -48 -95 -66 23 34 25 -35 34
72 25 -71 -4 76 -67 78 -84 6 -90
74 63 65 97 -75 -48 89 62 15 36
79 56 34 61 74 -15 -73 -95 67 82
1 -81 66 64 0 11 62 -44 0 -34
-85 -30 81 53 -57 -69 -16 -42 80 46
-18 -5 -23 88 39 -37 -28 4 39 82
48 -23 36 1 18 40 -20 -73 -59 -4
47 89 68 -1 77 66 83 16 -2 1
-62 -3 -50 2 88 87 38 -14 98 -94
8 56 -26 91 -41 49 -19 72 11 66
-39 60 -34 -58 58 90 -44 22 90 -19
69 83 72 33 -44 -75 -19 -91 83 43
35 -92 -38 86 94 -3 -29 -89 70 37
-89 -86 24 -80 -60 -63 -42 -16 53 -75
-11 57 42 79 98 -24 -3 83 -71 25
88 55 -68 -98 -5 -17 26 44 -85 74
85 41 27 13 -94 -60 43 66 -23 0
-46 3 36 -99 44 -76 56 -80 75 -57
-8 -69 47 -90 75 97 -85 23 9 69
37 -97 25 -17 -46 93 60 -1 39 37
-72 33 -96 -54 -64 76 1 -63 -79 -69
-48 -56 22 -23 -40 -48 -73 10 45 -88
81 -28 -7 33 59 -49 -81 36 -93 -49
25 2 33 -68 30 80 63 -5 -29 1
88 -52 84 12 -60 85 70 -27 17 -57
-11 29 62 97 73 55 55 82 -58 83
0 45 3 -16 -40 48 71 15 -51 71
20 -67 71 -29 -42 84 67 81 79 57
-13 -81 91 20 -96 -33 -79 54 87 -21
-98 -73 66 37 -3 -7 87 -34 74 84
74 52 -38 23 -49 87 -74 -74 27 -88
7 29 -19 63 82 -15 -72 80 54 -68
-47 10 -87 -82 -97 96 -45 -9 -32 88
-28 11 52 51 -57 37 -38 -89 -65 -75
-58 -12 44 -47 -16 -37 -35 25 53 -71
58 73 -72 -8 -66 -12 -25 -91 73 15
43 89 14 -86 -30 58 -30 -51 -49 40
-21 44 -5 21 71 -61 33 -56 -5 -42
33 12 19 -93 24 -20 -7 -39 0 -67
60 61 -95 -68 -69 35 11 -80 81 -3
23 -41 10 -8 -60 14 34 16 34 -16
-16 -42 52 -66 60 87 19 -32 31 90
58 -49 35 56 34 -12 -69 -73 -49 -63
55 32 -77 -33 40 12 -59 -4 -9 -26
14 -98 -34 -6 -38 -33 -30 78 -57 -32
-16 50 -22 -66 -45 -51 -18 38 29 79
-78 8 -56 -39 -58 36 34 -89 -67 99
31 44 44 64 -20 -94 -16 -17 91 12
-37 27 42 -54 -61 -94 62 99 -36 -81
9 5 36 -40 -20 -33 -75 4 4 34
-72 -74 -28 0 4 -46 -68 30 -84 0
92 -2 99 -78 -68 64 15 -61 -36 -69
45 68 69 -4 83 64 68 92 -36 82
5 -47 97 20 95 -12 -29 -76 7 -59
-29 75 8 -96 59 -3 9 72 25 -47
-74 85 24 50 95 -78 69 57 -18 -39
3 -21 94 93 -84 62 83 87 -3 13
10 -85 -86 0 70 -31 71 -86 -78 -15
5 -18 35 98 -41 74 -99 14 0 73
16 -62 -20 -56 -8 44 -49 1 -37 -18
-67 -20 86 35 43 98 74 -55 4 -72
14 61 33 -65 -62 -55 -58 54 79 -66
-21 -25 90 -76 36 -16 52 -48 68 26
89 5 -13 -3 -32 -39 2 -36 -38 12
-72 -70 -34 -52 -48 -69 -49 20 4 -93
67 7 -5 46 -24 -92 -56 -26 70 68
-74 -74 -71 48 44 37 -96 30 -94 -39
-11 -29 -35 44 75 48 -95 13 50 -78
-32 -28 98 14 -37 2 -50 52 91 -63
29 -43 -45 -27 -93 -26 -49 81 -5 61
-64 -47 -86 18 96 -88 40 7 -85 75
12 -30 59 8 48 81 46 -18 -7 25
12 -88 -3 -45 -61 12 84 91 64 -84
16 32 11 -99 28 82 -28 -10 -11 95
-70 -43 89 -11 -77 90 -48 -81 90 47
