80 6 80 -18 80 81 80 -68 80 31
80 -33 80 66 80 -83 80 16 80 -8
80 91 80 -58 80 41 80 -46 80 53
80 -96 80 3 80 -21 80 78 80 -71
80 28 80 -27 80 72 80 -77 80 22
80 -2 80 97 80 -52 80 47 80 -40
80 59 80 -90 80 9 80 -15 80 84
80 -65 80 34 80 -34 80 65 80 -84
80 15 80 -9 80 90 80 -59 80 40
80 -47 80 52 80 -97 80 2 80 -22
80 77 80 -72 80 27 80 -28 80 71
80 -78 80 21 80 -3 80 96 80 -53
80 46 80 -40 80 59 80 -90 80 9
80 -15 80 84 80 -65 80 34 80 -31
80 68 80 -81 80 18 80 -6 80 93
80 -56 80 43 80 -43 80 56 80 -93
80 6 80 -18 80 81 80 -68 80 31
80 -25 80 74 80 -75 80 24 80 0
80 99 80 -50 80 49 80 -37 80 62
80 -87 80 12 80 -12 80 87 80 -62
80 37 80 -36 80 63 80 -86 80 13
80 -11 80 88 80 -61 80 38 80 -48
80 51 80 -98 80 1 80 -23 80 76
80 -73 80 26 80 -29 80 70 80 -79
80 20 80 -4 80 95 80 -54 80 45
80 -42 80 57 80 -92 80 7 80 -17
80 82 80 -67 80 32 80 -32 80 67
80 -82 80 17 80 -7 80 92 80 -57
80 42 80 -45 80 54 80 -95 80 4
80 -20 80 79 80 -70 80 29 80 -26
80 73 80 -76 80 23 80 -1 80 98
80 -51 80 48 80 -39 80 60 80 -89
80 10 80 -14 80 85 80 -64 80 35
80 -35 80 64 80 -85 80 14 80 -10
80 89 80 -60 80 39 80 -48 80 51
80 -98 80 1 80 -23 80 76 80 -73
80 26 80 -29 80 70 80 -79 80 20
80 -4 80 95 80 -54 80 45 80 -42
80 57 80 -92 80 7 80 -17 80 82
80 -67 80 32 80 -32 80 67 80 -82
80 17 80 -7 80 92 80 -57 80 42
80 -45 80 54 80 -95 80 4 80 -20
80 79 80 -70 80 29 80 -26 80 73
80 -76 80 23 80 -1 80 98 80 -51
80 48 80 -38 80 61 80 -88 80 11
80 -13 80 86 80 -63 80 36 80 -37
80 62 80 -87 80 12 80 -12 80 87
80 -62 80 37 80 -49 80 50 80 -99
80 0 80 -24 80 75 80 -74 80 25
80 -31 80 68 80 -81 80 18 80 -6
80 93 80 -56 80 43 80 -43 80 56
80 -93 80 6 80 -18 80 81 80 -68
80 31 80 -34 80 65 80 -84 80 15
80 -9 80 90 80 -59 80 40 80 -46
80 53 80 -96 80 3 80 -21 80 78
80 -71 80 28 80 -27 80 72 80 -77
80 22 80 -2 80 97 80 -52 80 47
80 -40 80 59 80 -90 80 9 80 -15
80 84 80 -65 80 34 80 -35 80 64
80 -85 80 14 80 -10 80 89 80 -60
80 39 80 -47 80 52 80 -97 80 2
80 -22 80 77 80 -72 80 27 80 -28
80 71 80 -78 80 21 80 -3 80 96
80 -53 80 46 80 -41 80 58 80 -91
80 8 80 -16 80 83 80 -66 80 33
80 -31 80 68 80 -81 80 18 80 -6
80 93 80 -56 80 43 80 -44 80 55
80 -94 80 5 80 -19 80 80 80 -69
80 30 80 -25 80 74 80 -75 80 24
80 0 80 99 80 -50 80 49 80 -38
80 61 80 -88 80 11 80 -13 80 86
80 -63 80 36 80 -36 80 63 80 -86
80 13 80 -11 80 88 80 -61 80 38
80 -49 80 50 80 -99 80 0 80 -24
80 75 80 -74 80 25 80 -30 80 69
80 -80 80 19 80 -5 80 94 80 -55
80 44 80 -42 80 57 80 -92 80 7
80 -17 80 82 80 -67 80 32 80 -33
80 66 80 -83 80 16 80 -8 80 91
80 -58 80 41 80 -45 80 54 80 -95
80 4 80 -20 80 79 80 -70 80 29
80 -27 80 72 80 -77 80 22 80 -2
80 97 80 -52 80 47 80 -39 80 60
80 -89 80 10 80 -14 80 85 80 -64
80 35 80 -35 80 64 80 -85 80 14
80 -10 80 89 80 -60 80 39 80 -47
80 52 80 -97 80 2 80 -22 80 77
80 -72 80 27 80 -29 80 70 80 -79
80 20 80 -4 80 95 80 -54 80 45
80 -41 80 58 80 -91 80 8 80 -16
80 83 80 -66 80 33 80 -32 80 67
80 -82 80 17 80 -7 80 92 80 -57
80 42 80 -44 80 55 80 -94 80 5
80 -19 80 80 80 -69 80 30 80 -26
80 73 80 -76 80 23 80 -1 80 98
80 -51 80 48 80 -38 80 61 80 -88
80 11 80 -13 80 86 80 -63 80 36
80 -36 80 63 80 -86 80 13 80 -11
80 88 80 -61 80 38 80 -49 80 50
80 -99 80 0 80 -24 80 75 80 -74
