51 -72 -31 66 62 8 6 -88 -19 -10
92 9 84 -31 -65 -60 -78 -3 67 58
30 -57 22 0 26 87 -80 99 25 29
22 -35 98 -61 -93 63 64 13 -68 81
39 84 -28 94 -20 10 96 -84 -28 -33
-25 16 -1 -42 -49 59 9 42 -79 -36
97 -38 6 41 -60 0 90 -58 2 0
-9 -64 -80 19 62 61 57 80 97 -71
-48 56 -86 72 -28 4 -60 -15 8 31
0 65 19 78 -23 -83 65 -16 68 48
-43 -24 72 -90 -41 19 37 27 -22 26
-59 71 -79 -98 -11 -26 -64 57 -53 -16
-56 -70 -35 42 -23 -81 -73 -17 0 -94
-53 -55 -26 -93 -89 20 80 63 -28 15
78 -10 49 -47 95 48 -1 -64 50 -60
-94 -30 10 78 66 -32 77 72 -20 50
-67 20 -75 -15 36 19 -89 55 33 -44
92 38 46 -94 35 61 -18 -43 41 -75
22 83 73 27 35 52 -29 -12 -93 26
85 -22 -5 51 -13 85 -12 -34 -83 -96
-2 -96 23 -27 57 86 -48 -67 -76 -93
-88 78 -59 57 35 99 36 -48 -39 -17
52 53 69 -61 3 18 -14 5 -12 -46
-36 -50 57 -36 64 -33 -42 23 16 -44
89 -41 25 -15 23 -80 6 -31 -77 65
57 -24 59 -94 -16 -39 5 11 86 -24
48 -36 13 -32 -96 -43 63 83 15 10
-54 3 -61 -81 -60 -80 -27 -94 69 45
-82 -12 -72 67 29 50 87 74 47 43
-67 -41 28 -66 22 -78 76 -21 98 58
-47 11 -2 -2 -81 -95 13 -15 54 58
-7 20 36 70 66 -65 42 64 17 -68
95 94 75 18 19 63 -75 -69 -68 11
-6 92 -51 81 20 -98 5 84 39 5
-87 21 -16 81 -51 14 -41 50 -72 14
13 -36 67 -39 -96 -89 6 71 46 20
96 -93 39 -94 -49 -76 17 -18 -3 82
-48 -30 -59 -69 61 19 29 49 35 36
-41 14 7 64 -66 -47 -40 -72 -2 49
-66 85 -52 -48 -98 -8 -58 -27 61 -88
19 -58 -76 55 -79 43 -74 55 -83 -67
-5 48 -58 60 -39 -74 23 -91 66 83
29 -88 78 49 -70 -87 64 0 -76 80
78 97 -85 88 -71 64 88 0 -37 -43
28 -13 88 -85 15 80 -92 76 26 96
90 -45 15 -54 -34 92 -13 50 41 79
18 88 -66 29 66 -15 -97 -51 5 64
-55 89 -58 5 89 -98 59 -96 -33 50
13 -64 -99 52 -78 -8 32 63 -82 8
-18 -20 -33 7 2 -33 21 -61 -4 -88
27 -31 -4 -82 26 -33 53 86 -70 -19
-31 -1 43 -60 -54 20 24 -31 67 -14
74 -5 30 -20 -8 84 -85 -8 28 -53
-46 -69 86 -72 -12 -53 90 40 -34 -82
-70 -90 -43 56 44 15 -84 65 17 4
-30 -95 71 18 -20 -97 88 -34 -28 -20
-13 69 -61 97 93 -76 95 30 58 -74
85 54 -69 51 -2 16 81 36 10 -74
23 14 98 -4 -82 -70 13 -98 43 -56
30 88 95 -11 -3 78 -21 -17 87 31
23 7 76 -52 -72 79 5 75 -41 5
91 86 75 28 -61 -63 30 -66 -84 21
93 67 -15 -27 11 -75 85 39 13 70
30 -49 0 30 -7 -87 -41 9 -27 -15
-25 24 -35 -26 -15 78 42 95 -85 -19
64 73 68 -6 -30 -37 -50 -44 -87 -2
82 11 -92 -97 26 30 -65 -26 12 1
49 69 47 -20 -62 0 -19 88 -79 75
36 -39 -66 -90 2 -63 -61 74 21 57
22 -97 -71 -13 -64 55 12 -26 -98 88
74 -45 66 -93 -66 36 52 -83 -97 -26
0 -95 -95 42 -42 23 85 14 28 29
55 21 85 -29 -60 -19 -64 27 5 91
-24 -54 88 -33 92 90 -4 -20 96 20
-18 92 29 3 0 -20 11 68 -22 -23
-82 9 46 -41 -4 90 17 -37 -69 29
-2 7 41 -95 31 87 30 42 58 -31
45 52 -46 -66 83 -46 99 61 11 -84
-48 35 -5 40 8 -9 11 -92 -39 94
75 93 -12 73 -21 -31 71 86 64 -56
-65 87 60 32 79 98 -36 38 -98 79
12 21 -38 52 -64 20 -88 -52 39 95
-25 -18 -75 -83 -35 81 98 -18 29 -93
-95 -42 5 -72 -26 -32 20 -60 80 -42
99 89 -13 63 -21 4 -51 44 -6 69
-32 44 38 88 -19 32 -42 -28 -48 11
-95 -91 -48 -14 -73 84 30 27 25 25
-13 -67 -35 19 -1 39 45 41 22 -66
-24 35 68 65 31 -49 -66 -16 -43 -60
47 16 -52 34 -23 -67 -32 -24 -47 -38
-82 40 -64 -78 36 -4 -52 -97 -53 28
-21 81 -51 63 -4 -78 98 -11 50 -3
60 77 62 -65 18 90 -66 -89 41 71
98 24 -9 89 -24 -63 -24 4 89 87
-58 -5 24 -4 75 34 -19 49 66 70
12 51 23 -49 76 -34 44 -70 -1 82
74 49 -19 -80 41 77 13 41 65 -7
85 -91 97 73 55 17 -27 -3 -41 71
1 -8 -35 -31 27 65 55 -15 -80 34
-24 -8 35 -14 -21 85 -85 -56 38 96
