-14 83 -37 16 75 22 -93 56 -90 55
37 59 80 -86 21 5 93 3 -25 79
-80 64 48 77 48 -16 51 -17 -83 5
-8 -39 54 -68 53 -77 -86 22 15 -96
30 -51 -52 -16 46 38 84 73 13 49
23 56 -89 -82 -21 69 -56 -24 -65 16
-30 -27 60 44 17 7 -9 -30 -41 36
20 -45 -37 37 -66 63 -12 37 -61 81
59 33 37 25 25 83 73 90 45 -62
-3 -55 96 -5 41 70 66 21 -44 -56
21 97 -21 -12 -27 38 59 -13 -40 -54
-83 -86 19 50 57 -80 -81 -86 59 -23
19 -85 -78 -84 0 -64 -60 20 -65 -3
91 73 -78 -61 55 7 36 46 -96 -51
36 -62 31 19 -69 -77 71 -87 -4 -4
67 -54 -33 -81 9 -48 -94 -77 11 17
9 38 78 60 65 -23 17 -87 -96 -99
-5 21 21 89 -66 -3 98 -4 -86 69
-89 -9 -60 12 -87 12 -98 -89 21 36
25 29 38 -96 -84 20 -39 -78 79 -87
69 40 4 31 59 88 -79 -29 -98 31
46 45 57 80 20 31 5 55 -78 -88
62 55 69 -57 72 -80 -34 -72 -54 -81
-72 -20 -25 -31 79 17 -27 16 64 11
-71 15 1 -21 -41 80 -20 -62 -73 -15
87 35 -61 87 -20 7 -1 85 11 -76
-28 -55 30 3 -13 81 52 -47 88 -23
86 -5 32 -48 99 84 -22 65 -86 60
-34 54 0 11 -19 -2 26 4 34 94
-63 37 -88 -45 90 -95 96 3 15 -79
-27 -49 80 -22 48 -88 -22 -50 -72 -89
-38 -13 32 24 -86 -55 -46 -85 -25 -2
-24 83 -58 -17 51 37 -92 -20 46 -88
46 0 48 6 -21 44 -67 -5 -53 90
27 82 -41 -2 45 76 -13 33 -20 21
-10 35 -37 -86 46 -21 78 35 44 37
49 -16 38 -75 35 42 -6 -30 45 -94
12 68 -63 69 67 45 25 -84 48 95
63 -8 -89 30 -67 8 34 21 -87 7
-42 -2 -95 -7 -36 91 98 59 0 12
-44 84 -90 93 -35 -14 32 -32 -85 62
-87 75 -79 -60 -59 -10 67 92 2 -32
-90 -11 59 -86 86 76 -84 7 18 -72
85 -50 41 -51 65 -57 33 -1 87 -62
-51 -91 -22 -54 -16 -17 8 56 -45 -9
-20 45 58 -39 24 75 29 -47 -80 23
19 -98 -77 -67 -85 -42 47 -82 7 39
-22 -73 -85 -63 -12 -1 -88 70 -15 93
33 87 46 -78 -30 41 -33 81 -98 9
2 -70 15 8 70 -2 -97 -23 77 95
12 37 11 -39 -10 97 -10 78 98 -23
61 72 37 -78 72 0 -61 -55 -61 61
-77 -20 87 4 82 -45 -2 -94 -24 -8
79 -94 -59 61 6 99 -34 -36 47 52
-30 76 94 -11 81 17 -94 -74 -1 57
64 -97 -53 -55 -14 -75 -65 -28 -63 77
81 -22 36 22 98 -61 73 -34 26 33
69 59 -65 -11 -74 88 33 36 -58 74
15 58 99 -48 -70 19 -15 21 17 31
9 -84 -75 4 -94 -13 -30 15 82 -65
84 54 61 -95 -11 -89 -11 59 14 86
-64 -9 51 81 -41 -93 -43 57 -64 -62
-82 56 -91 37 8 76 -89 85 -70 -67
90 -63 57 -21 79 93 -39 -67 -78 84
-69 -74 -38 80 -83 20 73 -38 14 -61
92 -83 -67 -50 89 -70 29 23 17 93
-72 72 35 -39 -38 -1 -94 -55 69 80
-16 -73 61 8 79 84 13 -40 13 54
82 65 -52 7 94 39 33 -69 55 -49
13 58 11 -94 55 -23 -57 -70 71 74
46 62 95 -60 -85 -39 -82 -79 59 -17
42 4 70 -13 0 41 -66 -74 57 8
-59 -19 91 -60 -3 -84 -32 -44 -58 -27
47 62 -71 -35 -73 -2 -27 -72 -24 32
82 40 0 83 36 -4 80 -45 -55 14
-77 39 -48 -68 -80 -53 -70 -75 -18 5
-78 40 -68 0 -5 35 36 -94 82 63
45 59 59 -57 -31 12 17 -85 -54 45
-53 -22 96 12 -53 80 81 -83 -73 -34
-27 -25 -3 -43 1 98 -74 11 92 61
86 -9 -18 -38 26 27 -50 12 39 -73
10 -46 -4 48 60 48 -87 46 -64 -65
38 78 78 -31 80 -31 37 -81 0 14
10 -4 75 -29 -60 4 22 51 -87 -44
-16 -2 88 58 -42 -91 -9 43 -34 -81
-42 99 41 -79 37 -56 -23 -9 97 -62
42 -83 8 -10 25 -15 -4 -46 -18 9
-77 41 25 57 -24 86 -83 40 -65 -29
-43 77 -95 50 0 36 87 -62 57 76
35 -55 62 -96 47 24 8 10 -65 -3
-98 -13 75 78 -9 8 -73 98 30 16
7 -65 59 -90 -50 -45 -33 -4 -97 99
-87 -53 48 0 36 73 41 16 44 -60
-80 0 -89 -92 34 65 58 -62 97 37
-60 -22 -62 -48 -56 -30 77 -82 63 5
-98 41 -83 38 -6 -56 -71 -93 -3 10
-52 -82 51 -19 53 -49 76 -85 93 54
47 3 52 6 22 88 -45 -35 -68 -63
66 -13 5 45 55 -61 -8 -7 41 -42
23 64 15 -38 59 43 -49 13 48 85
