43 40 -69 -6 -12 -84 -22 -56 -80 -26
29 23 -23 -79 -86 23 56 -9 -86 37
-25 -68 99 -27 -60 25 -81 81 11 47
-13 70 -31 -45 33 21 72 25 -76 -85
-51 58 62 22 35 66 50 78 3 11
27 -29 -79 59 -71 -8 32 -96 11 -9
-58 -25 73 -14 -27 -16 70 38 -60 -53
10 -94 -20 11 24 -6 11 -70 91 -18
-59 31 -83 89 -20 -12 54 -81 -56 -14
-16 -81 -72 -6 -64 -74 49 63 93 -99
75 -96 89 23 -83 57 39 58 -47 99
17 -21 86 -19 -34 -31 -52 27 -55 41
52 -9 -93 79 -51 -17 -69 4 61 73
-48 -97 60 49 37 -72 -33 -93 72 56
-18 24 12 -92 -95 11 42 -48 86 70
-17 -88 -26 53 54 -59 -55 -79 -33 -11
37 -96 -15 -93 0 -84 17 -25 -41 36
-39 -94 62 -33 3 -94 -46 35 -36 41
41 -58 -57 -68 -28 -43 -16 -13 59 -67
-60 -10 49 -51 -81 -69 6 3 72 -16
-81 -11 -80 -68 -47 17 16 -82 32 46
-44 25 -79 -80 46 91 -67 -23 -90 66
-16 0 -36 16 -32 16 -53 -41 -6 1
-1 66 -89 99 89 -89 3 22 86 99
-74 68 -57 45 9 -43 -71 -91 13 -68
-81 -80 77 95 -40 -53 8 -43 -57 -61
-34 69 -14 15 46 -33 12 53 92 71
90 78 9 -54 90 37 -26 -79 -50 90
-59 -37 80 -28 -75 32 -70 -96 22 42
-95 -63 -50 -21 11 -88 80 -42 39 33
-38 75 1 -92 22 33 -19 -34 -56 57
21 -11 19 14 -56 85 -43 12 24 -13
9 -94 98 88 -93 8 1 -8 -27 -83
-94 49 87 -30 -83 -72 93 -75 6 -43
-87 32 55 -26 -85 -96 -19 -83 -91 -8
48 -16 41 -96 -2 -83 -51 -12 -48 72
18 30 8 76 -82 38 11 -4 -50 -47
72 -48 45 12 -71 -28 -61 22 86 5
3 -97 58 80 -84 -6 15 66 61 -75
45 18 14 97 -71 64 89 -79 16 -25
8 72 74 5 -15 -21 41 91 -39 -62
0 18 -77 -51 -98 6 8 -87 85 95
-45 55 60 -27 -2 41 66 -30 6 -5
-25 -79 35 79 19 77 65 -85 -84 -4
-51 69 -2 -97 61 -4 58 51 16 73
-53 91 55 -81 72 21 -81 -21 15 36
23 -12 -17 -88 -48 -47 -59 5 -40 -55
19 -28 72 42 -87 0 -8 65 23 -27
47 21 73 31 45 27 36 -95 95 2
-2 31 -68 -81 -54 -25 54 12 36 -73
88 -81 -20 -38 -10 -32 0 -9 0 96
70 -22 -7 13 82 49 -34 -74 -68 -9
84 -83 54 -70 -88 45 -69 20 -87 -94
26 -3 -41 -51 -84 6 29 -39 -43 80
-67 41 35 4 -81 -2 18 30 -2 78
93 -83 -81 24 -80 1 -8 31 65 73
88 97 39 -48 15 -79 -93 52 -66 -35
-90 12 88 74 -13 45 -42 51 -13 -7
52 -11 49 37 -5 46 -59 -6 38 49
97 49 -62 17 -97 -34 64 58 95 54
18 70 26 -78 45 3 71 -5 95 -71
-37 32 72 59 -19 40 -10 89 -50 -21
28 59 68 41 80 70 -26 -9 -96 -56
-87 -91 -84 72 -1 -47 -76 39 -46 75
70 -28 54 -64 -17 -9 34 55 20 62
-47 -11 -86 -22 85 94 82 -92 54 75
-20 51 -71 -5 59 51 -24 -9 40 81
79 -76 26 -43 20 -44 43 41 38 -9
56 69 17 -77 -36 5 -86 51 49 97
91 43 -60 62 39 -5 -9 41 44 50
31 -41 39 57 -91 2 9 15 -48 -92
-2 45 -55 6 59 -11 25 75 -45 86
85 71 62 18 -57 39 28 86 54 40
53 49 49 -37 -69 71 -15 8 36 -44
5 52 -34 -55 59 47 20 -77 -55 45
34 -6 61 14 57 37 -22 56 9 41
95 29 -15 -50 90 -4 -72 7 -83 -43
61 -37 65 -62 -12 -94 -42 -65 -78 75
41 43 20 60 -94 -47 48 5 -48 -68
90 -12 -71 52 83 -96 -2 46 51 77
92 77 -72 34 -74 38 18 46 47 -46
23 36 -28 -1 65 78 -79 35 -79 17
-46 72 83 74 -85 -54 -17 58 -67 52
12 -79 45 -15 5 5 65 -4 -18 -51
-9 -41 25 -68 64 10 88 14 -80 -28
-72 87 93 27 96 -88 82 62 -85 64
0 55 50 59 82 -43 -61 12 30 66
-85 57 -55 -79 -84 -61 0 -69 -20 13
13 6 -15 -61 -25 25 75 -26 -27 37
33 66 -85 88 87 -18 99 16 56 15
2 -24 5 69 -45 48 -49 -59 -89 4
83 36 25 -90 -73 -4 46 -31 45 52
-21 29 -57 -67 76 -88 -17 -90 -17 -54
84 45 30 8 82 81 -19 62 93 -96
-94 45 13 -52 51 -55 59 73 -78 26
54 84 -10 45 78 46 82 98 47 74
26 -6 50 -1 34 -5 79 60 -65 91
-32 -15 -53 7 32 55 88 76 -64 18
40 -96 -75 -88 28 31 -67 -22 -6 35
93 -96 19 53 75 40 -93 -29 -71 1
