-73 24 -90 65 24 83 16 14 99 -22
93 80 -6 24 87 -12 82 36 -66 -53
-90 7 -75 -33 84 32 -58 75 85 13
19 17 73 27 70 -56 -37 -80 -27 64
-1 2 32 19 -29 11 -29 83 -55 -4
81 45 -69 -94 -61 4 -84 -1 -71 18
40 36 36 -23 38 33 -50 -95 -66 29
-66 -5 -73 -47 6 -1 35 -1 82 -23
27 32 95 67 67 -10 -38 7 -54 -3
87 -87 -75 9 -64 -46 99 -92 -33 -76
-98 -22 73 20 -10 -20 59 1 -81 93
-26 27 31 -79 34 42 -54 77 -61 56
-9 1 66 -21 -97 -77 -99 84 43 10
-15 83 -79 -3 1 66 82 -17 3 -41
58 -74 6 -30 73 29 40 31 -39 -62
96 54 -16 50 -3 -9 78 91 -55 -77
86 -21 -5 71 57 54 74 -99 45 -58
38 3 23 -64 46 -16 25 67 94 -54
98 -48 30 16 71 31 -41 -96 94 -48
-62 75 1 53 53 10 67 -65 66 36
-23 -53 23 51 -20 56 -38 -87 -38 91
89 -60 -71 35 -56 21 88 33 -58 -44
20 74 -32 91 32 -2 -32 24 -39 -42
-51 0 -34 59 19 47 -28 -65 -65 -89
25 -94 81 -6 98 -27 86 -19 15 -13
34 70 -69 49 -31 74 44 71 66 -26
-86 -88 52 -38 -74 -13 -31 94 94 -92
95 30 -93 -88 -28 -79 -22 23 -58 -33
-59 -54 -40 76 23 47 -64 11 -99 -73
-79 -31 73 -36 -43 -57 -40 45 43 -41
36 -46 -75 52 -67 -4 7 -60 -2 6
26 -70 31 24 95 52 59 46 -37 5
8 88 -1 59 16 -87 41 -11 -95 -11
-21 -12 -70 -41 -91 66 -79 -30 -61 28
51 82 48 25 72 -17 -54 46 -10 -84
51 84 -48 -73 59 -58 -25 52 -36 -15
17 -32 10 -66 -17 76 -38 -41 49 -99
-43 -31 4 57 2 68 -16 68 -79 70
3 -56 87 41 -88 65 -19 23 -92 -3
83 91 76 -24 -35 -80 -38 -20 -37 85
61 -68 -75 64 -38 89 37 -57 32 21
39 -30 -90 -29 -89 72 45 40 -45 -69
68 97 0 -54 61 -7 -78 25 28 -2
69 96 7 96 -28 15 -25 23 68 29
-58 30 -55 -70 67 64 19 25 65 24
65 35 -74 76 -87 -17 33 -11 37 17
-48 -58 -48 37 80 86 66 89 -29 77
-33 86 23 -82 -19 95 -82 34 -18 24
-44 -90 15 30 43 3 -69 9 14 -72
85 50 58 74 34 -45 6 -83 50 74
-59 -83 18 69 46 -57 -45 -76 -51 84
-84 -83 52 -29 16 41 -22 24 -31 25
15 -24 60 -94 -40 -62 86 12 4 37
61 81 -54 51 -12 -94 29 0 2 -1
-49 94 -51 31 -48 23 21 -91 -91 37
-27 45 34 73 45 31 -92 -75 -79 -40
90 82 89 39 56 70 45 -5 -5 -11
91 -8 -34 -22 17 71 -72 18 -95 -80
-84 1 -17 50 0 2 74 -52 -54 -2
-84 0 70 -67 -52 40 -82 -31 53 0
43 38 -74 33 25 -18 4 -94 14 36
53 42 -87 42 -35 -94 86 -64 83 -57
-22 78 -70 -74 21 55 -17 6 -58 68
-87 63 10 -73 -30 71 -22 28 -2 -75
56 98 -89 24 -10 -58 60 78 -20 -13
-70 -70 70 -72 68 27 73 86 59 -94
3 42 75 59 20 96 65 0 7 39
23 68 -64 71 -22 -9 -28 -54 -93 -16
-76 -66 -54 63 31 0 99 52 68 90
-57 23 -79 -96 -96 -99 83 -33 -72 29
-40 37 -81 -89 71 57 95 -95 96 9
66 -72 -82 -87 30 -25 31 -84 6 93
83 5 77 -65 -37 -32 7 8 -12 -95
29 61 -72 -69 13 -17 -23 86 -78 13
-86 -89 86 37 -42 -24 8 83 -12 4
-74 -42 6 8 -22 -65 -8 30 -78 -83
65 -33 80 13 54 78 74 -86 -68 48
-64 -24 -62 -8 -29 -43 59 26 -12 -78
-71 99 -14 30 88 -39 62 -46 75 62
13 74 48 -51 -80 8 72 11 32 -33
-87 43 34 -29 18 -7 -11 84 -28 -75
56 55 0 -54 -30 -85 -92 -18 -74 7
-21 11 41 -40 37 -49 54 45 -76 18
-48 -59 45 9 -49 19 -28 82 2 5
26 16 -10 -44 28 -3 72 -46 -3 -91
25 56 65 53 -94 -58 47 97 2 31
-21 -71 65 -18 -72 8 21 -28 -22 1
-26 -42 -7 0 -58 -43 14 14 -48 90
-18 -48 37 -16 -85 -41 16 -9 74 48
1 -74 -18 45 45 48 88 -92 -13 -71
36 -7 84 -97 -83 -68 42 76 -42 22
-97 16 23 24 57 -64 -71 49 1 78
-89 84 -25 86 -94 -91 15 -23 -57 19
-27 -32 90 48 -21 66 -97 -75 77 61
-9 0 42 72 -9 -73 -4 -92 77 4
-77 93 66 -79 93 -82 -5 -54 17 66
-24 10 2 -96 -88 -15 -13 89 -66 32
83 -7 -27 -22 -29 28 -87 -50 -69 -39
-69 -80 99 -52 14 68 -97 95 7 -79
64 89 73 3 -68 83 20 7 72 96
