59 -25 38 95 -32 76 -56 93 90 -62
-84 -2 -67 39 10 -58 69 -64 -61 -94
45 -55 -35 37 -64 -30 -21 79 90 -5
-39 -91 29 92 -84 -35 41 40 -59 59
-52 -9 95 55 -23 73 -49 65 51 -65
51 -41 -6 96 -15 32 61 -11 -95 34
-41 -36 -3 -15 -57 -69 -69 64 -59 50
48 27 -38 26 59 33 -17 35 11 -98
89 -27 65 51 -73 64 -11 66 -2 -21
20 38 71 -88 31 -39 0 -5 -36 18
-28 -22 -46 -54 -73 -60 36 -83 67 -34
82 57 56 -76 47 -68 -53 87 19 -21
-81 -55 -83 67 -16 -4 84 -66 37 85
-23 -38 -88 8 -27 -98 78 -8 76 38
-79 -11 -92 -42 -66 54 41 53 16 73
-23 67 76 -34 -84 82 78 -41 26 64
83 -67 -88 -61 86 -56 95 -50 -34 83
-1 53 -11 79 89 -15 2 -63 -20 -88
23 12 -50 -97 -24 79 94 58 46 -64
55 -24 -60 -23 -94 95 94 -96 12 -83
-78 -9 -31 30 13 14 80 -84 26 -68
93 69 -26 93 -7 -51 18 -26 -24 47
93 57 30 46 -61 54 45 -64 30 97
47 48 3 -75 73 52 -62 45 -44 -97
76 96 87 57 90 -59 -24 76 96 80
-54 40 5 50 -52 -37 29 -91 16 55
-75 -12 79 -31 -92 25 -2 59 -94 -41
57 22 39 7 -98 -7 -16 48 -97 12
14 -9 -43 57 41 -55 77 -62 -94 22
-91 -2 -52 -79 33 66 97 -7 27 91
-27 49 -80 81 0 21 -4 14 -39 94
6 74 14 -51 -78 40 -12 -94 0 -71
67 53 -39 -67 92 70 -46 -9 -90 35
24 65 51 31 37 -92 15 -44 74 95
-37 -58 57 33 -56 98 -65 -9 42 14
-59 -88 48 -35 -24 35 10 50 33 -4
-66 -41 60 -3 -26 80 17 33 82 -96
-53 -66 49 -84 46 -38 20 13 53 75
4 85 83 -8 -70 62 52 69 -2 49
53 67 -53 -49 69 -33 -77 58 -40 -20
56 50 -24 -74 87 -95 4 67 0 -66
-25 1 81 3 -89 41 73 62 83 38
7 -22 -95 -52 19 -12 -19 85 87 -34
-3 -64 -25 -53 -15 -34 -39 -52 -47 1
93 -32 -66 8 48 14 -1 8 -94 49
-50 -27 -69 -70 -12 88 19 33 23 -19
84 -70 -25 -13 -37 -41 28 57 81 60
-75 -29 79 68 -58 -6 53 -97 -1 -27
2 -22 96 -92 -73 3 -95 -64 -53 5
23 -26 30 -88 -90 97 85 -24 19 28
-97 66 71 48 45 -86 8 35 -75 -42
11 60 -2 24 -9 42 -50 -54 -5 45
-72 1 92 93 -1 -9 -32 -12 95 99
64 -74 -99 55 -90 -22 87 -90 8 36
34 -40 37 18 -15 2 41 71 88 81
80 -12 -21 89 44 -60 -91 91 -34 14
4 14 -65 -13 6 -67 8 85 96 76
-86 -27 53 98 56 -69 1 88 7 -43
-63 9 18 -74 18 -2 -77 50 37 4
-36 -7 -15 42 -85 -49 -90 85 55 -99
-79 -3 -2 -46 28 -89 18 -80 -72 82
12 -28 62 36 -66 16 74 -73 45 -4
91 78 -25 30 36 21 -74 5 -37 7
22 -27 14 40 -1 -8 -68 -72 -62 -67
-36 20 42 75 73 -47 64 -56 49 -18
-56 5 -49 79 96 40 -28 -17 -66 45
30 69 6 24 -40 -1 -68 1 53 -45
72 54 -24 -55 51 12 77 -16 52 -98
15 -85 -75 50 0 8 67 6 -15 -83
32 21 8 -90 -20 -97 -2 -60 98 61
-52 80 -43 63 -16 16 99 46 65 76
-13 68 92 -75 54 92 -76 79 57 -76
21 93 0 -29 11 22 -86 72 -81 -85
-19 46 66 -28 -39 -70 95 57 94 81
12 -88 -60 93 -16 44 -66 10 -23 -7
-88 68 -67 85 -97 -46 65 8 -14 63
-19 -40 77 27 62 -61 47 12 70 52
21 -7 33 -79 -45 86 26 -68 35 98
-9 -78 82 -5 11 -16 -50 -97 -17 -98
-17 71 83 36 -48 -77 -20 55 -92 -72
-12 88 12 11 -30 -31 63 -85 -9 12
12 -64 -20 74 40 -17 13 99 83 -17
-6 -42 10 88 40 -11 32 0 15 72
73 59 -97 56 78 36 30 -30 -77 22
60 0 -63 5 81 94 25 24 47 65
98 -28 -25 -58 32 18 68 -32 -66 61
-68 -40 -53 94 -83 -35 43 -59 -36 -28
-45 85 -91 -25 42 -67 62 4 -51 35
-40 3 -73 -45 96 61 94 36 99 34
1 36 16 38 29 -67 63 -94 80 56
99 -99 -59 29 -70 -99 26 90 16 21
43 18 16 -70 52 82 -61 44 38 88
-84 -80 -59 58 -84 36 60 -1 68 -43
-76 -6 -91 -50 -81 -95 58 65 -83 69
-40 82 -72 -60 -27 -87 -60 65 -75 -92
81 49 -44 57 50 86 -11 -4 -67 -54
-55 70 82 -79 -63 88 -84 -41 58 88
-90 67 74 -94 76 93 54 -65 65 -66
74 -93 75 -33 -94 37 -56 50 4 -70
10 -57 0 69 -79 -57 -86 -9 -79 -85
