-35 -96 64 -96 -85 -96 14 -96 -10 -96
89 -96 -60 -96 39 -96 -47 -96 52 -96
-97 -96 2 -96 -22 -96 77 -96 -72 -96
27 -96 -28 -96 71 -96 -78 -96 21 -96
-3 -96 96 -96 -53 -96 46 -96 -41 -96
58 -96 -91 -96 8 -96 -16 -96 83 -96
-66 -96 33 -96 -32 -96 67 -96 -82 -96
17 -96 -7 -96 92 -96 -57 -96 42 -96
-44 -96 55 -96 -94 -96 5 -96 -19 -96
80 -96 -69 -96 30 -96 -25 -96 74 -96
-75 -96 24 -96 0 -96 99 -96 -50 -96
49 -96 -38 -96 61 -96 -88 -96 11 -96
-13 -96 86 -96 -63 -96 36 -96 -36 -96
63 -96 -86 -96 13 -96 -11 -96 88 -96
-61 -96 38 -96 -49 -96 50 -96 -99 -96
0 -96 -24 -96 75 -96 -74 -96 25 -96
-30 -96 69 -96 -80 -96 19 -96 -5 -96
94 -96 -55 -96 44 -96 -42 -96 57 -96
-92 -96 7 -96 -17 -96 82 -96 -67 -96
32 -96 -33 -96 66 -96 -83 -96 16 -96
-8 -96 91 -96 -58 -96 41 -96 -46 -96
53 -96 -96 -96 3 -96 -21 -96 78 -96
-71 -96 28 -96 -27 -96 72 -96 -77 -96
22 -96 -2 -96 97 -96 -52 -96 47 -96
-39 -96 60 -96 -89 -96 10 -96 -14 -96
85 -96 -64 -96 35 -96 -35 -96 64 -96
-85 -96 14 -96 -10 -96 89 -96 -60 -96
39 -96 -48 -96 51 -96 -98 -96 1 -96
-23 -96 76 -96 -73 -96 26 -96 -29 -96
70 -96 -79 -96 20 -96 -4 -96 95 -96
-54 -96 45 -96 -41 -96 58 -96 -91 -96
8 -96 -16 -96 83 -96 -66 -96 33 -96
-32 -96 67 -96 -82 -96 17 -96 -7 -96
92 -96 -57 -96 42 -96 -44 -96 55 -96
-94 -96 5 -96 -19 -96 80 -96 -69 -96
30 -96 -26 -96 73 -96 -76 -96 23 -96
-1 -96 98 -96 -51 -96 48 -96 -38 -96
61 -96 -88 -96 11 -96 -13 -96 86 -96
-63 -96 36 -96 -37 -96 62 -96 -87 -96
12 -96 -12 -96 87 -96 -62 -96 37 -96
-49 -96 50 -96 -99 -96 0 -96 -24 -96
75 -96 -74 -96 25 -96 -30 -96 69 -96
-80 -96 19 -96 -5 -96 94 -96 -55 -96
44 -96 -43 -96 56 -96 -93 -96 6 -96
-18 -96 81 -96 -68 -96 31 -96 -33 -96
66 -96 -83 -96 16 -96 -8 -96 91 -96
-58 -96 41 -96 -46 -96 53 -96 -96 -96
3 -96 -21 -96 78 -96 -71 -96 28 -96
-27 -96 72 -96 -77 -96 22 -96 -2 -96
97 -96 -52 -96 47 -96 -40 -96 59 -96
-90 -96 9 -96 -15 -96 84 -96 -65 -96
34 -96 -34 -96 65 -96 -84 -96 15 -96
-9 -96 90 -96 -59 -96 40 -96 -47 -96
52 -96 -97 -96 2 -96 -22 -96 77 -96
-72 -96 27 -96 -28 -96 71 -96 -78 -96
21 -96 -3 -96 96 -96 -53 -96 46 -96
-41 -96 58 -96 -91 -96 8 -96 -16 -96
83 -96 -66 -96 33 -96 -31 -96 68 -96
-81 -96 18 -96 -6 -96 93 -96 -56 -96
43 -96 -44 -96 55 -96 -94 -96 5 -96
-19 -96 80 -96 -69 -96 30 -96 -25 -96
74 -96 -75 -96 24 -96 0 -96 99 -96
-50 -96 49 -96 -37 -96 62 -96 -87 -96
12 -96 -12 -96 87 -96 -62 -96 37 -96
-36 -96 63 -96 -86 -96 13 -96 -11 -96
88 -96 -61 -96 38 -96 -48 -96 51 -96
-98 -96 1 -96 -23 -96 76 -96 -73 -96
26 -96 -30 -96 69 -96 -80 -96 19 -96
-5 -96 94 -96 -55 -96 44 -96 -42 -96
57 -96 -92 -96 7 -96 -17 -96 82 -96
-67 -96 32 -96 -33 -96 66 -96 -83 -96
16 -96 -8 -96 91 -96 -58 -96 41 -96
-45 -96 54 -96 -95 -96 4 -96 -20 -96
79 -96 -70 -96 29 -96 -26 -96 73 -96
-76 -96 23 -96 -1 -96 98 -96 -51 -96
48 -96 -39 -96 60 -96 -89 -96 10 -96
-14 -96 85 -96 -64 -96 35 -96 -35 -96
64 -96 -85 -96 14 -96 -10 -96 89 -96
-60 -96 39 -96 -48 -96 51 -96 -98 -96
1 -96 -23 -96 76 -96 -73 -96 26 -96
-29 -96 70 -96 -79 -96 20 -96 -4 -96
95 -96 -54 -96 45 -96 -41 -96 58 -96
-91 -96 8 -96 -16 -96 83 -96 -66 -96
33 -96 -32 -96 67 -96 -82 -96 17 -96
-7 -96 92 -96 -57 -96 42 -96 -45 -96
54 -96 -95 -96 4 -96 -20 -96 79 -96
-70 -96 29 -96 -26 -96 73 -96 -76 -96
23 -96 -1 -96 98 -96 -51 -96 48 -96
-38 -96 61 -96 -88 -96 11 -96 -13 -96
86 -96 -63 -96 36 -96 -37 -96 62 -96
-87 -96 12 -96 -12 -96 87 -96 -62 -96
37 -96 -49 -96 50 -96 -99 -96 0 -96
-24 -96 75 -96 -74 -96 25 -96 -31 -96
68 -96 -81 -96 18 -96 -6 -96 93 -96
-56 -96 43 -96 -43 -96 56 -96 -93 -96
6 -96 -18 -96 81 -96 -68 -96 31 -96
-34 -96 65 -96 -84 -96 15 -96 -9 -96
90 -96 -59 -96 40 -96 -46 -96 53 -96
-96 -96 3 -96 -21 -96 78 -96 -71 -96
28 -96 -27 -96 72 -96 -77 -96 22 -96
