3 92 89 -35 34 3 -23 13 -55 -55
-96 -20 -47 -37 36 5 -27 -98 -1 84
40 -7 -97 -9 66 -21 -77 -24 -78 47
-74 10 -53 -34 0 -6 -26 9 66 2
-58 -22 59 -12 -97 58 13 7 19 83
64 -66 -24 8 -88 92 -97 -45 13 -7
-9 -17 -42 38 -97 80 12 -82 85 52
5 30 66 -2 74 89 74 -11 -41 -91
80 -77 -36 -25 -87 62 -80 -5 -11 7
95 -88 -31 9 20 87 -65 45 99 25
96 2 79 -15 37 -60 -17 26 -6 33
1 46 47 97 -52 -55 -89 17 -74 73
58 66 20 80 31 85 53 -82 -6 -43
50 34 -65 19 0 9 12 68 99 21
7 -17 -10 -3 90 15 -54 70 10 17
-87 36 84 -72 78 -54 83 -41 -36 99
-3 -19 89 -28 -69 67 -76 -99 67 24
11 -19 -42 72 -61 45 -89 85 48 94
95 -27 -36 76 54 -33 -70 -85 -84 69
64 -92 24 70 87 89 -38 -28 55 -46
-91 46 -26 78 -98 47 -95 -40 52 79
59 80 -72 61 96 -61 48 13 90 57
92 65 24 96 -60 -84 22 -62 41 24
-11 56 -80 -67 55 -7 47 -96 79 -56
-59 15 -90 17 -99 43 -5 42 -44 -5
28 -65 30 -42 -72 40 -28 0 65 59
-20 -84 4 51 -81 -68 98 46 41 11
-80 -35 42 81 -39 80 -38 16 89 2
44 7 65 -52 92 95 -9 84 -8 15
3 -67 -3 8 88 -38 -91 -71 -18 -32
-42 -77 3 53 0 -7 -70 -63 -14 47
46 12 -28 -61 51 -3 -66 19 4 37
-60 -96 -24 -23 47 51 -31 -56 -8 0
2 8 66 -29 -72 -81 -84 -80 -58 4
56 74 2 -65 41 -11 5 -37 3 70
18 -8 -20 61 -42 -84 -16 -82 13 82
-1 17 -16 -81 -26 49 -61 38 -92 12
0 80 -8 37 -71 -62 32 -16 -88 3
51 -71 10 -72 -46 91 30 2 -90 -85
55 -24 39 -17 -91 -64 -39 -99 -11 93
-44 -34 -7 -94 -43 -4 -98 46 1 86
-55 20 63 -40 41 67 -10 -39 46 -79
19 -14 -53 40 -38 35 35 2 84 96
-52 -58 -10 75 82 -69 -91 42 59 -16
2 15 75 -26 -9 2 -49 -61 27 -18
-92 -88 52 50 74 -73 72 -98 97 -39
-53 -25 -47 81 -42 -30 -20 -18 -12 -57
67 12 93 -47 14 50 49 95 7 64
43 -38 -40 -15 -68 21 -32 19 -47 84
-19 40 69 94 -29 21 48 -96 80 -60
93 46 -93 -11 -10 -36 -66 -6 -10 88
56 78 -92 -92 -12 30 -49 4 71 71
-14 42 -21 -15 31 93 -2 -71 -9 -15
-31 13 94 -98 -58 94 20 73 -84 -95
46 -57 -43 -66 -69 78 -44 -56 18 49
-67 -95 -27 -72 18 81 27 19 -57 -58
82 -77 65 0 57 -32 -41 81 25 -35
63 0 -35 -65 32 21 -70 -40 -31 -60
59 -85 -55 32 -97 13 -44 -3 -46 98
-69 -89 -26 -67 48 -88 -58 -53 -81 95
14 -84 31 91 56 17 60 -32 -44 78
99 17 -47 42 -46 -44 20 -61 7 -76
-88 -99 -82 93 -44 -91 83 -93 -14 -83
12 -38 65 -87 -85 -66 34 -69 58 62
37 -99 -46 -44 -56 84 -32 -97 63 -2
7 -20 -94 -37 -65 21 71 -90 -87 -62
-36 -26 69 -46 99 -26 23 -78 -86 -41
-98 70 21 -42 69 43 81 -85 -2 -70
-46 -16 -44 77 -58 -36 -14 4 99 -17
-27 24 -99 -4 -69 -76 -94 73 -59 93
10 -9 96 92 29 85 79 -18 18 81
71 16 40 11 -55 34 10 -76 -56 40
76 -75 79 -55 -40 -5 -36 20 -16 -41
78 98 -17 44 64 10 70 88 18 -63
-3 69 -5 3 -3 2 -16 77 -27 -93
-22 -86 12 30 8 0 -10 -19 41 -45
2 -80 45 25 76 -9 90 -76 -41 -90
0 -10 -19 24 91 -27 -66 73 -36 46
-90 -34 94 -62 -43 5 -90 -23 -58 -21
14 29 -29 1 -16 -34 -90 -3 -72 97
59 -79 -79 5 88 -1 -12 -86 19 -3
-60 -16 53 -13 -79 -14 -23 -80 -34 -76
-73 -37 -9 72 42 -14 -16 -65 -77 -65
61 -78 92 -82 -78 -46 -53 -63 60 37
44 77 -19 30 9 -9 -21 93 10 68
10 -61 -30 43 -43 -80 -64 7 98 -5
98 19 3 -73 -22 -53 -38 -71 40 -2
-2 -42 -42 -99 55 36 62 -71 0 -61
49 35 -81 -59 61 -16 -70 9 25 40
-25 -24 -68 47 -55 -7 -30 -55 -95 86
72 -99 90 62 -72 89 -99 26 73 -62
98 40 -43 59 33 -40 -1 23 -79 93
-74 -84 -15 -1 77 10 8 6 74 -2
79 -46 13 -61 58 39 -80 -27 -46 41
-42 75 17 -60 -30 -15 75 -54 -63 1
-28 78 39 9 10 45 84 15 7 1
-66 -62 -87 54 -96 -53 -60 11 43 -14
2 55 65 -42 -64 -13 55 11 46 -63
-63 -67 -22 44 73 37 -77 -45 -90 -72
-81 -90 -44 -67 8 49 97 -62 -96 -28
