-34 -29 -6 4 -65 -5 14 -24 2 -57
12 74 -43 -45 3 46 -69 59 93 -13
-43 -65 -39 98 -59 48 15 -53 -62 20
-10 74 53 -63 -36 72 -61 -60 -35 -64
13 -87 -59 -58 -36 39 -71 75 -40 -94
-89 81 -74 -90 64 65 36 -11 29 94
13 93 -33 50 -96 21 -25 18 95 2
-89 -15 0 -8 97 62 38 62 -86 -90
49 -90 40 90 65 -9 98 -31 -6 -37
-71 -44 -73 17 40 64 -80 48 -39 -72
-40 -78 60 73 -55 -98 88 -97 -94 -45
92 97 10 -13 -20 -63 -7 -96 -71 38
-44 -96 55 25 -38 -21 -60 -33 33 -22
2 -18 0 -26 57 -73 -42 1 6 11
-13 11 87 70 -16 18 35 -62 1 -67
33 -2 46 -21 66 -21 93 79 62 -2
42 43 1 66 -22 62 70 -25 1 -98
-12 -74 33 39 -71 21 -21 -64 -12 -67
-14 -39 16 -75 76 -3 -94 65 13 -69
-18 -65 -86 -48 -42 53 25 10 -33 81
89 -69 9 9 -12 58 5 54 -69 -90
61 2 -33 -46 -85 46 -78 21 -64 -61
78 23 7 -52 9 -78 67 -74 20 -65
-83 66 -51 -8 65 -44 38 -83 52 85
45 90 2 8 -65 -89 98 -5 31 11
-54 -77 88 6 -24 -88 94 5 60 9
-10 -85 -25 -95 75 -82 -29 68 23 10
87 8 31 89 -12 29 -61 53 22 -3
43 -15 -59 -79 9 75 -54 -8 -82 -19
21 -58 70 -11 78 -15 -18 -83 -94 -2
-92 -43 -43 41 -21 5 -24 20 37 3
25 -73 75 71 89 1 -62 -61 -17 62
-96 -1 69 -40 -77 -90 -7 -73 -14 20
-90 41 -23 17 60 47 73 -4 -87 -76
-77 94 -13 -4 -8 -72 68 75 50 94
32 -99 -94 -75 -8 -21 -8 59 -46 55
-12 59 -51 -42 87 -9 98 39 97 -38
-59 -87 -41 -78 16 82 -65 13 -81 38
-36 -7 -26 -25 -49 93 -85 23 79 -35
18 96 -82 97 13 -89 -4 -37 -14 -66
80 67 13 -71 -64 -92 87 89 -87 -69
-46 90 -61 -20 92 0 -92 -11 0 11
-52 58 86 -10 52 -1 -43 10 29 17
-45 78 -34 62 -5 70 -87 90 -37 -45
-17 -61 -45 -83 -47 36 -35 -58 64 -72
59 8 -43 -18 -93 72 92 88 13 -86
59 -22 -92 37 -6 3 71 41 30 -97
-17 -72 -24 65 62 -66 -14 -84 53 -20
15 10 91 5 -84 -31 78 61 99 -91
0 46 -83 41 -43 -35 54 -75 96 67
77 -50 -34 5 25 -91 58 -59 95 29
-1 -55 -49 -11 -75 77 24 -14 -52 9
50 65 21 -83 47 -33 72 69 -49 32
41 81 86 -67 -86 76 59 -28 -7 -90
40 -60 -74 86 -31 2 -37 19 92 -97
76 94 -22 -12 -89 11 -82 -7 -98 39
-95 -33 74 56 24 3 32 -40 91 81
65 -13 42 7 29 7 -44 43 27 -84
85 -81 35 -75 62 65 -87 6 66 -45
45 -83 -23 -97 82 -16 -20 2 62 -51
87 -43 1 -65 54 54 -42 65 89 -10
-75 -53 -36 -97 18 -35 86 -74 61 33
-92 16 87 -16 35 98 -96 -15 48 -38
54 -62 51 28 -80 -47 43 42 -13 83
49 79 27 -93 -28 24 14 -55 -51 -39
-8 58 -87 0 -18 -63 30 -25 52 53
43 30 58 -34 -36 0 -15 -7 24 -65
-82 -97 51 -81 31 -48 -53 89 -93 29
41 -75 -68 1 -27 -36 46 -86 41 49
46 28 42 -62 -21 57 56 42 -17 52
88 35 -14 -68 16 50 48 48 -47 17
82 99 65 95 41 58 -5 -98 -99 3
-90 72 -38 52 -77 67 -94 99 -74 31
8 -65 61 -57 14 80 -52 -37 76 -32
84 79 -35 -85 -25 -33 1 -86 3 -76
70 -56 -98 79 78 -20 -36 14 91 -33
-94 43 -40 -52 2 5 5 -53 35 -91
-71 77 72 -67 -29 -52 -79 31 83 36
51 57 -98 87 -48 15 15 -78 -20 91
-57 -34 19 78 8 75 -23 31 -35 82
-49 -64 45 38 -27 -6 3 -13 -45 21
-88 -90 69 18 10 1 -78 17 59 -43
-47 -59 -77 -78 -9 48 13 40 -82 4
28 -95 -53 -77 68 13 0 -64 91 10
-72 -68 12 -6 35 -63 -86 23 -73 -85
-50 -76 92 -98 -18 0 -17 -30 -3 15
-70 86 71 -69 -8 -88 -29 -13 24 -79
26 -7 -17 -79 -62 -57 39 17 90 42
96 70 -31 72 55 99 37 62 27 -61
-1 0 -13 0 90 -11 35 80 90 34
51 -50 -55 -54 -26 78 74 68 0 -22
72 8 -17 -95 -25 -93 3 -55 -98 -50
37 -2 42 -96 -96 -90 39 -52 70 -74
46 -31 57 2 80 18 -93 16 -58 -92
-7 -36 -35 54 34 6 79 27 25 -71
-97 61 19 -12 -24 97 -41 -89 39 20
-56 74 87 66 93 -20 37 -72 -51 -1
-93 -82 58 -20 0 94 -39 61 49 -66
70 -68 -1 -5 71 57 -12 61 77 38
32 11 53 -77 73 41 57 -55 75 20
