-20 54 36 96 33 -56 -21 -48 -91 22
99 -1 -10 49 -63 14 -60 6 -86 -74
81 -84 96 40 80 -15 71 -71 87 -17
-3 23 2 -35 74 -39 -79 -47 52 -24
44 36 97 -10 -49 53 80 64 -31 -72
-23 -24 19 -3 35 26 42 -20 -59 24
-64 8 -85 24 -34 -80 -52 -70 44 38
-79 -41 -40 -98 88 -73 -93 15 66 -44
-91 -49 19 66 -1 78 30 67 41 -14
-59 -40 88 80 86 -34 -23 -34 70 -24
74 -10 32 -15 -81 22 49 -93 30 50
95 -39 -53 51 56 -19 23 63 -66 20
-87 -15 0 -82 68 12 -4 -83 5 6
-80 -95 36 10 -96 -12 41 23 62 -37
41 -23 46 -89 21 -97 40 -23 6 62
-91 -13 -10 32 -90 66 -8 72 3 -2
70 80 56 80 -34 -16 -16 32 52 5
-98 44 98 -47 84 -12 -12 88 1 58
-68 34 -19 -96 98 -94 -7 64 15 -84
-6 -40 75 -64 31 -10 -58 23 -85 -7
44 -44 41 86 -85 39 76 -56 17 -69
-32 72 70 -42 55 -97 -26 -83 -42 97
-35 -47 56 61 56 86 -93 -85 -73 -70
-5 -67 47 77 86 9 -54 97 99 21
-67 10 43 -48 -24 47 49 -87 -98 17
-55 97 -72 30 -79 -16 -10 76 3 -82
-76 0 -17 82 26 85 89 71 64 85
-32 -18 53 -29 17 79 -12 41 95 76
8 98 -73 0 -49 1 57 68 -81 58
98 -88 96 89 43 81 1 6 11 48
54 -22 10 90 70 -55 21 49 -54 -38
-92 39 -19 44 -30 71 81 -70 26 95
57 -56 35 13 -63 96 80 52 92 77
71 -33 -70 10 32 -18 -36 -42 60 90
-72 -17 -92 9 -99 -72 26 31 -66 73
21 -61 71 -98 75 -86 -63 -53 -91 -27
50 -62 37 -15 5 -79 -70 57 40 85
-77 3 -13 -66 27 -57 -46 -79 -5 98
-33 15 -6 -62 88 -98 -50 68 -4 -49
-67 -51 -29 20 -15 0 14 4 -65 -66
-3 -76 20 -30 -76 -79 61 34 57 1
-61 -50 38 28 18 -75 10 -8 0 80
54 9 47 -92 16 -7 -66 -54 17 -13
77 15 51 94 -63 -18 -9 -56 -72 56
58 -7 78 20 -30 6 45 16 58 35
74 -19 -81 46 -68 -10 0 34 92 -77
-45 -28 67 30 -91 -87 4 -12 -56 25
15 25 10 94 -92 1 -94 55 -20 79
52 -78 -14 -40 -5 11 -83 -6 -52 36
73 -27 95 -41 92 -76 28 82 -17 -36
-80 -96 45 45 -38 -43 10 -63 98 30
48 33 -73 -27 22 -96 61 -80 78 -20
67 50 -16 30 39 78 9 46 61 19
63 50 -89 -86 -35 -60 -86 35 28 -5
35 -31 -71 47 57 27 -36 35 -67 0
65 -8 -35 -90 16 22 57 99 90 29
-15 73 94 20 24 72 -20 -69 -14 59
-36 -24 25 -29 93 25 -89 -97 49 -53
1 87 99 49 -29 52 -59 -46 21 61
25 53 27 -53 -14 92 -6 -9 35 7
-11 -71 -82 89 75 29 89 -45 -43 -23
49 -27 7 -66 95 -1 32 38 -4 -81
-1 -79 -26 -47 -16 83 20 49 -21 45
-51 -89 44 72 -17 43 -58 37 44 39
-33 -64 94 81 59 76 99 -80 68 55
77 56 74 -6 -45 44 -61 42 -13 -55
1 82 51 -92 -91 26 -45 61 49 62
-65 63 -77 56 -36 -73 94 -46 -24 81
-22 12 89 -45 -62 -80 65 96 86 4
-13 82 -95 79 10 -9 32 75 -15 51
-12 -66 25 32 -58 -66 -5 16 99 23
22 12 -3 14 -61 -61 -87 -87 42 -47
-88 90 -64 38 74 54 39 -99 -29 -77
-15 -70 -81 94 58 -3 -69 18 89 33
5 -37 18 -67 -13 -91 -21 -48 -95 88
94 11 -41 14 -76 -41 -33 -61 -50 -87
-81 77 -6 38 -7 -34 -9 13 68 -99
8 -10 -81 36 -98 -16 74 -5 -34 -76
-99 53 27 -24 -61 -65 -52 -44 -60 27
95 -41 -4 69 -15 -7 55 28 -10 21
-68 -61 2 -70 22 76 92 75 -22 -16
-60 77 22 94 -99 14 60 24 -52 68
-58 64 45 5 -16 20 -87 -80 -6 18
49 -86 -15 2 -94 -3 -68 27 -44 -61
90 55 -77 37 -9 -3 37 46 -84 89
71 -69 76 -5 53 1 96 84 45 -89
74 -17 18 -1 -15 -82 57 -42 69 88
96 87 -14 -43 14 85 -55 -8 -90 -8
15 -49 48 -86 56 17 79 -18 81 3
-3 -37 94 60 45 54 78 7 92 -63
3 24 67 -45 -96 -19 9 51 -81 -58
-78 -34 41 75 -21 -18 44 4 24 -45
-93 64 -52 -88 -51 -67 -61 26 -34 -52
63 -18 -38 63 -1 -3 89 82 -84 61
19 78 15 46 -91 59 -25 -30 77 -67
55 -86 63 -71 56 -84 7 -19 13 -98
80 12 81 42 -81 74 -22 -23 -42 54
85 -90 32 -20 58 63 -58 66 -59 -28
3 71 -87 -83 46 30 -2 64 -37 3
-23 78 -47 -32 8 50 -74 -8 61 -77
