43 6 67 28 21 59 14 20 32 12 38 30 56 0 2 49 8 15 4 55 46 22 48 60 64 10 29 37 1 5 61 18 9 52 31 24 54 68 42 7 35 41 50 26 19 34 65 51 63 62 25 33 53 13 36 57 23 58 66 45 27 47 11 40 69 17 44 16 39 3
11 54 24 65 55 42 9 56 0 64 15 12 30 18 27 39 3 19 59 28 62 20 32 1 37 48 67 49 22 35 68 34 6 40 23 14 66 53 44 43 10 60 51 50 52 69 8 5 46 25 61 7 45 63 41 36 21 58 47 31 33 57 29 38 4 16 26 2 17 13
10 13 4 52 64 62 3 54 22 58 44 45 48 7 49 68 25 61 63 66 1 14 37 60 55 42 50 28 39 30 34 26 33 29 41 18 8 19 46 17 59 15 11 5 65 2 9 67 69 20 56 53 38 36 43 21 32 57 47 40 0 12 31 35 6 23 51 16 27 24
7 9 69 11 36 24 16 46 14 61 48 1 10 47 59 37 63 66 5 29 21 50 42 2 17 12 67 35 23 30 6 8 62 54 33 18 28 40 39 44 58 19 34 49 13 38 56 41 20 43 57 4 25 26 15 45 64 55 22 31 68 52 51 53 32 65 0 3 60 27
27 18 39 61 52 8 45 46 63 6 38 16 54 29 5 12 62 60 55 25 50 65 40 20 26 37 19 33 48 51 14 4 21 30 3 68 17 36 57 24 15 7 67 43 47 53 34 59 56 11 41 9 28 2 49 66 10 13 22 1 0 42 64 35 32 31 69 44 58 23
27 62 10 64 8 13 65 15 7 57 28 23 31 17 48 35 36 50 33 41 11 56 9 21 43 60 30 2 20 16 1 18 67 46 59 53 25 37 0 34 24 19 22 55 42 40 69 66 52 3 39 4 44 12 6 49 47 45 68 38 26 14 29 61 58 32 63 54 5 51
65 57 25 60 35 15 58 0 55 4 26 48 13 16 29 30 50 24 67 18 52 9 47 56 38 27 59 63 53 17 11 43 3 51 37 6 61 2 23 54 39 41 66 5 45 36 22 19 34 20 49 32 12 1 31 28 21 42 8 64 69 40 14 46 68 62 44 33 10 7
5 43 48 33 1 49 66 3 24 32 41 53 7 40 29 68 35 60 47 39 45 55 16 51 59 12 44 0 67 23 54 25 65 52 10 15 11 61 34 14 56 31 13 27 57 36 8 20 18 17 4 37 62 21 58 26 46 28 64 38 6 2 30 42 63 19 22 69 9 50
2 47 48 59 58 28 53 44 31 17 46 30 41 65 5 37 68 1 61 60 42 14 35 33 63 38 55 21 26 64 45 52 0 29 4 11 7 18 54 8 27 50 67 3 39 49 51 25 43 20 19 66 15 34 22 57 6 23 12 36 56 24 9 62 69 32 16 10 40 13
58 24 25 5 50 19 28 42 34 3 21 17 11 33 55 15 7 29 18 12 68 47 45 59 14 26 0 13 43 22 37 63 57 54 20 39 38 10 9 67 6 51 53 32 31 69 8 27 49 1 16 66 64 46 62 30 60 44 2 40 35 65 56 4 48 61 41 36 52 23
7 51 2 35 36 46 21 16 15 24 1 26 22 44 19 31 66 13 57 30 43 5 11 33 52 39 18 28 14 27 69 49 3 37 40 42 62 4 17 65 20 34 64 8 45 6 41 67 10 56 23 53 68 54 48 61 12 9 0 59 58 47 38 55 25 60 32 29 63 50
13 65 46 4 68 12 36 54 16 59 8 26 14 21 2 52 11 23 24 30 50 48 43 15 17 51 45 63 18 3 57 5 64 42 25 19 22 53 56 33 47 10 37 55 0 32 20 40 66 60 67 41 28 7 31 1 6 27 62 38 61 35 34 49 69 39 29 58 9 44
50 33 22 61 51 9 2 63 14 35 60 24 5 7 46 12 54 10 56 41 19 36 37 21 57 68 1 69 13 40 58 62 38 42 49 3 53 48 31 25 32 26 0 18 28 43 47 29 59 55 6 8 52 20 4 23 15 17 67 34 65 11 39 66 64 16 27 30 45 44
62 48 36 3 15 19 55 47 59 33 6 63 67 57 5 16 31 58 40 56 65 41 8 25 26 23 9 34 37 32 18 46 53 35 44 61 21 12 22 45 1 2 0 29 14 50 52 64 4 68 42 69 49 30 51 17 54 11 7 66 39 60 27 24 13 10 28 43 20 38
35 11 59 32 45 51 41 68 42 29 4 24 58 64 27 47 50 18 61 57 69 65 13 23 20 48 26 44 3 37 31 60 9 43 62 52 7 10 17 1 16 46 40 55 15 67 53 34 6 22 8 49 5 12 2 0 54 28 56 19 33 30 14 38 21 63 25 39 66 36
42 68 50 48 13 37 43 60 26 25 27 34 57 29 56 49 11 53 18 38 12 40 16 44 9 5 1 35 28 46 7 59 45 15 22 19 32 65 58 2 62 8 39 47 21 36 6 33 17 23 55 69 52 61 30 67 51 54 20 10 24 4 3 0 31 14 41 66 63 64
45 6 11 40 58 54 49 66 67 15 1 38 57 30 46 43 41 23 18 44 37 3 31 33 56 34 68 50 16 51 0 26 32 14 52 7 25 19 55 48 28 10 9 8 47 13 59 24 39 63 65 53 69 36 17 4 5 20 29 42 35 61 2 64 27 21 60 62 22 12
25 17 45 66 5 20 38 0 26 55 16 19 15 58 49 63 54 14 24 40 35 39 65 3 46 41 56 64 53 22 8 69 12 44 68 7 28 23 9 10 43 67 60 31 2 30 57 11 36 37 34 47 32 48 1 13 33 21 27 59 4 18 51 62 6 61 52 29 50 42
31 51 60 10 52 67 26 19 6 68 18 2 53 17 29 9 8 38 35 5 43 24 7 69 55 3 50 4 64 1 49 47 39 12 15 65 25 54 45 42 57 30 11 16 61 66 63 37 23 56 58 14 36 33 32 40 27 46 13 48 59 44 21 41 34 22 28 62 0 20
43 21 54 14 38 19 27 32 20 64 2 51 39 60 41 37 23 58 16 68 55 0 13 25 9 29 31 35 47 45 34 46 11 61 56 62 36 40 24 3 66 18 69 30 44 53 52 49 50 28 63 7 17 22 4 6 8 15 33 1 59 57 12 10 5 65 42 26 48 67
6 69 47 52 62 21 28 55 17 58 64 43 38 57 54 48 2 33 66 40 25 11 41 35 14 13 50 37 36 10 51 44 5 30 27 22 61 0 8 7 53 9 19 56 63 12 23 45 16 26 68 59 4 34 20 29 42 1 32 46 67 31 15 24 39 18 3 49 65 60
15 25 32 39 16 64 10 35 62 40 19 23 27 54 4 26 9 13 28 57 47 45 37 63 30 49 31 56 50 12 55 8 21 17 66 65 6 36 44 20 7 53 5 60 61 67 38 34 1 11 22 51 18 48 29 43 14 69 46 59 42 52 3 24 68 41 33 0 2 58
27 64 16 18 41 24 37 33 30 26 21 17 43 58 49 56 38 20 13 34 55 66 54 39 60 0 29 14 22 10 15 8 57 11 5 6 45 35 68 25 31 28 53 52 44 32 2 65 62 40 12 50 69 61 19 36 63 42 46 47 67 59 51 48 7 9 23 3 1 4
54 33 23 49 69 25 38 40 0 50 12 53 42 18 13 2 24 51 28 57 8 62 10 60 48 58 55 27 14 43 26 35 1 22 59 67 16 9 66 3 36 44 64 34 37 65 19 15 11 21 46 4 32 56 17 30 61 68 6 29 7 45 31 41 63 39 52 20 47 5
41 58 56 29 45 50 10 23 3 64 33 60 69 62 32 61 19 55 51 54 25 67 27 2 18 52 26 4 1 46 12 7 14 11 35 36 8 59 39 38 9 34 49 40 30 17 13 68 5 44 6 57 43 22 24 0 20 47 15 31 48 28 16 53 37 21 65 42 66 63
0 11 58 12 64 57 30 39 6 46 60 20 41 69 15 68 61 13 25 26 2 35 36 67 1 21 8 24 4 44 52 59 51 7 29 16 22 40 53 32 34 50 10 19 37 43 56 42 65 48 47 45 54 28 55 49 38 14 63 17 66 18 62 5 31 9 27 33 23 3
23 60 45 28 57 12 56 46 69 47 52 50 55 25 36 15 6 26 61 4 20 63 31 29 22 41 21 2 53 33 10 49 42 14 35 62 66 44 5 37 17 16 51 32 48 67 30 8 39 59 13 65 3 1 24 9 19 68 58 11 34 18 38 27 7 40 64 0 54 43
55 47 5 46 60 59 67 24 43 41 56 29 42 19 0 22 64 45 20 48 58 13 16 9 57 32 28 68 51 6 26 44 14 12 39 50 18 1 53 27 7 25 66 54 35 37 10 63 4 36 8 62 17 2 49 69 21 3 33 38 30 61 65 52 31 40 11 15 34 23
32 24 17 46 27 5 53 43 40 20 42 36 14 9 66 31 58 60 28 48 33 16 22 6 1 62 34 52 49 51 11 61 15 23 63 65 45 50 19 29 26 25 47 68 39 41 3 59 10 64 8 21 55 44 0 35 56 57 67 13 2 38 4 30 18 54 69 37 12 7
23 40 17 41 21 30 50 12 10 34 20 67 45 29 7 32 26 22 31 69 62 63 0 9 6 48 33 47 2 37 53 36 46 56 59 55 65 27 11 8 39 24 38 4 18 16 54 60 13 61 5 43 35 44 1 49 64 68 52 15 58 51 28 25 14 3 57 42 66 19
5 25 20 41 33 26 29 21 68 49 0 43 60 8 2 55 14 19 32 59 16 13 58 17 38 44 27 67 52 37 15 39 10 42 28 48 34 4 53 7 22 11 40 24 64 45 1 31 35 57 54 56 51 63 47 50 66 62 36 12 61 46 69 23 30 6 18 9 3 65
17 4 42 8 23 18 2 63 48 38 3 44 35 55 22 30 27 36 7 47 45 56 0 43 46 62 15 60 21 61 49 12 65 20 6 5 51 64 50 31 37 41 9 67 68 59 16 13 14 26 66 10 24 1 34 40 39 11 54 52 28 29 19 32 57 53 69 58 33 25
24 66 54 22 29 51 28 13 44 45 53 12 14 67 37 60 2 65 38 50 10 31 32 41 69 1 26 11 25 48 0 3 56 40 33 27 30 34 57 35 36 9 19 63 61 15 59 68 7 18 43 17 55 49 46 20 62 4 39 42 5 64 23 8 6 52 58 16 21 47
13 10 65 53 0 28 35 18 47 34 31 12 49 22 17 36 60 30 67 29 2 21 39 20 64 25 5 14 48 57 9 63 33 52 3 15 66 1 41 62 56 26 4 45 69 43 6 19 51 58 23 32 46 44 61 40 16 7 68 38 54 27 50 24 42 8 59 11 37 55
26 49 53 35 6 0 60 14 32 10 57 69 37 12 48 11 34 29 64 23 44 16 67 21 61 55 51 30 2 42 13 45 54 39 65 47 7 17 59 20 15 27 1 24 31 28 46 19 68 43 8 40 9 41 5 4 62 66 3 33 52 50 38 36 18 56 22 58 63 25
47 7 54 28 53 45 56 14 48 24 46 44 2 40 36 52 30 67 9 19 43 0 60 12 50 51 6 64 42 34 55 5 11 31 49 59 4 21 57 25 63 13 18 1 37 69 38 29 62 22 32 66 26 33 16 20 27 8 17 3 61 58 41 39 23 68 15 65 35 10
22 9 35 57 15 63 60 55 65 49 61 16 5 68 37 50 62 31 56 59 14 43 41 26 45 36 69 32 54 1 42 13 18 46 11 27 64 3 66 20 52 10 28 23 48 51 34 19 21 29 38 67 25 33 39 30 47 12 7 8 24 44 0 58 17 6 4 2 53 40
5 27 7 66 1 21 33 37 31 40 64 19 69 17 28 24 25 26 61 57 47 36 13 4 11 68 43 59 62 41 53 46 20 30 58 34 67 38 9 14 39 22 56 63 8 51 35 42 23 3 16 54 6 2 55 32 15 45 12 44 29 18 48 49 60 0 10 50 52 65
55 56 16 10 22 60 64 28 24 52 48 30 31 61 29 25 35 41 33 40 13 12 27 34 65 42 6 45 53 4 15 18 58 17 5 21 1 54 51 47 66 63 38 44 20 2 39 68 11 19 37 9 69 7 46 14 0 49 43 26 67 8 62 36 3 57 23 50 59 32
57 43 15 14 7 18 25 65 12 32 6 24 30 17 46 59 31 3 28 35 50 47 53 44 34 0 61 2 63 5 56 55 52 13 36 4 19 42 23 60 11 45 9 16 27 69 68 1 48 66 22 62 37 54 64 58 38 49 40 33 26 41 67 10 39 20 8 51 21 29
54 29 24 15 67 36 8 33 46 60 45 12 64 40 18 21 25 44 22 2 63 41 59 19 14 16 50 42 57 66 13 49 20 30 61 6 7 34 32 65 55 69 9 23 31 35 53 17 39 58 3 51 43 0 62 47 10 37 1 68 4 5 38 52 11 27 48 56 26 28
29 2 22 58 60 59 23 32 36 41 17 10 34 16 56 43 42 27 12 0 49 54 39 65 50 9 3 25 62 45 48 52 40 11 19 30 20 14 26 66 64 35 4 57 5 33 15 69 1 68 8 31 51 7 24 18 38 67 21 53 28 13 46 44 37 6 55 47 63 61
9 22 56 42 32 40 51 69 33 16 4 50 45 18 7 27 10 67 28 15 1 0 44 59 38 30 12 64 19 23 31 25 49 63 21 62 8 46 48 57 52 68 26 61 36 43 54 29 6 24 55 5 37 47 66 53 58 11 13 2 60 35 34 20 41 39 65 14 17 3
45 53 50 58 6 68 60 20 59 32 0 29 69 22 16 54 14 4 42 18 52 19 8 37 49 62 7 63 1 48 40 12 9 39 28 33 25 24 55 67 21 41 10 46 17 3 31 26 30 38 5 44 36 35 27 64 11 51 2 57 61 47 15 13 23 34 56 43 66 65
45 7 58 13 51 32 69 41 33 6 4 37 0 66 46 11 5 52 57 17 65 47 62 49 64 16 67 38 22 60 56 39 25 40 8 55 1 26 53 59 54 42 18 34 50 68 14 15 44 23 24 2 29 31 12 35 30 27 48 43 9 21 3 63 61 19 28 20 36 10
56 49 69 64 5 1 24 54 58 61 55 10 31 3 48 30 32 37 11 38 39 47 57 40 4 36 59 33 6 41 45 63 60 14 7 12 18 27 67 19 13 62 20 44 53 25 35 28 46 66 22 52 43 23 26 50 9 29 17 65 15 8 0 42 68 2 51 34 16 21
46 42 59 26 57 30 11 9 65 54 5 55 60 18 21 7 43 39 69 63 64 2 62 8 29 47 44 33 38 40 58 24 34 67 14 20 10 45 23 36 50 61 68 15 27 4 6 1 28 3 51 52 56 53 41 66 49 35 25 16 17 48 19 12 22 37 32 31 13 0
59 46 39 56 55 49 8 48 23 63 29 67 13 9 4 21 6 2 68 1 32 15 43 34 40 44 12 69 33 61 5 30 42 24 60 26 65 54 3 64 47 57 41 16 10 18 51 22 35 66 25 36 31 45 58 50 19 37 52 27 7 28 11 17 38 62 20 53 14 0
51 10 3 64 66 50 40 36 37 16 48 60 27 47 21 52 49 14 56 22 43 67 0 26 4 44 54 15 35 30 46 69 41 31 63 23 25 61 12 65 1 68 18 17 33 45 9 32 2 39 29 42 55 24 28 62 6 8 53 58 19 34 13 11 59 57 20 7 38 5
43 49 64 29 65 33 0 58 20 38 54 22 66 2 47 17 4 10 21 27 44 15 37 69 8 31 68 36 42 57 51 7 32 60 62 5 26 24 39 67 40 50 19 55 25 52 45 41 63 56 30 61 1 34 53 16 35 28 23 18 11 9 13 14 46 6 12 3 48 59
28 61 1 20 43 11 54 48 27 3 42 4 59 49 30 23 22 14 68 26 66 62 32 15 35 24 38 10 6 53 19 36 7 12 69 39 40 58 25 56 64 63 13 45 31 17 21 47 57 29 2 16 5 37 8 52 18 55 51 33 50 60 9 65 44 34 67 0 41 46
12 37 6 31 5 16 58 52 63 30 15 3 10 17 13 22 7 18 43 68 29 26 57 35 36 41 60 65 8 0 20 4 47 34 54 69 32 46 48 66 42 45 23 56 28 39 49 9 1 27 50 19 59 61 51 62 2 24 44 11 14 64 21 55 40 67 33 38 53 25
33 54 61 32 31 18 48 57 21 41 43 37 20 66 56 1 65 13 29 4 22 8 34 24 15 52 40 69 30 23 36 10 16 12 5 11 45 50 3 17 26 2 62 6 46 38 55 35 53 9 28 63 14 59 25 58 51 68 7 44 64 27 49 47 0 19 60 67 39 42
54 68 22 16 4 27 24 46 41 49 58 8 10 37 14 59 11 42 26 5 25 52 0 17 45 53 15 63 1 44 18 21 30 65 47 66 20 36 51 61 6 29 9 33 23 56 2 3 31 55 43 69 7 19 40 12 62 35 38 28 34 39 57 32 64 13 67 50 60 48
22 16 3 28 30 56 33 42 41 49 53 54 64 60 51 12 5 10 9 17 65 20 44 34 24 36 68 57 8 38 35 37 66 43 18 39 67 1 29 23 59 32 61 21 47 15 26 25 2 48 13 27 69 58 19 52 6 11 55 4 40 45 50 63 0 46 7 62 14 31
66 7 51 45 69 8 34 39 18 46 9 12 53 44 26 33 60 55 54 16 15 62 19 58 41 11 30 13 49 29 56 32 52 68 4 22 65 5 42 59 3 2 38 14 17 6 1 63 67 20 40 10 35 37 61 23 31 64 0 50 27 21 24 57 25 28 36 48 43 47
33 12 19 45 60 11 43 31 64 7 67 46 38 56 59 61 44 13 35 63 53 14 48 42 22 39 5 26 32 66 1 20 62 50 68 28 49 25 8 10 47 27 69 23 18 54 6 57 51 0 15 65 21 52 36 17 24 41 16 58 37 3 2 34 4 9 30 29 55 40
27 23 69 37 32 22 64 52 41 49 5 26 17 9 62 60 38 44 7 46 11 28 53 40 30 2 58 65 12 68 8 0 19 39 50 45 3 48 20 21 56 13 24 42 6 14 54 67 47 43 31 18 25 34 33 55 16 36 15 57 10 1 59 61 66 29 63 51 4 35
25 55 24 60 50 13 40 58 34 59 38 8 42 20 7 27 64 17 29 53 31 15 47 4 23 10 57 22 62 21 65 28 12 49 52 61 36 5 48 14 51 37 1 3 67 39 18 44 0 33 6 56 68 45 46 63 30 9 19 41 43 11 16 2 26 69 35 54 66 32
45 57 5 48 33 46 8 15 18 24 20 6 67 62 49 7 2 26 65 29 14 51 47 3 69 23 41 32 42 11 61 28 35 13 60 52 58 53 39 9 27 34 40 55 38 50 66 63 4 43 30 59 22 25 56 10 64 17 19 12 31 1 21 54 36 37 16 68 0 44
61 24 10 0 57 55 31 69 46 23 60 39 29 65 30 44 66 48 49 32 43 14 1 50 11 51 34 17 5 58 13 35 15 7 42 8 52 67 33 47 6 41 63 19 62 16 21 9 38 54 18 25 2 56 22 53 27 59 36 37 12 20 40 26 3 45 4 28 64 68
51 43 42 20 40 11 49 37 14 19 5 54 16 58 38 27 41 67 15 21 55 0 7 45 63 29 13 35 30 28 12 65 64 59 17 8 32 46 4 62 69 60 10 48 3 31 61 68 34 53 26 6 36 23 52 9 18 50 24 47 22 33 1 57 66 56 39 2 25 44
1 5 58 66 56 48 21 28 59 27 53 38 32 0 8 35 55 20 69 68 29 47 31 62 65 36 18 52 23 9 57 49 25 30 51 44 2 19 42 61 6 3 67 24 43 16 60 41 34 4 17 15 64 40 26 13 46 45 39 50 14 37 10 11 12 22 33 63 54 7
66 67 8 20 28 37 61 44 53 69 33 32 16 62 23 2 19 21 38 14 29 60 18 41 35 51 40 50 49 64 22 17 42 68 30 48 3 10 47 59 45 24 52 36 46 54 11 26 56 39 13 15 0 12 57 55 65 31 5 58 34 63 7 25 1 27 43 9 4 6
64 52 69 38 20 41 49 0 46 1 51 7 15 65 57 39 62 8 43 36 50 11 29 44 28 37 61 66 40 34 13 21 31 4 60 68 30 48 10 25 23 54 5 33 32 26 3 45 47 67 53 35 22 24 58 63 19 6 17 14 55 56 18 9 27 12 2 59 42 16
52 9 35 28 40 42 39 15 66 65 20 54 30 57 7 37 61 22 23 34 13 59 43 45 8 46 5 26 3 19 47 60 55 51 64 12 10 62 44 50 6 58 48 17 14 21 56 29 2 16 53 31 63 33 32 4 1 69 24 0 11 27 49 25 38 36 18 41 67 68
3 43 66 49 63 68 31 48 33 42 14 13 53 30 29 10 51 58 27 16 65 21 17 52 2 18 1 64 28 38 39 6 46 47 26 62 15 56 22 9 57 40 54 4 67 69 20 45 41 60 8 35 55 24 5 12 59 32 25 61 23 37 50 36 19 34 0 44 7 11
36 16 29 3 17 22 57 69 25 38 1 8 23 65 10 31 24 55 51 58 0 35 6 21 2 15 32 37 9 13 28 43 20 52 18 27 11 49 30 60 56 40 12 63 19 42 48 59 41 50 64 33 46 45 47 39 14 68 26 5 34 7 54 61 4 67 66 44 53 62
4 52 1 11 9 47 53 40 38 61 43 54 20 22 65 41 64 30 15 66 14 48 32 36 49 26 19 6 60 24 3 35 39 13 29 34 42 67 44 2 7 25 16 51 56 57 55 63 59 37 10 69 12 45 8 28 62 18 58 68 17 0 33 5 23 46 27 31 50 21
49 21 5 46 0 47 32 56 25 19 2 6 67 15 40 27 30 28 63 43 66 20 22 39 37 57 59 12 26 13 42 3 41 65 24 18 14 54 68 61 33 38 55 8 29 36 45 10 1 51 34 23 64 48 9 31 7 52 58 50 44 35 4 11 17 53 60 16 62 69
15 8 40 22 36 57 42 7 3 47 30 44 21 28 58 49 64 6 25 52 35 61 38 24 62 0 37 9 59 1 65 69 67 63 26 31 33 48 34 27 23 45 54 60 66 5 43 53 14 16 17 19 10 18 68 29 20 46 50 56 12 2 13 39 51 41 55 32 4 11
17 36 35 14 52 63 69 0 2 20 56 54 38 3 30 26 24 60 29 65 6 66 43 10 7 15 50 11 61 9 46 37 44 23 4 34 40 31 19 48 58 32 49 21 41 25 39 64 45 53 47 33 1 67 68 22 5 18 55 13 8 28 51 27 42 16 57 59 12 62
29 25 61 68 35 59 46 21 31 56 48 32 11 22 57 28 38 45 52 6 53 12 44 27 62 40 69 51 54 34 1 0 20 42 37 49 14 64 66 26 39 55 19 8 43 24 15 18 2 60 5 33 9 50 7 65 10 23 41 58 47 63 13 67 30 4 3 36 17 16
68 22 9 28 41 46 8 39 17 63 61 45 32 24 25 59 12 53 54 10 66 47 19 15 56 5 14 31 44 1 35 69 40 37 58 34 42 21 6 29 52 55 64 7 49 62 4 11 60 50 43 33 16 38 65 48 18 20 27 36 3 0 67 30 26 13 23 51 57 2
7 19 61 8 47 6 35 49 0 54 44 29 56 37 31 24 22 27 26 2 62 64 13 3 17 68 43 10 5 33 63 55 41 66 32 36 42 65 40 15 28 67 20 4 12 52 50 57 23 30 48 59 69 25 14 51 34 21 11 60 38 1 39 46 18 45 16 53 58 9
68 15 17 16 63 5 13 19 36 26 23 58 41 2 66 65 44 3 45 37 40 50 6 28 39 22 42 0 21 59 51 27 38 61 46 67 32 11 62 1 56 33 7 8 34 14 55 57 35 49 69 64 20 48 53 30 47 60 29 31 54 43 52 18 10 12 25 4 9 24
28 47 34 36 18 55 8 38 40 15 66 63 20 65 32 29 39 1 10 2 52 16 53 58 26 11 42 69 46 62 21 12 59 6 44 0 68 7 56 64 31 33 24 22 19 3 49 41 45 25 17 9 43 23 27 60 4 5 35 57 13 50 48 37 51 61 30 14 54 67
67 20 28 47 25 53 22 12 54 7 27 11 35 55 39 58 17 56 5 42 4 46 8 66 34 33 18 69 62 3 10 30 37 29 61 24 40 45 26 57 65 19 64 31 52 6 50 51 44 0 9 48 68 60 23 43 32 63 41 36 38 15 14 59 49 13 16 2 1 21
1 68 45 6 51 66 56 54 18 60 22 3 52 44 21 37 35 11 23 8 36 43 61 50 19 9 38 26 17 62 41 20 59 57 28 24 64 55 69 4 7 67 5 34 46 27 47 63 33 25 31 53 49 2 10 15 65 0 39 58 32 42 40 48 29 12 14 13 16 30
54 10 53 68 63 38 21 43 50 15 19 61 67 33 57 25 7 35 20 30 32 4 58 65 5 36 31 44 41 26 52 47 39 69 22 17 27 3 6 23 34 59 1 28 62 51 24 12 18 60 9 48 64 49 2 16 45 40 55 0 56 66 8 46 37 11 13 14 42 29
66 12 65 11 62 27 17 7 18 38 32 60 25 68 34 13 1 47 35 23 44 51 59 3 30 9 15 55 26 48 36 8 21 22 63 20 41 67 50 31 0 46 39 40 29 28 33 61 6 42 52 49 37 64 69 58 57 56 4 19 2 43 53 16 54 5 24 45 14 10
16 32 52 53 14 63 13 49 50 38 2 59 18 9 54 22 26 20 55 3 56 17 8 28 12 64 41 35 39 24 48 57 51 47 68 7 46 23 61 34 37 62 31 27 60 36 25 6 58 45 11 21 42 0 66 44 5 40 1 43 65 33 19 10 4 69 30 15 67 29
9 52 32 11 63 43 16 4 3 46 68 39 44 51 36 21 37 6 24 19 67 33 14 66 56 38 62 35 60 55 5 69 53 7 23 28 61 30 58 54 41 0 34 45 15 1 17 8 42 29 20 57 2 49 48 22 10 59 25 47 13 26 18 31 12 65 27 64 40 50
58 46 45 18 2 39 33 38 25 54 13 37 12 64 19 42 32 55 43 47 44 41 8 63 56 67 7 57 23 27 1 3 52 10 68 9 26 49 53 0 59 16 21 17 5 4 60 11 31 66 69 61 14 6 51 20 30 29 65 34 48 50 24 62 35 28 15 40 22 36
40 25 51 33 43 24 26 48 69 58 7 14 66 19 28 9 57 41 52 6 20 49 59 10 4 12 30 27 37 44 50 32 16 11 46 22 17 45 56 3 42 21 15 29 13 39 36 67 8 5 60 55 65 62 68 0 1 34 35 61 53 38 64 54 63 23 18 2 47 31
48 66 44 43 28 47 7 18 62 54 52 20 56 3 32 9 49 45 34 1 21 63 57 19 37 41 15 10 26 64 6 30 8 25 55 24 13 38 4 40 36 69 22 14 33 0 58 53 5 50 65 29 27 51 39 12 68 23 61 46 35 17 42 11 31 67 2 16 59 60
57 36 67 13 11 65 44 63 35 42 7 22 5 60 20 24 54 53 18 6 41 45 66 61 56 49 8 48 69 0 26 1 2 32 21 38 62 50 47 12 46 14 37 27 25 15 4 19 9 39 40 52 58 55 59 51 64 33 34 23 17 31 10 28 43 29 30 3 16 68
28 38 33 30 50 68 39 62 31 4 64 25 32 56 0 45 7 9 3 6 57 29 8 14 59 19 43 12 40 47 21 5 20 26 1 51 24 66 44 48 35 15 17 63 46 65 49 13 67 27 11 41 23 55 18 36 60 53 52 22 10 69 2 58 54 37 61 42 16 34
34 1 11 29 49 33 69 7 30 27 3 40 32 59 37 65 51 50 48 28 53 25 63 43 2 58 57 23 45 13 52 14 24 68 22 36 6 35 9 67 5 41 17 12 54 39 44 21 62 20 46 56 64 26 18 55 31 42 60 4 16 15 10 47 19 0 66 61 38 8
35 40 37 66 54 34 14 2 61 33 58 64 1 60 25 36 32 57 29 46 31 38 3 23 59 52 19 41 10 47 17 48 55 63 18 21 65 62 45 5 42 20 0 24 53 56 67 4 13 9 16 30 22 44 50 8 15 12 39 28 43 51 7 69 49 27 26 68 11 6
42 61 21 63 12 34 47 27 2 59 52 7 54 45 69 4 62 3 35 19 46 1 37 41 58 43 6 5 23 67 25 53 10 38 30 32 49 0 51 64 8 50 28 44 40 15 33 48 56 20 39 36 66 16 29 24 60 11 22 9 26 17 57 68 14 13 31 65 18 55
30 27 2 28 8 49 56 7 69 54 29 55 67 19 32 31 38 37 3 6 68 35 53 40 25 14 33 18 13 63 23 12 22 11 57 5 21 61 26 59 15 39 50 60 34 4 64 58 17 47 65 46 52 36 62 24 16 44 43 51 0 1 9 42 66 48 45 20 10 41
36 56 15 2 69 30 48 27 55 9 42 16 51 3 26 29 19 57 22 13 61 14 59 65 60 11 23 28 45 47 68 8 6 1 67 12 49 40 4 38 25 32 0 31 54 53 24 52 46 41 35 43 18 34 58 50 17 63 21 10 66 44 64 39 33 20 62 7 37 5
3 44 53 54 4 61 1 31 33 56 51 65 12 5 45 67 26 10 62 38 19 68 57 35 69 66 39 9 34 14 6 30 22 60 20 43 15 8 59 46 27 18 47 0 32 28 11 64 2 52 29 17 16 42 37 50 63 49 41 13 58 21 48 23 25 55 40 7 24 36
66 50 13 11 47 41 35 4 24 21 48 31 7 54 29 3 38 45 39 23 57 61 16 6 32 52 0 58 2 1 30 19 42 63 25 43 49 18 65 60 64 26 67 5 12 20 14 8 53 56 17 28 22 44 55 9 37 51 27 34 36 10 68 62 69 40 59 46 15 33
15 50 58 48 37 68 34 41 63 29 47 49 9 43 32 57 31 33 62 0 42 2 69 22 3 16 13 21 8 60 56 12 38 14 28 24 30 4 55 6 64 36 7 67 35 65 61 20 40 66 19 27 10 44 1 54 18 46 52 45 26 23 25 53 39 5 17 51 11 59
41 38 30 63 40 33 32 5 21 4 27 17 3 58 60 42 22 16 36 51 53 7 34 68 23 69 50 46 1 12 48 20 35 62 15 65 10 52 0 13 56 47 39 24 14 43 37 45 66 8 11 9 59 2 6 54 25 19 67 28 29 18 31 57 61 44 49 64 55 26
10 54 25 6 17 56 8 27 67 62 32 26 46 19 57 63 11 16 29 34 3 24 13 41 40 59 18 38 52 12 0 31 28 51 47 44 21 45 35 60 50 39 37 53 14 69 20 48 66 7 1 23 65 36 55 61 4 42 2 30 5 64 22 68 49 58 33 15 9 43
66 19 10 24 38 42 59 44 47 17 3 4 32 65 51 33 67 46 26 53 45 13 60 22 58 43 18 40 56 21 48 12 68 41 23 57 50 11 37 31 61 54 8 69 55 63 39 52 28 35 2 15 36 34 49 5 30 7 27 64 16 20 6 62 14 1 9 29 25 0
2 64 39 44 18 60 53 62 56 54 12 31 22 42 52 19 5 36 30 1 11 49 15 59 35 9 46 20 38 16 13 25 45 3 24 4 23 67 17 37 32 47 26 61 27 69 51 50 48 34 10 29 40 68 0 43 7 58 66 33 14 63 65 6 28 8 41 57 21 55
