9 0 23 17 39 61 14 59 2 49 11 32 30 66 29 55 12 24 34 5 16 57 15 69 46 1 35 50 56 33 51 53 54 67 42 6 60 58 19 64 38 40 21 47 63 52 13 44 22 62 31 68 65 4 26 28 41 3 25 10 36 27 48 18 45 7 20 8 37 43
17 61 46 65 31 15 18 24 27 60 52 66 49 44 68 62 36 32 58 42 67 3 9 22 5 2 8 7 10 59 20 23 21 37 25 41 69 14 16 11 48 57 4 56 0 26 64 43 35 54 50 38 40 63 53 34 19 30 13 29 47 12 45 6 51 33 1 39 55 28
58 36 43 35 38 9 31 27 66 30 8 5 14 18 45 0 6 64 55 11 67 61 44 16 47 46 50 54 51 23 21 69 37 25 10 52 48 2 32 3 42 63 28 20 53 1 19 60 13 26 65 40 41 29 57 33 56 34 7 39 15 12 68 17 62 49 4 59 24 22
52 4 8 27 34 35 14 51 64 31 69 61 48 2 28 46 41 53 49 62 7 26 54 25 39 45 11 43 1 6 19 37 60 59 18 58 33 24 50 65 44 29 68 67 13 57 63 40 22 56 5 16 3 66 42 47 0 32 21 23 15 20 38 55 30 9 36 12 10 17
38 61 55 41 53 11 13 8 62 68 65 39 63 59 56 36 47 57 30 45 6 29 5 43 26 58 12 52 21 64 20 7 46 49 24 10 19 28 23 1 27 44 34 16 60 67 35 4 40 25 66 18 3 17 37 48 0 32 14 2 54 50 51 69 33 15 9 22 42 31
45 12 4 56 63 66 61 50 37 5 67 39 68 42 30 60 2 29 48 69 49 7 38 22 19 14 10 17 6 20 51 27 1 54 58 62 9 64 25 16 57 41 46 31 47 24 52 3 28 55 34 21 18 36 40 33 0 53 26 43 13 65 35 11 23 15 32 59 44 8
25 24 1 2 27 20 53 47 43 48 40 14 36 66 32 67 7 68 45 37 49 23 61 57 5 30 4 55 44 65 46 29 3 21 15 41 16 11 0 56 50 54 6 62 38 51 52 12 69 18 10 19 64 13 58 22 59 28 63 39 8 31 34 26 33 35 60 17 9 42
39 22 1 3 37 66 35 61 8 62 45 64 40 51 26 44 16 48 11 5 59 10 58 19 68 29 33 43 65 34 0 47 63 14 52 31 54 24 18 12 36 17 67 28 55 46 57 49 15 56 21 32 53 4 41 60 69 9 7 27 50 25 38 20 42 30 2 6 13 23
8 30 56 31 14 34 37 27 6 28 0 26 57 47 3 32 36 39 65 53 45 55 52 22 59 54 38 19 18 43 50 58 62 16 35 10 13 17 7 23 49 63 33 67 41 46 9 64 66 25 24 51 61 1 40 44 21 42 60 11 68 29 2 4 20 48 12 5 15 69
22 33 68 42 14 51 54 29 39 56 47 18 38 21 69 12 59 58 63 55 32 28 27 53 0 25 57 16 37 23 41 34 65 13 5 66 62 9 17 3 44 26 11 46 20 61 43 4 19 36 40 45 49 52 8 64 50 2 10 24 7 1 15 67 35 30 60 6 48 31
16 3 24 61 13 48 57 31 58 69 0 5 8 44 30 45 22 23 41 60 25 7 33 37 42 40 68 62 14 28 59 67 9 11 10 20 15 19 21 65 53 54 50 49 27 46 39 56 4 34 43 32 17 64 55 47 6 38 52 1 2 36 35 66 29 12 26 63 51 18
61 4 31 17 67 27 68 51 52 28 34 6 8 30 35 0 9 36 26 5 41 53 59 20 24 64 45 10 7 29 50 33 2 40 21 15 14 46 65 69 3 44 55 19 32 62 63 56 60 16 1 43 13 22 66 54 23 57 12 38 25 58 42 18 47 48 11 37 39 49
19 48 41 60 15 9 17 53 64 40 67 36 5 50 63 33 4 23 27 39 32 69 3 45 26 8 37 1 68 34 65 61 44 30 21 43 58 38 56 11 31 46 6 47 54 12 62 49 22 18 42 52 51 59 57 0 7 24 20 66 2 25 55 35 10 16 14 13 29 28
30 47 13 26 15 21 61 2 10 23 22 40 52 27 54 43 65 31 7 36 5 63 45 68 67 58 32 17 8 35 1 51 64 46 0 34 44 53 11 33 28 60 12 25 48 66 14 50 42 59 38 39 4 19 20 62 69 6 29 57 9 37 56 16 24 49 3 55 18 41
64 32 38 8 18 25 0 33 7 31 19 60 13 5 50 39 30 22 59 26 58 48 37 21 14 11 55 40 68 56 45 4 6 67 63 44 29 28 62 2 49 43 20 3 47 53 9 16 36 15 35 41 12 65 34 17 42 27 52 57 23 51 24 10 69 46 61 66 54 1
57 60 49 46 30 17 61 55 10 21 1 5 29 65 12 41 59 44 25 15 54 38 47 50 58 35 36 16 20 9 26 23 37 40 33 18 64 62 2 63 53 43 8 32 27 69 19 3 13 24 56 48 66 42 34 31 6 39 28 0 45 4 51 52 67 22 7 68 11 14
2 28 0 6 12 52 3 67 45 18 69 23 4 11 27 32 8 37 63 46 29 9 64 35 22 42 54 26 50 41 66 10 1 5 25 14 60 59 55 7 62 44 16 47 65 15 40 13 21 48 19 39 30 49 51 58 31 33 68 38 61 56 20 53 43 57 17 24 36 34
45 30 42 67 37 39 63 5 22 53 64 43 34 49 28 59 68 66 51 38 32 8 52 54 56 65 27 48 50 14 18 62 24 12 9 1 46 57 20 6 26 35 0 2 11 47 44 15 40 25 36 69 55 58 21 3 16 31 19 23 17 61 60 7 10 13 4 33 41 29
50 28 59 7 33 57 52 29 21 63 46 40 68 38 0 17 58 43 6 34 10 23 19 44 39 16 11 54 1 51 66 27 60 69 2 37 12 47 20 67 25 49 24 61 8 32 26 42 64 9 4 55 15 31 48 18 35 62 41 5 45 13 14 65 22 30 56 36 53 3
27 18 57 62 6 69 16 35 44 42 17 25 19 24 28 32 58 31 60 7 22 38 29 48 55 5 11 61 12 40 59 39 66 36 33 1 2 20 47 3 46 13 45 51 67 30 23 41 43 4 54 56 8 64 14 37 10 63 52 26 49 0 21 9 15 68 53 34 50 65
30 52 31 43 37 45 57 67 60 34 22 62 53 19 14 35 42 40 9 56 8 46 28 20 41 63 54 3 7 15 58 16 39 18 21 27 4 65 36 29 61 49 47 51 69 38 2 1 64 13 68 6 66 33 23 32 50 44 12 17 59 11 55 5 24 25 10 26 48 0
57 4 8 48 49 11 42 33 27 20 30 60 56 66 9 36 32 67 63 29 31 55 25 10 15 13 41 64 7 12 69 51 43 2 17 16 28 58 50 14 46 40 3 54 61 24 21 44 23 1 59 5 39 38 52 34 22 53 19 62 0 6 26 47 68 45 37 35 65 18
14 54 56 20 45 5 41 36 47 39 52 24 1 19 28 11 60 51 29 61 35 6 59 17 49 30 10 21 4 38 46 50 26 40 0 62 53 42 27 16 23 32 13 12 55 3 48 66 58 69 31 2 22 43 44 64 33 65 18 67 63 34 25 68 9 7 15 8 37 57
54 11 46 57 30 3 24 43 28 15 1 31 17 18 61 34 6 39 2 59 41 53 25 22 55 66 56 32 10 14 40 26 42 60 29 37 9 67 21 38 8 68 20 0 27 33 69 62 19 58 48 4 13 35 5 47 36 16 23 51 50 52 44 45 7 12 63 49 64 65
11 50 21 12 55 66 68 59 48 58 35 31 13 34 19 60 47 5 33 23 40 45 8 27 69 29 38 25 53 15 17 4 61 46 30 10 18 44 7 62 0 49 20 24 54 14 39 56 2 1 67 65 16 28 22 52 64 9 57 63 51 6 37 36 3 42 43 41 32 26
0 7 25 4 1 12 18 69 55 14 52 41 3 56 31 13 63 27 29 22 50 23 17 20 67 60 49 30 61 66 38 11 40 68 5 34 35 33 48 26 16 9 19 36 8 39 58 21 6 53 51 32 43 59 28 62 37 45 24 54 65 47 15 46 44 42 2 10 57 64
38 55 40 64 47 62 51 31 49 48 0 61 20 32 57 54 33 9 17 35 34 2 10 6 65 23 52 16 58 29 27 28 26 67 41 37 60 46 21 45 66 18 3 59 42 56 36 13 25 12 53 69 43 14 24 1 50 39 19 7 44 5 8 68 30 15 63 22 4 11
43 27 10 32 46 19 50 23 49 40 5 67 59 44 69 65 41 42 18 3 9 63 47 60 57 28 64 25 14 56 38 51 26 48 22 45 4 24 17 6 20 35 39 36 21 61 31 66 0 13 53 55 1 15 29 52 16 7 33 2 34 62 68 12 30 58 54 37 8 11
42 2 56 65 50 8 18 63 43 41 28 47 48 21 38 57 45 20 3 69 5 59 33 19 13 22 66 11 12 26 15 64 1 60 25 36 4 58 39 52 10 34 27 67 37 61 17 68 24 7 9 31 35 30 55 23 46 32 29 14 40 44 54 16 0 51 6 49 53 62
5 8 6 49 18 53 59 16 19 34 67 42 11 58 0 2 14 40 54 52 35 38 4 64 3 33 12 47 24 45 63 57 28 44 30 27 29 25 69 9 22 48 17 43 65 51 37 1 15 26 23 50 46 60 62 32 56 13 36 31 66 55 20 21 61 68 7 39 10 41
36 37 69 57 38 13 24 6 2 31 56 68 41 3 62 35 34 32 4 22 59 5 61 60 7 12 0 20 58 27 51 45 30 33 18 54 1 67 43 47 25 9 53 19 39 8 21 15 16 48 52 50 46 14 17 55 49 11 26 23 40 65 42 66 63 10 29 44 64 28
4 69 42 60 58 11 27 38 28 40 51 63 52 43 68 44 33 17 66 39 57 6 45 48 21 10 64 2 22 1 0 20 35 32 61 23 31 34 13 5 30 49 46 19 15 24 65 26 9 59 41 29 56 8 16 67 37 12 53 18 36 47 55 14 54 25 3 50 62 7
41 54 40 48 34 58 24 22 67 1 15 16 14 3 27 12 33 51 69 59 52 5 2 45 43 28 61 25 57 9 65 62 0 19 42 46 13 44 38 23 26 56 32 29 30 10 39 7 49 18 53 4 8 64 66 37 68 35 63 21 31 20 50 36 11 60 55 47 17 6
59 20 18 55 0 41 17 56 11 3 33 52 68 51 69 34 46 30 6 37 13 9 44 36 27 60 26 63 58 1 57 38 22 39 29 24 5 42 8 40 49 15 25 62 67 54 10 16 53 64 43 32 2 48 35 50 45 4 21 65 28 47 66 19 23 14 61 31 7 12
42 66 55 22 29 19 7 63 0 17 60 8 41 44 50 48 1 5 52 18 6 30 25 45 32 36 14 13 20 56 49 12 9 54 57 58 3 26 53 43 4 62 65 40 59 47 51 23 68 11 61 15 24 28 34 46 39 31 37 69 35 33 2 64 16 10 38 67 27 21
24 11 20 42 52 57 69 14 59 51 12 26 45 18 3 9 62 17 19 55 30 0 41 4 22 66 23 46 28 50 44 48 29 54 67 35 65 21 33 37 8 43 31 15 7 25 61 6 16 49 47 36 60 63 39 2 10 13 34 64 38 68 40 58 1 56 53 27 32 5
29 52 59 6 21 63 2 22 10 34 68 54 16 44 46 33 14 49 25 1 43 47 51 8 42 20 23 39 48 7 58 11 30 19 67 38 56 28 26 53 40 4 0 32 69 35 27 24 60 45 36 31 55 5 13 17 12 65 3 61 9 41 64 50 62 37 66 18 15 57
39 45 30 56 3 4 11 36 28 65 7 2 55 57 10 67 50 48 51 60 20 63 1 61 47 25 68 21 31 54 0 23 15 16 8 13 34 52 53 58 6 40 32 24 59 29 12 27 38 66 43 49 41 35 17 18 33 37 62 26 5 42 44 22 46 19 9 69 14 64
52 57 26 5 8 38 60 59 68 3 50 23 35 48 10 49 43 30 51 24 21 55 16 14 28 46 7 62 53 56 2 34 58 64 29 15 6 17 0 65 69 27 44 1 47 37 54 22 11 39 45 20 4 31 9 61 36 40 19 33 18 66 42 32 13 12 63 41 25 67
18 6 53 3 34 29 67 22 17 30 38 43 40 35 1 16 63 14 11 19 57 12 27 39 2 51 20 36 23 41 25 45 60 59 46 62 64 48 56 49 66 21 7 28 47 58 55 9 10 37 13 0 5 31 65 4 50 32 15 26 8 52 69 44 54 24 68 42 33 61
35 31 36 62 40 49 12 45 27 0 54 37 32 48 11 30 58 47 6 55 13 15 61 39 16 20 60 23 63 9 5 26 66 21 28 43 17 34 19 50 1 29 18 3 56 7 68 53 69 41 38 10 52 57 44 33 67 4 46 24 22 14 8 64 42 51 2 59 25 65
2 7 14 68 33 31 42 57 24 67 30 49 9 43 28 55 51 52 37 44 22 64 26 35 32 4 20 59 63 21 11 45 53 23 8 1 60 15 61 5 36 17 0 47 6 29 27 48 50 25 10 38 3 65 54 46 62 16 56 40 69 39 41 66 58 18 34 12 19 13
47 54 45 62 61 37 33 34 16 9 13 17 64 21 63 10 52 5 32 15 12 31 35 22 51 57 1 23 30 65 6 46 43 18 11 40 26 20 7 41 60 38 68 58 14 59 27 0 42 55 44 24 19 50 28 36 48 2 8 49 3 53 56 39 4 25 29 67 69 66
58 38 45 15 42 29 46 28 59 27 33 39 67 6 20 40 54 2 22 62 69 17 13 51 5 35 3 61 37 14 24 48 53 68 49 65 26 16 55 18 7 64 47 0 23 1 8 50 36 43 41 56 60 34 25 66 12 52 32 63 11 30 57 21 19 44 10 4 9 31
1 57 15 35 50 47 66 16 20 38 32 21 29 54 53 3 24 60 41 37 43 28 9 59 19 2 0 17 23 5 39 18 36 55 11 30 10 49 69 14 6 61 44 27 25 7 63 33 67 45 46 52 22 62 64 42 65 4 58 13 12 26 34 68 31 40 56 48 51 8
21 59 53 51 32 4 68 69 56 0 39 54 41 7 8 27 26 44 19 47 33 30 64 24 55 52 12 46 18 13 40 67 16 42 15 14 22 38 3 9 65 62 48 63 6 11 28 23 2 58 60 45 34 35 29 66 31 61 50 25 57 43 49 17 36 37 20 5 1 10
33 58 69 56 18 11 23 63 42 8 6 37 4 17 64 14 35 9 66 16 44 59 29 20 38 21 2 32 13 36 34 3 53 43 39 62 57 46 25 54 49 61 45 10 27 7 40 19 15 30 51 31 48 0 52 68 50 60 55 41 47 12 24 28 22 5 67 65 26 1
13 10 15 48 65 20 7 38 53 32 36 2 56 27 12 31 16 34 17 4 68 5 63 45 57 55 30 54 66 62 29 22 49 44 46 28 35 51 18 67 23 37 59 50 6 39 19 58 47 8 1 14 52 41 3 21 33 25 11 40 43 9 60 26 24 42 69 64 0 61
38 2 54 18 36 53 8 47 67 11 52 34 31 17 9 66 32 62 49 26 19 3 16 5 1 51 46 28 27 37 41 29 55 4 64 43 44 60 63 58 39 48 45 10 7 15 24 13 57 56 23 59 30 50 22 25 20 65 61 68 0 33 35 6 21 12 69 14 40 42
29 61 20 7 17 5 32 4 52 42 3 38 27 6 58 47 26 43 18 12 40 23 1 9 48 35 54 37 67 13 55 8 66 24 53 64 56 14 16 15 33 31 63 50 59 46 51 21 25 65 41 0 30 36 39 28 57 10 11 45 34 44 2 68 49 22 60 19 62 69
10 0 24 51 2 50 7 45 52 31 3 57 63 41 48 21 5 47 42 16 68 32 66 64 61 27 38 54 19 29 55 36 17 1 49 9 14 25 6 11 4 53 44 67 43 13 65 20 8 28 46 23 62 59 18 12 69 26 15 40 60 33 30 58 22 34 37 56 39 35
13 52 54 66 68 43 60 23 20 18 3 19 48 55 2 26 57 35 27 25 24 53 15 1 17 40 62 64 39 63 6 49 58 11 67 47 65 10 44 7 8 4 46 36 28 38 37 14 32 12 31 5 69 61 42 21 9 22 34 59 29 0 30 45 41 56 33 50 16 51
51 59 54 28 20 52 30 43 9 56 17 34 68 35 12 16 14 27 44 19 8 42 26 45 10 18 50 62 67 24 69 0 22 5 58 31 33 21 32 25 53 15 29 65 46 6 49 41 23 61 40 2 7 63 4 36 55 66 13 47 11 1 37 38 39 48 57 3 64 60
22 7 54 63 9 38 69 46 43 13 58 68 53 42 31 19 62 40 11 17 14 10 20 6 27 50 34 49 59 33 37 30 29 61 60 52 35 1 55 16 47 4 51 3 2 23 48 26 5 25 36 24 65 44 32 28 15 64 66 57 0 8 67 21 18 45 56 39 41 12
23 52 46 36 2 8 17 24 20 21 11 40 44 42 57 18 7 60 45 68 34 0 27 15 69 32 39 48 64 53 3 29 14 31 12 33 58 63 16 41 47 9 30 35 50 67 38 66 25 37 59 6 51 5 55 22 13 1 62 54 19 4 26 43 49 61 10 56 65 28
47 54 5 11 61 27 31 10 3 24 17 45 36 67 44 6 28 26 51 35 0 14 13 2 62 4 66 20 9 7 49 18 48 32 41 25 69 64 30 21 63 52 34 37 53 43 39 12 65 1 58 59 16 42 22 38 8 55 57 56 23 19 15 29 40 46 60 50 33 68
0 69 32 54 12 51 44 41 56 27 22 24 46 60 59 39 47 34 19 28 49 68 23 14 25 20 55 15 2 62 8 38 31 21 9 48 45 35 11 4 13 5 29 26 7 30 58 52 40 6 36 37 53 16 18 63 66 42 67 33 43 10 1 17 65 57 3 50 61 64
24 10 30 13 3 38 46 66 36 1 19 8 55 29 21 35 2 14 53 52 69 16 22 4 62 15 20 40 43 64 41 56 47 51 42 58 31 9 28 0 39 18 6 17 65 44 63 7 32 68 26 54 67 12 49 59 45 25 27 34 60 61 33 48 11 50 37 23 5 57
40 52 22 56 61 26 55 27 44 37 3 45 58 25 11 64 9 8 47 2 41 4 6 29 62 5 43 14 16 48 31 13 30 53 63 54 23 20 68 0 46 67 50 1 42 7 33 10 18 21 28 32 39 59 66 12 49 15 19 51 60 69 57 38 36 35 17 34 24 65
8 11 1 65 17 53 57 24 45 3 36 42 40 9 47 50 33 15 56 59 68 22 60 29 43 39 0 46 51 64 4 41 48 6 34 13 25 49 23 18 26 30 32 16 44 55 52 21 37 63 69 10 67 19 14 2 28 38 27 58 20 31 12 61 35 62 7 5 54 66
22 3 26 57 46 17 36 38 69 65 0 23 63 55 21 15 6 64 37 60 30 25 50 11 53 32 62 68 33 24 14 31 47 44 2 28 59 8 29 41 67 42 48 35 66 19 45 10 1 12 58 61 13 39 18 9 43 40 20 5 34 56 54 52 51 16 4 27 7 49
41 61 55 17 22 68 45 63 59 43 12 40 42 65 28 37 2 32 14 54 36 19 4 23 56 7 57 47 35 58 18 48 11 0 25 46 29 15 5 49 9 24 51 67 38 31 27 60 44 10 34 62 30 53 69 64 20 26 50 52 21 8 66 33 3 1 6 16 13 39
7 10 60 14 37 18 64 44 36 27 17 65 23 33 9 13 42 32 0 63 38 34 49 39 55 21 51 61 6 26 48 59 8 41 24 54 67 31 66 15 2 53 40 30 69 1 11 58 20 19 57 22 28 3 35 5 68 4 25 16 50 12 52 47 45 46 43 29 62 56
50 37 2 38 40 68 60 57 30 36 58 66 46 39 27 43 6 56 69 42 32 23 24 0 9 11 19 13 20 22 65 4 53 28 55 35 26 25 41 10 21 7 5 31 64 62 48 14 45 61 34 59 15 63 33 18 8 54 1 67 47 51 17 12 52 29 3 16 49 44
11 31 60 26 25 0 20 17 58 6 9 1 34 23 65 3 30 49 46 18 53 36 54 38 22 7 21 4 5 35 41 48 33 2 52 24 28 66 56 55 45 14 44 64 59 15 16 62 63 67 51 13 61 19 32 69 68 43 40 29 39 27 50 12 47 57 8 42 37 10
57 20 69 39 59 12 14 21 8 31 29 28 10 35 37 65 19 49 62 66 46 52 11 36 42 1 43 7 54 33 61 24 55 53 23 38 44 64 51 18 67 58 17 60 41 50 13 3 22 9 32 47 63 5 48 4 34 40 27 2 30 25 68 16 45 0 26 56 15 6
65 27 58 1 64 22 19 24 3 46 2 32 13 54 23 29 50 63 37 56 55 61 33 35 48 7 12 59 52 20 28 62 38 66 44 21 34 26 40 41 6 60 15 14 68 43 25 53 39 11 57 0 18 49 17 10 31 9 67 47 5 36 69 45 16 30 4 42 8 51
37 64 4 54 51 39 26 23 29 5 2 21 28 45 58 31 43 1 7 15 52 10 50 9 44 3 6 36 20 30 40 16 24 49 18 8 56 14 17 35 13 32 57 47 0 34 33 69 27 22 67 12 46 48 59 25 55 60 61 66 68 41 53 19 38 62 11 65 42 63
32 54 18 43 57 49 39 14 8 55 58 9 25 48 52 11 34 42 45 17 46 68 44 50 51 38 10 29 21 5 59 3 60 26 41 35 33 63 20 65 47 1 22 61 27 6 64 30 15 36 53 66 31 24 56 40 4 0 28 23 67 12 7 2 13 69 19 62 37 16
18 30 45 1 31 19 52 62 63 40 8 55 53 69 12 48 49 61 16 13 7 15 6 67 20 27 46 68 5 54 65 47 9 44 50 43 25 0 21 23 3 51 10 34 4 41 38 33 26 32 11 35 28 60 14 66 37 57 17 29 56 39 64 59 22 42 58 24 36 2
11 41 21 44 49 67 43 6 60 69 62 50 23 20 59 7 35 24 10 47 56 2 54 31 3 9 15 34 4 61 64 22 68 28 30 5 13 37 17 63 33 55 40 29 32 42 57 48 0 18 39 36 14 52 12 53 19 51 8 65 58 25 45 46 16 1 38 27 66 26
58 20 12 40 48 54 11 5 47 3 35 4 14 25 46 53 45 55 7 63 44 69 24 52 61 65 21 39 26 33 2 32 27 18 36 17 6 15 16 60 13 28 59 38 41 67 64 23 42 37 8 62 43 19 49 51 30 68 29 0 1 66 56 10 22 31 9 57 34 50
59 12 21 47 9 32 29 17 25 63 34 22 67 1 36 60 24 57 53 31 18 37 6 15 35 69 2 46 11 14 19 5 27 42 56 39 20 10 38 28 33 64 55 40 58 52 23 8 61 45 68 48 13 43 0 50 44 49 62 3 54 66 26 41 7 16 4 65 30 51
54 21 29 15 50 49 48 2 33 9 31 23 13 5 61 14 35 4 66 7 46 62 64 53 40 38 44 57 41 69 17 20 47 34 55 63 28 30 24 18 68 43 37 3 45 65 51 26 8 58 16 11 56 10 1 25 60 39 6 22 52 42 19 12 67 32 27 59 36 0
12 13 19 16 14 22 36 55 20 9 0 27 31 54 26 35 67 15 25 8 23 38 10 21 45 1 64 6 33 58 42 28 49 40 48 17 32 7 69 65 46 63 29 11 66 2 37 60 5 52 18 3 61 43 68 51 39 57 24 50 30 59 41 44 62 47 53 4 34 56
36 39 42 46 49 67 35 7 37 11 16 29 62 21 5 20 24 27 53 26 63 61 54 51 14 2 15 28 32 19 17 45 48 4 64 57 40 38 50 31 69 8 0 12 44 30 47 59 58 33 41 43 60 52 22 65 3 10 6 13 55 34 1 18 23 68 66 9 56 25
54 24 19 58 44 23 16 34 41 1 48 28 14 13 59 40 8 51 32 21 37 31 4 68 7 33 66 6 62 15 69 2 17 65 46 20 26 36 30 18 67 43 38 27 10 25 50 0 35 64 29 53 3 55 11 42 56 12 52 22 9 39 47 57 5 45 63 60 61 49
7 42 15 44 63 12 25 31 51 33 39 66 17 43 29 23 34 37 13 45 68 53 61 40 4 21 59 3 8 9 14 55 5 27 41 54 22 19 10 32 16 11 49 48 56 52 36 64 26 0 1 69 24 38 65 20 28 18 46 35 50 60 2 67 62 58 30 57 6 47
69 57 65 27 4 49 45 6 56 64 32 3 38 68 29 52 25 60 26 48 53 0 41 19 14 58 44 22 67 30 62 61 34 1 8 12 13 21 46 51 47 17 66 24 15 55 28 39 50 31 37 20 42 7 35 43 40 9 5 11 10 16 33 54 36 2 63 18 59 23
35 2 31 67 14 6 63 29 24 30 1 33 25 23 18 9 68 49 52 60 66 56 16 40 15 34 48 3 47 28 11 53 17 46 10 55 42 21 8 0 20 4 41 69 61 13 12 58 22 44 27 43 64 45 51 59 36 62 26 7 57 54 39 32 38 5 65 19 50 37
19 51 64 15 13 4 39 62 43 52 31 41 44 61 16 49 9 60 32 2 1 38 35 45 18 54 46 37 23 36 0 8 68 59 48 57 20 25 47 26 50 69 22 65 66 28 30 24 27 34 21 53 63 14 17 33 11 40 42 55 3 67 58 12 6 7 5 10 29 56
62 40 23 13 30 14 18 63 60 58 4 5 44 9 42 10 59 20 64 32 45 27 28 33 34 46 57 16 67 56 31 37 43 17 1 6 3 49 38 65 25 15 29 19 41 52 22 39 35 8 54 50 7 2 53 47 48 68 61 69 55 51 66 12 24 0 11 26 36 21
6 19 35 52 62 21 29 45 55 24 25 2 8 9 7 3 26 46 23 15 51 12 14 50 40 39 20 69 58 5 17 48 64 18 49 31 56 60 42 38 0 16 43 63 61 33 27 41 1 65 59 68 11 32 22 34 37 28 57 10 30 66 54 44 53 13 47 67 4 36
67 63 41 8 6 7 15 27 32 57 20 46 34 21 24 43 11 62 9 36 44 40 61 3 35 50 4 69 47 48 42 1 66 60 64 23 28 18 22 52 12 49 56 25 26 19 39 58 30 5 45 38 59 65 53 54 2 51 16 33 10 17 14 55 0 13 29 31 68 37
49 44 48 57 62 9 13 14 54 58 2 5 22 59 10 34 4 47 15 33 68 27 66 61 1 17 30 51 39 37 7 41 23 46 64 40 11 19 36 16 55 65 45 20 42 8 67 25 32 60 28 50 43 35 21 0 52 63 12 3 6 38 69 26 18 31 24 53 56 29
1 17 47 27 22 55 32 30 69 25 14 15 68 59 3 35 46 60 52 38 57 39 56 62 29 33 61 11 7 12 64 50 21 0 5 19 24 49 26 48 45 44 40 53 36 6 37 63 20 2 28 58 10 31 34 66 16 9 23 43 4 67 42 8 41 54 65 18 13 51
14 24 5 27 9 18 36 15 44 50 31 25 0 58 13 65 1 40 60 7 62 35 63 69 45 53 38 12 67 64 17 29 28 21 46 54 32 4 19 41 39 16 68 10 6 20 61 30 59 37 66 34 11 56 8 42 52 51 2 3 55 48 57 49 23 47 43 26 33 22
9 17 31 54 49 12 23 64 3 68 62 56 15 44 53 10 69 37 33 26 2 21 41 35 32 48 30 5 28 66 8 55 20 4 39 45 43 0 24 38 14 50 34 6 27 51 60 18 13 7 25 58 1 57 16 19 29 63 61 40 67 46 59 42 65 11 36 52 22 47
23 54 33 45 68 69 14 15 52 0 7 3 44 46 67 12 4 51 35 47 27 17 38 34 10 6 48 50 28 56 62 18 60 32 66 65 30 21 64 2 63 57 13 22 20 55 8 49 11 26 53 42 9 39 19 31 16 25 1 24 40 59 43 41 5 58 29 36 61 37
28 49 17 66 25 37 21 20 59 23 64 2 35 46 7 27 56 19 1 42 52 39 36 54 58 41 65 48 44 15 55 43 6 38 60 40 0 5 33 69 3 22 34 10 53 32 24 68 12 51 67 57 4 9 14 8 13 61 29 50 31 45 16 47 18 26 30 63 62 11
28 61 53 42 4 40 24 62 25 23 7 64 46 38 37 59 14 11 1 15 57 63 41 12 22 47 8 58 3 27 50 9 30 5 44 51 54 39 6 20 35 33 16 49 67 65 32 48 60 66 29 31 68 55 45 56 34 17 52 21 36 43 10 0 2 69 13 18 19 26
1 49 36 40 5 43 7 25 16 35 8 61 38 14 52 63 2 39 10 28 45 65 55 56 64 67 62 44 24 30 18 60 33 68 59 19 42 50 51 66 41 57 6 54 47 69 9 23 29 37 20 22 13 32 12 46 34 26 58 4 0 27 17 31 11 21 15 48 3 53
54 55 0 48 13 37 67 63 18 66 19 51 53 17 9 25 38 10 5 16 23 49 21 7 22 34 36 43 45 20 33 30 57 42 68 29 59 27 2 35 3 47 69 52 32 15 14 61 31 28 40 12 6 39 64 41 62 4 11 58 60 65 8 26 44 24 50 56 1 46
48 53 32 35 13 37 62 27 38 63 50 49 23 28 0 40 44 43 6 68 65 39 45 59 51 46 26 21 2 19 47 14 34 61 4 69 64 7 58 66 25 54 18 31 57 30 67 12 11 36 56 1 20 10 17 5 15 52 24 9 33 22 41 8 55 3 16 29 42 60
50 18 15 9 44 55 60 30 17 57 25 3 63 11 52 47 39 45 7 32 1 24 66 2 27 67 16 36 68 34 21 29 62 20 6 38 41 53 48 61 58 23 40 65 28 56 64 13 54 37 4 22 33 12 46 49 0 43 19 35 59 10 5 51 14 8 69 26 42 31
55 37 46 13 2 63 61 53 59 12 3 38 62 57 44 48 25 65 64 30 58 11 36 34 7 8 56 45 49 31 68 39 33 43 29 67 0 52 10 18 22 24 17 6 69 50 9 20 54 21 28 1 40 51 66 5 41 4 27 35 14 15 26 16 23 19 32 42 47 60
54 6 60 30 19 14 40 36 50 64 11 68 42 5 18 16 59 58 26 20 38 0 69 12 27 3 63 37 47 1 45 7 2 25 28 41 55 56 62 29 52 32 8 51 15 67 23 35 21 44 4 49 48 31 46 66 24 65 57 43 13 22 53 9 39 61 10 17 33 34
38 46 20 11 18 17 1 34 59 64 31 21 13 6 69 43 54 45 63 19 28 7 58 14 53 29 33 24 48 12 23 39 42 16 56 5 4 66 49 32 61 35 25 8 37 36 27 60 3 9 40 41 2 52 62 47 51 0 67 26 30 68 57 10 65 15 22 44 55 50
6 68 36 38 54 8 5 58 48 56 50 63 25 66 35 62 4 19 9 27 12 3 40 16 57 67 30 69 46 44 39 64 52 59 53 51 41 42 45 0 55 17 10 13 47 22 32 15 33 28 23 49 14 21 31 11 7 1 61 2 65 24 26 60 43 34 20 29 18 37
42 44 53 49 58 33 69 21 7 40 26 14 50 39 23 63 52 38 59 6 1 66 17 36 61 25 54 68 28 4 41 55 57 65 46 56 43 22 45 35 5 67 15 27 51 62 12 10 16 19 30 0 24 29 47 31 34 13 64 37 8 48 18 20 60 3 2 11 32 9
