31 42 5 61 22 43 11 62 28 41 2 63 19 52 15 44 68 40 7 60 24 49 9 54 26 46 0 59 17 50 13 55 30 45 4 58 21 36 12 57 29 38 3 53 20 47 16 35 69 39 8 64 25 34 10 66 27 37 1 56 18 33 14 67 32 48 6 65 23 51
11 61 28 42 2 60 20 43 16 62 33 41 7 63 24 40 9 54 26 49 0 55 18 44 14 53 31 50 5 52 22 51 13 58 30 45 4 59 21 47 17 36 69 46 8 57 25 39 10 66 27 38 1 56 19 35 15 67 32 37 6 65 23 34 12 64 29 48 3 68
20 52 15 43 68 42 6 61 24 41 8 60 26 40 0 62 17 45 12 54 30 44 4 63 22 46 11 59 29 50 3 55 21 47 16 36 69 37 7 58 25 38 9 64 27 39 1 57 18 34 13 66 31 35 5 53 23 33 10 56 28 32 2 65 19 49 14 48 67 51
6 61 24 42 9 60 27 43 0 62 18 41 14 63 31 51 4 54 22 49 13 55 30 40 3 53 21 44 17 46 69 50 8 58 26 45 11 59 28 36 1 57 19 38 15 52 32 47 5 66 23 34 12 56 29 39 2 67 20 35 16 37 68 33 7 64 25 48 10 65
27 42 1 61 18 43 13 60 31 41 5 62 22 52 12 63 30 49 4 59 21 40 16 50 69 44 8 54 25 47 10 55 28 45 2 58 19 36 14 64 32 46 6 57 23 39 11 53 29 38 3 66 20 35 15 56 33 37 7 67 24 34 9 65 26 48 0 68 17 51
13 61 30 42 4 60 22 43 12 62 29 41 3 63 21 51 17 40 69 49 8 54 25 44 10 55 27 46 1 53 19 50 15 58 32 45 6 59 23 36 11 57 28 38 2 52 20 47 16 39 68 34 7 66 24 35 9 56 26 37 0 67 18 33 14 64 31 48 5 65
22 42 12 61 30 47 3 60 20 43 16 40 69 41 7 62 25 49 9 54 27 44 1 63 18 46 14 59 32 50 5 53 23 45 10 55 28 39 2 64 19 36 15 58 68 38 6 57 24 34 8 66 26 35 0 52 17 37 13 56 31 33 4 67 21 48 11 65 29 51
3 61 21 52 16 42 69 43 8 60 26 41 10 62 28 40 1 54 19 49 14 63 32 44 6 59 24 46 11 55 29 50 2 58 20 47 15 45 68 36 7 64 25 38 9 57 27 39 0 66 18 34 13 53 31 35 5 56 23 37 12 67 30 33 4 65 22 48 17 51
69 51 8 52 25 42 10 61 27 43 1 60 18 41 14 62 31 45 5 54 22 44 11 63 28 50 2 55 19 47 15 53 32 37 6 58 23 36 9 59 26 46 0 57 17 39 13 56 30 38 4 66 21 35 12 67 29 33 3 65 20 34 16 40 68 48 7 64 24 49
10 61 27 42 1 60 19 43 15 62 32 41 6 63 23 51 12 54 29 49 3 55 20 40 16 44 68 46 7 53 24 50 9 58 26 45 0 59 18 36 14 57 31 38 5 52 22 47 13 66 30 34 4 56 21 39 17 35 69 37 8 67 25 33 11 64 28 48 2 65
19 42 14 61 32 43 5 60 23 41 10 62 28 52 2 63 20 40 15 44 68 49 6 54 24 46 8 59 26 50 0 55 17 45 12 58 30 36 4 64 22 38 11 57 29 47 3 53 21 39 16 35 69 34 7 66 25 37 9 56 27 33 1 67 18 48 13 65 31 51
5 61 23 42 12 60 29 51 2 62 20 43 16 41 68 40 7 54 25 49 9 63 27 44 0 55 18 46 14 53 31 50 4 58 22 45 13 59 30 47 3 57 21 36 17 38 69 39 8 66 26 34 10 52 28 35 1 56 19 37 15 67 32 33 6 64 24 48 11 65
28 42 2 61 19 43 15 60 33 41 7 62 24 40 9 63 26 49 0 54 17 44 13 59 31 50 5 55 22 52 12 53 30 45 4 64 21 47 16 46 69 36 8 58 25 39 10 57 27 38 1 66 18 35 14 56 32 37 6 67 23 34 11 65 29 48 3 68 20 51
16 51 68 42 7 61 24 43 9 60 26 41 0 62 18 40 13 54 30 49 4 63 22 44 12 55 29 46 3 53 21 50 17 47 69 45 8 58 25 36 10 59 27 38 1 57 19 39 14 66 31 34 5 52 23 35 11 56 28 37 2 67 20 33 15 64 32 48 6 65
23 42 8 61 26 43 0 60 17 41 13 62 31 52 4 63 21 49 12 54 30 40 3 59 20 44 16 50 69 46 7 55 25 45 10 58 28 36 1 64 18 38 14 57 32 47 5 53 22 34 11 66 29 39 2 56 19 35 15 33 68 37 6 67 24 48 9 65 27 51
1 61 19 42 14 60 31 43 5 62 23 41 12 63 30 51 4 54 22 40 17 49 69 44 8 55 26 50 10 53 28 47 2 58 20 45 15 59 32 36 6 57 24 46 11 52 29 39 3 66 21 38 16 56 33 35 7 67 25 37 9 65 27 34 0 64 18 48 13 68
30 42 4 61 21 43 12 62 29 41 3 63 20 52 16 44 69 40 8 60 25 49 10 54 27 46 1 59 18 50 14 55 32 45 6 58 23 36 11 57 28 38 2 53 19 47 15 35 68 39 7 64 24 34 9 66 26 37 0 56 17 33 13 67 31 48 5 65 22 51
13 61 30 42 4 60 21 47 17 43 69 41 8 62 25 40 10 54 27 49 1 63 19 44 15 51 32 46 6 53 23 50 11 55 28 45 2 59 20 39 16 58 68 36 7 57 24 38 9 66 26 34 0 52 18 35 14 56 31 37 5 67 22 33 12 64 29 48 3 65
20 52 15 43 68 42 7 61 25 41 9 60 27 40 1 62 18 45 13 54 31 44 5 63 23 46 10 59 28 50 2 55 19 47 14 36 67 37 6 58 24 38 8 64 26 39 0 57 17 34 12 66 30 35 4 53 22 33 11 56 29 32 3 65 21 49 16 48 69 51
8 61 26 42 11 60 28 43 1 62 19 41 15 63 32 40 5 54 23 49 12 55 29 44 2 53 20 50 16 52 33 51 6 58 24 45 9 59 27 36 0 57 18 46 14 56 31 47 4 66 22 38 13 67 30 39 3 65 21 35 17 37 69 34 7 64 25 48 10 68
27 42 1 61 18 43 14 60 32 41 6 62 23 52 11 63 29 49 3 59 20 40 15 46 68 44 7 54 24 50 9 55 26 45 0 58 17 36 13 64 31 38 5 57 22 47 12 53 30 34 4 56 21 39 16 37 69 35 8 66 25 33 10 67 28 48 2 65 19 51
15 61 32 42 6 60 23 43 11 62 28 41 2 63 20 40 16 54 33 49 7 55 24 44 9 53 26 50 0 52 18 51 13 58 30 45 4 59 22 36 12 57 29 46 3 56 21 47 17 39 69 38 8 66 25 35 10 67 27 37 1 65 19 34 14 64 31 48 5 68
22 42 11 61 29 52 2 60 19 43 15 40 68 41 6 62 24 49 8 54 26 44 0 63 17 46 13 59 31 50 4 55 21 45 12 58 30 47 3 64 20 36 16 39 69 38 7 57 25 34 9 66 27 35 1 53 18 37 14 56 32 33 5 67 23 48 10 65 28 51
2 61 20 42 15 60 33 43 7 62 25 41 9 63 27 40 0 54 18 49 13 59 31 44 5 55 23 50 12 53 30 52 4 58 22 47 17 45 69 36 8 64 26 46 10 57 28 39 1 66 19 38 14 56 32 35 6 67 24 37 11 65 29 34 3 68 21 48 16 51
68 51 7 63 24 42 9 61 26 41 0 60 17 40 13 62 30 45 4 54 21 44 12 55 29 46 3 53 20 50 16 43 69 47 8 52 25 37 10 58 27 38 1 59 18 39 14 57 31 34 5 66 22 35 11 56 28 33 2 65 19 32 15 36 67 48 6 64 23 49
9 61 26 42 0 60 18 43 14 62 31 41 5 63 22 51 13 54 30 49 4 55 21 40 17 44 69 46 8 53 25 50 11 58 28 45 2 59 19 36 15 57 32 38 6 52 23 47 12 66 29 34 3 56 20 39 16 35 68 37 7 67 24 33 10 64 27 48 1 65
18 42 13 61 31 43 4 60 22 41 11 62 29 52 3 63 21 40 16 44 69 49 7 54 25 50 9 59 27 47 1 55 19 45 14 58 32 36 5 64 23 46 10 57 28 39 2 53 20 38 15 66 33 35 6 56 24 37 8 67 26 34 0 65 17 48 12 68 30 51
4 61 22 42 12 60 30 51 3 62 21 43 17 41 69 40 8 54 26 49 10 63 28 44 1 55 19 46 15 53 32 50 6 58 24 45 11 59 29 47 2 57 20 36 16 38 68 39 7 66 25 34 9 52 27 35 0 56 18 37 14 67 31 33 5 64 23 48 13 65
30 42 4 60 21 52 16 41 69 43 8 61 25 40 10 62 27 49 1 54 18 44 14 63 32 50 6 59 23 47 11 55 28 45 2 58 19 36 15 64 33 46 7 57 24 39 9 53 26 38 0 66 17 35 13 56 31 37 5 67 22 34 12 65 29 48 3 68 20 51
16 51 68 42 7 61 25 43 10 60 27 41 1 62 19 40 14 54 31 45 5 63 23 44 11 55 28 46 2 53 20 50 15 47 67 37 6 58 24 36 9 59 26 38 0 57 18 39 13 66 30 34 4 52 22 35 12 56 29 33 3 65 21 32 17 48 69 49 8 64
25 42 10 61 28 43 1 60 18 41 14 62 32 40 5 63 22 49 11 54 29 44 2 59 19 50 15 55 33 52 6 53 23 45 8 58 26 36 0 64 17 46 13 57 31 47 4 56 21 38 12 66 30 39 3 67 20 35 16 34 69 37 7 65 24 48 9 68 27 51
1 61 19 42 14 60 32 43 6 62 24 41 11 63 29 51 3 54 21 40 16 49 68 44 7 55 25 46 9 53 27 50 0 58 18 45 13 59 31 36 5 57 23 38 12 52 30 47 4 66 22 39 17 34 69 35 8 56 26 37 10 67 28 33 2 64 20 48 15 65
32 42 6 61 23 43 11 63 28 41 2 62 19 47 15 55 68 40 7 60 24 49 9 54 26 44 0 59 17 50 13 53 30 45 4 58 21 36 12 57 29 38 3 52 20 46 16 35 69 39 8 64 25 34 10 66 27 37 1 56 18 33 14 67 31 48 5 65 22 51
12 61 29 42 3 60 20 51 16 43 68 41 7 62 24 40 9 54 26 49 0 63 18 44 14 55 31 46 5 53 22 50 13 58 30 45 4 59 21 47 17 36 69 38 8 57 25 39 10 66 27 34 1 52 19 35 15 56 32 37 6 67 23 33 11 64 28 48 2 65
19 42 14 61 32 43 6 60 24 41 8 62 26 40 0 63 17 45 12 54 30 44 4 59 22 50 11 55 29 52 3 53 21 47 16 36 69 37 7 58 25 46 9 64 27 39 1 57 18 38 13 66 31 35 5 56 23 33 10 67 28 34 2 65 20 49 15 48 68 51
7 61 25 42 10 60 27 43 0 62 18 41 14 63 31 51 4 54 22 49 13 55 30 40 3 53 21 44 17 50 69 47 8 58 26 45 11 59 28 36 1 57 19 46 15 52 32 39 5 66 23 38 12 56 29 35 2 67 20 37 16 65 33 34 6 64 24 48 9 68
26 42 0 61 17 43 13 60 31 41 5 62 22 52 12 63 30 49 4 59 21 40 16 46 69 44 8 54 25 50 10 55 28 45 2 58 19 36 14 64 32 38 6 57 23 47 11 53 29 34 3 56 20 39 15 37 68 35 7 66 24 33 9 67 27 48 1 65 18 51
14 61 31 42 5 60 22 43 12 62 29 41 3 63 21 51 17 40 69 49 8 54 25 44 10 55 27 50 1 53 19 47 15 58 32 45 6 59 23 36 11 57 28 46 2 52 20 39 16 66 33 38 7 56 24 35 9 67 26 37 0 65 18 34 13 64 30 48 4 68
21 42 11 61 29 52 3 60 20 43 16 40 69 41 7 62 25 49 9 54 27 44 1 63 18 46 14 59 32 50 5 55 23 45 10 58 28 47 2 64 19 36 15 39 68 38 6 57 24 34 8 66 26 35 0 53 17 37 13 56 31 33 4 67 22 48 12 65 30 51
4 61 22 52 17 42 69 43 8 60 26 41 10 62 28 40 1 54 19 49 14 63 32 44 6 59 24 46 11 55 29 50 2 58 20 47 15 45 68 36 7 64 25 38 9 57 27 39 0 66 18 34 13 53 31 35 5 56 23 37 12 67 30 33 3 65 21 48 16 51
68 51 7 63 24 42 10 61 27 41 1 60 18 40 14 62 31 45 5 54 22 44 11 55 28 46 2 53 19 50 15 43 67 47 6 52 23 37 9 58 26 38 0 59 17 39 13 57 30 34 4 66 21 35 12 56 29 33 3 65 20 32 16 36 69 48 8 64 25 49
11 61 28 42 2 60 19 43 15 62 32 41 6 63 23 40 12 54 29 49 3 55 20 44 16 53 33 50 7 52 24 51 9 58 26 45 0 59 18 36 14 57 31 46 5 56 22 47 13 66 30 38 4 67 21 39 17 35 69 37 8 65 25 34 10 64 27 48 1 68
18 42 13 61 31 43 5 60 23 41 10 62 28 52 2 63 20 40 15 44 68 49 6 54 24 46 8 59 26 50 0 55 17 45 12 58 30 36 4 64 22 38 11 57 29 47 3 53 21 39 16 35 69 34 7 66 25 37 9 56 27 33 1 67 19 48 14 65 32 51
6 61 24 42 11 60 29 43 2 62 20 41 16 63 33 40 7 54 25 49 9 55 27 44 0 53 18 50 14 52 31 51 4 58 22 45 13 59 30 47 3 57 21 36 17 46 69 39 8 66 26 38 10 56 28 35 1 67 19 37 15 65 32 34 5 64 23 48 12 68
29 42 3 60 20 52 15 41 68 43 7 61 24 40 9 62 26 49 0 54 17 44 13 63 31 46 5 59 22 50 12 55 30 45 4 64 21 47 16 38 69 36 8 58 25 39 10 57 27 34 1 66 18 35 14 53 32 37 6 56 23 33 11 67 28 48 2 65 19 51
15 61 32 42 6 60 24 43 9 62 26 41 0 63 18 40 13 54 30 45 4 55 22 44 12 53 29 50 3 52 21 51 17 47 69 37 8 58 25 36 10 59 27 46 1 57 19 39 14 66 31 38 5 56 23 35 11 67 28 33 2 65 20 34 16 48 68 49 7 64
24 42 9 61 27 43 0 60 17 41 13 62 31 47 4 63 21 49 12 54 30 40 3 59 20 44 16 50 69 46 7 53 25 45 10 58 28 36 1 55 18 38 14 57 32 39 5 52 22 34 11 64 29 35 2 56 19 37 15 66 68 33 6 67 23 48 8 65 26 51
0 61 18 42 13 60 31 43 5 62 23 41 12 63 30 51 4 54 22 40 17 49 69 44 8 55 26 46 10 53 28 50 2 58 20 45 15 59 32 36 6 57 24 38 11 52 29 47 3 66 21 39 16 34 68 35 7 56 25 37 9 67 27 33 1 64 19 48 14 65
31 42 5 61 22 43 12 62 29 41 3 63 20 52 16 44 69 40 8 60 25 49 10 54 27 50 1 59 18 47 14 55 32 45 6 58 23 36 11 64 28 46 2 57 19 39 15 53 33 38 7 66 24 35 9 56 26 37 0 67 17 34 13 65 30 48 4 68 21 51
12 61 29 42 3 60 21 51 17 43 69 41 8 62 25 40 10 54 27 49 1 63 19 44 15 55 32 46 6 53 23 50 11 58 28 45 2 59 20 47 16 36 68 38 7 57 24 39 9 66 26 34 0 52 18 35 14 56 31 37 5 67 22 33 13 64 30 48 4 65
21 52 16 43 69 42 7 61 25 41 9 60 27 40 1 62 18 45 13 54 31 44 5 63 23 50 10 59 28 47 2 55 19 37 14 58 32 36 6 64 24 46 8 57 26 39 0 53 17 38 12 66 30 35 4 56 22 33 11 67 29 34 3 65 20 49 15 48 68 51
7 61 25 42 10 60 28 43 1 62 19 41 15 63 32 51 5 54 23 49 12 55 29 40 2 53 20 44 16 46 68 50 6 58 24 45 9 59 27 36 0 57 18 38 14 52 31 47 4 66 22 34 13 56 30 39 3 67 21 35 17 37 69 33 8 64 26 48 11 65
28 42 2 61 19 43 14 60 32 41 6 62 23 40 11 63 29 49 3 54 20 44 15 59 33 50 7 55 24 52 9 53 26 45 0 58 17 36 13 64 31 46 5 57 22 47 12 56 30 38 4 67 21 39 16 37 69 35 8 66 25 34 10 65 27 48 1 68 18 51
14 61 31 42 5 60 23 43 11 62 28 41 2 63 20 51 16 40 68 49 7 54 24 44 9 55 26 46 0 53 18 50 13 58 30 45 4 59 22 36 12 57 29 38 3 52 21 47 17 39 69 34 8 66 25 35 10 56 27 37 1 67 19 33 15 64 32 48 6 65
23 42 10 61 28 52 2 60 19 43 15 40 68 41 6 62 24 49 8 54 26 44 0 63 17 46 13 59 31 50 4 55 21 45 12 58 30 47 3 64 20 36 16 39 69 38 7 57 25 34 9 66 27 35 1 53 18 37 14 56 32 33 5 67 22 48 11 65 29 51
3 61 21 51 16 42 68 43 7 60 25 41 9 62 27 40 0 54 18 49 13 63 31 44 5 55 23 46 12 53 30 50 4 58 22 47 17 45 69 36 8 59 26 38 10 57 28 39 1 66 19 34 14 52 32 35 6 56 24 37 11 67 29 33 2 64 20 48 15 65
32 42 6 61 23 43 9 60 26 41 0 62 17 40 13 63 30 45 4 54 21 44 12 55 29 50 3 53 20 51 16 39 69 47 8 56 25 37 10 58 27 46 1 59 18 48 14 57 31 38 5 66 22 35 11 67 28 33 2 65 19 34 15 36 68 52 7 64 24 49
10 61 27 42 1 60 18 43 14 62 31 41 5 63 22 51 13 54 30 49 4 55 21 40 17 44 69 50 8 53 25 47 11 58 28 45 2 59 19 36 15 57 32 46 6 52 23 39 12 66 29 38 3 56 20 35 16 67 33 37 7 65 24 34 9 64 26 48 0 68
17 42 12 61 30 43 4 60 22 41 11 62 29 52 3 63 21 40 16 44 69 49 7 54 25 46 9 59 27 50 1 55 19 45 14 58 32 36 5 64 23 38 10 57 28 47 2 53 20 39 15 35 68 34 6 66 24 37 8 56 26 33 0 67 18 48 13 65 31 51
5 61 23 42 13 60 30 51 3 62 21 43 17 41 69 40 8 54 26 49 10 63 28 44 1 55 19 50 15 53 32 47 6 58 24 45 11 59 29 36 2 57 20 46 16 52 33 39 7 66 25 38 9 56 27 35 0 67 18 37 14 65 31 34 4 64 22 48 12 68
29 42 3 60 20 52 16 41 69 43 8 61 25 40 10 62 27 49 1 54 18 44 14 63 32 46 6 59 23 50 11 55 28 45 2 64 19 47 15 38 68 36 7 58 24 39 9 57 26 34 0 66 17 35 13 53 31 37 5 56 22 33 12 67 30 48 4 65 21 51
17 51 69 42 8 61 25 43 10 60 27 41 1 62 19 40 14 54 31 45 5 63 23 44 11 55 28 46 2 53 20 50 15 47 67 37 6 58 24 36 9 59 26 38 0 57 18 39 13 66 30 34 4 52 22 35 12 56 29 33 3 65 21 32 16 48 68 49 7 64
24 42 9 61 27 43 1 60 18 41 14 62 32 52 5 63 22 49 11 54 29 40 2 59 19 44 15 50 68 46 6 55 23 45 8 58 26 36 0 64 17 38 13 57 31 47 4 53 21 34 12 66 30 39 3 56 20 35 16 33 69 37 7 67 25 48 10 65 28 51
2 61 20 42 15 60 32 43 6 62 24 41 11 63 29 40 3 54 21 49 16 55 33 44 7 53 25 50 9 52 27 51 0 58 18 45 13 59 31 36 5 57 23 46 12 56 30 47 4 66 22 39 17 38 69 35 8 67 26 37 10 65 28 34 1 64 19 48 14 68
31 42 5 61 22 43 11 62 28 41 2 63 19 52 15 44 68 40 7 60 24 49 9 54 26 46 0 59 17 50 13 55 30 45 4 58 21 36 12 57 29 38 3 53 20 47 16 35 69 39 8 64 25 34 10 66 27 37 1 56 18 33 14 67 32 48 6 65 23 51
11 63 28 42 2 60 20 47 16 61 68 43 7 62 24 41 9 54 26 49 0 55 18 40 14 51 31 44 5 53 22 50 13 58 30 45 4 59 21 46 17 36 69 38 8 57 25 39 10 66 27 34 1 52 19 35 15 56 32 37 6 67 23 33 12 64 29 48 3 65
20 52 15 43 68 42 6 61 24 41 8 60 26 40 0 62 17 49 12 54 30 44 4 63 22 46 11 59 29 50 3 55 21 47 16 36 69 45 7 58 25 38 9 64 27 39 1 57 18 34 13 66 31 35 5 53 23 37 10 56 28 33 2 67 19 48 14 65 32 51
6 61 24 42 9 60 27 43 0 62 18 41 14 63 31 51 4 54 22 49 13 55 30 40 3 53 21 44 17 46 69 50 8 58 26 45 11 59 28 36 1 57 19 38 15 52 32 47 5 66 23 34 12 56 29 39 2 67 20 35 16 37 68 33 7 64 25 48 10 65
27 42 1 61 18 43 13 60 31 41 5 62 22 52 12 63 30 49 4 59 21 40 16 46 69 44 8 54 25 50 10 55 28 45 2 58 19 36 14 64 32 38 6 57 23 47 11 53 29 34 3 56 20 39 15 37 68 35 7 66 24 33 9 67 26 48 0 65 17 51
13 61 30 42 4 60 22 43 12 62 29 41 3 63 21 51 17 40 69 49 8 54 25 44 10 55 27 46 1 53 19 50 15 58 32 45 6 59 23 36 11 57 28 38 2 52 20 47 16 39 68 34 7 66 24 35 9 56 26 37 0 67 18 33 14 64 31 48 5 65
22 42 12 61 30 52 3 60 20 43 16 40 69 41 7 62 25 49 9 54 27 44 1 63 18 50 14 59 32 47 5 55 23 45 10 58 28 36 2 64 19 46 15 57 33 39 6 53 24 38 8 66 26 35 0 56 17 37 13 67 31 34 4 65 21 48 11 68 29 51
3 61 21 52 16 42 69 43 8 60 26 41 10 62 28 40 1 54 19 49 14 63 32 44 6 59 24 46 11 55 29 50 2 58 20 47 15 45 68 36 7 64 25 38 9 57 27 39 0 66 18 34 13 53 31 35 5 56 23 37 12 67 30 33 4 65 22 48 17 51
69 51 8 52 25 42 10 61 27 43 1 60 18 41 14 62 31 45 5 54 22 44 11 63 28 50 2 55 19 47 15 53 32 37 6 58 23 36 9 59 26 46 0 57 17 39 13 56 30 38 4 66 21 35 12 67 29 33 3 65 20 34 16 40 68 48 7 64 24 49
10 61 27 42 1 60 19 43 15 62 32 41 6 63 23 51 12 54 29 49 3 55 20 40 16 44 68 46 7 53 24 50 9 58 26 45 0 59 18 36 14 57 31 38 5 52 22 47 13 66 30 34 4 56 21 39 17 35 69 37 8 67 25 33 11 64 28 48 2 65
19 42 14 61 32 43 5 60 23 41 10 62 28 40 2 63 20 49 15 54 33 44 6 59 24 50 8 55 26 52 0 53 17 45 12 58 30 36 4 64 22 46 11 57 29 47 3 56 21 39 16 35 69 38 7 66 25 37 9 67 27 34 1 65 18 48 13 68 31 51
5 61 23 42 12 60 29 51 2 62 20 43 16 41 68 40 7 54 25 49 9 63 27 44 0 55 18 46 14 53 31 50 4 58 22 45 13 59 30 47 3 57 21 36 17 38 69 39 8 66 26 34 10 52 28 35 1 56 19 37 15 67 32 33 6 64 24 48 11 65
28 42 2 63 19 47 15 60 68 43 7 61 24 41 9 62 26 49 0 54 17 40 13 55 31 44 5 59 22 50 12 53 30 45 4 64 21 46 16 38 69 36 8 58 25 39 10 57 27 34 1 66 18 35 14 52 32 37 6 56 23 33 11 67 29 48 3 65 20 51
16 51 68 42 7 61 24 43 9 60 26 41 0 62 18 40 13 54 30 49 4 63 22 44 12 55 29 46 3 53 21 50 17 47 69 45 8 58 25 36 10 59 27 38 1 57 19 39 14 66 31 34 5 52 23 35 11 56 28 37 2 67 20 33 15 64 32 48 6 65
23 42 8 61 26 43 0 60 17 41 13 62 31 52 4 63 21 49 12 54 30 40 3 59 20 44 16 50 69 46 7 55 25 45 10 58 28 36 1 64 18 38 14 57 32 47 5 53 22 34 11 66 29 39 2 56 19 35 15 33 68 37 6 67 24 48 9 65 27 51
1 61 19 42 14 60 31 43 5 62 23 41 12 63 30 51 4 54 22 40 17 49 69 44 8 55 26 50 10 53 28 47 2 58 20 45 15 59 32 36 6 57 24 46 11 52 29 39 3 66 21 38 16 56 33 35 7 67 25 37 9 65 27 34 0 64 18 48 13 68
30 42 4 61 21 43 12 62 29 41 3 63 20 52 16 44 69 40 8 60 25 49 10 54 27 46 1 59 18 50 14 55 32 45 6 58 23 36 11 57 28 38 2 53 19 47 15 35 68 39 7 64 24 34 9 66 26 37 0 56 17 33 13 67 31 48 5 65 22 51
13 61 30 42 4 60 21 51 17 43 69 41 8 62 25 40 10 54 27 49 1 63 19 44 15 55 32 50 6 53 23 47 11 58 28 45 2 59 20 36 16 57 33 46 7 52 24 39 9 66 26 38 0 56 18 35 14 67 31 37 5 65 22 34 12 64 29 48 3 68
20 52 15 43 68 42 7 61 25 41 9 60 27 40 1 62 18 45 13 54 31 44 5 63 23 46 10 59 28 50 2 55 19 47 14 36 67 37 6 58 24 38 8 64 26 39 0 57 17 34 12 66 30 35 4 53 22 33 11 56 29 32 3 65 21 49 16 48 69 51
8 61 26 42 11 60 28 43 1 62 19 41 15 63 32 51 5 54 23 49 12 55 29 40 2 53 20 44 16 46 68 50 6 58 24 45 9 59 27 36 0 57 18 38 14 52 31 47 4 66 22 34 13 56 30 39 3 67 21 35 17 37 69 33 7 64 25 48 10 65
27 42 1 61 18 43 14 60 32 41 6 62 23 52 11 63 29 49 3 59 20 40 15 46 68 44 7 54 24 50 9 55 26 45 0 58 17 36 13 64 31 38 5 57 22 47 12 53 30 34 4 56 21 39 16 37 69 35 8 66 25 33 10 67 28 48 2 65 19 51
15 61 32 42 6 60 23 43 11 62 28 41 2 63 20 40 16 54 33 49 7 55 24 44 9 53 26 50 0 52 18 51 13 58 30 45 4 59 22 36 12 57 29 46 3 56 21 47 17 39 69 38 8 66 25 35 10 67 27 37 1 65 19 34 14 64 31 48 5 68
22 42 11 61 29 52 2 60 19 43 15 40 68 41 6 62 24 49 8 54 26 44 0 63 17 46 13 59 31 50 4 55 21 45 12 58 30 47 3 64 20 36 16 39 69 38 7 57 25 34 9 66 27 35 1 53 18 37 14 56 32 33 5 67 23 48 10 65 28 51
2 61 20 42 15 60 33 43 7 62 25 41 9 63 27 40 0 54 18 49 13 59 31 44 5 55 23 50 12 53 30 52 4 58 22 47 17 45 69 36 8 64 26 46 10 57 28 39 1 66 19 38 14 56 32 35 6 67 24 37 11 65 29 34 3 68 21 48 16 51
68 47 7 63 24 42 9 61 26 41 0 60 17 40 13 62 30 49 4 54 21 44 12 59 29 46 3 53 20 50 16 43 69 39 8 55 25 45 10 58 27 36 1 64 18 38 14 57 31 34 5 66 22 35 11 52 28 37 2 56 19 33 15 67 32 48 6 65 23 51
9 61 26 42 0 60 18 43 14 62 31 41 5 63 22 51 13 54 30 49 4 55 21 40 17 44 69 46 8 53 25 50 11 58 28 45 2 59 19 36 15 57 32 38 6 52 23 47 12 66 29 34 3 56 20 39 16 35 68 37 7 67 24 33 10 64 27 48 1 65
18 42 13 61 31 43 4 60 22 41 11 62 29 47 3 63 21 40 16 44 69 49 7 54 25 46 9 59 27 50 1 53 19 45 14 58 32 36 5 55 23 38 10 57 28 39 2 52 20 35 15 64 68 34 6 66 24 37 8 56 26 33 0 67 17 48 12 65 30 51
4 61 22 42 12 60 30 51 3 62 21 43 17 41 69 40 8 54 26 49 10 63 28 44 1 55 19 46 15 53 32 50 6 58 24 45 11 59 29 47 2 57 20 36 16 38 68 39 7 66 25 34 9 52 27 35 0 56 18 37 14 67 31 33 5 64 23 48 13 65
30 42 4 60 21 52 16 41 69 43 8 61 25 40 10 62 27 49 1 54 18 44 14 63 32 50 6 59 23 47 11 55 28 45 2 58 19 36 15 64 33 46 7 57 24 39 9 53 26 38 0 66 17 35 13 56 31 37 5 67 22 34 12 65 29 48 3 68 20 51
16 51 68 42 7 61 25 43 10 60 27 41 1 62 19 40 14 54 31 45 5 63 23 44 11 55 28 46 2 53 20 50 15 47 67 37 6 58 24 36 9 59 26 38 0 57 18 39 13 66 30 34 4 52 22 35 12 56 29 33 3 65 21 32 17 48 69 49 8 64
25 42 10 61 28 43 1 63 18 41 14 62 32 47 5 55 22 49 11 60 29 40 2 59 19 44 15 54 68 50 6 53 23 45 8 58 26 36 0 64 17 38 13 57 31 46 4 52 21 34 12 66 30 39 3 56 20 35 16 33 69 37 7 67 24 48 9 65 27 51
1 61 19 42 14 60 32 43 6 62 24 41 11 63 29 51 3 54 21 40 16 49 68 44 7 55 25 46 9 53 27 50 0 58 18 45 13 59 31 36 5 57 23 38 12 52 30 47 4 66 22 39 17 34 69 35 8 56 26 37 10 67 28 33 2 64 20 48 15 65
32 42 6 61 23 43 11 60 28 41 2 62 19 40 15 63 33 49 7 54 24 44 9 59 26 50 0 55 17 52 13 53 30 45 4 58 21 36 12 57 29 46 3 56 20 47 16 35 69 39 8 64 25 38 10 66 27 37 1 67 18 34 14 65 31 48 5 68 22 51
12 61 29 42 3 60 20 51 16 43 68 41 7 62 24 40 9 54 26 49 0 63 18 44 14 55 31 46 5 53 22 50 13 58 30 45 4 59 21 47 17 36 69 38 8 57 25 39 10 66 27 34 1 52 19 35 15 56 32 37 6 67 23 33 11 64 28 48 2 65
19 52 14 43 67 42 6 61 24 41 8 60 26 40 0 62 17 45 12 54 30 44 4 63 22 46 11 59 29 50 3 55 21 47 16 36 69 37 7 58 25 38 9 64 27 39 1 57 18 34 13 66 31 35 5 53 23 33 10 56 28 32 2 65 20 49 15 48 68 51
7 61 25 42 10 60 27 43 0 62 18 41 14 63 31 51 4 54 22 49 13 55 30 40 3 53 21 44 17 50 69 47 8 58 26 45 11 59 28 36 1 57 19 46 15 52 32 39 5 66 23 38 12 56 29 35 2 67 20 37 16 65 33 34 6 64 24 48 9 68
