42 12 29 14 9 19 1 33 25 32 28 51 13 15 18 30 17 45 34 6 48 10 8 49 36 26 22 46 47 41 7 40 24 3 43 11 20 39 31 5 44 50 2 38 37 27 23 35 0 16 4 21
41 44 24 46 23 45 13 29 26 5 7 28 2 31 42 22 43 8 38 27 36 0 30 35 39 49 32 20 11 1 40 9 3 51 14 33 34 6 12 47 48 16 4 18 37 10 19 15 25 50 17 21
43 29 27 51 48 23 12 26 31 41 4 42 0 7 21 18 47 39 40 24 1 28 13 20 45 8 17 37 16 30 6 19 9 5 46 50 32 38 11 35 14 49 44 3 34 15 2 33 25 22 36 10
12 46 39 3 16 33 44 14 4 35 10 23 34 32 28 15 5 29 1 24 38 8 40 9 18 22 27 30 13 45 49 19 31 36 41 0 50 26 17 43 11 51 2 6 20 42 47 21 25 48 7 37
27 50 39 51 4 11 44 29 16 23 20 42 37 25 35 46 40 22 48 30 8 47 49 26 41 5 15 24 12 32 10 36 6 43 21 1 33 0 34 28 9 31 19 13 45 14 18 38 17 7 3 2
29 33 42 44 37 4 30 31 25 6 7 35 10 46 36 49 39 19 51 38 26 14 17 0 12 40 8 43 11 9 41 18 20 13 2 1 32 48 28 22 23 5 45 34 27 50 16 47 21 15 24 3
38 9 21 12 44 4 45 32 49 41 36 27 51 33 22 11 8 28 46 30 14 31 29 34 37 20 16 18 25 26 15 7 48 19 6 47 13 0 2 3 40 5 10 1 43 39 23 50 35 17 42 24
45 31 40 21 49 51 3 39 23 19 24 42 20 2 48 32 25 8 37 13 15 9 16 50 44 35 38 6 0 7 34 4 12 22 28 14 41 17 18 10 46 5 33 43 47 1 27 26 29 30 11 36
3 8 22 48 40 42 44 46 16 41 26 13 43 17 39 28 2 18 29 19 36 33 27 47 35 21 7 0 31 50 1 4 12 23 10 6 20 30 37 45 32 49 51 25 34 14 11 15 9 38 24 5
39 28 46 3 20 42 34 40 44 35 48 11 32 27 25 33 10 50 29 51 36 43 49 12 47 13 9 5 18 14 19 31 22 30 6 2 8 7 37 38 4 21 26 23 17 41 16 0 45 24 15 1
30 26 47 40 4 3 25 11 8 51 38 31 27 43 7 17 41 45 23 22 35 32 49 44 9 1 19 13 6 50 42 33 46 20 10 15 5 18 14 48 34 21 16 37 12 29 39 36 0 24 28 2
35 16 33 14 3 12 43 6 4 37 22 45 1 30 42 41 23 51 34 2 44 48 26 5 24 50 18 21 28 19 15 10 7 38 9 36 0 46 25 47 32 11 39 13 49 8 27 40 31 29 20 17
46 14 15 4 21 20 34 50 44 31 24 28 47 7 18 5 29 16 41 45 27 22 9 43 13 11 10 48 12 8 26 32 23 33 25 17 36 2 49 42 39 30 40 38 0 35 1 3 19 51 37 6
3 24 34 50 4 14 9 17 30 12 39 28 27 45 47 36 23 49 16 19 15 29 10 37 26 1 0 18 40 33 21 7 35 31 5 6 42 25 48 41 44 51 32 22 38 46 20 2 43 8 13 11
46 20 33 28 43 29 1 47 45 16 41 31 13 10 48 34 9 32 23 14 3 36 8 22 15 30 4 51 2 25 38 17 7 5 44 50 42 37 40 49 6 0 11 21 27 35 39 12 24 26 18 19
36 10 30 42 29 6 43 19 49 32 22 38 13 3 9 4 40 7 31 18 47 24 33 11 23 26 35 44 48 50 41 12 5 39 51 46 21 34 15 20 28 14 45 27 8 37 16 0 2 25 17 1
38 7 46 43 47 42 16 45 31 8 1 0 29 33 37 6 20 36 39 50 35 13 23 26 15 18 34 48 4 41 3 24 2 19 5 17 51 10 14 27 9 22 12 21 49 11 25 32 28 30 44 40
9 43 31 23 17 8 46 1 30 21 36 44 11 38 4 48 2 50 39 14 26 22 12 32 40 41 27 33 42 19 5 16 20 18 15 7 49 47 34 45 28 37 29 6 51 25 13 0 24 35 10 3
25 45 22 0 19 8 1 13 17 29 24 50 30 40 47 2 42 46 38 49 15 37 33 48 39 12 18 31 32 21 3 14 27 34 4 26 23 43 11 6 28 16 36 10 20 7 41 35 51 9 5 44
4 15 41 0 36 44 3 33 22 24 42 34 5 6 28 43 35 30 16 9 20 38 32 26 47 39 25 29 17 46 1 7 11 50 19 49 21 45 40 37 14 51 23 10 8 27 2 13 18 31 12 48
6 29 14 19 32 1 48 3 4 40 31 11 23 5 10 34 41 47 12 20 33 28 2 8 7 13 9 16 26 46 0 39 36 50 18 49 37 21 15 51 42 38 45 30 35 43 25 22 17 44 27 24
42 34 7 50 23 15 35 40 25 22 10 1 47 27 11 46 6 49 39 43 20 24 14 13 48 36 29 5 45 26 21 31 3 8 18 28 16 37 12 2 30 0 19 32 9 17 33 51 38 44 4 41
19 32 29 22 51 20 45 18 11 41 12 24 36 40 42 21 2 37 34 33 9 16 4 10 27 38 44 25 8 50 48 3 5 1 26 13 39 6 14 28 23 7 43 0 46 17 49 15 47 30 31 35
50 39 16 26 15 22 1 37 29 19 31 20 12 18 42 10 24 7 44 33 34 48 51 46 4 32 30 36 2 14 5 38 9 23 47 43 35 21 41 6 49 45 17 8 11 27 13 28 0 40 25 3
36 4 34 8 25 31 11 44 20 40 21 35 42 12 6 13 33 19 47 32 3 16 29 49 39 17 14 10 30 0 7 1 24 50 43 38 9 51 28 5 48 41 15 18 45 22 2 23 46 26 27 37
37 44 19 27 4 50 45 49 13 22 23 41 21 16 33 35 30 14 11 1 46 24 15 3 29 26 18 38 47 39 12 6 20 5 28 8 10 40 51 31 25 36 32 43 34 0 9 48 42 2 17 7
43 10 1 35 13 22 31 16 12 2 6 18 50 19 45 7 46 37 3 32 29 0 42 21 34 33 47 39 17 27 51 5 36 49 14 41 20 25 4 30 38 28 24 48 9 44 15 23 26 40 11 8
22 45 48 0 36 4 44 18 5 47 41 14 10 20 28 34 19 16 26 12 25 13 39 30 42 1 29 33 3 40 38 21 37 35 6 24 23 7 50 27 31 11 8 15 43 51 17 9 46 2 49 32
20 45 40 16 24 28 46 27 22 32 12 10 36 15 5 51 25 48 19 4 26 49 29 9 37 30 41 7 0 42 21 14 34 23 3 38 2 18 11 33 8 50 1 47 43 13 39 17 35 6 31 44
48 6 3 14 0 35 25 15 34 42 13 31 21 32 28 46 49 39 47 1 30 29 9 44 37 36 2 51 50 33 5 19 43 12 7 26 24 20 23 41 38 4 40 8 27 45 17 10 11 18 22 16
28 38 29 22 5 51 25 37 1 41 50 34 26 17 36 33 4 14 49 23 8 7 44 9 2 21 31 45 42 6 39 20 3 47 12 32 48 30 16 46 18 11 24 19 0 13 40 10 15 27 43 35
42 48 5 39 7 17 24 20 50 40 32 15 22 31 10 41 30 25 21 12 0 44 26 46 4 51 47 6 3 11 27 9 19 2 49 14 43 37 35 13 36 38 33 34 8 18 45 23 29 1 16 28
11 10 16 7 12 5 36 49 15 19 1 30 48 32 44 2 45 6 50 33 42 3 0 27 23 34 40 4 38 18 20 26 29 25 8 31 9 39 28 21 24 35 46 43 17 47 51 14 41 22 37 13
16 36 0 35 27 17 39 3 26 15 11 4 51 18 21 19 46 24 44 14 38 48 50 8 49 31 6 22 47 25 5 43 30 1 42 12 13 40 7 9 10 23 33 2 34 32 45 29 37 20 28 41
29 38 27 11 8 14 15 9 0 46 50 6 13 37 19 28 3 23 45 7 32 40 31 49 21 12 33 20 47 16 18 39 41 42 17 44 51 25 34 48 22 2 5 24 36 30 4 43 1 10 35 26
25 20 36 18 16 6 22 39 47 32 9 21 0 14 29 12 8 35 49 17 10 28 5 42 50 40 1 15 11 26 51 33 19 13 41 43 3 38 48 45 37 23 34 2 30 44 27 24 4 46 31 7
35 41 8 6 27 46 14 24 19 15 40 11 49 28 44 31 12 42 5 10 47 29 17 23 25 22 9 30 0 7 32 43 26 45 13 4 21 18 34 51 16 50 37 39 3 20 36 48 1 2 38 33
34 50 25 19 28 4 13 21 5 0 22 36 15 23 41 14 26 38 47 39 10 6 48 9 51 46 1 35 44 20 7 37 27 30 8 2 45 49 24 12 3 33 32 18 31 29 17 11 16 42 43 40
39 20 30 21 33 28 51 45 27 9 38 37 13 0 47 49 23 17 10 22 11 40 29 24 14 35 3 50 43 18 41 34 7 32 4 25 8 2 36 15 46 26 6 1 44 16 12 19 5 48 31 42
19 16 40 18 15 4 45 27 28 37 6 44 29 14 31 43 2 23 30 1 17 46 0 47 41 12 7 51 20 42 9 8 34 3 11 21 49 26 24 35 50 13 38 33 25 32 5 39 36 48 22 10
39 8 21 51 1 14 36 24 9 33 2 34 0 16 35 7 30 28 5 43 27 18 45 49 44 22 41 46 12 6 13 38 29 4 23 40 19 48 31 26 47 37 15 25 20 11 17 3 10 32 42 50
20 30 33 45 1 25 39 2 19 6 40 26 4 35 51 32 49 48 28 34 50 10 13 36 38 41 46 0 16 18 24 29 47 43 27 7 8 44 9 11 14 21 22 42 31 15 17 37 12 3 5 23
25 48 12 28 14 50 0 1 6 31 18 2 45 29 43 38 7 30 24 32 13 47 5 22 15 39 34 19 23 10 36 44 4 9 40 20 51 35 21 3 46 49 41 11 16 8 42 37 26 17 33 27
33 31 11 6 47 9 2 32 50 45 35 4 39 1 28 27 3 24 29 16 21 18 37 51 49 0 17 30 42 23 48 43 19 25 10 7 46 41 13 8 15 36 26 44 38 5 14 12 34 22 40 20
22 46 32 34 33 42 17 3 27 5 23 37 44 48 38 47 7 2 20 43 14 0 19 41 35 30 11 31 45 21 13 4 16 39 18 9 1 26 51 24 50 25 12 36 15 28 6 49 8 29 10 40
50 5 8 7 16 37 6 33 31 42 26 29 11 45 24 9 18 38 12 19 4 34 28 40 49 44 1 25 27 30 21 32 17 10 3 46 51 36 14 2 47 41 43 13 48 20 15 35 39 23 0 22
11 32 23 47 22 1 27 42 3 0 15 21 19 10 5 18 35 39 33 28 6 50 4 49 51 7 2 20 13 46 29 38 30 16 41 36 25 14 45 31 44 40 34 8 17 12 43 26 37 24 48 9
19 44 22 51 36 42 35 49 50 25 1 18 0 14 15 43 8 2 26 16 30 34 33 32 29 9 12 31 6 17 21 37 41 24 5 23 40 45 48 3 38 39 7 28 11 46 10 27 4 13 20 47
25 48 19 44 47 0 32 43 8 18 12 29 26 3 11 14 38 4 40 22 10 39 30 20 51 1 42 33 50 45 41 2 27 49 15 9 5 13 35 23 24 21 28 31 37 17 7 16 34 36 6 46
11 39 17 37 24 4 46 38 13 9 18 23 41 40 50 42 14 10 30 51 35 43 19 29 28 44 25 27 45 33 31 0 5 3 32 22 15 36 6 7 34 12 20 8 49 1 47 16 21 48 2 26
41 3 23 13 32 29 14 28 27 47 36 42 43 25 7 46 35 1 0 49 16 4 33 37 6 9 12 20 30 44 5 45 2 39 40 34 51 15 31 11 24 48 21 50 26 8 10 38 18 22 17 19
25 0 47 35 39 31 46 34 14 2 30 42 23 20 18 43 32 13 28 24 26 38 12 5 10 21 49 9 8 3 41 17 50 16 22 45 33 40 19 29 7 15 37 48 44 51 36 11 4 1 27 6
31 14 26 6 37 19 47 8 39 13 15 35 29 7 9 12 16 27 46 20 17 49 50 40 0 5 48 1 33 4 21 28 38 32 45 42 41 24 2 23 51 11 36 3 43 18 10 22 30 44 34 25
30 37 46 25 26 15 36 45 14 19 33 31 16 1 35 0 13 49 44 27 28 41 18 4 12 29 48 3 47 2 42 17 10 21 8 51 9 38 6 5 50 32 22 39 7 23 34 20 40 11 24 43
20 19 36 40 34 39 14 4 42 7 10 21 38 50 15 26 43 47 6 22 2 37 49 17 5 11 33 48 45 24 8 32 18 27 1 41 51 23 16 35 3 13 29 30 44 46 9 31 12 25 28 0
27 15 8 30 14 12 7 11 38 45 19 49 25 22 35 23 5 40 17 21 3 50 0 46 4 34 47 32 33 10 31 29 39 41 13 43 6 26 28 36 18 2 16 24 51 48 37 42 44 1 9 20
29 24 11 14 26 3 20 36 45 35 15 34 50 8 31 51 43 48 9 41 19 30 6 27 18 10 17 12 1 39 46 22 0 44 42 5 13 23 49 33 37 16 2 21 28 7 4 40 38 32 25 47
26 15 9 46 47 48 17 6 39 35 28 42 1 25 30 34 0 2 43 31 51 36 41 50 37 45 32 8 10 18 38 24 40 44 11 23 4 5 29 33 22 49 21 12 16 13 20 7 14 3 27 19
34 48 19 27 13 7 9 25 49 26 20 31 39 6 42 21 12 11 16 30 44 14 29 41 17 45 33 5 50 23 15 10 2 47 28 36 8 24 1 40 22 32 43 3 18 46 51 38 4 35 0 37
27 0 43 18 16 37 9 45 29 4 8 32 42 38 51 41 17 46 7 11 5 49 2 28 14 23 3 25 30 15 26 48 6 21 39 1 33 34 22 50 13 47 19 12 20 24 10 44 35 36 40 31
1 30 7 46 32 23 2 41 16 29 5 45 35 9 34 24 20 3 19 47 48 11 27 10 38 6 15 21 22 36 25 4 8 17 31 0 26 42 37 14 12 50 49 51 33 40 44 18 39 13 43 28
7 35 45 29 43 5 47 51 46 22 9 0 37 31 11 18 41 25 49 20 42 16 40 23 27 33 2 36 34 26 8 14 19 10 24 28 17 39 50 3 13 1 48 6 12 30 4 32 38 21 15 44
46 22 41 12 2 37 42 40 15 23 20 28 30 38 47 36 35 19 43 1 7 49 17 44 26 4 29 25 9 6 27 10 21 16 50 24 48 11 3 5 0 33 14 13 34 31 39 32 51 18 45 8
1 18 29 49 12 23 26 32 14 5 19 39 47 48 25 37 31 11 7 34 45 33 41 42 13 40 50 35 44 24 3 22 8 27 9 43 28 38 51 2 21 30 20 15 4 16 10 6 46 36 0 17
9 50 31 8 29 42 24 38 51 39 19 18 27 45 46 47 17 7 44 13 14 32 40 16 3 1 2 25 28 37 6 11 34 48 21 20 22 5 15 30 0 26 33 49 4 12 41 23 10 36 35 43
37 8 42 31 9 43 2 0 38 3 51 6 5 22 1 15 30 41 7 25 29 50 39 23 26 36 12 35 33 19 11 14 13 20 21 24 47 49 34 44 32 16 40 17 28 27 18 46 45 4 48 10
30 3 8 27 11 49 24 23 50 15 4 42 7 28 48 46 29 31 1 41 21 17 32 25 12 36 20 19 16 40 43 39 44 13 9 6 0 14 33 10 45 37 51 38 22 34 5 47 2 18 26 35
51 0 18 50 6 14 37 49 25 22 3 30 33 10 47 16 40 41 38 7 48 46 28 1 43 36 19 5 26 34 20 42 2 29 15 4 17 44 35 9 11 8 32 12 24 13 21 45 27 23 39 31
11 18 50 39 28 46 43 24 8 13 0 34 23 29 32 17 10 33 21 2 41 35 6 49 26 5 4 45 7 1 40 12 22 15 20 36 9 51 25 31 19 3 30 14 47 44 48 42 16 27 37 38
23 4 51 21 0 11 15 35 22 17 25 32 8 40 19 37 38 31 47 6 44 41 5 20 9 3 1 24 2 48 45 50 16 27 14 30 33 46 43 12 13 49 36 34 29 18 7 10 39 28 42 26
27 17 2 39 38 21 42 9 7 37 35 47 18 45 5 14 10 15 41 50 31 20 30 43 4 0 28 34 3 48 19 44 25 16 33 22 24 29 49 13 36 51 6 11 26 23 40 32 12 46 8 1
4 6 36 45 26 35 23 1 3 29 31 44 7 28 38 51 5 46 10 9 25 41 33 39 22 30 12 14 8 16 18 42 27 21 32 34 48 11 19 37 15 50 17 2 24 40 20 49 13 43 0 47
6 1 47 18 37 28 46 14 24 10 45 15 29 22 40 33 30 38 27 35 31 2 50 4 41 5 26 25 7 43 0 44 42 32 23 51 9 34 21 49 36 19 39 20 16 48 3 13 12 8 11 17
34 5 50 33 29 26 49 19 15 14 44 0 46 12 35 27 48 28 24 39 11 18 6 1 17 3 13 37 22 47 38 32 16 25 4 36 8 30 20 9 31 21 45 2 41 42 51 10 43 7 23 40
8 17 49 25 3 29 35 1 46 43 37 11 9 21 12 6 36 27 30 39 24 10 50 4 13 20 14 7 51 31 45 42 22 40 28 32 2 33 15 44 0 48 26 18 34 41 5 47 38 23 16 19
26 13 35 23 30 24 1 43 2 19 28 10 46 16 49 5 12 51 11 34 33 17 39 38 50 37 40 25 14 9 27 45 3 21 29 4 42 32 47 8 48 22 0 44 41 7 15 18 6 31 36 20
9 41 34 20 29 37 47 16 36 19 21 31 45 38 18 46 25 15 49 2 0 1 32 33 17 22 10 6 7 3 35 23 43 44 4 11 48 50 13 51 42 14 27 28 30 39 5 24 12 26 8 40
19 16 15 29 20 47 44 0 50 6 45 35 11 51 17 41 25 1 8 22 46 23 31 24 26 28 36 7 34 27 10 48 37 5 32 2 49 14 4 9 21 30 18 43 3 38 33 13 42 39 12 40
26 7 31 36 45 39 18 4 14 50 42 5 28 44 25 33 19 41 0 22 32 11 6 35 51 30 1 15 20 13 29 23 10 2 43 21 37 3 27 40 17 47 12 38 9 48 49 34 46 16 24 8
38 39 48 41 15 17 14 0 28 25 40 49 11 9 33 27 23 34 21 7 42 44 51 12 29 8 43 6 20 2 1 32 24 37 3 45 4 46 13 35 31 19 16 18 50 5 10 22 30 47 36 26
20 8 44 49 17 1 9 39 33 32 14 15 40 38 35 41 25 48 51 19 31 2 5 43 46 37 29 3 42 11 45 16 23 12 7 13 47 27 10 34 50 24 0 6 21 18 28 36 26 30 22 4
33 30 49 23 45 11 28 27 10 50 38 51 25 43 12 21 34 46 22 35 24 16 39 5 6 36 0 41 14 18 4 31 40 48 20 9 32 47 26 44 1 17 29 7 19 2 15 3 37 13 42 8
8 11 0 21 29 28 23 6 10 51 43 20 47 1 12 26 32 9 34 14 18 7 2 49 40 45 22 41 36 31 48 38 50 39 42 15 46 25 13 37 16 5 3 24 17 30 19 27 35 33 4 44
19 33 17 36 50 47 45 48 42 27 11 21 10 8 34 40 43 23 22 9 20 0 6 38 49 2 41 12 51 35 25 29 44 32 14 46 5 1 7 4 24 13 28 37 16 30 31 18 26 15 39 3
8 25 7 27 49 37 23 15 40 48 50 20 32 34 51 35 45 16 41 29 28 33 12 1 38 17 18 0 4 22 36 19 21 30 6 24 26 46 42 11 47 14 3 10 2 43 39 9 5 13 44 31
10 34 3 5 21 25 35 27 29 45 50 12 13 37 42 17 14 6 1 0 15 8 39 22 24 28 23 26 30 33 46 43 47 38 16 20 19 7 4 31 40 36 18 48 49 41 44 2 9 51 11 32
25 48 2 20 14 1 38 28 5 19 7 46 26 41 6 15 8 24 50 27 33 40 34 18 9 21 51 36 49 43 42 22 11 12 35 45 37 31 13 39 4 30 17 47 0 29 16 10 32 23 44 3
24 46 16 39 0 45 15 32 23 11 47 48 7 42 44 26 10 38 5 34 49 8 36 2 33 21 25 22 31 4 19 14 37 13 50 40 1 18 27 35 29 12 6 41 9 43 51 28 3 30 20 17
12 7 18 24 23 6 10 8 21 39 2 26 5 49 29 30 20 3 51 16 1 19 25 44 13 28 4 47 31 11 38 32 42 36 41 45 34 9 27 35 33 14 46 22 50 0 48 40 17 37 43 15
15 37 10 38 24 51 12 34 49 29 7 11 44 46 14 6 18 35 4 17 36 27 9 39 8 32 48 28 47 20 16 3 2 1 22 33 25 23 41 30 5 19 21 26 13 42 40 43 0 31 50 45
17 50 7 18 23 38 0 26 46 47 5 9 15 30 39 36 41 25 8 22 11 24 49 40 34 28 45 20 6 27 32 10 51 33 1 42 37 19 13 4 3 31 12 43 29 14 16 21 48 35 2 44
28 42 29 3 21 32 18 51 30 8 37 10 20 25 40 44 15 47 31 6 26 4 36 13 2 19 27 23 17 33 12 16 46 24 48 34 49 0 14 45 5 7 50 43 9 11 35 39 41 1 38 22
51 48 15 10 36 34 14 21 47 44 43 8 45 2 33 50 9 6 27 11 12 42 17 1 31 49 24 7 3 39 40 35 30 0 29 19 13 20 16 5 46 37 26 23 28 22 38 18 41 32 4 25
51 49 24 18 17 13 4 8 50 40 33 38 11 14 28 12 26 27 20 42 46 44 9 1 36 7 0 3 43 22 47 16 5 21 2 10 29 48 23 41 37 35 19 30 39 15 45 6 25 32 31 34
19 18 42 15 38 20 8 5 32 43 44 21 26 25 34 1 4 14 22 33 50 31 6 29 46 11 24 37 7 23 27 49 3 39 12 30 10 51 36 35 41 47 0 45 9 17 16 48 13 28 2 40
46 12 43 23 25 6 27 22 45 34 5 28 51 41 35 49 26 13 33 4 38 21 48 1 50 2 37 42 17 31 11 15 0 7 14 39 9 29 3 30 8 16 32 36 40 18 20 24 44 10 19 47
7 41 21 22 30 49 51 24 31 2 10 4 48 5 11 0 8 43 29 19 3 36 40 16 39 12 47 45 6 42 44 9 28 15 17 20 37 50 26 13 33 18 32 1 23 14 27 25 46 34 35 38
35 25 11 34 44 17 43 38 7 23 39 42 48 49 10 31 28 14 47 50 41 13 5 4 15 1 21 20 40 36 30 0 6 18 24 45 16 19 3 46 51 33 8 9 32 26 37 22 2 27 29 12
23 33 10 5 51 44 45 24 36 28 43 46 27 9 2 3 18 25 19 22 13 1 21 4 0 29 40 20 35 32 38 48 26 49 11 37 50 41 8 12 17 15 16 7 47 39 30 42 14 31 34 6
41 36 43 22 35 38 3 25 12 13 6 17 40 1 21 11 18 26 19 44 39 27 50 32 49 24 0 28 4 7 10 14 9 29 37 8 34 45 2 48 47 30 20 15 16 46 5 51 31 33 42 23
