9 14 1 22 5 44 31 49 37 3 12 7 6 47 19 30 24 35 43 39 38 21 10 33 45 26 27 28 16 8 15 40 4 20 48 13 34 51 11 25 46 18 50 32 41 42 17 36 23 29 0 2
3 47 20 39 18 13 14 23 19 38 0 42 37 50 34 12 27 25 43 7 45 44 17 24 36 8 29 30 32 6 49 26 48 21 40 5 2 51 1 41 16 46 4 15 10 35 33 28 22 31 9 11
42 39 5 11 15 47 25 16 27 41 29 23 49 10 12 0 45 2 21 3 33 24 20 26 9 14 32 18 35 22 36 7 34 44 8 13 17 40 31 28 19 51 46 1 38 43 6 37 48 30 4 50
51 12 7 44 40 14 39 22 9 46 42 50 27 45 36 32 49 23 17 21 4 0 24 29 30 18 8 43 35 20 38 25 6 16 19 11 33 31 48 2 41 3 13 5 37 10 47 15 1 34 26 28
47 37 2 40 13 1 25 18 3 39 14 42 10 28 48 4 46 31 8 50 7 27 9 15 32 45 26 33 5 43 38 6 29 16 24 11 36 19 20 41 44 17 23 51 35 34 30 49 21 12 0 22
50 45 27 44 28 7 43 29 39 10 32 1 34 37 36 24 13 23 0 40 20 46 48 21 49 6 17 11 42 9 2 19 15 5 31 14 35 18 41 33 47 38 25 12 26 8 4 22 3 30 51 16
39 30 25 13 37 17 18 7 42 27 24 29 2 41 40 12 20 21 34 15 36 35 45 43 11 22 28 31 19 5 3 44 16 23 9 0 51 38 50 48 26 10 8 1 14 6 47 49 46 32 4 33
24 27 21 49 3 20 6 9 18 48 10 11 39 33 7 44 23 50 1 41 29 16 46 0 47 25 13 51 5 36 30 38 26 45 31 32 40 22 4 35 14 17 19 37 2 28 42 43 15 8 34 12
31 0 45 26 28 34 2 47 22 11 12 49 1 8 19 48 44 14 18 3 16 29 32 33 17 39 42 13 7 15 41 46 10 38 9 25 20 23 6 36 5 51 37 21 4 50 43 27 24 40 30 35
27 19 32 9 11 15 36 46 50 1 8 14 25 26 38 29 42 16 39 30 51 34 13 37 10 22 41 48 20 0 7 43 5 4 17 18 35 2 47 6 3 31 21 49 28 24 40 45 44 23 12 33
50 7 35 6 24 10 37 1 40 41 12 5 8 22 16 31 14 25 9 26 4 49 21 19 32 18 11 15 36 17 23 39 0 47 48 3 27 2 45 30 38 20 46 29 51 33 34 13 42 28 43 44
29 41 1 24 36 47 19 33 48 25 44 14 38 15 13 2 5 23 8 21 50 46 18 10 16 26 35 31 28 49 3 32 39 45 37 20 4 9 12 11 42 22 0 27 30 6 34 51 7 43 40 17
40 22 10 49 12 34 17 6 33 9 28 11 43 42 18 19 27 50 39 7 1 13 24 45 16 23 46 26 48 21 36 5 2 29 3 20 15 38 32 4 25 44 14 51 35 47 8 30 31 37 41 0
7 39 20 11 27 40 9 12 43 32 26 2 25 35 42 49 50 37 8 22 10 17 4 28 3 18 48 34 6 23 24 47 46 36 5 41 33 15 1 0 30 13 45 38 19 51 14 16 29 44 31 21
41 18 49 26 50 48 42 37 36 30 10 29 23 19 35 32 46 14 33 6 1 28 39 45 0 17 13 15 31 40 4 20 5 3 51 12 38 8 11 16 22 44 21 24 7 43 25 34 47 27 9 2
51 49 40 27 15 41 47 14 39 48 38 4 6 5 34 12 26 18 11 9 50 17 8 29 44 24 37 33 10 31 0 21 7 30 43 45 28 3 22 35 2 23 42 20 25 13 16 19 32 1 36 46
51 20 42 22 9 5 27 31 40 30 8 45 39 12 15 26 41 35 10 25 24 17 23 50 2 14 28 0 33 11 7 49 4 36 47 19 29 18 46 34 1 6 3 43 16 48 32 38 21 44 13 37
39 46 42 45 15 18 30 12 29 25 0 22 23 47 36 48 17 1 10 7 21 32 37 16 14 2 3 40 20 9 28 6 5 4 35 13 27 51 8 44 11 50 43 49 31 41 34 19 26 24 33 38
16 43 49 14 9 38 28 13 39 40 50 2 27 20 32 31 6 26 22 51 11 21 48 42 46 30 3 5 25 4 19 17 44 36 0 10 45 23 37 1 34 33 15 18 29 12 7 8 47 24 41 35
4 24 29 26 18 7 15 36 10 13 11 3 42 16 23 44 34 39 9 12 46 40 25 38 1 35 21 8 41 27 22 5 6 37 17 33 2 49 51 20 48 50 0 47 28 43 32 31 45 14 30 19
9 26 3 45 50 1 15 19 17 37 25 30 27 14 35 22 34 33 12 23 20 16 8 31 47 29 51 36 18 38 43 46 42 13 48 5 41 10 2 28 44 4 11 0 7 39 6 40 24 32 21 49
35 36 44 34 46 29 48 40 8 21 41 38 1 24 39 31 37 5 49 17 7 26 19 14 30 9 3 10 25 50 12 28 4 23 20 27 15 13 6 43 2 0 47 16 32 22 33 18 42 11 45 51
7 4 44 14 51 24 20 38 3 23 50 34 6 27 37 0 32 30 16 1 11 42 13 19 46 28 45 33 5 29 8 22 2 43 35 36 15 26 12 31 17 47 25 18 21 39 49 41 9 48 10 40
15 46 34 39 3 18 19 29 41 28 16 26 12 45 10 43 2 36 38 5 24 47 22 17 37 7 8 4 6 51 31 49 27 9 25 44 14 32 30 1 40 13 50 11 35 48 42 33 21 0 20 23
8 19 15 48 46 34 7 18 35 23 2 25 5 0 45 38 21 33 1 39 41 40 49 20 36 42 13 9 12 31 24 29 11 43 26 28 10 37 16 51 27 4 6 32 22 44 14 47 17 3 30 50
44 25 50 51 16 42 8 17 14 24 2 49 47 23 36 37 39 43 1 12 45 38 32 19 10 21 34 13 31 46 0 5 3 9 33 7 48 6 28 30 26 18 27 41 20 40 35 22 11 29 15 4
23 34 37 10 22 25 38 14 16 13 51 6 12 47 48 35 29 33 41 31 49 11 36 42 2 5 40 32 1 8 28 0 43 45 44 24 20 46 27 17 39 19 26 7 15 50 30 9 3 4 21 18
20 19 28 13 45 10 3 44 51 7 35 31 26 17 12 32 1 49 18 0 29 5 50 37 38 11 46 42 2 15 25 14 40 6 47 24 8 33 34 39 41 48 30 22 9 43 21 4 27 23 16 36
17 11 25 45 39 12 0 44 41 30 38 35 19 18 32 10 5 46 43 29 42 13 50 31 3 20 47 27 1 24 48 15 37 36 28 26 14 16 6 33 21 4 40 9 2 34 23 51 8 49 22 7
26 46 35 23 8 4 33 1 27 42 29 15 5 28 39 7 32 6 40 45 41 19 25 13 11 18 2 16 21 3 44 47 10 20 24 14 43 36 12 49 31 51 0 22 9 37 30 17 48 50 38 34
27 6 41 35 23 31 34 24 25 46 18 37 9 12 39 38 19 20 30 15 13 21 14 51 26 29 16 28 17 3 7 45 36 8 49 22 4 32 2 11 5 42 40 47 50 48 44 1 10 43 0 33
36 25 35 3 13 4 43 44 28 46 5 41 1 26 30 50 9 39 15 23 14 0 24 21 19 45 47 49 10 37 51 22 2 31 6 32 20 7 48 42 27 38 16 17 29 33 8 12 40 18 34 11
51 17 30 33 8 7 20 4 50 5 27 11 22 32 46 6 24 40 12 28 37 13 31 45 16 9 25 35 47 10 48 41 2 29 44 21 36 1 23 14 49 43 3 15 42 39 38 26 34 18 0 19
34 5 24 35 2 21 12 1 39 37 46 7 31 29 13 42 45 8 10 3 40 20 43 9 18 30 44 19 33 25 41 11 15 26 36 48 14 49 47 51 16 4 32 0 38 27 28 6 23 22 50 17
2 21 45 12 7 50 51 38 24 22 43 11 44 40 9 36 15 47 17 27 3 4 8 25 20 48 26 30 14 39 23 19 33 42 32 35 18 1 16 6 49 5 10 13 37 29 41 0 28 34 46 31
33 14 46 9 30 37 20 2 28 16 41 43 32 15 42 35 13 31 40 44 29 17 34 4 25 26 27 7 0 11 50 45 47 38 12 3 6 48 5 22 24 21 39 18 8 36 23 19 10 51 49 1
4 31 2 38 39 6 17 45 1 21 33 47 12 27 19 34 44 48 43 11 20 24 49 30 51 32 22 46 25 8 28 7 50 40 29 5 10 15 14 13 16 26 0 3 42 23 37 18 41 35 9 36
51 26 45 21 35 7 37 49 14 23 41 27 33 9 39 40 10 20 29 3 12 17 30 19 0 42 2 32 28 5 6 15 24 4 38 22 48 1 13 25 18 11 34 46 44 8 47 43 16 50 36 31
15 19 0 32 8 47 5 22 1 50 2 24 20 45 34 9 3 13 41 14 10 11 30 23 37 40 29 46 39 28 12 33 48 31 27 36 18 26 7 25 51 42 44 43 35 6 17 49 38 4 16 21
23 29 3 30 32 0 47 49 17 12 50 4 40 38 8 37 27 9 28 19 35 46 42 33 31 41 25 11 51 2 44 5 26 22 36 18 10 13 14 7 34 39 21 48 16 15 45 6 20 24 1 43
8 0 27 46 44 4 21 48 12 9 22 39 30 32 36 13 16 38 49 3 47 2 15 18 42 41 19 6 17 35 25 34 28 7 45 5 23 26 37 33 50 43 20 11 24 10 1 29 31 14 40 51
33 36 1 15 2 3 49 23 24 26 51 37 11 13 6 7 48 41 35 9 30 12 40 38 10 28 32 43 25 0 21 18 19 50 29 42 22 39 44 4 17 45 20 5 46 27 34 16 47 8 14 31
26 25 33 10 9 29 22 14 23 50 37 45 49 34 51 48 32 24 39 8 12 28 36 16 30 27 38 11 31 41 42 1 40 21 44 15 6 13 5 0 35 19 4 46 47 7 43 18 2 3 17 20
47 22 0 12 39 27 33 51 50 48 31 14 4 37 19 26 29 49 8 44 32 9 38 46 34 20 25 23 16 3 2 36 1 13 10 24 45 11 28 41 30 15 5 35 21 17 6 43 18 7 40 42
36 3 39 18 40 48 8 32 13 29 14 31 27 45 9 11 23 4 0 7 34 51 46 44 37 35 26 25 43 15 41 6 22 30 16 33 49 1 2 21 19 28 12 5 47 42 24 10 17 20 50 38
34 13 31 32 28 22 17 47 14 21 33 42 24 1 39 45 25 50 49 36 12 9 3 11 15 44 7 51 40 35 18 16 5 38 2 8 0 19 30 29 37 23 26 46 27 4 41 43 10 48 20 6
36 16 25 30 47 22 41 51 5 38 35 45 26 2 31 13 14 20 33 10 21 4 50 27 9 28 48 37 0 43 44 18 24 42 11 40 46 7 1 23 34 3 12 15 39 49 32 29 8 17 19 6
2 42 16 46 28 24 12 30 11 14 27 25 38 47 34 10 29 18 6 5 48 36 8 23 49 4 45 1 51 19 43 50 40 41 3 9 20 0 33 7 31 13 26 17 37 35 39 22 32 44 15 21
41 42 8 24 2 38 30 1 14 51 50 0 18 26 46 23 19 5 39 10 13 9 34 15 49 37 3 47 48 27 22 11 20 31 44 36 43 40 29 21 45 16 32 7 17 28 6 35 33 12 4 25
47 18 4 15 38 22 30 32 7 37 48 27 35 19 5 11 12 33 26 13 29 3 21 24 8 44 23 42 36 40 0 31 28 41 50 39 43 25 16 45 2 51 34 10 46 9 49 17 20 1 14 6
40 12 36 17 47 33 51 46 4 31 3 19 22 43 15 37 48 16 13 25 35 2 45 23 29 1 50 34 20 42 0 30 5 39 9 14 49 24 41 18 26 32 6 11 38 44 8 21 28 27 7 10
26 34 19 46 50 32 1 22 18 10 3 37 2 13 8 45 27 42 38 9 4 6 28 41 30 44 40 5 31 11 15 49 24 25 29 23 14 47 20 48 36 51 12 16 39 21 35 17 0 43 33 7
34 5 28 33 2 24 4 50 39 9 44 16 19 17 49 35 27 48 22 23 0 31 1 38 37 30 13 8 14 20 36 26 6 15 51 46 18 10 21 43 7 47 45 25 11 41 3 29 42 32 40 12
7 13 43 28 9 39 4 23 21 11 47 1 22 25 40 26 49 2 20 45 5 41 38 50 32 18 44 10 6 14 15 19 48 16 30 27 8 35 37 24 42 34 17 3 33 12 36 31 51 29 46 0
15 28 41 35 6 46 29 5 39 1 23 49 25 45 34 44 2 18 4 27 17 31 43 50 16 7 0 3 19 33 10 13 32 38 8 40 20 14 21 37 22 9 36 11 30 24 42 12 47 48 51 26
46 50 19 51 43 29 8 39 27 37 47 5 48 2 38 12 28 9 45 41 15 22 10 17 4 42 6 44 40 14 21 25 35 13 26 24 3 30 0 36 11 49 32 7 1 31 20 18 23 16 34 33
0 41 4 48 28 40 25 3 1 23 7 29 50 45 44 31 47 2 6 9 10 19 16 24 18 12 5 14 20 27 8 33 38 34 15 46 51 13 39 35 43 30 22 49 36 17 32 26 37 42 11 21
15 51 23 3 35 7 19 40 20 22 16 50 42 21 25 1 11 10 12 31 33 27 47 0 46 34 37 36 4 18 2 26 30 29 43 17 6 45 48 24 41 32 38 49 5 14 9 28 44 39 8 13
35 33 43 3 13 17 14 16 25 47 12 27 42 20 21 8 44 31 49 11 40 48 46 9 26 37 18 15 28 1 10 41 5 32 29 36 6 0 24 19 23 4 39 38 34 50 51 22 7 2 30 45
11 34 7 14 24 8 25 45 42 0 10 35 3 9 28 17 15 46 38 12 20 16 40 44 23 36 39 29 51 43 48 27 41 30 26 33 37 2 5 21 18 32 13 4 1 47 31 22 6 49 50 19
8 44 6 12 24 49 2 0 46 27 33 31 30 45 34 7 39 32 3 28 41 40 36 19 43 25 1 5 29 4 18 16 50 9 15 17 47 37 21 51 10 35 26 13 38 20 14 11 22 48 23 42
10 46 49 44 27 12 17 16 4 25 8 19 29 40 3 7 42 9 22 6 26 31 30 28 24 5 36 14 32 35 45 37 50 0 18 1 15 34 48 21 23 41 38 43 33 47 39 51 2 11 13 20
44 6 51 1 13 21 16 14 47 37 36 5 42 9 18 45 38 33 17 32 3 26 27 22 0 48 40 12 24 30 39 2 7 50 49 10 23 43 8 19 15 35 11 46 29 20 4 34 28 31 41 25
21 40 33 17 48 20 2 3 13 1 6 27 28 19 8 31 49 5 9 0 41 47 26 39 44 10 24 11 29 22 25 18 50 34 38 32 15 46 35 51 16 7 4 43 45 14 30 37 12 36 23 42
51 30 31 17 21 1 34 43 41 42 9 6 13 20 19 23 39 35 38 50 29 3 2 14 47 5 28 7 24 44 49 0 12 32 8 48 4 40 11 37 22 10 26 25 16 15 27 36 18 45 33 46
16 28 45 39 49 5 38 20 43 47 0 51 4 3 41 40 46 12 2 10 11 7 37 15 9 33 1 19 50 31 22 42 14 23 32 18 8 36 30 21 17 35 13 48 26 44 29 6 25 27 34 24
29 1 27 12 22 28 13 8 37 21 38 41 31 45 34 3 32 24 16 30 33 44 46 17 10 9 26 42 48 40 11 7 49 43 35 36 2 18 4 14 25 19 15 51 6 39 5 47 0 23 20 50
19 1 9 26 50 44 37 42 3 15 14 7 2 16 34 5 4 38 35 32 51 13 20 45 27 18 12 30 11 8 49 40 17 33 25 43 23 6 21 41 31 24 28 29 36 48 46 22 39 47 10 0
35 26 45 15 1 17 19 21 27 16 14 38 31 3 10 6 47 28 32 42 7 49 13 44 36 41 43 39 2 37 8 33 11 29 20 25 12 5 22 48 50 46 0 40 34 18 24 23 4 51 30 9
33 38 40 1 28 47 45 51 2 24 36 0 12 42 25 7 6 17 46 27 35 23 16 22 32 31 5 18 8 11 4 30 39 37 14 41 48 26 13 15 21 50 10 44 9 19 3 43 49 34 29 20
22 1 23 30 10 16 0 28 5 4 6 7 21 2 34 9 33 11 20 31 25 32 37 48 29 38 19 45 46 8 50 40 13 42 39 12 49 47 15 35 24 18 17 43 3 36 14 51 44 26 27 41
33 17 14 7 40 34 28 8 2 50 12 0 20 1 19 30 38 36 31 45 49 47 4 21 39 16 15 48 13 43 27 35 18 9 5 11 37 6 42 26 32 23 46 29 22 24 25 3 44 51 10 41
28 10 11 42 7 6 29 36 30 23 20 22 40 15 19 38 0 47 5 16 9 8 1 37 44 39 48 13 34 27 32 21 45 3 51 18 17 4 25 31 2 33 50 14 43 49 35 26 41 12 46 24
25 15 19 2 9 3 48 13 22 16 37 10 41 33 35 28 1 40 8 44 23 7 45 0 39 43 31 14 46 24 18 17 32 42 34 12 11 51 5 38 47 29 20 49 30 27 26 4 36 6 50 21
34 45 46 23 0 11 6 12 24 37 44 28 1 7 20 42 41 36 43 13 25 19 17 2 8 14 50 22 16 4 29 30 38 26 51 31 35 47 27 33 48 10 39 40 15 3 21 49 9 5 32 18
50 0 45 11 43 13 37 8 44 18 16 20 49 31 17 25 19 28 48 22 29 2 47 15 10 14 12 32 38 51 26 7 42 34 5 9 23 4 35 3 39 30 40 21 27 41 6 1 24 46 36 33
6 23 21 16 50 14 1 34 28 19 13 7 10 33 36 30 9 40 48 4 44 11 49 5 32 29 20 45 51 41 39 26 24 27 8 12 17 0 47 18 15 2 22 25 38 42 3 35 43 37 46 31
32 48 29 4 35 14 42 41 37 39 6 22 3 18 19 51 30 28 45 10 13 24 8 21 31 1 11 16 44 0 38 26 36 9 43 7 50 17 2 20 25 15 12 34 40 33 23 5 49 46 47 27
8 37 22 51 1 3 15 14 10 46 4 9 43 24 7 5 0 36 32 44 47 20 28 26 27 33 39 49 16 42 34 35 29 40 25 38 19 11 41 50 6 13 2 45 30 18 23 17 31 48 12 21
49 0 14 1 16 13 38 33 20 30 18 4 51 11 44 35 28 2 9 8 26 32 10 36 29 45 37 24 5 22 41 27 7 40 21 17 46 34 25 43 48 3 50 23 19 31 12 42 15 6 47 39
8 27 0 9 7 19 2 11 32 24 44 20 1 42 49 4 43 39 16 18 51 28 31 38 13 3 37 33 29 47 14 5 34 12 22 6 15 46 23 26 35 21 40 25 48 30 17 41 50 10 36 45
36 10 19 3 20 26 12 22 0 43 40 18 5 9 17 35 7 50 45 4 23 44 47 42 27 39 49 11 8 51 34 32 25 14 38 33 15 13 29 2 28 37 1 41 31 48 21 16 24 30 46 6
37 3 14 45 22 7 17 16 0 24 23 38 36 39 31 13 6 2 42 1 48 30 51 19 25 43 35 5 49 18 46 34 12 32 28 33 8 9 29 21 11 47 10 44 40 41 27 50 20 15 4 26
36 40 25 28 38 50 17 3 44 20 1 27 39 33 16 2 34 14 42 24 18 29 26 0 8 5 37 12 47 21 32 48 11 4 35 46 43 13 15 41 9 49 45 7 19 23 30 10 31 51 22 6
19 1 34 2 10 25 6 32 16 4 17 48 20 46 51 18 36 31 39 27 11 9 42 33 41 12 43 38 47 13 29 0 37 8 45 3 44 5 14 7 15 40 35 22 50 30 24 26 28 49 21 23
45 21 5 6 27 15 32 48 14 47 50 42 51 44 28 24 19 46 18 37 49 7 41 10 30 36 4 20 26 33 2 13 38 43 1 11 22 39 9 25 16 35 3 31 34 0 8 40 23 17 12 29
49 47 24 45 41 44 19 5 37 36 40 28 34 31 4 9 14 8 30 13 38 39 42 6 18 10 48 26 12 25 46 0 35 27 20 33 29 23 3 7 17 1 32 11 51 16 22 50 43 15 21 2
10 50 11 16 23 24 35 22 19 21 47 38 18 6 34 3 46 0 40 7 14 30 4 1 25 31 15 20 17 28 13 39 36 49 26 8 48 44 42 27 33 2 45 41 37 12 51 29 43 32 5 9
26 17 38 45 32 25 33 18 11 7 8 16 42 28 15 20 30 6 9 1 19 3 13 46 21 14 40 22 27 50 51 47 39 5 24 35 29 23 31 36 34 41 0 12 48 10 4 37 2 49 43 44
30 49 25 42 51 10 17 39 34 36 0 14 33 48 6 29 24 15 32 4 26 12 9 21 27 31 5 37 44 8 35 2 40 20 11 3 13 45 50 47 1 23 7 41 46 38 16 22 18 19 43 28
48 46 3 7 35 10 19 8 12 18 26 1 44 40 20 22 37 32 13 15 2 31 34 30 51 38 27 0 17 42 29 39 14 25 5 49 9 41 21 16 50 11 24 23 33 4 28 6 47 43 45 36
31 36 45 22 38 5 16 2 20 18 40 42 51 27 49 1 9 11 19 6 46 26 30 12 10 34 41 50 35 7 3 13 25 17 29 15 32 24 8 21 39 0 4 28 48 23 47 33 43 37 14 44
7 19 16 36 24 10 20 42 17 22 45 6 48 38 34 49 51 26 30 43 29 15 41 28 27 47 35 23 9 21 33 2 40 14 32 0 5 46 39 11 44 13 37 1 31 8 4 18 50 25 12 3
40 23 6 16 8 39 34 12 35 43 44 36 47 42 13 22 30 32 20 50 15 48 27 0 5 17 11 1 21 45 33 37 29 2 4 25 28 41 51 24 10 49 7 38 46 18 3 19 26 9 31 14
47 9 20 43 13 15 37 36 22 33 5 0 35 18 41 45 42 50 29 14 2 34 16 48 8 32 51 23 7 26 4 19 24 30 12 31 10 49 3 39 25 21 27 6 17 40 38 28 11 44 46 1
33 6 5 1 10 44 34 15 43 27 49 0 8 3 13 37 22 30 38 51 31 42 48 50 21 14 20 24 39 35 11 46 17 47 19 41 7 12 28 40 36 4 9 26 2 45 16 18 23 29 25 32
0 47 41 16 26 6 48 17 40 33 8 36 12 25 46 18 24 21 5 27 2 42 31 43 32 15 3 30 29 14 39 35 38 7 22 37 50 34 44 45 28 9 13 4 20 23 49 11 51 10 19 1
23 50 46 13 40 34 26 33 20 43 18 35 21 0 38 32 1 27 49 48 36 8 44 39 7 17 47 4 11 22 42 29 37 45 15 9 25 31 24 12 19 30 14 2 51 41 6 5 28 3 10 16
42 8 0 47 24 16 37 28 7 12 36 10 3 21 31 2 27 17 20 51 25 41 40 39 14 33 29 26 35 18 22 48 5 4 43 34 23 45 50 1 9 15 30 32 11 44 13 19 46 49 38 6
1 47 9 21 45 42 16 13 11 31 43 32 12 5 41 2 27 39 15 44 30 48 34 23 38 3 19 26 0 51 18 8 20 25 46 17 28 33 50 6 29 7 10 40 49 14 35 24 36 22 4 37
