70 40 44 89 39 50 76 34 28 8 37 97 13 51 69 71 29 26 20 6 19 58 81 32 25 82 87 46 61 93 9 27 73 31 62 56 100 65 55 3 24 53 35 5 91 49 22 42 54 18 94 30 57 48 92 72 83 64 85 60 99 90 80 11 77 86 96 52 74 0 59 17 4 21 67 66 63 47 38 14 75 7 1 43 10 15 12 79 45 41 16 23 33 88 98 78 2 84 36 95 68
55 95 16 75 15 39 51 83 100 31 7 87 45 43 94 82 28 80 66 17 44 50 76 74 32 47 37 12 96 84 4 86 24 88 13 27 97 89 19 56 53 81 26 9 68 67 61 91 65 22 71 57 85 6 0 11 42 33 77 48 79 34 29 3 52 23 36 59 41 40 64 38 49 5 98 21 8 30 73 54 69 35 2 62 78 99 14 72 25 90 58 46 70 18 63 60 92 20 93 10 1
72 41 5 77 53 43 51 17 82 20 68 92 25 39 34 6 69 85 76 47 99 98 78 42 95 18 4 29 59 31 46 23 14 22 86 64 57 62 84 81 58 80 10 45 60 63 16 55 1 27 50 38 49 97 33 61 96 35 66 7 89 65 93 87 13 75 71 9 67 90 30 48 32 19 24 73 88 54 2 74 26 70 15 3 11 83 79 37 40 21 36 28 91 100 8 56 94 44 52 0 12
16 94 84 76 72 45 58 99 77 98 62 29 50 57 67 79 65 100 12 70 19 48 49 32 81 83 3 39 38 66 28 0 6 56 26 37 73 31 42 27 43 22 87 71 55 92 41 1 8 20 96 74 97 91 89 54 30 10 59 23 78 95 9 52 68 80 82 60 90 33 40 85 75 36 61 18 88 4 21 17 47 5 63 24 64 51 15 93 34 35 13 2 11 44 53 46 7 86 69 25 14
7 17 49 79 51 60 74 96 81 0 13 23 41 6 78 45 37 72 33 61 36 95 75 92 89 82 26 83 31 53 90 11 47 91 99 97 48 59 15 85 4 18 62 54 20 94 52 80 12 87 14 10 30 69 68 19 35 98 44 66 70 29 39 67 22 25 2 86 46 24 88 8 84 58 65 71 1 100 16 57 50 63 38 76 34 77 55 32 28 64 42 40 27 5 43 9 73 93 3 21 56
86 10 90 89 27 28 78 65 64 88 44 71 1 75 8 45 66 85 22 87 21 95 37 50 57 14 94 20 6 40 31 73 56 30 23 7 16 12 15 96 17 49 91 69 18 99 35 55 3 29 11 24 70 92 81 84 36 43 80 97 100 93 79 39 25 68 76 33 67 2 53 42 32 72 62 47 77 61 60 98 59 63 82 74 51 52 54 83 48 26 46 41 58 0 5 9 34 19 4 38 13
90 72 27 88 16 95 24 45 48 22 85 69 23 9 34 76 84 71 57 42 87 35 94 5 61 36 50 20 17 10 33 25 86 8 52 80 31 70 67 7 54 97 21 92 68 63 91 59 46 29 62 64 100 78 32 28 96 77 38 66 4 83 18 11 15 3 12 55 74 49 58 89 51 56 99 79 19 82 81 53 93 0 41 75 40 30 73 60 37 13 39 65 98 44 1 47 26 43 2 14 6
34 5 44 52 67 68 19 23 35 59 25 48 47 4 61 29 8 57 26 99 72 42 33 75 28 38 80 55 14 56 36 13 81 16 40 82 22 20 7 0 70 53 83 32 88 69 93 77 87 3 66 27 91 79 43 84 24 64 49 18 46 63 86 45 76 78 96 17 1 9 54 100 50 58 30 51 37 94 65 95 71 39 10 92 31 6 89 98 60 41 11 90 21 15 2 73 12 74 85 97 62
25 97 43 8 96 61 75 3 65 64 42 59 48 60 55 47 69 31 33 1 67 44 83 5 26 6 19 85 27 58 89 36 98 28 68 77 74 66 63 18 30 82 2 41 54 38 88 90 52 15 29 56 39 100 53 40 50 4 92 10 9 21 12 11 13 51 79 32 57 22 46 14 84 23 35 62 17 99 34 71 87 49 94 86 20 95 24 80 0 70 81 7 72 93 76 73 45 37 16 78 91
46 96 36 8 99 89 100 34 78 76 83 92 74 69 57 10 86 91 84 58 50 22 66 24 37 21 40 61 82 77 48 55 30 64 15 28 18 62 70 56 52 73 43 4 81 16 23 53 29 39 1 47 65 25 19 35 13 42 7 59 88 44 41 80 49 20 51 60 54 14 67 97 95 71 79 26 90 33 94 31 87 32 75 45 68 17 38 6 85 0 72 3 5 2 27 9 93 11 12 63 98
25 84 39 2 79 53 93 32 11 81 99 42 40 67 20 98 7 74 77 52 83 43 97 38 57 80 92 26 76 8 4 17 68 23 58 70 36 48 71 88 33 46 66 51 61 47 73 82 56 64 41 89 1 3 12 86 16 0 60 75 13 10 65 62 100 34 6 78 35 87 55 29 63 9 95 72 49 54 19 69 22 90 5 21 15 18 44 14 37 31 28 59 91 94 27 96 45 50 85 24 30
68 47 86 55 10 69 7 31 25 16 72 4 34 12 45 87 84 15 32 80 57 95 5 1 85 77 59 99 21 18 74 96 90 29 89 100 36 2 92 93 3 48 41 81 52 61 27 56 6 28 66 33 22 11 65 82 71 9 14 20 60 58 54 39 43 50 38 44 88 49 46 75 73 40 63 83 0 42 24 97 98 8 26 19 37 78 30 70 23 94 51 35 79 76 13 17 64 91 53 67 62
54 64 46 19 97 24 68 21 22 71 3 40 65 70 48 100 56 87 75 85 20 44 77 73 82 38 18 92 94 84 90 45 78 0 6 74 8 25 29 52 60 42 5 69 9 58 99 53 98 15 76 7 81 26 61 12 30 59 4 86 62 27 10 67 88 32 72 63 79 28 47 80 35 89 1 49 33 14 96 57 23 55 93 39 43 91 36 34 11 37 41 51 66 13 95 16 31 50 17 83 2
74 47 68 45 7 16 36 75 90 78 54 6 73 64 49 23 100 60 10 92 79 57 43 51 33 28 19 62 29 26 66 53 41 77 98 88 97 13 94 89 18 69 0 31 34 9 50 4 91 5 70 44 15 71 38 72 25 46 52 83 55 27 84 40 30 85 81 86 59 58 80 67 21 61 93 14 3 32 22 17 12 39 65 95 42 48 20 35 37 8 82 2 1 11 87 56 99 76 96 63 24
75 53 89 0 78 65 33 40 76 17 82 29 15 92 39 85 87 86 27 41 12 58 51 96 10 70 31 1 64 55 38 23 54 49 81 35 14 69 26 43 34 11 94 63 84 97 98 74 44 93 88 66 18 72 28 83 79 90 25 45 52 48 42 47 60 4 71 6 32 50 91 5 67 9 2 24 30 99 46 59 95 13 77 100 19 21 73 3 62 16 37 57 80 20 68 7 8 22 56 36 61
6 12 79 52 19 29 86 69 47 73 49 96 60 38 10 66 74 30 92 67 28 0 22 54 1 93 33 26 94 23 64 31 48 32 75 97 9 89 87 50 78 71 81 91 11 21 8 65 82 58 2 98 4 61 80 68 16 27 35 25 3 17 90 5 100 36 63 88 62 42 14 39 77 72 99 34 45 13 53 51 95 40 20 57 18 41 85 15 76 59 24 83 46 56 43 7 55 84 70 37 44
70 99 81 17 0 95 16 72 45 89 63 3 30 21 28 60 64 52 69 74 49 76 22 35 11 13 12 93 33 39 77 9 62 44 100 80 88 97 47 31 67 46 20 29 37 71 50 53 10 2 23 85 38 48 90 26 36 51 18 82 79 27 58 86 65 43 57 6 84 94 7 41 1 8 68 91 78 55 73 87 34 66 15 96 98 24 83 25 42 32 56 14 92 75 4 19 61 5 40 59 54
0 15 4 79 48 12 11 73 44 55 3 24 86 14 37 28 13 34 38 39 26 67 17 41 88 35 58 81 25 47 8 84 83 69 99 80 85 49 46 61 19 63 42 2 95 59 33 54 87 23 71 65 74 16 30 97 53 36 50 70 98 9 31 51 91 96 21 92 75 62 43 32 1 66 93 100 56 10 78 57 64 5 60 90 6 20 52 76 40 18 89 45 29 7 72 68 82 22 27 77 94
95 83 67 82 7 90 43 0 27 65 54 57 79 85 71 22 99 35 68 46 52 3 21 49 81 96 29 50 94 6 66 47 63 53 86 93 30 59 16 84 13 44 55 77 10 48 23 37 39 14 8 61 80 100 12 5 15 62 97 78 26 42 9 74 19 98 25 40 64 2 31 70 88 69 1 11 24 75 92 4 32 17 33 38 58 87 91 51 60 89 76 36 28 41 73 20 45 34 18 56 72
94 36 95 38 25 8 73 69 37 44 19 78 49 71 60 47 5 51 42 77 70 22 16 81 55 98 91 18 86 13 14 26 50 90 39 74 24 15 89 79 52 9 82 56 64 12 93 54 65 83 27 53 29 62 32 0 92 34 68 57 85 88 43 33 41 67 84 6 35 97 100 75 96 63 61 45 2 17 66 7 21 11 46 4 1 99 28 72 20 40 30 48 59 31 80 58 23 3 10 76 87
7 24 97 45 50 13 21 54 25 46 20 95 48 36 33 87 82 83 11 22 1 49 90 19 86 59 37 64 79 0 60 12 28 70 51 78 29 69 92 2 53 31 18 98 93 58 40 41 10 57 39 91 6 26 27 67 23 89 81 72 99 17 47 63 43 55 76 84 85 73 71 35 68 8 38 88 15 61 75 62 16 42 34 9 80 30 66 32 77 94 44 3 4 52 65 74 56 96 14 100 5
0 70 64 37 95 62 48 58 72 10 23 75 2 36 9 45 79 100 83 85 76 74 28 89 12 66 90 73 97 43 92 34 13 42 32 54 67 50 16 93 56 77 63 11 33 81 25 53 4 35 61 88 38 41 39 46 55 20 80 51 44 68 78 84 94 86 26 3 7 59 71 30 24 22 18 15 14 29 99 6 1 47 69 27 98 52 87 91 19 31 40 60 5 21 82 57 8 17 49 65 96
6 27 84 53 68 3 44 17 36 65 70 43 73 37 56 10 41 63 29 40 64 55 38 24 19 62 91 95 78 7 99 35 57 52 58 8 15 45 61 25 66 90 51 34 86 89 14 30 20 9 77 47 18 39 88 74 92 81 32 87 1 67 72 82 33 93 11 54 31 97 5 46 4 98 13 42 50 94 49 16 59 75 22 79 60 100 85 76 23 83 69 21 2 80 0 26 12 48 71 96 28
29 96 63 91 99 1 39 74 31 93 20 64 83 24 67 73 13 42 69 7 48 81 26 38 33 10 61 57 50 19 59 100 79 36 90 49 9 41 76 66 77 22 35 30 51 47 3 86 44 11 75 87 62 55 18 65 68 5 72 16 94 45 25 28 52 40 89 37 34 56 0 95 4 80 32 78 15 85 70 17 27 14 12 71 88 2 21 46 23 53 60 43 6 8 92 82 54 97 58 98 84
18 65 80 51 62 35 5 26 79 12 46 100 0 20 95 89 17 48 33 61 87 22 83 78 52 59 39 73 90 14 15 13 34 64 75 23 40 70 43 41 68 82 77 53 4 93 94 30 32 3 60 72 86 50 31 96 74 7 85 97 81 29 38 9 76 63 69 10 58 6 54 1 16 8 47 36 91 67 28 57 49 44 84 11 27 2 37 88 56 98 24 21 66 42 55 25 19 99 71 92 45
37 72 70 76 79 84 26 34 11 95 82 94 52 3 35 58 1 100 43 51 12 38 25 2 53 88 28 29 42 19 39 47 23 13 56 86 22 73 67 41 40 16 27 0 20 66 21 98 36 90 24 91 83 62 71 87 92 64 6 54 81 10 8 45 32 80 96 14 15 85 60 17 59 97 31 50 99 77 63 18 68 48 61 57 65 9 44 46 4 75 49 5 30 78 69 74 89 7 33 93 55
30 83 26 68 57 44 11 90 77 63 27 45 15 22 65 41 74 94 24 18 35 67 23 37 71 32 31 40 82 21 0 97 69 12 5 56 75 81 49 17 89 92 99 1 4 53 87 64 2 20 33 6 59 85 39 47 93 84 100 70 46 54 38 50 10 73 51 62 98 13 8 34 43 78 76 79 3 19 28 52 48 55 88 7 95 61 58 42 14 86 80 91 16 96 72 29 25 66 36 60 9
98 84 93 36 62 3 2 0 68 49 97 64 20 79 40 88 23 89 29 90 51 11 70 72 26 77 31 61 12 80 1 66 14 100 8 92 78 83 15 19 10 52 45 56 22 33 54 73 57 82 60 39 94 95 38 55 6 87 37 99 67 16 63 21 7 32 35 27 42 85 43 74 71 30 25 9 4 48 59 76 44 86 24 17 47 53 81 13 50 34 58 28 5 91 41 69 18 96 46 75 65
19 5 31 73 21 24 7 74 63 91 86 28 68 57 51 85 13 65 2 33 23 36 29 11 62 59 75 60 90 76 6 79 66 70 15 16 46 64 25 98 88 83 44 54 72 34 49 97 39 3 96 77 48 58 53 18 82 22 8 32 95 61 45 69 80 10 67 4 38 84 1 94 100 93 87 40 71 56 20 17 41 9 55 43 30 47 92 0 52 35 12 78 50 14 27 81 42 26 89 37 99
44 51 66 33 31 61 71 98 0 93 47 53 80 90 43 87 26 29 5 74 75 24 9 36 46 20 57 83 18 12 14 76 68 17 10 30 70 2 40 78 3 73 35 56 64 49 84 22 85 62 13 96 97 92 1 63 79 67 23 4 28 89 69 54 100 37 72 94 55 11 65 81 99 41 86 32 39 88 21 48 52 45 6 77 91 58 95 42 82 8 50 60 19 15 25 27 38 59 7 34 16
59 78 51 14 29 69 12 23 72 18 21 42 82 63 10 1 89 96 85 93 31 34 57 30 70 20 40 91 27 80 48 39 52 35 65 92 53 77 5 90 33 15 99 87 83 71 98 6 3 73 66 16 32 60 38 17 28 25 37 8 97 50 56 58 95 55 94 74 100 26 19 68 36 13 24 7 84 67 62 46 76 9 75 47 22 49 79 61 64 41 4 2 86 81 44 0 11 88 54 43 45
89 93 46 13 15 25 86 29 3 42 97 0 94 69 75 67 84 11 43 32 71 51 77 44 96 28 47 87 78 45 37 73 60 48 90 100 83 33 10 56 85 26 66 49 31 4 99 8 80 5 63 76 58 54 55 68 23 98 12 18 36 53 19 50 27 9 74 34 7 95 52 41 57 62 24 40 39 64 6 20 79 30 72 2 61 17 92 91 21 70 81 14 65 59 88 16 35 22 1 38 82
3 80 0 45 16 96 53 86 75 68 28 77 44 94 97 22 47 29 88 65 18 69 46 63 58 73 41 1 67 61 54 30 26 25 66 84 2 70 33 49 35 4 99 79 91 93 15 72 50 78 81 37 90 74 42 43 17 12 14 98 19 57 87 21 76 27 100 10 40 5 36 71 92 32 6 24 82 51 8 52 60 48 39 62 89 55 56 23 20 38 64 59 34 83 9 11 85 7 95 31 13
35 59 56 17 69 92 19 40 93 70 72 20 9 58 31 84 54 48 52 47 78 95 98 60 99 26 96 16 85 82 37 0 42 51 77 27 74 39 91 23 28 10 41 43 97 1 2 67 68 8 64 53 61 62 57 65 25 33 34 24 86 21 81 63 76 46 89 75 14 45 71 32 88 83 100 4 29 49 5 7 36 87 80 13 55 73 50 3 6 44 11 79 18 12 15 38 94 66 22 30 90
61 11 5 21 6 64 66 65 47 59 73 34 18 13 71 12 85 81 92 42 98 68 15 44 46 32 49 67 53 72 25 24 56 3 93 40 87 86 94 36 48 17 79 51 8 35 99 55 89 83 7 14 30 82 74 88 58 27 9 0 80 97 2 19 16 4 95 75 1 10 37 76 45 78 29 69 38 22 20 60 26 23 39 54 52 33 50 31 96 63 90 70 41 57 62 77 28 91 84 43 100
20 45 24 64 67 52 33 86 58 56 3 54 77 30 60 4 66 57 11 100 50 91 9 96 81 63 92 22 65 10 1 83 21 36 18 37 93 34 16 73 29 0 68 2 13 61 51 7 99 71 31 14 62 12 8 97 87 94 42 44 85 48 19 55 53 70 17 88 38 98 72 59 41 84 82 47 89 27 90 74 79 76 46 95 75 43 15 28 40 39 23 5 26 78 25 69 35 6 32 80 49
41 19 20 53 67 90 38 28 94 17 24 83 3 65 48 32 29 36 40 50 1 68 0 87 42 70 77 54 2 51 4 60 86 22 62 76 97 25 99 56 79 95 46 8 66 58 75 33 43 16 9 47 71 98 11 31 100 21 12 57 23 80 64 10 74 88 89 69 35 92 63 52 45 37 26 91 61 82 6 73 27 39 15 96 14 78 34 7 30 93 81 55 44 13 72 5 85 49 18 84 59
79 32 91 99 64 34 39 54 60 88 90 1 35 17 33 21 71 62 9 78 14 94 36 42 73 58 63 82 84 40 72 86 27 11 20 0 24 44 16 61 52 12 22 38 13 25 10 68 43 65 15 29 75 6 89 96 31 92 77 76 50 4 95 28 37 23 97 53 81 66 48 8 67 18 30 85 47 3 74 80 87 46 45 98 51 19 7 59 83 26 2 56 5 49 69 93 70 55 57 100 41
43 36 69 82 7 53 21 41 77 98 49 44 71 92 63 33 10 54 51 5 38 17 40 3 11 26 60 97 99 93 15 58 66 61 57 32 23 89 68 59 34 45 30 100 84 14 90 46 9 27 72 78 8 62 85 37 42 88 47 2 52 70 48 25 39 86 64 31 95 35 80 0 13 75 87 19 4 50 91 65 74 1 56 24 12 20 67 6 94 16 76 18 96 79 29 73 83 55 28 22 81
60 91 9 97 77 31 76 8 36 65 34 18 64 26 88 87 80 16 27 30 93 75 0 39 61 43 45 10 37 20 50 52 21 24 95 74 84 51 59 40 53 4 69 12 19 70 78 1 11 79 3 23 71 47 96 14 54 56 35 32 89 46 83 57 62 82 15 48 66 63 98 25 94 38 22 41 67 28 100 92 44 58 73 7 13 17 85 29 68 33 81 90 5 6 99 86 2 42 55 72 49
0 64 85 44 12 90 4 48 87 100 5 33 32 38 68 59 70 80 95 29 66 22 35 88 15 86 73 50 60 43 74 1 25 55 58 61 11 53 72 94 2 83 89 7 52 31 19 82 67 77 51 34 96 97 26 28 21 56 79 81 49 65 9 57 23 13 47 45 3 14 42 71 92 62 37 69 30 84 40 24 41 75 8 91 18 36 78 98 17 54 39 27 63 10 6 46 76 93 16 99 20
31 24 75 50 46 11 96 72 97 22 95 51 66 79 85 87 2 91 41 94 71 3 25 10 43 68 42 98 61 16 34 58 23 40 35 90 89 69 57 54 38 30 62 93 33 80 82 44 14 64 5 100 99 77 76 88 60 70 49 29 9 39 32 65 26 12 73 36 6 86 92 67 74 18 17 83 48 56 20 19 4 15 47 0 45 28 59 37 55 52 27 53 21 13 1 8 84 81 78 63 7
12 37 81 70 68 48 27 59 87 8 24 58 17 40 22 89 41 86 85 75 28 97 25 91 13 42 90 29 6 57 79 0 93 23 5 2 1 51 47 60 71 19 18 49 96 45 52 83 56 72 33 69 11 64 88 95 20 66 50 16 65 35 84 15 54 67 3 74 77 53 62 10 92 30 21 39 80 4 82 14 7 99 36 55 32 100 73 63 43 44 38 9 94 46 61 78 76 26 98 31 34
26 87 24 79 68 39 96 60 78 32 5 61 70 75 31 59 91 64 29 27 62 57 90 55 89 95 92 63 67 45 76 1 69 16 22 37 13 49 6 86 2 99 73 42 56 38 74 15 11 66 10 82 19 83 14 36 33 58 65 20 3 94 85 4 52 34 54 8 81 53 50 30 17 41 9 97 21 72 0 46 44 98 100 12 48 71 40 35 84 18 23 47 93 28 51 7 43 77 88 80 25
87 34 37 18 36 53 26 90 1 74 84 9 91 79 25 59 40 66 55 52 73 86 15 68 47 48 19 56 6 64 67 5 20 100 45 78 98 49 72 95 80 3 30 4 96 28 99 17 8 14 82 31 69 88 89 21 42 2 65 33 38 16 81 83 13 43 12 44 77 60 92 54 10 23 32 39 27 22 57 7 61 70 97 93 35 24 29 76 75 11 85 46 63 41 71 58 0 50 51 94 62
97 18 65 27 53 35 43 78 47 29 42 84 99 51 66 9 50 87 64 6 95 0 21 11 31 13 60 86 74 94 49 70 26 54 92 46 93 67 63 28 82 61 34 89 23 55 56 24 20 58 77 59 15 19 68 85 5 2 41 45 71 38 30 36 57 48 69 8 17 81 25 80 33 62 7 14 83 100 16 76 44 3 12 10 1 79 37 39 96 32 90 52 72 88 4 75 91 98 22 73 40
74 99 25 19 62 15 54 56 89 16 0 8 43 55 94 48 11 14 100 70 97 84 82 85 68 39 10 96 91 35 28 24 9 22 20 81 83 88 76 73 17 92 61 18 45 23 63 87 98 32 67 47 2 42 86 1 65 66 72 52 6 30 69 75 13 78 49 40 41 71 44 29 60 57 59 27 5 26 53 46 7 31 77 93 80 4 37 12 50 51 38 64 3 95 36 79 33 58 90 34 21
20 46 75 61 48 19 65 87 16 59 40 4 58 2 86 82 63 17 24 89 38 18 23 53 41 78 64 92 72 79 39 60 76 45 14 71 57 55 66 32 97 50 44 70 3 36 91 67 25 51 21 30 35 33 83 68 90 74 95 29 100 99 85 6 80 77 28 9 34 27 56 10 84 88 11 22 12 47 7 98 49 5 0 96 52 69 31 54 94 42 15 43 81 1 93 8 26 62 13 73 37
96 19 30 47 56 71 86 37 10 25 67 13 0 4 39 46 1 43 35 11 49 87 89 14 74 42 27 95 98 97 7 70 6 76 65 57 9 41 51 50 26 23 18 75 85 20 22 61 68 53 16 60 82 8 45 62 77 63 100 40 38 2 59 90 29 93 31 15 24 94 21 28 44 3 83 5 64 36 34 72 52 73 54 48 84 80 81 55 32 33 66 99 91 17 88 69 12 58 78 79 92
37 66 26 84 34 11 41 73 60 89 31 68 19 78 5 16 61 32 82 87 51 20 50 70 90 62 24 14 59 57 77 21 81 88 75 18 23 97 93 63 95 15 53 83 28 45 85 13 99 6 92 91 4 27 48 36 56 58 9 69 65 46 72 40 25 10 35 49 30 22 8 94 44 80 71 74 55 100 79 52 33 98 54 1 42 17 3 96 47 64 86 39 0 7 67 29 43 2 12 38 76
46 55 75 7 94 0 86 16 31 85 63 24 53 14 23 37 28 36 27 9 29 4 11 1 47 56 43 87 82 41 81 5 95 91 88 10 44 34 98 40 92 70 62 57 90 80 69 30 83 65 89 96 76 3 32 79 58 78 74 8 100 72 18 49 39 13 2 77 51 66 17 52 12 20 25 60 61 97 35 64 33 67 99 26 71 48 6 15 45 50 93 22 21 42 68 19 54 73 59 38 84
98 48 90 21 69 99 39 72 95 92 63 33 17 76 70 82 10 6 32 56 26 73 62 46 61 37 81 60 96 65 44 27 67 58 3 75 31 45 51 15 94 91 23 68 50 57 16 42 66 25 20 4 41 77 8 12 86 9 87 85 93 64 80 13 74 71 59 54 88 38 84 0 89 29 79 83 7 5 19 22 14 43 35 97 47 78 34 2 52 18 55 11 36 53 49 1 30 24 28 100 40
15 47 79 68 2 55 78 19 88 71 18 56 64 58 39 45 32 36 0 26 1 13 54 74 73 10 89 53 8 90 38 60 66 98 17 48 9 34 4 95 80 57 7 81 41 5 3 37 43 85 49 67 76 44 94 14 91 42 6 27 22 25 77 65 97 12 99 69 72 75 63 51 11 86 62 96 83 87 23 84 28 52 92 30 21 29 59 40 16 20 82 46 31 35 24 50 93 61 100 33 70
40 84 23 36 88 92 87 44 70 43 49 82 16 34 12 60 95 1 47 61 65 75 38 90 52 66 55 37 29 54 48 57 41 5 71 13 28 100 2 8 77 76 86 3 45 50 26 42 68 11 96 63 98 69 27 33 85 72 30 21 64 14 9 0 19 25 80 62 79 94 10 91 51 99 39 78 24 93 18 15 46 56 31 20 73 4 97 59 74 67 58 7 32 83 89 17 6 53 81 35 22
69 95 41 80 91 64 49 75 50 16 57 23 5 25 31 60 82 36 52 84 18 66 27 44 6 40 33 63 85 94 7 8 39 48 88 73 51 15 56 72 78 30 59 89 55 97 47 24 90 87 9 22 20 54 3 19 58 42 70 11 62 76 53 14 68 28 61 86 37 100 99 2 10 93 83 77 45 38 74 21 96 92 81 17 32 43 34 98 67 4 26 35 65 29 71 79 0 46 13 1 12
47 24 91 10 60 25 61 72 43 38 57 59 58 26 39 99 73 98 53 63 66 87 77 93 70 46 82 4 67 45 36 7 55 5 51 37 32 31 14 27 12 0 80 44 30 22 28 48 65 97 42 78 13 40 35 56 69 76 49 74 94 54 84 64 11 85 2 16 50 6 88 52 29 81 15 23 20 9 34 68 86 90 17 1 89 41 100 95 18 71 92 3 33 21 96 83 19 8 75 79 62
27 65 72 66 95 89 57 28 52 29 17 100 14 76 10 84 80 30 33 98 68 87 32 39 63 37 48 41 3 2 35 82 54 45 67 18 5 59 47 40 96 91 97 49 15 69 83 23 51 79 55 1 78 8 20 13 93 24 26 36 38 73 90 42 34 7 31 46 16 62 21 4 64 74 70 22 88 44 43 9 81 92 85 86 58 19 25 94 6 60 11 12 75 50 61 56 53 77 0 71 99
32 9 88 10 59 39 40 14 0 29 91 2 54 87 92 36 62 77 80 7 52 66 73 41 23 100 56 89 70 98 49 55 28 22 34 68 81 25 37 78 46 79 18 75 17 97 35 15 95 90 86 38 11 99 96 12 30 72 5 50 74 53 67 24 57 47 69 26 76 45 51 4 43 19 64 85 60 82 83 42 21 20 48 65 93 63 3 27 44 6 8 13 84 31 1 33 71 16 58 94 61
10 82 2 3 77 98 67 76 53 12 57 71 26 70 68 66 80 64 34 75 9 39 81 87 8 52 63 40 48 96 84 22 37 100 56 43 17 18 55 88 1 23 47 74 94 49 29 46 58 50 90 93 62 28 14 69 21 5 30 59 7 4 6 36 45 27 51 85 92 31 73 0 83 41 38 24 13 25 97 79 42 16 11 44 35 89 54 33 65 72 86 78 60 32 61 20 19 15 95 99 91
78 39 79 34 84 35 96 71 69 27 29 66 44 93 19 83 61 37 46 38 80 63 20 36 25 49 97 4 74 76 16 15 28 18 67 92 60 75 70 73 57 95 59 91 90 13 21 33 64 68 82 56 6 54 7 42 9 100 50 31 58 3 62 43 55 5 52 77 1 11 98 10 89 17 47 14 87 99 51 45 72 2 32 81 26 40 48 30 41 65 8 86 0 12 24 23 94 53 88 22 85
63 7 40 14 77 6 81 85 35 37 38 5 51 25 17 57 78 36 58 62 18 88 32 44 95 73 8 43 45 65 72 16 96 13 67 23 11 20 93 56 84 61 22 68 71 19 74 86 21 90 48 75 10 24 64 99 30 47 60 2 31 55 92 98 50 4 80 33 82 53 76 9 12 3 69 34 89 41 83 94 27 49 91 28 79 97 100 0 87 70 52 66 39 54 59 42 15 1 26 29 46
45 14 53 86 59 24 61 71 69 8 84 38 3 90 35 78 57 29 68 51 20 0 52 13 33 95 42 73 96 32 74 31 91 16 34 7 79 47 64 54 26 19 43 87 30 76 49 63 89 55 17 75 39 41 70 23 21 1 4 93 82 6 28 56 22 81 40 85 36 50 60 72 65 11 9 27 99 5 15 100 12 88 98 77 25 48 92 94 83 10 80 18 46 97 58 2 66 37 67 62 44
52 90 94 95 82 77 4 97 41 16 24 2 81 51 32 49 45 50 69 22 58 0 17 66 23 9 8 36 86 93 72 96 48 68 33 75 27 56 42 7 40 5 60 88 25 78 70 80 74 18 99 76 91 79 19 55 37 61 59 62 85 1 15 73 12 71 31 29 30 14 57 39 21 26 6 35 34 83 47 84 44 10 20 54 100 65 63 53 89 98 64 13 38 3 87 46 67 11 92 43 28
31 93 84 2 0 10 28 45 11 78 39 85 30 46 4 66 34 19 25 51 61 82 63 89 15 40 48 94 62 26 17 42 22 95 9 27 21 1 76 8 23 41 91 43 50 33 35 60 71 87 67 54 88 53 37 5 29 83 24 38 36 16 81 74 12 65 100 69 86 18 44 64 98 70 99 80 92 56 47 52 14 68 79 13 6 97 55 77 7 57 96 90 59 72 32 75 49 58 73 3 20
62 10 0 87 35 30 81 44 1 26 37 96 72 45 19 13 42 38 12 84 76 91 47 100 40 11 16 74 79 89 54 29 83 78 86 51 73 23 66 36 88 70 6 31 7 69 27 9 95 5 34 8 52 71 48 3 50 58 39 4 82 75 14 33 20 97 22 93 15 46 80 90 21 94 43 67 55 17 41 64 77 53 59 25 99 49 60 24 98 92 32 28 85 18 63 2 65 56 68 57 61
41 30 51 21 12 52 98 93 11 71 99 40 46 32 18 82 57 37 80 13 43 68 15 55 70 22 97 67 45 14 69 79 95 83 38 91 53 2 85 77 49 50 16 89 62 24 23 31 87 60 94 59 54 56 72 81 36 33 6 19 3 17 78 35 8 58 20 44 28 90 66 29 9 96 7 100 61 5 86 0 64 4 39 26 76 47 73 48 84 88 1 27 63 65 25 34 74 10 42 75 92
36 34 85 70 18 84 72 87 77 80 76 33 35 54 81 100 20 52 47 23 62 94 74 89 43 90 13 0 19 99 79 37 25 7 17 8 3 64 66 28 11 21 55 86 24 29 63 53 30 6 46 82 44 59 71 83 97 42 16 22 65 56 60 91 58 48 26 38 98 50 40 14 12 32 45 93 27 2 92 73 69 9 68 1 57 10 95 31 51 4 88 61 41 75 67 15 5 96 49 78 39
57 25 46 92 45 16 35 34 29 72 65 23 59 50 84 69 26 2 8 44 97 1 14 52 80 40 3 79 78 76 75 20 77 55 60 90 95 66 6 30 48 4 82 47 94 41 22 85 31 88 49 42 7 87 10 37 70 27 33 83 96 86 32 73 56 74 71 24 64 43 12 54 13 36 53 21 62 5 17 61 9 11 67 81 89 51 99 39 68 0 19 15 93 91 63 98 38 18 58 28 100
63 30 31 23 52 29 74 87 10 73 53 48 20 17 26 69 76 37 68 96 47 36 18 80 54 33 25 6 0 42 50 19 64 85 16 3 56 24 62 4 66 51 39 15 82 93 70 28 59 14 91 9 7 35 84 34 60 12 94 46 21 88 71 43 11 38 79 100 13 78 75 65 57 27 61 99 98 72 55 49 2 77 81 45 58 83 89 32 41 95 40 86 8 90 92 1 97 44 67 5 22
52 33 12 92 47 29 90 35 72 42 93 26 34 59 87 0 95 39 71 13 98 74 16 17 41 24 44 61 49 81 60 46 4 7 9 78 48 54 57 63 36 23 96 70 79 66 19 65 68 94 15 83 40 84 25 11 1 14 6 32 100 86 67 85 2 3 45 51 20 28 38 55 88 37 89 18 76 10 21 30 62 73 82 22 56 58 75 97 64 91 27 43 8 53 31 77 50 69 5 99 80
25 46 70 97 96 92 82 13 87 38 95 43 85 29 53 21 49 100 83 91 76 77 31 80 24 18 60 23 1 52 6 9 33 39 90 8 19 72 94 89 47 7 88 20 5 86 27 37 16 61 93 11 55 58 3 35 22 67 42 64 69 32 71 4 54 98 15 78 0 41 59 57 75 48 14 26 73 2 28 44 40 62 51 12 81 17 36 65 79 30 50 34 74 68 56 66 84 45 63 99 10
54 60 85 51 15 29 42 96 76 59 58 48 80 10 93 49 33 39 3 38 22 55 81 47 16 99 94 5 23 63 72 69 78 67 89 12 87 74 43 37 31 8 11 61 14 45 1 4 62 88 32 24 91 86 18 83 97 9 27 82 28 65 68 13 46 50 17 66 34 90 53 92 84 2 44 36 41 7 0 20 26 30 25 100 73 52 57 95 77 71 64 21 35 79 40 75 6 98 19 56 70
14 3 13 47 21 92 76 48 7 53 61 18 34 24 2 5 35 96 36 79 49 42 75 37 10 16 81 40 71 98 30 87 69 60 66 38 28 44 82 41 39 73 72 56 77 62 70 85 80 90 8 51 95 23 94 55 100 68 91 58 97 84 67 33 59 29 43 22 26 50 63 64 93 11 19 52 83 74 89 25 17 12 78 45 31 4 46 32 57 9 20 27 86 88 6 99 65 54 1 0 15
19 61 87 89 13 30 3 49 71 36 98 60 25 94 33 50 52 96 92 83 77 99 68 6 21 26 63 59 51 37 42 43 86 4 73 10 47 62 44 67 15 88 8 84 35 57 0 40 45 17 56 46 34 14 93 69 41 32 81 2 28 7 95 24 58 29 74 82 90 27 53 97 22 80 9 48 5 65 85 54 39 100 23 16 20 70 79 76 38 75 72 1 64 12 91 18 55 31 66 78 11
15 27 23 22 85 3 5 57 65 95 34 49 89 21 40 56 30 76 94 53 31 38 80 99 28 24 69 51 25 97 71 59 12 43 52 42 87 4 29 33 18 16 32 73 19 67 11 100 93 9 14 48 41 98 74 84 17 47 86 75 6 90 62 63 20 50 70 60 72 44 7 2 77 61 39 64 1 37 13 88 35 96 79 91 26 92 46 78 10 55 68 54 8 66 0 81 36 82 83 58 45
53 83 26 5 25 63 1 64 47 17 27 66 34 35 41 38 77 32 57 73 13 78 24 72 69 86 96 93 36 3 81 7 31 79 33 67 55 50 51 15 76 29 54 90 62 87 9 89 75 4 37 59 91 14 98 30 45 99 11 6 18 92 82 60 65 88 61 40 52 39 16 94 10 70 48 58 80 12 28 0 22 56 97 20 8 46 19 84 95 23 71 2 49 100 74 68 44 21 85 43 42
57 67 58 59 30 73 93 70 94 6 87 98 51 1 65 39 76 10 44 40 25 80 66 77 68 49 17 79 61 3 2 19 46 99 55 34 11 27 43 53 36 13 86 78 26 64 85 92 69 63 16 62 32 45 7 100 48 56 60 14 21 12 50 9 23 84 96 15 88 90 22 24 42 74 83 41 82 35 81 31 91 52 75 89 97 54 18 5 47 4 95 20 8 29 38 28 0 71 72 33 37
76 82 70 31 1 69 91 6 50 48 21 73 64 58 59 83 23 100 79 38 19 8 43 54 72 28 95 63 39 18 84 30 86 27 3 32 60 13 0 35 25 22 98 47 85 42 45 66 16 55 37 29 96 9 57 71 4 36 10 34 81 62 44 94 33 77 99 80 41 78 24 90 56 53 17 49 51 75 12 52 87 5 74 14 26 11 67 40 46 20 65 93 92 15 89 61 2 68 7 97 88
27 85 46 75 51 61 90 16 13 4 84 25 30 87 43 33 17 29 82 2 26 65 23 36 52 79 48 21 77 71 0 76 70 39 45 55 66 11 96 14 6 97 88 100 34 92 42 81 53 60 49 64 3 20 80 91 35 40 31 57 19 59 28 95 7 22 98 12 54 69 67 68 74 94 58 38 63 93 5 32 73 78 47 83 50 8 86 56 62 24 99 9 89 15 18 10 72 1 41 37 44
5 76 17 83 55 92 87 15 1 96 59 99 100 78 35 42 89 74 31 19 21 8 28 60 93 53 2 27 54 38 22 37 49 32 9 75 33 84 97 86 79 14 65 67 11 12 64 73 90 45 72 47 82 50 20 91 24 29 43 81 36 30 69 26 0 48 34 40 68 98 71 57 10 46 63 51 4 62 85 18 66 6 39 95 52 80 94 3 41 56 61 77 58 70 13 7 23 25 88 16 44
30 25 77 33 74 21 46 41 86 31 24 79 63 43 45 56 11 76 60 85 57 4 99 48 32 96 52 94 22 75 95 64 34 6 78 87 26 42 15 90 54 29 72 91 19 5 88 82 17 38 93 59 50 61 9 49 12 44 2 3 83 53 51 65 67 97 80 47 68 28 1 58 84 39 37 0 23 98 13 62 14 18 69 70 66 92 71 40 16 8 10 100 27 73 36 7 89 20 55 35 81
74 96 16 83 13 56 76 27 57 70 61 47 29 45 78 85 20 4 18 44 69 89 60 71 12 81 48 5 75 3 7 93 38 58 15 91 28 19 31 49 35 36 34 63 23 87 1 52 0 10 54 100 67 79 98 84 50 82 8 17 73 95 39 22 64 99 24 59 68 86 21 65 66 26 2 51 90 11 77 33 25 46 55 97 94 72 92 9 43 62 6 88 40 80 41 30 37 53 42 14 32
72 69 62 24 67 48 1 75 65 86 49 76 85 77 13 98 68 64 61 83 46 5 29 70 53 57 19 99 92 96 21 78 7 12 17 84 73 10 35 63 97 27 55 32 30 14 44 91 89 36 15 33 59 90 25 39 54 18 4 88 82 6 41 43 22 37 45 31 66 95 20 58 51 2 74 11 28 8 23 100 60 38 81 71 47 34 40 79 80 9 94 42 16 3 26 93 87 56 52 50 0
43 99 15 5 56 45 42 4 79 92 75 93 27 70 32 52 72 94 10 0 74 9 36 50 89 62 48 100 83 44 67 46 30 85 23 2 39 95 38 37 49 41 60 55 33 77 18 82 80 98 86 96 20 73 88 7 97 76 31 24 21 87 28 12 26 84 16 40 68 47 71 53 35 8 90 57 51 1 14 22 65 58 64 34 63 11 66 54 59 17 29 91 78 3 81 19 13 61 6 25 69
49 82 87 7 24 4 16 40 97 26 21 86 67 71 25 18 81 46 77 6 70 88 9 43 100 91 69 56 92 14 58 15 55 39 8 51 96 75 48 80 41 32 38 3 30 42 1 76 35 44 78 85 33 23 54 73 27 52 66 94 31 36 57 60 63 50 64 12 10 84 93 99 17 0 98 72 68 74 47 11 20 79 89 34 95 19 90 45 53 59 37 29 22 28 61 65 83 5 13 2 62
0 63 20 23 78 32 43 57 83 95 99 3 6 2 49 48 26 10 94 15 38 39 19 28 65 92 85 72 64 98 73 11 100 89 87 67 27 21 96 74 75 71 13 53 4 17 80 5 36 12 18 35 62 97 70 9 51 90 46 61 93 16 1 47 34 54 59 76 22 66 40 33 69 77 55 56 24 41 7 60 79 25 31 14 52 45 37 29 58 8 30 81 84 44 68 82 42 88 50 86 91
98 79 85 78 7 67 82 57 83 65 66 84 23 41 13 91 51 52 63 19 80 14 96 0 69 53 1 94 77 16 86 11 88 54 2 12 34 59 22 62 40 24 6 95 50 68 81 73 26 47 42 25 18 17 5 74 76 90 32 45 15 70 43 27 3 75 58 93 49 8 30 9 100 21 61 44 37 29 33 10 31 39 71 92 87 35 89 97 38 56 72 28 55 99 48 4 64 60 46 36 20
39 41 95 48 15 63 29 99 50 1 14 74 72 25 73 12 58 42 19 87 100 68 2 23 18 78 83 60 85 4 6 56 44 51 91 31 79 26 94 33 52 93 71 13 27 0 80 36 49 90 7 88 55 66 21 37 20 82 98 54 53 70 5 47 22 11 59 61 28 67 24 96 3 40 10 81 34 30 43 57 62 76 86 97 46 77 17 8 92 32 45 64 84 75 16 38 65 35 89 69 9
0 66 56 76 90 62 7 40 9 41 23 72 67 86 60 39 73 85 4 34 63 98 15 11 37 17 92 32 28 29 1 58 12 65 69 96 3 91 45 33 38 53 68 14 50 87 71 64 10 95 55 81 26 49 16 79 82 27 22 42 24 31 21 51 13 57 54 8 46 20 89 84 18 2 99 35 88 74 52 43 44 48 59 97 75 77 6 70 94 5 47 78 25 93 19 36 80 30 83 100 61
21 0 56 43 52 51 86 54 92 32 3 4 34 65 60 39 87 2 6 1 22 44 95 50 7 64 68 47 74 37 53 71 57 16 5 55 83 42 18 90 70 66 17 23 80 93 9 62 91 76 41 11 48 97 73 67 69 100 88 78 27 61 72 59 30 25 26 15 46 99 12 98 81 77 8 84 75 24 45 82 63 38 89 79 96 58 33 29 28 10 36 13 94 40 20 19 31 14 35 49 85
53 37 8 92 26 29 21 61 20 46 35 88 74 45 91 97 48 72 2 28 77 13 43 82 87 86 57 69 22 11 31 38 18 1 80 89 0 98 47 42 27 75 73 90 94 19 55 39 76 15 100 67 7 95 44 79 17 59 14 6 24 9 49 78 16 5 12 70 4 96 10 60 30 85 32 62 23 25 3 58 52 34 93 64 71 83 33 36 51 66 40 99 81 68 63 84 54 65 41 56 50
69 21 81 13 63 7 68 50 1 91 8 36 76 37 32 38 48 56 51 22 2 0 26 82 64 59 42 67 66 46 45 84 85 49 44 89 14 99 33 100 57 6 5 87 72 77 83 39 86 90 20 78 4 60 62 24 16 58 65 3 54 25 92 40 11 73 70 98 29 74 95 28 79 19 31 55 97 96 35 18 15 9 43 80 52 93 41 17 10 47 88 12 71 75 61 34 53 27 23 94 30
49 51 2 97 8 80 41 23 70 31 66 98 38 65 89 26 24 40 39 95 25 29 19 59 85 15 88 82 48 53 20 46 92 30 33 32 62 67 96 34 83 63 35 11 73 72 22 50 36 79 77 5 71 37 12 10 90 4 52 1 87 78 99 6 81 93 14 9 55 64 13 7 16 69 100 86 27 17 84 47 60 28 61 75 57 44 74 45 56 54 0 18 94 68 91 58 42 43 76 3 21
10 42 48 6 26 38 46 85 25 67 95 11 7 13 33 64 70 56 89 72 51 15 82 78 23 36 74 97 91 16 29 61 65 62 57 52 8 37 53 34 18 59 0 84 79 49 30 66 40 20 77 98 41 83 88 43 5 39 50 19 45 93 32 69 71 99 54 22 24 35 80 86 63 2 31 14 3 12 21 44 73 81 68 58 55 60 75 1 9 28 27 17 90 92 100 47 96 76 87 94 4
58 27 62 0 56 11 29 55 4 12 52 76 81 25 2 14 19 49 94 15 23 31 43 74 3 64 69 30 82 68 8 86 70 66 59 6 71 93 28 9 32 33 48 72 67 83 79 95 46 85 98 90 38 51 61 26 21 80 54 42 41 36 87 24 78 91 5 35 44 47 1 97 99 63 88 89 73 39 40 65 100 37 96 50 60 45 18 53 17 16 77 84 20 92 22 34 10 75 13 7 57
87 54 6 32 46 39 61 2 56 95 100 9 26 17 27 57 88 93 35 22 72 48 29 98 28 33 79 81 96 55 65 70 30 16 91 63 24 40 37 76 45 50 94 10 7 23 38 49 42 82 59 97 21 69 71 41 3 89 84 73 5 80 77 74 8 51 75 0 13 43 4 85 47 86 14 15 20 52 18 90 44 66 12 92 25 1 11 19 99 36 64 53 60 83 78 67 58 34 31 62 68
3 17 19 21 61 47 65 62 27 42 93 22 13 64 72 70 8 59 2 26 81 83 0 15 28 31 36 51 35 53 79 32 18 82 75 52 37 7 40 54 96 10 5 66 30 49 85 43 56 63 4 60 76 89 50 57 67 68 39 100 16 46 71 78 69 6 38 41 44 80 25 94 1 87 48 86 33 92 45 11 24 74 90 14 55 34 84 91 97 73 77 9 58 29 98 88 95 99 23 20 12
4 45 98 61 50 56 24 16 42 13 83 35 25 92 3 89 76 68 79 70 6 69 81 37 44 9 100 85 55 59 32 84 22 53 15 5 66 10 46 74 97 18 27 62 31 86 17 23 34 8 78 21 26 11 40 88 51 14 95 65 57 43 96 80 29 73 48 12 63 0 82 7 72 58 41 54 47 20 99 38 36 1 90 77 49 28 33 2 39 52 94 71 93 67 87 60 75 64 30 91 19
59 43 50 65 61 57 18 47 88 24 79 81 73 99 86 89 1 36 62 7 22 76 70 52 32 82 72 69 44 98 8 35 25 37 16 77 96 27 75 66 29 67 46 48 5 45 42 58 95 3 15 31 83 53 17 34 78 71 28 23 12 4 54 2 49 91 6 41 80 68 60 92 20 9 93 94 40 63 19 14 64 56 85 11 0 97 21 38 90 13 39 84 100 51 74 33 55 26 10 87 30
41 13 11 5 65 35 42 43 31 50 54 38 62 91 47 70 4 61 28 83 0 77 59 8 84 44 40 17 93 7 66 6 75 46 24 48 56 55 34 74 86 53 36 16 87 25 2 79 64 95 30 9 20 1 52 15 80 89 58 76 96 10 23 45 92 19 32 3 82 98 33 22 51 97 57 73 27 81 29 63 69 100 88 78 37 26 90 14 94 21 39 72 67 71 60 85 49 99 12 68 18
