57 84 11 36 4 50 5 86 91 35 63 10 62 40 74 33 72 75 79 100 28 56 43 58 29 20 93 15 24 45 87 0 81 96 61 17 48 77 95 73 59 8 19 13 64 30 46 26 68 82 2 9 89 37 83 60 70 1 67 31 12 78 27 76 71 3 39 16 7 97 94 80 88 55 98 22 53 34 47 65 52 69 41 51 49 44 25 23 32 21 14 42 99 18 66 38 92 54 85 90 6
32 1 83 11 12 58 33 77 37 44 18 54 89 8 73 15 61 65 78 56 35 4 17 19 23 64 43 92 95 84 62 68 88 90 100 81 63 28 74 25 67 7 82 75 45 85 72 14 20 21 76 31 86 60 30 13 16 6 80 29 26 5 2 53 57 38 87 93 55 10 99 24 42 50 96 34 48 36 3 71 46 97 40 27 69 79 98 59 49 66 22 41 51 39 52 91 94 70 0 9 47
91 40 12 18 24 68 92 9 83 87 96 0 25 11 70 57 66 13 8 71 38 60 10 86 79 98 95 51 2 58 23 94 89 100 20 48 5 39 34 3 73 55 19 41 52 80 93 64 26 21 27 17 29 56 77 69 50 49 28 81 85 67 35 62 90 15 99 74 43 59 14 33 88 46 6 53 32 82 22 61 47 44 63 7 75 4 72 78 65 16 84 36 76 30 31 37 42 1 97 45 54
4 70 82 49 98 56 41 58 61 72 11 50 76 36 54 73 43 34 15 81 80 24 65 31 23 1 95 59 93 57 83 40 28 86 71 89 44 16 97 100 64 22 96 78 0 84 17 68 85 21 87 77 13 94 53 69 47 92 10 19 91 2 7 60 79 66 52 6 12 88 42 51 9 35 48 90 20 46 45 67 99 29 5 27 26 33 75 62 55 8 74 3 18 30 25 39 32 63 37 14 38
49 42 9 100 83 55 7 78 46 98 93 1 19 63 52 73 15 40 57 33 12 43 99 60 37 0 95 58 80 65 6 38 25 2 17 89 27 22 70 86 44 85 30 51 87 53 79 31 24 47 50 96 94 11 67 66 84 8 92 39 13 97 20 88 10 72 41 62 48 64 75 3 35 23 68 16 59 77 76 54 81 69 5 4 34 56 74 36 45 28 61 26 29 71 90 91 21 32 18 82 14
14 5 37 81 46 79 53 74 7 23 64 95 3 67 48 84 24 44 56 47 93 59 11 94 31 58 92 22 87 61 8 28 20 42 40 68 2 45 30 91 29 1 15 10 96 100 12 34 65 82 73 49 41 85 17 43 13 6 72 33 78 55 69 90 99 50 27 75 66 57 4 60 98 25 0 21 26 71 88 18 52 54 51 89 83 39 9 35 16 19 70 86 63 76 97 38 32 80 36 77 62
19 26 62 1 45 55 9 48 89 75 93 90 22 44 60 82 59 74 24 17 67 73 46 79 2 72 53 98 16 76 20 54 88 32 94 30 3 23 100 43 91 7 70 58 11 33 15 61 52 12 13 71 64 77 36 6 50 66 31 18 42 0 14 41 4 80 63 5 87 38 81 56 47 57 85 84 92 37 8 65 25 51 78 40 39 97 86 69 34 49 68 29 35 27 28 99 83 96 10 21 95
26 38 68 25 41 78 74 82 55 60 58 1 34 100 69 57 11 20 33 8 64 77 31 86 17 4 48 56 73 49 91 71 22 6 35 80 45 79 76 83 18 24 84 43 89 42 53 10 90 87 75 19 9 95 40 52 88 28 54 72 81 7 66 50 37 59 39 15 36 51 65 2 16 14 70 5 93 30 47 85 98 92 96 27 21 3 63 67 61 29 94 97 23 44 12 46 0 13 99 62 32
47 95 21 42 71 27 17 9 96 16 19 44 78 8 36 76 13 58 35 5 39 48 7 69 28 79 97 86 15 99 29 74 43 92 55 50 100 84 85 14 53 57 75 77 31 82 65 91 25 59 45 87 56 41 68 81 34 37 24 10 26 83 46 32 73 67 62 22 80 70 18 90 6 54 89 2 20 60 12 94 51 66 4 23 64 3 98 1 93 40 30 11 0 52 63 49 61 88 72 33 38
36 2 76 84 25 44 39 77 0 81 42 32 68 34 94 78 22 99 23 17 72 96 80 67 8 16 26 59 71 46 56 1 41 63 79 97 82 20 49 9 45 57 28 58 13 40 64 61 93 89 29 83 55 92 15 88 33 85 5 60 47 10 70 35 14 66 74 52 3 75 4 73 37 12 27 54 87 90 98 53 48 21 43 24 95 30 6 51 91 69 86 62 65 100 11 18 38 50 19 7 31
87 43 54 48 80 30 59 25 13 19 99 64 44 91 83 81 1 27 88 15 77 50 84 23 45 16 26 40 71 94 4 75 57 41 58 46 61 7 31 55 51 33 98 34 69 49 42 14 18 12 65 47 52 2 93 10 73 29 20 32 92 97 96 22 21 62 28 60 72 17 89 35 0 86 67 3 74 38 66 36 90 8 100 11 24 76 6 9 39 70 85 79 37 5 56 63 53 78 95 82 68
77 57 13 42 80 48 76 99 38 79 21 71 52 68 91 61 98 93 19 23 51 44 47 26 53 45 4 6 32 59 29 5 3 27 28 35 66 8 94 81 58 74 18 40 46 25 85 95 41 97 56 89 9 92 86 63 31 33 64 0 43 11 30 36 67 34 60 49 72 12 1 75 39 90 83 65 78 37 55 88 20 17 16 50 87 10 62 7 70 100 73 24 14 84 22 82 96 15 2 54 69
75 79 92 63 32 1 74 29 64 19 34 99 69 78 91 89 10 83 71 37 43 57 27 45 72 31 52 81 47 2 95 25 3 62 97 94 20 46 70 39 8 68 44 13 53 7 21 100 35 24 9 55 26 51 22 49 12 33 66 56 73 90 11 4 82 30 96 77 50 16 76 42 61 60 38 93 54 59 0 5 80 17 84 48 98 88 6 86 23 40 15 36 41 28 58 18 65 67 14 85 87
30 15 87 10 84 0 33 47 39 72 29 55 35 31 38 93 95 89 36 96 74 60 61 71 86 41 16 51 32 14 45 46 92 20 27 2 76 26 66 97 28 85 64 82 42 4 25 52 9 8 75 23 88 34 73 54 77 5 37 100 80 49 19 44 68 83 13 81 62 70 50 17 43 24 18 21 1 12 3 98 7 58 6 79 94 69 48 90 57 56 67 78 53 59 22 65 91 11 40 63 99
10 70 31 88 94 0 37 80 97 60 23 77 41 3 30 28 20 43 12 16 26 42 13 54 59 61 11 15 50 25 84 48 33 57 53 64 91 83 8 32 4 92 21 95 45 99 6 86 65 74 93 62 24 81 85 46 18 27 49 52 55 36 72 44 79 22 75 58 34 98 1 76 19 47 14 68 51 71 56 100 40 17 89 73 7 82 5 96 66 38 39 87 67 90 2 69 29 63 35 78 9
35 36 87 55 43 11 48 49 0 65 92 27 64 8 37 20 17 3 84 68 61 21 50 83 94 32 1 86 23 99 16 70 66 75 59 97 45 33 95 34 51 30 42 46 62 44 56 19 7 15 54 85 25 81 63 24 80 31 91 79 89 60 57 47 22 58 14 26 2 41 69 18 39 71 28 53 12 93 40 5 72 67 10 90 77 74 4 6 29 96 9 100 13 38 98 82 78 88 76 52 73
21 47 79 3 91 72 33 82 52 1 13 97 86 9 32 62 84 5 48 63 43 73 88 29 74 99 4 12 49 11 55 14 23 87 27 50 69 71 36 64 7 10 81 59 16 96 30 85 18 58 78 45 0 42 57 20 51 76 67 26 39 40 35 6 37 41 31 56 77 8 19 24 22 15 98 80 54 60 38 44 70 93 92 25 65 61 95 2 90 94 89 83 34 17 53 68 66 100 46 28 75
46 51 47 64 3 29 91 75 71 88 93 77 96 38 56 65 57 25 55 72 30 98 78 1 94 97 82 18 11 39 31 43 24 13 54 79 53 16 12 61 35 27 7 87 69 67 40 45 60 9 37 6 14 44 21 26 4 73 59 19 85 70 68 95 10 86 66 62 99 49 0 22 76 89 36 17 80 15 92 28 100 2 83 50 5 52 23 32 74 20 8 63 41 33 48 58 81 84 34 90 42
13 44 55 72 85 48 38 10 86 68 21 47 2 17 65 82 78 91 16 22 11 12 52 40 32 87 71 49 24 98 35 66 43 83 69 14 76 88 46 36 0 73 99 84 62 60 56 97 96 23 64 29 75 95 51 3 4 30 80 92 6 54 70 20 9 77 19 27 63 7 100 74 93 34 1 79 37 53 89 5 42 45 90 31 59 28 39 18 15 58 67 94 57 50 33 61 26 81 25 8 41
48 10 68 74 69 30 89 51 66 33 41 29 81 26 83 4 40 100 25 50 11 46 27 1 55 78 86 42 47 22 39 52 0 20 73 49 34 38 53 13 6 28 3 17 32 5 36 63 98 37 87 31 84 58 21 92 35 16 14 79 15 70 93 67 90 54 95 56 96 76 19 12 88 97 18 45 59 60 91 72 43 9 75 80 99 64 57 65 7 62 61 94 44 2 82 24 77 8 23 85 71
88 25 72 30 33 8 3 23 29 32 84 57 22 73 99 20 52 82 39 14 21 59 12 49 61 100 47 9 79 95 64 83 37 0 4 40 53 50 48 62 51 38 31 63 18 26 85 6 91 17 1 77 46 66 54 89 42 27 68 94 67 43 5 69 7 70 2 41 60 71 97 81 98 65 90 93 35 13 44 55 11 36 78 92 80 45 15 10 56 58 96 86 87 19 76 75 24 16 74 28 34
68 47 38 30 92 5 83 74 79 59 96 10 81 32 85 62 98 7 76 51 58 6 39 14 77 88 19 60 61 65 86 11 33 20 50 23 18 87 93 34 75 24 4 3 48 80 9 27 17 25 55 63 15 99 90 49 26 40 43 94 73 69 46 97 53 89 67 56 95 64 0 16 29 31 37 54 71 36 22 45 72 2 91 35 8 42 52 21 12 44 66 82 1 70 57 100 84 41 78 28 13
69 80 95 86 17 67 77 0 58 49 83 70 26 43 94 2 10 52 22 54 75 50 46 39 34 62 19 1 57 14 72 27 64 35 68 29 91 82 100 71 63 60 40 76 23 51 90 9 53 45 42 93 61 21 5 81 6 56 37 96 4 65 12 92 87 38 97 28 3 41 24 78 30 98 25 99 36 59 79 85 7 55 88 47 20 31 16 89 11 73 84 15 44 48 8 13 66 18 32 33 74
85 23 36 26 73 2 11 79 17 50 20 84 56 34 25 92 7 9 76 83 18 59 8 81 70 94 75 52 48 95 87 82 15 24 22 3 10 33 12 99 98 49 80 53 14 60 100 88 51 42 21 4 90 27 78 46 44 37 91 5 71 74 29 13 0 31 30 69 66 62 57 67 16 63 38 97 32 58 54 61 64 45 89 93 6 41 77 47 39 55 35 1 19 65 43 86 40 68 72 28 96
49 38 40 45 95 58 71 63 35 68 65 32 75 42 99 48 20 41 83 56 87 4 82 74 64 79 34 67 52 98 69 17 15 21 72 88 19 50 9 18 57 94 47 26 60 36 3 44 86 11 84 37 55 46 27 24 13 53 92 93 85 6 5 30 29 23 62 70 80 76 81 89 14 1 59 8 77 28 31 61 54 22 78 100 90 39 43 51 12 33 96 25 91 97 0 16 66 10 2 7 73
62 41 26 39 47 54 85 67 28 90 70 84 20 56 12 2 98 40 57 64 96 0 23 75 22 100 52 24 91 50 95 37 94 89 61 53 11 21 65 10 63 33 79 92 38 97 35 32 86 13 34 4 69 48 45 5 36 1 87 82 88 46 59 49 51 80 83 18 93 71 44 73 77 31 29 27 42 17 25 58 76 81 30 8 99 78 19 43 66 72 15 74 68 14 3 6 55 7 16 9 60
18 73 33 50 11 74 81 43 15 16 35 23 7 90 71 57 56 42 32 98 20 70 24 72 82 59 99 67 46 49 96 2 45 19 25 86 94 83 1 31 88 65 55 38 91 79 9 36 34 60 92 29 22 84 37 10 39 6 80 95 28 4 64 78 48 52 77 17 27 51 100 62 89 54 85 75 76 53 61 5 63 93 47 30 69 40 44 8 87 21 3 58 0 66 97 12 14 68 13 41 26
54 96 11 5 84 71 32 69 59 51 82 85 7 2 73 45 35 33 9 56 17 41 100 86 61 48 25 27 83 24 79 29 13 76 70 68 64 20 89 23 42 16 53 34 80 18 58 3 0 49 92 39 74 8 22 65 15 36 81 50 12 10 66 52 60 62 14 43 72 30 37 98 99 40 19 67 63 44 6 94 75 88 1 87 95 21 57 31 46 55 91 28 78 90 47 97 77 93 26 38 4
24 32 26 50 93 9 56 78 31 59 96 36 45 70 75 7 67 11 61 87 6 0 52 25 17 8 79 97 37 94 18 15 69 43 48 28 23 57 1 64 63 66 72 20 54 10 92 47 85 58 4 33 99 80 86 51 39 12 42 34 41 98 76 91 83 35 65 49 30 73 88 29 46 38 77 82 44 68 95 13 3 14 19 90 74 71 2 22 27 53 84 40 21 55 62 16 89 5 81 60 100
19 14 48 80 5 56 99 15 40 73 68 69 70 7 100 78 41 46 75 27 25 21 76 52 54 39 45 97 24 20 43 92 89 0 59 94 84 16 42 55 37 26 32 58 57 63 23 49 35 28 83 60 71 44 13 87 2 1 90 86 38 4 50 17 31 82 77 96 22 91 29 34 61 88 85 9 3 36 47 53 10 66 18 72 6 8 12 79 98 33 67 62 74 30 81 51 95 93 65 64 11
42 65 88 47 60 36 33 3 53 26 80 39 25 78 24 92 40 87 21 13 37 56 90 46 72 34 23 73 91 22 9 76 94 35 67 51 14 27 18 85 38 68 44 75 89 41 50 19 11 17 98 99 64 20 77 7 49 45 30 79 62 83 58 82 71 2 32 0 74 31 86 95 81 70 63 69 10 6 55 16 97 48 93 5 29 54 100 8 57 59 43 84 15 12 1 4 66 52 28 96 61
13 15 77 98 43 4 63 75 5 2 53 66 92 8 73 79 11 30 12 44 37 29 50 91 100 88 68 99 89 58 94 47 55 64 42 38 32 65 20 21 93 34 95 90 7 10 60 97 31 23 36 40 84 24 35 17 71 27 51 33 45 87 57 72 19 80 18 81 48 39 59 16 25 49 56 62 54 26 74 6 69 70 61 78 0 83 96 86 14 28 9 46 22 76 3 41 1 82 67 52 85
0 10 31 86 9 44 18 27 23 71 64 15 1 37 94 87 47 93 83 100 52 76 98 43 68 84 40 19 14 91 65 75 32 69 12 38 13 5 85 73 81 82 26 7 21 78 4 39 56 60 96 22 2 57 20 90 17 66 89 33 54 99 24 97 36 70 92 55 29 34 59 41 49 42 35 11 61 62 63 88 50 74 28 53 51 46 79 30 72 80 45 95 6 3 16 58 67 25 77 48 8
19 86 17 8 85 90 10 71 12 33 24 9 2 51 46 68 31 77 67 37 70 5 73 93 26 7 50 82 63 22 72 62 84 81 74 96 76 52 3 32 57 59 23 66 95 41 28 15 35 60 6 45 89 91 97 47 18 64 80 99 38 88 1 42 25 43 21 14 53 69 61 29 56 36 13 100 54 0 58 87 39 48 20 16 44 83 27 30 49 34 40 92 78 11 75 65 94 79 55 98 4
23 88 43 85 97 9 37 42 61 39 0 36 74 80 20 51 30 71 96 55 28 68 77 70 83 2 31 73 22 53 38 5 78 17 1 47 87 16 79 52 60 25 100 98 99 33 75 90 15 57 72 3 86 66 93 14 24 69 19 32 11 21 45 44 40 26 18 82 50 35 34 8 46 95 81 67 62 6 91 89 48 94 64 56 13 27 84 7 41 92 65 49 12 10 4 63 58 29 59 76 54
24 2 84 91 65 27 68 12 44 86 72 50 63 60 52 85 22 17 13 15 46 6 4 57 99 35 42 33 61 59 76 87 53 7 20 51 19 78 96 81 97 41 45 98 0 82 94 93 47 100 30 23 79 14 32 89 73 88 26 83 62 29 54 11 18 43 28 92 40 71 21 67 39 36 3 10 69 5 8 95 64 49 55 66 74 58 1 38 48 25 75 77 56 90 80 70 16 37 9 31 34
91 18 40 26 72 61 23 2 45 96 11 99 44 14 30 38 79 97 55 37 56 4 46 27 31 15 32 41 52 39 42 43 34 63 6 5 49 74 28 86 22 48 51 73 3 92 20 83 70 64 71 62 69 24 89 90 76 98 78 95 94 59 53 54 9 16 65 88 47 12 29 82 100 75 0 93 68 10 25 8 36 81 58 19 66 60 77 35 13 50 1 57 84 87 80 21 85 67 33 17 7
5 19 41 59 86 27 62 73 87 44 91 39 83 61 81 77 65 50 63 2 53 74 88 30 69 57 11 9 26 37 84 46 97 8 80 72 55 24 48 90 51 28 85 35 17 94 1 76 7 42 18 0 66 56 34 15 10 64 99 14 75 68 16 98 89 82 67 13 31 36 4 22 47 33 40 96 93 32 60 23 79 70 38 71 95 54 100 25 20 3 58 52 49 45 12 92 21 43 6 78 29
15 47 26 7 84 55 86 76 28 54 40 96 82 56 36 32 48 51 16 58 90 30 73 18 66 97 12 8 44 67 80 87 37 5 41 38 92 25 6 42 100 70 45 10 49 64 93 88 85 77 78 13 29 31 75 60 20 3 2 24 99 22 74 1 35 98 43 83 65 19 69 9 61 89 0 57 53 95 50 4 59 34 71 21 33 94 11 17 52 39 72 23 79 46 62 27 63 81 68 14 91
99 8 38 92 81 23 22 50 34 96 78 25 43 36 45 17 40 10 54 87 16 11 0 72 31 49 1 24 33 86 91 95 9 66 14 80 77 12 58 79 82 62 39 37 64 93 47 44 18 29 32 20 76 2 41 84 97 73 75 53 55 5 94 65 13 46 60 26 100 63 70 35 69 83 51 19 56 6 61 28 21 59 67 98 74 42 52 85 27 15 48 90 30 89 88 57 68 4 3 71 7
79 46 66 50 65 34 0 96 70 40 5 15 31 14 44 7 75 68 24 48 61 91 80 8 22 26 42 23 67 36 88 90 27 78 37 87 56 69 73 17 33 43 29 98 28 38 9 82 20 2 86 11 4 74 85 77 64 41 18 62 21 45 1 99 47 53 93 58 51 52 100 84 89 10 72 60 59 63 94 30 83 35 97 92 95 3 49 32 57 19 13 54 6 55 12 76 81 71 39 16 25
11 69 68 76 73 31 42 37 84 35 59 60 6 90 39 26 18 29 33 86 28 12 16 55 32 22 7 93 78 48 47 95 15 75 70 97 9 72 27 49 80 52 23 19 25 89 71 46 63 50 53 51 24 96 56 64 91 21 85 88 98 81 87 62 17 20 30 100 34 40 38 99 83 5 2 57 36 67 94 13 10 58 66 65 77 14 61 43 44 82 41 74 0 92 3 1 8 54 79 4 45
86 81 6 82 20 33 9 98 72 35 37 87 14 50 34 70 80 94 51 74 85 48 95 83 32 21 75 7 55 62 97 46 100 64 63 25 0 40 45 17 12 49 53 93 77 54 10 92 90 39 19 8 38 11 26 66 52 41 89 29 18 71 27 68 36 24 67 59 43 2 47 5 88 31 15 16 73 23 42 60 1 13 22 65 3 79 84 78 96 58 99 69 91 4 61 28 30 76 44 57 56
12 47 48 20 72 84 40 66 93 82 43 45 1 36 94 64 42 8 21 18 80 22 17 57 68 53 92 5 83 26 70 89 51 55 62 9 38 4 81 96 3 37 60 97 11 13 28 31 78 50 34 6 27 95 90 63 71 91 19 77 58 39 15 7 75 29 85 56 16 73 49 59 61 67 46 25 100 2 14 35 79 23 30 33 69 86 99 10 54 65 76 98 88 87 32 41 24 74 0 44 52
19 1 22 72 18 95 25 38 61 69 81 9 29 76 34 56 44 73 15 63 51 4 2 28 65 70 36 71 68 30 67 23 75 82 89 94 40 31 93 84 49 79 42 99 62 77 43 45 66 97 52 78 41 0 13 58 85 17 7 74 57 50 21 3 14 10 11 92 96 37 83 87 39 32 33 88 60 12 55 20 24 46 6 80 47 98 59 64 48 35 91 26 54 8 53 86 100 16 5 27 90
39 76 5 43 51 26 1 56 99 92 30 67 25 94 65 13 75 10 11 36 68 41 98 20 9 3 33 27 50 47 64 80 53 15 45 42 6 38 28 24 57 54 7 2 70 73 37 93 78 49 52 71 84 29 59 89 31 58 35 69 8 85 81 18 83 0 74 88 14 23 55 61 97 17 44 19 34 66 77 60 87 46 90 91 82 72 63 79 62 95 86 32 4 48 40 96 100 16 12 21 22
29 69 11 99 28 79 95 56 93 26 67 43 98 84 65 52 46 45 59 97 72 50 68 0 7 13 70 3 74 4 77 27 6 76 41 33 37 47 22 80 48 58 51 85 8 17 91 53 49 31 21 60 82 54 12 9 87 30 90 39 14 15 61 78 40 35 18 55 36 86 81 92 96 100 75 63 44 83 10 20 66 94 24 42 16 1 19 71 89 32 2 38 73 23 88 34 5 62 25 57 64
80 29 44 26 93 23 45 39 90 51 25 95 79 65 66 97 55 24 36 18 21 92 41 34 27 0 58 78 40 53 4 33 99 86 28 85 19 75 57 47 22 70 87 2 88 16 89 12 69 82 83 37 20 46 42 64 96 11 59 35 9 63 1 81 94 74 14 32 43 6 62 72 77 68 50 3 31 13 61 56 17 49 76 8 98 5 15 52 91 48 60 71 100 30 10 38 67 54 7 73 84
60 81 34 11 37 77 45 71 14 38 27 59 78 2 16 75 67 48 72 66 93 30 49 9 40 92 57 0 97 6 65 76 13 36 8 79 96 39 56 63 85 22 69 88 41 32 90 7 73 55 50 21 74 26 53 46 28 29 68 95 51 62 52 33 20 42 94 61 12 47 58 10 23 54 91 89 35 18 3 86 19 99 43 84 5 82 87 100 64 4 17 44 83 1 24 98 70 15 25 31 80
1 89 76 42 83 93 58 43 49 72 17 0 53 60 75 33 9 62 25 23 47 98 18 4 14 86 80 19 8 20 66 73 24 30 29 74 59 61 92 68 13 44 38 95 99 85 84 50 55 40 6 88 81 26 39 48 28 15 36 97 34 16 51 79 3 5 96 82 10 64 52 78 56 32 94 37 90 2 31 11 45 91 71 41 21 100 22 67 87 7 65 70 69 54 77 35 12 63 46 57 27
75 12 30 13 66 79 98 72 95 24 37 94 87 26 45 31 11 57 56 65 93 84 4 34 100 40 41 23 80 78 60 51 70 14 16 20 96 22 1 19 74 92 21 55 83 39 43 85 62 8 38 90 49 54 29 81 68 3 10 53 33 63 61 76 50 36 89 44 25 59 6 42 46 71 28 7 27 52 97 32 15 67 5 47 86 88 91 82 48 73 77 99 18 69 0 17 35 9 2 64 58
70 28 68 87 72 97 13 71 88 45 21 14 63 4 49 58 96 47 54 46 83 0 66 3 5 40 78 76 59 2 43 57 22 98 67 86 1 100 44 9 38 74 29 82 30 42 37 8 16 20 31 36 91 55 81 64 92 27 93 80 34 24 39 15 7 25 50 95 6 94 62 61 53 85 19 75 32 11 17 26 69 18 60 12 52 89 56 35 84 48 90 99 33 51 23 77 65 79 73 41 10
26 88 91 64 77 63 68 13 89 87 78 31 69 12 42 15 5 4 95 61 32 58 60 24 17 93 56 41 81 1 0 35 34 39 73 14 16 62 80 36 100 98 55 18 72 45 37 50 97 94 85 54 22 84 96 8 46 44 10 25 52 6 11 79 33 66 19 49 83 29 7 43 70 9 90 21 30 82 71 67 86 59 38 3 47 20 74 48 2 23 65 99 57 92 40 28 53 76 75 51 27
24 47 86 0 65 40 52 96 22 32 54 78 85 20 45 94 71 19 88 87 6 41 33 14 89 23 48 2 92 64 50 15 31 26 76 69 57 75 91 74 16 68 63 82 39 53 38 60 49 95 61 9 46 27 35 28 59 98 43 55 7 100 51 5 81 10 34 99 56 67 8 42 3 18 37 66 83 70 72 13 62 44 12 90 17 84 80 21 58 11 29 79 93 77 4 1 30 97 36 73 25
53 27 100 62 21 41 78 81 58 73 89 29 95 32 8 3 83 57 80 65 94 2 60 54 45 49 52 10 61 6 51 68 56 40 50 16 39 92 11 22 63 23 34 77 14 84 85 46 12 59 98 72 35 24 93 97 74 87 42 25 79 0 48 66 96 20 9 30 7 47 38 36 31 86 33 1 37 19 99 18 70 67 26 82 44 64 91 90 17 5 43 13 15 55 75 76 28 71 88 69 4
80 96 100 83 29 69 65 94 58 5 91 31 26 10 79 88 16 68 24 14 41 76 67 85 38 40 39 54 72 30 11 52 43 2 71 1 37 87 98 42 64 62 86 93 20 12 19 66 4 55 35 70 78 23 77 60 6 7 25 18 56 75 34 13 32 97 51 99 44 9 28 48 15 45 63 3 50 92 73 8 47 95 90 36 0 59 27 21 61 53 46 89 81 74 84 57 17 22 49 33 82
13 59 36 40 50 48 33 88 2 28 12 46 6 43 7 93 16 29 42 84 38 90 74 14 96 51 67 19 61 66 11 75 78 34 97 72 57 91 0 70 65 54 82 27 98 44 25 56 64 30 89 71 76 17 77 52 83 3 32 60 20 85 99 79 35 24 58 10 49 69 18 87 23 86 81 62 55 95 4 41 80 5 9 45 21 15 22 26 63 1 39 37 31 100 68 8 94 47 53 92 73
60 35 94 70 59 87 93 41 71 12 67 97 39 69 16 88 30 22 84 90 40 80 96 8 85 89 18 86 68 23 56 15 32 55 77 78 100 65 38 63 10 79 92 91 21 33 98 49 58 24 34 61 7 28 47 19 14 43 76 0 31 4 27 42 52 9 83 5 95 72 64 36 3 29 66 74 81 13 37 26 1 46 48 11 6 57 62 82 51 20 2 73 53 99 45 17 25 44 54 50 75
38 48 33 11 74 37 32 16 25 58 34 91 59 88 89 42 86 46 2 28 60 98 20 54 24 14 92 80 39 12 22 81 56 5 85 50 55 18 83 57 36 10 75 67 84 29 21 30 4 41 72 40 1 66 8 65 3 77 68 62 9 43 44 17 26 7 96 82 70 90 71 45 6 100 19 69 63 76 47 35 64 49 87 53 78 0 79 51 13 99 95 73 23 97 61 93 52 15 94 31 27
54 74 8 0 63 53 93 79 87 85 55 78 66 18 94 42 65 43 100 48 47 31 99 98 69 95 44 38 45 32 16 17 15 6 76 60 75 88 86 28 51 68 84 27 56 90 3 52 59 14 13 67 33 36 50 97 9 81 80 89 41 83 96 34 7 77 40 30 26 92 37 24 11 25 61 62 4 64 73 2 71 23 72 22 49 29 39 57 82 5 1 91 19 12 21 46 10 58 70 35 20
99 83 12 34 1 45 3 93 37 62 17 51 65 80 87 50 40 56 11 63 55 69 68 42 48 27 46 4 59 35 19 57 82 7 18 76 15 81 41 90 23 26 33 8 36 60 91 28 54 44 70 47 71 20 43 89 0 95 100 67 66 38 32 72 74 88 21 22 30 84 25 10 5 58 31 73 39 6 49 75 94 98 78 53 16 79 96 86 2 61 14 92 9 52 13 77 24 97 29 85 64
80 97 1 95 38 60 84 8 71 78 92 33 48 31 20 53 41 13 68 47 62 85 93 46 2 57 61 26 77 45 36 24 49 100 30 44 25 21 11 66 4 22 56 70 18 82 90 50 9 12 98 23 96 63 81 55 86 52 94 67 40 64 7 54 74 42 51 15 58 59 99 19 65 6 27 10 16 32 37 17 3 5 87 14 35 73 72 43 34 75 79 91 83 0 89 76 69 28 88 29 39
100 85 81 70 38 75 49 69 35 63 66 10 44 50 76 82 96 88 48 72 58 87 5 9 28 68 30 22 89 91 90 77 93 46 99 12 67 2 45 94 65 84 73 20 21 56 18 11 0 98 7 1 37 59 40 34 14 60 17 39 43 41 33 86 4 13 52 53 92 55 32 54 27 29 71 42 19 83 23 80 62 24 6 95 97 61 31 3 8 26 78 57 16 36 64 47 25 74 79 15 51
67 42 10 56 85 19 14 40 44 100 97 15 92 5 45 77 27 23 84 21 94 47 18 41 79 34 63 53 89 90 54 12 37 51 24 29 6 30 61 11 64 93 28 66 52 88 0 72 50 96 13 59 31 39 22 62 98 86 32 20 76 36 8 33 91 7 81 73 3 38 43 95 58 35 48 65 82 60 55 17 75 49 83 1 9 70 68 4 87 74 57 80 69 2 99 71 16 78 26 46 25
1 70 87 90 98 56 31 11 5 81 18 33 25 36 38 80 0 58 93 4 88 64 42 52 3 28 68 22 35 41 21 40 20 74 50 49 60 13 16 100 15 72 62 39 24 37 77 17 92 61 66 84 26 47 79 97 76 65 96 32 9 43 30 10 73 2 23 86 29 71 83 75 94 95 44 57 53 82 19 51 91 99 89 45 14 34 46 78 69 12 8 54 67 55 59 48 7 6 27 63 85
76 39 92 36 37 59 43 85 41 91 93 72 100 82 61 69 67 40 17 70 56 65 81 97 80 38 29 89 44 48 79 1 60 68 77 62 7 88 15 5 53 75 34 18 54 49 32 46 27 12 94 83 74 21 24 47 11 98 45 78 8 2 71 51 73 31 9 64 58 99 95 66 16 90 25 10 23 13 35 22 14 84 42 52 19 26 86 50 28 4 3 57 0 87 6 20 30 33 55 96 63
82 68 1 81 0 20 40 65 33 100 84 98 18 52 7 17 36 23 26 77 56 54 89 32 49 21 99 86 24 19 95 22 42 80 9 29 37 72 34 5 53 15 6 13 76 96 59 48 57 35 69 12 25 38 87 67 41 55 39 88 62 10 8 16 74 94 71 45 60 14 66 79 51 30 47 43 73 2 31 83 85 92 61 3 46 44 91 70 78 93 97 50 64 27 58 11 4 90 63 28 75
85 81 59 77 95 31 56 9 60 61 68 89 98 57 84 46 5 23 27 99 70 1 10 73 25 41 54 65 79 17 24 19 71 35 8 80 100 94 28 63 36 53 13 76 32 20 34 47 44 21 30 69 78 90 75 16 22 50 86 64 92 38 42 39 29 40 74 62 93 43 52 87 49 48 2 72 51 7 66 91 15 11 4 26 3 12 37 6 88 55 96 33 58 83 67 14 82 45 0 97 18
38 21 82 58 87 35 17 51 92 36 98 95 7 30 74 50 5 78 75 88 66 68 26 16 72 80 63 14 96 99 59 73 25 34 18 100 13 10 45 41 48 1 2 8 12 93 65 84 44 24 67 69 54 32 4 97 77 22 70 29 46 81 53 37 85 39 40 31 33 15 3 52 86 0 89 60 19 49 9 90 94 57 6 47 64 43 28 71 56 76 61 79 20 91 62 83 55 42 27 23 11
46 4 51 7 87 41 83 62 93 48 96 58 2 44 65 57 72 75 23 71 43 99 28 61 91 31 27 74 17 36 21 100 59 81 5 9 0 56 64 39 88 54 66 82 70 10 85 38 52 67 78 3 35 69 55 42 14 8 32 90 24 45 63 26 11 30 86 92 47 94 79 73 68 34 19 6 49 40 16 50 89 80 37 12 22 53 95 84 25 60 97 33 20 13 77 76 98 18 1 29 15
54 29 16 17 96 19 20 94 33 12 28 4 41 64 30 9 60 21 90 80 70 73 3 79 55 25 99 68 97 53 76 91 45 7 93 2 98 81 43 77 6 14 51 95 0 67 72 18 27 47 48 40 61 57 39 46 59 89 24 35 38 85 5 82 52 58 8 50 100 49 69 63 1 31 86 62 75 32 56 34 92 71 15 87 22 84 44 78 36 26 42 23 88 11 74 83 13 65 66 37 10
69 97 81 11 15 98 7 96 32 48 90 78 23 66 73 5 100 75 8 52 16 33 56 72 40 93 39 44 9 70 68 35 31 84 14 21 12 64 58 99 24 59 63 47 27 28 26 61 55 46 38 76 79 51 17 37 50 86 18 49 42 20 92 4 77 25 54 0 19 43 1 10 30 22 71 80 65 2 45 87 83 67 82 34 3 95 94 41 91 89 60 62 74 85 88 29 57 53 13 6 36
46 0 78 5 64 4 30 59 14 26 83 49 28 31 24 60 33 23 74 48 16 22 37 88 27 40 11 75 38 44 34 35 73 36 1 76 19 66 32 20 80 2 41 52 82 69 87 7 15 13 55 72 53 92 43 97 21 99 63 56 71 91 93 10 39 18 29 77 3 57 96 85 86 84 95 47 70 61 90 17 8 50 89 98 100 12 65 58 9 81 51 45 79 62 42 68 6 94 25 67 54
76 17 84 28 92 60 13 42 51 22 79 62 89 44 52 8 38 21 1 47 7 77 15 40 32 20 90 41 97 95 43 48 23 69 85 70 29 100 68 66 54 86 96 58 65 91 88 11 34 9 49 37 36 46 53 14 80 31 72 59 10 24 98 99 18 27 25 55 87 39 82 93 83 5 33 2 81 78 12 45 56 19 26 74 50 61 35 3 64 71 30 75 63 0 6 67 73 4 94 16 57
37 76 12 10 100 24 80 94 67 25 57 89 32 11 79 40 41 75 38 31 6 69 8 68 58 54 0 1 42 20 14 21 5 29 82 93 74 95 63 17 86 36 33 49 50 52 26 60 28 2 73 83 87 35 61 97 96 55 39 9 30 91 51 7 65 15 19 18 43 46 16 92 78 88 44 4 27 77 85 71 64 34 56 72 48 23 90 81 99 47 13 3 70 84 98 22 59 66 53 45 62
6 59 64 81 52 47 40 31 78 88 24 97 83 60 56 65 51 69 9 28 87 35 55 12 45 73 17 23 15 62 42 4 63 2 16 85 11 57 95 100 98 22 91 66 21 50 27 79 74 29 3 0 80 48 39 94 53 72 90 19 68 8 36 54 46 58 34 86 10 92 37 82 99 33 84 77 13 61 26 20 89 70 76 67 71 93 14 75 30 49 32 38 7 5 1 18 43 41 44 25 96
14 11 48 5 84 94 56 49 53 18 65 91 34 73 6 90 62 15 77 88 85 39 31 17 64 10 3 57 82 37 54 97 63 60 89 1 2 81 36 25 7 21 50 92 100 26 52 47 30 59 80 0 87 76 72 4 13 45 86 32 38 46 12 29 68 33 35 83 16 28 22 61 58 8 95 78 96 9 71 99 44 23 69 93 70 66 20 51 55 24 43 40 79 42 41 98 19 67 75 27 74
46 61 21 38 2 80 97 3 48 11 37 73 39 75 65 42 19 83 13 69 88 34 54 20 32 23 7 53 1 33 85 60 66 64 63 51 12 99 47 10 95 14 9 15 71 91 84 45 22 78 59 72 4 77 87 43 98 62 94 57 86 31 29 74 82 41 68 44 96 0 8 79 40 93 81 17 6 26 5 49 35 18 30 90 89 28 67 27 55 56 25 50 52 16 70 36 100 92 76 58 24
85 100 36 62 99 5 48 25 4 8 40 0 57 79 49 70 96 16 22 78 43 11 14 58 71 93 87 10 1 32 13 75 7 15 98 34 41 53 88 59 2 81 92 97 27 64 66 89 38 80 12 9 63 39 45 50 24 60 83 46 44 47 56 95 51 29 65 30 77 73 35 72 94 69 23 61 42 20 37 26 3 82 90 18 68 84 33 86 67 74 17 28 19 21 6 54 31 91 52 76 55
27 61 47 99 37 64 38 87 6 100 85 52 15 34 98 14 28 53 82 95 39 36 94 9 4 35 50 25 26 1 29 73 24 59 86 46 17 23 60 20 66 96 8 5 69 33 41 62 88 32 7 16 31 89 84 54 70 21 76 63 90 11 83 74 57 58 77 44 93 18 22 79 91 13 65 45 97 78 10 49 30 56 92 75 67 19 55 72 68 40 43 42 3 12 0 51 81 48 80 71 2
21 39 11 9 71 22 74 16 5 4 47 57 43 6 33 36 18 66 49 62 51 83 96 68 1 17 59 55 91 60 87 86 10 7 2 37 13 32 3 79 14 80 78 61 35 53 81 24 89 97 26 67 76 63 65 56 31 28 50 42 69 25 48 99 20 8 41 85 29 93 52 0 23 44 45 46 72 73 19 54 77 92 15 90 38 30 40 82 75 64 58 27 95 88 100 84 12 70 34 98 94
95 73 86 8 98 32 52 19 96 57 89 87 62 27 12 37 5 50 15 22 53 93 29 77 17 7 23 35 24 51 97 31 18 25 42 76 59 100 28 71 60 47 13 36 33 43 79 83 69 6 20 14 34 94 99 55 75 92 21 90 16 72 91 85 66 26 40 2 64 84 58 46 45 1 88 9 56 81 70 80 82 48 0 67 39 10 4 11 3 68 61 38 78 65 54 41 74 63 44 30 49
38 91 33 66 18 0 60 23 68 89 98 43 19 24 2 42 55 40 64 7 44 52 81 71 13 92 4 75 3 96 48 15 49 72 94 14 37 35 17 26 36 97 67 83 62 59 16 99 78 95 46 39 76 69 84 74 87 80 63 56 61 1 47 6 82 70 77 100 27 41 88 86 9 11 90 73 34 31 5 10 93 29 57 54 65 53 85 58 8 20 51 22 28 21 50 32 25 79 45 12 30
41 83 22 57 39 74 65 13 91 71 51 78 28 9 23 18 3 11 17 61 32 21 64 37 89 87 36 94 7 93 8 75 45 80 29 40 46 25 19 84 49 73 67 30 81 98 50 38 88 42 2 59 5 99 20 53 70 77 58 12 26 56 48 69 47 79 62 54 63 4 72 95 60 0 82 14 76 52 68 27 86 6 100 16 33 44 55 31 1 15 35 10 43 96 85 24 90 97 66 92 34
44 4 55 83 3 61 27 78 34 58 12 54 11 38 93 56 59 35 16 63 23 49 39 1 66 18 64 5 94 90 100 17 26 14 46 86 76 32 45 36 47 69 92 57 77 20 19 62 71 84 29 28 7 85 97 21 53 88 10 50 67 51 75 68 98 2 24 95 52 74 25 89 43 91 60 33 99 0 8 81 22 42 65 41 73 82 37 9 87 6 13 48 70 80 96 15 30 72 79 31 40
55 99 69 52 78 84 51 34 29 18 24 46 88 32 90 2 10 33 20 38 6 100 92 30 11 19 98 39 60 17 81 15 65 14 71 5 67 3 77 93 4 75 16 62 91 28 48 22 54 94 63 56 68 89 8 36 40 47 23 0 37 72 26 21 80 70 7 59 82 58 41 74 76 97 85 53 35 45 31 50 87 12 43 83 66 49 44 96 13 9 42 57 27 86 64 61 1 79 25 73 95
8 11 6 5 99 28 64 42 81 21 96 50 25 1 37 7 68 49 66 97 30 52 75 58 46 60 95 78 26 84 43 65 56 100 38 83 98 53 74 77 47 31 87 89 86 0 23 10 32 33 94 15 2 54 51 40 41 14 73 63 88 20 35 61 16 85 90 48 76 29 44 13 34 19 80 24 45 72 36 12 39 59 57 70 17 62 79 18 22 67 27 82 71 55 91 92 4 93 3 9 69
4 0 68 44 17 24 66 32 76 38 6 94 42 20 34 59 53 5 79 91 30 96 67 80 71 9 97 93 95 82 87 73 27 88 8 60 99 92 78 84 54 10 57 65 50 83 52 33 77 62 36 75 14 90 61 12 47 64 2 39 49 13 37 46 7 45 35 23 63 11 51 72 40 89 70 29 58 85 22 16 100 74 48 41 98 26 18 25 86 43 31 21 81 19 28 15 69 56 55 1 3
17 1 82 49 79 54 91 59 24 58 36 45 25 66 19 44 86 95 60 52 57 34 78 90 92 6 5 14 26 32 65 43 28 23 83 22 27 87 100 3 2 4 93 73 61 46 35 64 41 29 98 53 55 47 30 69 97 77 70 89 72 18 31 16 75 88 56 15 94 33 0 7 76 50 67 51 81 37 39 42 13 21 40 11 99 62 74 68 8 10 84 63 80 48 38 96 85 71 9 20 12
91 93 33 17 71 27 53 3 22 57 55 31 21 37 99 36 11 12 68 56 98 100 76 45 86 54 41 66 13 34 9 49 89 51 77 62 88 19 14 43 7 97 0 58 18 42 2 63 52 48 79 4 29 24 25 90 8 95 83 80 30 15 78 10 59 6 74 60 32 5 50 67 23 94 92 1 61 16 69 39 26 64 46 35 44 87 96 40 75 38 65 28 73 85 84 47 20 81 72 82 70
72 64 46 39 1 31 84 21 86 3 18 57 26 88 69 85 25 49 61 43 93 27 7 73 96 19 41 32 11 0 34 33 76 12 71 66 83 81 16 48 22 24 70 42 8 23 60 77 52 56 90 62 29 79 53 36 17 55 67 9 54 82 50 5 95 47 78 91 10 80 14 100 28 51 40 89 2 30 20 92 63 59 65 94 68 87 98 58 44 37 13 6 74 35 45 99 4 15 38 97 75
14 62 87 86 49 71 84 94 60 45 93 6 64 77 74 76 82 19 58 11 1 15 25 65 30 34 53 88 38 79 54 10 21 44 43 23 36 68 99 0 55 63 66 28 51 4 27 48 69 37 2 72 18 98 32 90 16 26 56 92 61 46 73 35 91 13 22 29 70 5 96 7 97 24 9 50 39 52 81 8 67 20 33 57 78 100 41 40 31 85 89 17 59 95 75 12 80 42 3 47 83
68 36 0 44 2 17 25 28 76 100 54 45 3 72 35 96 37 66 91 20 21 97 48 92 49 14 86 64 75 88 15 24 70 73 39 8 41 50 58 56 33 99 85 98 47 38 22 30 52 53 63 4 18 19 80 46 78 81 71 31 27 43 59 10 57 67 62 69 89 94 77 5 26 16 79 51 7 60 13 6 95 84 11 82 90 23 83 42 32 65 40 1 93 87 74 29 61 34 9 55 12
45 35 87 63 2 36 91 52 79 18 30 62 42 14 31 13 99 40 27 0 26 8 6 100 7 92 5 70 93 78 65 60 51 80 28 74 33 61 23 44 77 85 19 17 55 29 96 1 15 48 3 95 57 59 47 49 88 83 20 9 82 66 73 94 56 12 64 16 24 69 11 54 67 46 97 84 76 71 4 89 39 53 21 38 34 86 90 37 75 22 81 68 41 58 98 43 32 10 72 50 25
90 91 21 67 53 6 50 30 54 78 32 73 2 48 58 77 79 44 70 28 7 3 88 26 22 97 18 19 81 51 60 66 71 57 47 24 86 61 36 55 63 46 68 40 76 27 35 74 69 43 83 72 93 37 64 87 4 100 31 75 34 89 29 94 25 95 92 16 98 41 23 96 14 56 39 10 5 62 11 33 20 65 85 13 99 42 1 38 80 84 49 9 0 15 59 8 45 17 82 12 52
97 5 22 1 58 26 55 90 74 54 83 43 42 72 66 13 2 18 49 14 41 21 25 30 80 53 69 71 89 94 92 95 64 73 17 32 44 24 59 57 100 39 86 35 16 4 78 99 37 19 29 50 85 60 27 87 63 52 70 88 62 75 0 91 33 28 81 82 93 51 36 56 15 67 20 68 96 7 48 10 8 40 65 77 12 9 45 11 76 61 79 84 23 3 98 31 38 6 47 46 34
51 42 48 27 37 70 52 19 86 8 92 6 17 56 49 1 77 79 14 72 64 62 20 83 40 63 76 88 59 99 12 2 85 66 60 41 94 68 30 7 10 50 29 39 47 97 5 89 74 98 43 96 23 44 57 35 45 25 21 16 75 100 15 84 4 18 9 69 28 33 91 93 87 80 0 73 24 11 65 78 53 81 61 55 58 95 26 90 82 38 22 67 31 36 32 71 46 34 3 13 54
87 74 69 9 4 79 75 61 86 31 83 3 13 39 73 15 0 91 20 7 52 88 93 25 66 55 32 43 14 90 36 92 19 85 50 64 16 72 18 70 82 56 5 60 78 49 99 98 38 58 65 96 100 29 59 81 44 94 77 84 47 1 68 6 37 23 21 80 57 97 10 26 41 63 76 17 62 71 53 11 34 27 8 46 89 28 67 95 22 48 40 51 30 24 45 2 12 54 33 42 35
89 11 35 5 40 86 88 1 20 57 54 60 70 38 73 82 29 49 2 53 7 12 15 48 99 27 23 19 75 17 46 97 8 30 100 92 21 68 4 39 84 96 24 83 55 31 3 42 71 41 58 93 66 95 72 64 61 45 78 6 44 22 25 14 36 0 85 63 79 59 87 47 94 65 67 74 77 43 69 56 62 16 90 50 52 91 18 32 9 80 26 34 13 37 98 33 76 28 81 10 51
38 35 19 88 60 82 5 93 69 14 24 31 75 95 50 86 6 8 10 20 65 2 76 44 39 23 15 61 83 66 49 98 71 46 96 29 99 56 9 12 63 28 85 27 67 57 22 34 48 89 42 21 80 1 7 73 55 90 59 37 87 64 32 78 30 25 36 16 72 92 100 51 54 13 40 70 62 84 3 26 0 58 94 47 79 68 4 11 45 77 52 17 33 43 97 74 41 91 53 81 18
