63 98 42 10 70 35 43 14 71 38 61 1 69 26 62 20 74 95 56 7 75 32 58 18 76 93 59 5 80 30 60 24 55 100 53 12 73 36 52 15 72 39 57 2 78 27 54 21 77 96 51 8 86 33 50 16 87 91 41 3 79 28 40 22 85 97 67 9 90 34 64 13 89 37 48 0 81 25 49 19 82 94 44 6 83 31 45 17 84 92 46 4 88 29 47 23 66 99 65 11 68
36 42 14 70 40 63 1 71 26 61 20 74 96 62 7 69 32 56 17 75 93 43 4 76 29 58 23 60 99 59 10 80 35 53 13 73 39 55 0 72 25 57 19 77 95 54 6 78 31 51 18 86 94 52 5 87 30 50 24 41 100 49 11 79 37 67 15 85 91 66 2 84 27 65 21 90 97 48 8 89 33 44 16 82 92 45 3 83 28 46 22 81 98 47 9 88 34 64 12 68 38
63 0 71 25 62 19 70 95 43 7 74 32 61 17 75 93 42 5 69 30 58 23 56 99 59 11 80 36 60 14 76 39 55 2 88 27 54 21 73 97 52 9 77 34 57 16 86 92 53 4 78 29 50 22 51 98 41 10 79 35 40 13 87 38 67 1 85 26 66 20 90 96 48 8 82 33 49 18 89 94 44 6 83 31 45 24 68 100 46 12 81 37 47 15 84 91 65 3 72 28 64
22 68 97 63 9 70 34 62 16 74 91 42 3 71 29 61 23 75 98 56 10 69 35 58 13 80 38 59 0 76 26 60 19 88 94 55 6 73 32 54 18 77 93 52 5 86 31 57 25 53 100 50 12 78 37 51 15 79 40 49 2 87 28 41 21 89 96 67 8 90 33 66 17 82 92 43 4 83 30 48 24 65 99 45 11 85 36 44 14 81 39 46 1 84 27 47 20 72 95 64 7
69 32 63 18 68 94 62 5 71 30 41 24 61 100 60 11 70 37 56 14 75 91 58 2 81 27 59 21 80 97 57 8 74 34 55 15 73 92 54 3 77 28 52 22 88 98 53 9 76 35 50 12 79 38 51 0 78 25 49 19 87 95 40 6 86 31 65 17 82 93 66 4 90 29 42 23 43 99 48 10 83 36 45 13 89 39 44 1 85 26 46 20 84 96 47 7 67 33 64 16 72
92 63 4 68 29 62 23 42 99 41 11 70 36 61 14 71 39 58 1 75 26 59 20 80 96 57 8 69 33 60 18 76 94 55 6 74 31 54 24 52 100 53 12 73 37 56 15 88 90 51 2 77 27 50 21 87 97 49 9 78 34 40 16 79 91 67 3 86 28 66 22 65 98 43 10 82 35 48 13 89 38 45 0 83 25 44 19 81 95 46 7 85 32 47 17 84 93 64 5 72 30
63 23 42 99 43 10 70 35 61 13 71 38 62 1 69 26 56 19 74 95 58 7 75 32 59 16 76 92 60 4 68 29 55 22 53 98 52 9 73 34 57 12 72 37 54 0 78 25 51 18 77 94 39 6 86 31 41 17 87 93 40 5 79 30 67 24 64 100 49 11 85 36 48 14 88 90 50 2 89 27 44 20 82 96 45 8 83 33 46 15 81 91 47 3 80 28 66 21 84 97 65
9 70 35 42 13 71 39 63 0 74 26 61 20 81 95 62 6 75 32 56 18 76 93 43 4 80 30 58 24 59 99 60 11 89 37 53 15 88 41 55 2 77 28 57 22 78 97 54 8 86 34 51 17 87 92 52 3 79 29 50 23 49 98 48 10 90 36 69 14 91 40 67 1 82 27 65 21 85 96 66 7 83 33 44 19 73 94 68 5 84 31 45 25 46 100 47 12 72 38 64 16
69 91 63 3 68 27 62 21 70 97 61 9 71 33 60 16 74 92 56 4 75 28 58 22 81 98 59 10 80 34 57 13 73 37 53 0 88 25 55 19 77 95 41 7 78 31 54 18 76 94 51 6 87 30 52 24 50 100 49 12 79 36 40 15 86 39 42 2 90 26 65 20 82 96 48 8 85 32 66 17 83 93 44 5 84 29 43 23 45 99 46 11 89 35 47 14 67 38 64 1 72
26 63 19 69 95 62 7 68 33 61 17 70 93 60 5 71 31 56 24 41 100 58 11 75 37 59 14 67 90 57 2 80 28 55 21 74 97 54 8 73 34 52 15 77 91 53 3 88 29 51 22 76 98 50 9 78 35 49 12 79 38 40 0 87 25 65 18 89 94 66 6 86 32 43 16 82 92 48 4 83 30 42 23 44 99 45 10 85 36 46 13 81 39 47 1 84 27 64 20 72 96
63 8 70 33 62 17 74 93 42 4 71 29 43 23 61 99 58 11 75 36 56 14 80 39 59 1 81 26 60 20 76 96 55 7 89 32 54 18 77 94 53 5 88 30 52 24 57 100 50 12 86 37 51 15 79 40 49 2 78 27 41 21 87 97 67 9 90 34 66 16 82 92 69 3 91 28 68 22 48 98 45 10 83 35 44 13 84 38 46 0 85 25 47 19 73 95 65 6 72 31 64
18 70 93 63 5 74 30 62 24 42 99 43 11 71 36 61 14 75 39 58 1 68 27 56 21 69 96 59 8 76 33 60 17 73 92 55 4 77 29 54 23 53 98 52 10 72 35 57 13 86 38 50 0 79 26 51 20 78 95 41 7 87 32 40 19 85 94 67 6 88 31 66 25 64 100 48 12 89 37 49 15 82 90 44 2 83 28 45 22 81 97 46 9 80 34 47 16 84 91 65 3
69 28 63 21 70 98 42 9 71 35 61 12 81 38 62 0 74 25 56 18 75 95 58 6 76 32 59 16 80 93 60 4 89 30 55 23 53 100 52 11 88 37 57 14 78 40 54 2 77 27 51 20 86 97 50 8 87 34 49 15 79 92 41 3 90 29 67 22 68 99 43 10 91 36 48 13 85 39 66 1 82 26 44 19 83 96 45 7 73 33 46 17 84 94 47 5 72 31 65 24 64
100 63 12 69 37 62 15 68 90 61 2 70 27 60 21 71 96 56 8 74 33 58 16 75 91 59 3 67 28 57 22 80 97 55 9 73 34 53 13 77 38 41 0 88 25 54 19 78 94 51 6 76 31 52 18 87 93 50 5 79 30 40 24 49 99 65 11 86 36 42 14 82 39 48 1 89 26 66 20 85 95 44 7 83 32 43 17 84 92 45 4 81 29 47 23 46 98 64 10 72 35
56 13 68 38 63 1 69 26 61 20 70 96 62 7 81 32 59 18 71 94 41 5 76 30 58 24 57 100 60 11 80 36 55 15 74 91 54 2 75 27 53 21 89 97 52 8 88 33 51 16 77 92 50 3 87 28 49 22 78 98 40 9 79 34 42 12 86 37 67 0 90 25 48 19 82 95 66 6 85 31 44 17 83 93 43 4 73 29 45 23 46 99 47 10 84 35 65 14 72 39 64
2 71 28 63 21 69 96 62 8 70 34 41 17 75 93 61 5 81 31 42 24 58 99 59 11 80 37 57 14 76 40 60 1 74 27 55 20 89 95 54 7 77 33 53 18 88 94 56 6 87 32 51 25 50 100 52 12 78 38 49 15 79 91 48 3 90 29 67 22 86 97 66 9 82 35 43 16 83 92 65 4 85 30 68 23 45 98 44 10 84 36 46 13 73 39 47 0 72 26 64 19
67 94 63 6 70 31 62 17 74 92 43 4 75 29 61 23 42 99 58 11 69 35 56 14 68 38 59 1 76 26 60 20 72 96 55 8 73 33 54 16 77 91 52 3 86 28 57 22 53 98 39 10 78 34 51 13 79 37 41 0 71 25 40 19 87 95 65 7 88 32 49 18 82 93 48 5 89 30 50 24 44 100 45 12 83 36 64 15 81 90 46 2 80 27 47 21 85 97 66 9 84
34 63 15 68 91 62 3 70 28 42 22 74 98 61 9 71 35 58 12 75 38 56 0 80 25 59 19 69 95 60 6 76 31 55 17 73 93 54 5 77 30 53 24 57 100 52 11 88 37 50 14 86 40 51 2 79 27 49 21 78 97 41 8 87 33 67 16 90 92 66 4 82 29 65 23 48 99 43 10 89 36 45 13 83 39 44 1 81 26 46 20 85 96 47 7 84 32 64 18 72 94
63 6 69 31 41 24 62 100 61 12 68 37 60 15 71 91 56 2 70 27 58 21 75 97 59 9 81 34 57 16 80 92 55 3 74 28 52 22 89 98 53 10 88 35 54 13 78 38 51 0 77 25 50 19 76 95 49 7 87 32 40 18 79 94 67 5 86 30 42 23 43 99 48 11 90 36 66 14 85 39 44 1 82 26 45 20 83 96 46 8 73 33 47 17 84 93 65 4 72 29 64
23 63 98 42 10 68 36 41 14 71 39 61 1 69 27 62 20 70 95 59 7 75 33 58 18 76 93 57 5 80 31 60 25 55 100 52 12 74 37 54 15 73 90 53 2 88 28 56 21 77 96 51 8 87 34 50 16 78 91 49 3 79 29 40 22 85 97 67 9 86 35 43 13 89 38 48 0 81 26 66 19 82 94 44 6 83 32 45 17 72 92 46 4 84 30 47 24 64 99 65 11
70 36 42 14 71 39 63 1 74 26 61 20 81 96 62 7 75 32 56 17 76 93 43 4 80 29 58 23 59 99 60 10 73 35 53 13 72 38 55 0 77 25 57 19 78 95 54 6 86 31 51 18 87 94 52 5 79 30 50 24 49 100 41 11 85 37 64 15 91 40 67 2 90 27 48 21 89 97 66 8 82 33 44 16 83 92 45 3 84 28 46 22 88 98 47 9 69 34 65 12 68
38 42 0 70 25 63 19 71 95 61 7 74 32 62 17 69 93 56 5 75 30 43 23 58 99 59 11 76 36 60 14 80 40 53 2 73 27 55 21 88 97 57 9 77 34 54 16 78 92 51 4 86 29 52 22 50 98 49 10 87 35 41 13 79 39 65 1 90 26 67 20 89 96 48 8 82 33 66 18 85 94 44 6 83 31 68 24 45 100 46 12 84 37 47 15 81 91 64 3 72 28
63 21 68 97 62 8 70 33 42 15 74 91 61 3 71 28 56 22 75 98 58 9 69 34 59 12 80 37 60 0 76 25 55 18 88 94 54 6 73 31 52 17 77 93 57 5 86 30 53 24 50 100 51 11 78 36 41 14 79 39 40 2 87 27 67 20 89 96 49 7 90 32 43 16 82 92 48 4 83 29 65 23 45 99 44 10 85 35 46 13 81 38 47 1 84 26 66 19 72 95 64
7 69 33 63 19 68 94 62 5 71 31 41 25 61 100 60 12 70 38 56 15 75 91 58 2 81 28 59 22 80 97 57 9 74 35 55 16 89 92 54 3 77 29 52 23 88 98 53 10 76 36 50 13 79 39 51 0 78 26 49 20 87 95 48 6 86 32 67 18 82 93 66 4 90 30 42 24 43 99 65 11 83 37 45 14 84 40 44 1 85 27 46 21 73 96 47 8 72 34 64 17
68 92 63 4 70 29 62 23 42 99 41 11 67 35 61 14 75 38 58 1 80 26 59 20 69 96 57 8 76 32 60 18 74 94 55 6 73 30 54 24 52 100 53 12 72 36 56 15 77 90 51 2 71 27 50 21 78 97 39 9 79 33 40 16 87 91 65 3 86 28 49 22 82 98 43 10 89 34 48 13 83 37 45 0 88 25 44 19 81 95 46 7 84 31 47 17 85 93 64 5 66
30 63 23 43 99 42 10 70 36 61 13 71 39 62 1 73 26 56 19 74 95 58 7 75 33 59 16 76 92 60 4 80 29 55 22 52 98 53 9 81 35 57 12 88 38 54 0 78 25 51 18 77 94 50 6 86 32 49 17 87 93 41 5 79 31 67 24 68 100 69 11 90 37 48 14 89 40 66 2 85 27 44 20 82 96 45 8 83 34 46 15 72 91 47 3 84 28 65 21 64 97
42 9 70 34 63 13 71 38 61 0 74 25 62 19 81 95 56 6 75 31 43 17 76 93 58 4 80 29 59 23 60 99 53 11 89 36 55 15 88 40 57 2 77 27 54 21 78 97 51 8 86 33 52 16 87 92 50 3 79 28 49 22 41 98 69 10 90 35 67 14 91 39 48 1 82 26 66 20 85 96 44 7 83 32 68 18 73 94 45 5 84 30 46 24 47 100 65 12 72 37 64
16 69 91 63 3 68 28 62 22 70 97 61 9 71 34 60 17 74 92 56 4 75 29 58 23 81 98 59 10 80 35 57 13 89 38 53 0 88 26 55 20 77 95 41 7 78 32 54 19 76 94 51 6 87 31 52 25 50 100 49 12 79 37 48 15 86 40 42 2 90 27 67 21 82 96 65 8 85 33 66 18 83 93 44 5 73 30 43 24 45 99 46 11 84 36 47 14 72 39 64 1
69 26 63 19 68 96 62 7 70 33 61 17 71 94 60 5 75 31 56 24 58 100 41 11 81 37 59 14 80 91 57 2 74 28 55 21 73 97 54 8 77 34 52 15 88 92 53 3 76 29 51 22 78 98 50 9 79 35 49 12 87 38 40 0 90 25 65 18 86 95 66 6 82 32 43 16 83 93 48 4 85 30 42 23 45 99 44 10 89 36 46 13 84 39 47 1 67 27 64 20 72
96 63 8 68 33 62 17 70 92 42 4 71 29 61 23 41 99 59 11 75 36 58 14 69 39 57 1 80 26 60 20 76 95 55 7 74 32 54 18 73 93 52 5 72 30 56 24 53 100 51 12 77 37 50 15 87 90 49 2 78 27 40 21 79 97 66 9 85 34 64 16 86 91 43 3 82 28 48 22 89 98 44 10 83 35 45 13 81 38 46 0 88 25 47 19 84 94 65 6 67 31
63 17 70 93 62 4 74 29 42 23 43 99 61 10 71 35 58 13 75 38 56 1 80 26 59 20 69 96 60 7 76 32 55 16 73 92 54 3 77 28 53 22 52 98 57 9 88 34 50 12 86 37 51 0 79 25 41 19 78 95 40 6 87 31 67 18 90 94 49 5 82 30 65 24 68 100 48 11 89 36 45 14 83 39 44 2 81 27 46 21 85 97 47 8 84 33 66 15 72 91 64
3 69 29 63 22 70 98 42 10 71 36 61 13 81 39 62 0 74 26 56 19 75 95 58 7 76 33 59 17 80 93 60 5 89 31 55 24 53 100 52 12 88 38 57 15 78 41 54 2 77 28 51 21 86 97 50 9 87 35 49 16 79 92 48 4 90 30 67 23 68 99 43 11 91 37 65 14 85 40 66 1 82 27 44 20 83 96 45 8 73 34 46 18 84 94 47 6 72 32 64 25
63 100 41 12 69 36 62 15 68 90 61 2 71 27 60 21 70 96 56 8 75 33 58 16 67 91 59 3 80 28 57 22 74 97 55 9 73 34 52 13 88 37 53 0 78 25 54 19 77 94 51 6 76 31 50 18 87 93 39 5 79 30 40 24 65 99 42 11 86 35 43 14 89 38 48 1 85 26 49 20 82 95 44 7 83 32 45 17 84 92 46 4 81 29 47 23 66 98 64 10 72
35 56 13 68 39 63 1 69 26 61 20 70 96 62 7 81 32 59 18 71 94 41 5 76 30 58 24 60 100 57 11 80 37 55 15 74 91 54 2 75 27 53 21 89 97 52 8 88 33 51 16 77 92 50 3 87 28 49 22 78 98 48 9 79 34 42 12 86 38 67 0 90 25 65 19 82 95 66 6 85 31 44 17 83 93 43 4 73 29 45 23 47 99 46 10 84 36 64 14 72 40
63 2 71 27 62 20 68 96 41 8 70 33 61 17 75 93 42 5 81 30 58 23 59 99 57 11 80 36 60 14 76 39 55 1 74 26 54 19 73 95 53 7 77 32 56 18 88 94 51 6 87 31 50 24 52 100 49 12 78 37 40 15 79 91 67 3 85 28 66 21 86 97 43 9 82 34 48 16 90 92 44 4 83 29 45 22 89 98 46 10 84 35 47 13 69 38 65 0 72 25 64
19 71 94 63 6 70 32 62 17 74 92 43 4 75 30 61 24 42 99 58 11 69 36 56 14 68 39 59 1 76 27 60 21 72 96 55 8 73 34 54 16 77 91 52 3 86 29 57 23 53 98 50 10 78 35 51 13 79 38 41 0 87 26 40 20 85 95 67 7 88 33 66 18 82 93 48 5 89 31 49 25 44 100 45 12 83 37 64 15 81 90 46 2 80 28 47 22 84 97 65 9
70 34 63 15 74 92 62 3 71 28 42 22 43 98 61 9 75 35 58 12 80 38 56 0 81 25 59 19 76 95 60 6 73 31 55 17 77 94 54 5 88 30 53 24 52 100 57 11 86 37 50 14 79 40 51 2 78 27 49 21 87 97 41 8 90 33 67 16 82 93 66 4 91 29 65 23 68 99 48 10 83 36 45 13 89 39 44 1 85 26 46 20 84 96 47 7 69 32 64 18 72
94 63 6 69 31 62 24 41 100 61 12 68 37 60 15 71 90 56 2 70 27 58 21 75 97 59 9 67 34 57 16 80 91 55 3 74 28 54 22 73 98 52 10 77 35 53 13 88 38 50 0 76 25 51 19 79 95 49 7 78 32 40 18 87 93 65 5 86 30 66 23 42 99 43 11 82 36 48 14 89 39 45 1 83 26 44 20 81 96 46 8 85 33 47 17 84 92 64 4 72 29
63 22 42 98 41 10 68 35 61 13 71 38 62 1 69 26 59 19 70 95 58 7 75 32 57 17 76 93 60 5 80 30 55 24 52 100 54 11 74 36 53 14 73 90 56 2 88 27 51 20 77 96 50 8 87 33 39 15 78 91 40 3 79 28 67 21 85 97 43 9 86 34 48 12 89 37 49 0 81 25 44 18 82 94 45 6 83 31 46 16 72 92 47 4 84 29 66 23 65 99 64
11 70 37 42 15 71 40 63 1 74 27 61 21 69 96 62 7 75 33 56 18 76 93 43 4 80 30 58 24 59 99 60 10 73 36 53 14 72 39 55 0 77 26 57 20 78 95 54 6 86 32 51 19 87 94 52 5 79 31 50 25 49 100 41 12 85 38 67 16 84 91 66 2 90 28 65 22 89 97 48 8 82 34 44 17 83 92 45 3 81 29 46 23 88 98 47 9 68 35 64 13
70 37 42 0 71 25 63 19 74 95 61 7 81 31 62 17 75 93 56 5 76 29 43 23 58 99 59 11 80 35 60 14 73 39 53 2 88 27 55 21 77 97 57 9 78 33 54 16 86 92 51 4 87 28 52 22 50 98 49 10 79 34 41 13 90 38 65 1 91 26 67 20 82 96 48 8 85 32 66 18 83 94 44 6 84 30 68 24 45 100 46 12 89 36 47 15 69 40 64 3 72
28 63 21 68 97 62 8 70 34 42 15 74 91 61 3 71 29 56 22 75 98 58 9 69 35 59 12 80 38 60 0 76 25 55 18 88 94 54 6 73 32 52 17 77 93 57 5 86 31 53 24 51 100 50 11 78 37 49 14 79 40 41 2 87 27 67 20 89 96 66 7 90 33 43 16 82 92 48 4 83 30 65 23 44 99 45 10 85 36 46 13 81 39 47 1 84 26 64 19 72 95
63 7 69 32 62 18 68 94 41 5 71 30 61 24 60 100 56 12 70 37 58 15 75 91 59 2 81 27 57 21 80 97 55 9 74 34 54 16 89 92 52 3 77 28 53 22 88 98 50 10 76 35 51 13 79 38 49 0 78 25 40 19 87 95 67 6 86 31 66 17 82 93 42 4 90 29 43 23 48 99 45 11 83 36 44 14 84 39 46 1 85 26 47 20 73 96 65 8 72 33 64
17 68 92 63 4 70 30 62 24 42 99 41 11 71 36 61 14 75 39 58 1 80 27 59 21 69 96 57 8 76 33 60 19 74 94 55 6 73 31 54 25 52 100 53 12 72 37 56 15 77 90 51 2 87 28 50 22 78 97 49 9 79 34 40 16 85 91 66 3 86 29 64 23 82 98 43 10 89 35 48 13 83 38 45 0 88 26 44 20 81 95 46 7 84 32 47 18 67 93 65 5
70 30 63 23 42 99 43 10 71 36 61 13 69 39 62 1 74 26 56 19 75 96 58 7 76 33 59 16 80 93 60 4 73 29 55 22 53 98 52 9 72 35 57 12 78 38 54 0 77 25 51 18 86 95 50 6 87 32 41 17 79 94 40 5 85 31 67 24 64 100 66 11 90 37 48 14 89 91 49 2 82 27 44 20 83 97 45 8 81 34 46 15 88 92 47 3 84 28 65 21 68
97 63 9 70 34 42 13 74 38 61 0 71 25 62 19 69 94 56 6 75 31 43 17 76 92 58 4 80 29 60 23 59 99 55 11 73 36 53 15 77 40 57 2 88 27 54 21 78 96 51 8 86 33 52 16 87 91 50 3 79 28 41 22 49 98 67 10 90 35 65 14 82 39 48 1 89 26 66 20 85 95 44 7 83 32 68 18 84 93 45 5 81 30 47 24 46 100 64 12 72 37
63 15 69 91 62 2 70 27 61 21 74 97 60 8 71 33 56 16 75 92 42 3 81 28 58 22 59 98 57 9 80 34 53 12 89 37 55 0 88 25 41 19 77 95 54 6 78 31 51 18 76 94 52 5 87 30 50 24 49 100 40 11 79 36 68 14 86 39 67 1 90 26 48 20 82 96 66 7 85 32 44 17 83 93 43 4 73 29 45 23 46 99 47 10 84 35 65 13 72 38 64
1 69 27 63 20 68 96 62 8 70 34 61 18 71 94 60 6 75 32 56 25 58 100 41 12 81 38 59 15 80 91 57 3 74 29 55 22 89 97 54 9 77 35 52 16 88 92 53 4 76 30 51 23 78 98 50 10 79 36 49 13 87 39 48 0 90 26 67 19 86 95 66 7 82 33 43 17 83 93 65 5 85 31 42 24 45 99 44 11 84 37 46 14 73 40 47 2 72 28 64 21
67 96 63 8 68 32 62 17 70 92 41 4 75 29 61 23 42 99 58 11 69 35 59 14 80 38 57 1 76 26 60 20 74 95 55 7 73 31 54 18 77 93 53 5 72 30 56 24 51 100 50 12 71 36 52 15 78 90 39 2 79 27 40 21 87 97 65 9 86 33 49 16 82 91 43 3 89 28 48 22 83 98 44 10 81 34 45 13 88 37 46 0 84 25 47 19 85 94 64 6 66
31 63 17 70 93 62 4 74 29 42 23 61 99 43 10 71 36 58 13 75 39 56 1 68 26 59 20 69 96 60 7 76 33 55 16 73 92 54 3 77 28 53 22 57 98 52 9 72 35 50 12 86 38 51 0 79 25 41 19 78 95 40 6 87 32 67 18 85 94 66 5 88 30 64 24 49 100 48 11 89 37 44 14 82 90 45 2 83 27 46 21 81 97 47 8 80 34 65 15 84 91
63 3 69 28 42 22 70 98 61 10 71 35 62 13 81 38 56 0 74 25 58 19 75 95 59 7 76 32 60 17 80 93 55 5 89 30 53 24 52 100 57 12 88 37 54 15 78 40 51 2 77 27 50 21 86 97 49 9 87 34 41 16 79 92 67 4 90 29 68 23 43 99 48 11 91 36 66 14 85 39 44 1 82 26 45 20 83 96 46 8 73 33 47 18 84 94 65 6 72 31 64
25 63 100 42 12 69 37 57 15 71 40 61 2 73 28 62 21 70 96 56 8 75 34 58 16 76 91 59 3 80 29 60 22 74 97 55 9 81 35 52 13 88 38 53 0 78 26 54 19 77 94 51 6 86 32 50 18 87 93 49 5 79 31 41 24 67 99 68 11 90 36 43 14 89 39 48 1 85 27 66 20 82 95 44 7 83 33 45 17 72 92 46 4 84 30 47 23 64 98 65 10
68 35 56 13 69 39 63 1 70 26 61 20 81 96 62 7 71 32 59 18 76 94 41 5 80 30 58 24 57 100 60 11 74 37 55 15 75 91 54 2 73 27 53 21 88 97 52 8 77 33 51 16 87 92 50 3 78 28 49 22 79 98 40 9 86 34 42 12 90 38 65 0 82 25 48 19 85 95 66 6 83 31 44 17 84 93 43 4 89 29 45 23 46 99 47 10 67 36 64 14 72
40 42 2 70 27 63 20 71 96 61 8 74 33 62 17 69 93 56 5 75 30 43 23 58 99 59 11 76 36 60 14 80 39 53 1 73 26 55 19 72 95 57 7 77 32 54 18 78 94 51 6 86 31 52 24 50 100 49 12 87 37 41 15 79 91 67 3 85 28 66 21 84 97 65 9 90 34 48 16 89 92 44 4 82 29 45 22 83 98 46 10 81 35 47 13 88 38 64 0 68 25
63 18 71 94 62 6 70 31 43 16 74 92 61 4 75 29 42 23 58 99 56 10 69 35 59 13 68 38 60 1 76 26 55 20 72 96 54 8 73 33 52 15 77 91 57 3 86 28 53 22 39 98 51 9 78 34 41 12 79 37 40 0 87 25 67 19 85 95 49 7 88 32 48 17 82 93 50 5 89 30 44 24 45 100 64 11 83 36 46 14 81 90 47 2 80 27 66 21 84 97 65
9 69 35 63 16 70 92 62 3 74 29 42 23 71 98 61 10 75 36 58 13 80 39 56 0 81 26 59 20 76 95 60 6 89 32 55 18 77 94 54 5 88 31 53 25 52 100 57 12 86 38 50 15 79 41 51 2 78 28 49 22 87 97 48 8 90 34 67 17 82 93 66 4 91 30 68 24 43 99 65 11 83 37 45 14 84 40 44 1 85 27 46 21 73 96 47 7 72 33 64 19
68 94 63 6 70 30 62 24 42 100 61 12 71 36 60 15 74 90 56 2 75 27 58 21 69 97 59 9 80 33 57 16 73 91 55 3 77 28 54 22 53 98 52 10 72 34 41 13 76 37 50 0 79 25 51 19 78 95 39 7 87 31 40 18 86 93 66 5 82 29 49 23 65 99 43 11 89 35 48 14 83 38 45 1 88 26 44 20 81 96 46 8 84 32 47 17 85 92 64 4 67
29 63 22 41 98 42 10 68 36 61 13 71 39 62 1 69 26 59 19 70 95 58 7 75 33 57 17 76 93 60 5 80 31 55 24 54 100 52 11 74 37 53 14 73 90 56 2 88 27 51 20 77 96 50 8 87 34 49 15 78 91 40 3 79 28 67 21 85 97 43 9 86 35 48 12 89 38 66 0 81 25 44 18 82 94 45 6 83 32 46 16 72 92 47 4 84 30 65 23 64 99
42 11 70 36 63 14 71 39 61 1 74 26 62 20 69 96 56 7 75 32 43 17 76 93 58 4 80 29 59 23 60 99 53 10 73 35 55 13 72 38 57 0 77 25 54 19 78 95 51 6 86 31 52 18 87 94 50 5 79 30 41 24 40 100 67 12 85 37 66 15 84 91 48 2 90 27 49 21 89 97 44 8 82 33 45 16 83 92 46 3 81 28 47 22 88 98 65 9 68 34 64
13 70 38 42 0 71 26 63 20 74 95 61 7 69 32 62 18 75 93 56 5 76 30 43 24 58 99 59 11 80 36 60 15 73 40 53 2 88 28 55 22 77 97 57 9 78 34 54 17 86 92 51 4 87 29 52 23 50 98 49 10 79 35 41 14 90 39 65 1 89 27 67 21 82 96 48 8 85 33 66 19 83 94 44 6 84 31 68 25 45 100 46 12 81 37 47 16 72 91 64 3
68 28 63 21 70 97 62 8 74 34 42 15 71 92 61 3 75 29 56 22 81 98 58 9 80 35 59 12 76 38 60 0 88 25 55 18 73 95 54 6 77 32 52 17 86 94 57 5 78 31 53 24 50 100 51 11 79 37 49 14 87 40 41 2 91 27 67 20 90 96 66 7 82 33 43 16 83 93 48 4 85 30 65 23 45 99 44 10 89 36 46 13 84 39 47 1 69 26 64 19 72
95 63 7 68 32 62 18 70 93 42 5 71 30 61 24 57 100 56 12 75 37 58 15 69 40 59 2 80 27 60 21 76 97 55 9 74 34 54 16 73 91 52 3 77 28 53 22 88 98 51 10 86 35 50 13 78 38 49 0 79 25 41 19 87 94 67 6 90 31 66 17 82 92 65 4 89 29 48 23 43 99 44 11 83 36 45 14 85 39 46 1 81 26 47 20 84 96 64 8 72 33
63 16 68 92 62 4 70 29 42 23 41 99 61 10 71 35 58 13 75 38 59 1 80 26 57 20 69 96 60 7 76 32 55 18 74 94 54 5 73 30 52 24 53 100 56 11 72 36 51 14 77 90 50 2 87 27 39 21 78 97 40 8 79 33 66 15 85 91 49 3 86 28 43 22 82 98 48 9 89 34 45 12 83 37 44 0 88 25 46 19 81 95 47 6 84 31 64 17 67 93 65
5 70 31 63 24 42 99 43 11 71 37 61 14 69 40 62 1 74 27 56 20 75 96 58 8 76 34 59 17 80 93 60 4 73 30 55 23 53 98 52 10 88 36 57 13 78 39 54 0 77 26 51 19 86 95 50 7 87 33 49 18 79 94 41 6 85 32 67 25 68 100 66 12 90 38 65 15 89 91 48 2 82 28 44 21 83 97 45 9 81 35 46 16 84 92 47 3 72 29 64 22
68 97 63 9 70 34 42 13 71 37 61 0 69 25 62 19 74 94 56 6 75 31 58 17 76 92 59 4 80 29 60 23 55 99 53 11 73 36 52 15 88 39 57 2 78 27 54 21 77 96 51 8 86 33 50 16 87 91 41 3 79 28 40 22 67 98 65 10 90 35 43 14 89 38 48 1 85 26 49 20 82 95 44 7 83 32 45 18 84 93 46 5 81 30 47 24 66 100 64 12 72
37 63 15 69 91 62 2 68 27 61 21 70 97 60 8 71 33 56 16 74 92 58 3 75 28 59 22 81 98 57 9 80 34 53 12 89 38 55 0 88 25 41 19 77 95 54 6 78 31 51 18 76 94 52 5 87 30 50 24 48 100 49 11 79 36 42 14 86 40 67 1 90 26 65 20 82 96 66 7 85 32 44 17 83 93 43 4 73 29 45 23 47 99 46 10 84 35 64 13 72 39
63 1 71 26 62 20 70 96 43 8 74 33 61 18 75 94 42 6 81 31 58 24 56 100 59 12 80 37 60 15 76 40 55 3 88 28 54 21 89 97 52 9 77 34 57 16 86 92 53 4 78 29 50 22 51 98 49 10 79 35 41 13 87 38 67 0 91 25 66 19 90 95 68 7 82 32 48 17 83 93 69 5 85 30 45 23 44 99 46 11 84 36 47 14 73 39 65 2 72 27 64
21 71 96 63 8 68 33 62 17 70 92 41 4 75 30 61 24 42 99 58 11 69 36 59 14 80 39 57 1 76 27 60 20 74 95 55 7 73 32 54 18 77 93 53 5 72 31 56 25 51 100 50 12 87 37 52 15 78 90 49 2 79 28 40 22 85 97 66 9 86 34 64 16 82 91 43 3 89 29 48 23 83 98 44 10 81 35 45 13 88 38 46 0 84 26 47 19 67 94 65 6
70 31 63 17 74 93 62 4 71 29 42 23 43 99 61 10 75 36 58 13 80 39 56 1 69 26 59 20 76 96 60 7 73 33 55 16 77 92 54 3 72 28 53 22 52 98 57 9 86 35 50 12 79 38 51 0 78 25 41 19 87 95 40 6 85 32 67 18 90 94 66 5 89 30 64 24 48 100 49 11 82 37 44 14 83 91 45 2 81 27 46 21 88 97 47 8 84 34 65 15 68
91 63 3 68 28 62 22 70 98 42 10 74 35 61 13 71 38 58 0 75 25 56 19 80 95 59 7 69 32 60 17 76 93 55 5 73 30 54 24 53 100 52 12 77 37 57 15 88 40 50 2 86 27 51 21 79 97 49 9 78 34 41 16 87 92 67 4 90 29 66 23 65 99 43 11 82 36 48 14 89 39 45 1 83 26 44 20 81 96 46 8 85 33 47 18 84 94 64 6 72 31
63 24 41 100 62 11 69 36 61 14 68 90 60 2 71 27 56 20 70 96 58 8 75 33 59 15 73 91 57 3 80 28 55 21 74 97 52 9 81 34 53 12 88 37 54 0 78 25 51 18 77 94 50 6 76 31 39 17 87 93 40 5 79 30 67 23 42 99 43 10 86 35 48 13 89 38 49 1 85 26 44 19 82 95 45 7 83 32 46 16 72 92 47 4 84 29 66 22 65 98 64
10 69 36 42 14 71 40 63 1 70 27 61 21 81 96 62 7 75 33 56 19 76 94 57 5 80 31 58 25 59 100 60 12 74 38 52 16 88 41 55 2 89 28 53 22 78 97 54 8 77 34 51 17 86 92 50 3 87 29 49 23 79 98 48 9 90 35 68 13 91 39 67 0 82 26 65 20 85 95 66 6 83 32 44 18 73 93 43 4 84 30 45 24 46 99 47 11 72 37 64 15
70 39 42 2 67 26 63 20 74 96 61 8 69 32 62 17 75 93 56 5 76 29 43 23 58 99 59 11 80 35 60 14 73 38 53 1 72 25 55 19 77 95 57 7 78 31 54 18 86 94 51 6 71 30 52 24 50 100 41 12 79 36 40 15 85 91 66 3 87 27 64 21 90 97 48 9 89 33 49 16 82 92 44 4 83 28 45 22 81 98 46 10 88 34 47 13 84 37 65 0 68
25 63 18 71 94 62 6 70 32 43 16 74 92 61 4 75 30 42 23 56 99 58 10 69 36 59 13 68 39 60 1 76 27 55 20 72 96 54 8 73 34 52 15 77 91 57 3 86 29 53 22 51 98 50 9 78 35 41 12 79 38 40 0 87 26 67 19 85 95 66 7 88 33 48 17 82 93 49 5 89 31 44 24 64 100 45 11 83 37 46 14 81 90 47 2 80 28 65 21 84 97
63 9 69 34 62 16 70 92 42 3 74 28 61 22 71 98 58 10 75 35 56 13 80 38 59 0 81 25 60 19 76 95 55 6 89 31 54 18 77 94 53 5 88 30 52 24 57 100 50 12 86 37 51 15 79 40 49 2 78 27 41 21 87 97 67 8 90 33 66 17 82 93 68 4 91 29 43 23 48 99 45 11 83 36 44 14 84 39 46 1 85 26 47 20 73 96 65 7 72 32 64
19 69 94 63 6 68 31 62 25 41 100 61 12 71 37 60 15 70 90 56 2 75 28 58 22 67 97 59 9 80 34 57 16 74 91 55 3 73 29 54 23 77 98 52 10 88 35 53 13 76 38 50 0 79 26 51 20 78 95 49 7 87 32 40 18 86 93 65 5 82 30 66 24 42 99 43 11 89 36 48 14 83 39 45 1 81 27 44 21 85 96 46 8 84 33 47 17 72 92 64 4
69 29 63 22 42 99 41 10 71 36 61 13 81 39 62 1 70 26 59 19 75 96 58 7 76 33 57 17 80 94 60 5 74 31 55 24 52 100 54 11 89 37 53 14 88 91 56 2 77 27 51 20 87 97 50 8 78 34 49 15 79 92 40 3 86 28 67 21 68 98 43 9 90 35 48 12 85 38 66 0 82 25 44 18 83 95 45 6 73 32 46 16 84 93 47 4 72 30 65 23 64
99 63 11 70 36 42 14 74 39 61 1 67 26 62 20 69 95 56 7 75 32 43 17 76 92 58 4 68 29 60 23 59 98 55 10 73 35 53 13 77 38 57 0 72 25 54 19 78 94 51 6 86 31 52 18 71 93 50 5 79 30 40 24 41 100 66 12 85 37 64 15 87 90 48 2 88 27 49 21 89 96 44 8 82 33 45 16 83 91 46 3 81 28 47 22 80 97 65 9 84 34
42 12 70 37 63 0 71 25 61 19 74 95 62 6 69 31 56 17 75 93 43 4 76 29 58 23 59 99 60 10 80 35 53 14 73 39 55 2 88 27 57 21 77 97 54 8 78 33 51 16 86 92 52 3 87 28 50 22 41 98 40 9 79 34 65 13 90 38 67 1 89 26 48 20 82 96 49 7 85 32 44 18 83 94 68 5 84 30 45 24 46 100 47 11 81 36 66 15 72 91 64
3 69 29 63 22 70 97 62 9 74 35 42 16 71 92 61 4 75 30 56 23 81 98 58 10 80 36 59 13 76 39 60 0 88 26 55 19 89 95 54 7 77 33 52 18 86 94 57 6 78 32 53 25 50 100 51 12 79 38 49 15 87 41 48 2 91 28 67 21 90 96 66 8 82 34 43 17 83 93 65 5 85 31 68 24 45 99 44 11 84 37 46 14 73 40 47 1 72 27 64 20
69 95 63 7 68 32 62 18 70 93 61 5 71 30 60 24 56 100 58 12 75 36 41 15 67 90 59 2 80 27 57 21 74 97 55 9 73 33 54 16 77 91 52 3 72 28 53 22 76 98 51 10 78 34 50 13 79 37 39 0 87 25 40 19 89 94 65 6 86 31 49 17 82 92 43 4 83 29 48 23 42 99 45 11 81 35 44 14 88 38 46 1 84 26 47 20 85 96 64 8 66
33 63 16 70 92 62 4 74 29 42 23 61 99 43 10 71 36 58 13 75 39 56 1 80 26 59 20 69 96 60 7 76 32 55 18 73 94 54 5 77 30 53 24 57 100 52 11 72 37 50 14 86 40 51 2 79 27 49 21 78 97 41 8 87 34 67 15 85 91 66 3 90 28 64 22 82 98 48 9 89 35 45 12 83 38 44 0 88 25 46 19 81 95 47 6 84 31 65 17 68 93
63 5 70 30 42 23 43 99 61 11 71 36 62 14 69 39 56 1 74 26 58 20 75 96 59 8 76 33 60 17 80 93 55 4 73 29 53 22 52 98 57 10 88 35 54 13 78 38 51 0 77 25 50 19 86 95 41 7 87 32 40 18 79 94 67 6 85 31 68 24 66 100 48 12 90 37 49 15 89 91 44 2 82 27 45 21 83 97 46 9 81 34 47 16 84 92 65 3 72 28 64
22 69 97 63 9 70 35 42 13 71 38 61 0 73 26 62 19 74 94 56 6 75 32 58 17 76 92 59 4 80 30 60 24 55 99 53 11 81 37 52 15 88 40 57 2 78 28 54 21 77 96 51 8 86 34 50 16 87 91 49 3 79 29 41 23 67 98 68 10 90 36 43 14 89 39 48 1 85 27 66 20 82 95 44 7 83 33 45 18 72 93 46 5 84 31 47 25 64 100 65 12
69 37 63 15 68 91 62 2 70 27 61 21 71 97 60 8 74 33 56 16 75 92 58 3 81 28 59 22 80 98 57 9 73 34 53 12 88 38 55 0 77 25 41 19 78 95 54 6 76 31 51 18 87 94 52 5 79 30 50 24 49 100 40 11 86 36 42 14 90 39 65 1 82 26 48 20 85 96 66 7 83 32 44 17 84 93 43 4 89 29 45 23 46 99 47 10 67 35 64 13 72
39 56 1 68 26 63 20 69 96 61 8 70 33 62 18 81 94 59 6 71 31 41 24 58 100 57 12 76 37 60 15 80 91 55 3 74 28 54 21 75 97 53 9 89 34 52 16 88 92 51 4 77 29 50 22 87 98 49 10 78 35 48 13 79 38 42 0 86 25 67 19 90 95 65 7 82 32 66 17 85 93 44 5 83 30 43 23 45 99 46 11 73 36 47 14 84 40 64 2 72 27
63 20 71 96 62 7 68 32 41 16 70 92 61 4 75 29 42 23 58 99 59 10 69 35 57 13 80 38 60 1 76 26 55 19 74 95 54 6 73 31 53 17 77 93 56 5 88 30 51 24 50 100 52 11 87 36 39 14 78 90 40 2 79 27 67 21 89 97 49 8 86 33 43 15 82 91 48 3 83 28 65 22 45 98 44 9 85 34 46 12 81 37 47 0 84 25 66 18 72 94 64
6 70 32 63 18 74 93 62 4 71 30 42 24 43 99 61 11 75 37 58 14 80 40 56 1 69 27 59 21 76 96 60 8 73 34 55 17 77 92 54 3 88 29 53 23 52 98 57 10 86 36 50 13 79 39 51 0 78 26 49 20 87 95 41 7 85 33 67 19 90 94 66 5 89 31 68 25 65 100 48 12 82 38 44 15 83 91 45 2 81 28 46 22 84 97 47 9 72 35 64 16
68 91 63 3 70 28 62 22 74 98 42 10 71 34 61 13 75 37 58 0 80 25 56 19 69 95 59 7 76 31 60 17 73 93 55 5 77 30 54 24 53 100 52 12 72 36 57 15 86 39 50 2 79 27 51 21 78 97 41 9 87 33 40 16 90 92 66 4 82 29 49 23 65 99 43 11 89 35 48 14 83 38 45 1 88 26 44 20 81 96 46 8 84 32 47 18 85 94 64 6 67
31 63 24 62 100 41 11 69 37 61 14 68 90 60 2 71 27 56 20 70 96 58 8 75 34 59 15 73 91 57 3 80 28 55 21 74 97 52 9 81 35 53 12 88 38 54 0 78 25 51 18 77 94 50 6 76 32 49 17 87 93 40 5 79 30 67 23 43 99 42 10 86 36 48 13 89 39 66 1 85 26 44 19 82 95 45 7 83 33 46 16 72 92 47 4 84 29 65 22 64 98
56 10 68 35 63 14 69 39 61 1 70 26 62 20 81 96 59 7 71 32 41 18 76 94 58 5 80 30 57 24 60 100 55 12 74 37 54 15 75 91 53 2 89 27 52 21 88 97 51 8 77 33 50 16 87 92 49 3 78 28 40 22 79 98 42 9 86 34 67 13 90 38 48 0 82 25 66 19 85 95 44 6 83 31 43 17 73 93 45 4 84 29 46 23 47 99 65 11 72 36 64
15 70 40 42 2 71 27 63 21 74 96 61 8 81 33 62 18 75 93 56 5 76 30 43 24 58 99 59 11 80 36 60 14 89 39 53 1 88 26 55 20 77 95 57 7 78 32 54 19 86 94 51 6 87 31 52 25 50 100 49 12 79 37 48 16 90 41 69 3 91 28 67 22 82 97 65 9 85 34 66 17 83 92 44 4 73 29 68 23 45 98 46 10 84 35 47 13 72 38 64 0
71 25 63 18 70 95 62 6 74 32 43 16 75 93 61 4 69 30 42 23 58 99 56 10 80 36 59 13 76 39 60 1 72 27 55 20 73 97 54 8 77 34 52 15 86 92 57 3 78 29 53 22 50 98 51 9 79 35 41 12 87 38 40 0 85 26 67 19 90 96 66 7 82 33 48 17 89 94 49 5 83 31 44 24 45 100 64 11 81 37 46 14 88 91 47 2 84 28 65 21 68
97 63 9 68 34 62 16 70 91 42 3 74 28 61 22 71 98 56 10 75 35 58 13 69 38 59 0 80 25 60 19 76 94 55 6 73 31 54 18 77 93 53 5 88 30 57 24 52 100 51 12 86 37 50 15 78 40 49 2 79 27 41 21 87 96 67 8 90 33 66 17 82 92 65 4 89 29 48 23 43 99 44 11 83 36 45 14 85 39 46 1 81 26 47 20 84 95 64 7 72 32
63 18 69 94 62 5 68 30 41 24 61 100 60 11 71 36 56 14 70 90 58 2 75 27 59 21 67 97 57 8 80 33 55 15 74 91 54 3 73 28 52 22 77 98 53 9 88 34 50 12 76 37 51 0 79 25 39 19 78 95 40 6 87 31 65 17 86 93 49 4 82 29 42 23 43 99 48 10 89 35 45 13 83 38 44 1 81 26 46 20 85 96 47 7 84 32 66 16 72 92 64
4 68 30 63 23 42 99 41 11 71 37 61 14 81 40 62 1 70 27 59 20 75 96 58 8 76 34 57 18 80 94 60 6 74 32 55 25 52 100 54 12 73 38 53 15 88 91 56 2 77 28 51 21 87 97 50 9 78 35 49 16 79 92 48 3 85 29 67 22 86 98 43 10 90 36 65 13 89 39 66 0 82 26 44 19 83 95 45 7 69 33 46 17 84 93 47 5 72 31 64 24
63 99 42 11 70 35 43 14 71 38 61 1 69 26 62 20 74 95 56 7 75 32 58 17 76 92 59 4 68 29 60 23 55 98 53 10 73 34 52 13 72 37 57 0 78 25 54 19 77 94 51 6 86 31 39 18 87 93 41 5 79 30 40 24 67 100 64 12 85 36 49 15 88 90 48 2 89 27 50 21 82 96 44 8 83 33 45 16 81 91 46 3 80 28 47 22 66 97 65 9 84
34 42 12 70 38 63 0 71 25 61 19 74 95 62 6 69 31 56 17 75 93 43 4 76 29 58 23 60 99 59 10 80 36 53 14 73 40 55 2 88 27 57 21 77 97 54 8 78 33 51 16 86 92 52 3 87 28 50 22 41 98 49 9 79 35 65 13 90 39 67 1 89 26 48 20 82 96 66 7 85 32 44 18 83 94 68 5 84 30 45 24 47 100 46 11 81 37 64 15 72 91
63 3 69 28 62 21 70 97 42 9 74 34 61 16 71 92 56 4 75 29 58 22 81 98 59 10 80 35 60 13 76 38 55 0 88 25 54 19 89 95 52 7 77 32 57 18 86 94 53 6 78 31 50 24 51 100 49 12 79 37 41 15 87 40 67 2 91 27 66 20 90 96 43 8 82 33 48 17 83 93 68 5 85 30 45 23 44 99 46 11 84 36 47 14 73 39 65 1 72 26 64
50 85 95 79 7 86 63 74 48 82 93 73 5 89 61 72 55 75 100 70 12 83 67 76 45 81 90 71 2 88 58 80 52 84 97 78 9 87 64 77 46 35 91 27 3 34 59 15 53 31 98 26 10 36 65 28 13 33 68 29 0 32 56 30 49 40 94 16 6 41 62 25 47 43 92 24 4 44 60 18 54 19 99 23 11 37 66 22 14 38 69 20 1 39 57 21 51 42 96 17 8
