21 47 58 2 50 62 26 70 6 72 39 37 61 31 29 49 28 38 57 22 43 33 46 52 73 7 66 23 69 16 40 45 54 64 65 68 10 11 55 75 5 34 4 51 24 15 12 17 3 60 36 25 20 35 63 13 18 8 30 1 56 59 19 42 14 27 74 48 32 44 71 53 67 0 41 9
45 58 49 28 42 61 62 46 13 27 50 11 29 16 4 35 55 67 71 38 40 33 5 26 41 68 60 10 17 32 24 56 18 21 30 15 69 48 36 6 64 23 19 73 53 22 8 65 72 70 2 31 7 14 63 1 9 39 44 75 59 54 37 34 43 20 51 25 3 12 47 57 0 74 66 52
8 73 54 40 58 1 57 43 37 4 64 35 47 23 24 68 65 14 51 5 29 69 11 2 0 56 46 44 16 75 74 50 49 71 10 63 6 9 20 38 7 66 28 12 31 32 52 67 48 45 53 34 22 42 70 27 21 3 13 62 41 33 61 25 15 17 60 26 59 39 55 19 18 36 30 72
71 75 29 35 43 4 51 18 61 56 36 44 74 68 10 32 60 5 67 40 54 39 50 25 49 19 22 41 14 58 34 59 73 66 33 24 28 7 48 27 62 42 52 57 38 23 72 11 30 45 70 9 0 37 6 12 31 53 17 8 13 64 65 15 63 3 47 1 2 55 26 21 20 69 16 46
73 34 64 26 10 16 61 1 29 30 75 69 19 20 6 37 23 8 66 54 65 35 17 9 21 71 2 32 58 43 15 0 39 48 27 68 52 60 38 25 18 62 53 14 13 4 57 56 12 36 24 74 3 31 45 5 41 28 63 33 67 51 50 70 22 46 47 42 40 55 11 72 44 49 7 59
37 12 66 17 41 13 57 19 50 33 53 0 39 6 60 20 22 67 29 18 48 44 38 45 36 11 70 26 52 21 30 35 71 9 59 61 73 1 40 69 27 46 54 58 15 74 51 16 28 49 10 34 5 8 3 2 25 32 72 56 43 14 62 55 63 47 23 68 42 75 31 24 4 65 7 64
29 41 75 33 73 34 30 24 8 25 47 74 15 51 65 40 49 58 67 10 72 28 12 27 57 45 20 55 62 13 46 38 11 7 39 14 43 42 32 63 2 1 71 54 50 69 16 26 53 0 56 36 68 4 3 70 21 19 23 60 48 64 59 6 31 61 18 17 44 5 9 35 37 52 22 66
28 38 45 63 48 67 43 26 22 1 36 69 42 75 2 56 66 44 29 25 49 9 32 54 19 37 33 40 14 41 27 72 24 73 70 15 16 4 3 0 21 6 74 8 35 12 34 5 57 20 50 52 64 58 17 51 60 55 30 61 13 18 71 31 68 11 10 39 62 7 59 23 65 53 46 47
72 2 55 40 0 70 20 21 74 13 6 52 61 46 5 7 62 66 60 10 39 47 19 18 64 34 29 16 26 43 50 30 12 44 37 32 8 9 25 24 11 75 36 14 17 67 56 33 38 57 31 58 1 22 45 59 54 65 73 27 49 35 4 28 68 53 51 71 69 3 42 41 15 23 48 63
48 72 22 2 5 47 67 37 25 40 29 14 36 74 58 8 12 41 1 6 70 17 75 60 54 49 13 65 9 39 55 28 43 53 3 26 45 61 19 57 30 42 15 34 69 63 50 35 20 71 56 27 62 46 0 7 10 32 11 21 4 59 66 16 68 24 64 73 31 33 52 38 44 51 23 18
69 26 58 40 3 52 22 51 39 44 1 13 29 8 23 32 16 45 43 56 12 57 48 27 74 54 72 49 68 55 31 19 20 71 70 11 42 63 64 17 41 24 6 66 61 28 67 35 18 25 46 33 2 38 34 7 62 59 53 65 5 60 14 47 21 4 36 10 30 37 9 73 15 0 50 75
35 40 37 58 47 63 20 28 43 41 27 19 15 59 0 12 5 53 57 26 49 64 69 56 39 6 24 13 25 54 55 48 32 72 14 2 52 10 65 16 70 62 67 45 22 38 44 68 51 18 66 75 1 74 9 60 23 4 21 71 50 46 61 8 7 29 36 30 33 3 42 17 73 31 34 11
50 25 46 11 33 72 43 39 38 58 48 42 69 40 31 15 65 29 70 54 8 37 26 60 21 20 36 52 1 19 0 28 32 16 71 47 7 14 57 56 5 4 18 35 51 66 27 55 68 3 59 30 10 61 49 67 53 41 6 17 13 12 63 44 23 62 73 45 34 2 22 64 74 9 24 75
37 6 1 39 61 35 31 65 21 45 11 33 46 74 36 29 22 48 73 43 47 58 42 52 16 63 26 9 71 0 14 15 53 41 24 55 59 40 28 34 62 72 69 18 13 23 68 12 56 54 38 7 30 49 27 10 3 19 60 8 70 20 5 32 50 51 67 25 2 17 44 57 75 64 4 66
37 73 12 30 27 43 0 72 58 25 46 33 47 1 32 71 6 49 51 23 45 9 36 8 26 48 22 13 55 64 69 24 16 41 52 56 53 34 19 10 57 67 28 35 66 38 4 5 74 7 54 63 15 50 68 2 29 75 44 39 61 11 65 3 14 20 18 59 62 42 40 60 17 21 31 70
60 48 58 54 41 23 31 46 22 68 71 42 4 35 38 55 33 0 28 50 72 66 14 29 18 40 6 30 5 2 62 51 34 65 37 64 3 26 25 47 59 15 39 45 61 21 17 69 44 32 63 10 75 11 13 16 8 49 24 74 1 20 7 43 57 27 12 9 36 73 70 53 52 56 67 19
10 47 18 74 38 41 0 75 46 35 13 15 48 26 45 69 14 4 64 27 66 65 50 59 7 58 70 34 23 19 36 51 11 30 40 21 57 67 55 63 28 68 31 49 12 5 2 71 53 39 72 56 3 52 20 62 1 22 17 32 16 61 54 43 29 25 8 24 33 44 42 6 37 73 60 9
7 24 28 55 20 5 71 3 22 46 13 74 51 59 67 16 35 50 2 9 58 40 25 10 33 1 44 64 6 11 72 56 23 63 30 61 57 4 8 19 75 34 15 37 60 39 0 26 48 32 27 18 47 53 43 12 66 41 69 21 70 42 73 49 52 14 31 38 65 62 17 29 45 68 54 36
26 63 35 15 56 1 44 40 42 4 21 7 72 18 16 54 50 64 71 25 19 10 2 36 31 61 8 23 27 17 68 70 65 69 6 24 74 5 32 22 47 13 53 39 33 30 46 12 57 28 3 67 29 38 52 34 62 41 59 49 14 66 43 20 45 37 60 73 48 75 58 0 55 9 11 51
66 21 71 67 62 56 49 12 27 36 64 45 48 65 69 68 1 63 52 26 31 19 58 35 22 11 20 5 72 47 3 53 17 42 75 37 43 70 44 41 51 8 34 23 39 9 7 13 55 46 16 10 24 32 60 28 38 6 59 40 57 14 15 74 2 61 25 73 50 18 33 4 30 0 29 54
54 60 0 19 26 69 49 34 35 48 5 67 45 43 61 32 75 68 51 12 28 16 50 17 33 23 30 65 66 18 44 27 25 57 39 1 3 74 15 6 58 9 11 41 20 14 55 62 46 42 7 8 63 2 24 40 52 22 56 13 71 4 21 53 37 59 47 31 10 36 73 72 70 64 38 29
27 35 28 49 3 37 45 66 0 75 68 26 30 72 7 62 8 25 29 46 17 13 18 44 15 70 60 38 36 9 50 4 33 65 34 74 63 69 55 6 57 32 39 10 12 16 20 52 59 40 73 56 21 23 61 1 5 41 53 31 22 47 58 67 48 24 19 42 2 11 64 54 51 71 43 14
53 48 72 17 1 28 29 37 12 49 73 5 44 67 38 64 23 31 3 30 68 54 13 45 52 75 50 2 55 47 66 61 58 71 7 26 40 18 69 16 43 41 70 51 11 22 63 8 39 60 20 33 34 62 15 59 21 14 65 9 10 6 19 57 0 42 4 35 32 46 56 27 24 74 25 36
31 48 54 46 22 26 28 68 13 11 20 34 14 61 5 69 6 75 59 27 2 30 10 51 0 8 32 3 60 47 72 53 49 19 42 7 73 65 70 23 29 37 52 62 41 56 25 16 71 40 15 45 63 36 57 4 50 44 64 12 66 21 58 1 43 35 17 55 74 9 39 67 38 33 18 24
68 49 28 34 16 56 13 60 35 22 67 46 43 61 39 41 1 47 48 21 69 51 23 18 15 75 50 44 57 62 10 5 38 66 8 40 2 53 59 7 63 37 6 54 73 11 36 32 71 0 31 4 55 70 45 72 24 30 27 58 52 12 42 9 25 14 3 29 33 19 17 20 64 74 26 65
20 71 16 64 75 65 11 37 66 8 30 70 21 40 34 9 28 5 0 22 43 10 6 53 62 72 56 26 33 69 50 61 54 24 36 18 67 59 13 55 31 57 4 60 58 41 12 74 35 29 63 23 25 47 15 39 32 52 27 49 14 48 3 73 45 19 46 1 7 17 68 51 38 44 2 42
48 57 20 22 15 12 52 11 40 14 18 53 29 43 13 38 34 64 69 75 23 49 72 50 46 65 17 55 28 71 27 30 66 19 2 47 32 59 60 25 6 26 5 41 56 68 73 21 35 37 10 63 42 54 16 9 74 24 4 62 61 1 31 36 51 67 39 44 8 58 7 70 3 45 0 33
9 33 32 1 73 49 8 26 12 44 47 20 58 29 70 48 37 36 62 65 19 13 17 11 6 60 46 21 52 45 69 40 42 57 64 27 68 35 28 24 14 3 50 31 71 39 34 51 55 61 53 56 54 72 43 2 10 15 23 4 0 18 67 59 22 41 30 38 74 75 16 5 63 7 25 66
0 46 54 42 24 68 63 18 69 25 31 15 60 33 23 67 58 71 66 50 61 32 26 13 8 72 36 30 62 2 45 7 9 75 40 10 12 22 34 49 53 28 3 41 20 70 16 35 51 5 47 59 48 29 55 39 19 43 1 64 44 14 74 21 4 37 57 6 17 65 52 38 73 27 56 11
58 10 68 19 0 11 70 5 43 69 16 26 18 41 7 47 1 38 56 48 61 55 24 54 57 9 3 71 49 66 20 23 8 31 75 21 15 22 4 32 64 37 30 62 36 65 67 17 12 25 2 42 51 6 44 74 72 73 53 40 14 33 34 35 29 60 27 59 39 45 28 50 52 13 63 46
75 70 15 12 0 3 40 57 59 66 33 49 32 53 39 37 22 34 58 45 62 44 64 38 46 31 41 30 16 42 7 10 61 20 65 43 71 6 2 35 50 5 67 4 48 60 63 47 69 18 17 27 21 19 74 51 14 54 1 73 9 36 23 11 24 72 55 29 26 52 56 68 13 25 8 28
47 2 19 43 51 21 3 11 17 20 28 68 34 61 58 70 72 59 22 66 62 23 36 9 56 46 50 54 60 27 14 15 49 45 33 35 75 16 67 37 57 6 74 63 39 53 41 24 64 0 73 29 7 25 26 42 55 69 31 10 52 48 71 32 1 44 38 18 5 12 65 40 8 30 4 13
55 45 1 44 34 51 60 9 26 75 19 24 39 36 32 64 66 10 14 33 58 31 23 16 38 11 71 27 72 40 63 50 2 0 73 8 30 29 59 12 68 53 42 28 18 15 70 46 74 56 6 25 5 21 22 57 37 47 61 3 65 41 35 43 7 49 54 48 13 20 52 67 62 4 17 69
38 2 63 41 29 60 25 70 47 23 39 6 19 32 5 7 71 4 52 73 36 54 8 34 18 16 53 31 64 28 55 43 61 14 37 49 68 62 74 17 22 58 57 66 21 59 75 3 51 27 44 48 12 33 67 50 45 26 13 1 35 42 24 9 30 15 20 0 65 69 56 10 72 46 11 40
34 25 75 45 1 32 46 11 72 42 0 30 13 69 21 62 67 29 8 58 54 3 68 26 4 5 23 6 74 52 71 16 24 65 28 22 48 41 36 12 56 19 55 70 37 9 35 17 38 39 43 40 73 63 27 31 66 61 64 14 18 15 59 60 57 2 20 51 7 33 47 44 10 49 50 53
14 25 35 75 34 20 71 46 4 68 9 19 7 55 28 74 62 52 27 8 3 57 69 17 12 40 72 70 1 33 42 16 73 10 43 11 48 53 30 2 6 41 66 59 44 31 26 0 47 56 18 61 37 32 15 5 64 60 65 49 38 58 23 50 29 13 54 21 45 36 22 24 63 51 39 67
44 14 12 68 21 66 74 43 60 15 25 62 67 10 50 24 32 22 17 7 20 6 55 35 61 29 28 57 37 0 59 18 53 16 41 49 39 64 9 46 58 52 72 19 27 8 23 54 56 65 40 33 5 70 34 45 71 63 42 31 1 30 69 26 73 75 13 3 36 47 2 4 11 48 51 38
0 30 45 33 72 22 25 15 64 52 35 41 5 34 39 62 27 32 11 42 29 54 13 69 50 68 17 19 61 73 26 47 55 58 20 7 16 57 48 3 12 60 75 9 44 66 36 40 14 8 18 46 53 4 10 2 21 1 23 67 6 24 31 37 43 51 38 74 59 65 49 28 56 71 70 63
48 5 42 50 61 4 73 30 46 41 33 71 19 29 38 35 22 51 65 25 12 0 23 70 67 8 3 36 72 66 2 16 21 28 63 13 53 57 75 40 39 49 32 55 45 7 54 27 17 18 58 44 26 1 11 6 9 15 52 64 74 62 31 34 60 56 59 14 24 47 69 68 10 43 37 20
55 53 7 8 45 69 22 41 35 62 33 60 68 6 31 70 48 14 58 56 44 15 36 57 32 49 59 24 23 72 34 0 19 28 66 21 16 64 51 30 47 65 12 43 52 74 3 71 25 38 9 67 54 75 20 50 42 17 63 46 18 5 73 13 26 10 37 11 61 39 4 1 27 40 2 29
63 53 18 62 9 65 12 32 57 52 30 51 5 28 0 42 26 68 66 31 72 13 45 10 39 20 75 55 71 7 61 8 67 3 23 69 14 24 73 34 15 70 22 59 58 2 16 74 19 17 36 56 38 46 37 1 44 21 40 49 60 64 25 6 47 35 43 50 27 48 11 33 41 29 54 4
60 23 73 29 2 42 52 1 25 28 63 22 44 33 61 35 7 74 67 9 31 6 10 69 11 14 75 47 27 50 41 70 62 20 58 17 21 48 0 68 65 59 4 64 71 72 39 51 36 8 46 40 15 18 45 34 13 53 5 54 26 30 24 49 16 43 56 19 32 3 12 38 37 66 57 55
12 1 61 4 28 34 8 10 16 9 66 32 72 25 29 17 75 24 74 46 39 44 38 42 18 36 0 15 22 7 20 53 30 31 55 41 56 73 50 52 60 48 62 21 68 63 57 23 69 40 3 70 27 45 6 37 14 2 58 49 64 47 67 35 65 33 59 13 54 51 11 43 5 26 71 19
27 41 45 2 6 52 61 25 48 12 70 47 10 51 69 75 54 5 39 56 34 9 73 30 29 40 28 35 26 15 66 59 1 3 64 36 67 49 23 62 16 55 17 13 31 38 19 0 24 18 8 4 68 32 21 46 44 43 72 37 58 63 42 22 53 71 65 74 60 7 50 57 20 14 11 33
21 20 35 39 16 36 42 4 17 74 3 41 53 14 38 52 67 71 6 37 19 50 49 51 66 70 57 0 12 1 30 62 59 69 75 25 64 44 32 54 23 9 72 22 73 46 26 63 58 47 29 10 68 7 55 45 13 28 60 48 31 27 33 65 8 43 61 18 11 15 24 2 56 40 34 5
50 8 27 55 12 6 20 11 39 14 3 44 63 30 75 17 48 37 29 15 26 49 34 32 65 54 40 7 22 42 56 21 69 1 68 46 64 28 33 59 5 74 72 31 25 52 66 13 71 67 24 38 4 73 41 35 61 19 62 43 47 45 70 60 0 18 57 10 9 51 36 2 53 16 58 23
37 62 20 7 1 50 45 71 39 30 34 75 68 60 2 5 67 18 65 22 61 9 59 6 27 21 66 41 36 56 63 0 26 35 32 11 16 43 72 19 13 54 49 12 15 38 46 4 55 8 14 44 3 53 25 57 31 69 73 10 24 51 70 48 74 29 40 17 58 23 64 47 28 42 33 52
45 29 21 69 35 10 30 4 25 27 23 44 16 47 53 34 11 51 66 15 52 74 75 59 73 46 7 67 38 9 0 60 57 65 58 41 56 17 2 19 13 5 71 36 28 8 18 49 68 48 55 72 54 33 22 6 31 43 40 26 39 62 64 14 32 24 20 50 1 42 37 3 63 12 70 61
28 51 45 74 12 25 21 57 27 41 9 48 2 16 40 17 29 71 5 53 34 0 46 8 59 66 55 20 60 31 36 52 75 13 6 73 19 47 32 18 37 63 42 15 44 11 30 26 3 1 50 7 23 10 14 56 24 68 70 49 65 33 54 4 35 43 58 62 69 67 22 72 38 61 39 64
34 64 11 9 68 20 51 56 28 49 38 35 30 8 62 2 63 42 55 4 26 66 31 32 14 21 12 46 0 22 1 15 71 17 61 53 47 58 36 7 24 44 72 74 13 67 16 54 33 5 23 29 69 43 70 37 41 3 75 65 59 6 50 73 52 19 57 27 39 18 60 10 45 48 40 25
35 32 57 4 16 3 56 36 20 40 37 45 41 51 27 26 49 43 14 21 47 22 62 46 60 15 72 54 18 70 52 38 71 28 61 12 1 7 50 29 2 6 64 5 17 34 19 10 67 11 68 58 9 8 25 42 66 55 39 30 65 48 24 69 44 53 33 73 23 31 0 59 75 63 74 13
59 48 2 14 8 18 22 32 23 74 70 41 1 58 9 40 37 53 26 66 67 11 56 62 46 27 61 33 30 6 64 55 3 50 60 29 24 54 36 65 34 7 49 19 5 47 69 35 0 43 17 75 52 25 45 42 57 12 20 63 72 73 21 44 10 31 4 28 13 15 68 51 71 16 39 38
0 5 73 22 49 56 31 48 47 67 6 74 9 42 58 26 24 50 16 63 12 72 23 1 17 36 69 13 4 10 68 44 3 55 21 71 33 70 27 32 38 35 54 29 19 30 57 62 75 14 18 7 39 61 45 2 59 28 11 37 41 34 20 25 65 43 51 40 53 15 52 46 60 66 64 8
23 41 27 28 60 36 65 57 15 9 51 50 46 62 72 56 54 19 39 4 35 3 30 8 69 10 5 71 22 37 21 68 6 18 53 44 48 33 38 61 70 73 40 17 49 31 58 24 34 7 45 12 26 55 42 29 2 52 20 59 32 0 25 75 67 1 74 43 66 11 14 64 13 47 63 16
4 65 41 71 27 44 50 72 18 58 33 69 68 61 54 46 47 51 21 0 6 29 74 64 25 75 12 19 34 10 55 37 53 5 22 28 1 48 7 31 17 20 13 63 73 38 36 8 26 11 35 39 40 45 62 70 9 52 2 67 43 59 14 3 15 56 42 49 57 24 32 60 30 23 16 66
60 30 21 12 49 33 25 27 72 24 61 63 74 65 0 57 43 16 67 35 39 52 54 64 45 62 22 71 50 28 14 20 38 7 37 44 56 69 10 53 36 11 9 19 29 41 66 17 3 59 15 26 2 70 68 47 1 5 42 48 55 18 6 13 8 75 31 73 23 34 32 40 58 46 4 51
27 9 75 43 53 62 25 57 36 38 65 5 45 49 7 39 28 29 69 70 40 30 48 31 51 54 15 23 21 22 67 4 72 50 66 63 6 60 11 12 19 59 55 24 32 52 16 17 3 46 73 41 33 18 26 13 0 56 2 64 34 61 68 20 8 10 37 35 71 44 14 1 47 58 42 74
40 42 45 25 56 34 41 27 71 8 2 20 1 23 47 7 64 72 61 6 57 55 39 9 4 65 59 46 49 22 10 5 43 18 17 75 24 63 73 52 69 70 50 21 33 48 32 53 14 54 3 51 30 28 31 67 13 26 11 38 15 0 35 19 62 29 60 36 12 58 66 68 37 16 74 44
72 1 39 73 67 11 4 10 19 22 32 46 5 42 41 27 37 53 54 43 28 0 36 25 59 74 63 8 47 17 60 21 48 9 3 64 30 24 45 7 26 71 58 61 51 23 62 56 75 35 52 69 40 18 65 57 13 31 34 38 20 16 44 49 55 29 2 14 68 66 70 6 50 15 33 12
19 26 51 30 10 28 37 45 33 44 9 21 68 15 25 12 59 74 56 52 69 13 14 36 17 63 72 3 39 23 7 53 35 31 60 27 4 67 8 61 54 58 70 64 41 34 73 24 2 22 66 29 32 20 1 71 46 55 57 38 40 6 11 48 16 50 65 49 62 0 75 5 42 18 43 47
50 68 48 7 19 5 24 66 63 2 41 27 29 55 35 34 59 9 60 67 75 22 54 20 25 62 47 8 37 28 71 72 39 18 70 65 40 13 15 31 46 26 11 4 38 73 16 44 61 14 30 49 64 10 0 69 56 32 53 21 58 23 36 57 3 45 1 12 33 17 51 74 43 52 42 6
29 24 3 16 74 36 33 43 27 17 7 58 0 59 28 35 34 72 41 68 20 61 57 62 66 45 39 14 15 46 12 26 11 67 23 4 64 42 40 32 48 37 49 73 55 10 38 69 25 9 44 2 5 56 6 1 31 70 54 50 22 53 19 60 65 30 8 75 71 52 63 51 18 13 47 21
8 16 44 57 25 20 11 67 34 45 24 49 32 71 61 23 47 14 64 9 65 62 27 17 35 19 59 28 33 43 63 58 72 12 55 5 2 37 7 3 13 36 21 70 18 40 74 53 26 46 42 68 4 31 39 54 38 50 60 69 22 15 73 48 1 10 56 30 66 0 75 51 29 6 52 41
21 31 74 37 68 2 10 25 4 13 19 63 38 73 54 35 61 57 52 11 12 51 41 50 15 65 20 48 66 29 69 46 5 14 9 34 53 27 72 16 49 59 67 39 28 71 8 43 3 44 75 22 1 62 40 26 18 47 17 23 42 36 64 55 45 0 60 56 32 70 33 7 6 58 24 30
19 46 9 37 65 38 18 28 6 24 63 74 12 59 34 3 50 60 53 15 70 62 58 48 25 57 7 47 1 31 71 14 73 16 51 43 5 75 45 22 26 30 64 23 39 32 72 2 61 52 55 29 20 66 54 69 8 33 41 44 10 13 11 4 17 49 35 36 68 27 67 21 42 56 0 40
19 53 60 3 47 25 72 18 67 35 20 55 31 5 17 69 44 63 46 13 61 21 71 54 0 23 45 27 34 15 57 50 4 33 26 39 10 8 6 22 1 62 12 65 7 42 29 52 49 59 11 73 48 30 24 75 14 74 37 68 56 36 28 51 58 41 38 16 64 43 2 40 9 70 66 32
28 69 13 63 26 41 15 49 44 66 68 6 3 60 42 11 34 12 46 9 19 61 55 58 59 36 62 14 51 5 53 52 47 22 17 43 64 70 33 73 54 65 31 32 71 38 16 40 30 20 18 27 23 21 57 7 37 4 10 1 29 56 75 72 50 35 39 48 67 74 25 0 2 45 8 24
51 70 74 53 25 71 18 13 14 17 10 28 69 19 0 29 1 57 38 73 48 4 42 11 32 60 33 37 62 66 65 67 63 55 20 2 24 64 54 41 68 23 30 3 43 36 26 52 75 39 35 7 49 44 40 58 72 12 47 46 50 61 22 16 6 5 45 21 15 34 56 8 27 59 9 31
47 0 36 75 53 33 12 1 37 54 71 56 63 20 38 2 43 24 46 34 73 22 39 6 45 26 55 29 30 42 67 7 35 3 44 16 11 69 13 52 5 21 31 72 74 25 10 66 40 17 48 23 59 32 9 49 58 15 70 50 61 65 41 62 51 14 64 27 4 18 60 57 19 8 68 28
56 15 55 73 0 30 24 41 49 45 37 31 64 29 13 9 14 47 7 10 70 68 23 62 4 1 36 26 17 32 69 74 72 53 28 20 65 12 25 27 57 16 22 61 42 44 21 51 8 50 75 38 71 3 48 43 18 46 67 66 54 59 60 33 6 58 5 63 11 19 2 34 40 52 35 39
33 55 7 21 53 29 1 26 45 66 56 69 61 62 3 72 22 48 18 40 17 54 0 75 16 60 44 9 47 12 27 36 68 6 51 70 49 2 59 13 46 73 42 32 23 20 4 57 63 31 34 43 14 8 10 5 24 19 35 37 71 41 52 11 39 58 67 15 65 64 50 30 38 28 25 74
19 21 60 75 58 11 65 0 68 23 49 67 59 47 14 45 28 32 7 4 41 70 55 36 10 16 40 43 25 51 46 73 31 13 39 1 27 2 74 61 62 33 69 8 34 64 38 18 24 57 53 30 72 71 15 48 22 35 63 26 37 17 42 66 54 50 12 3 29 5 6 20 56 9 52 44
72 47 5 54 69 22 23 38 56 68 55 29 59 36 51 1 24 34 37 11 74 46 43 8 28 71 66 60 42 31 57 26 25 53 0 12 67 14 70 9 64 15 10 41 13 40 61 17 6 50 19 39 18 45 30 7 32 27 4 65 75 20 2 16 58 52 62 48 35 3 44 21 33 49 73 63
19 21 22 68 17 63 69 42 39 3 64 44 29 35 46 34 2 5 52 62 24 55 11 20 66 51 48 71 53 28 72 75 37 31 61 26 10 67 13 58 18 8 65 27 16 14 41 12 45 74 59 43 15 33 23 6 54 1 50 0 30 70 40 4 56 49 60 47 36 32 25 57 73 7 38 9
59 63 8 52 73 43 32 0 41 51 11 21 33 3 75 15 30 27 7 44 72 40 42 26 56 12 36 61 29 17 66 35 23 20 22 46 16 5 48 9 14 49 31 54 70 24 60 53 67 47 2 64 68 57 69 6 19 71 58 45 37 18 13 1 4 10 62 50 55 39 25 65 34 74 28 38
19 71 40 10 55 27 64 73 9 25 16 54 29 4 72 33 61 7 28 42 53 46 34 45 63 17 24 26 5 6 12 18 60 48 37 1 66 68 13 32 8 0 39 65 38 62 51 59 47 70 69 36 35 21 67 52 56 2 23 11 43 44 74 3 22 20 57 41 49 75 14 30 58 15 31 50
56 59 69 46 55 11 41 50 13 31 32 22 64 36 74 49 18 2 67 70 25 66 16 40 29 17 53 0 72 4 9 20 24 51 7 44 30 57 10 15 14 52 68 48 1 75 65 27 71 5 62 6 23 35 54 26 34 39 61 3 45 58 33 19 47 21 42 8 28 38 73 37 43 12 60 63
67 1 9 49 12 60 68 39 74 58 3 37 50 13 66 45 34 26 24 23 72 21 11 29 10 14 36 20 5 55 42 28 51 31 65 2 17 16 63 15 64 52 69 38 8 48 47 56 40 0 44 33 18 70 27 62 22 57 53 30 43 6 75 71 32 46 61 41 4 59 73 35 25 19 7 54
73 24 9 2 61 35 0 48 26 43 36 3 50 52 51 70 11 37 18 45 31 14 41 58 33 54 29 8 47 66 38 34 56 55 20 1 4 57 10 65 64 67 6 22 7 28 21 59 5 25 13 71 39 75 72 62 68 42 53 23 60 74 16 46 49 19 40 69 63 30 15 44 32 17 12 27
68 1 19 54 14 18 28 29 74 30 11 31 26 5 35 64 70 48 0 73 36 62 71 58 75 21 49 66 6 43 7 4 42 52 20 3 37 34 15 27 44 38 59 22 46 24 72 12 39 2 53 57 23 40 63 16 65 60 61 13 45 33 50 8 32 47 25 41 17 56 10 67 51 9 69 55
7 57 41 58 26 0 27 69 4 48 61 3 54 47 21 13 67 14 46 2 11 1 24 33 53 19 75 65 55 8 52 32 28 39 71 25 10 36 6 20 50 59 74 18 38 29 49 22 66 17 64 16 62 51 35 42 43 15 34 30 72 45 12 70 56 23 31 68 37 73 5 63 40 44 9 60
30 50 32 34 25 54 16 22 66 17 61 27 68 3 46 73 57 45 19 75 20 11 49 67 40 29 13 53 60 70 72 21 15 14 69 55 10 41 74 26 12 63 48 44 59 35 58 23 31 4 7 39 33 38 56 0 36 24 51 8 62 2 71 42 65 52 6 28 47 18 5 43 9 37 1 64
65 45 17 34 55 27 46 40 43 11 32 51 70 10 44 71 66 36 59 35 3 50 20 13 26 49 15 63 41 2 1 48 53 61 74 29 64 54 69 47 22 67 14 56 5 23 38 62 42 72 31 58 7 24 68 28 39 75 0 19 33 73 9 18 25 37 6 60 4 8 30 12 16 52 21 57
54 66 34 44 50 3 53 5 28 6 35 32 40 69 68 75 57 62 10 27 26 45 51 63 56 20 64 74 41 23 65 59 17 8 15 2 70 31 67 33 22 37 13 0 58 7 29 47 61 60 48 55 30 11 38 46 52 1 42 49 12 72 14 43 18 36 16 19 9 21 4 39 73 25 71 24
49 18 48 21 58 54 61 75 24 30 45 59 43 64 52 6 38 40 28 10 23 26 8 65 42 34 1 31 62 7 69 19 68 51 14 11 53 47 41 56 16 29 2 37 9 32 44 12 67 46 5 39 25 33 73 3 66 35 22 63 70 27 0 17 15 13 20 55 60 50 71 4 74 57 72 36
75 40 12 9 47 73 13 19 69 5 60 70 61 16 4 58 36 74 18 26 2 31 63 67 6 57 51 30 17 62 29 52 38 42 59 65 34 49 66 53 25 20 56 3 41 43 33 1 45 44 24 11 35 37 0 68 28 72 10 15 50 8 55 48 46 39 7 54 32 64 21 27 22 23 71 14
19 73 68 55 66 53 34 6 1 29 48 25 21 18 54 23 71 15 14 9 49 41 62 61 37 2 46 60 32 27 35 7 22 75 38 51 12 59 5 33 28 11 52 64 72 63 10 70 67 42 36 24 17 50 47 43 56 74 39 57 65 8 4 58 26 45 20 30 0 13 16 44 40 3 69 31
59 21 29 6 38 50 58 35 39 61 20 53 7 30 62 42 28 72 66 10 45 63 73 33 22 31 65 43 32 46 41 74 52 12 26 51 55 69 36 24 44 17 5 67 47 23 71 19 70 25 48 60 14 9 16 15 37 75 8 2 18 13 27 57 0 68 40 11 56 1 54 34 3 64 49 4
21 67 27 7 61 34 45 11 48 22 41 18 36 15 66 38 46 14 2 58 13 44 31 26 68 51 56 57 12 6 52 54 33 8 37 74 20 42 28 19 63 70 35 30 59 23 3 43 73 53 55 50 25 1 5 40 62 32 72 29 24 60 9 10 65 39 71 16 64 0 49 75 69 47 17 4
38 18 61 55 17 32 28 72 41 52 57 11 45 67 66 12 27 35 53 54 44 2 36 26 10 39 59 71 46 9 30 29 51 5 56 58 16 42 31 73 49 47 6 60 65 43 7 3 75 14 8 22 37 33 62 23 63 50 70 25 40 74 13 64 20 19 69 15 21 24 1 68 34 4 0 48
32 27 20 40 66 74 37 31 58 64 4 5 45 72 23 19 38 14 0 22 7 63 36 62 70 75 44 67 52 1 8 9 65 28 2 59 34 53 25 43 61 30 12 11 57 49 55 51 21 60 3 73 47 39 16 50 18 56 71 10 41 15 46 68 54 48 24 35 33 69 17 26 42 13 29 6
29 55 69 36 9 57 56 74 63 64 34 48 14 73 26 21 54 42 41 27 16 11 8 28 3 47 52 68 71 0 53 31 65 39 20 35 1 2 6 30 10 22 72 25 43 62 49 75 58 24 32 38 60 15 12 18 13 7 23 70 33 51 37 5 19 66 59 45 50 61 46 67 4 17 40 44
12 75 3 20 55 48 37 65 7 51 16 63 52 40 33 22 25 42 71 67 39 47 36 69 34 29 18 58 50 23 56 41 1 27 44 0 6 19 57 43 38 68 46 31 73 8 24 13 9 49 72 61 4 64 74 15 11 59 54 17 45 2 70 14 32 21 5 53 28 35 60 30 26 66 62 10
59 55 36 74 8 58 22 56 28 42 72 38 24 33 2 66 71 39 6 3 9 40 7 30 52 62 1 65 75 53 4 0 51 13 12 68 54 61 70 73 5 57 43 19 67 10 15 35 47 14 60 20 46 27 16 32 64 18 41 44 17 48 34 29 11 23 37 49 26 63 45 50 69 25 21 31
55 11 24 49 57 1 52 3 26 66 15 44 48 62 69 58 19 28 41 31 64 36 8 68 39 4 73 70 42 25 21 9 71 17 54 6 43 29 40 65 45 20 35 12 16 14 74 22 2 75 61 47 67 37 60 34 59 18 72 51 13 27 53 7 23 46 10 38 32 50 0 5 30 33 56 63
50 46 62 69 45 23 5 24 65 49 27 42 2 26 13 55 75 21 3 66 1 60 22 31 28 37 14 56 30 52 72 48 53 34 54 51 8 16 36 68 63 7 33 9 44 39 4 17 64 15 20 74 47 18 11 6 57 70 29 12 59 0 35 71 61 25 43 67 10 19 41 73 58 32 40 38
9 2 32 3 47 6 43 60 52 49 45 57 27 61 67 54 16 14 8 62 58 1 50 48 17 0 4 44 21 70 55 11 66 65 19 39 68 15 31 22 56 33 37 36 53 42 26 10 72 51 20 46 63 23 40 71 18 7 25 34 73 28 5 41 24 38 59 30 13 69 35 12 64 29 75 74
45 39 22 55 36 25 11 72 26 56 51 1 50 43 13 33 57 28 54 30 41 6 46 62 24 59 48 71 31 64 69 37 66 34 2 14 67 3 15 70 74 52 0 18 19 63 49 68 38 16 61 20 17 75 60 42 47 10 27 29 40 21 12 32 65 7 58 5 9 44 53 35 23 8 4 73
59 46 64 5 12 18 8 66 0 50 55 62 20 22 52 2 29 48 35 6 53 63 40 70 17 61 7 24 32 67 57 69 43 33 16 58 60 38 49 68 42 37 21 31 28 13 56 26 51 30 41 4 44 3 19 34 75 14 72 27 71 25 1 10 73 45 9 47 54 15 39 23 65 74 11 36
18 54 59 9 14 75 51 39 2 53 71 35 11 63 40 68 45 24 47 49 19 26 67 52 66 23 38 5 60 33 17 15 20 0 13 4 55 36 8 6 43 62 1 3 37 30 56 34 16 42 7 25 65 57 50 27 31 10 74 22 58 61 46 73 48 69 70 72 12 29 44 28 21 32 64 41
