62 61 13 75 119 42 93 74 84 109 116 46 97 102 94 48 27 98 6 37 25 33 54 125 96 111 117 105 90 20 56 88 45 110 118 4 15 47 10 53 100 108 18 14 2 81 82 80 34 35 24 40 63 72 73 19 76 123 50 69 11 7 87 30 113 112 57 36 49 28 31 83 101 59 70 68 44 67 122 12 1 71 103 32 9 77 58 121 60 17 91 126 23 65 85 64 22 55 51 41 43 3 66 5 106 78 8 120 21 95 99 115 104 38 0 86 114 16 26 89 107 29 52 39 79 92 124
80 40 15 66 78 13 84 48 117 24 58 35 29 21 126 114 118 42 112 54 30 116 33 32 20 89 86 25 60 61 49 123 95 113 38 90 68 82 67 52 4 57 108 23 76 94 47 73 27 104 17 51 43 22 64 109 110 77 41 46 107 11 19 39 53 119 79 99 26 36 111 28 16 72 70 63 1 6 96 83 65 105 14 69 18 91 88 12 74 55 85 106 37 103 100 101 115 2 7 71 9 8 92 124 87 59 31 44 120 122 10 102 34 125 97 62 45 93 50 75 81 98 56 0 5 121 3
21 72 15 31 57 80 28 30 91 102 36 32 68 121 38 116 92 125 27 48 81 99 41 64 25 29 75 49 62 24 86 77 23 16 106 100 5 43 123 78 13 83 122 89 11 26 74 88 113 124 17 46 107 1 12 2 76 45 93 109 10 7 56 54 111 95 14 63 69 115 44 50 97 61 22 58 101 55 67 104 105 51 53 35 20 71 119 59 108 87 4 96 85 84 126 8 3 90 34 52 60 0 19 40 79 103 42 33 66 39 47 118 120 94 112 117 98 37 73 70 6 110 9 114 82 65 18
3 83 80 107 30 21 118 62 56 101 67 1 0 2 10 64 11 72 24 32 102 100 96 90 110 16 6 29 92 4 9 98 76 74 94 121 28 7 19 43 123 116 54 84 85 114 34 13 122 14 125 60 70 126 124 79 46 51 105 15 22 65 106 93 81 115 36 88 58 27 52 20 95 18 87 5 33 120 55 77 86 117 50 25 17 68 63 109 47 41 23 112 75 113 66 97 26 57 108 103 37 82 45 53 40 89 78 99 59 69 104 38 49 8 39 31 111 119 35 12 91 42 61 71 48 44 73
120 64 1 51 126 27 118 79 76 81 99 5 105 37 25 14 101 49 98 116 28 84 30 56 69 115 96 80 20 43 86 92 100 114 90 47 34 121 45 104 75 46 4 16 9 24 125 13 17 3 10 67 21 108 7 12 89 91 33 32 78 39 94 59 73 74 112 38 65 19 29 50 111 26 106 11 8 85 113 66 36 6 22 54 48 110 97 119 57 83 107 44 123 58 61 60 40 52 88 124 95 77 93 103 31 68 15 23 87 70 82 63 109 71 0 72 53 42 117 35 102 55 62 18 122 2 41
26 52 113 34 123 5 33 27 63 86 117 126 41 66 14 71 124 112 45 48 97 20 73 77 47 65 9 103 46 101 42 68 16 54 70 55 116 57 102 8 83 3 61 30 99 105 53 1 114 89 38 19 43 40 28 122 32 0 2 95 15 75 119 96 22 10 37 90 51 13 23 36 58 108 98 11 110 21 78 92 64 121 50 59 118 109 56 120 111 107 25 12 125 91 87 115 35 84 49 74 88 106 7 79 94 18 85 72 69 24 31 93 82 17 39 81 80 67 104 6 62 60 44 29 100 76 4
11 22 106 18 118 79 72 116 120 2 42 125 3 50 59 31 44 38 99 7 43 100 98 13 122 17 20 78 77 12 110 73 123 32 121 97 80 58 52 105 117 113 66 103 4 76 101 86 88 104 39 126 75 21 94 60 119 48 81 40 16 91 29 46 41 36 45 93 9 68 64 83 109 69 34 47 92 30 112 67 95 115 24 5 1 56 70 85 102 111 89 27 15 54 49 37 33 8 108 35 25 84 90 96 63 51 87 82 57 6 28 55 14 124 0 26 74 23 71 53 61 19 10 62 114 65 107
59 71 126 24 17 14 117 86 101 83 44 123 42 84 38 106 15 43 0 58 97 103 8 41 119 12 49 95 5 72 34 90 31 81 102 30 20 87 89 29 76 53 94 13 78 19 113 46 77 125 65 79 98 32 70 85 88 52 16 27 23 112 26 68 37 116 51 115 61 124 96 47 28 3 7 67 100 64 2 4 121 80 22 36 105 99 48 33 50 21 40 57 91 122 25 109 6 92 55 56 35 120 62 93 73 18 60 39 10 1 111 9 75 107 74 110 63 104 118 108 54 66 114 69 45 82 11
83 37 5 84 98 122 91 28 23 46 62 107 10 109 85 51 88 124 119 52 22 8 44 72 35 95 7 30 86 47 64 53 50 126 115 21 96 41 24 1 14 27 93 100 125 123 70 114 75 78 80 104 6 16 120 45 25 117 48 61 3 58 19 63 56 20 12 13 90 34 99 69 29 0 89 105 97 102 79 106 57 77 71 15 65 54 59 82 110 43 68 36 60 49 108 121 26 87 32 9 73 40 38 111 17 118 55 31 113 4 112 101 76 2 116 103 66 18 94 33 74 67 81 42 39 92 11
58 45 83 8 105 95 126 33 56 85 37 92 46 84 104 117 110 91 38 82 54 71 86 19 121 15 55 114 74 94 118 6 49 73 23 99 72 40 66 106 10 47 44 27 52 35 9 113 61 103 125 98 18 21 123 22 24 108 65 64 48 29 62 89 41 101 109 87 67 100 122 93 107 5 53 13 70 11 63 120 51 68 88 102 80 26 75 81 77 76 97 3 7 36 39 59 25 57 78 50 115 124 20 14 34 1 116 4 42 31 90 32 60 28 96 111 112 2 43 79 30 119 0 69 17 12 16
121 61 58 99 8 35 1 85 109 114 119 68 63 60 39 40 76 88 126 4 71 117 116 100 103 125 79 16 115 96 89 44 5 59 18 67 102 78 27 17 54 26 74 122 45 28 94 87 70 55 41 101 91 9 30 81 29 32 48 38 82 53 10 118 69 72 110 66 123 51 77 6 86 62 107 49 75 73 31 0 52 36 11 19 14 56 34 83 120 20 25 97 42 64 23 106 7 92 21 33 22 124 90 50 47 111 15 37 93 98 3 65 57 84 113 105 43 13 24 46 95 80 108 2 104 112 12
48 97 93 25 90 40 14 98 38 114 23 119 115 103 59 121 76 81 126 43 7 88 68 69 10 33 54 12 124 2 45 42 117 50 53 122 55 89 99 27 95 120 94 19 51 15 16 102 61 0 108 111 125 31 104 78 35 3 11 84 64 110 116 85 62 28 82 74 105 101 92 75 123 6 22 118 30 80 73 63 34 87 71 24 17 8 83 65 56 91 5 26 106 86 112 21 70 13 4 18 96 29 67 66 77 58 36 57 52 60 107 79 9 49 44 100 72 109 113 37 47 20 1 32 41 39 46
36 89 108 11 110 64 101 63 10 88 26 25 85 113 106 62 96 109 20 83 98 0 44 77 2 30 48 82 111 81 112 103 70 32 41 7 29 21 40 57 53 68 118 16 97 9 58 123 24 75 60 50 115 8 37 22 125 71 33 91 3 90 13 80 43 12 104 38 47 119 54 78 1 73 59 19 6 99 27 116 124 14 45 102 52 95 76 72 61 105 69 35 28 55 4 121 94 31 49 65 17 23 117 15 92 46 87 122 42 114 84 51 86 126 79 93 67 34 56 66 100 74 107 120 18 39 5
50 71 28 125 22 80 115 81 13 123 40 83 51 5 1 106 36 94 61 110 41 29 57 19 14 87 47 37 126 119 18 103 95 26 67 69 70 0 118 72 6 64 27 97 60 39 17 3 30 58 105 44 8 121 7 108 76 42 25 52 65 91 48 102 24 90 43 53 117 15 114 4 66 96 93 100 79 55 77 89 16 113 10 85 23 9 124 49 112 73 82 99 109 31 75 92 21 11 74 98 45 38 32 116 78 86 33 56 46 120 122 20 107 84 62 35 63 54 104 68 111 88 34 101 2 59 12
37 71 110 94 15 68 17 30 29 109 89 86 67 64 10 116 100 81 51 4 22 27 70 118 39 66 92 6 52 83 0 23 62 90 125 3 53 96 5 48 122 101 75 93 91 43 78 74 97 123 26 120 72 58 106 95 50 47 126 76 2 55 124 63 85 112 8 21 18 73 56 42 108 60 105 54 45 28 107 41 24 38 20 35 65 13 25 114 103 11 111 117 99 82 34 104 14 32 113 84 61 1 33 59 49 87 102 7 88 69 79 57 16 36 31 115 46 9 121 98 12 40 77 119 19 80 44
36 83 100 39 99 11 123 92 104 46 45 26 22 25 48 66 28 52 43 41 90 107 62 57 34 67 111 9 10 5 106 13 102 63 73 103 91 119 33 82 84 80 85 76 3 75 124 74 125 23 114 31 65 44 7 101 94 77 37 97 56 27 110 30 59 24 87 68 12 19 49 8 71 60 98 20 1 93 14 69 115 78 38 118 21 112 89 42 50 70 51 122 105 35 17 15 113 79 108 88 40 126 32 53 121 54 109 58 120 61 4 64 6 18 47 55 86 72 0 117 81 16 95 2 96 29 116
91 7 119 56 109 37 102 90 66 51 117 0 72 118 2 57 8 44 88 20 22 50 6 49 64 43 32 46 121 30 78 62 123 93 68 89 17 69 115 13 108 31 40 34 11 63 114 124 38 67 26 87 116 29 3 61 23 59 96 42 15 36 98 55 14 101 75 9 74 80 112 28 76 94 25 79 95 19 104 82 60 39 106 92 45 24 81 58 73 52 86 83 35 54 113 111 4 99 65 27 110 103 71 12 53 1 77 47 126 5 16 122 120 21 125 18 105 84 41 10 70 97 100 48 85 107 33
83 123 17 52 107 58 68 14 49 63 30 45 97 1 82 118 47 6 108 3 115 117 41 24 50 7 27 98 77 94 112 23 85 88 114 105 37 89 36 2 9 99 72 4 33 18 110 42 55 22 38 66 19 53 103 62 5 70 51 76 75 46 28 95 64 54 71 12 80 111 90 0 116 20 8 13 60 74 34 40 67 119 73 65 87 78 69 39 44 120 102 48 124 21 43 109 59 100 15 81 16 96 11 84 91 79 61 57 113 92 104 25 10 121 31 26 126 93 101 122 56 125 35 32 86 106 29
81 4 104 101 112 89 66 86 35 119 21 107 6 37 51 114 70 115 84 45 38 31 13 91 49 15 14 18 25 102 120 79 1 122 67 99 50 72 36 9 73 55 88 29 124 87 63 110 0 117 82 100 19 47 58 59 94 109 16 60 27 62 54 2 3 33 34 93 53 61 125 22 77 41 76 46 42 64 28 75 39 65 30 108 8 20 17 103 118 116 68 126 83 111 40 113 48 56 80 32 5 57 44 78 10 71 106 43 90 121 74 12 98 24 69 95 26 7 92 96 97 11 105 52 85 123 23
88 108 41 107 42 105 83 32 39 54 20 70 76 9 46 52 58 38 19 13 111 10 48 33 50 81 71 97 15 78 60 31 29 30 109 45 98 11 72 120 53 110 123 57 37 99 84 82 12 102 66 101 90 103 67 8 100 56 104 7 4 119 63 61 106 51 125 86 92 5 74 68 16 64 96 75 0 93 77 28 26 73 113 59 3 116 25 21 24 55 80 36 44 6 118 22 122 34 1 94 112 14 65 69 126 35 62 91 2 49 114 40 18 117 85 89 121 23 17 124 115 47 27 79 43 95 87
103 52 88 62 1 86 0 12 15 25 44 49 23 26 51 101 8 53 39 11 70 66 21 4 108 42 30 33 78 59 109 119 60 72 36 64 20 112 35 107 34 7 104 114 22 67 2 117 126 46 73 54 19 125 45 98 5 80 32 28 40 90 91 48 81 83 96 120 47 124 50 121 94 106 95 75 37 6 68 76 113 14 58 38 65 102 27 82 100 93 92 87 77 10 118 41 105 69 110 16 24 17 63 61 89 85 99 74 79 55 43 122 123 97 84 115 3 9 111 13 71 31 29 56 57 116 18
38 44 73 88 72 48 55 101 118 36 13 32 76 62 91 78 98 50 83 30 35 23 71 14 53 56 84 97 18 69 41 2 79 95 1 99 126 28 33 87 51 7 115 93 109 94 114 6 125 31 119 85 117 63 61 60 52 47 102 67 59 105 19 4 11 10 24 34 111 20 104 80 112 106 124 86 54 42 40 58 122 116 82 110 3 121 90 29 39 108 49 37 100 15 57 46 65 70 43 22 89 45 17 92 25 77 81 68 120 103 27 123 8 9 113 21 107 64 66 74 12 16 75 96 5 26 0
95 67 32 64 47 97 123 99 12 92 10 83 93 52 74 78 115 59 82 17 86 112 58 21 44 125 28 109 77 118 42 81 91 85 7 37 1 106 5 104 41 94 6 122 15 39 35 103 100 4 121 53 19 116 60 22 61 18 14 72 29 88 34 79 96 119 49 27 56 68 54 30 108 46 55 73 126 71 36 63 51 101 40 87 45 80 20 70 117 25 31 23 38 16 98 8 111 48 62 13 124 0 50 65 26 11 3 120 9 43 89 2 107 114 90 57 76 69 33 110 113 105 66 24 102 84 75
107 109 26 58 113 88 48 103 50 87 68 104 44 11 111 70 78 3 97 24 73 56 36 18 89 53 13 16 29 52 33 27 99 6 66 37 94 8 77 54 124 45 63 2 49 34 74 108 55 116 15 101 43 80 46 59 19 35 110 117 30 1 114 72 105 17 60 28 67 76 100 65 47 84 25 9 81 91 23 119 86 122 7 79 22 123 41 95 85 112 62 39 96 20 98 69 31 42 5 102 61 83 14 121 0 92 21 120 38 106 125 71 90 93 82 32 51 40 57 64 126 10 4 75 118 12 115
80 91 119 122 81 57 66 76 16 84 40 12 39 34 38 3 9 28 109 86 21 77 126 87 1 62 97 100 47 83 54 23 31 120 90 37 125 101 29 92 108 14 85 41 43 42 70 105 95 115 0 113 89 121 59 104 7 24 98 56 11 112 18 94 111 19 116 69 60 30 51 5 49 27 88 33 110 118 17 124 96 6 36 25 103 63 61 46 78 35 93 79 107 102 50 117 20 4 68 2 22 67 10 45 55 52 15 114 74 48 73 53 65 82 99 123 72 75 106 44 32 64 71 13 8 26 58
10 11 93 71 117 27 122 85 14 72 20 111 76 41 25 125 24 120 89 96 33 82 1 23 114 9 58 28 91 79 70 102 67 109 94 86 99 4 108 56 36 29 52 75 66 116 46 78 51 69 43 15 50 101 12 95 42 49 62 65 60 106 2 35 113 34 26 110 115 81 77 83 8 61 7 21 123 6 57 59 3 18 121 53 92 74 126 98 73 13 30 68 118 39 31 32 54 80 103 87 38 44 55 64 112 100 105 47 5 37 0 48 119 45 124 88 107 90 104 19 97 63 84 22 17 16 40
52 83 82 107 80 108 71 27 110 75 37 8 101 104 96 7 64 116 3 14 9 42 38 56 91 111 0 12 39 2 119 76 112 57 35 89 59 5 86 87 21 113 10 41 61 62 103 123 49 79 48 99 29 32 47 60 58 22 11 106 100 77 31 97 85 94 24 34 117 95 67 92 114 121 13 115 125 44 84 17 23 69 88 126 65 122 1 6 26 28 53 15 124 98 43 51 16 55 120 50 81 33 105 45 90 73 70 66 78 19 102 25 74 18 118 54 109 40 68 63 46 4 30 20 72 93 36
75 47 54 70 98 15 37 69 62 121 14 9 5 112 55 81 111 11 41 36 65 126 64 91 38 66 49 78 117 30 44 63 92 124 21 107 106 120 35 115 118 108 16 72 90 96 13 83 79 103 59 82 68 71 33 29 28 1 109 125 20 77 46 0 105 114 87 24 31 95 39 110 101 25 123 2 27 17 119 74 116 45 88 52 84 32 8 113 97 26 7 76 51 56 61 67 73 3 100 10 60 23 50 6 43 89 22 42 53 85 34 104 93 12 86 40 94 18 58 48 99 102 19 80 4 57 122
121 93 31 112 104 70 113 88 55 99 73 29 111 26 46 28 123 118 64 53 18 42 91 40 33 68 25 75 9 57 2 114 100 21 16 74 76 94 101 24 61 34 45 107 122 7 103 95 126 50 85 125 12 38 27 17 8 72 98 62 39 116 14 36 47 30 117 97 106 58 35 43 11 48 51 77 89 23 66 0 52 5 20 79 59 84 67 19 120 63 80 115 71 105 49 1 87 3 54 119 65 41 15 92 110 22 10 13 96 6 32 86 90 109 102 69 37 124 4 81 108 83 82 44 56 60 78
60 86 121 56 62 74 84 122 38 80 116 30 47 18 105 82 76 114 4 39 63 37 27 125 52 88 92 123 50 83 111 78 36 106 72 93 61 118 14 19 42 32 12 79 107 67 99 7 96 89 87 108 35 11 46 91 6 115 73 13 25 51 45 16 120 1 69 31 68 104 33 124 24 98 97 64 49 26 28 113 8 90 117 21 55 43 102 77 59 103 40 57 17 34 119 71 112 95 0 94 9 110 58 5 23 41 100 109 15 29 48 75 126 20 85 22 2 81 101 44 65 66 3 53 70 10 54
76 15 74 114 12 40 126 29 22 51 49 87 31 45 72 17 16 112 43 10 46 37 125 3 1 4 94 123 80 33 28 96 65 119 121 48 44 98 66 84 124 41 2 32 64 79 9 36 89 19 108 120 30 86 77 25 38 113 42 13 61 82 67 68 5 53 90 60 69 93 11 92 78 47 34 35 100 56 106 110 109 6 95 91 57 101 115 85 117 70 81 27 14 7 118 23 71 8 55 62 73 63 24 97 103 26 50 18 111 105 102 59 20 116 104 52 122 75 54 0 99 58 39 107 21 88 83
91 24 12 77 45 70 11 6 15 18 106 37 99 29 87 89 4 48 57 21 93 5 60 117 26 86 32 92 121 113 38 8 63 73 31 59 119 2 75 0 47 109 81 51 66 104 84 76 23 98 58 27 124 78 88 96 56 28 62 13 17 120 107 3 35 90 16 118 9 34 64 10 7 68 19 79 126 39 50 52 67 101 80 95 112 114 97 54 69 105 82 33 43 49 115 36 30 94 102 42 61 55 100 125 41 122 14 1 40 65 108 116 85 72 123 111 22 74 110 83 46 25 71 20 44 53 103
20 88 85 103 95 123 102 44 15 73 31 92 78 13 22 57 65 71 79 115 34 70 125 68 100 29 60 126 49 12 3 51 27 64 106 18 119 108 41 38 32 97 16 111 117 120 11 28 46 45 43 107 24 40 36 124 122 19 52 0 113 25 2 98 39 7 61 30 75 33 37 89 121 86 17 59 118 6 10 91 14 1 58 8 83 69 21 80 112 53 9 54 110 72 42 4 82 62 94 67 90 55 109 47 48 104 76 66 87 114 81 63 93 96 77 26 74 105 99 84 56 50 23 116 5 101 35
71 4 116 90 117 13 34 50 18 111 70 31 60 88 25 27 35 73 30 110 20 81 29 17 113 84 120 123 87 65 0 102 62 85 23 52 109 66 7 46 43 32 64 100 89 112 98 57 10 44 41 9 38 36 121 56 63 14 40 125 45 115 33 47 94 67 75 59 16 77 6 26 49 1 54 114 74 19 104 42 72 105 48 82 93 103 11 86 68 101 96 83 12 122 124 97 91 99 37 2 58 119 76 69 107 28 95 78 15 61 22 51 8 3 39 108 92 53 80 5 21 106 24 118 126 55 79
115 47 35 93 68 82 33 84 9 74 120 10 72 43 18 102 86 24 25 105 67 2 27 42 109 7 94 66 61 111 77 125 103 14 65 38 15 97 21 83 85 32 118 34 0 22 101 16 53 44 92 12 5 6 40 106 69 60 124 19 46 71 88 3 98 20 70 62 28 51 113 73 108 45 49 41 90 57 11 59 29 123 37 91 122 26 79 112 119 117 89 121 63 99 58 100 30 107 17 54 56 50 75 13 64 4 96 23 81 55 80 1 76 36 95 48 39 52 8 116 114 87 78 110 31 126 104
100 109 102 77 121 14 83 25 114 48 5 96 103 28 40 126 69 59 16 101 70 7 117 9 42 67 68 73 125 13 112 111 62 74 41 104 88 113 99 98 105 10 36 86 116 44 71 24 72 95 20 94 11 75 63 45 15 26 34 33 54 51 52 97 43 89 12 57 106 64 17 108 58 53 90 49 29 85 66 124 87 80 61 65 76 0 39 8 91 82 1 84 81 92 2 46 123 27 3 47 30 78 35 21 4 115 56 38 32 122 118 93 79 18 107 120 60 55 50 19 23 37 6 31 110 22 119
95 76 1 99 51 89 61 112 44 29 123 87 82 37 49 86 84 40 90 88 48 46 2 11 94 106 116 8 72 75 80 98 66 55 17 107 100 3 24 77 97 32 60 81 0 92 124 96 14 20 69 38 45 62 12 63 117 78 53 9 85 13 57 71 67 41 68 119 102 50 104 27 103 108 122 110 6 34 36 120 54 10 65 105 23 73 42 64 21 125 35 113 26 33 18 16 30 114 118 22 58 111 59 19 4 115 101 109 56 93 70 5 31 43 52 74 39 25 91 126 47 83 7 79 121 15 28
104 15 45 6 84 52 64 48 82 37 65 26 81 2 31 62 112 122 86 46 106 93 16 28 110 126 108 116 80 101 107 74 34 114 105 35 75 43 125 85 4 115 121 94 99 100 29 20 66 51 60 33 21 39 5 23 68 61 79 113 67 8 69 50 92 7 36 12 22 111 57 10 123 118 42 76 102 53 59 87 49 63 70 40 47 3 41 25 56 54 109 18 11 0 95 73 55 91 117 14 44 88 32 38 89 27 24 120 98 30 72 78 119 103 58 90 97 13 9 83 77 124 1 71 17 96 19
37 63 11 30 97 2 95 121 49 41 36 21 72 50 52 27 14 64 119 43 24 31 46 47 75 44 99 9 55 68 93 90 98 56 10 89 16 101 57 0 94 123 70 102 5 3 28 116 67 53 118 4 78 51 87 7 48 80 12 19 100 26 1 17 15 8 112 109 81 104 58 86 125 23 96 105 88 62 79 69 54 38 13 18 60 113 35 76 91 126 92 34 22 6 33 74 84 40 85 111 73 103 124 39 107 59 29 45 122 120 108 114 32 82 25 115 65 106 20 66 83 77 117 42 110 61 71
106 31 125 35 75 8 120 86 14 51 77 115 70 85 105 72 45 81 53 66 36 22 30 89 123 16 26 83 65 44 54 15 42 34 67 52 113 1 24 18 41 119 32 11 19 61 20 122 90 13 102 57 109 40 96 76 80 100 64 111 43 116 117 7 25 107 97 82 39 91 4 118 62 103 48 68 9 110 27 114 5 101 2 79 95 84 3 78 63 69 126 92 10 88 33 108 71 104 29 98 46 0 73 99 93 50 49 38 58 87 94 23 28 12 121 17 60 6 21 55 74 47 124 56 59 37 112
76 29 71 1 49 47 104 7 69 124 109 103 28 54 117 51 108 120 80 23 58 74 98 94 82 79 59 14 102 19 87 62 72 95 22 37 46 118 81 101 105 13 24 64 83 39 55 107 56 11 60 2 8 75 86 30 112 20 111 42 36 35 0 121 9 12 113 96 48 21 25 3 31 97 52 125 15 44 84 26 27 85 78 89 68 10 16 4 110 66 43 77 122 17 6 88 73 67 45 38 34 18 99 116 90 41 63 123 33 70 40 50 5 61 106 91 65 115 32 53 100 126 92 114 57 93 119
55 63 3 58 33 57 117 30 59 124 75 19 79 72 111 26 81 88 118 13 122 14 1 68 62 52 85 121 74 123 10 50 21 49 113 98 96 2 84 44 9 119 42 45 12 82 93 103 65 97 6 35 115 109 18 102 108 22 105 87 110 39 94 120 27 28 66 125 71 90 43 76 83 31 67 86 48 24 77 36 41 15 11 46 54 99 40 25 126 95 4 61 64 78 37 101 114 38 0 23 8 53 34 89 73 56 5 51 20 47 17 104 112 16 32 91 7 70 60 116 29 106 107 80 69 100 92
19 31 93 77 48 51 89 95 6 29 65 52 92 83 61 86 78 103 72 2 70 3 18 13 53 112 4 115 22 116 71 12 118 41 15 42 34 101 107 79 63 82 26 16 54 121 25 27 57 1 110 32 28 84 125 46 88 58 24 5 100 9 120 104 119 111 30 73 8 50 117 10 59 87 55 69 20 102 66 56 114 91 40 39 38 99 17 109 126 123 90 124 21 67 60 62 33 14 74 0 98 76 108 36 7 44 37 43 85 68 75 122 11 80 49 96 23 97 81 45 106 47 113 35 64 94 105
60 24 13 82 17 32 65 116 102 75 61 59 71 88 23 42 104 50 92 87 121 18 126 28 122 35 25 47 48 0 19 108 5 119 36 16 70 34 117 43 68 89 69 83 100 20 124 10 49 7 72 46 120 118 6 39 123 11 4 53 94 73 67 37 8 113 57 103 40 114 125 15 110 56 62 85 44 3 91 77 76 109 21 54 101 74 93 14 22 99 51 52 1 29 80 84 41 78 30 66 106 2 96 58 26 90 55 45 86 31 9 33 63 38 81 27 95 112 115 98 105 64 97 107 79 111 12
96 76 33 86 23 61 125 117 108 74 80 48 115 63 107 39 87 37 55 81 93 43 59 5 118 51 123 21 71 105 112 116 6 26 114 1 69 113 68 88 40 78 90 124 35 17 41 53 109 50 119 25 102 31 7 92 27 10 22 42 34 54 100 103 20 75 13 82 97 111 110 72 120 84 104 46 9 73 49 0 101 62 3 67 64 95 91 8 58 36 4 77 38 99 16 30 47 79 24 89 12 121 45 2 83 18 106 98 70 94 52 65 60 11 66 44 57 15 28 32 29 85 126 14 19 122 56
12 60 1 102 52 126 36 74 16 73 53 39 48 56 109 70 119 68 99 44 123 4 43 46 18 104 94 115 82 5 112 62 88 118 97 24 14 91 114 6 2 21 59 81 0 7 33 37 121 31 72 13 86 8 11 27 85 107 117 125 63 25 67 41 19 87 65 30 58 75 84 93 23 113 80 55 78 116 57 92 15 26 103 98 38 122 110 17 22 106 20 51 40 105 101 108 47 96 64 90 77 50 34 10 124 61 76 111 35 28 3 79 54 100 66 9 89 83 120 29 45 49 42 32 71 95 69
59 26 7 56 6 50 95 124 9 39 110 22 121 119 106 20 102 72 76 108 33 87 70 64 2 52 28 40 47 100 3 29 16 49 27 42 18 114 10 19 86 0 91 45 24 116 122 44 30 66 65 107 32 35 105 14 82 92 112 84 94 62 83 54 21 13 61 120 5 101 126 67 4 109 11 81 74 93 79 117 85 58 98 41 43 123 99 71 88 15 80 31 60 23 89 78 118 51 75 73 37 1 25 8 113 63 77 104 57 97 96 103 53 12 55 34 46 115 69 36 38 90 111 48 17 68 125
42 95 101 74 91 120 83 62 2 80 12 87 31 9 4 33 86 77 117 100 119 69 94 7 38 116 26 103 89 82 58 96 108 92 21 34 23 46 56 84 63 13 73 24 106 125 97 81 43 11 71 32 51 5 67 25 15 40 19 64 22 28 118 93 99 39 41 85 50 104 109 122 114 52 57 29 30 102 54 115 16 45 107 98 124 123 78 68 75 110 17 70 6 48 1 111 35 10 79 36 18 59 88 121 44 60 72 65 20 113 8 76 27 105 112 55 126 0 37 3 90 66 47 14 61 49 53
119 101 72 53 41 34 58 73 82 14 126 93 116 86 56 39 110 97 24 106 27 80 68 47 74 81 90 94 55 77 71 31 75 65 50 5 69 44 20 113 9 100 28 120 107 45 19 117 21 48 35 70 22 30 3 91 87 95 125 4 104 15 115 61 49 29 40 46 37 105 124 76 17 10 2 43 33 102 84 25 18 64 52 98 42 92 79 88 103 63 16 96 109 38 8 59 108 123 60 51 99 111 12 66 11 13 85 62 57 26 23 54 6 112 7 114 0 78 121 83 122 1 36 32 67 89 118
18 100 34 10 59 95 36 112 74 73 52 98 3 16 50 116 126 9 104 20 79 84 30 77 94 24 89 57 122 111 75 5 102 61 63 11 121 33 105 28 106 32 53 83 55 92 91 26 13 27 80 31 49 45 54 0 120 88 58 8 68 22 110 119 107 38 103 86 7 78 70 56 93 87 64 82 115 72 65 60 118 114 14 125 25 96 2 46 23 101 47 71 85 43 62 12 76 29 109 99 37 90 113 21 67 97 51 42 17 124 19 1 15 108 123 69 44 48 66 117 40 41 4 39 81 35 6
12 57 4 65 113 112 13 27 116 8 60 1 68 0 110 56 85 24 70 11 64 36 106 91 119 61 59 105 44 72 120 76 96 80 55 34 104 83 18 5 90 32 53 84 51 14 9 102 50 98 42 118 117 10 114 115 16 30 126 3 87 20 88 40 122 92 123 49 94 26 89 35 63 6 21 54 15 67 82 43 108 33 47 39 41 19 66 79 7 107 2 52 74 69 45 48 28 125 73 31 38 86 81 121 22 25 103 95 37 23 97 100 109 77 46 78 93 17 111 101 71 75 62 99 29 124 58
124 8 120 89 59 80 107 5 55 32 92 19 111 125 102 93 83 38 116 60 84 37 9 51 39 113 18 4 88 76 74 103 61 117 2 16 25 17 13 114 70 85 91 7 65 53 119 26 47 69 109 108 27 10 24 77 96 121 112 64 118 21 106 66 44 15 104 90 101 97 45 126 110 48 87 50 86 30 71 56 28 78 35 95 11 72 34 67 3 6 63 68 36 41 123 12 42 58 43 57 94 49 62 14 23 73 29 31 20 81 115 75 82 22 122 54 40 1 33 99 46 79 0 105 52 98 100
119 109 12 28 84 57 102 55 2 90 21 38 36 15 49 105 69 41 75 59 123 111 44 86 56 46 66 72 76 85 45 117 65 29 14 112 35 10 80 101 64 104 26 5 60 53 74 118 77 9 103 33 87 120 25 61 13 48 81 89 71 58 8 40 34 19 31 67 97 17 30 7 122 96 115 121 18 98 43 1 91 82 100 107 3 83 6 50 92 94 11 95 126 24 110 78 0 62 47 88 108 52 70 125 39 99 114 32 20 27 63 116 16 124 54 4 42 68 51 113 73 23 93 37 79 106 22
14 23 53 60 30 41 65 123 19 29 3 62 115 28 85 1 63 77 51 54 4 75 5 113 106 31 46 99 126 102 69 16 38 21 68 72 96 84 25 67 20 122 81 88 27 109 89 112 49 59 55 118 17 44 101 74 43 107 119 73 48 39 26 86 120 100 97 103 124 45 87 125 35 52 50 10 79 83 80 110 91 90 95 116 78 92 76 94 71 37 108 9 33 8 22 105 56 121 0 64 93 66 34 117 36 98 2 40 47 11 24 57 13 6 70 61 7 32 15 114 12 18 104 58 111 82 42
124 102 57 48 100 2 80 42 27 10 38 20 101 55 118 33 103 23 73 28 63 125 109 99 37 106 26 58 5 108 115 40 52 70 60 62 91 119 6 49 54 24 123 95 19 74 45 107 36 46 112 88 69 29 65 77 85 98 121 32 104 97 72 78 39 1 84 79 50 22 87 3 11 116 64 34 96 18 47 105 0 81 53 7 67 14 30 41 83 75 44 56 51 68 86 43 61 122 15 9 126 59 120 31 4 16 76 94 21 8 25 13 111 17 93 110 71 90 114 89 92 66 82 117 12 35 113
126 123 27 80 28 14 121 115 91 9 67 42 53 112 107 38 65 74 84 81 40 117 73 15 21 89 13 16 90 108 2 69 56 99 98 113 44 43 66 11 120 110 97 26 25 19 68 95 35 6 55 61 119 51 76 100 64 71 47 4 29 58 17 32 39 0 96 87 111 75 62 52 125 103 59 70 54 36 94 82 72 10 105 118 88 7 86 34 18 106 79 20 109 63 102 116 77 101 30 33 122 60 22 57 92 37 114 31 50 5 45 23 24 3 8 124 83 46 12 41 93 1 78 48 104 49 85
51 33 95 53 66 110 80 73 85 37 91 31 68 58 22 113 18 125 74 81 115 123 62 88 4 67 9 102 118 126 105 100 41 35 109 28 5 99 21 36 32 34 45 86 103 114 30 12 26 108 84 23 27 50 117 75 79 6 0 42 82 14 15 49 64 94 56 63 44 17 52 54 90 1 65 122 89 98 107 48 20 43 19 8 46 78 25 7 76 96 93 106 116 3 55 104 72 60 13 87 92 111 112 120 47 2 16 29 10 83 97 59 101 38 124 70 57 24 39 61 11 40 69 119 121 71 77
84 101 61 82 67 51 55 87 20 81 54 76 117 78 37 96 35 86 63 124 27 38 2 48 100 42 34 85 44 28 93 36 92 99 6 23 80 116 7 11 56 120 121 5 31 0 64 106 16 14 30 79 4 26 97 43 107 18 65 126 10 71 3 89 123 46 9 109 83 118 125 115 29 104 75 68 62 45 47 52 110 73 49 8 74 103 53 114 112 60 21 66 25 108 22 77 122 111 95 91 41 90 69 17 15 32 102 40 98 33 72 94 19 12 57 59 50 13 1 113 105 39 88 119 24 70 58
3 41 115 2 0 110 5 34 7 99 80 32 1 104 49 120 10 50 53 68 121 79 48 94 59 112 35 15 12 45 119 43 86 78 31 29 76 126 111 81 67 9 65 125 85 19 108 55 91 73 117 17 101 107 39 114 28 71 70 82 26 105 63 11 95 62 52 44 33 109 66 6 18 122 98 77 90 69 124 37 113 88 60 118 23 36 93 84 123 21 87 20 61 64 8 47 38 75 13 74 72 57 56 46 102 83 30 27 103 89 4 14 51 54 25 16 92 58 97 116 24 96 22 42 40 100 106
17 20 92 91 99 8 66 41 79 72 0 120 65 96 23 75 103 57 71 27 115 122 34 101 33 100 112 4 16 83 44 21 95 26 78 84 19 118 88 108 93 24 2 18 73 36 1 68 102 12 31 5 53 113 13 62 45 123 125 87 3 104 80 9 60 38 50 77 10 121 22 58 11 126 97 69 107 32 82 74 98 106 29 64 37 63 81 35 39 109 61 117 25 56 59 52 51 110 94 54 114 14 116 119 6 47 55 124 111 40 105 48 85 90 30 7 42 86 76 15 28 43 49 89 70 46 67
36 23 115 18 6 97 10 52 76 114 34 59 43 73 108 60 84 78 25 100 28 90 110 14 54 70 65 96 124 48 116 5 7 82 41 15 122 79 3 93 88 83 44 26 12 19 103 105 16 64 29 85 46 109 72 126 49 75 27 66 9 69 120 42 51 31 113 106 24 11 1 0 20 125 117 74 77 17 57 53 80 112 8 68 111 50 92 63 62 61 56 35 30 2 94 58 38 33 13 4 86 71 39 95 102 81 104 99 91 47 32 123 21 107 40 37 67 119 121 118 98 87 22 89 45 101 55
26 108 16 73 89 20 113 111 105 53 58 96 126 116 47 81 78 24 69 28 93 62 74 51 107 30 125 55 103 112 50 45 15 71 72 39 1 27 86 70 13 64 49 106 97 46 17 22 82 90 115 88 63 65 32 60 104 100 122 5 67 95 36 77 117 59 118 54 121 68 102 79 2 123 84 7 33 31 80 3 57 37 44 120 42 18 56 41 29 6 8 87 109 9 11 35 38 85 94 61 92 40 83 101 114 119 48 66 34 10 23 75 91 0 76 25 99 12 98 43 19 124 4 21 14 52 110
11 43 51 30 71 116 112 34 55 104 17 16 41 64 111 14 18 46 37 70 53 115 72 107 24 62 63 93 101 96 40 4 32 74 15 94 19 0 48 82 69 123 39 28 31 38 86 85 108 36 7 5 126 77 89 79 75 100 29 92 60 121 76 81 106 52 54 97 6 12 3 95 109 35 99 78 66 98 103 73 50 80 42 22 84 119 67 114 13 20 61 26 21 120 56 87 57 47 23 10 68 125 27 8 1 118 25 9 117 110 122 124 88 44 91 65 113 49 45 90 58 83 102 105 33 59 2
118 23 6 103 62 18 66 83 60 53 34 122 0 110 46 99 84 5 97 25 106 126 24 3 31 15 104 64 70 8 92 7 82 39 45 21 40 17 115 96 125 52 81 123 116 16 105 13 94 86 43 63 108 89 32 68 111 50 85 4 19 36 98 9 30 90 109 37 12 65 44 79 33 76 57 20 10 117 28 102 42 69 75 14 113 56 51 88 29 35 49 27 93 95 58 124 74 100 119 55 26 47 71 38 77 72 73 54 59 80 48 112 114 67 1 11 91 87 61 22 107 41 101 121 120 2 78
117 79 67 59 112 52 73 94 9 100 81 27 44 103 29 15 60 43 98 4 35 53 22 126 84 95 86 83 19 23 104 61 17 20 62 49 80 71 54 2 108 107 85 121 70 11 28 8 5 105 45 31 51 93 75 21 36 68 124 101 123 106 97 78 57 77 64 99 82 118 14 38 41 30 72 39 119 25 26 69 113 90 13 92 87 110 114 33 42 109 65 58 37 125 40 122 48 34 88 66 47 120 3 56 32 116 115 74 50 10 18 24 76 0 12 6 102 91 7 96 111 46 89 16 63 55 1
0 24 122 41 65 88 107 33 73 43 99 111 7 15 103 108 1 55 22 85 36 120 50 39 59 2 70 76 78 21 114 8 23 81 11 25 72 93 51 77 62 71 38 9 16 80 91 14 44 101 126 19 66 97 48 115 6 112 113 3 95 60 121 110 116 67 28 94 35 5 100 117 89 27 56 26 68 109 125 52 92 58 30 12 63 83 13 37 61 84 106 119 96 46 87 98 75 90 34 20 118 4 82 10 53 54 18 124 69 47 42 17 32 105 64 123 102 31 29 49 45 104 40 79 57 86 74
6 33 37 25 49 91 40 54 28 1 18 100 65 7 55 122 20 113 47 41 115 36 123 26 119 108 77 124 92 87 59 29 76 106 118 24 16 98 82 30 14 32 56 78 4 48 102 114 52 101 83 43 90 58 84 63 109 8 39 104 57 120 13 10 97 51 110 31 75 60 121 2 126 69 42 35 116 79 89 12 112 11 99 21 44 34 88 107 64 3 19 70 80 61 95 73 53 81 67 85 27 15 74 5 96 72 68 9 86 117 46 23 111 0 66 17 103 38 62 94 71 50 93 125 45 105 22
87 52 21 60 27 81 25 89 97 107 38 74 73 108 43 94 35 106 84 42 15 59 90 68 32 69 8 88 46 3 34 92 14 64 13 1 31 47 96 102 16 82 123 36 104 119 72 113 77 17 28 19 109 10 56 23 44 6 91 30 86 95 110 24 111 5 49 20 12 76 54 75 0 62 61 122 45 26 99 9 125 50 53 33 117 41 67 37 115 55 78 114 118 48 112 7 29 85 98 40 71 101 120 58 66 65 79 70 105 57 80 121 63 2 124 22 83 93 51 4 103 116 126 39 18 100 11
5 62 107 114 122 98 103 125 115 90 82 24 111 108 42 22 41 118 119 71 89 39 29 87 120 18 100 101 61 86 91 28 25 38 123 19 77 7 92 121 104 76 49 109 59 57 9 68 126 36 8 56 2 1 84 124 40 95 11 93 117 51 33 32 20 58 99 10 30 94 72 78 79 12 34 88 31 27 47 14 70 63 112 116 43 64 65 15 4 96 23 105 53 97 110 106 67 44 66 69 35 16 46 60 50 52 37 75 55 81 13 83 45 17 6 54 85 102 73 80 26 3 74 48 0 21 113
13 34 99 60 123 47 62 1 69 54 5 24 12 92 80 113 36 4 49 115 70 65 26 86 96 73 48 106 66 58 44 74 71 104 52 126 68 37 64 107 111 43 77 88 2 83 42 21 114 25 118 6 91 89 20 22 81 100 7 17 67 84 117 112 122 79 51 45 87 85 16 11 94 124 38 116 101 27 97 32 46 19 108 29 9 95 63 50 8 102 76 40 15 105 125 93 41 30 39 10 35 61 18 3 55 120 14 53 75 28 59 57 33 90 0 23 31 110 119 78 121 103 82 98 109 56 72
94 68 92 105 101 69 107 34 80 26 53 37 55 117 32 17 15 91 79 0 31 9 71 64 106 56 63 44 36 73 62 43 8 125 24 29 39 1 13 75 89 126 76 50 4 83 23 61 99 22 6 38 123 87 60 16 111 110 124 97 108 7 100 58 57 109 103 118 95 59 74 51 90 40 35 77 14 113 12 42 18 10 93 85 121 25 122 88 114 52 5 112 116 119 2 48 70 67 54 98 72 41 47 20 82 65 66 49 30 33 96 102 78 11 19 3 120 27 45 46 86 84 104 21 81 115 28
41 86 96 36 68 93 79 94 102 122 35 45 53 9 126 10 8 88 75 114 57 24 20 84 74 15 99 101 40 7 18 3 111 109 64 92 63 26 14 66 32 82 21 25 116 55 85 16 2 71 28 29 113 70 89 34 104 51 73 77 95 118 67 80 123 62 106 22 90 59 112 58 13 83 110 23 76 43 39 91 27 61 31 5 56 105 100 108 115 47 42 97 19 121 33 107 11 120 125 44 49 6 54 119 124 117 37 17 81 30 48 72 38 98 69 78 4 87 46 50 60 12 52 65 0 1 103
54 83 80 14 19 126 53 6 69 114 39 46 71 28 118 2 65 7 47 75 66 10 62 40 116 31 37 112 18 52 26 41 33 99 119 5 84 32 101 76 9 110 97 60 0 59 109 35 38 91 92 27 1 105 88 67 87 12 79 82 13 61 30 51 123 115 8 34 49 100 111 70 103 16 21 113 117 22 125 48 57 44 24 43 50 104 121 72 89 96 93 77 98 56 36 74 15 124 11 58 85 108 73 102 17 86 122 29 42 81 55 106 107 20 95 4 23 90 45 3 64 78 25 63 68 94 120
48 74 116 15 53 102 66 97 119 60 56 125 90 41 1 77 36 4 96 111 30 27 3 0 99 79 81 32 83 57 52 5 89 44 65 114 93 109 42 121 100 71 64 8 94 110 34 6 46 103 14 39 12 29 33 106 67 61 84 55 59 49 76 95 11 98 24 73 126 69 13 9 115 2 82 91 47 18 117 45 21 16 87 26 113 35 88 101 108 122 68 92 120 80 19 112 37 10 7 28 22 85 31 86 78 54 75 104 72 107 43 40 17 51 63 20 58 118 62 123 38 23 25 105 124 50 70
79 50 62 89 12 56 33 49 45 35 113 112 98 91 9 2 14 20 54 32 22 37 63 85 39 19 84 18 88 122 47 3 105 90 41 72 100 38 87 59 102 30 65 64 99 6 40 69 83 80 77 106 108 118 119 34 107 43 110 116 125 78 4 61 103 25 60 27 92 96 28 55 46 126 86 13 70 123 101 81 124 57 29 75 36 121 31 114 15 111 120 68 21 74 24 94 53 115 73 66 23 0 76 26 8 16 42 97 5 95 44 10 48 58 1 71 52 104 17 67 51 117 109 82 7 93 11
106 30 82 50 112 0 26 1 110 27 15 104 75 85 69 113 124 7 44 5 107 84 92 119 126 97 111 22 48 108 116 98 46 12 94 42 56 51 41 14 96 109 121 58 61 118 40 72 93 31 99 89 88 2 78 86 90 28 102 100 47 123 53 80 67 103 21 95 54 29 16 35 71 38 62 39 70 6 33 34 79 101 13 25 4 115 17 10 9 57 37 73 117 24 66 91 74 3 49 125 36 32 8 59 114 81 18 45 65 19 52 68 43 63 64 105 120 87 76 60 23 20 83 55 122 11 77
19 83 15 71 11 114 96 49 22 4 3 126 18 94 44 64 99 66 90 68 42 80 39 121 24 122 95 106 56 110 17 73 125 16 74 10 46 2 84 85 78 67 43 102 105 107 26 69 45 38 72 29 76 51 23 28 8 20 62 91 108 63 1 61 113 34 81 5 79 104 77 37 87 86 115 30 111 36 116 53 93 65 118 88 35 101 119 27 41 47 123 33 54 92 60 14 13 21 100 9 40 57 109 112 82 12 59 97 50 6 25 124 103 89 75 48 98 31 55 120 52 7 58 117 70 0 32
119 37 32 34 13 36 17 87 93 120 63 92 99 82 68 55 61 26 104 18 31 29 14 11 58 116 103 100 89 10 76 124 22 74 91 38 118 7 35 5 83 42 85 21 20 4 112 60 78 115 56 80 48 19 105 81 125 96 44 95 79 69 97 0 12 109 15 107 64 43 24 25 113 62 98 27 123 16 108 88 49 65 28 106 30 47 2 39 46 52 59 110 102 33 53 54 94 1 6 9 117 121 72 40 84 71 90 66 50 51 86 23 126 73 45 122 111 3 75 67 41 70 57 77 114 101 8
77 45 54 21 42 63 92 68 58 100 113 102 2 67 116 29 108 19 119 3 70 20 47 115 22 17 90 11 57 64 94 97 105 114 95 62 59 23 28 104 18 93 124 25 43 109 75 49 66 27 82 1 80 121 72 13 52 126 125 30 69 122 118 86 83 8 98 74 24 6 123 7 99 65 38 89 55 81 61 5 71 14 35 110 88 76 112 39 36 60 37 10 34 12 32 120 96 48 101 46 56 79 91 107 51 33 111 16 26 50 87 4 103 31 40 15 9 73 85 53 78 84 117 0 106 44 41
32 50 51 24 19 11 85 79 88 49 7 72 73 21 105 9 28 47 55 8 56 77 120 78 61 115 26 5 70 43 52 84 96 10 40 4 6 104 87 69 13 68 14 31 80 62 93 118 86 81 110 107 109 20 46 112 37 106 48 33 108 25 34 45 121 91 119 0 53 30 116 111 12 60 94 16 103 66 22 57 29 42 83 64 15 98 99 23 126 75 65 59 89 90 18 102 114 123 39 101 76 63 36 17 38 2 67 27 125 74 35 117 95 113 71 58 54 44 1 124 3 100 82 92 97 122 41
22 12 117 98 109 38 93 28 26 49 8 68 77 2 97 107 51 1 104 14 50 78 11 10 103 118 108 125 87 114 66 121 81 5 39 30 42 6 53 112 31 62 91 56 17 37 16 48 74 33 0 64 120 54 58 94 111 29 123 72 67 47 119 59 69 19 73 95 52 71 80 36 83 13 21 57 99 101 45 116 9 60 44 100 18 27 25 115 46 79 106 105 122 102 75 85 110 70 89 90 86 24 32 92 124 113 88 41 65 3 82 126 15 61 7 35 63 55 96 4 34 76 84 23 40 20 43
52 59 23 22 12 106 9 105 90 64 67 10 40 77 30 74 104 0 111 65 27 71 15 45 39 17 31 125 2 113 26 54 14 86 47 35 3 93 120 61 89 124 4 66 72 115 123 50 32 121 81 58 29 76 19 96 20 25 70 118 13 37 103 109 42 69 57 49 79 78 44 21 16 119 63 46 102 101 68 122 97 38 43 7 82 5 107 92 95 8 60 28 126 108 34 73 51 100 94 55 112 99 11 1 48 33 75 85 56 6 116 114 18 83 98 87 110 91 36 80 62 41 88 84 117 53 24
19 3 95 32 35 105 72 60 69 23 73 103 61 16 125 51 86 78 6 25 71 104 121 109 108 98 62 47 76 26 7 20 14 68 30 59 113 79 117 53 57 41 123 100 43 124 97 85 9 56 107 63 8 101 34 84 37 88 64 21 96 67 18 38 50 31 122 106 10 11 81 65 112 45 17 54 99 119 120 66 89 77 126 28 12 0 39 75 2 55 15 70 33 118 49 92 93 13 115 91 58 5 46 52 111 29 24 83 40 102 114 110 82 4 44 90 27 42 80 94 22 1 74 87 36 116 48
92 75 30 94 64 37 54 100 83 51 6 26 102 77 33 117 118 101 103 99 39 62 17 9 97 82 60 3 43 115 47 18 2 42 85 45 90 41 105 95 70 68 4 52 29 53 78 48 71 19 20 67 91 87 93 7 106 46 121 98 21 34 1 10 23 116 56 120 61 0 84 44 36 16 28 66 80 55 15 122 11 69 113 86 32 63 81 22 14 88 109 31 119 25 104 12 27 79 123 24 72 126 108 35 49 96 8 58 59 13 124 5 114 76 65 74 111 40 110 38 73 57 125 50 89 112 107
23 61 76 20 35 120 24 43 28 62 81 57 90 113 5 19 29 38 114 99 63 112 64 60 80 91 89 115 117 13 67 88 82 4 33 66 126 0 94 103 100 111 50 59 3 37 55 11 45 110 52 69 40 1 9 12 75 71 26 86 83 93 41 87 125 58 16 32 56 47 104 34 98 42 119 122 27 14 8 107 124 10 46 68 123 84 116 17 48 70 25 108 118 92 72 15 96 22 53 97 39 65 78 74 7 77 54 79 21 101 102 6 30 121 85 44 73 49 18 31 2 36 95 105 51 109 106
34 64 103 1 111 40 2 85 33 41 5 112 84 72 117 24 99 81 116 3 15 73 80 21 120 45 66 83 11 108 92 51 17 104 28 6 115 113 32 125 49 78 29 48 119 106 36 67 61 123 23 101 107 94 97 95 93 43 13 110 98 44 118 90 20 76 59 82 54 114 89 46 7 35 38 102 65 42 86 30 126 79 96 55 56 124 4 109 121 68 12 70 26 31 57 100 10 105 87 9 74 27 60 63 50 91 39 16 77 75 25 69 0 58 88 122 47 22 37 18 14 19 71 53 8 62 52
69 123 80 57 0 100 113 40 20 22 6 114 49 54 94 23 108 82 67 103 109 30 7 119 48 68 60 11 90 31 17 89 83 81 39 124 93 88 122 61 3 66 104 72 21 1 58 70 29 117 79 27 125 28 92 18 78 8 74 36 42 34 14 47 121 2 105 44 85 52 77 62 51 118 115 84 25 87 59 53 24 71 12 95 56 65 45 35 107 73 63 16 37 43 116 98 9 110 41 32 4 99 13 50 76 126 111 102 5 26 97 55 33 15 112 86 19 120 91 46 96 106 101 64 10 75 38
13 12 54 92 106 89 11 22 99 33 63 62 88 116 96 119 64 3 102 81 98 30 37 16 76 42 104 95 79 1 124 125 70 2 87 51 0 85 43 109 36 108 71 21 69 49 91 47 29 82 83 26 80 40 107 5 56 66 28 112 61 120 24 110 111 58 97 20 68 73 50 31 78 45 72 27 114 10 35 86 59 25 39 100 118 115 90 17 6 65 121 19 60 7 44 18 94 122 8 38 14 105 75 77 57 101 74 113 15 34 67 126 123 55 53 84 41 4 93 46 48 117 9 52 23 103 32
66 57 73 41 71 6 7 99 32 4 115 51 124 14 93 15 31 58 48 47 114 86 90 24 75 112 52 89 39 21 64 92 36 40 30 94 85 113 68 101 2 74 65 98 44 35 120 79 55 83 59 46 62 69 25 50 91 10 8 18 80 34 70 121 104 33 63 11 12 125 56 20 117 45 118 60 107 88 126 110 105 43 3 76 108 9 17 42 49 19 116 84 103 5 26 96 95 106 29 22 111 0 100 77 38 54 27 97 109 23 87 119 53 28 61 67 102 16 1 72 78 81 123 82 37 122 13
85 121 68 101 72 34 75 13 30 17 39 61 4 10 25 103 93 60 7 20 79 24 27 78 117 104 59 82 40 11 23 105 53 21 14 8 29 36 9 87 28 37 52 123 90 50 38 124 91 76 42 51 18 44 99 94 49 56 26 89 48 84 58 110 57 1 80 67 5 118 115 66 0 119 96 65 107 109 106 54 102 81 126 35 41 63 62 92 16 69 120 70 83 31 6 113 77 2 64 122 100 45 32 22 97 55 95 46 116 98 33 15 43 47 86 114 12 73 88 71 74 108 111 3 19 125 112
89 65 44 104 63 55 112 17 29 9 73 66 76 11 90 92 114 57 20 74 46 54 98 45 30 4 34 79 24 52 32 124 12 50 71 48 88 116 56 62 38 99 41 115 122 102 111 69 6 82 1 83 123 108 61 119 121 103 51 64 19 113 23 77 97 110 78 58 33 117 31 96 95 125 94 36 68 42 18 109 35 67 28 91 5 120 86 7 53 106 40 93 8 72 3 16 101 85 21 2 0 126 59 39 105 75 60 100 14 118 15 13 25 49 27 26 107 43 37 84 81 47 80 87 22 10 70
116 13 11 5 2 40 55 7 60 112 44 67 46 85 109 89 92 35 41 54 123 58 97 88 71 36 102 29 108 37 101 93 124 84 51 107 73 66 95 25 39 4 1 96 75 3 91 22 8 64 86 106 15 45 34 6 113 68 98 19 77 16 31 18 0 90 43 111 24 63 65 78 70 59 79 126 81 110 115 72 27 50 17 100 56 21 23 33 12 28 104 10 83 76 32 61 42 114 57 20 105 48 120 69 53 121 125 30 47 9 62 94 117 87 38 52 118 26 14 49 99 122 119 82 74 103 80
8 98 55 61 120 67 78 99 107 51 87 29 126 30 42 53 9 79 122 76 100 0 19 48 60 65 103 63 28 85 121 3 95 101 72 124 10 82 56 59 43 83 16 26 21 52 20 77 116 81 2 6 108 105 18 17 47 36 70 88 106 68 114 41 64 35 38 90 57 66 27 54 37 109 49 15 44 39 84 13 73 40 89 58 104 45 4 25 7 123 117 92 50 32 5 1 111 46 69 115 96 93 102 22 62 119 112 14 34 118 110 75 11 23 86 125 24 94 71 113 97 31 33 12 74 80 91
3 2 75 96 88 69 70 62 85 7 48 98 46 103 82 89 16 115 61 10 28 21 78 99 26 123 14 25 30 66 74 24 73 32 55 58 35 121 42 37 77 104 52 20 76 65 118 105 125 40 23 81 110 59 56 102 47 86 91 67 5 18 54 92 17 114 109 19 93 120 97 68 122 44 101 83 106 111 12 84 22 8 15 4 31 72 49 33 53 80 113 9 43 36 13 124 60 34 107 11 64 39 41 100 6 45 1 119 79 38 71 94 29 63 108 95 51 116 0 126 50 57 90 27 112 117 87
85 83 5 125 10 74 95 47 59 62 97 18 121 14 21 0 57 93 9 46 41 19 36 99 116 43 38 66 69 68 55 81 56 63 72 96 24 52 15 11 58 42 35 92 117 20 124 44 8 70 1 4 118 91 33 48 88 100 7 103 60 78 87 75 37 71 49 110 16 67 29 27 25 76 26 77 112 123 6 28 98 119 64 94 53 84 17 12 126 104 79 39 13 34 120 105 22 82 32 3 90 31 113 2 80 40 73 45 86 106 65 102 50 109 111 51 23 122 89 115 101 61 108 54 30 107 114
15 51 1 99 59 72 8 2 103 20 93 74 26 52 75 11 35 112 41 4 42 81 104 95 115 85 46 63 111 37 61 80 31 12 29 88 45 30 108 57 5 16 78 82 33 69 77 121 32 101 67 19 24 118 124 60 3 18 65 17 50 125 38 113 119 114 40 66 7 70 92 120 28 39 90 89 79 14 53 13 23 36 43 21 56 54 97 71 116 122 107 83 91 96 94 102 49 48 100 27 25 62 110 109 126 98 117 34 106 64 105 84 123 0 73 86 76 87 22 6 10 9 68 58 55 44 47
50 15 46 51 20 9 88 109 8 33 18 4 62 119 10 60 115 87 121 75 81 73 114 84 101 57 35 27 47 54 80 86 42 55 124 93 102 64 67 126 53 43 28 85 106 92 0 112 41 56 95 70 25 125 34 22 94 107 38 79 45 44 111 98 48 63 117 99 13 100 31 21 116 12 59 68 77 110 104 49 118 90 122 19 58 69 66 11 32 72 29 24 6 108 26 14 39 1 113 78 30 65 96 36 82 52 103 17 40 23 97 83 2 5 37 74 76 120 71 7 91 61 123 16 105 89 3
28 124 86 40 49 44 39 66 111 3 53 85 95 112 76 37 60 79 77 64 106 42 47 97 120 109 31 35 43 110 74 30 41 91 45 2 88 108 71 98 116 4 62 20 123 16 9 7 114 59 34 103 117 100 36 90 80 22 13 6 84 15 61 102 93 122 54 107 1 5 126 125 81 118 68 18 104 51 121 65 70 105 29 33 115 78 83 50 17 12 119 89 82 69 58 38 55 57 27 99 32 92 75 63 10 101 11 96 24 52 0 113 46 8 19 48 56 67 21 87 94 73 25 72 14 23 26
68 115 53 90 108 103 5 75 7 100 96 94 99 85 116 31 2 88 9 38 73 123 126 66 62 79 13 84 57 49 63 30 113 107 121 35 37 58 43 72 118 18 111 6 15 52 39 112 67 26 69 16 34 87 78 110 122 27 93 124 14 92 70 65 95 74 97 8 106 114 101 12 120 28 33 46 98 54 76 51 42 64 19 45 119 25 48 44 0 3 32 125 50 60 11 117 17 71 89 56 102 82 47 81 80 77 29 4 10 55 86 83 105 104 24 36 40 61 59 1 22 109 21 91 20 41 23
24 83 41 34 62 84 59 56 104 58 8 111 12 35 78 14 110 0 43 55 81 85 118 79 27 37 115 105 102 117 123 26 69 45 114 100 25 65 103 77 42 3 124 98 63 33 16 101 91 2 28 32 113 48 80 4 119 1 15 40 73 21 67 54 108 9 107 122 93 121 60 94 17 44 76 109 74 13 71 36 97 66 82 72 5 106 89 23 92 47 50 20 18 68 75 96 87 30 51 29 125 22 95 31 57 7 116 86 6 70 88 38 120 11 19 39 112 90 10 49 126 52 99 64 61 46 53
