112 89 86 20 5 11 1 28 14 3 123 49 51 68 61 74 30 13 21 113 60 122 115 7 39 18 38 34 95 109 67 99 116 17 88 70 31 59 91 6 84 77 62 53 10 100 41 29 97 54 32 0 23 26 40 27 118 85 126 35 4 55 19 8 76 22 83 111 110 96 102 24 65 15 56 117 42 64 81 82 45 44 78 69 37 73 80 119 90 104 101 94 58 66 72 121 120 92 93 106 108 2 125 105 98 52 43 114 79 107 12 87 75 124 33 16 50 36 103 63 71 46 9 25 57 47 48
6 111 102 120 40 57 124 52 11 0 34 121 44 117 15 1 48 36 63 119 50 115 66 10 45 123 103 92 84 85 5 30 100 28 98 51 91 3 43 13 122 93 83 113 7 26 88 69 78 99 60 27 118 80 76 101 55 106 79 17 74 53 86 22 90 105 81 67 68 61 54 82 33 23 112 35 46 71 95 20 49 42 75 32 62 126 2 12 58 73 29 97 14 19 41 77 31 16 96 47 116 39 37 110 64 25 9 107 24 108 21 65 4 125 114 18 70 87 104 56 8 89 59 38 72 94 109
69 43 123 90 125 117 76 106 8 120 105 63 1 119 45 84 28 27 111 59 18 101 100 47 88 24 60 11 73 41 67 89 53 7 99 10 83 52 48 33 54 14 38 13 17 122 9 64 112 61 109 31 34 2 80 66 116 82 65 23 94 97 58 96 121 70 22 113 20 102 126 5 108 110 91 55 36 95 42 4 86 29 77 40 44 15 49 50 85 12 114 93 68 62 37 74 104 35 39 79 46 78 3 26 72 124 6 32 107 21 71 57 56 118 98 87 75 115 92 25 19 51 103 0 30 81 16
84 12 52 11 111 68 73 60 83 56 3 20 96 21 98 38 102 14 6 95 13 45 43 71 114 4 31 55 47 28 105 117 54 106 118 82 7 108 89 112 123 40 57 88 42 29 100 124 74 53 87 80 101 85 16 67 58 86 35 49 113 2 122 69 63 25 126 103 78 22 62 93 61 48 116 36 15 64 50 115 77 9 37 104 119 41 94 107 30 65 66 120 70 121 19 92 110 99 26 39 34 10 109 51 44 5 81 72 32 18 91 23 59 33 0 90 1 8 24 76 75 79 97 17 125 27 46
100 2 78 87 86 124 119 1 102 6 23 125 67 53 118 112 16 31 0 49 97 113 76 58 50 40 14 111 30 79 5 59 120 91 34 84 39 69 90 46 38 60 99 37 3 22 110 12 29 62 108 109 32 107 77 68 106 48 63 73 65 122 41 89 66 51 95 15 44 4 21 71 92 116 70 24 11 43 126 10 19 36 103 13 25 26 101 81 9 56 121 98 52 7 55 74 104 83 93 115 42 45 47 18 82 64 80 35 28 96 123 20 8 57 54 33 94 117 114 72 88 17 85 105 61 75 27
7 34 110 123 109 17 89 103 20 0 10 71 21 2 77 53 100 91 6 58 8 40 81 9 38 116 46 85 32 26 96 59 47 57 125 87 35 3 126 36 76 28 72 104 101 99 122 65 25 118 29 75 15 105 78 119 52 63 82 92 24 79 90 66 97 84 19 55 31 73 112 27 14 83 33 49 12 45 98 102 54 62 94 4 44 22 74 80 95 113 61 23 56 48 11 120 121 51 42 16 68 88 107 39 5 124 114 86 43 1 37 69 106 93 64 111 117 13 115 60 70 41 108 18 30 50 67
115 34 28 36 30 27 52 63 64 29 54 42 76 79 19 12 55 31 77 101 86 105 84 40 73 91 57 109 1 114 85 126 125 0 96 95 113 62 82 43 9 106 87 3 39 20 107 118 70 6 4 69 16 120 32 111 53 72 56 48 23 68 61 67 98 21 51 25 102 5 17 14 11 83 99 97 50 122 110 26 116 46 119 10 74 8 89 60 44 71 35 90 45 78 81 94 58 108 37 80 117 124 2 93 15 22 103 88 100 13 7 18 112 66 49 75 65 123 38 41 33 59 24 104 47 121 92
7 47 30 58 91 66 103 0 13 100 11 116 83 61 114 94 108 44 93 2 109 18 80 85 110 88 101 25 6 29 84 118 37 41 20 19 1 48 105 51 16 57 3 98 33 123 10 96 21 126 60 26 17 28 87 32 86 68 34 5 43 125 49 38 69 82 12 62 45 42 9 112 119 102 14 39 115 117 77 104 50 56 65 59 76 23 36 89 74 111 79 106 97 75 27 121 81 53 113 64 120 40 8 107 72 71 46 78 15 70 4 31 67 122 55 63 124 73 95 35 92 90 99 24 52 54 22
98 95 51 42 35 10 93 56 114 13 49 71 102 34 115 120 14 20 6 70 45 94 72 5 21 97 44 9 17 101 32 48 53 76 61 87 110 92 96 28 0 4 124 27 29 106 33 89 52 22 75 30 123 12 103 118 46 85 88 117 109 119 24 83 125 26 65 11 68 31 69 63 86 41 84 47 16 62 82 59 1 43 78 80 15 105 7 91 77 40 74 104 3 116 8 39 18 108 99 66 23 60 36 122 37 100 73 113 54 121 38 64 58 79 81 67 126 50 111 107 55 112 57 25 2 90 19
16 22 94 98 59 2 118 83 126 53 103 95 74 114 80 92 30 42 17 49 100 40 0 123 85 44 101 23 14 3 27 73 82 58 110 12 8 26 65 33 122 115 34 124 121 24 7 15 84 88 20 119 13 29 60 76 111 57 67 99 25 1 47 11 120 48 4 79 50 10 66 39 54 56 41 61 6 46 108 105 112 77 97 69 70 36 19 78 96 55 71 52 90 107 113 91 64 9 28 38 45 21 32 35 72 51 93 89 116 102 43 109 18 81 31 106 63 86 68 87 117 125 75 5 62 104 37
56 49 118 23 63 59 72 55 90 54 106 41 93 84 5 88 13 25 36 14 22 8 21 29 2 92 77 97 0 105 102 70 89 116 31 71 32 75 101 42 45 46 1 15 53 18 26 96 82 30 110 11 115 74 39 81 86 83 17 68 62 109 50 12 37 65 47 78 6 103 114 4 67 120 19 99 24 35 98 87 64 28 9 16 126 40 27 80 117 52 38 20 3 122 48 33 60 104 61 113 34 100 108 51 85 57 121 95 124 112 94 76 73 69 119 125 123 107 111 44 7 91 43 10 58 79 66
61 116 102 48 47 62 117 23 120 26 98 99 32 105 114 30 24 52 28 83 115 65 8 122 70 2 123 74 77 64 89 54 35 80 9 126 29 81 91 104 124 40 55 3 119 0 94 72 25 31 11 96 51 27 71 107 49 21 76 67 92 44 57 15 73 7 42 90 16 110 5 38 78 101 56 111 79 58 109 37 59 106 82 1 4 63 88 87 33 13 20 6 12 113 19 86 118 93 22 46 45 97 108 53 50 36 112 18 103 14 39 85 95 121 34 84 17 60 69 66 100 41 125 75 10 68 43
1 11 7 115 40 62 10 15 84 52 105 70 28 94 16 32 97 57 53 99 125 103 55 91 82 60 100 12 51 67 121 9 24 86 124 19 66 34 85 81 8 2 4 104 102 88 18 93 22 77 30 64 123 26 76 58 61 20 98 47 38 50 87 65 116 23 17 106 68 73 27 59 35 3 75 46 107 120 56 80 112 108 71 78 45 31 110 43 0 119 92 74 54 69 83 49 109 33 39 36 72 114 6 13 126 89 113 37 44 111 14 95 90 122 118 101 21 63 79 25 117 41 48 96 42 29 5
119 86 14 106 68 109 113 7 107 42 43 91 17 60 4 77 19 10 64 36 93 76 105 96 110 98 2 58 108 90 102 52 13 37 5 95 20 80 28 112 121 122 9 92 40 0 85 69 79 1 50 15 3 54 55 99 100 16 33 57 30 84 116 117 27 62 38 51 75 11 120 48 34 6 46 89 45 65 78 12 70 101 118 71 24 23 35 44 125 41 66 67 126 18 63 25 21 124 94 81 56 114 82 88 123 83 29 39 72 31 111 104 74 53 22 59 32 49 97 115 61 103 26 8 73 87 47
47 13 121 80 98 35 27 103 17 64 114 44 63 84 6 99 122 100 108 45 20 33 23 15 11 36 19 125 4 2 71 65 74 78 1 25 109 30 18 50 124 96 85 111 113 60 34 82 31 94 54 38 49 10 75 116 120 21 118 14 0 91 97 56 117 7 12 48 90 29 92 28 88 37 123 53 110 61 70 32 77 76 39 87 112 86 40 52 8 5 89 119 51 81 102 24 101 42 16 105 3 79 115 106 66 126 93 68 58 57 95 104 22 83 9 69 73 43 55 59 26 46 107 62 41 72 67
1 38 50 97 51 118 80 108 79 71 92 73 19 75 86 25 7 114 60 39 61 62 56 2 101 9 24 76 99 74 43 117 18 49 34 111 37 116 103 106 87 123 12 88 35 10 11 100 121 95 21 5 58 122 83 119 66 42 47 105 15 96 13 3 4 20 125 33 23 70 110 40 17 27 52 41 82 69 98 112 63 36 126 107 55 31 85 109 89 54 84 64 81 68 65 0 77 72 30 91 22 32 78 57 124 16 28 46 45 104 8 48 59 14 26 53 120 93 67 90 102 44 6 113 115 29 94
82 77 48 80 121 84 66 33 55 125 112 120 31 68 103 122 65 71 99 100 39 14 107 4 58 50 30 126 102 90 40 117 79 29 72 6 69 62 42 59 110 25 83 15 13 91 36 56 27 94 124 53 89 37 113 57 47 41 16 109 51 2 118 44 106 74 111 20 9 8 116 17 73 96 24 19 12 108 70 64 119 105 11 35 81 43 1 98 78 95 88 28 60 3 5 38 32 18 86 22 46 115 23 101 0 76 63 87 21 93 104 7 67 26 61 97 123 52 54 10 114 75 49 34 92 85 45
42 62 56 20 26 2 117 76 60 115 52 15 29 67 74 17 105 27 96 114 57 119 22 122 86 82 18 93 85 100 70 23 58 91 112 101 21 118 120 69 89 63 81 32 106 9 40 65 46 44 73 111 66 109 33 126 34 31 24 10 16 121 83 13 68 71 3 110 6 49 88 103 43 59 5 28 123 8 113 104 48 108 47 124 94 75 55 79 87 102 84 30 14 78 25 54 92 64 41 77 97 12 19 99 36 0 11 1 80 107 35 98 38 116 90 39 45 72 53 7 61 4 50 37 51 95 125
122 111 16 21 47 93 115 79 109 12 40 37 10 7 106 92 3 27 31 61 97 82 102 91 49 120 23 35 30 0 88 66 103 74 85 4 70 118 101 33 13 104 8 107 77 34 125 117 84 24 121 44 43 45 15 38 69 14 119 56 59 57 96 95 89 17 108 2 123 51 116 75 65 42 98 100 58 76 39 99 63 20 29 32 19 28 9 60 25 18 83 72 55 46 113 64 71 112 36 11 1 90 52 6 26 5 68 73 22 53 87 126 124 78 86 48 41 105 80 114 50 62 54 110 67 81 94
67 25 23 0 113 45 82 115 53 54 120 11 21 42 124 122 5 81 118 102 104 55 78 91 58 49 99 83 69 98 28 80 123 116 47 125 9 31 119 38 12 126 62 114 10 121 41 68 103 88 73 18 84 77 6 74 14 112 93 32 17 85 75 4 108 71 110 30 46 101 2 65 37 95 40 105 1 63 89 107 94 92 70 87 90 100 34 48 24 56 86 8 36 22 59 26 50 29 66 35 16 79 109 3 111 7 20 19 96 52 33 44 64 72 106 43 51 60 61 13 57 117 76 15 27 39 97
91 4 17 59 30 42 88 69 70 107 24 20 74 12 120 5 49 44 40 48 29 38 45 75 28 119 111 101 81 35 18 113 92 2 86 80 109 0 34 96 99 21 95 19 82 31 103 123 7 93 39 105 77 97 27 53 108 102 66 50 13 125 54 65 114 76 3 84 9 117 100 106 94 43 73 78 63 58 36 126 6 15 57 72 112 71 121 46 110 56 87 25 64 33 51 104 122 10 79 85 90 67 55 23 118 26 16 83 115 61 14 124 116 41 98 37 22 8 52 47 60 68 11 1 32 62 89
58 3 25 2 70 33 44 24 85 51 91 9 45 63 80 38 123 81 89 65 69 64 59 95 14 96 84 107 6 23 41 47 105 78 98 79 1 71 20 7 120 83 54 117 5 4 110 111 121 52 124 103 92 100 19 74 0 82 104 86 42 11 77 106 97 13 109 119 50 18 37 112 27 61 125 94 15 67 55 29 39 118 126 43 32 75 12 62 28 122 16 101 76 34 88 53 99 115 68 46 72 48 31 108 113 114 57 40 56 36 8 10 116 60 90 66 49 93 87 22 17 30 73 26 21 102 35
37 109 121 114 0 73 15 112 92 36 43 86 24 17 116 77 68 81 38 69 113 108 30 31 20 16 99 98 79 50 104 94 70 7 61 111 124 48 58 118 29 117 78 23 9 64 18 91 66 126 11 76 120 4 34 63 49 88 28 46 115 105 44 25 40 8 65 83 22 107 19 21 32 54 103 47 39 100 87 110 93 97 85 122 102 26 2 89 67 1 35 106 5 56 45 10 95 123 101 75 125 84 90 3 62 27 55 71 52 6 53 14 59 60 42 51 41 96 82 119 74 57 80 33 72 13 12
31 103 11 46 14 39 4 120 83 19 56 41 49 101 48 84 18 89 97 2 91 50 23 58 81 38 74 59 29 61 94 3 6 75 121 114 80 64 117 107 9 12 42 26 72 82 99 93 100 8 78 53 63 22 86 126 98 66 1 43 57 45 102 28 68 109 106 30 33 69 105 79 32 51 5 47 112 40 54 115 55 13 85 27 87 20 25 65 125 116 60 96 88 62 77 21 123 37 67 15 113 71 124 90 92 24 122 108 111 35 36 7 44 95 104 118 73 110 10 34 0 70 16 119 52 76 17
52 4 18 16 53 35 10 110 123 36 27 34 5 20 111 91 120 2 89 6 115 15 56 21 14 103 79 98 65 7 71 85 126 113 51 32 99 0 22 104 122 87 92 38 9 83 90 82 119 33 48 69 94 125 28 72 23 44 118 93 26 88 31 55 57 80 114 109 116 25 68 47 107 19 45 12 42 96 61 95 11 106 124 50 24 41 67 58 76 101 75 63 81 117 62 39 78 112 74 54 86 105 97 121 29 102 30 73 3 46 108 77 64 84 13 37 100 8 40 49 70 17 1 43 59 60 66
28 24 35 26 85 25 10 77 1 57 110 4 2 98 81 62 37 47 67 112 121 42 126 3 100 118 113 29 33 16 50 13 71 104 53 76 39 17 63 49 105 90 73 79 61 6 14 46 38 115 64 36 91 78 7 80 34 59 51 102 96 31 12 120 65 87 114 21 107 123 89 0 74 125 94 117 101 5 52 68 111 55 66 75 30 48 70 45 19 32 116 15 83 20 9 43 108 122 95 69 82 93 124 22 44 40 54 41 23 27 8 60 58 84 109 97 72 92 11 106 119 86 103 56 18 99 88
35 73 124 91 11 116 55 33 90 113 34 12 126 26 112 95 42 88 66 41 63 52 123 104 10 65 31 74 94 108 24 27 61 30 40 117 121 54 72 5 62 56 20 103 23 67 89 28 86 57 97 16 96 81 80 38 60 69 36 37 13 125 98 64 110 6 21 87 83 93 119 44 19 1 107 79 68 22 18 14 58 111 7 43 75 120 29 105 9 71 45 50 84 77 49 118 53 48 114 17 25 76 82 46 106 2 85 78 99 32 122 100 59 3 47 15 115 92 8 102 0 4 109 39 70 51 101
10 20 98 21 7 121 100 99 70 116 45 0 32 59 51 101 123 68 92 66 84 30 61 29 62 72 24 82 6 107 17 52 95 71 65 12 26 39 44 11 88 96 109 90 15 43 19 28 86 9 111 119 113 5 74 38 49 120 50 57 42 80 105 64 108 2 93 54 89 1 117 122 85 87 4 115 40 124 55 114 22 41 46 63 18 35 58 14 76 102 125 112 13 104 77 34 56 3 60 36 126 33 27 91 78 53 37 48 75 118 16 110 79 83 31 94 97 81 73 8 67 25 103 23 69 106 47
8 38 114 84 74 118 48 45 41 81 18 91 72 116 7 85 112 47 39 32 44 30 98 31 108 63 97 57 61 29 12 100 64 82 56 105 124 73 15 19 65 25 5 121 13 35 117 71 86 79 106 43 28 21 11 75 102 69 90 125 92 20 53 68 76 9 36 34 4 122 14 77 50 95 110 89 99 70 1 119 46 10 23 67 83 37 55 80 94 0 51 17 6 54 78 113 52 115 22 42 24 2 33 26 126 109 123 96 103 93 62 27 120 16 59 111 66 104 60 87 3 88 58 107 101 49 40
0 5 47 10 112 99 124 27 38 36 74 57 8 77 49 117 22 42 90 31 65 18 4 104 63 40 95 54 59 88 64 17 82 66 56 87 97 92 107 68 72 21 34 60 37 30 13 126 80 52 51 41 103 83 35 108 115 85 122 89 23 44 6 9 105 114 19 101 32 84 86 120 15 45 125 81 62 75 2 46 55 48 123 50 33 106 67 79 121 116 43 39 94 91 119 111 70 53 113 7 96 110 20 102 58 1 109 69 25 26 28 78 3 16 14 100 24 61 76 93 29 12 73 71 11 98 118
44 41 19 0 46 96 88 31 9 103 86 35 3 84 107 73 15 20 90 43 113 10 29 124 119 1 70 97 83 114 45 4 76 11 68 71 72 120 94 6 27 111 108 89 101 39 106 14 32 52 36 55 66 40 104 123 37 99 118 33 23 47 91 13 126 82 69 121 18 105 102 85 30 22 62 38 49 79 93 60 57 122 16 34 26 115 25 80 54 78 42 7 110 74 2 5 100 116 58 92 12 117 53 65 61 67 28 77 51 21 112 98 109 81 56 17 125 75 48 59 50 87 63 8 64 24 95
67 34 11 74 44 58 48 86 50 111 113 115 80 42 10 41 91 82 25 15 30 93 56 120 102 64 87 104 89 118 47 77 90 65 75 62 103 119 23 57 4 96 24 36 21 46 14 55 125 32 88 95 99 1 59 98 108 107 5 106 54 6 8 16 112 70 13 51 105 2 9 20 122 124 84 123 100 92 121 61 22 81 68 79 114 39 7 12 52 49 38 97 117 17 85 101 76 40 0 26 27 37 19 94 116 3 73 60 63 35 126 33 78 31 109 43 72 28 83 71 18 66 110 53 69 29 45
54 0 95 80 26 21 7 112 35 29 10 18 113 87 50 103 78 5 12 37 100 82 1 43 11 49 122 51 107 91 41 116 75 105 67 93 71 63 102 120 3 126 89 8 83 79 56 13 31 94 9 115 98 46 81 90 58 117 24 4 118 97 23 2 42 104 92 77 15 76 28 16 123 99 40 109 124 55 20 66 68 25 114 53 30 108 19 106 22 119 111 125 121 38 84 85 86 17 64 60 32 36 88 110 74 65 72 52 47 27 69 33 73 62 44 59 70 48 6 57 34 61 96 39 101 45 14
94 14 83 97 73 10 101 13 57 43 120 18 114 59 2 36 52 77 89 5 71 79 7 70 24 56 113 123 29 60 3 124 107 41 62 122 39 98 30 106 16 119 66 65 102 116 86 27 53 25 21 26 47 68 19 38 90 74 33 99 23 84 22 15 64 110 20 88 78 76 63 44 125 115 61 111 96 103 118 93 11 31 80 9 12 8 85 17 49 75 32 35 67 46 45 58 92 87 40 51 42 6 121 0 95 82 126 4 108 112 54 50 37 34 104 117 69 48 28 91 72 100 105 1 109 55 81
82 35 97 99 26 36 51 93 89 79 100 32 92 75 30 31 70 88 25 58 113 78 110 116 8 33 90 59 98 18 65 42 118 50 41 121 0 10 122 114 28 120 52 95 60 119 37 87 84 85 7 14 12 102 86 46 109 91 34 4 68 55 111 63 105 23 16 9 29 80 17 74 77 15 2 71 81 112 115 126 19 106 62 56 47 124 21 27 107 24 83 6 48 20 66 94 103 108 101 43 125 44 45 76 69 104 54 13 53 11 61 72 1 5 96 3 117 64 123 22 57 38 73 67 40 49 39
117 113 5 68 107 118 89 78 109 108 69 25 59 72 65 111 119 96 16 101 83 1 21 81 57 84 9 48 30 18 94 3 61 62 95 103 0 51 7 27 70 17 54 87 122 98 11 99 126 64 8 82 60 56 42 67 110 44 47 115 40 35 66 13 75 120 74 90 12 23 26 37 32 55 19 88 29 93 41 52 34 45 49 100 38 79 2 24 58 106 36 4 86 15 63 123 124 97 10 91 50 116 85 114 77 102 22 31 104 76 39 46 20 6 125 53 73 92 71 28 14 33 112 105 43 80 121
125 82 22 24 18 9 103 111 51 0 33 23 62 8 3 112 89 63 10 104 83 78 39 121 106 100 123 21 101 94 60 74 69 115 41 92 72 55 96 93 44 116 66 90 52 102 42 15 61 47 120 122 28 105 6 86 34 12 107 88 118 19 79 53 117 4 17 58 32 30 95 16 80 77 68 71 49 45 54 2 20 5 38 110 73 67 37 14 98 57 56 25 87 35 50 26 108 119 84 97 40 64 11 114 36 109 13 7 31 126 27 99 29 85 81 124 76 46 70 91 43 48 59 75 65 1 113
52 26 82 6 65 25 93 115 114 120 55 46 79 54 83 112 67 43 15 80 64 85 123 117 36 20 66 23 61 3 110 116 69 88 73 76 60 24 126 121 35 113 50 27 17 21 90 125 108 16 97 42 28 75 31 68 124 96 104 105 59 99 89 109 29 56 51 84 70 102 58 87 111 92 53 37 98 13 106 122 39 119 10 81 45 103 78 32 34 30 0 38 12 1 63 48 91 40 7 9 118 100 94 11 74 107 57 101 41 5 14 86 72 44 95 33 71 62 4 8 49 19 77 2 22 18 47
76 75 112 25 72 23 100 33 4 98 59 114 24 88 102 19 50 31 86 94 43 53 95 15 35 125 41 3 63 124 57 10 28 52 108 119 44 70 117 30 21 34 126 99 77 48 55 18 96 104 81 69 71 26 20 74 51 1 46 91 89 103 38 80 64 97 83 87 115 106 122 90 45 116 12 29 123 67 42 6 111 109 113 105 121 62 14 56 93 13 27 101 54 49 0 82 16 79 73 47 40 85 39 36 118 92 17 2 58 66 37 84 7 11 22 5 110 61 9 68 8 107 65 60 78 32 120
120 12 46 61 22 106 6 3 62 93 27 43 115 101 122 41 88 48 37 75 91 56 40 28 23 85 36 100 39 21 97 107 80 73 44 54 9 83 109 110 98 17 11 87 63 52 95 111 57 16 5 77 10 47 24 119 118 71 15 65 29 33 20 114 86 30 116 1 42 68 121 94 117 124 74 125 64 70 67 4 79 82 26 45 50 103 99 81 89 113 78 0 60 84 96 2 14 49 19 18 66 55 51 112 104 90 69 108 59 8 7 34 72 31 32 53 35 76 38 102 58 105 126 123 92 13 25
91 116 96 118 64 0 52 4 85 25 84 27 68 12 6 47 103 107 126 102 33 8 13 120 115 104 62 77 100 9 32 2 67 21 11 16 29 80 122 86 73 89 71 121 82 111 106 14 42 53 35 117 10 56 108 1 28 44 31 49 41 36 94 60 109 123 20 59 5 19 18 76 51 110 98 63 112 79 88 95 90 99 45 23 3 15 72 101 58 61 30 34 48 22 125 7 83 57 65 37 74 38 50 40 39 105 81 46 43 24 26 114 69 124 54 78 93 97 87 70 75 17 92 66 119 113 55
57 27 81 93 11 17 34 101 1 65 116 51 24 83 114 79 61 12 95 89 76 72 13 63 14 110 58 21 74 119 62 46 4 5 26 20 19 123 112 60 121 100 59 23 86 38 45 44 80 82 10 41 115 3 85 73 75 42 49 87 28 50 111 66 16 96 25 54 64 98 120 39 9 105 7 122 30 124 68 36 92 109 22 35 113 102 126 33 118 77 8 69 53 108 104 48 70 29 88 18 106 78 55 99 91 103 31 15 0 6 56 43 84 47 117 97 90 2 32 52 67 40 94 37 107 71 125
17 19 119 23 102 85 75 96 65 64 43 0 61 4 31 111 13 27 117 86 83 121 99 51 126 56 109 49 100 20 101 73 94 30 107 89 104 53 108 33 74 28 22 67 98 6 36 77 116 14 16 93 39 66 48 79 125 25 58 69 52 80 72 84 88 78 1 114 87 10 54 97 5 18 91 70 8 115 41 50 120 11 9 34 71 122 15 40 103 38 47 3 106 62 90 7 76 29 92 2 21 124 12 45 68 95 44 105 26 118 113 42 110 37 46 32 112 35 57 123 55 60 81 24 63 82 59
38 72 16 6 125 89 30 106 35 54 28 31 92 0 68 64 81 2 105 55 10 103 7 71 39 122 119 80 23 11 46 14 74 77 20 124 93 8 48 116 108 9 51 76 114 5 117 102 123 1 52 32 3 27 49 66 42 12 73 26 21 88 63 112 78 57 95 44 25 41 36 97 98 109 118 79 86 96 18 22 110 69 113 100 65 107 75 50 56 94 47 29 111 45 126 87 121 58 61 83 120 99 17 13 101 60 91 85 37 82 53 15 59 34 104 62 115 24 84 67 43 70 33 19 4 90 40
102 95 51 84 44 23 88 30 90 40 100 24 113 72 79 119 3 65 38 20 31 74 5 16 19 56 15 21 97 0 11 91 87 17 9 122 98 67 105 35 53 7 60 6 81 49 22 71 117 110 89 109 66 76 118 99 63 55 114 1 2 64 47 68 108 26 18 93 28 52 45 57 123 43 69 80 112 111 39 115 121 12 36 25 27 96 94 42 54 37 73 50 106 62 124 104 92 41 75 125 82 33 101 78 61 58 29 70 46 77 8 86 48 59 32 126 107 10 13 85 34 103 120 4 116 83 14
0 100 37 62 84 14 43 115 74 11 71 12 59 23 18 47 95 61 4 38 70 36 117 83 28 99 3 93 64 9 85 57 101 98 104 26 75 29 65 124 79 13 32 48 112 30 92 111 120 39 25 42 5 87 60 46 102 114 73 33 113 8 24 91 107 106 56 81 53 77 52 82 67 1 31 122 54 68 35 90 121 110 17 78 80 19 40 49 44 116 97 22 27 94 50 89 10 45 108 7 55 123 41 2 105 103 6 86 69 76 58 16 126 15 20 21 109 72 63 34 66 119 125 88 96 51 118
42 91 66 75 32 23 14 4 74 22 120 26 117 102 88 67 94 6 92 84 69 116 57 12 71 78 119 7 54 34 21 115 58 44 0 118 37 85 95 126 63 33 47 52 39 62 38 81 28 93 89 114 11 17 1 98 48 2 56 76 109 101 83 82 87 70 73 25 27 96 8 68 105 20 36 35 77 55 46 104 123 45 124 13 18 122 125 112 59 121 41 86 106 40 79 9 111 51 64 15 5 103 80 90 107 10 19 30 50 61 72 60 99 43 16 31 49 97 3 100 53 65 110 24 108 29 113
91 40 120 32 20 58 116 29 51 2 42 107 37 59 34 90 53 17 76 28 52 103 86 4 55 79 96 112 45 84 102 44 26 85 98 14 62 10 60 27 46 19 25 80 50 3 41 71 36 123 111 104 95 69 56 94 124 89 74 92 47 22 66 9 106 23 11 125 30 24 117 118 67 87 75 16 105 48 121 54 73 70 109 93 8 5 38 72 65 0 43 31 35 64 88 21 81 57 110 83 77 63 99 100 49 13 39 113 101 15 122 78 82 6 68 7 12 18 119 115 61 1 33 97 108 114 126
89 55 1 93 75 97 104 85 64 121 106 13 118 54 78 119 60 31 39 51 41 57 126 91 76 33 26 109 88 113 90 15 61 107 28 36 20 46 66 48 102 73 110 23 116 12 86 112 49 80 16 9 8 68 100 117 47 120 3 122 40 25 108 92 114 124 53 67 70 58 27 11 6 84 105 59 45 19 65 0 62 95 24 32 101 44 115 30 74 42 21 103 125 10 37 82 4 77 38 18 79 63 123 43 29 99 35 83 94 14 7 69 111 81 96 98 87 22 56 34 50 17 71 52 2 72 5
13 95 99 97 39 76 10 6 22 96 9 85 82 80 58 105 122 86 21 59 1 115 2 84 108 94 112 47 26 118 28 116 48 16 120 110 49 111 31 114 73 81 44 42 32 8 15 66 91 41 88 62 67 36 71 107 45 23 55 104 29 63 4 68 113 102 14 74 53 106 65 109 17 0 50 18 56 98 7 3 77 100 101 37 34 70 89 103 38 25 5 30 75 40 117 93 119 11 79 61 51 125 78 52 46 54 24 92 57 33 64 124 126 123 72 19 27 87 20 60 12 69 90 83 43 35 121
123 26 89 93 111 24 99 50 43 49 18 53 37 115 56 65 82 42 36 54 2 103 40 12 48 30 58 81 14 108 68 20 66 57 116 95 121 100 59 63 124 76 101 107 118 28 32 125 60 11 35 94 19 97 15 87 98 55 109 64 52 67 110 44 77 70 62 72 75 41 117 106 46 114 120 122 119 112 104 92 6 10 27 73 25 85 9 51 8 29 83 13 22 86 47 74 21 102 88 7 96 105 4 31 17 80 78 34 45 79 23 91 69 84 113 0 126 16 3 39 5 33 1 71 61 38 90
105 14 94 35 49 22 121 4 51 99 62 11 0 117 40 72 46 31 34 70 109 30 104 122 75 38 118 5 71 16 57 69 107 8 96 85 2 50 84 115 41 88 113 89 47 13 12 53 112 106 19 114 74 86 97 48 98 77 125 20 45 33 73 6 83 79 18 37 36 52 15 66 126 108 32 65 120 3 110 24 103 102 27 39 7 54 81 64 9 63 111 100 44 10 80 61 90 123 56 124 76 28 29 91 60 55 82 68 67 17 21 23 116 1 87 92 119 58 59 43 25 42 93 95 101 78 26
119 49 0 122 62 8 90 37 100 61 28 34 110 78 91 35 94 120 23 9 29 32 3 112 79 50 65 11 40 20 104 30 45 6 121 51 31 17 12 54 56 55 21 22 73 36 48 1 52 84 92 99 87 103 7 47 115 82 70 27 66 81 15 97 126 39 25 125 102 59 53 107 13 4 124 14 116 123 68 10 24 109 93 33 46 95 117 106 101 18 74 16 89 64 67 118 26 80 19 111 58 96 38 71 85 114 60 5 72 41 88 77 83 113 2 44 105 43 86 98 42 75 108 57 76 63 69
28 41 14 123 5 106 103 45 107 85 109 47 80 50 15 111 56 13 35 17 87 83 20 100 114 42 89 98 12 36 8 104 59 10 119 61 33 40 53 68 72 64 88 63 55 101 110 65 102 78 0 126 116 48 74 62 9 34 76 60 66 6 124 16 29 24 2 69 18 51 11 25 37 52 1 95 19 77 38 46 93 94 122 90 112 120 43 82 67 22 71 92 75 3 27 21 57 115 125 32 113 58 121 26 4 23 96 105 44 91 30 97 7 99 81 118 54 49 117 84 79 70 86 108 39 31 73
46 41 54 119 42 65 37 6 113 92 71 76 67 53 68 123 75 106 38 58 12 0 26 126 82 77 110 62 88 43 117 122 2 98 121 85 17 50 78 66 16 70 120 18 34 23 107 24 72 100 59 61 90 1 94 79 13 101 45 125 19 52 105 9 39 74 64 22 30 112 93 25 51 109 47 5 103 48 20 104 114 31 7 89 27 32 84 10 4 86 116 3 91 99 49 60 56 8 33 87 97 108 28 83 115 80 55 69 102 81 14 40 124 111 95 118 35 57 21 73 96 11 44 36 15 29 63
111 6 123 1 101 37 56 40 33 109 10 18 103 64 82 81 69 19 50 52 12 35 68 39 8 93 98 45 11 44 5 119 121 53 54 112 97 117 26 34 59 63 86 23 70 100 57 42 96 65 90 60 71 17 58 38 106 22 80 113 77 51 89 116 85 92 125 74 99 105 47 104 9 94 75 0 21 102 108 24 16 55 76 107 13 43 91 66 36 87 27 49 110 3 124 95 30 25 83 126 62 61 41 28 78 88 73 7 15 29 48 120 20 4 2 122 118 46 115 72 84 79 32 114 14 31 67
100 16 81 36 72 7 117 3 123 103 38 114 74 65 15 118 119 79 46 67 122 110 39 68 108 126 47 73 44 107 27 104 37 19 57 43 102 4 101 21 24 45 83 99 13 93 124 58 77 91 31 69 116 6 53 125 92 5 120 88 56 1 8 63 105 76 23 26 106 25 54 94 61 115 35 52 49 66 97 98 75 22 41 85 89 48 60 70 18 111 11 87 71 62 30 113 14 34 50 96 86 51 17 10 55 90 20 59 29 12 95 112 84 2 9 78 0 32 121 33 109 42 82 40 64 28 80
56 49 3 68 114 95 105 24 76 109 121 86 1 44 113 92 111 45 2 79 120 4 58 116 59 73 77 55 35 126 12 38 62 23 0 110 90 33 100 102 11 99 31 71 18 29 117 82 20 5 37 25 119 52 80 6 48 123 34 46 51 101 36 53 96 108 81 7 63 93 87 67 39 16 30 97 65 91 57 60 70 83 28 106 54 40 27 13 32 66 104 42 85 26 88 15 84 122 89 64 21 17 43 22 41 98 72 8 112 61 50 14 74 118 19 115 75 47 9 10 125 94 78 103 69 124 107
8 112 53 29 93 97 50 62 81 46 32 94 18 27 22 75 124 69 42 67 111 3 61 47 84 12 119 56 49 4 76 14 11 17 113 110 91 66 23 88 31 40 85 95 78 39 28 26 83 106 59 6 103 98 21 2 109 114 57 63 52 105 90 80 73 60 48 1 15 74 122 82 68 43 72 25 7 38 19 70 13 120 101 30 102 79 55 37 34 92 58 108 51 126 54 16 107 86 10 5 125 36 96 65 99 33 77 115 121 104 20 45 116 35 89 118 117 9 24 100 123 0 64 87 71 44 41
56 96 124 38 50 32 22 100 12 63 88 20 115 94 101 122 48 72 44 110 74 64 84 113 118 23 8 109 98 31 126 37 107 40 75 91 19 92 65 27 87 59 25 21 60 125 2 49 76 42 16 86 36 123 29 108 13 82 34 14 121 69 52 79 70 30 95 117 68 61 81 85 11 102 93 120 77 4 62 53 97 39 71 24 67 33 6 119 17 114 104 43 106 116 105 112 78 103 57 0 3 58 7 55 1 111 41 18 35 45 90 10 47 46 89 9 54 73 51 5 28 80 66 26 99 83 15
109 18 29 54 40 34 111 117 73 76 113 1 122 108 9 102 103 24 15 124 6 88 77 17 12 95 82 74 84 10 66 68 120 100 7 104 26 4 35 3 71 58 43 23 112 31 0 99 115 97 16 101 98 5 78 33 45 52 85 105 69 89 81 86 114 32 96 49 22 110 46 75 44 116 63 47 36 51 38 59 11 60 30 67 62 106 93 20 56 64 92 70 107 125 91 8 27 39 37 57 72 42 61 2 55 50 118 19 25 79 21 87 126 94 121 90 41 48 53 119 14 123 80 83 65 28 13
118 119 111 65 91 84 94 5 13 104 107 30 26 101 0 23 121 66 52 38 90 74 77 9 97 78 4 62 112 108 100 41 15 25 70 10 44 51 109 56 11 87 110 89 22 33 54 99 113 75 27 42 117 21 16 43 37 88 86 123 28 45 18 12 57 80 7 46 73 36 39 55 114 120 3 92 35 82 105 116 1 29 85 60 93 19 17 103 61 58 69 79 72 59 83 40 50 2 102 95 8 6 125 48 47 115 122 126 98 81 106 68 124 32 14 67 34 31 49 76 20 63 24 53 64 71 96
115 53 119 38 109 86 8 95 3 114 28 100 69 64 122 12 2 99 101 56 88 121 22 50 98 30 34 106 105 77 15 89 25 90 71 108 40 117 35 5 111 126 16 18 118 102 107 110 19 36 85 87 58 47 10 49 42 79 82 9 72 92 83 31 75 104 48 70 73 32 68 103 43 27 74 59 46 39 37 78 113 11 81 13 21 80 84 45 66 96 29 62 125 26 65 123 6 24 57 17 116 55 124 61 67 76 20 23 52 94 41 91 33 44 97 14 112 51 7 120 60 93 1 63 0 54 4
11 97 21 49 40 35 109 96 86 79 71 1 99 20 82 70 77 56 85 87 107 57 36 102 52 42 19 26 30 14 63 66 114 29 113 17 2 4 116 48 119 65 92 61 104 8 69 117 23 72 43 47 54 123 50 124 121 93 53 67 7 120 28 22 60 122 110 126 100 33 39 59 105 75 62 84 101 78 46 15 112 83 3 91 41 68 103 73 95 18 115 106 13 58 25 34 55 38 51 0 81 125 31 76 90 9 80 74 45 24 32 44 111 12 98 37 88 27 89 5 16 118 94 10 108 64 6
109 60 28 42 2 38 19 13 51 72 108 92 122 17 0 93 79 67 7 77 124 80 30 85 97 15 20 86 123 6 21 105 27 76 89 104 110 25 16 35 55 65 4 52 57 70 118 90 40 34 100 84 12 46 29 23 49 116 112 36 62 9 103 10 83 120 95 78 114 33 22 111 75 5 87 61 32 50 24 99 26 106 82 69 43 59 45 107 121 39 71 41 119 102 44 31 113 63 1 58 14 88 125 11 101 68 54 66 18 8 48 3 74 64 98 73 37 126 115 94 56 91 96 81 117 47 53
78 60 23 116 10 13 6 121 52 50 0 55 93 68 101 70 30 114 123 107 18 5 75 38 7 63 11 31 120 20 33 61 14 82 22 92 57 106 17 103 108 24 8 46 21 26 88 35 90 104 2 54 84 111 110 65 47 83 115 58 3 12 59 117 102 118 34 53 28 51 105 42 32 29 81 109 37 49 72 25 1 39 66 56 16 91 77 27 100 97 4 76 48 36 64 62 126 67 125 45 94 113 44 15 86 71 80 96 122 95 87 99 69 41 89 98 73 119 43 19 40 74 9 124 112 85 79
14 23 92 121 21 48 93 8 110 11 38 102 75 67 36 40 96 105 107 81 112 0 69 27 57 91 62 83 15 113 82 22 74 119 118 126 85 90 63 100 80 86 101 103 28 111 95 24 56 116 94 29 117 88 3 41 104 71 25 50 4 60 35 9 109 61 64 53 97 52 20 37 31 65 106 33 46 42 123 12 30 39 7 79 2 66 73 45 18 78 120 87 72 124 13 32 99 49 47 84 76 122 6 114 55 5 1 125 10 44 77 51 16 26 70 59 108 43 115 19 98 58 89 54 68 17 34
80 76 64 31 111 22 81 36 49 79 65 74 118 3 51 58 106 68 21 115 27 125 83 52 33 114 73 124 96 53 67 119 1 43 60 71 88 116 54 108 11 37 9 110 41 113 77 109 99 0 63 112 32 34 14 26 13 66 101 78 16 123 75 38 59 8 7 121 30 6 122 104 47 46 5 95 69 20 120 61 12 82 10 4 57 28 103 84 117 55 50 40 93 70 35 92 102 17 62 2 89 23 24 91 98 86 94 44 18 100 107 39 45 15 42 56 29 87 48 85 25 97 72 90 126 105 19
23 3 90 1 15 47 91 28 64 87 117 62 102 86 13 77 84 65 41 53 58 21 94 88 37 81 70 22 6 33 56 7 72 109 49 5 104 93 12 123 10 34 38 110 92 118 63 114 20 14 96 55 35 126 52 103 122 4 19 40 68 76 115 83 79 112 71 101 73 97 32 95 18 89 30 107 61 24 124 31 75 111 105 74 120 54 98 69 82 125 51 60 26 66 100 85 17 67 48 43 106 2 50 39 9 119 80 116 25 78 121 45 113 108 27 44 8 29 99 42 11 46 59 16 57 36 0
83 85 56 8 10 106 52 115 20 82 77 1 108 41 97 54 11 63 72 14 39 46 91 124 30 92 7 114 29 93 15 125 69 105 102 122 23 31 37 28 74 84 87 17 33 60 35 64 118 65 88 100 67 104 6 62 49 44 9 94 75 121 71 98 79 81 119 111 48 126 120 53 50 66 3 40 42 73 90 36 5 80 24 117 76 25 16 47 45 109 12 43 13 58 107 55 116 51 4 18 68 57 99 38 103 113 26 89 110 21 96 0 27 78 22 123 61 101 95 86 59 70 34 32 19 112 2
67 25 45 85 82 1 49 52 18 108 38 99 46 100 68 36 56 19 14 117 16 124 10 65 84 60 9 103 62 20 92 23 72 41 123 58 61 37 120 112 101 44 55 94 76 4 8 107 80 97 30 75 34 63 83 40 98 106 0 47 78 64 118 3 35 22 113 95 105 50 87 26 53 27 11 31 12 116 59 91 33 13 90 122 73 126 28 21 79 81 70 24 6 66 114 5 77 51 88 109 71 102 17 7 110 121 57 15 48 111 69 89 93 86 104 74 29 32 43 54 115 39 119 42 2 96 125
88 83 4 105 60 79 91 118 101 63 93 3 108 103 64 126 23 113 29 61 12 58 32 123 33 14 106 70 72 46 56 51 66 121 97 82 119 5 62 38 10 20 47 100 43 21 59 109 42 13 122 107 77 86 40 31 94 11 95 15 65 104 78 116 85 80 89 22 28 39 44 69 6 68 102 0 96 90 75 49 9 8 67 18 2 25 36 30 54 24 99 112 76 34 7 53 73 37 74 125 45 87 117 19 55 81 35 110 27 71 50 111 114 41 16 52 92 48 26 84 57 115 17 124 120 1 98
120 82 34 92 85 86 115 110 7 83 62 67 13 3 31 76 17 64 104 97 28 122 70 59 78 27 29 114 41 69 43 107 22 87 50 101 20 56 1 30 98 47 95 21 11 71 105 63 117 12 45 4 26 53 126 58 74 52 35 32 99 113 40 124 75 111 106 44 9 5 19 108 38 61 33 118 84 42 100 66 57 89 0 109 79 88 123 60 125 90 77 112 24 6 14 10 102 15 25 80 73 103 81 36 37 68 65 46 8 91 116 94 72 93 2 16 48 51 39 119 23 18 55 96 121 54 49
3 49 126 32 81 21 84 19 102 36 119 91 31 54 105 101 82 8 77 74 59 40 70 65 112 96 41 30 2 51 61 75 12 117 55 43 71 107 115 52 86 13 6 11 100 63 7 60 124 80 25 108 48 87 121 123 118 69 57 122 27 15 114 18 103 111 50 73 1 37 44 9 0 83 22 68 17 120 85 125 97 94 79 64 16 104 106 76 20 110 4 10 62 109 116 92 14 45 24 42 23 88 35 34 67 66 38 93 98 99 78 72 5 56 47 58 39 46 89 113 95 26 90 29 33 28 53
27 59 65 47 123 75 60 12 92 103 82 36 40 90 44 121 13 53 94 66 51 22 122 63 55 111 2 54 35 67 38 86 61 85 117 113 74 118 77 32 93 30 58 33 107 11 50 78 88 25 95 48 1 81 84 72 62 91 101 99 29 100 106 5 98 14 52 0 115 20 23 112 9 4 16 42 71 108 7 97 34 46 43 31 6 56 102 89 125 17 110 57 19 114 79 83 10 26 3 109 15 80 37 28 120 104 73 126 69 18 68 49 96 87 124 24 8 21 45 119 41 76 105 39 70 116 64
57 33 64 39 73 35 37 114 74 75 52 3 91 107 50 66 84 4 19 97 53 120 48 78 14 1 51 109 8 56 11 43 10 124 32 82 105 92 122 87 9 17 65 29 102 72 20 70 68 25 94 16 90 69 108 67 125 117 121 95 7 23 5 44 71 49 60 36 55 111 15 61 116 28 12 106 38 113 89 58 110 99 41 6 13 83 24 96 47 86 112 46 101 126 85 42 76 30 81 26 115 103 22 40 2 88 80 0 123 118 45 77 21 100 119 59 34 27 31 104 98 93 79 62 18 54 63
51 107 38 46 11 42 89 95 48 55 100 12 83 21 8 72 16 102 15 65 97 64 13 24 113 112 59 91 117 116 47 61 108 2 54 45 28 71 88 10 31 37 124 14 29 39 109 94 53 122 33 126 125 93 57 43 66 5 49 73 90 119 98 1 78 26 60 84 110 87 105 18 23 67 62 118 4 7 115 123 35 32 79 22 52 114 86 36 9 56 81 99 25 80 85 76 106 111 17 70 69 40 68 19 77 3 6 101 50 104 121 44 58 103 34 41 96 20 92 74 0 120 30 75 27 82 63
31 47 87 34 125 66 68 33 98 105 126 42 64 69 67 36 8 35 117 16 28 122 56 40 63 20 3 61 27 82 17 25 109 115 72 100 74 30 73 19 111 10 57 21 80 41 32 75 104 52 18 0 103 70 49 54 71 26 58 93 48 96 79 46 99 88 14 83 22 89 91 77 7 97 65 60 94 15 44 6 24 116 110 95 113 102 106 38 120 114 76 23 37 11 29 4 50 55 12 85 86 84 51 107 53 119 118 78 59 92 121 90 124 108 45 112 123 39 62 2 101 81 5 1 13 43 9
59 52 28 34 112 27 1 62 49 18 87 31 5 54 105 98 42 63 90 109 123 10 51 50 92 126 113 102 9 11 69 125 8 115 93 80 25 61 101 57 78 56 41 0 3 88 30 43 46 24 26 96 29 114 21 97 99 91 118 72 67 77 2 22 20 73 6 66 16 124 82 110 106 117 12 120 17 33 38 35 75 44 32 107 39 53 13 19 94 85 119 111 60 116 89 36 37 79 108 103 45 122 104 76 58 40 100 15 83 65 95 121 7 55 48 23 84 74 4 14 68 86 47 81 71 70 64
111 30 108 92 76 80 65 103 51 2 61 58 122 113 98 70 121 55 62 87 43 99 68 1 88 112 85 104 69 25 126 107 19 23 46 79 29 6 64 89 86 94 115 12 32 31 117 74 17 101 10 125 40 41 24 49 100 4 105 39 15 5 44 7 81 20 106 78 57 52 34 56 50 27 109 26 9 120 91 114 110 96 60 16 37 38 48 45 13 118 53 71 93 75 116 72 123 59 3 95 63 54 28 42 73 18 90 33 35 124 66 119 14 21 67 8 97 22 84 102 11 82 83 47 77 36 0
35 20 78 122 98 106 22 28 70 103 112 90 75 82 87 15 88 104 73 40 84 39 4 41 2 21 19 72 59 3 49 56 34 50 9 62 5 44 26 114 52 12 63 45 74 53 99 30 51 126 67 61 105 66 64 31 100 43 37 48 23 58 55 109 14 107 18 89 32 79 17 25 47 120 121 124 102 13 33 85 81 8 0 119 10 115 116 91 123 11 117 93 69 57 97 80 71 38 110 118 108 6 7 42 96 65 111 94 1 95 46 92 16 24 60 125 101 86 113 54 29 83 36 68 27 77 76
32 83 105 66 95 62 110 89 108 26 103 14 1 48 78 2 46 101 43 123 124 41 58 113 28 55 19 119 50 65 81 109 76 31 29 27 47 94 54 69 57 60 15 72 49 121 6 102 10 20 104 44 59 9 79 37 67 3 5 118 63 98 38 80 114 86 115 77 74 106 25 64 93 90 99 126 125 22 97 88 120 39 8 111 117 122 70 51 56 71 0 68 82 7 92 13 112 40 52 24 30 85 18 4 34 53 16 84 96 61 100 42 36 12 11 107 75 33 87 91 23 73 116 21 45 17 35
24 116 7 99 2 78 1 75 29 33 120 103 76 28 16 40 25 45 87 108 19 77 11 65 123 37 3 117 93 106 43 86 115 30 66 20 102 91 89 69 118 56 14 22 0 39 32 60 119 124 41 126 80 64 88 47 94 6 121 110 101 70 36 109 111 61 112 57 51 55 62 23 26 96 90 84 114 31 72 13 97 59 35 79 122 48 82 83 85 68 67 71 52 92 15 18 74 50 12 105 104 38 53 100 58 125 107 95 46 17 8 21 54 9 98 81 5 34 73 10 27 49 44 4 63 42 113
57 72 82 86 111 20 123 89 65 91 80 34 41 15 54 79 44 36 28 29 71 52 11 122 62 119 88 56 68 38 14 22 70 67 77 53 104 108 76 106 112 55 60 125 1 4 24 69 116 58 45 66 47 49 27 120 93 115 83 81 32 3 114 35 85 51 78 23 9 17 73 92 94 121 101 31 95 99 87 110 13 63 5 98 8 7 124 84 42 117 25 39 59 105 2 40 43 90 19 18 113 6 107 10 48 103 126 109 30 64 100 74 0 16 50 96 37 61 26 75 118 12 102 46 21 33 97
118 77 78 72 99 110 63 120 73 48 24 27 23 122 111 67 74 108 42 92 34 11 12 8 31 95 5 87 1 32 91 56 50 21 44 40 68 86 10 100 93 2 6 79 98 97 29 101 112 53 30 47 38 94 102 75 36 18 82 69 71 105 103 45 52 70 54 61 46 49 80 125 14 41 37 43 121 85 83 3 62 88 26 51 76 90 96 35 17 33 119 106 7 124 109 89 55 28 60 81 115 4 57 104 16 126 64 58 65 123 9 107 59 22 39 116 15 117 113 19 0 84 114 66 13 20 25
123 89 71 3 114 99 105 54 98 2 92 52 120 43 111 113 10 94 11 6 91 80 109 27 26 67 74 59 118 58 117 42 9 87 34 37 57 96 124 16 79 85 8 68 55 95 125 12 75 23 126 40 31 1 13 22 32 108 41 51 93 18 28 121 88 82 7 69 19 86 14 72 62 78 20 63 25 122 49 24 45 112 104 21 36 101 103 115 44 48 106 15 30 61 97 5 116 50 46 77 110 17 90 38 81 100 84 47 53 56 76 64 4 0 29 35 119 70 66 60 83 73 107 33 102 39 65
118 60 91 38 13 48 104 45 108 9 122 52 27 34 3 98 51 50 44 83 86 33 28 15 7 125 8 89 46 19 124 93 100 112 77 79 18 126 35 17 21 36 113 80 11 67 90 81 55 61 85 99 110 24 41 115 68 30 96 82 69 97 14 88 120 4 74 117 106 63 92 53 32 49 10 109 29 73 94 22 57 31 16 87 105 119 84 107 25 23 47 6 43 39 70 95 121 66 103 56 20 5 0 78 42 1 114 62 64 116 2 72 58 12 26 71 111 59 76 54 102 65 75 37 40 123 101
35 104 81 28 42 110 34 94 96 53 78 19 75 3 84 89 115 113 2 109 74 120 51 41 11 125 55 90 85 101 27 114 72 121 49 91 68 21 73 65 0 36 50 119 7 98 47 37 48 20 30 33 10 9 82 59 43 5 83 77 6 126 86 71 44 63 31 39 4 100 23 103 56 70 67 117 57 102 22 24 29 93 76 40 111 18 116 38 12 87 64 118 60 32 107 124 92 88 8 95 16 13 17 45 25 108 26 46 99 112 122 97 61 79 54 58 123 1 106 14 15 66 80 62 52 69 105
20 54 47 73 50 14 102 0 34 41 98 66 39 99 69 71 52 5 38 21 33 123 61 82 68 3 51 84 75 15 4 11 58 118 114 59 101 40 27 106 17 60 2 89 36 125 62 37 16 25 57 30 103 92 78 72 109 10 100 79 26 111 64 55 87 19 12 29 117 65 22 74 85 6 45 121 70 63 91 124 95 23 7 8 86 13 90 81 67 110 119 28 94 97 56 107 83 48 35 115 53 24 31 77 113 43 112 120 32 104 1 42 49 96 108 126 105 122 93 80 88 44 116 18 76 9 46
98 55 97 68 10 53 39 26 32 35 18 74 7 20 31 37 85 96 83 95 69 104 88 44 126 64 0 119 116 11 93 54 115 40 89 76 80 42 16 101 117 99 114 105 65 9 8 100 112 15 21 1 71 91 25 57 60 43 38 23 5 90 66 58 47 81 33 92 82 30 79 86 29 63 73 78 45 111 107 106 51 28 113 52 48 61 120 124 94 110 125 108 12 41 72 3 123 67 27 70 118 50 2 121 56 102 4 14 49 24 22 103 36 84 109 77 75 122 17 19 87 46 59 34 6 62 13
62 63 87 35 18 43 114 120 65 30 22 77 81 89 70 39 60 57 3 56 51 76 25 1 61 26 68 109 96 126 11 115 86 124 17 19 105 116 41 5 78 118 122 75 37 52 48 34 113 2 23 92 123 55 10 106 108 119 84 94 74 104 90 7 98 16 71 12 31 42 33 80 121 8 53 40 29 72 58 67 93 44 66 85 64 50 27 112 117 9 107 14 125 36 47 102 6 54 83 46 88 97 103 79 21 69 20 38 110 73 15 82 95 32 28 111 45 0 99 100 4 91 49 24 13 101 59
40 108 74 123 125 87 75 94 24 20 52 106 39 68 76 25 33 19 78 48 54 47 100 82 2 30 84 42 27 91 90 37 60 81 79 43 36 56 77 115 69 0 6 58 50 110 22 71 72 35 107 23 80 121 4 124 97 113 49 99 102 62 126 12 96 120 64 59 101 98 93 95 7 9 55 41 86 109 57 103 46 83 28 38 53 17 29 3 104 112 92 116 34 61 26 89 73 65 51 5 63 114 122 15 117 14 118 21 88 66 70 18 32 1 105 111 85 67 44 119 8 45 16 10 13 31 11
34 108 0 97 28 18 26 24 106 61 9 65 86 20 114 74 80 23 1 116 21 4 2 78 105 113 17 47 126 48 109 13 37 123 70 100 54 32 73 15 41 64 5 85 51 122 56 117 121 8 7 92 87 115 29 110 112 81 6 79 96 90 124 107 89 53 38 39 19 82 46 57 83 67 103 43 119 111 77 101 25 98 42 49 16 35 44 40 62 72 71 63 12 10 59 104 93 36 118 11 102 14 84 55 120 66 50 58 33 99 94 60 3 91 76 88 45 95 31 52 75 22 30 69 125 68 27
71 81 3 101 10 78 112 25 119 82 38 125 69 121 43 52 122 24 48 31 100 84 12 88 44 14 23 79 47 2 117 4 109 113 54 20 26 72 22 97 83 28 70 86 124 21 106 53 15 87 57 1 77 37 94 93 120 40 68 5 116 19 17 98 59 50 7 61 74 118 103 73 95 111 49 32 65 41 115 90 67 16 11 80 18 76 51 56 110 91 89 42 99 123 36 114 60 27 102 0 35 30 126 85 29 9 33 64 75 55 63 8 39 92 62 107 6 108 45 46 66 34 105 104 13 58 96
70 12 0 55 7 84 101 10 108 107 96 124 62 112 32 21 60 97 103 50 120 65 69 54 83 85 30 6 79 61 27 11 31 8 117 4 78 104 88 19 43 18 40 98 115 57 56 123 87 34 74 47 94 24 42 38 114 100 25 95 118 92 28 113 81 89 122 2 13 71 23 64 16 126 125 51 109 105 20 48 72 99 15 44 75 59 9 121 67 5 14 102 22 82 93 52 106 35 76 77 46 73 37 80 1 110 68 111 58 29 39 33 90 63 116 36 119 53 41 86 45 91 3 26 17 66 49
124 99 120 1 115 105 33 51 19 96 10 43 42 0 58 13 76 36 97 85 48 67 56 104 80 126 107 125 88 89 35 59 27 121 108 17 32 118 72 106 98 40 24 25 63 117 47 95 50 78 77 39 9 45 28 26 52 20 100 68 75 18 29 30 65 11 101 70 23 110 7 109 15 16 82 73 3 61 84 12 123 55 112 2 111 103 21 116 41 81 102 4 5 83 71 37 86 22 66 60 93 91 87 14 38 54 119 74 31 69 114 46 34 64 57 62 79 90 122 113 6 44 94 92 49 53 8
34 84 4 49 22 93 11 58 80 112 106 65 20 96 25 47 62 92 95 40 73 44 24 94 111 8 38 82 36 70 19 81 68 50 116 126 46 2 124 72 71 42 88 108 120 0 61 97 56 69 118 35 26 79 77 109 99 33 103 1 107 91 74 115 105 78 45 7 117 113 86 63 57 16 17 122 123 76 13 15 104 59 14 60 114 75 85 39 87 37 29 83 121 6 28 51 125 23 10 12 90 66 53 41 3 9 55 67 64 48 31 5 30 43 102 98 54 27 89 21 100 110 119 52 32 101 18
103 57 82 59 86 76 18 81 35 111 19 105 52 94 29 22 92 39 21 50 25 6 15 7 116 114 126 44 61 16 70 11 88 78 80 54 24 96 121 4 101 34 62 40 106 122 71 27 28 49 60 83 63 17 38 5 91 123 109 107 84 90 120 89 77 1 58 69 74 36 87 124 51 0 41 26 55 32 113 12 73 125 100 68 47 97 33 66 53 85 10 46 14 56 119 72 75 79 65 2 8 117 64 13 115 108 98 37 9 31 43 42 112 23 30 48 104 110 99 20 3 93 102 118 95 67 45
76 83 52 98 115 110 91 35 62 8 89 17 123 29 124 22 106 40 21 80 103 20 75 11 64 79 54 13 81 118 74 126 51 68 104 116 5 37 77 87 107 41 99 78 108 86 73 34 25 26 121 0 90 55 85 28 56 94 39 9 24 59 18 15 102 33 114 122 82 67 105 95 125 92 57 109 61 19 58 113 43 117 7 50 66 30 47 36 111 38 12 27 84 71 63 16 53 44 119 32 65 120 10 2 100 14 72 6 42 69 45 4 70 101 88 97 49 60 3 112 31 48 23 1 96 46 93
67 12 70 42 44 98 102 77 113 73 125 100 10 29 63 51 37 1 120 116 119 47 90 38 16 104 30 95 31 123 121 13 65 15 117 18 28 72 105 75 107 43 66 40 78 56 126 101 71 20 27 68 59 58 87 41 122 54 23 60 115 36 57 92 93 110 11 124 111 39 109 48 55 99 94 46 76 34 86 25 50 83 88 62 33 112 114 79 103 96 64 53 9 7 85 108 80 61 17 4 52 35 74 2 6 14 8 81 89 97 3 5 45 21 106 26 0 69 22 32 118 82 24 19 49 84 91
