113 92 71 42 105 88 43 82 70 29 75 16 116 111 5 11 87 31 48 63 96 117 84 51 78 99 1 124 114 37 57 125 65 93 61 8 103 86 112 91 121 67 21 90 3 118 68 72 56 115 76 14 30 24 79 22 33 64 97 46 52 53 59 126 6 13 25 83 85 69 12 73 107 50 55 101 44 110 123 102 9 40 35 122 58 108 100 47 95 7 36 41 23 98 77 34 89 119 81 38 120 2 18 19 27 0 104 26 80 74 109 66 10 94 17 20 45 39 15 62 32 49 60 28 54 106 4
15 2 21 103 73 106 88 57 51 45 40 31 119 75 97 99 6 61 60 120 71 16 72 53 55 69 89 3 44 115 32 70 86 123 110 100 124 81 68 24 92 117 7 13 78 50 87 39 77 42 14 118 76 104 102 107 36 83 9 109 108 101 30 79 84 8 22 52 25 98 64 121 112 93 105 54 80 33 47 56 82 90 20 41 66 38 126 63 91 29 113 18 10 0 34 27 12 43 74 28 23 35 19 125 62 116 17 46 65 67 26 111 11 37 5 85 96 1 58 48 122 59 4 95 94 49 114
105 23 92 29 54 87 56 80 31 32 106 113 51 107 18 9 7 46 119 30 38 24 34 45 109 35 94 73 39 58 53 10 100 12 63 75 52 19 47 81 65 40 20 62 76 86 123 116 67 3 99 103 95 41 6 74 124 88 2 112 104 16 66 71 120 17 25 114 57 14 27 98 37 48 101 59 97 33 0 42 21 69 122 117 61 72 13 1 89 111 91 49 68 8 44 11 4 83 84 126 115 22 102 5 78 64 93 96 110 85 26 70 125 50 77 60 15 55 118 79 43 28 36 121 82 108 90
0 108 20 1 123 91 7 50 45 17 61 118 69 111 79 40 57 109 44 52 23 72 16 65 6 32 124 70 90 92 12 38 2 36 114 81 66 94 37 99 68 86 110 103 22 113 14 31 54 49 5 63 84 122 107 77 116 102 18 125 15 85 97 78 82 24 126 64 30 56 42 62 117 112 80 75 106 59 76 87 119 43 104 93 100 55 67 53 21 11 120 28 105 83 25 29 121 47 3 73 95 48 98 35 71 88 74 33 101 4 8 10 51 13 89 39 9 58 96 26 27 60 34 115 46 41 19
16 36 84 113 115 33 69 51 97 114 41 62 82 112 45 6 2 80 72 28 24 14 95 89 75 20 96 126 94 120 86 46 53 22 125 102 63 43 85 116 91 5 18 8 78 30 38 93 70 111 123 77 9 40 122 119 98 50 32 1 105 59 71 23 106 117 110 10 66 57 100 87 76 58 48 54 121 37 12 0 39 104 7 67 47 42 44 34 15 88 49 55 118 108 4 74 64 99 124 107 31 52 103 3 101 68 83 90 61 27 25 17 92 79 35 60 109 56 26 81 13 19 29 73 11 21 65
86 98 7 11 80 95 96 113 61 78 26 100 24 43 45 5 30 74 32 52 33 14 57 101 72 3 21 70 54 69 65 50 67 81 110 76 60 73 99 114 55 97 2 93 66 31 87 121 62 68 17 34 53 90 4 106 51 124 71 56 16 91 9 36 89 27 75 112 18 46 58 79 120 116 123 122 6 13 118 49 126 40 25 84 103 115 39 83 22 10 104 29 63 20 82 107 19 41 1 28 44 109 102 59 23 37 48 64 117 85 88 35 119 94 12 92 105 38 77 42 108 47 125 8 111 15 0
102 1 92 112 79 11 91 114 72 0 4 54 30 53 61 32 96 42 71 98 64 55 100 18 16 33 52 36 123 59 113 82 87 103 63 57 70 31 17 43 15 48 105 5 40 88 83 7 69 44 49 126 22 110 28 3 120 47 118 108 8 23 115 62 125 109 80 45 89 78 38 25 26 20 93 34 37 76 51 122 121 46 124 117 68 21 19 111 99 58 56 106 10 50 12 101 75 60 90 35 24 41 104 86 97 9 74 66 116 6 65 14 73 39 95 67 85 81 84 107 27 77 2 13 29 94 119
106 107 73 69 11 96 80 63 55 104 12 43 53 74 42 103 37 3 122 105 89 21 40 95 76 24 112 10 100 94 120 65 90 6 49 117 28 86 56 57 101 8 26 35 2 85 77 41 0 29 70 125 97 67 31 33 113 34 88 15 123 18 7 45 121 5 44 72 92 36 116 14 59 87 91 99 111 46 23 27 17 9 118 51 47 50 108 20 54 66 39 61 82 16 68 124 98 115 13 1 81 4 60 71 114 52 93 78 38 30 48 119 79 62 22 64 109 84 102 58 32 19 75 126 110 83 25
21 107 26 50 83 11 93 14 61 59 119 112 17 12 72 76 82 126 31 8 51 80 63 49 84 86 74 64 9 43 15 100 62 118 75 28 104 5 111 121 65 115 68 39 57 27 42 96 97 77 52 20 113 98 69 32 120 106 22 78 48 124 60 88 105 109 91 44 103 71 123 13 41 122 2 18 55 99 87 7 24 89 95 54 47 10 3 34 79 70 58 114 117 45 108 0 19 29 102 16 6 110 46 92 33 66 73 125 4 36 35 23 94 25 90 67 30 81 40 85 116 38 56 53 1 37 101
73 21 79 81 37 88 42 36 46 4 60 30 24 41 93 83 52 119 47 84 115 9 59 112 39 80 54 43 82 71 107 121 114 106 125 64 110 95 105 13 25 16 102 45 56 67 5 0 58 57 86 2 12 50 27 26 23 108 17 11 77 35 99 14 100 76 20 116 70 66 65 89 97 74 10 122 34 8 18 68 63 44 126 85 72 124 53 38 111 87 32 31 3 69 62 15 103 120 49 96 22 61 113 101 123 94 91 51 33 6 28 55 92 48 1 90 78 29 19 7 117 104 109 118 75 40 98
47 48 10 71 24 94 64 53 3 78 88 106 28 126 65 104 46 39 8 23 93 83 122 36 51 70 20 87 113 114 123 79 96 92 58 82 27 61 16 19 15 56 44 118 101 35 90 22 42 100 17 80 62 29 32 120 119 60 69 66 43 11 5 110 85 125 14 115 107 9 18 98 108 81 2 21 25 30 95 0 49 97 7 1 33 116 109 45 117 59 75 89 6 72 52 76 50 63 74 112 99 54 57 103 31 84 111 40 55 73 26 91 37 86 68 67 34 41 4 12 105 102 38 124 77 13 121
14 120 86 27 47 15 110 89 58 94 43 23 20 83 61 71 39 77 48 31 70 106 66 6 84 34 3 28 67 5 29 79 26 24 55 60 82 57 72 51 111 46 16 18 90 91 52 37 102 21 7 117 19 33 10 75 123 85 73 30 104 65 119 103 99 69 100 64 124 112 88 1 115 4 92 109 98 81 45 114 74 35 68 125 113 63 8 78 53 96 105 50 121 108 97 38 36 17 32 11 9 80 95 126 13 62 76 49 93 122 54 44 101 41 56 40 107 118 116 22 0 59 12 42 87 2 25
86 15 34 46 32 31 11 56 94 99 55 60 23 115 5 33 14 91 103 12 101 54 37 76 80 25 1 100 114 4 105 21 35 41 89 126 49 84 7 52 63 42 16 75 116 106 81 83 95 90 79 108 73 51 43 122 68 125 69 72 87 120 65 78 9 2 8 20 24 6 113 70 3 102 59 27 36 17 123 61 66 22 97 64 13 118 71 19 18 121 119 74 39 53 111 117 85 0 124 77 50 110 48 93 10 67 98 29 45 109 57 112 82 26 40 92 30 104 44 96 58 47 28 62 107 88 38
112 83 121 51 8 125 5 106 70 7 65 111 123 24 102 105 120 43 44 56 107 45 49 84 34 92 13 22 81 114 109 110 63 59 75 50 32 68 97 71 117 4 18 36 53 108 16 66 52 101 95 6 88 89 12 116 104 41 0 20 23 94 122 85 15 10 90 60 55 86 30 37 80 126 33 3 58 77 118 47 96 48 82 27 28 98 103 19 29 67 21 124 40 93 79 54 73 91 42 35 87 74 78 14 39 46 17 57 11 76 100 113 9 25 69 2 38 1 61 72 115 31 64 119 62 99 26
79 72 20 95 87 71 119 96 56 108 64 22 0 54 33 17 97 94 117 41 23 68 74 67 86 99 77 104 29 88 46 39 1 36 93 27 24 18 116 38 90 28 83 55 112 57 101 10 100 43 47 40 103 120 92 82 65 35 66 69 60 63 9 8 44 84 15 73 125 37 51 11 106 2 124 30 102 13 52 121 31 122 53 118 61 76 109 4 110 25 50 14 105 98 58 70 89 114 16 34 6 91 32 126 59 62 85 12 26 48 21 78 5 49 80 107 3 19 7 111 42 123 115 75 81 45 113
70 69 39 111 59 85 125 49 1 60 67 104 68 77 116 61 17 44 55 102 12 92 97 21 101 121 73 43 79 89 91 78 118 22 76 5 82 16 108 37 124 41 103 51 84 114 2 33 66 46 119 38 113 117 24 32 110 58 93 62 105 19 72 4 36 10 115 109 26 98 11 30 31 13 9 28 107 71 47 64 40 48 120 56 83 75 7 14 90 126 106 27 74 52 95 18 57 99 50 94 29 34 86 122 3 45 123 35 0 15 80 23 6 54 88 53 96 87 8 81 63 42 112 20 100 65 25
60 41 14 109 20 10 65 68 108 117 42 4 94 54 67 66 22 73 0 40 77 88 97 70 80 100 106 103 112 15 46 63 43 33 53 98 101 16 36 83 52 72 23 61 82 17 6 44 119 25 120 62 116 75 8 114 27 76 58 125 89 2 91 19 32 50 64 48 79 124 86 39 92 118 78 104 59 30 11 18 34 122 111 38 93 31 9 115 12 87 102 69 126 5 1 96 99 105 107 90 49 121 56 47 37 7 28 95 74 71 81 45 57 35 123 26 110 3 85 13 84 55 113 24 51 29 21
106 126 75 24 78 56 43 86 46 21 73 3 35 40 11 8 51 112 18 62 97 49 12 22 57 30 6 70 105 76 89 29 4 95 102 53 96 66 122 7 125 124 61 111 69 98 74 19 39 54 118 23 50 80 55 9 10 100 0 47 107 32 72 60 79 85 36 1 64 37 83 16 115 104 117 26 109 59 44 87 15 81 90 58 88 94 71 34 93 91 101 20 99 38 82 17 45 121 63 84 92 110 116 67 113 14 33 108 28 5 120 42 31 13 52 77 65 25 123 68 2 41 119 27 48 114 103
77 104 21 14 42 29 81 119 120 25 53 39 37 87 80 34 44 20 121 94 43 68 24 115 83 112 16 111 30 76 50 78 79 118 19 67 26 28 110 69 12 9 125 123 57 73 108 32 35 33 95 74 117 114 90 105 48 27 122 60 63 46 3 101 10 66 51 36 92 82 31 106 113 116 7 75 62 56 72 59 49 8 47 45 109 2 99 107 15 70 58 41 23 84 96 93 6 85 91 103 102 89 22 100 52 1 38 17 86 124 54 97 5 0 61 13 65 64 18 40 126 11 55 88 98 4 71
126 100 17 19 10 22 3 16 86 42 64 70 29 39 58 8 28 117 74 104 47 67 56 59 33 62 80 71 90 25 78 4 91 76 89 99 81 79 9 85 2 105 13 125 107 43 108 49 26 109 92 102 106 63 45 116 122 65 83 101 95 21 7 73 52 57 41 114 14 36 60 119 34 0 54 31 46 110 112 121 96 124 48 55 53 84 72 66 6 118 111 97 69 1 50 98 32 11 93 123 23 77 5 37 61 44 12 18 87 103 38 24 82 88 15 35 94 27 75 51 20 120 113 115 40 30 68
24 114 33 18 117 103 76 27 85 11 50 46 80 79 56 62 26 58 97 32 71 29 3 2 61 41 10 101 105 66 52 48 73 126 40 53 111 13 19 25 68 124 90 81 107 120 89 116 0 15 88 28 72 87 123 44 77 39 98 14 118 69 84 93 20 96 86 122 7 65 31 45 51 102 83 108 113 17 63 75 106 49 82 112 59 99 47 60 94 110 95 23 16 34 37 8 6 91 104 38 67 12 119 21 9 35 54 115 109 30 55 36 1 43 121 4 100 74 78 5 64 125 22 57 70 92 42
57 28 55 69 36 124 76 99 68 111 65 60 73 122 102 123 30 43 77 72 2 96 87 90 16 89 64 41 42 117 50 33 119 45 67 113 3 29 52 8 101 26 106 11 34 31 66 70 95 116 91 80 88 14 84 120 25 63 103 12 32 79 56 108 44 19 37 47 48 23 21 83 7 126 20 18 22 100 81 46 49 109 35 10 107 0 58 105 4 17 71 112 40 1 104 94 61 15 97 110 38 9 54 92 78 86 27 62 51 24 93 5 114 118 82 59 53 85 125 6 13 75 39 74 115 121 98
124 55 36 120 69 101 22 54 122 86 65 113 28 43 123 89 111 58 97 3 105 77 0 83 10 56 108 118 14 6 48 114 106 32 74 13 67 117 15 46 1 52 68 119 66 51 17 81 125 78 73 110 92 53 63 91 93 87 95 88 62 80 7 61 94 31 45 34 76 102 30 21 126 35 50 84 44 19 90 109 59 9 85 20 5 75 49 107 8 33 96 29 18 64 16 41 37 40 2 100 98 116 24 38 47 25 42 103 11 60 82 57 112 26 99 27 104 4 71 79 70 12 23 72 39 121 115
124 56 2 115 55 52 0 101 70 93 28 112 33 51 120 69 92 60 117 21 15 118 71 83 40 36 3 95 13 77 86 23 67 106 97 100 29 87 119 14 121 114 41 49 4 17 61 73 22 88 47 98 39 62 111 31 109 16 38 74 113 110 25 35 94 27 37 122 68 76 108 72 89 5 11 8 104 65 53 78 84 43 107 18 96 45 42 79 85 26 19 125 32 54 105 64 91 103 20 63 46 48 90 30 99 7 50 126 10 44 80 75 58 12 24 123 81 82 66 57 102 1 34 6 116 9 59
61 9 26 40 80 24 111 86 99 83 76 46 45 98 65 110 21 93 7 59 121 100 94 113 13 54 122 125 71 34 55 12 3 88 49 23 74 19 102 2 64 117 15 79 17 1 42 30 70 20 36 126 58 78 6 22 109 73 43 5 124 51 38 96 32 75 95 8 97 10 103 27 89 52 105 50 16 85 69 66 14 0 67 60 28 48 44 77 11 25 101 81 56 57 114 104 84 118 41 92 123 87 91 35 4 37 29 108 82 106 53 33 63 31 90 39 18 112 68 62 107 47 115 120 119 72 116
7 68 88 116 47 10 53 15 58 52 69 63 66 20 51 59 61 109 82 102 1 33 97 79 71 103 101 46 25 31 48 18 22 100 72 96 21 74 43 40 81 30 32 35 17 110 2 93 29 8 75 124 118 62 57 11 113 24 54 95 26 23 73 49 125 76 122 98 65 86 14 119 112 3 123 5 16 117 91 126 77 99 108 115 9 55 27 89 38 84 87 78 0 107 45 28 6 111 41 90 64 4 106 104 80 60 50 85 44 42 70 36 67 83 34 37 114 56 94 13 92 105 121 120 19 12 39
111 1 94 93 76 55 121 104 28 83 22 14 50 106 13 44 89 77 107 10 5 3 108 4 29 125 70 66 68 39 113 112 109 31 115 17 99 119 11 16 78 40 64 41 95 92 48 116 73 8 46 0 88 100 67 52 60 126 47 63 30 59 45 102 19 57 65 51 23 7 62 21 58 49 71 72 84 96 2 53 105 97 26 80 42 27 32 114 15 124 91 54 74 82 87 98 43 79 9 24 35 61 20 33 75 117 85 69 36 103 122 38 25 18 120 101 12 123 81 6 90 56 110 118 34 86 37
27 106 108 45 46 85 6 36 84 7 21 99 9 29 31 32 0 93 83 81 104 89 97 35 8 59 105 13 64 14 58 113 56 66 90 110 57 37 98 17 100 34 94 50 26 18 121 74 30 107 72 112 117 23 16 62 76 124 88 67 24 39 82 2 47 86 79 5 53 77 116 49 78 96 12 52 44 40 3 101 10 73 70 65 122 42 102 41 103 69 118 28 125 38 68 95 20 33 4 111 43 55 63 15 92 54 60 120 51 123 22 25 11 80 91 71 1 114 75 61 119 109 87 115 126 19 48
11 43 77 18 60 126 84 8 99 44 113 76 17 46 4 85 95 72 73 106 37 70 67 100 110 64 52 105 101 69 124 96 111 107 86 21 41 109 40 112 63 12 65 88 87 35 49 0 91 116 1 27 115 68 39 114 93 2 125 75 79 45 58 122 92 33 10 51 34 23 47 78 57 82 108 29 83 102 80 90 98 74 118 30 94 20 54 55 14 66 13 5 104 61 15 24 121 103 117 36 6 97 31 28 19 32 119 3 62 71 120 16 59 42 7 50 81 9 53 89 22 56 26 38 123 48 25
70 63 104 97 1 43 75 106 55 123 71 110 79 62 86 111 73 77 44 50 23 15 114 121 47 28 60 99 35 74 61 119 56 78 42 13 30 49 14 18 46 83 120 90 88 100 59 113 91 89 109 67 2 82 0 96 94 40 36 101 105 52 87 4 122 124 68 25 11 107 26 81 80 103 93 72 38 53 118 17 31 9 125 112 92 21 22 24 85 76 6 115 3 51 117 10 37 48 54 102 33 57 95 45 98 66 65 34 69 5 19 39 16 126 58 20 32 8 84 7 116 27 64 12 41 29 108
103 31 124 63 54 125 19 6 35 65 114 42 94 14 16 83 96 57 39 17 67 0 92 98 79 97 110 10 34 66 109 105 52 23 90 36 4 26 58 45 55 69 78 112 126 101 93 89 116 100 91 21 70 76 60 25 1 47 2 113 53 41 33 46 48 18 56 15 121 115 82 68 64 104 117 27 107 86 85 13 75 44 12 59 108 5 119 122 37 22 9 24 32 51 8 29 71 7 11 74 43 118 49 123 120 102 80 73 28 84 72 20 40 62 3 95 50 81 30 87 61 77 99 88 111 106 38
6 107 52 23 8 43 103 4 42 28 19 7 37 74 21 95 79 29 84 40 116 115 121 10 32 100 63 71 27 118 66 55 48 26 17 67 20 112 41 18 36 109 76 72 97 104 34 77 47 93 50 59 89 49 65 60 91 2 99 24 30 15 120 5 61 125 64 69 35 86 126 122 62 70 106 110 98 9 54 14 57 102 85 87 68 44 123 58 39 53 0 46 38 82 78 96 81 119 31 108 51 113 25 94 16 13 12 75 1 88 3 105 124 92 83 22 45 80 11 56 117 111 90 73 101 33 114
120 119 12 56 88 125 58 17 51 21 45 42 107 112 81 50 90 57 20 30 93 82 40 98 115 126 104 4 92 91 46 53 97 69 84 9 24 114 117 3 43 72 7 48 5 26 63 49 13 96 77 105 75 95 83 101 100 11 44 110 66 39 52 60 28 123 116 103 47 59 2 1 34 76 25 79 99 73 61 108 18 124 36 74 35 41 31 70 22 111 6 87 94 27 86 15 78 29 16 118 89 65 38 71 19 102 67 8 122 121 32 68 85 106 37 55 0 10 64 54 33 62 109 14 113 23 80
26 28 3 68 77 38 107 30 85 63 54 73 87 31 86 113 74 61 71 112 58 40 10 59 104 11 13 125 116 118 120 76 9 52 47 101 94 110 108 96 33 18 91 4 1 22 117 14 57 75 2 0 69 24 99 44 25 67 6 66 5 111 16 39 53 123 122 64 81 17 7 55 89 46 21 45 32 23 15 98 78 12 90 97 114 56 72 41 109 42 50 35 62 93 29 126 88 102 19 105 79 8 121 48 84 34 124 92 20 43 115 27 70 83 36 60 119 82 100 103 51 37 65 49 106 80 95
72 71 80 54 32 114 2 39 5 111 110 74 112 21 83 77 34 11 57 50 51 122 52 66 105 63 46 43 79 15 29 93 64 67 121 104 44 55 103 88 68 28 56 38 1 84 91 3 109 22 82 7 31 94 37 24 75 100 30 36 90 58 61 78 40 19 123 27 95 59 53 73 102 89 26 106 9 47 6 10 76 12 96 126 92 4 35 113 86 115 124 0 48 65 42 49 101 14 107 18 16 25 81 45 70 125 62 118 8 116 87 97 33 120 17 99 23 117 108 20 98 69 60 119 41 85 13
96 35 101 82 12 5 76 39 52 67 68 103 94 6 72 32 124 79 19 15 85 107 0 102 17 90 106 122 69 87 93 118 23 65 84 31 26 54 51 45 25 58 75 29 83 24 98 66 41 88 4 77 61 105 109 7 104 74 111 117 47 55 38 126 89 110 1 36 116 42 9 95 49 73 56 28 108 70 78 48 10 8 53 112 97 59 3 37 115 16 14 81 2 123 43 125 20 33 21 121 46 60 62 113 34 86 63 80 22 44 120 11 91 30 13 27 50 114 119 92 64 57 40 100 71 18 99
25 125 118 76 69 41 84 67 1 31 0 81 71 23 97 35 72 59 62 83 87 40 86 58 7 89 6 44 116 45 46 10 68 34 33 100 74 105 95 121 37 50 107 20 56 73 109 5 85 52 55 88 104 80 65 108 27 91 66 114 120 96 126 61 13 78 124 90 82 4 15 64 21 106 14 99 111 117 43 11 92 48 75 119 93 110 123 57 102 113 36 17 53 19 16 47 63 60 49 77 54 24 103 79 98 122 115 3 94 112 42 12 38 70 22 30 28 26 51 9 8 29 39 18 32 2 101
44 52 17 1 49 80 53 103 71 107 55 113 70 108 11 85 40 111 20 62 73 6 34 120 100 110 47 46 115 101 19 66 24 58 15 42 61 54 96 97 4 9 84 76 74 95 37 43 65 114 67 117 93 28 81 57 112 86 122 126 3 22 13 10 45 16 26 38 109 59 121 116 69 118 60 106 2 102 50 90 8 123 29 87 30 89 51 12 14 48 88 33 83 31 94 72 36 119 78 39 5 25 82 98 92 64 0 77 27 63 79 21 41 124 23 68 104 105 99 7 125 91 18 75 35 32 56
36 96 82 109 14 1 7 53 78 114 107 74 83 20 38 81 91 62 39 5 30 50 54 123 99 106 2 102 119 100 48 85 121 88 12 40 6 65 117 76 80 31 52 63 73 75 90 17 41 72 8 126 13 103 49 47 112 111 95 15 57 58 60 69 0 89 104 55 37 113 64 22 3 26 56 61 125 34 93 68 16 116 108 66 23 45 4 44 10 24 18 97 32 118 25 19 33 35 86 9 98 115 28 70 59 71 77 79 42 120 124 27 46 122 110 92 51 67 29 87 94 101 43 105 84 21 11
107 97 123 88 122 33 5 105 77 90 36 64 53 121 125 74 7 46 42 68 91 94 52 49 115 71 39 51 59 41 20 18 93 87 114 70 2 124 101 15 98 79 24 83 111 47 81 12 61 80 23 106 100 14 44 66 35 8 34 48 82 6 29 26 73 38 56 126 45 43 37 27 72 0 54 57 21 99 25 113 92 95 4 96 1 110 85 76 118 40 86 11 84 109 116 63 22 32 50 69 9 103 60 119 65 58 55 108 78 104 117 17 102 120 75 89 31 3 30 13 10 62 19 67 28 16 112
114 18 111 12 63 125 73 57 47 90 66 42 96 74 121 76 6 10 117 35 55 51 26 119 5 37 122 22 53 27 61 107 30 32 101 44 78 46 20 1 17 81 108 93 88 7 59 83 87 116 79 60 14 112 82 58 109 3 38 62 72 95 91 25 80 31 68 45 123 118 49 8 28 43 34 103 124 0 52 50 69 11 98 54 92 15 41 115 33 106 40 24 102 64 126 48 77 120 2 29 86 39 99 105 110 85 84 56 23 67 36 94 9 97 89 4 65 13 71 21 104 19 16 100 113 75 70
20 96 92 21 32 94 27 37 31 46 70 18 121 40 2 25 63 125 56 89 35 87 107 23 43 126 60 109 5 36 49 82 6 22 123 110 95 1 7 8 104 91 75 61 51 47 106 62 68 97 4 58 80 90 103 45 66 38 28 59 98 17 114 24 16 64 42 26 72 11 113 120 9 65 41 88 100 93 34 12 85 54 39 77 122 79 81 14 13 33 84 115 102 44 108 74 29 124 117 48 86 0 111 105 73 15 83 76 57 78 55 19 116 112 67 119 53 3 101 30 69 10 71 50 118 52 99
116 30 81 71 6 63 74 49 120 121 89 40 69 3 35 83 87 2 125 36 34 11 50 20 21 119 110 33 58 56 70 47 9 48 24 38 65 53 115 52 16 19 117 79 103 93 41 57 55 7 27 86 64 76 97 102 98 22 23 32 13 96 66 60 0 92 122 51 5 126 37 78 108 113 43 118 107 88 82 94 72 111 68 101 124 114 85 73 46 123 99 80 18 14 15 106 10 54 91 105 109 31 45 112 59 100 104 25 84 17 42 26 39 12 77 61 90 28 1 62 67 95 75 4 29 44 8
104 38 83 67 119 11 53 12 21 6 81 37 16 78 49 28 59 62 111 51 71 9 14 1 10 5 80 74 55 82 75 18 54 88 91 76 68 100 120 95 23 13 99 25 19 92 63 105 34 31 114 29 110 84 70 87 125 115 27 45 17 57 93 60 116 20 112 102 103 106 56 0 48 8 85 66 113 107 2 4 41 122 44 15 118 43 65 42 36 117 101 61 109 94 89 73 46 126 98 22 86 58 64 72 39 47 124 108 26 96 35 50 90 77 123 79 121 7 97 69 33 40 24 3 30 32 52
18 8 84 51 70 38 32 67 49 106 97 42 68 102 0 108 59 103 4 28 46 10 109 11 113 100 16 124 82 86 22 5 80 55 24 110 121 119 79 34 116 104 117 95 90 19 98 7 31 66 69 71 72 74 120 111 54 58 107 115 20 53 65 88 39 112 83 15 36 96 40 126 17 12 2 89 56 123 76 27 37 30 101 91 48 47 118 62 99 122 13 61 60 9 114 92 105 63 94 87 41 44 57 81 93 25 85 50 14 52 35 1 43 78 45 33 29 6 125 21 75 77 23 3 64 26 73
16 57 34 5 68 119 107 35 102 86 25 52 70 114 105 71 100 49 30 120 78 45 73 36 67 37 47 27 123 112 40 65 62 46 26 88 122 69 82 23 10 44 118 54 64 28 80 19 75 29 111 124 85 39 56 59 61 58 3 96 21 12 74 76 115 60 92 41 95 4 110 63 22 33 87 125 20 103 93 8 11 50 104 79 126 32 106 66 89 109 15 83 31 53 2 117 43 90 72 77 81 98 9 121 84 1 38 116 7 0 6 108 91 24 17 18 13 48 14 113 94 51 55 42 99 97 101
67 54 4 12 18 57 49 113 1 69 116 105 103 27 30 83 100 99 78 75 79 13 110 93 52 35 19 117 42 111 76 46 80 41 2 58 70 81 43 90 123 51 95 50 101 96 115 40 8 109 71 73 44 88 34 25 48 118 22 62 84 24 63 53 119 87 0 9 108 29 66 68 23 6 38 114 16 107 39 11 121 14 55 45 36 97 89 10 72 86 15 61 60 125 112 122 21 3 17 47 104 26 65 64 92 32 37 5 120 7 91 28 82 33 85 56 98 126 74 102 31 77 20 124 94 59 106
109 67 40 36 114 107 59 31 52 79 47 9 18 104 125 8 96 48 29 12 62 32 44 2 110 50 122 113 28 93 92 87 126 117 10 14 66 13 121 16 83 54 6 78 106 70 101 82 3 21 76 39 60 74 102 23 120 5 86 116 124 123 118 89 38 64 77 72 111 57 0 33 95 112 37 55 103 91 69 90 119 85 30 27 53 56 19 97 11 58 45 80 63 81 105 99 49 22 7 73 4 88 98 35 115 108 94 68 17 42 24 51 15 20 1 61 75 43 41 34 25 71 84 26 65 46 100
103 12 46 93 109 66 73 60 26 22 15 112 80 13 4 110 14 98 113 78 52 79 107 104 16 108 101 37 83 31 38 121 87 118 41 111 96 126 8 17 61 53 24 48 81 88 57 100 122 70 63 49 19 27 7 89 62 65 94 90 0 64 9 86 69 1 119 28 91 21 29 33 54 50 99 115 11 67 18 56 117 102 123 68 32 40 95 44 23 25 120 76 124 10 20 6 55 45 3 125 42 75 74 114 30 43 35 97 82 39 116 51 106 59 47 92 85 84 58 77 2 36 72 105 71 5 34
37 5 64 39 85 96 88 27 1 66 50 11 4 105 25 116 29 34 57 74 60 122 110 0 92 62 63 23 111 107 6 15 18 38 101 69 33 93 53 103 72 30 87 102 45 90 7 114 52 31 121 58 91 40 106 43 47 119 19 126 100 75 76 16 65 14 78 17 97 42 113 123 51 20 84 120 124 22 24 55 3 61 94 49 36 98 81 54 28 67 35 10 56 21 59 13 71 48 41 108 117 70 115 2 79 46 80 68 12 89 104 73 95 112 8 9 26 44 32 82 77 125 99 109 118 83 86
108 65 126 42 0 8 16 36 58 44 106 101 77 119 4 47 41 10 72 23 7 5 52 2 115 45 12 79 100 124 48 82 66 71 27 64 98 31 125 123 116 29 109 110 39 78 73 34 25 26 6 53 121 103 118 32 67 35 84 111 11 99 74 57 43 13 55 86 76 68 113 83 18 62 50 3 91 14 117 1 9 28 19 60 20 30 56 90 105 17 80 114 51 69 85 89 93 96 15 120 37 102 122 59 94 92 33 46 24 97 38 54 95 107 63 40 104 88 61 70 21 81 87 22 49 112 75
44 1 64 16 48 103 53 43 57 6 69 35 83 26 62 71 126 17 45 30 118 104 124 3 18 68 59 109 96 93 21 63 37 36 38 9 99 28 77 94 27 29 89 12 22 5 33 91 82 80 79 50 117 112 52 125 54 13 86 46 100 31 65 106 97 120 85 116 60 78 76 24 72 119 41 61 75 11 90 102 98 40 111 81 39 34 49 55 74 14 42 4 66 110 47 70 114 123 20 23 107 8 92 95 0 10 122 113 73 2 15 108 32 101 56 84 105 67 58 51 87 115 19 121 25 88 7
38 46 58 63 111 120 3 17 86 109 93 60 112 16 81 15 97 51 0 28 1 52 100 64 101 73 34 59 48 92 44 117 35 65 6 11 13 113 74 27 30 123 121 56 49 12 5 91 83 72 96 23 77 39 102 79 94 82 125 84 61 124 116 106 42 10 18 31 45 21 108 71 9 126 50 114 88 85 104 95 29 110 87 55 24 67 68 98 69 107 43 119 14 36 20 2 47 41 99 62 80 40 105 78 76 37 32 66 89 53 22 57 7 75 90 26 8 4 19 54 70 115 118 103 122 33 25
65 33 39 28 69 125 100 3 80 46 88 22 6 49 36 83 82 31 29 90 5 111 119 102 86 89 35 8 18 78 50 16 117 87 56 1 101 95 110 40 20 45 74 42 21 108 30 124 92 107 4 113 63 77 15 32 12 120 17 34 91 48 72 103 27 47 85 126 54 60 59 68 2 11 96 115 26 116 75 109 94 19 53 79 38 61 41 123 97 104 24 55 66 14 43 122 98 93 51 7 37 23 64 62 44 25 118 71 70 67 114 76 84 121 9 13 112 81 0 99 73 52 10 105 58 106 57
34 49 116 53 93 91 84 37 109 50 10 26 106 57 113 51 121 15 74 77 82 111 3 68 67 89 73 81 4 119 80 104 47 94 11 33 38 123 16 107 102 108 95 61 83 60 5 44 8 40 99 43 41 105 62 92 59 18 13 114 17 36 100 72 7 56 14 117 87 48 86 65 66 63 124 45 55 20 27 2 101 9 118 126 88 103 39 71 79 25 76 0 70 19 90 75 125 12 98 1 35 58 115 31 23 110 6 21 78 24 122 96 120 46 42 54 30 85 64 97 22 52 29 32 69 112 28
126 94 119 7 65 113 59 33 109 13 73 95 89 62 34 24 44 10 21 78 52 38 9 42 22 28 54 39 27 106 92 31 75 71 41 123 53 25 19 88 51 120 96 122 114 15 36 74 70 117 90 99 107 5 12 43 111 103 26 82 56 87 8 77 85 67 40 63 6 16 108 91 81 125 46 69 72 104 32 79 11 1 115 98 50 66 0 93 23 29 116 86 110 121 83 30 3 68 112 100 2 4 60 58 61 17 49 64 37 48 84 80 55 97 124 57 14 35 102 20 18 76 118 45 101 47 105
120 118 39 57 72 102 51 30 62 41 109 20 124 64 56 24 44 75 28 31 17 32 36 15 34 74 111 97 113 106 58 81 66 25 115 92 100 103 54 5 40 93 110 23 9 126 27 77 79 26 42 33 117 21 19 52 6 88 55 112 101 73 78 38 108 96 121 114 67 18 71 37 7 116 87 125 70 4 95 119 48 76 68 43 83 104 8 46 105 85 12 94 69 13 0 65 22 53 61 82 1 80 49 123 122 107 16 2 29 63 91 3 98 59 11 99 89 60 50 45 86 84 47 14 35 90 10
34 16 11 5 62 30 108 56 84 95 14 29 41 71 0 94 92 40 36 93 20 35 55 44 104 105 121 107 96 74 3 77 22 100 86 67 72 118 39 53 125 24 69 1 49 117 78 59 81 32 82 26 13 112 123 124 27 85 8 37 109 113 57 28 65 106 99 103 75 101 110 15 4 12 47 58 33 63 10 23 88 80 25 102 111 60 18 120 9 91 68 50 90 19 97 21 46 43 17 122 70 119 42 126 38 116 66 54 7 61 52 45 76 64 79 48 98 73 31 115 2 87 51 83 6 114 89
28 43 114 94 60 100 2 124 67 62 109 82 10 1 84 99 46 39 37 123 47 75 30 98 57 45 102 26 6 15 18 33 121 81 50 0 68 85 83 40 69 27 56 64 24 91 111 117 29 53 74 97 17 22 79 20 7 105 86 101 80 12 122 110 63 11 108 115 96 38 72 9 58 71 88 52 25 34 113 107 35 87 93 42 76 70 95 89 23 126 48 90 104 125 19 55 77 13 92 103 4 32 44 59 54 112 8 118 3 36 120 65 51 106 119 78 66 61 31 21 14 73 116 41 49 16 5
0 17 73 101 19 34 24 60 37 71 10 48 118 120 69 80 54 77 46 76 93 53 51 74 111 125 119 96 36 78 12 104 5 63 68 58 107 95 126 83 43 115 52 38 102 14 16 116 30 79 81 11 113 124 40 88 1 32 55 13 70 21 61 2 97 122 94 75 62 108 7 9 109 3 15 110 44 84 28 33 23 25 29 87 103 47 123 72 106 59 56 105 91 18 41 27 82 92 85 57 45 50 66 26 89 65 114 99 35 67 6 121 90 22 112 98 86 64 31 100 49 42 117 4 8 39 20
103 117 30 73 104 100 61 94 75 38 110 36 56 60 119 64 32 124 65 48 115 68 62 5 34 88 52 54 40 22 4 63 66 86 71 109 31 92 102 0 23 70 28 51 82 11 74 76 111 108 35 3 120 58 42 78 46 14 97 12 69 90 113 19 96 47 33 10 55 59 43 37 29 99 7 85 67 112 15 126 24 44 95 41 80 79 118 93 77 45 1 50 101 16 122 121 72 89 123 25 9 13 6 26 57 98 21 2 39 53 27 8 105 84 20 18 116 17 114 125 107 106 83 91 87 49 81
84 11 103 39 45 108 92 58 95 24 12 13 123 3 19 43 47 70 18 89 120 23 9 20 74 124 49 33 60 17 42 51 21 50 76 4 54 101 96 105 102 67 87 29 86 73 65 30 111 125 48 40 110 80 106 10 56 85 104 0 41 35 15 69 28 59 1 37 82 109 107 62 78 36 16 81 61 64 34 68 115 31 90 32 71 113 46 52 83 116 121 63 38 93 126 8 44 27 14 118 117 99 114 25 7 91 77 88 97 2 5 57 6 75 22 98 119 55 112 53 122 66 79 72 94 100 26
88 20 28 77 3 115 31 99 93 42 92 26 120 30 49 58 112 46 36 105 123 94 75 38 62 104 76 17 23 54 60 108 47 124 33 15 18 66 64 63 106 78 10 12 119 65 25 59 53 80 68 39 111 67 103 81 22 13 21 96 87 70 40 52 24 41 32 0 1 55 61 16 107 5 117 43 110 7 57 89 34 98 109 69 95 45 14 114 19 8 84 35 2 44 9 101 51 74 102 125 97 29 121 50 118 86 6 82 72 4 113 122 79 116 73 85 27 48 126 90 100 83 11 71 56 37 91
119 42 45 65 115 64 14 31 12 44 90 97 94 17 11 58 40 30 25 105 120 8 46 53 36 72 125 52 89 55 19 80 23 15 112 85 22 56 126 59 122 51 43 101 121 110 107 4 98 68 28 81 92 57 87 67 50 79 99 74 35 34 91 123 21 54 77 13 117 111 29 60 100 39 88 103 83 24 116 48 66 6 73 124 96 38 76 3 16 18 9 82 93 10 20 0 7 27 69 49 71 113 104 2 86 26 84 95 41 108 118 33 106 78 61 109 5 47 102 32 70 114 37 63 1 62 75
43 4 27 30 68 99 103 2 104 119 120 34 26 124 21 80 94 105 29 112 87 95 111 64 39 9 113 106 32 25 54 58 76 47 72 121 116 84 90 74 50 14 81 49 91 20 75 85 17 41 100 46 109 13 79 0 107 3 22 122 126 38 31 33 7 57 11 123 78 97 53 73 115 67 108 40 118 65 45 59 93 63 10 37 62 12 110 51 102 15 70 89 8 18 19 36 101 23 55 42 35 117 66 83 44 88 60 61 114 125 24 48 1 5 6 71 16 98 86 69 56 28 77 96 82 92 52
110 121 99 95 70 124 86 24 5 80 2 73 97 1 33 90 55 72 39 52 69 81 107 75 21 32 54 101 78 26 82 62 19 87 11 74 103 46 118 68 3 45 63 115 49 23 6 44 7 112 126 109 91 4 104 61 36 60 67 12 25 84 0 105 16 108 114 29 8 123 35 43 38 77 100 117 47 71 30 89 56 53 20 93 92 15 122 66 59 96 18 102 65 28 50 79 31 88 17 119 106 9 58 83 22 40 113 37 125 76 111 14 64 42 13 94 51 34 10 48 120 57 116 85 27 98 41
82 84 20 78 123 70 103 9 5 107 29 83 24 81 12 73 43 66 26 86 57 22 36 111 39 55 121 28 65 44 120 85 31 3 16 106 42 41 7 32 51 38 126 37 71 23 59 105 30 97 46 104 124 25 15 122 63 64 75 40 68 119 1 99 112 54 110 8 53 94 88 87 90 48 11 13 108 69 4 2 49 96 76 0 109 61 79 117 34 101 56 19 95 17 100 98 45 77 60 91 18 115 50 114 125 102 89 74 27 35 14 33 72 116 80 93 67 21 92 47 6 52 58 118 113 62 10
5 10 74 14 21 86 41 15 19 35 71 8 0 77 99 22 124 79 33 1 39 93 82 18 110 98 107 51 24 58 27 60 59 70 69 34 103 104 109 46 53 96 87 36 108 64 23 81 54 68 52 3 112 89 20 25 122 56 49 26 102 72 120 9 45 121 17 28 66 118 38 50 61 126 32 105 114 67 55 48 88 42 106 75 62 100 76 16 91 57 83 6 30 73 116 2 125 97 111 101 47 94 95 84 117 12 31 44 4 123 13 40 63 7 11 37 115 29 65 119 80 113 92 43 85 90 78
90 77 56 52 73 34 62 31 19 117 67 16 3 53 108 102 59 29 33 27 74 7 35 99 57 60 88 20 13 85 111 81 22 100 47 98 119 97 112 120 114 79 75 61 18 70 54 17 21 4 49 86 65 6 50 104 8 113 78 0 36 23 63 40 32 109 91 118 38 30 126 39 106 116 5 2 43 46 28 58 92 37 44 71 83 122 101 42 48 15 26 115 45 89 10 93 94 1 95 107 76 64 105 9 41 25 14 72 11 68 69 12 51 96 103 110 55 87 121 84 82 80 125 123 24 66 124
49 70 29 4 107 97 16 30 108 5 120 52 85 50 123 0 32 69 125 46 71 53 34 110 27 57 11 89 116 40 37 73 92 126 94 87 113 3 42 58 28 18 99 112 104 93 80 105 12 95 51 22 47 65 82 121 90 91 96 31 84 54 55 75 102 26 67 24 72 41 8 15 23 45 66 62 79 114 7 86 98 100 9 10 2 74 118 119 48 78 122 39 117 115 68 101 59 36 14 44 83 60 64 109 20 38 111 33 43 21 103 88 35 1 81 19 61 13 56 17 76 77 25 63 124 6 106
5 93 118 24 101 12 102 79 82 99 100 71 88 51 18 109 112 39 0 67 124 62 91 75 122 1 107 80 31 22 52 26 78 44 41 25 7 2 108 9 21 19 28 17 4 70 33 35 104 38 64 47 63 66 105 32 125 126 103 73 76 40 8 74 61 46 60 114 89 90 106 86 55 84 11 116 113 56 87 14 83 81 16 57 42 72 6 13 115 85 94 117 65 48 15 27 120 97 110 92 68 58 45 34 95 96 20 30 59 98 43 69 77 49 23 53 123 10 119 3 50 36 111 54 29 37 121
55 45 82 105 48 73 31 104 16 25 3 85 122 109 89 38 39 13 76 7 37 71 0 115 29 103 23 117 30 74 10 36 77 60 43 91 90 66 69 8 121 95 81 79 83 40 72 124 15 86 5 59 52 123 11 56 126 27 33 6 35 26 32 112 47 18 92 51 75 100 120 41 53 84 67 65 64 68 58 24 118 54 97 17 19 99 70 44 93 14 88 9 57 113 20 106 1 22 114 28 119 50 87 78 61 80 98 125 101 4 62 46 110 102 63 34 49 108 107 21 94 12 96 111 42 2 116
36 53 47 74 115 9 58 98 40 42 92 125 77 112 37 82 64 12 69 109 90 35 10 31 16 87 71 114 120 94 56 54 126 119 93 70 101 25 22 72 116 76 17 11 33 113 0 39 41 117 95 45 106 38 67 78 34 81 20 23 32 89 84 80 75 50 63 73 46 83 91 96 4 24 107 5 118 100 49 97 1 27 6 61 3 18 51 66 26 110 7 124 8 68 121 29 122 85 79 88 2 13 43 59 103 108 30 19 14 60 57 62 28 105 86 52 15 48 123 99 65 104 102 21 111 55 44
101 93 44 49 9 76 15 50 74 92 21 19 91 115 65 55 84 72 83 52 34 108 100 97 8 47 73 4 89 85 60 87 0 123 110 43 20 122 38 107 126 27 53 28 69 24 71 106 30 29 36 61 81 88 109 56 17 103 54 58 77 79 124 13 18 125 120 5 42 12 11 95 51 114 117 37 118 26 3 40 48 23 80 16 33 70 66 75 112 1 121 31 62 104 99 59 67 25 10 57 22 96 98 45 116 63 94 7 46 111 35 39 86 68 82 113 64 78 6 32 14 102 105 119 90 2 41
65 12 83 61 85 34 72 116 59 97 88 17 102 51 75 67 92 46 115 120 0 33 2 80 47 25 106 60 37 56 81 50 57 1 94 16 30 105 55 19 125 118 32 78 31 76 26 82 71 39 5 126 35 9 68 3 21 70 87 100 104 64 6 117 84 48 29 8 23 15 96 93 95 113 7 53 36 38 13 112 98 11 24 73 89 45 20 107 91 14 44 90 103 111 42 40 74 41 79 66 109 101 27 4 86 49 22 62 77 63 69 58 28 124 18 114 52 54 43 121 99 122 110 119 10 108 123
19 65 77 88 45 90 56 68 2 105 1 79 64 67 82 3 72 69 74 26 51 81 0 97 49 108 50 116 4 125 76 12 75 54 118 23 86 11 14 95 36 110 47 98 18 33 38 35 20 63 5 44 78 89 92 24 107 123 80 37 10 71 111 100 101 28 93 40 113 41 48 126 58 114 119 6 112 13 17 62 103 53 9 122 7 29 8 104 85 34 84 91 70 61 55 57 117 115 60 27 42 83 31 30 46 22 124 43 73 121 52 16 106 102 32 120 21 96 87 25 109 66 39 94 59 99 15
58 14 41 12 85 9 54 80 96 113 87 82 123 111 66 69 57 109 83 38 34 44 40 67 61 126 105 48 25 112 63 116 72 102 50 91 21 110 90 52 51 101 15 16 89 79 88 45 29 62 32 39 124 81 76 27 65 56 78 0 11 95 115 107 97 30 122 3 10 100 49 120 46 28 19 73 98 84 93 94 13 70 42 18 55 24 106 7 92 77 86 22 43 119 33 17 75 64 103 68 36 6 4 59 104 26 71 114 2 47 60 37 74 1 53 31 121 23 117 125 8 108 5 99 35 118 20
97 90 63 58 52 53 112 26 40 109 57 121 122 120 48 106 86 38 87 50 65 126 3 19 73 24 85 62 7 10 21 124 5 41 11 39 20 0 71 81 49 33 67 108 27 82 70 125 99 25 96 42 36 115 80 14 98 22 32 28 31 105 116 113 66 8 103 123 34 100 93 68 9 104 29 30 118 51 119 47 94 111 83 23 76 17 79 45 72 56 18 60 55 89 107 15 6 117 114 61 35 77 64 13 2 59 84 101 46 44 12 43 1 88 74 78 91 54 75 69 95 102 16 37 110 92 4
44 59 107 16 19 106 95 90 101 115 15 80 61 11 53 9 81 99 27 31 119 23 94 116 52 74 69 108 5 49 37 64 7 43 91 2 86 38 56 77 71 50 42 103 105 8 20 93 102 113 54 117 104 82 62 70 126 14 41 67 0 112 122 125 85 30 39 46 48 58 89 78 40 88 17 83 35 114 18 100 84 66 97 32 118 123 10 24 3 6 68 98 45 79 55 22 60 4 51 33 120 12 28 29 109 87 13 34 96 25 73 36 72 21 63 124 65 26 75 110 121 76 1 47 111 92 57
117 40 32 57 105 25 114 94 120 34 110 71 30 121 82 19 78 103 104 124 22 56 106 113 75 39 91 65 102 12 111 20 74 37 38 84 6 50 70 64 11 72 8 85 53 125 41 81 108 96 90 58 55 100 115 112 61 93 60 88 13 27 15 97 126 46 119 54 98 109 5 24 14 87 36 92 48 51 68 62 17 7 2 79 122 49 23 107 33 9 83 116 29 59 77 101 89 86 31 76 118 4 21 35 52 44 63 18 42 99 16 123 0 43 3 67 45 47 1 28 26 80 95 66 10 69 73
92 109 52 17 43 94 68 93 55 41 90 97 29 79 49 83 62 64 14 124 20 103 2 36 95 51 48 24 53 69 70 117 35 11 102 104 1 72 114 81 74 46 6 67 113 18 100 13 116 105 39 45 34 107 112 38 123 9 8 106 25 10 42 32 40 5 88 21 82 84 26 59 115 54 99 76 77 110 78 111 33 37 57 86 120 19 0 91 63 85 16 30 65 12 118 121 80 66 126 73 58 15 7 47 56 75 96 122 98 125 50 28 3 71 4 22 44 87 27 31 108 119 61 101 89 60 23
113 125 121 85 6 55 13 77 31 40 47 83 124 119 15 92 35 108 81 116 74 122 112 62 84 61 25 20 41 101 78 126 107 3 27 18 22 99 39 105 56 102 73 19 71 96 45 109 30 24 38 64 91 2 123 69 104 110 52 33 28 86 82 34 72 111 7 103 12 95 54 44 66 80 59 4 90 79 60 32 63 93 46 97 21 9 0 1 23 76 5 87 65 98 68 118 67 70 58 26 49 88 114 53 48 100 94 51 43 57 115 106 17 89 8 50 16 10 29 14 36 37 120 75 42 117 11
92 98 72 58 80 41 2 113 73 60 61 123 119 120 82 46 52 122 89 24 106 13 75 45 4 27 10 34 126 116 7 71 95 19 107 74 55 47 56 64 20 115 11 44 88 36 15 103 86 121 110 65 25 26 100 117 42 30 8 85 124 84 49 57 9 111 94 77 3 38 53 5 51 97 54 99 76 59 101 83 112 22 21 14 43 109 108 125 87 17 50 39 28 6 96 90 102 104 118 70 1 91 114 18 12 93 37 0 78 79 35 81 31 32 29 105 67 16 62 69 48 66 23 33 63 40 68
109 105 0 10 51 100 55 92 56 45 47 122 39 97 43 102 84 108 5 8 59 30 25 68 35 73 41 37 112 19 65 79 2 118 16 72 4 52 125 40 60 63 26 34 71 12 96 86 49 99 103 11 44 111 18 67 24 126 87 70 50 88 31 78 75 80 62 98 13 77 66 42 64 74 95 85 91 28 90 6 106 21 23 76 27 83 29 107 48 33 120 114 53 94 54 3 7 20 58 119 61 14 121 89 22 32 124 115 17 15 101 104 116 93 69 110 36 38 1 123 82 9 57 117 81 113 46
87 43 77 120 32 98 35 18 57 16 45 36 65 79 113 40 31 60 75 80 92 23 85 2 55 96 53 116 106 6 109 10 11 8 1 4 97 59 102 49 69 125 105 123 76 90 13 37 119 88 101 56 42 66 95 78 14 118 34 110 103 19 126 15 89 122 51 27 62 124 67 44 29 17 71 54 114 82 22 24 52 38 91 83 72 111 115 20 63 73 112 64 50 107 30 86 61 99 7 26 3 81 33 5 39 68 28 84 25 121 0 21 108 93 58 74 117 48 70 100 41 9 94 12 47 104 46
73 46 35 62 98 1 99 83 67 87 56 5 64 86 29 22 21 23 92 6 123 71 72 18 106 32 112 20 74 53 55 28 113 48 96 100 77 109 45 102 3 75 117 24 26 110 69 36 14 115 17 119 52 33 12 31 66 111 51 10 79 125 103 19 13 50 114 120 81 40 65 107 42 91 78 85 0 84 94 57 126 41 25 47 82 11 118 44 27 16 88 104 15 49 89 121 61 59 37 116 124 108 105 34 60 2 7 90 43 63 76 122 95 93 70 97 4 54 8 68 30 9 38 58 39 101 80
61 23 91 98 120 117 40 104 94 123 5 103 10 80 84 20 16 52 49 46 54 93 69 11 45 60 83 41 13 38 18 59 71 7 68 78 122 51 17 47 19 101 126 118 62 76 28 110 85 89 33 55 86 95 53 70 72 58 90 105 119 113 63 99 30 64 66 73 0 87 9 14 6 82 74 1 12 111 121 44 32 43 124 81 48 24 39 25 108 115 4 116 96 106 42 27 97 125 114 102 75 65 100 22 8 15 2 109 107 77 56 26 35 37 57 36 29 3 34 67 112 50 79 31 92 88 21
80 69 82 60 24 19 49 91 96 17 29 32 18 99 14 1 88 52 72 31 120 71 124 64 116 112 63 58 65 0 105 125 45 48 66 10 27 39 97 11 20 30 81 53 16 44 7 22 114 121 73 34 79 126 110 123 8 40 76 12 104 85 94 107 74 70 3 103 98 102 100 25 109 47 83 54 101 84 50 38 87 62 108 78 4 56 28 21 2 93 26 117 92 111 119 9 75 113 89 61 36 67 95 77 33 6 68 13 46 90 106 86 5 115 43 118 37 57 41 55 122 42 15 35 23 51 59
8 111 0 57 121 77 67 38 95 125 78 5 40 80 29 122 97 118 32 103 44 99 126 46 72 124 115 30 102 81 87 19 120 74 47 21 28 31 101 35 33 16 20 107 89 116 100 98 75 94 2 59 71 123 92 9 104 43 114 106 4 90 24 64 15 83 51 62 13 17 1 88 26 6 113 76 52 117 36 37 69 63 86 50 119 70 96 14 73 27 68 25 48 53 11 58 61 79 22 3 23 85 65 45 60 105 66 49 82 7 18 91 55 56 10 54 93 41 84 112 109 34 110 108 42 12 39
11 74 86 26 53 102 71 87 42 30 25 122 48 44 54 60 45 117 43 59 79 0 51 88 32 5 24 4 106 92 40 73 55 16 82 34 41 13 2 27 75 99 116 100 80 98 67 39 105 103 104 108 76 126 61 36 31 69 35 111 58 21 6 10 94 63 78 57 9 68 83 97 96 18 114 1 65 120 62 81 15 77 7 93 8 38 115 50 118 49 64 3 109 29 17 101 14 70 113 112 90 123 107 23 124 56 85 37 22 66 84 52 125 47 20 119 121 46 19 95 72 110 12 28 91 89 33
117 77 31 34 108 48 11 32 49 122 12 126 43 80 71 67 104 23 27 7 66 79 47 73 42 107 90 111 106 96 113 44 98 1 25 115 75 72 93 105 30 99 60 41 54 52 45 21 63 109 3 97 53 58 94 64 121 91 15 74 9 0 19 102 100 2 69 20 92 24 28 116 46 13 10 51 22 18 6 56 89 114 37 125 81 82 110 62 38 29 88 112 103 85 78 14 87 16 8 39 35 50 95 4 5 36 68 84 70 86 33 61 124 119 26 17 83 57 55 118 59 120 76 101 65 123 40
53 35 100 105 93 68 82 6 120 89 4 57 28 26 95 74 10 37 86 80 103 97 47 34 19 112 32 5 27 90 84 66 87 60 107 108 71 102 124 78 118 83 56 96 72 18 45 23 109 3 31 126 73 42 106 116 114 119 30 24 75 43 22 25 69 110 15 7 38 41 58 111 122 55 49 65 98 0 13 94 61 70 2 125 20 51 101 40 63 88 12 1 59 29 14 123 54 81 91 11 117 67 77 79 121 62 36 50 99 21 8 17 104 33 92 64 44 39 113 9 76 115 16 85 46 48 52
35 94 117 57 96 48 103 104 107 63 113 47 16 65 116 92 58 124 19 27 86 71 52 61 85 17 55 43 75 97 123 26 89 102 39 20 98 91 4 90 78 1 66 112 95 120 9 56 31 23 69 105 51 28 44 106 82 76 67 108 110 74 34 83 118 42 14 54 81 32 5 13 101 93 49 115 111 70 3 80 68 18 30 33 73 11 59 53 2 50 79 62 60 8 12 22 25 37 119 122 125 64 0 46 100 29 36 84 21 38 109 45 114 77 40 24 88 72 87 7 99 41 15 121 6 126 10
23 71 17 116 79 27 76 106 93 4 36 63 56 84 103 120 32 42 12 90 57 104 31 80 125 101 41 67 114 99 89 60 10 78 15 98 109 7 94 83 37 59 46 14 16 53 123 21 34 119 40 58 44 95 25 6 39 38 113 122 20 45 13 48 50 33 26 5 82 115 54 85 24 87 0 2 11 70 91 3 64 49 102 88 105 22 81 35 29 77 112 1 96 52 73 62 72 97 75 18 100 92 121 55 47 118 74 108 86 124 51 61 111 19 8 28 110 66 68 69 126 43 117 107 65 9 30
51 119 7 91 28 114 83 50 1 74 12 40 121 18 93 122 104 4 80 31 44 17 86 63 26 30 82 58 33 108 52 25 64 109 14 11 102 19 42 117 69 111 98 126 113 100 75 71 89 29 68 96 99 21 5 3 41 118 61 105 15 94 62 123 112 70 90 92 60 37 97 32 39 59 88 6 57 124 101 78 81 79 8 36 85 66 120 13 103 49 46 43 53 38 84 48 16 87 0 107 10 76 34 56 2 67 20 125 23 73 22 115 65 54 110 45 77 24 72 95 9 35 47 55 106 116 27
41 49 57 31 30 38 40 92 124 0 20 75 85 45 39 35 97 66 114 12 77 52 123 65 69 74 125 83 117 26 60 4 13 3 11 23 96 53 43 81 46 84 27 82 29 110 116 8 105 34 119 121 19 54 56 108 78 47 64 115 87 5 36 67 101 113 37 61 70 79 48 42 17 51 14 99 55 126 118 59 112 94 63 100 86 72 21 102 106 62 6 89 122 71 22 10 50 109 44 95 103 88 1 18 93 76 33 98 7 80 15 9 91 107 120 25 68 58 2 111 24 104 16 73 32 90 28
95 85 3 21 71 7 112 30 2 34 94 46 22 35 58 43 102 49 117 83 38 32 57 121 108 79 101 36 44 67 16 78 119 98 53 63 122 77 93 24 55 118 89 107 61 68 64 100 87 0 116 42 6 62 28 115 70 75 40 96 15 17 99 88 80 123 9 86 84 20 124 105 29 26 109 110 59 125 23 111 12 103 8 18 51 1 33 66 50 81 31 82 120 25 14 13 72 27 56 48 114 39 92 54 10 90 126 74 65 69 52 19 11 37 97 104 41 113 47 91 76 106 60 45 4 5 73
5 117 76 22 106 31 52 112 44 27 18 118 113 119 13 102 90 125 48 25 16 88 126 92 96 21 94 89 74 11 15 83 95 97 78 32 3 67 28 17 101 37 81 41 86 10 80 47 73 91 69 116 43 38 4 108 9 70 79 110 50 123 58 7 35 62 61 105 6 49 8 30 122 56 23 54 26 115 124 99 63 75 53 1 34 45 55 51 82 46 66 87 29 114 57 77 100 14 36 72 60 104 84 19 111 107 65 12 93 109 71 40 120 103 121 59 2 42 0 64 85 33 39 20 68 24 98
124 17 9 10 1 28 30 112 105 41 126 62 61 78 7 3 77 88 108 98 110 52 103 94 16 60 27 34 118 96 122 23 91 38 63 70 95 85 43 25 0 57 69 22 37 66 107 116 13 89 45 46 39 8 55 51 102 120 20 104 18 81 33 49 5 125 113 86 111 92 83 114 54 82 35 123 101 19 100 106 97 64 76 99 71 12 2 73 53 119 56 117 14 68 109 115 6 121 74 80 42 84 40 29 79 36 15 26 72 44 75 58 50 65 4 90 67 24 11 87 32 31 21 93 48 47 59
54 108 33 73 46 115 49 30 27 1 18 55 64 103 53 85 7 10 89 41 84 26 110 71 102 69 6 117 48 111 93 39 116 59 67 76 17 15 65 105 66 114 77 106 8 14 100 68 2 0 107 3 101 47 52 98 9 29 119 19 57 22 104 79 24 63 4 50 28 113 16 38 43 31 74 20 12 58 97 44 40 121 32 124 45 83 95 75 13 70 23 88 21 94 5 120 96 87 78 62 112 123 42 56 11 92 35 51 61 86 90 109 91 81 125 122 118 126 72 25 82 36 99 80 60 34 37
