85 11 106 43 84 20 107 52 86 4 105 36 87 28 104 59 82 12 109 44 83 16 108 48 81 0 110 32 63 24 111 56 90 8 101 40 80 22 100 54 91 6 102 38 89 30 88 125 93 14 98 46 92 18 103 50 61 2 99 34 62 26 97 58 74 10 117 42 75 21 116 53 73 5 118 37 72 29 76 60 77 13 114 45 71 17 115 49 95 1 113 33 94 25 96 57 69 9 122 41 79 23 119 55 68 7 121 39 70 31 78 126 66 15 123 47 67 19 112 51 65 3 124 35 64 27 120
59 85 11 106 43 84 20 107 52 86 4 105 36 87 28 104 60 82 12 109 44 83 16 108 48 81 0 110 32 80 24 111 56 90 8 101 40 91 22 100 54 89 6 102 38 88 30 92 62 93 14 98 46 79 18 103 50 94 2 99 34 63 26 112 58 74 10 117 42 75 21 116 53 73 5 118 37 72 29 76 61 77 13 114 45 71 17 119 49 78 1 115 33 95 25 113 57 69 9 122 41 68 23 121 55 70 7 120 39 97 31 67 126 96 15 123 47 66 19 125 51 65 3 124 35 64 27
106 58 85 11 107 42 84 20 105 51 86 4 104 35 87 27 82 59 83 12 109 43 81 16 108 47 88 0 110 31 63 24 101 55 90 8 100 39 91 22 102 53 89 6 111 37 80 29 79 125 93 14 98 45 92 18 103 49 61 2 99 33 62 26 117 57 74 10 116 41 75 21 118 52 73 5 115 36 72 28 77 60 76 13 114 44 95 17 113 48 71 1 97 32 94 25 122 56 69 9 119 40 68 23 121 54 96 7 112 38 78 30 67 126 66 15 123 46 70 19 124 50 65 3 120 34 64
27 106 59 85 11 107 43 84 20 105 52 86 4 104 36 87 28 109 60 82 12 108 44 83 16 110 48 81 0 111 32 63 24 101 56 90 8 100 40 91 22 102 54 89 6 103 38 80 30 88 125 93 14 98 46 92 18 99 50 94 2 97 34 62 26 117 58 74 10 116 42 75 21 118 53 73 5 115 37 72 29 77 61 76 13 114 45 78 17 113 49 71 1 96 33 95 25 122 57 69 9 119 41 68 23 121 55 70 7 112 39 79 31 67 126 66 15 123 47 65 19 124 51 64 3 120 35
85 27 106 58 84 11 107 42 86 20 105 51 87 4 104 35 82 28 109 59 83 12 108 43 81 16 110 47 63 0 111 32 90 24 101 55 91 8 100 39 89 22 102 53 80 6 103 37 88 30 93 125 92 14 98 45 61 18 99 49 62 2 97 34 74 26 117 57 75 10 116 41 73 21 118 52 72 5 115 36 77 29 76 60 95 13 114 44 71 17 113 48 94 1 96 33 69 25 122 56 68 9 119 40 79 23 121 54 78 7 112 38 67 31 66 126 70 15 123 46 65 19 124 50 64 3 120
35 85 27 106 59 84 11 107 43 86 20 105 52 87 4 104 36 82 28 109 60 83 12 108 44 81 16 110 48 80 0 111 32 90 24 101 56 91 8 100 40 89 22 102 54 88 6 103 38 93 30 92 62 94 14 98 46 79 18 99 50 63 2 112 34 74 26 117 58 75 10 116 42 73 21 118 53 72 5 119 37 77 29 76 61 78 13 114 45 71 17 115 49 95 1 113 33 69 25 122 57 68 9 123 41 70 23 121 55 97 7 120 39 96 31 67 126 66 15 125 47 65 19 124 51 64 3
106 34 85 26 107 58 84 10 105 42 86 19 104 51 87 3 109 35 82 27 108 59 83 11 110 43 81 15 111 47 63 0 101 31 90 23 100 55 91 7 102 39 89 21 103 53 80 5 98 37 88 29 93 125 92 13 99 45 61 17 97 49 62 2 117 33 74 25 116 57 75 9 118 41 73 20 115 52 72 4 114 36 77 28 76 60 95 12 113 44 71 16 96 48 94 1 122 32 69 24 119 56 68 8 121 40 79 22 112 54 78 6 123 38 67 30 66 126 70 14 124 46 65 18 120 50 64
3 106 35 85 27 107 59 84 11 105 43 86 20 104 52 87 4 109 36 82 28 108 60 83 12 110 44 81 16 111 48 80 0 101 32 90 24 100 56 91 8 102 40 89 22 103 54 88 6 98 38 93 30 92 62 94 14 99 46 79 18 97 50 63 2 117 34 74 26 116 58 75 10 118 42 73 21 115 53 72 5 114 37 77 29 76 61 78 13 113 45 71 17 112 49 95 1 122 33 69 25 119 57 68 9 121 41 70 23 120 55 96 7 123 39 67 31 66 126 65 15 125 47 64 19 124 51
85 3 106 35 84 27 107 58 86 11 105 43 87 20 104 51 82 4 109 36 83 28 108 59 81 12 110 44 63 16 111 48 90 0 101 32 91 24 100 55 89 8 102 40 80 22 103 53 88 6 98 38 93 30 92 125 61 14 99 46 62 18 97 50 74 2 117 34 75 26 116 57 73 10 118 42 72 21 115 52 77 5 114 37 76 29 95 60 71 13 113 45 94 17 96 49 69 1 122 33 68 25 119 56 79 9 121 41 78 23 112 54 67 7 123 39 66 31 70 126 65 15 124 47 64 19 120
51 85 3 106 35 84 27 107 59 86 11 105 43 87 20 104 52 82 4 109 36 83 28 108 60 81 12 110 44 80 16 111 48 90 0 101 32 91 24 100 56 89 8 102 40 88 22 103 54 93 6 98 38 92 30 94 62 79 14 99 46 63 18 112 50 74 2 117 34 75 26 116 58 73 10 118 42 72 21 119 53 77 5 114 37 76 29 78 61 71 13 115 45 95 17 113 49 69 1 122 33 68 25 123 57 70 9 121 41 97 23 120 55 66 7 124 39 96 31 65 126 67 15 125 47 64 19
106 50 85 3 107 34 84 26 105 58 86 11 104 42 87 19 109 51 82 4 108 35 83 27 81 59 63 12 110 43 88 16 101 47 90 0 100 31 91 23 102 55 89 8 111 39 80 21 98 53 93 6 103 37 79 29 92 125 61 14 99 45 62 18 117 49 74 2 116 33 75 25 118 57 73 10 115 41 72 20 114 52 77 5 113 36 76 28 95 60 94 13 97 44 71 17 122 48 69 1 119 32 68 24 121 56 96 9 112 40 78 22 123 54 67 7 120 38 70 30 65 126 66 15 124 46 64
19 106 51 85 3 107 35 84 27 105 59 86 11 104 43 87 20 109 52 82 4 108 36 83 28 110 60 81 12 111 44 63 16 101 48 90 0 100 32 91 24 102 56 89 8 103 40 80 22 98 54 93 6 99 38 88 30 92 125 94 14 97 46 62 18 117 50 74 2 116 34 75 26 118 58 73 10 115 42 72 21 114 53 77 5 113 37 76 29 78 61 95 13 96 45 71 17 122 49 69 1 119 33 68 25 121 57 70 9 112 41 79 23 123 55 66 7 120 39 67 31 65 126 64 15 124 47
85 19 106 50 84 3 107 35 86 27 105 58 87 11 104 43 82 20 109 51 83 4 108 36 81 28 110 59 63 12 111 44 90 16 101 47 91 0 100 32 89 24 102 55 80 8 103 40 93 22 98 53 88 6 99 38 92 30 61 125 62 14 97 46 74 18 117 49 75 2 116 34 73 26 118 57 72 10 115 42 77 21 114 52 76 5 113 37 95 29 94 60 71 13 96 45 69 17 122 48 68 1 119 33 79 25 121 56 78 9 112 41 67 23 123 54 70 7 120 39 65 31 66 126 64 15 124
47 85 19 106 51 84 3 107 35 86 27 105 59 87 11 104 43 82 20 109 52 83 4 108 36 81 28 110 60 80 12 111 44 90 16 101 48 91 0 100 32 89 24 102 56 88 8 103 40 93 22 98 54 92 6 99 38 94 30 63 62 79 14 112 46 74 18 117 50 75 2 116 34 73 26 118 58 72 10 119 42 77 21 114 53 76 5 115 37 78 29 95 61 71 13 113 45 69 17 122 49 68 1 123 33 70 25 121 57 97 9 120 41 66 23 125 55 96 7 124 39 67 31 64 126 65 15
106 46 85 18 107 50 84 3 105 34 86 26 104 58 87 11 109 42 82 19 108 51 83 4 110 35 81 27 111 59 63 12 101 43 90 15 100 47 91 0 102 31 89 23 103 55 80 8 98 39 93 21 99 53 88 6 97 37 92 29 61 125 62 14 117 45 74 17 116 49 75 2 118 33 73 25 115 57 72 10 114 41 77 20 113 52 76 5 96 36 95 28 94 60 71 13 122 44 69 16 119 48 68 1 121 32 79 24 112 56 78 9 123 40 67 22 120 54 70 7 124 38 66 30 65 126 64
15 106 47 85 19 107 51 84 3 105 35 86 27 104 59 87 11 109 43 82 20 108 52 83 4 110 36 81 28 111 60 63 12 101 44 90 16 100 48 91 0 102 32 89 24 103 56 80 8 98 40 93 22 99 54 88 6 97 38 92 30 94 125 62 14 117 46 74 18 116 50 75 2 118 34 73 26 115 58 72 10 114 42 77 21 113 53 76 5 96 37 78 29 95 61 71 13 122 45 69 17 119 49 68 1 121 33 70 25 112 57 79 9 123 41 66 23 120 55 67 7 124 39 65 31 64 126
85 15 106 47 84 19 107 51 86 3 105 35 87 27 104 59 82 11 109 43 83 20 108 52 81 4 110 36 63 28 111 60 90 12 101 44 91 16 100 48 89 0 102 32 80 24 103 56 93 8 98 40 88 22 99 54 92 6 97 38 94 30 62 126 74 14 117 46 75 18 116 50 73 2 118 34 72 26 119 58 77 10 114 42 76 21 115 53 78 5 113 37 95 29 71 61 69 13 122 45 68 17 123 49 70 1 121 33 79 25 112 57 66 9 125 41 96 23 120 55 67 7 124 39 65 31 64
126 63 15 111 47 85 19 106 51 84 3 107 35 86 27 105 59 82 11 109 43 83 20 104 52 81 4 108 36 80 28 110 60 90 12 101 44 91 16 100 48 89 0 102 32 88 24 103 56 93 8 98 40 92 22 99 54 94 6 97 38 95 30 87 62 74 14 117 46 75 18 116 50 73 2 118 34 72 26 119 58 77 10 114 42 76 21 115 53 78 5 113 37 79 29 71 61 69 13 122 45 68 17 123 49 70 1 121 33 96 25 112 57 66 9 125 41 67 23 120 55 65 7 124 39 64 31
63 126 85 15 106 46 84 19 107 50 86 3 105 34 87 27 109 58 82 11 104 42 83 20 108 51 81 4 110 35 80 28 90 59 91 12 101 43 89 16 100 47 92 0 102 31 88 24 98 55 93 8 111 39 79 22 103 53 61 6 99 37 62 30 95 125 74 14 117 45 75 18 116 49 73 2 118 33 72 26 114 57 77 10 119 41 76 21 115 52 78 5 113 36 94 29 69 60 68 13 122 44 70 17 121 48 67 1 97 32 96 25 123 56 66 9 112 40 71 23 124 54 65 7 120 38 64
31 63 126 85 15 106 47 84 19 107 51 86 3 105 35 87 27 109 59 82 11 104 43 83 20 108 52 81 4 110 36 80 28 101 60 90 12 100 44 91 16 102 48 89 0 111 32 88 24 98 56 93 8 103 40 92 22 99 54 94 6 97 38 62 30 95 125 74 14 117 46 75 18 116 50 73 2 118 34 72 26 114 58 77 10 119 42 76 21 115 53 78 5 113 37 79 29 69 61 68 13 122 45 70 17 121 49 67 1 96 33 71 25 123 57 66 9 112 41 65 23 124 55 64 7 120 39
63 31 85 126 84 15 106 46 86 19 107 50 87 3 105 35 82 27 109 58 83 11 104 42 81 20 108 51 80 4 110 36 90 28 101 59 91 12 100 43 89 16 102 47 88 0 111 32 93 24 98 55 92 8 103 39 61 22 99 53 62 6 97 38 95 30 74 125 75 14 117 45 73 18 116 49 72 2 118 34 77 26 114 57 76 10 119 41 78 21 115 52 94 5 113 37 69 29 68 60 70 13 122 44 67 17 121 48 79 1 96 33 66 25 123 56 71 9 112 40 65 23 124 54 64 7 120
39 63 31 84 126 85 15 106 47 86 19 107 51 87 3 105 35 82 27 109 59 83 11 104 43 81 20 108 52 80 4 110 36 90 28 101 60 91 12 100 44 89 16 102 48 88 0 111 32 93 24 98 56 92 8 103 40 94 22 99 54 95 6 113 38 74 30 75 62 73 14 117 46 76 18 116 50 72 2 118 34 77 26 114 58 71 10 119 42 78 21 115 53 79 5 112 37 69 29 68 61 70 13 122 45 67 17 123 49 97 1 121 33 66 25 125 57 96 9 120 41 65 23 124 55 64 7
106 38 63 30 85 126 84 14 107 46 86 18 105 50 87 3 109 34 82 26 104 58 83 10 108 42 81 19 110 51 80 4 101 35 90 27 100 59 91 11 102 43 89 15 111 47 88 0 98 31 93 23 103 55 92 7 99 39 61 21 97 53 62 6 117 37 95 29 74 125 75 13 116 45 73 17 118 49 72 2 114 33 77 25 119 57 76 9 115 41 78 20 113 52 94 5 122 36 69 28 68 60 70 12 121 44 67 16 96 48 79 1 123 32 66 24 112 56 71 8 124 40 65 22 120 54 64
7 106 39 63 31 85 126 84 15 107 47 86 19 105 51 87 3 109 35 82 27 104 59 83 11 108 43 81 20 110 52 80 4 101 36 90 28 100 60 91 12 102 44 89 16 111 48 88 0 98 32 93 24 103 56 92 8 99 40 94 22 97 54 62 6 117 38 95 30 74 125 75 14 116 46 73 18 118 50 72 2 114 34 77 26 119 58 76 10 115 42 78 21 113 53 79 5 122 37 69 29 68 61 70 13 121 45 67 17 96 49 71 1 123 33 66 25 112 57 65 9 124 41 64 23 120 55
63 7 106 39 85 31 84 126 86 15 107 47 87 19 105 51 82 3 109 35 83 27 104 58 81 11 108 43 80 20 110 52 90 4 101 36 91 28 100 59 89 12 102 44 88 16 111 48 93 0 98 32 92 24 103 55 61 8 99 40 62 22 97 54 95 6 117 38 74 30 75 125 73 14 116 46 72 18 118 50 77 2 114 34 76 26 119 57 78 10 115 42 94 21 113 53 69 5 122 37 68 29 70 60 67 13 121 45 79 17 96 49 66 1 123 33 71 25 112 56 65 9 124 41 64 23 120
55 85 7 107 39 63 31 86 126 84 15 106 47 87 19 105 51 82 3 109 35 83 27 104 59 81 11 108 43 80 20 110 52 90 4 101 36 91 28 100 60 89 12 102 44 88 16 111 48 93 0 98 32 92 24 103 56 94 8 99 40 95 22 113 54 74 6 117 38 75 30 73 62 76 14 116 46 72 18 118 50 77 2 114 34 71 26 119 58 78 10 115 42 79 21 112 53 69 5 122 37 68 29 70 61 67 13 123 45 97 17 121 49 66 1 125 33 96 25 120 57 65 9 124 41 64 23
106 54 85 7 107 38 63 30 84 126 86 15 105 46 87 19 109 50 82 3 104 34 83 26 108 58 81 11 110 42 80 20 101 51 90 4 100 35 91 27 89 59 88 12 102 43 92 16 98 47 93 0 111 31 79 23 103 55 61 8 99 39 62 22 117 53 74 6 116 37 95 29 75 125 73 14 118 45 72 18 114 49 77 2 119 33 76 25 115 57 78 10 113 41 94 21 122 52 69 5 121 36 68 28 70 60 96 13 97 44 67 17 123 48 66 1 112 32 71 24 124 56 65 9 120 40 64
23 106 55 85 7 107 39 63 31 84 126 86 15 105 47 87 19 109 51 82 3 104 35 83 27 108 59 81 11 110 43 80 20 101 52 90 4 100 36 91 28 102 60 89 12 111 44 88 16 98 48 93 0 103 32 92 24 99 56 94 8 97 40 62 22 117 54 74 6 116 38 95 30 75 125 73 14 118 46 72 18 114 50 77 2 119 34 76 26 115 58 78 10 113 42 79 21 122 53 69 5 121 37 68 29 70 61 71 13 96 45 67 17 123 49 66 1 112 33 65 25 124 57 64 9 120 41
85 23 106 54 63 7 107 39 84 31 86 126 87 15 105 46 82 19 109 50 83 3 104 35 81 27 108 58 80 11 110 42 90 20 101 51 91 4 100 36 89 28 102 59 88 12 111 43 93 16 98 47 92 0 103 32 61 24 99 55 62 8 97 40 74 22 117 53 95 6 116 38 75 30 73 125 72 14 118 45 77 18 114 49 76 2 119 34 78 26 115 57 94 10 113 41 69 21 122 52 68 5 121 37 70 29 79 60 67 13 96 44 66 17 123 48 71 1 112 33 65 25 124 56 64 9 120
41 85 23 106 55 63 7 107 39 84 31 87 126 86 15 105 47 82 19 109 51 83 3 104 35 81 27 108 59 80 11 110 43 90 20 101 52 91 4 100 36 89 28 102 60 88 12 111 44 93 16 98 48 92 0 103 32 94 24 99 56 95 8 113 40 74 22 117 54 75 6 116 38 73 30 72 62 76 14 118 46 77 18 114 50 71 2 119 34 78 26 115 58 79 10 112 42 69 21 122 53 68 5 123 37 70 29 97 61 67 13 121 45 66 17 125 49 96 1 120 33 65 25 124 57 64 9
106 40 85 22 107 54 63 7 105 38 84 30 86 126 87 14 109 46 82 18 104 50 83 3 108 34 81 26 110 58 80 10 101 42 90 19 100 51 91 4 102 35 89 27 88 59 92 11 98 43 93 15 111 47 79 0 103 31 61 23 99 55 62 8 117 39 74 21 116 53 95 6 118 37 75 29 73 125 72 13 114 45 77 17 119 49 76 2 115 33 78 25 113 57 94 9 122 41 69 20 121 52 68 5 97 36 70 28 96 60 67 12 123 44 66 16 112 48 71 1 124 32 65 24 120 56 64
9 106 41 85 23 107 55 63 7 105 39 84 31 86 126 87 15 109 47 82 19 104 51 83 3 108 35 81 27 110 59 80 11 101 43 90 20 100 52 91 4 102 36 89 28 111 60 88 12 98 44 93 16 103 48 92 0 99 32 94 24 97 56 62 8 117 40 74 22 116 54 95 6 118 38 75 30 73 125 72 14 114 46 77 18 119 50 76 2 115 34 78 26 113 58 79 10 122 42 69 21 121 53 68 5 96 37 70 29 71 61 67 13 123 45 66 17 112 49 65 1 124 33 64 25 120 57
85 9 106 41 63 23 107 55 84 7 105 39 86 31 87 126 82 15 109 47 83 19 104 51 81 3 108 35 80 27 110 58 90 11 101 43 91 20 100 52 89 4 102 36 88 28 111 59 93 12 98 44 92 16 103 48 61 0 99 32 62 24 97 56 74 8 117 40 95 22 116 54 75 6 118 38 73 30 72 125 77 14 114 46 76 18 119 50 78 2 115 34 94 26 113 57 69 10 122 42 68 21 121 53 70 5 96 37 79 29 67 60 66 13 123 45 71 17 112 49 65 1 124 33 64 25 120
57 85 9 106 41 84 23 105 55 86 7 104 39 63 31 83 126 87 15 107 47 82 19 109 51 81 3 108 35 80 27 110 59 90 11 101 43 91 20 100 52 89 4 102 36 88 28 111 60 93 12 98 44 92 16 103 48 94 0 99 32 95 24 113 56 74 8 117 40 75 22 116 54 73 6 118 38 72 30 76 62 77 14 114 46 71 18 119 50 78 2 115 34 79 26 112 58 69 10 122 42 68 21 123 53 70 5 121 37 97 29 67 61 66 13 125 45 96 17 120 49 65 1 124 33 64 25
106 56 85 9 107 40 84 23 105 54 86 7 104 38 63 30 87 126 82 15 109 46 83 19 108 50 81 3 110 34 80 26 101 58 90 11 100 42 91 20 102 51 89 4 111 35 88 27 93 59 92 12 98 43 61 16 103 47 79 0 99 31 62 24 117 55 74 8 116 39 75 22 118 53 73 6 119 37 95 29 72 125 77 14 114 45 76 18 115 49 78 2 113 33 94 25 122 57 69 10 123 41 68 21 121 52 70 5 97 36 96 28 66 60 71 13 112 44 65 17 124 48 67 1 120 32 64
25 106 57 85 9 107 41 84 23 105 55 86 7 104 39 63 31 87 126 82 15 109 47 83 19 108 51 81 3 110 35 80 27 101 59 90 11 100 43 91 20 102 52 89 4 111 36 88 28 98 60 93 12 103 44 92 16 99 48 94 0 97 32 62 24 117 56 74 8 116 40 75 22 118 54 73 6 119 38 95 30 72 125 77 14 114 46 76 18 115 50 78 2 113 34 79 26 122 58 69 10 123 42 68 21 121 53 70 5 96 37 71 29 66 61 67 13 112 45 65 17 124 49 64 1 120 33
85 25 106 56 84 9 107 40 86 23 105 54 63 7 104 38 87 31 82 126 83 15 109 46 81 19 108 50 80 3 110 34 90 27 101 58 91 11 100 42 89 20 102 51 88 4 111 35 93 28 98 59 92 12 103 43 61 16 99 47 62 0 97 32 74 24 117 55 75 8 116 39 73 22 118 53 95 6 119 37 72 30 77 125 76 14 114 45 78 18 115 49 94 2 113 33 69 26 122 57 68 10 123 41 70 21 121 52 79 5 96 36 66 29 71 60 65 13 112 44 67 17 124 48 64 1 120
33 85 25 106 57 84 9 107 41 86 23 105 55 63 7 104 39 87 31 83 126 82 15 109 47 81 19 108 51 80 3 110 35 90 27 101 59 91 11 100 43 89 20 102 52 88 4 111 36 93 28 98 60 92 12 103 44 94 16 99 48 95 0 113 32 74 24 117 56 75 8 116 40 73 22 118 54 72 6 119 38 77 30 76 62 78 14 114 46 71 18 115 50 79 2 112 34 69 26 122 58 68 10 123 42 70 21 121 53 97 5 120 37 66 29 67 61 65 13 125 45 96 17 124 49 64 1
106 32 85 24 107 56 84 8 105 40 86 22 104 54 63 6 109 38 87 30 82 126 83 14 108 46 81 18 110 50 80 2 101 34 90 26 100 58 91 10 102 42 89 19 111 51 88 3 98 35 93 27 103 59 92 11 99 43 61 15 97 47 62 0 117 31 74 23 116 55 75 7 118 39 73 21 119 53 95 5 114 37 72 29 77 125 76 13 115 45 78 17 113 49 94 1 122 33 69 25 123 57 68 9 121 41 70 20 96 52 79 4 112 36 66 28 71 60 65 12 124 44 67 16 120 48 64
1 106 33 85 25 107 57 84 9 105 41 86 23 104 55 63 7 109 39 87 31 82 126 83 15 108 47 81 19 110 51 80 3 101 35 90 27 100 59 91 11 102 43 89 20 111 52 88 4 98 36 93 28 103 60 92 12 99 44 94 16 97 48 62 0 117 32 74 24 116 56 75 8 118 40 73 22 119 54 95 6 114 38 72 30 77 125 76 14 115 46 78 18 113 50 79 2 122 34 69 26 123 58 68 10 121 42 70 21 96 53 71 5 112 37 66 29 67 61 65 13 124 45 64 17 120 49
85 1 106 33 84 25 107 56 86 9 105 41 63 23 104 54 87 7 109 39 82 31 83 126 81 15 108 47 80 19 110 50 90 3 101 35 91 27 100 58 89 11 102 43 88 20 111 51 93 4 98 36 92 28 103 59 61 12 99 44 62 16 97 48 74 0 117 32 75 24 116 55 73 8 118 40 95 22 119 53 72 6 114 38 77 30 76 125 78 14 115 46 94 18 113 49 69 2 122 34 68 26 123 57 70 10 121 42 79 21 96 52 66 5 112 37 71 29 65 60 67 13 124 45 64 17 120
49 85 1 106 33 84 25 107 57 86 9 105 41 63 23 104 55 82 7 108 39 87 31 81 126 83 15 109 47 80 19 110 51 90 3 101 35 91 27 100 59 89 11 102 43 88 20 111 52 93 4 98 36 92 28 103 60 94 12 99 44 95 16 113 48 74 0 117 32 75 24 116 56 73 8 118 40 72 22 119 54 77 6 114 38 76 30 78 62 71 14 115 46 79 18 112 50 69 2 122 34 68 26 123 58 70 10 121 42 97 21 120 53 66 5 125 37 67 29 65 61 96 13 124 45 64 17
106 48 85 1 107 32 84 24 105 56 86 9 104 40 63 22 109 54 82 7 108 38 87 30 83 126 81 15 110 46 80 18 101 50 90 3 100 34 91 26 102 58 89 11 111 42 88 19 98 51 93 4 103 35 92 27 61 59 62 12 99 43 79 16 117 47 74 0 116 31 75 23 118 55 73 8 119 39 95 21 114 53 77 6 115 37 72 29 76 125 78 14 113 45 94 17 122 49 69 2 123 33 68 25 121 57 70 10 97 41 96 20 124 52 66 5 112 36 71 28 67 60 64 13 120 44 65
17 106 49 85 1 107 33 84 25 105 57 86 9 104 41 63 23 109 55 82 7 108 39 87 31 83 126 81 15 110 47 80 19 101 51 90 3 100 35 91 27 102 59 89 11 111 43 88 20 98 52 93 4 103 36 92 28 99 60 94 12 97 44 62 16 117 48 74 0 116 32 75 24 118 56 73 8 119 40 95 22 114 54 77 6 115 38 72 30 76 125 78 14 113 46 79 18 122 50 69 2 123 34 68 26 121 58 70 10 96 42 71 21 124 53 66 5 112 37 67 29 65 61 64 13 120 45
85 17 106 48 84 1 107 33 86 25 105 56 63 9 104 41 82 23 109 54 87 7 108 39 83 31 81 126 80 15 110 46 90 19 101 50 91 3 100 35 89 27 102 58 88 11 111 43 93 20 98 51 92 4 103 36 61 28 99 59 62 12 97 44 74 16 117 47 75 0 116 32 73 24 118 55 95 8 119 40 77 22 114 53 72 6 115 38 76 30 78 125 94 14 113 45 69 18 122 49 68 2 123 34 70 26 121 57 79 10 96 42 66 21 124 52 71 5 112 37 67 29 64 60 65 13 120
45 85 17 106 49 84 1 107 33 86 25 105 57 63 9 104 41 82 23 109 55 87 7 108 39 83 31 80 126 81 15 110 47 90 19 101 51 91 3 100 35 89 27 102 59 88 11 111 43 93 20 98 52 92 4 103 36 94 28 99 60 95 12 113 44 74 16 117 48 75 0 116 32 73 24 118 56 72 8 119 40 77 22 114 54 76 6 115 38 78 30 79 62 71 14 112 46 69 18 122 50 68 2 123 34 70 26 121 58 97 10 120 42 66 21 125 53 67 5 124 37 65 29 64 61 96 13
106 44 85 16 107 48 84 1 105 32 86 24 104 56 63 9 109 40 82 22 108 54 87 7 110 38 83 30 81 126 80 14 101 46 90 18 100 50 91 3 102 34 89 26 111 58 88 11 98 42 93 19 103 51 92 4 99 35 61 27 97 59 62 12 117 43 74 15 116 47 75 0 118 31 73 23 119 55 95 8 114 39 77 21 115 53 72 6 113 37 76 29 78 125 94 13 122 45 69 17 123 49 68 2 121 33 70 25 96 57 79 10 124 41 66 20 112 52 71 5 120 36 67 28 65 60 64
13 106 45 85 17 107 49 84 1 105 33 86 25 104 57 63 9 109 41 82 23 108 55 87 7 110 39 83 31 81 126 80 15 101 47 90 19 100 51 91 3 102 35 89 27 111 59 88 11 98 43 93 20 103 52 92 4 99 36 94 28 97 60 62 12 117 44 74 16 116 48 75 0 118 32 73 24 119 56 95 8 114 40 77 22 115 54 72 6 113 38 76 30 78 125 79 14 122 46 69 18 123 50 68 2 121 34 70 26 96 58 71 10 124 42 66 21 112 53 67 5 120 37 65 29 64 61
85 13 106 45 84 17 107 49 86 1 105 33 63 25 104 57 82 9 109 41 87 23 108 55 83 7 110 39 81 31 80 126 90 15 101 47 91 19 100 51 89 3 102 35 88 27 111 59 93 11 98 43 92 20 103 52 61 4 99 36 62 28 97 60 74 12 117 44 75 16 116 48 73 0 118 32 95 24 119 56 77 8 114 40 72 22 115 54 76 6 113 38 78 30 94 125 69 14 122 46 68 18 123 50 70 2 121 34 79 26 96 58 66 10 124 42 71 21 112 53 67 5 120 37 65 29 64
61 85 13 106 45 84 17 107 49 86 1 105 33 87 25 108 57 82 9 109 41 83 23 110 55 81 7 111 39 63 31 88 126 80 15 104 47 90 19 101 51 91 3 100 35 89 27 102 59 93 11 98 43 92 20 103 52 94 4 99 36 95 28 97 60 74 12 117 44 75 16 116 48 73 0 118 32 72 24 119 56 77 8 114 40 76 22 115 54 78 6 113 38 79 30 71 62 69 14 122 46 68 18 123 50 70 2 121 34 96 26 112 58 66 10 125 42 67 21 120 53 65 5 124 37 64 29
85 60 84 13 106 44 86 17 107 48 83 1 105 32 87 25 109 56 82 9 104 40 88 23 108 54 81 7 110 38 63 30 80 126 90 15 101 46 91 19 100 50 89 3 102 34 79 27 98 58 93 11 111 42 92 20 103 51 61 4 99 35 62 28 74 59 75 12 117 43 73 16 116 47 76 0 118 31 72 24 114 55 77 8 115 39 71 22 113 53 95 6 97 37 94 29 96 125 69 14 122 45 68 18 119 49 70 2 121 33 78 26 123 57 66 10 112 41 67 21 124 52 65 5 120 36 64
29 85 61 84 13 106 45 86 17 107 49 83 1 105 33 87 25 109 57 82 9 104 41 88 23 108 55 81 7 110 39 63 31 80 126 90 15 101 47 91 19 100 51 89 3 102 35 79 27 98 59 93 11 103 43 92 20 99 52 94 4 97 36 62 28 117 60 74 12 116 44 75 16 118 48 73 0 111 32 72 24 114 56 77 8 115 40 76 22 113 54 78 6 96 38 95 30 71 125 69 14 122 46 68 18 119 50 70 2 121 34 67 26 123 58 66 10 112 42 65 21 124 53 64 5 120 37
85 29 84 60 86 13 106 44 83 17 107 48 87 1 105 33 82 25 109 56 88 9 104 40 81 23 108 54 63 7 110 38 80 31 90 126 91 15 101 46 89 19 100 50 79 3 102 35 93 27 98 58 92 11 103 42 61 20 99 51 62 4 97 36 74 28 117 59 75 12 116 43 73 16 118 47 72 0 111 32 77 24 114 55 76 8 115 39 95 22 113 53 94 6 96 37 71 30 69 125 68 14 122 45 70 18 119 49 78 2 121 34 66 26 123 57 67 10 112 41 65 21 124 52 64 5 120
37 85 29 84 61 86 13 106 45 83 17 107 49 87 1 105 33 82 25 109 57 88 9 104 41 81 23 108 55 63 7 110 39 80 31 91 126 90 15 101 47 89 19 100 51 79 3 102 35 93 27 98 59 92 11 111 43 94 20 103 52 95 4 99 36 74 28 117 60 75 12 116 44 73 16 118 48 72 0 119 32 77 24 114 56 76 8 115 40 78 22 113 54 97 6 112 38 69 30 68 62 70 14 122 46 67 18 123 50 71 2 121 34 66 26 125 58 96 10 120 42 65 21 124 53 64 5
106 36 85 28 84 60 86 12 107 44 83 16 105 48 87 1 109 32 82 24 104 56 88 8 108 40 81 22 110 54 63 6 101 38 80 30 90 126 91 14 100 46 89 18 102 50 79 3 98 34 93 26 103 58 92 10 99 42 61 19 97 51 62 4 117 35 74 27 116 59 75 11 118 43 73 15 111 47 72 0 114 31 77 23 115 55 76 7 113 39 95 21 96 53 94 5 122 37 71 29 69 125 68 13 119 45 70 17 121 49 78 2 123 33 66 25 112 57 67 9 124 41 65 20 120 52 64
5 106 37 85 29 84 61 86 13 107 45 83 17 105 49 87 1 109 33 82 25 104 57 88 9 108 41 81 23 110 55 63 7 101 39 80 31 90 126 91 15 100 47 89 19 102 51 79 3 98 35 93 27 103 59 92 11 99 43 94 20 97 52 62 4 117 36 74 28 116 60 75 12 118 44 73 16 111 48 72 0 114 32 77 24 115 56 76 8 113 40 78 22 96 54 95 6 122 38 71 30 69 125 68 14 119 46 70 18 121 50 67 2 123 34 66 26 112 58 65 10 124 42 64 21 120 53
85 5 106 37 84 29 86 60 83 13 107 45 87 17 105 49 82 1 109 33 88 25 104 56 81 9 108 41 63 23 110 54 80 7 101 39 90 31 91 126 89 15 100 47 79 19 102 51 93 3 98 35 92 27 103 58 61 11 99 43 62 20 97 52 74 4 117 36 75 28 116 59 73 12 118 44 72 16 111 48 77 0 114 32 76 24 115 55 95 8 113 40 94 22 96 53 71 6 122 38 69 30 68 125 70 14 119 46 78 18 121 50 66 2 123 34 67 26 112 57 65 10 124 42 64 21 120
53 85 5 106 37 84 29 86 61 83 13 107 45 87 17 105 49 82 1 109 33 88 25 104 57 81 9 108 41 63 23 110 55 90 7 100 39 80 31 89 126 91 15 101 47 79 19 102 51 93 3 98 35 92 27 111 59 94 11 103 43 95 20 99 52 74 4 117 36 75 28 116 60 73 12 118 44 72 16 119 48 77 0 114 32 76 24 115 56 78 8 113 40 97 22 112 54 69 6 122 38 68 30 70 62 67 14 123 46 71 18 121 50 66 2 125 34 96 26 120 58 65 10 124 42 64 21
106 52 85 5 107 36 84 28 86 60 87 13 105 44 83 17 109 48 82 1 104 32 88 24 108 56 81 9 110 40 63 22 101 54 90 7 100 38 80 30 91 126 89 15 102 46 79 19 98 50 93 3 111 34 92 26 103 58 61 11 99 42 62 20 117 51 74 4 116 35 75 27 73 59 72 12 118 43 76 16 114 47 77 0 115 31 71 23 113 55 95 8 97 39 94 21 122 53 69 6 119 37 96 29 68 125 70 14 121 45 78 18 123 49 66 2 112 33 67 25 124 57 65 10 120 41 64
21 106 53 85 5 107 37 84 29 86 61 87 13 105 45 83 17 109 49 82 1 104 33 88 25 108 57 81 9 110 41 63 23 101 55 90 7 100 39 80 31 91 126 89 15 102 47 79 19 98 51 93 3 103 35 92 27 99 59 94 11 97 43 62 20 117 52 74 4 116 36 75 28 118 60 73 12 111 44 72 16 114 48 77 0 115 32 76 24 113 56 78 8 96 40 95 22 122 54 69 6 119 38 71 30 68 125 70 14 121 46 67 18 123 50 66 2 112 34 65 26 124 58 64 10 120 42
85 21 106 52 84 5 107 37 86 29 87 60 83 13 105 44 82 17 109 48 88 1 104 33 81 25 108 56 63 9 110 41 90 23 101 54 80 7 100 39 91 31 89 126 79 15 102 46 93 19 98 50 92 3 103 35 61 27 99 58 62 11 97 42 74 20 117 51 75 4 116 36 73 28 118 59 72 12 111 43 77 16 114 47 76 0 115 32 95 24 113 55 94 8 96 40 69 22 122 53 71 6 119 38 68 30 70 125 78 14 121 45 66 18 123 49 67 2 112 34 65 26 124 57 64 10 120
42 85 21 106 53 84 5 107 37 86 29 87 61 83 13 105 45 82 17 109 49 88 1 104 33 81 25 108 57 63 9 110 41 90 23 101 55 80 7 100 39 91 31 79 126 89 15 102 47 93 19 98 51 92 3 111 35 94 27 103 59 95 11 99 43 74 20 117 52 75 4 116 36 73 28 118 60 72 12 119 44 77 16 114 48 76 0 115 32 78 24 113 56 97 8 112 40 69 22 122 54 68 6 123 38 70 30 71 62 67 14 121 46 66 18 125 50 96 2 120 34 65 26 124 58 64 10
106 41 85 20 107 52 84 5 105 36 86 28 87 60 83 12 109 44 82 16 104 48 88 1 108 32 81 24 110 56 63 9 101 40 90 22 100 54 80 7 102 38 91 30 89 126 79 14 98 46 93 18 111 50 92 3 103 34 61 26 99 58 62 10 117 42 74 19 116 51 75 4 118 35 73 27 72 59 76 11 114 43 77 15 115 47 71 0 113 31 95 23 97 55 94 8 122 39 69 21 119 53 96 6 121 37 68 29 70 125 78 13 123 45 66 17 112 49 67 2 124 33 65 25 120 57 64
10 106 42 85 21 107 53 84 5 105 37 86 29 87 61 83 13 109 45 82 17 104 49 88 1 108 33 81 25 110 57 63 9 101 41 90 23 100 55 80 7 102 39 91 31 89 126 79 15 98 47 93 19 103 51 92 3 99 35 94 27 97 59 62 11 117 43 74 20 116 52 75 4 118 36 73 28 111 60 72 12 114 44 77 16 115 48 76 0 113 32 78 24 96 56 95 8 122 40 69 22 119 54 71 6 121 38 68 30 70 125 67 14 123 46 66 18 112 50 65 2 124 34 64 26 120 58
85 10 106 42 84 21 107 53 86 5 105 37 87 29 83 60 82 13 109 45 88 17 104 49 81 1 108 33 63 25 110 57 90 9 101 41 80 23 100 55 91 7 102 39 89 31 79 126 93 15 98 47 92 19 103 51 61 3 99 35 62 27 97 58 74 11 117 43 75 20 116 52 73 4 118 36 72 28 111 59 77 12 114 44 76 16 115 48 95 0 113 32 94 24 96 56 69 8 122 40 71 22 119 54 68 6 121 38 70 30 78 125 66 14 123 46 67 18 112 50 65 2 124 34 64 26 120
58 85 10 106 42 84 21 107 53 86 5 105 37 87 29 83 61 82 13 109 45 88 17 104 49 81 1 108 33 63 25 110 57 90 9 101 41 91 23 102 55 89 7 111 39 80 31 92 126 79 15 100 47 93 19 98 51 94 3 103 35 95 27 99 59 74 11 117 43 75 20 116 52 73 4 118 36 72 28 119 60 77 12 114 44 76 16 115 48 78 0 113 32 97 24 112 56 69 8 122 40 68 22 123 54 70 6 121 38 71 30 67 62 66 14 125 46 96 18 120 50 65 2 124 34 64 26
106 57 85 10 107 41 84 21 105 52 86 5 104 36 87 28 82 60 83 13 109 44 81 17 108 48 88 1 110 32 63 25 101 56 90 9 100 40 91 23 102 54 89 7 111 38 80 30 79 126 93 15 98 46 92 19 103 50 61 3 99 34 62 26 117 58 74 11 116 42 75 20 118 51 73 4 115 35 72 27 77 59 76 12 114 43 95 16 113 47 71 0 97 31 94 24 122 55 69 8 119 39 68 22 121 53 96 6 112 37 78 29 67 125 66 14 123 45 70 18 124 49 65 2 120 33 64
26 106 58 85 10 107 42 84 21 105 53 86 5 104 37 87 29 82 61 83 13 109 45 81 17 108 49 88 1 110 33 63 25 101 57 90 9 100 41 91 23 102 55 89 7 103 39 80 31 79 126 93 15 98 47 92 19 99 51 94 3 97 35 62 27 117 59 74 11 116 43 75 20 118 52 73 4 111 36 72 28 114 60 77 12 115 44 76 16 113 48 78 0 96 32 95 24 122 56 69 8 119 40 68 22 121 54 70 6 112 38 71 30 67 125 66 14 123 46 65 18 124 50 64 2 120 34
85 26 106 57 84 10 107 41 86 21 105 52 87 5 104 36 82 29 83 60 81 13 109 44 88 17 108 48 63 1 110 33 90 25 101 56 91 9 100 40 89 23 102 54 80 7 103 38 79 31 93 126 92 15 98 46 61 19 99 50 62 3 97 34 74 27 117 58 75 11 116 42 73 20 118 51 72 4 111 35 77 28 114 59 76 12 115 43 95 16 113 47 94 0 96 32 69 24 122 55 68 8 119 39 71 22 121 53 78 6 112 37 67 30 66 125 70 14 123 45 65 18 124 49 64 2 120
34 85 26 106 58 84 10 107 42 86 21 105 53 87 5 104 37 82 29 83 61 81 13 109 45 88 17 108 49 63 1 110 33 90 25 101 57 91 9 100 41 89 23 102 55 80 7 111 39 79 31 92 126 93 15 98 47 94 19 103 51 95 3 99 35 74 27 117 59 75 11 116 43 73 20 118 52 72 4 119 36 77 28 114 60 76 12 115 44 78 16 113 48 97 0 112 32 69 24 122 56 68 8 123 40 70 22 121 54 71 6 120 38 66 30 67 62 65 14 125 46 96 18 124 50 64 2
106 33 85 25 107 57 84 9 105 41 86 20 104 52 87 4 109 36 82 28 83 60 81 12 108 44 88 16 110 48 63 1 101 32 90 24 100 56 91 8 102 40 89 22 103 54 80 6 98 38 79 30 93 126 92 14 99 46 61 18 97 50 62 2 117 34 74 26 116 58 75 10 118 42 73 19 111 51 72 3 114 35 77 27 115 59 76 11 113 43 95 15 96 47 94 0 122 31 69 23 119 55 68 7 121 39 71 21 112 53 78 5 123 37 67 29 66 125 70 13 124 45 65 17 120 49 64
2 106 34 85 26 107 58 84 10 105 42 86 21 104 53 87 5 109 37 82 29 83 61 81 13 108 45 88 17 110 49 63 1 101 33 90 25 100 57 91 9 102 41 89 23 111 55 80 7 98 39 79 31 93 126 92 15 103 47 94 19 99 51 95 3 117 35 74 27 116 59 75 11 118 43 73 20 119 52 72 4 114 36 77 28 115 60 76 12 113 44 78 16 97 48 96 0 122 32 69 24 123 56 68 8 121 40 70 22 112 54 71 6 120 38 66 30 67 62 65 14 125 46 64 18 124 50
85 2 106 34 84 26 107 57 86 10 105 42 87 21 104 52 82 5 109 37 83 29 81 60 88 13 108 45 63 17 110 49 90 1 101 33 91 25 100 56 89 9 102 41 80 23 103 54 79 7 98 39 93 31 92 126 61 15 99 47 62 19 97 50 74 3 117 35 75 27 116 58 73 11 118 43 72 20 111 51 77 4 114 36 76 28 115 59 95 12 113 44 94 16 96 48 69 0 122 32 68 24 119 55 71 8 121 40 78 22 112 53 67 6 123 38 66 30 70 125 65 14 124 46 64 18 120
50 85 2 106 34 84 26 107 58 86 10 105 42 87 21 104 53 82 5 109 37 83 29 81 61 88 13 108 45 63 17 110 49 90 1 101 33 91 25 100 57 89 9 102 41 80 23 111 55 93 7 103 39 79 31 94 126 92 15 98 47 95 19 99 51 74 3 117 35 75 27 116 59 73 11 118 43 72 20 119 52 77 4 114 36 76 28 115 60 78 12 113 44 97 16 112 48 69 0 122 32 68 24 123 56 70 8 121 40 71 22 120 54 66 6 125 38 67 30 65 62 96 14 124 46 64 18
106 49 85 2 107 33 84 25 105 57 86 10 104 41 87 20 109 52 82 5 108 36 83 28 81 60 63 13 110 44 88 17 101 48 90 1 100 32 91 24 102 56 89 9 111 40 80 22 98 54 93 7 103 38 79 30 92 126 61 15 99 46 62 18 117 50 74 3 116 34 75 26 118 58 73 11 115 42 72 19 114 51 77 4 113 35 76 27 95 59 94 12 97 43 71 16 122 47 69 0 119 31 68 23 121 55 96 8 112 39 78 21 123 53 67 6 120 37 70 29 65 125 66 14 124 45 64
18 106 50 85 2 107 34 84 26 105 58 86 10 104 42 87 21 109 53 82 5 108 37 83 29 81 61 63 13 110 45 88 17 101 49 90 1 100 33 91 25 102 57 89 9 103 41 80 23 98 55 93 7 99 39 79 31 92 126 94 15 97 47 62 19 117 51 74 3 116 35 75 27 118 59 73 11 111 43 72 20 114 52 77 4 115 36 76 28 113 60 78 12 96 44 95 16 122 48 69 0 119 32 68 24 121 56 70 8 112 40 71 22 123 54 66 6 120 38 67 30 65 125 64 14 124 46
85 18 106 49 84 2 107 34 86 26 105 57 87 10 104 42 82 21 109 52 83 5 108 37 81 29 63 60 88 13 110 45 90 17 101 48 91 1 100 33 89 25 102 56 80 9 103 41 93 23 98 54 79 7 99 39 92 31 61 126 62 15 97 46 74 19 117 50 75 3 116 35 73 27 118 58 72 11 111 43 77 20 114 51 76 4 115 36 95 28 113 59 94 12 96 44 69 16 122 47 68 0 119 32 71 24 121 55 78 8 112 40 67 22 123 53 70 6 120 38 65 30 66 125 64 14 124
46 85 18 106 50 84 2 107 34 86 26 105 58 87 10 104 42 82 21 109 53 83 5 108 37 81 29 63 61 88 13 110 45 90 17 101 49 91 1 100 33 89 25 102 57 80 9 111 41 93 23 98 55 79 7 103 39 92 31 95 126 94 15 99 47 74 19 117 51 75 3 116 35 73 27 118 59 72 11 119 43 77 20 114 52 76 4 115 36 78 28 113 60 97 12 112 44 69 16 122 48 68 0 123 32 70 24 121 56 71 8 120 40 66 22 125 54 67 6 124 38 65 30 64 62 96 14
106 45 85 17 107 49 84 2 105 33 86 25 104 57 87 10 109 41 82 20 108 52 83 5 110 36 81 28 63 60 88 13 101 44 90 16 100 48 91 1 102 32 89 24 103 56 80 9 98 40 93 22 99 54 79 7 97 38 92 30 61 126 62 14 117 46 74 18 116 50 75 3 118 34 73 26 111 58 72 11 114 42 77 19 115 51 76 4 113 35 95 27 96 59 94 12 122 43 69 15 119 47 68 0 121 31 71 23 112 55 78 8 123 39 67 21 120 53 70 6 124 37 66 29 65 125 64
14 106 46 85 18 107 50 84 2 105 34 86 26 104 58 87 10 109 42 82 21 108 53 83 5 110 37 81 29 63 61 88 13 101 45 90 17 100 49 91 1 102 33 89 25 103 57 80 9 98 41 93 23 99 55 79 7 97 39 92 31 94 126 62 15 117 47 74 19 116 51 75 3 118 35 73 27 111 59 72 11 114 43 77 20 115 52 76 4 113 36 78 28 96 60 95 12 122 44 69 16 119 48 68 0 121 32 70 24 112 56 71 8 123 40 66 22 120 54 67 6 124 38 65 30 64 125
85 14 106 46 84 18 107 50 86 2 105 34 87 26 104 58 82 10 109 42 83 21 108 53 81 5 110 37 63 29 88 61 90 13 101 45 91 17 100 49 89 1 102 33 80 25 111 57 93 9 98 41 79 23 103 55 92 7 99 39 94 31 62 126 74 15 117 47 75 19 116 51 73 3 118 35 72 27 119 59 77 11 114 43 76 20 115 52 78 4 113 36 95 28 97 60 69 12 122 44 68 16 123 48 70 0 121 32 96 24 112 56 66 8 125 40 71 22 120 54 67 6 124 38 65 30 64
125 63 14 104 46 85 18 106 50 86 2 107 34 87 26 105 58 82 10 109 42 83 21 108 53 81 5 110 37 80 29 84 61 90 13 101 45 91 17 100 49 89 1 102 33 88 25 103 57 93 9 98 41 92 23 99 55 94 7 97 39 62 31 79 126 95 15 111 47 74 19 117 51 75 3 116 35 73 27 118 59 77 11 114 43 72 20 119 52 76 4 115 36 78 28 113 60 69 12 122 44 68 16 123 48 70 0 121 32 71 24 96 56 66 8 124 40 67 22 112 54 65 6 120 38 64 30
85 61 84 14 106 45 86 18 107 49 83 2 105 33 87 26 109 57 82 10 104 41 88 21 108 52 81 5 111 36 80 29 90 60 91 13 101 44 89 17 100 48 92 1 110 32 78 25 102 56 93 9 103 40 79 23 99 54 63 7 98 38 62 30 95 126 74 15 117 46 75 19 116 50 73 3 118 34 72 27 114 58 77 11 119 42 76 20 115 51 96 4 113 35 94 28 69 59 68 12 122 43 70 16 121 47 67 0 112 31 97 24 123 55 66 8 120 39 71 22 125 53 65 6 124 37 64
30 63 125 85 14 106 46 84 18 107 50 86 2 105 34 87 26 109 58 82 10 104 42 83 21 108 53 81 5 110 37 80 29 90 61 91 13 101 45 89 17 100 49 92 1 102 33 88 25 98 57 93 9 103 41 79 23 99 55 94 7 97 39 62 31 95 126 74 15 117 47 75 19 116 51 73 3 118 35 72 27 114 59 77 11 111 43 76 20 115 52 78 4 113 36 71 28 122 60 69 12 119 44 68 16 121 48 70 0 96 32 67 24 123 56 66 8 112 40 65 22 124 54 64 6 120 38
63 30 85 125 84 14 106 45 86 18 107 49 87 2 105 34 82 26 109 57 83 10 104 41 81 21 108 52 80 5 110 37 90 29 91 60 89 13 101 44 92 17 100 48 88 1 102 33 93 25 98 56 79 9 103 40 61 23 99 54 62 7 97 38 95 31 74 126 75 15 117 46 73 19 116 50 72 3 118 35 77 27 114 58 76 11 111 42 78 20 115 51 94 4 113 36 69 28 122 59 68 12 119 43 70 16 121 47 71 0 96 32 66 24 123 55 67 8 112 39 65 22 124 53 64 6 120
38 63 30 84 125 85 14 106 46 86 18 107 50 87 2 105 34 82 26 109 58 83 10 104 42 81 21 108 53 80 5 110 37 90 29 91 61 89 13 101 45 92 17 100 49 88 1 102 33 93 25 98 57 79 9 111 41 94 23 103 55 62 7 99 39 95 31 75 126 74 15 117 47 73 19 116 51 72 3 118 35 77 27 114 59 76 11 119 43 78 20 115 52 96 4 113 36 69 28 122 60 68 12 123 44 70 16 121 48 71 0 97 32 66 24 124 56 67 8 112 40 65 22 120 54 64 6
106 37 85 29 84 61 86 13 107 45 83 17 105 49 87 2 109 33 82 25 104 57 88 9 108 41 81 20 103 52 80 5 101 36 90 28 91 60 89 12 100 44 92 16 110 48 78 1 102 32 93 24 99 56 79 8 97 40 63 22 98 54 62 6 117 38 95 30 74 126 75 14 116 46 73 18 118 50 72 3 114 34 77 26 111 58 76 10 115 42 96 19 113 51 94 4 122 35 69 27 119 59 68 11 121 43 70 15 112 47 71 0 123 31 66 23 120 55 67 7 125 39 65 21 124 53 64
6 106 38 63 30 85 125 84 14 107 46 86 18 105 50 87 2 109 34 82 26 104 58 83 10 108 42 81 21 110 53 80 5 101 37 90 29 91 61 89 13 100 45 92 17 102 49 88 1 98 33 93 25 103 57 79 9 99 41 94 23 97 55 62 7 117 39 95 31 74 126 75 15 116 47 73 19 118 51 72 3 114 35 77 27 111 59 76 11 115 43 78 20 113 52 71 4 122 36 69 28 119 60 68 12 121 44 70 16 96 48 67 0 123 32 66 24 112 56 65 8 124 40 64 22 120 54
63 6 106 38 85 30 84 125 86 14 107 46 87 18 105 50 82 2 109 34 83 26 104 57 81 10 108 42 80 21 110 53 90 5 101 37 91 29 89 60 92 13 100 45 88 17 102 49 93 1 98 33 79 25 103 56 61 9 99 41 62 23 97 54 95 7 117 39 74 31 75 126 73 15 116 47 72 19 118 51 77 3 114 35 76 27 111 58 78 11 115 43 94 20 113 52 69 4 122 36 68 28 119 59 70 12 121 44 71 16 96 48 66 0 123 32 67 24 112 55 65 8 124 40 64 22 120
54 85 6 107 38 63 30 86 125 84 14 106 46 87 18 105 50 82 2 109 34 83 26 104 58 81 10 108 42 80 21 110 53 90 5 101 37 91 29 89 61 92 13 100 45 88 17 102 49 93 1 98 33 79 25 111 57 94 9 103 41 62 23 99 55 74 7 116 39 95 31 73 126 75 15 117 47 72 19 118 51 77 3 114 35 76 27 119 59 78 11 115 43 96 20 113 52 69 4 122 36 68 28 123 60 70 12 121 44 71 16 97 48 66 0 124 32 67 24 112 56 65 8 120 40 64 22
106 53 85 6 107 37 84 29 86 61 87 14 105 45 83 18 109 49 82 2 104 33 88 25 108 57 81 10 111 41 80 21 101 52 90 5 100 36 91 28 89 60 78 13 110 44 92 17 102 48 93 1 103 32 79 24 99 56 63 9 98 40 62 22 117 54 74 7 116 38 95 30 75 126 73 15 118 46 72 19 114 50 77 3 119 34 76 26 115 58 96 11 113 42 94 20 122 51 69 4 121 35 68 27 70 59 97 12 112 43 67 16 123 47 66 0 120 31 71 23 125 55 65 8 124 39 64
22 106 54 85 6 107 38 63 30 84 125 86 14 105 46 87 18 109 50 82 2 104 34 83 26 108 58 81 10 110 42 80 21 101 53 90 5 100 37 91 29 89 61 88 13 102 45 92 17 98 49 93 1 103 33 79 25 99 57 94 9 97 41 62 23 117 55 74 7 116 39 95 31 75 126 73 15 118 47 72 19 114 51 77 3 111 35 76 27 115 59 78 11 113 43 71 20 122 52 69 4 119 36 68 28 121 60 70 12 96 44 67 16 123 48 66 0 112 32 65 24 124 56 64 8 120 40
85 22 106 53 63 6 107 38 84 30 86 125 87 14 105 45 82 18 109 49 83 2 104 34 81 26 108 57 80 10 110 41 90 21 101 52 91 5 100 37 89 29 88 60 92 13 102 44 93 17 98 48 79 1 103 33 61 25 99 56 62 9 97 40 74 23 117 54 95 7 116 39 75 31 73 126 72 15 118 46 77 19 114 50 76 3 111 35 78 27 115 58 94 11 113 42 69 20 122 51 68 4 119 36 70 28 121 59 71 12 96 43 66 16 123 47 67 0 112 32 65 24 124 55 64 8 120
40 85 22 106 54 63 6 107 38 84 30 87 125 86 14 105 46 82 18 109 50 83 2 104 34 81 26 108 58 80 10 110 42 90 21 101 53 91 5 100 37 89 29 88 61 92 13 102 45 93 17 98 49 79 1 111 33 94 25 103 57 62 9 99 41 74 23 117 55 95 7 116 39 75 31 72 126 73 15 118 47 77 19 114 51 76 3 119 35 78 27 115 59 96 11 113 43 69 20 122 52 68 4 123 36 70 28 121 60 71 12 97 44 66 16 124 48 67 0 112 32 65 24 120 56 64 8
106 39 85 21 107 53 84 6 105 37 86 29 87 61 83 13 109 45 82 17 104 49 88 2 108 33 81 25 103 57 80 9 101 41 90 20 100 52 91 5 110 36 89 28 78 60 92 12 102 44 93 16 99 48 79 1 97 32 63 24 98 56 62 8 117 40 74 22 116 54 95 7 118 38 75 30 73 126 72 14 114 46 77 18 111 50 76 3 115 34 96 26 113 58 94 10 122 42 69 19 119 51 68 4 121 35 70 27 112 59 71 11 123 43 66 15 120 47 67 0 125 31 65 23 124 55 64
8 106 40 85 22 107 54 63 6 105 38 84 30 86 125 87 14 109 46 82 18 104 50 83 2 108 34 81 26 110 58 80 10 101 42 90 21 100 53 91 5 102 37 89 29 88 61 92 13 98 45 93 17 103 49 79 1 99 33 94 25 97 57 62 9 117 41 74 23 116 55 95 7 118 39 75 31 73 126 72 15 114 47 77 19 111 51 76 3 115 35 78 27 113 59 71 11 122 43 69 20 119 52 68 4 121 36 70 28 96 60 67 12 123 44 66 16 112 48 65 0 124 32 64 24 120 56
85 8 106 40 63 22 107 54 84 6 105 38 86 30 87 125 82 14 109 46 83 18 104 50 81 2 108 34 80 26 110 57 90 10 101 42 91 21 100 53 89 5 102 37 88 29 92 60 93 13 98 45 79 17 103 49 61 1 99 33 62 25 97 56 74 9 117 41 95 23 116 55 75 7 118 39 73 31 72 126 77 15 114 47 76 19 111 51 78 3 115 35 94 27 113 58 69 11 122 43 68 20 119 52 70 4 121 36 71 28 96 59 66 12 123 44 67 16 112 48 65 0 124 32 64 24 120
56 85 8 106 40 84 22 105 54 86 6 104 38 63 30 83 125 87 14 107 46 82 18 109 50 81 2 108 34 80 26 110 58 90 10 101 42 91 21 100 53 89 5 102 37 88 29 92 61 93 13 98 45 79 17 111 49 94 1 103 33 62 25 99 57 74 9 117 41 75 23 118 55 73 7 119 39 95 31 76 126 72 15 116 47 77 19 114 51 78 3 115 35 96 27 113 59 69 11 122 43 68 20 123 52 70 4 121 36 71 28 97 60 66 12 124 44 67 16 112 48 65 0 120 32 64 24
106 55 85 8 107 39 84 22 105 53 86 6 104 37 87 29 82 61 83 14 109 45 81 18 108 49 88 2 111 33 80 25 101 57 90 10 100 41 91 21 110 52 89 5 103 36 78 28 93 60 92 13 102 44 63 17 99 48 79 1 98 32 62 24 117 56 74 9 116 40 75 23 118 54 73 7 119 38 95 30 72 126 77 15 114 46 76 19 115 50 96 3 113 34 94 26 122 58 69 11 123 42 68 20 121 51 70 4 112 35 97 27 66 59 71 12 120 43 65 16 125 47 67 0 124 31 64
24 106 56 85 8 107 40 84 22 105 54 86 6 104 38 63 30 87 125 82 14 109 46 83 18 108 50 81 2 110 34 80 26 101 58 90 10 100 42 91 21 102 53 89 5 103 37 88 29 93 61 92 13 98 45 94 17 99 49 79 1 97 33 62 25 117 57 74 9 116 41 75 23 118 55 73 7 111 39 95 31 72 126 77 15 114 47 76 19 115 51 78 3 113 35 71 27 122 59 69 11 119 43 68 20 121 52 70 4 96 36 67 28 123 60 66 12 112 44 65 16 124 48 64 0 120 32
