72 45 99 -89 62 -79 -22 42 -85 12
12 -51 -80 -90 59 52 -38 72 -20 79
-13 -14 2 -70 -55 27 -91 41 -65 -62
-83 78 -10 -83 12 10 -46 71 47 54
63 -37 87 47 97 26 47 -81 -28 43
80 -13 68 -6 3 -36 98 -45 -34 6
71 -53 29 -53 66 -69 -88 -8 -5 62
-88 54 -59 -50 75 -32 -54 84 0 82
-53 3 -83 53 -21 -9 -68 5 58 93
-28 -57 -90 -62 23 61 96 14 58 3
89 -84 -64 21 23 65 81 24 72 -27
-23 -9 85 81 59 -23 7 42 2 -93
58 73 0 -73 -63 86 4 -56 35 84
-34 -24 13 -97 -47 86 99 -62 -9 18
-78 -50 89 -29 40 7 -32 80 12 21
24 -14 30 -49 -49 -99 32 3 95 -82
-36 17 -76 -93 23 76 67 -47 -3 -63
52 29 56 4 -39 -69 29 26 -60 -42
31 -16 -18 79 -9 -88 -67 33 66 -91
39 37 8 46 -33 53 -23 -67 55 -78
-57 -62 -99 69 19 -50 60 -40 -69 -97
-68 -14 26 92 -2 -44 -20 -54 25 14
-59 -26 -41 94 61 -92 13 64 26 -27
-26 13 -62 10 -1 44 14 -30 94 84
8 -69 95 21 0 -5 -41 -44 -36 26
27 6 -87 33 3 -52 35 44 85 63
-45 22 -88 0 -81 30 -29 -41 66 -54
52 15 45 -31 -58 77 -94 43 -77 -63
-18 55 99 -62 2 72 80 8 86 -14
-12 -46 -18 -57 99 58 75 92 -62 -41
-63 -44 -80 40 53 16 -86 -31 0 5
-2 3 -86 40 72 5 -69 -37 39 -75
-75 -73 72 3 91 -33 -90 91 17 -67
-79 78 -9 29 -7 -98 46 -31 36 -80
29 46 -34 -1 50 -79 -2 -73 28 47
-53 -57 93 41 -79 88 59 50 41 22
33 -29 93 47 -46 85 81 -27 -65 53
38 -45 -37 1 50 80 26 -54 48 66
-15 7 -2 -77 32 23 -92 27 27 62
-81 -74 20 -16 -34 39 -21 -99 -99 16
73 58 66 -44 -50 -94 94 43 -37 -15
21 -28 -10 -80 -55 -30 -74 19 -56 69
43 -6 69 1 -96 -97 -17 -19 -22 -71
15 -95 27 2 33 0 -67 51 -83 26
-40 -26 86 -67 9 -69 39 -95 48 88
-59 66 -28 26 7 49 -80 -95 -35 94
-77 72 59 -56 1 21 -7 20 86 -33
31 89 -66 61 -42 20 -60 -23 -1 -63
-71 -78 16 -91 -93 -79 98 -17 -49 -10
93 -29 36 -96 -66 62 95 18 -29 47
0 72 -30 -20 14 18 -57 -1 56 59
52 64 0 28 46 0 -96 56 84 -50
6 -13 30 -34 -94 -45 43 -97 17 -85
22 78 83 95 34 75 -38 -18 -65 66
69 -8 -55 -60 -1 -70 81 64 -58 50
-57 81 -31 -13 -18 36 64 31 0 -72
56 -48 86 -49 -89 33 -14 81 91 -76
71 -10 -12 95 -13 -96 76 40 74 -10
-86 -52 -21 -92 16 73 -81 98 -98 -40
31 55 -88 81 31 -4 10 -78 -30 40
-72 -71 -46 72 26 -58 -1 93 -96 19
-51 -58 69 76 -58 -57 -53 -59 -93 -98
7 -70 -81 -32 56 82 -60 -81 28 -14
-41 11 -95 -69 97 86 -21 68 75 -54
-34 -15 59 -40 -95 -88 74 61 71 11
-89 63 70 -58 98 -22 62 -35 70 -98
0 32 95 -17 96 -19 14 12 38 -58
-13 -18 23 -42 71 -84 -80 46 -97 53
-17 -2 -47 -89 43 -37 0 53 -2 53
52 -47 -54 -85 97 86 48 -40 97 84
88 -9 35 -40 -82 -16 -1 46 -92 45
-79 23 2 50 -66 -33 7 -5 -31 -57
71 -2 -20 68 77 -72 -48 -36 -90 18
89 -59 -76 -57 -93 -95 69 -82 -17 94
-63 -7 58 90 -76 -51 84 42 85 -91
58 -97 39 12 -66 -67 -90 -88 53 19
23 -42 -98 -58 -37 -73 73 45 -45 -77
-82 46 -79 -15 45 -65 -56 -65 -75 -17
88 -71 79 60 63 16 7 -76 -7 42
-44 -19 99 74 88 -2 85 -22 36 -6
34 19 30 -21 -63 -99 37 8 -47 51
44 -73 -75 -85 -81 -91 41 79 -61 28
-25 92 -79 44 -66 -15 97 -60 -74 12
34 3 -50 -66 24 -70 -28 -1 39 29
-46 -38 -80 -43 91 -41 0 -27 -50 77
-13 -47 90 73 52 -2 -90 -36 -29 54
-6 -78 -16 67 -81 25 31 -78 -3 7
-12 -57 -31 18 -86 99 19 -71 23 -89
-97 -26 -71 -60 48 45 -18 -9 65 2
68 79 6 -71 -73 30 -79 96 41 -95
-20 -96 54 -93 61 45 18 46 -80 -24
80 -44 -4 -29 -93 77 54 -68 -46 90
-82 -18 34 84 63 -25 -57 -97 96 82
-72 49 -40 13 -96 -54 37 -36 -30 63
-64 33 -8 59 -14 -5 -88 94 -20 -77
99 24 -97 -70 5 -27 8 76 -23 43
32 -45 -68 -54 -76 67 -87 40 -8 -51
-82 -48 62 67 37 60 -21 86 -1 77
-77 62 47 60 -62 43 -46 -39 31 98
-87 -53 -12 -2 24 99 30 60 62 31
