84 93 -83 68 94 -2 -84 5 73 -72
-100 -53 -21 -53 -29 -50 76 -74 23 -47
43 29 -70 31 27 -37 -53 -29 -96 5
-31 -41 47 -59 98 -44 -27 -92 53 -65
11 -29 29 -22 11 83 55 -54 98 34
7 41 42 15 49 20 58 -12 8 7
-90 -65 -87 -35 -89 9 32 8 -37 47
-89 -19 2 14 99 0 -21 75 75 -21
54 -37 -74 -11 -33 85 26 -18 1 27
91 -56 -16 1 49 -49 -37 24 -49 -18
29 1 -8 -70 -40 -61 -99 15 0 97
-57 15 -83 21 -15 -70 30 -57 76 59
-32 26 -24 -28 88 41 -21 -95 18 4
13 79 -1 52 -90 -83 65 -74 30 -92
-2 3 -62 86 -95 -68 53 29 24 -27
-77 -24 18 -4 97 68 -32 62 1 -49
-61 18 -89 -94 -9 -3 -96 -46 59 -33
-9 -48 53 92 -62 -27 -84 14 -44 58
94 -55 -33 77 69 -55 2 55 -1 98
5 23 -44 86 -61 -71 46 36 38 90
-1 32 -67 54 74 82 -68 -48 -18 -90
0 -41 12 -6 -35 -4 2 80 25 18
-74 49 88 15 -74 -1 41 46 50 96
-17 -6 45 -29 58 75 49 91 -51 64
-44 69 2 -72 -74 29 -27 -27 -2 65
-26 -42 -61 -24 20 -11 28 -81 -8 -73
82 -14 -2 0 -73 27 -42 98 -77 -43
11 -57 0 -91 80 -77 -33 53 -28 -8
44 93 -96 -70 33 -99 56 34 -60 53
-49 27 -53 41 62 -67 -19 -87 36 -49
-29 8 78 31 8 -25 -41 -22 21 30
-37 73 -80 22 29 31 90 91 4 74
-10 -79 22 -21 -24 -9 -75 51 56 -74
18 -55 30 30 -25 7 -70 -79 45 80
1 -48 9 76 6 53 -53 76 -28 61
-19 -55 -72 -17 -81 -21 29 16 -8 64
92 -90 99 86 -95 70 59 30 -26 63
64 97 -61 28 31 -84 72 -37 61 -55
-15 24 24 80 21 26 96 -9 15 -3
20 76 -1 70 -40 -73 73 -60 -63 39
-37 -10 -16 -25 98 39 -93 -41 -10 -16
53 44 82 -45 42 81 90 72 -11 -84
51 35 -61 -62 68 58 46 -39 -51 66
-85 -93 18 23 60 36 -75 -46 -19 -31
-68 77 -26 20 26 35 44 -33 77 73
-99 -50 -19 76 -88 -44 46 35 89 -63
78 0 -81 78 66 -56 -54 -43 43 65
-88 -98 -36 -75 30 62 -67 79 -97 -58
-49 74 19 44 1 43 51 -19 97 -91
-39 -60 -13 91 -32 -21 -10 28 -49 16
58 45 73 -33 3 -60 84 0 -80 -99
48 -18 -46 -98 83 -70 89 36 -38 17
60 -99 -43 -74 -95 -95 52 -89 32 3
75 -19 79 -25 47 28 -98 -17 24 11
68 -49 46 -48 4 -96 90 22 -77 54
-86 71 21 -78 5 84 77 56 -15 -78
-2 83 -32 32 47 -69 -46 -22 82 97
-99 -79 -25 76 -49 -26 80 -28 -28 -11
30 -26 32 -12 -45 21 20 -75 5 -12
-22 -53 -25 60 67 -18 -93 -72 0 -87
-19 -49 -82 -89 22 -14 71 46 -95 -86
-64 20 -22 -10 -3 58 23 5 -67 -14
38 -9 39 25 -43 -93 82 -68 78 26
82 98 -49 -76 -33 66 -85 -58 81 88
65 75 12 -58 -58 -88 -90 -61 -34 92
-55 32 -85 8 -35 74 32 -68 -2 99
96 -59 -6 96 -29 18 -53 -94 -30 -14
74 -14 76 -18 -87 20 -17 1 -32 -84
-45 42 -34 -77 -26 7 -12 -63 47 66
79 -15 11 44 -12 -28 -31 -12 83 -77
-99 76 -57 -7 83 -48 -33 -26 -35 -48
44 17 70 -94 25 23 27 33 -84 22
-15 -42 -29 9 92 -98 -49 -35 -5 21
83 61 59 96 -1 38 -74 31 -36 8
-56 39 6 -63 -51 -82 -28 -17 24 -98
-45 6 47 -78 -25 0 -25 38 -5 44
4 2 89 -16 40 -44 3 19 98 64
-9 10 -21 85 30 -24 79 61 73 -49
45 -79 -83 12 -5 -99 3 63 76 88
-4 -24 -76 58 84 78 -19 -82 -57 82
76 -65 84 -17 76 41 2 65 -57 -63
-30 -71 41 -74 -92 -53 -79 -22 51 38
72 -65 -10 51 66 61 62 34 -75 27
5 2 91 -18 -35 -81 -70 -18 -6 90
-89 -75 60 57 36 -13 74 28 -80 56
14 -40 -14 14 46 -79 -97 -49 -34 -25
-89 90 -33 67 17 -77 54 92 -27 17
23 -51 -8 -70 86 -60 2 -3 -92 -98
-28 21 8 82 96 16 -31 74 -29 -5
21 25 -77 53 81 92 -20 -76 -5 4
-42 74 -43 0 -46 71 21 -62 62 -8
1 80 89 59 -14 91 -77 -83 5 -70
-38 76 -17 49 82 -98 91 -96 49 67
33 91 -60 52 16 -38 60 -39 16 11
-92 56 49 -95 -48 -8 -78 -64 -8 -77
-47 87 -26 -18 -11 -26 19 -55 16 6
38 -95 91 -91 50 9 89 -15 82 -32
-23 80 45 20 88 -33 -76 72 -27 5
-12 57 96 97 -77 25 35 45 99 -54
31 13 56 67 2 -33 62 -4 -42 19
