-12 -40 87 -40 -62 -40 37 -40 -35 -40
64 -40 -85 -40 14 -40 -10 -40 89 -40
-60 -40 39 -40 -48 -40 51 -40 -98 -40
1 -40 -23 -40 76 -40 -73 -40 26 -40
-29 -40 70 -40 -79 -40 20 -40 -4 -40
95 -40 -54 -40 45 -40 -42 -40 57 -40
-92 -40 7 -40 -17 -40 82 -40 -67 -40
32 -40 -32 -40 67 -40 -82 -40 17 -40
-7 -40 92 -40 -57 -40 42 -40 -45 -40
54 -40 -95 -40 4 -40 -20 -40 79 -40
-70 -40 29 -40 -26 -40 73 -40 -76 -40
23 -40 -1 -40 98 -40 -51 -40 48 -40
-39 -40 60 -40 -89 -40 10 -40 -14 -40
85 -40 -64 -40 35 -40 -35 -40 64 -40
-85 -40 14 -40 -10 -40 89 -40 -60 -40
39 -40 -48 -40 51 -40 -98 -40 1 -40
-23 -40 76 -40 -73 -40 26 -40 -29 -40
70 -40 -79 -40 20 -40 -4 -40 95 -40
-54 -40 45 -40 -42 -40 57 -40 -92 -40
7 -40 -17 -40 82 -40 -67 -40 32 -40
-32 -40 67 -40 -82 -40 17 -40 -7 -40
92 -40 -57 -40 42 -40 -45 -40 54 -40
-95 -40 4 -40 -20 -40 79 -40 -70 -40
29 -40 -26 -40 73 -40 -76 -40 23 -40
-1 -40 98 -40 -51 -40 48 -40 -39 -40
60 -40 -89 -40 10 -40 -14 -40 85 -40
-64 -40 35 -40 -37 -40 62 -40 -87 -40
12 -40 -12 -40 87 -40 -62 -40 37 -40
-49 -40 50 -40 -99 -40 0 -40 -24 -40
75 -40 -74 -40 25 -40 -31 -40 68 -40
-81 -40 18 -40 -6 -40 93 -40 -56 -40
43 -40 -43 -40 56 -40 -93 -40 6 -40
-18 -40 81 -40 -68 -40 31 -40 -34 -40
65 -40 -84 -40 15 -40 -9 -40 90 -40
-59 -40 40 -40 -46 -40 53 -40 -96 -40
3 -40 -21 -40 78 -40 -71 -40 28 -40
-28 -40 71 -40 -78 -40 21 -40 -3 -40
96 -40 -53 -40 46 -40 -40 -40 59 -40
-90 -40 9 -40 -15 -40 84 -40 -65 -40
34 -40 -35 -40 64 -40 -85 -40 14 -40
-10 -40 89 -40 -60 -40 39 -40 -47 -40
52 -40 -97 -40 2 -40 -22 -40 77 -40
-72 -40 27 -40 -28 -40 71 -40 -78 -40
21 -40 -3 -40 96 -40 -53 -40 46 -40
-41 -40 58 -40 -91 -40 8 -40 -16 -40
83 -40 -66 -40 33 -40 -32 -40 67 -40
-82 -40 17 -40 -7 -40 92 -40 -57 -40
42 -40 -44 -40 55 -40 -94 -40 5 -40
-19 -40 80 -40 -69 -40 30 -40 -25 -40
74 -40 -75 -40 24 -40 0 -40 99 -40
-50 -40 49 -40 -38 -40 61 -40 -88 -40
11 -40 -13 -40 86 -40 -63 -40 36 -40
-36 -40 63 -40 -86 -40 13 -40 -11 -40
88 -40 -61 -40 38 -40 -49 -40 50 -40
-99 -40 0 -40 -24 -40 75 -40 -74 -40
25 -40 -30 -40 69 -40 -80 -40 19 -40
-5 -40 94 -40 -55 -40 44 -40 -42 -40
57 -40 -92 -40 7 -40 -17 -40 82 -40
-67 -40 32 -40 -33 -40 66 -40 -83 -40
16 -40 -8 -40 91 -40 -58 -40 41 -40
-46 -40 53 -40 -96 -40 3 -40 -21 -40
78 -40 -71 -40 28 -40 -27 -40 72 -40
-77 -40 22 -40 -2 -40 97 -40 -52 -40
47 -40 -39 -40 60 -40 -89 -40 10 -40
-14 -40 85 -40 -64 -40 35 -40 -35 -40
64 -40 -85 -40 14 -40 -10 -40 89 -40
-60 -40 39 -40 -48 -40 51 -40 -98 -40
1 -40 -23 -40 76 -40 -73 -40 26 -40
-29 -40 70 -40 -79 -40 20 -40 -4 -40
95 -40 -54 -40 45 -40 -41 -40 58 -40
-91 -40 8 -40 -16 -40 83 -40 -66 -40
33 -40 -32 -40 67 -40 -82 -40 17 -40
-7 -40 92 -40 -57 -40 42 -40 -44 -40
55 -40 -94 -40 5 -40 -19 -40 80 -40
-69 -40 30 -40 -26 -40 73 -40 -76 -40
23 -40 -1 -40 98 -40 -51 -40 48 -40
-38 -40 61 -40 -88 -40 11 -40 -13 -40
86 -40 -63 -40 36 -40 -37 -40 62 -40
-87 -40 12 -40 -12 -40 87 -40 -62 -40
37 -40 -49 -40 50 -40 -99 -40 0 -40
-24 -40 75 -40 -74 -40 25 -40 -30 -40
69 -40 -80 -40 19 -40 -5 -40 94 -40
-55 -40 44 -40 -43 -40 56 -40 -93 -40
6 -40 -18 -40 81 -40 -68 -40 31 -40
-33 -40 66 -40 -83 -40 16 -40 -8 -40
91 -40 -58 -40 41 -40 -46 -40 53 -40
-96 -40 3 -40 -21 -40 78 -40 -71 -40
28 -40 -27 -40 72 -40 -77 -40 22 -40
-2 -40 97 -40 -52 -40 47 -40 -40 -40
59 -40 -90 -40 9 -40 -15 -40 84 -40
-65 -40 34 -40 -34 -40 65 -40 -84 -40
15 -40 -9 -40 90 -40 -59 -40 40 -40
-47 -40 52 -40 -97 -40 2 -40 -22 -40
77 -40 -72 -40 27 -40 -28 -40 71 -40
-78 -40 21 -40 -3 -40 96 -40 -53 -40
46 -40 -40 -40 59 -40 -90 -40 9 -40
-15 -40 84 -40 -65 -40 34 -40 -31 -40
68 -40 -81 -40 18 -40 -6 -40 93 -40
-56 -40 43 -40 -44 -40 55 -40 -94 -40
5 -40 -19 -40 80 -40 -69 -40 30 -40
