38 -15 -16 87 -70 98 94 -2 67 84
-80 -13 -55 -21 -15 22 -89 -74 33 -67
2 86 0 11 44 -94 -60 34 75 -33
16 9 -58 -79 -99 -57 -7 -49 -62 56
-25 -19 -70 95 -10 -61 0 13 -10 -52
68 49 -30 -23 37 -35 92 -99 -98 -19
-79 83 30 37 57 58 49 0 35 2
-69 -61 -32 16 84 92 -5 -95 3 -70
-88 -94 41 17 3 29 -18 51 -71 86
49 -55 -94 -12 -4 -8 28 -96 -29 -37
-31 91 87 44 26 -48 -80 58 -65 44
-56 84 31 57 -41 -45 77 -36 64 -18
-42 27 -87 -21 -84 46 -30 55 -59 43
21 75 52 -3 12 50 -88 85 -17 -66
83 -68 -46 53 -94 47 79 2 83 57
78 -60 -71 -21 -28 16 -54 81 -32 -64
49 3 94 -71 -59 -80 -63 42 -47 -28
73 0 90 47 80 -9 42 33 84 18
-16 -19 -22 0 -46 23 30 78 81 -58
-61 -42 15 -23 -65 96 -39 5 17 -99
31 -76 12 -71 -39 3 -27 -43 -48 48
-16 16 -90 -13 10 84 -62 -96 24 -60
-60 -55 76 46 64 92 51 -63 -24 -89
-69 -10 1 41 -40 -97 -29 -46 35 -99
12 -32 57 -98 -52 9 16 99 27 24
43 86 13 -74 -43 -91 -62 93 -62 -43
31 78 4 -17 3 68 -78 97 -43 2
71 -51 -26 24 53 -84 -91 -59 27 -73
22 -16 2 59 1 -71 69 -98 -91 35
92 -95 14 -95 -48 46 58 12 -97 -83
-78 82 -15 26 28 9 20 81 -24 59
39 -98 -63 83 91 -16 -52 52 81 12
-67 -61 -7 67 -92 -73 24 7 -46 93
14 -76 98 19 -78 53 72 -58 -67 99
-96 -25 20 82 -66 -48 86 -77 -89 -13
27 -5 -10 38 94 82 -33 -40 -87 83
-39 -85 -88 91 -46 -50 -23 -83 44 89
95 63 79 -26 38 96 28 -67 8 79
-6 4 39 -18 -13 -84 -40 55 -60 50
6 93 26 -21 46 51 -95 -95 -33 90
37 -12 -77 45 21 -39 -23 -13 -1 -25
23 52 63 41 -25 34 49 -43 -34 28
30 -1 51 -10 -12 -42 -69 44 35 96
-37 -71 -88 -68 62 -72 -90 -29 97 17
-84 8 -69 -44 -34 -79 -52 70 -72 -70
58 6 -60 48 -47 -6 92 64 51 -70
-21 89 20 -14 -64 -12 -3 9 2 66
52 64 -94 -10 -81 44 30 -32 -35 -40
86 -65 65 56 -73 67 10 -24 74 -64
-52 47 52 -85 97 -65 -3 -72 -13 -87
-7 66 53 -41 10 -94 -54 -86 -74 24
-67 0 59 8 35 -18 82 76 91 -61
-90 2 59 -43 50 93 -40 56 -92 24
-54 -9 2 -90 67 30 3 94 47 -97
95 -64 56 35 79 -51 51 -8 -29 -51
-20 19 -12 62 -34 7 86 -85 -30 -21
88 73 11 -66 90 -56 -3 28 23 81
-60 -35 -6 -59 9 -59 34 42 44 -45
-46 25 46 15 -5 45 25 -75 -58 -20
95 59 79 -75 -38 -72 23 -35 16 -88
2 -22 -66 -56 -24 93 -13 82 52 70
-25 -19 -40 7 -15 -24 88 66 -74 22
74 31 93 -56 -3 45 -76 -67 -29 11
57 -53 -53 -92 85 86 -66 -45 34 -98
-67 23 0 -10 -85 -46 2 22 57 65
-44 94 -11 -66 22 -52 -32 -88 -66 -88
22 95 -49 -69 88 84 5 3 -54 62
7 -70 -71 -38 -97 -44 34 98 -26 32
-94 -35 20 -97 -94 87 -64 -88 22 78
-46 -62 -53 2 -83 -83 92 45 -75 -40
-83 30 82 89 15 31 71 40 -90 94
-66 0 85 79 26 74 8 -29 -67 35
22 38 -18 9 20 44 4 -5 -20 -77
-47 79 4 22 93 -76 -39 0 -54 63
-92 71 -57 33 38 73 -19 -33 -83 15
-36 32 -82 62 2 -24 -87 -14 2 -72
12 -73 89 18 -7 52 -76 -81 35 -52
-50 99 -53 -55 -85 51 -42 -14 -50 -37
-57 -52 11 -46 -70 -86 -99 31 -43 -66
24 91 -67 25 96 40 -27 -90 0 66
-74 -62 -51 -29 -19 -92 -27 15 -18 14
21 -91 33 70 -46 -36 32 81 93 -59
-20 68 4 -72 88 73 98 85 0 -96
-71 -23 12 1 -44 55 28 -5 -37 5
-66 -42 49 -13 39 23 -79 -7 56 -85
-69 98 -21 -5 -24 -82 9 -15 -7 -96
-40 12 -71 -74 -55 13 -61 -65 73 78
55 -76 99 -51 -91 14 50 -20 -47 19
-62 44 -53 -46 -96 63 -66 64 -88 -91
83 9 78 -68 -50 -2 -99 -77 -33 6
52 42 -21 25 -72 -36 -18 -94 -38 29
-39 -42 -42 63 29 -21 63 32 75 -67
10 12 -8 -39 44 -77 -73 -64 -10 -78
-75 -91 -11 80 49 -19 -51 74 60 62
-30 -67 -92 49 -18 -70 69 34 -65 45
14 -28 79 -1 -21 94 -73 -99 -63 -67
-4 -44 8 -60 -64 48 -80 25 14 0
63 89 99 -76 8 1 12 -32 19 -25
79 72 -62 -97 62 21 -43 -43 14 -86
-7 86 -34 43 31 -28 -93 72 -73 -32
