-53 -70 38 84 -8 15 -92 71 34 -34
80 21 -31 20 90 5 69 -13 85 33
11 33 -87 72 13 -56 28 47 -98 43
27 57 51 -21 80 -9 -42 83 -15 -3
-5 -56 -27 2 74 -46 -42 63 97 -64
75 71 54 -32 44 28 -92 82 92 -73
-69 75 60 45 -63 92 -33 93 21 -83
-81 17 -52 59 87 4 -99 98 -92 87
-20 -53 -58 13 57 46 -9 36 57 -79
47 73 66 -26 21 72 43 65 15 -54
-98 -13 39 -57 61 54 65 -75 86 30
35 80 70 16 75 23 -78 99 -97 37
-60 -98 -10 -19 -31 -77 23 45 -81 0
92 -33 42 69 2 62 84 84 64 76
-35 86 -19 77 -97 21 -6 45 27 79
17 51 -3 -67 -9 -90 78 46 -50 -3
-58 -43 -51 56 56 -38 92 -94 18 91
-20 24 43 -8 99 72 -36 39 95 -95
68 82 95 -77 46 35 28 16 50 11
37 -31 90 66 66 -48 80 24 63 -73
96 59 -98 82 -81 -92 -12 90 -69 0
29 15 -48 -50 -6 76 98 90 95 -4
-87 -72 -32 -44 10 -33 -34 -37 9 -15
94 -17 -25 38 3 -86 70 28 21 -8
43 26 -39 53 -67 12 40 19 -6 -66
43 -12 -26 -86 -37 12 66 7 29 2
-75 -58 80 88 49 39 33 69 26 -31
74 -94 -6 64 -50 -59 -41 15 -20 72
63 -14 41 -74 -85 -36 73 -65 9 -15
39 -65 85 -72 39 31 -14 25 77 -67
92 -54 -70 -90 -11 -38 -47 40 -70 16
82 -11 -6 6 -17 -93 11 -58 -55 -66
54 -96 -39 -43 1 -32 -56 85 2 -89
-10 89 -46 -84 88 3 -25 -35 55 -3
38 39 62 73 -32 67 -73 -3 94 -30
-50 -9 59 -34 28 -4 -30 -61 -11 -85
-60 93 -34 93 -44 -47 7 40 49 24
-16 13 -65 -75 79 -9 14 45 5 -76
95 55 83 65 -98 -36 -82 -17 -62 82
-96 97 2 -72 -3 -59 -28 -97 -79 -56
-66 -93 7 -57 77 61 -91 62 -95 82
-79 60 -61 -22 -82 -11 11 -21 -60 -29
29 91 -33 -37 72 -82 -5 -20 -57 90
74 12 -79 76 -77 -24 71 22 73 -62
78 -42 -27 16 -94 76 51 82 -8 35
36 54 -35 30 59 69 -73 52 -47 -20
-80 -58 -54 14 84 36 -34 72 -47 -36
-25 -1 -88 -34 -94 1 -14 85 40 2
28 31 -11 8 52 -6 -26 4 49 -21
-20 -51 -35 90 -55 51 36 21 21 81
30 0 82 70 -27 10 -19 2 51 -35
15 7 97 -68 -37 10 -87 0 12 23
59 25 -56 6 76 10 26 -82 22 -28
20 75 -47 50 -72 -80 -13 88 42 -90
63 99 22 34 57 28 43 -9 -18 84
72 48 58 43 -30 87 66 -42 -95 83
-14 24 -71 -28 -67 28 -78 17 -99 -50
54 76 50 -46 -88 17 87 61 -54 91
15 -70 1 72 24 10 -67 -13 -47 -13
53 -56 -4 -46 -95 -1 76 11 58 -67
-40 72 -68 65 -45 99 -76 -39 -44 4
22 -35 -54 -30 -68 -84 0 88 37 26
-51 8 52 -61 76 -80 -8 -24 -1 -28
28 -30 29 80 12 33 -21 10 79 -38
-24 73 -24 -90 22 36 -28 -19 88 -6
97 -3 44 -86 57 -55 1 -63 -14 -15
62 38 31 75 25 -68 -45 88 -48 14
-27 -57 26 18 57 33 -36 73 -66 15
84 -38 -13 37 -34 21 32 57 -21 -6
46 -93 86 -27 -92 74 28 97 -55 83
88 30 18 -90 96 -10 -39 -72 -13 -86
-90 19 -26 55 50 -42 -34 -15 31 23
81 -14 -83 -23 61 67 -92 30 98 -17
12 0 19 40 53 -20 -43 -28 47 -90
-98 97 -98 49 -98 81 -13 93 61 -45
-81 -76 13 6 -95 22 -72 -17 10 -99
14 -27 -20 -13 -37 66 78 -7 -22 -8
-47 -45 60 -95 94 -91 18 21 98 -42
-56 10 57 -53 -55 -3 -7 5 -96 -60
-52 -23 59 14 -19 77 98 71 -73 -83
-28 -30 -3 57 -7 -21 50 -91 48 -18
67 16 17 3 -69 -83 98 59 59 23
-33 94 -55 61 89 99 49 48 -20 -62
-58 -13 67 73 43 77 -46 88 -71 -17
1 -83 -16 -46 65 -54 -21 -16 -56 -1
-38 -96 69 -33 24 -50 -25 85 -55 24
33 -26 48 -27 52 11 -23 -11 -14 1
31 24 -47 -92 -22 20 -60 -47 69 47
-97 -12 -87 -58 45 -90 -98 14 36 -97
71 -18 8 80 86 -42 -22 44 -69 -25
50 23 -94 -82 86 47 26 4 67 78
-6 -6 -39 47 -7 92 46 -3 -9 16
80 77 -91 14 -5 -48 -14 -16 96 48
51 41 67 95 -72 68 -56 -33 61 39
-31 -55 -34 -55 -7 -51 -52 35 47 93
78 -44 -63 67 -41 23 43 -27 -29 -29
-75 45 -9 63 -57 -31 44 -78 35 -27
98 -2 41 -27 -76 -85 -59 11 -4 51
60 -69 -93 92 63 -13 -29 44 -80 -92
35 -43 74 -41 -87 -65 56 61 2 70
