97 -31 0 -43 -76 79 45 -41 -82 49
21 27 -25 41 -72 -53 -68 82 -39 -57
74 28 -37 -44 -62 81 27 43 27 -1
-65 -28 25 53 -43 26 53 34 30 -50
80 -13 -61 -14 58 -75 57 55 77 -76
-82 -7 88 97 44 -95 86 -87 97 -47
-84 43 -91 44 -82 -58 0 55 -63 25
-17 87 71 -25 -39 39 -35 -18 -35 -17
-97 -65 70 45 35 -95 -83 39 24 -64
17 62 -46 37 -79 90 -38 97 -65 -28
-54 84 -15 -61 -89 -73 89 61 8 -98
-74 -63 17 -17 33 -25 80 -71 -42 80
14 66 49 63 39 35 -59 -81 -37 27
25 21 40 -29 39 1 52 58 68 -7
17 79 48 6 10 9 68 -27 -43 67
-3 27 -91 45 11 22 71 -8 -15 -57
71 45 38 -88 3 -55 65 81 -38 91
20 -37 97 -7 13 -68 -90 -64 65 6
19 -97 45 96 13 55 -33 -79 -87 -83
-20 -25 93 1 30 45 37 -51 -58 -28
53 -98 36 54 -84 15 -45 -82 59 1
57 93 -11 -94 83 88 -42 -68 85 -50
-4 61 4 91 88 -25 86 -36 93 63
18 29 -43 -97 20 46 8 87 -46 57
-42 -10 77 -49 12 59 53 22 -48 -96
-78 66 -56 64 -32 70 61 5 16 94
-28 82 -6 -44 -91 -39 12 -78 -79 -71
-17 7 87 87 -52 49 -56 -56 -95 48
-31 -30 -29 -51 24 -58 -36 26 38 -68
-3 -43 90 96 98 -13 -68 -29 93 -10
-30 -77 27 19 -62 60 -89 71 28 -14
-33 93 99 -82 -89 -33 -31 -30 93 -79
58 85 -59 -1 23 51 75 18 -71 -53
59 96 80 -65 -32 5 83 -79 84 3
-90 79 95 -88 -10 -13 -20 -12 32 69
60 54 -23 44 -33 26 -97 -72 -42 -75
74 -42 26 68 -82 -36 -93 -74 -61 39
-13 -3 -45 -36 -94 76 -51 5 62 -84
-30 -56 -1 -69 34 -73 -24 -71 66 62
-57 12 -10 91 39 -85 75 -5 -76 23
42 -3 25 72 0 -37 -28 40 -83 -43
-71 -21 21 33 -47 -52 -59 -70 -37 4
43 -77 -76 -51 78 98 79 37 -30 -64
43 30 -16 15 85 -9 71 22 70 96
-56 98 45 -91 78 75 -52 -17 91 -63
-35 63 50 -5 -21 -27 28 57 -67 -35
20 86 27 -24 -5 12 67 -48 65 -65
46 33 42 -16 -55 79 -1 -90 25 66
-99 47 -19 -86 -85 -91 95 59 -59 34
2 -22 75 -18 -39 7 98 80 -68 -47
41 -22 73 -28 50 34 2 74 64 -77
-70 -12 -15 -13 4 -72 29 -34 93 72
-55 72 85 -82 -12 49 -53 84 85 -71
-3 -37 69 -46 -85 -78 -84 -24 -92 48
-2 -4 -51 84 -52 18 -16 89 4 59
78 -18 -61 74 -12 -16 -57 -68 -40 -46
-5 -17 -85 -56 -76 -11 89 1 71 99
-94 4 37 89 63 17 48 33 65 49
57 81 15 -23 87 -6 -10 89 92 61
-98 99 20 -48 93 -30 5 58 -54 84
83 31 43 -71 -22 -85 -92 58 65 -56
51 56 -19 -87 -49 -46 54 -92 53 84
-92 -23 -14 -49 62 -21 76 80 -26 28
-65 10 -13 79 65 -51 39 57 95 0
62 -67 71 74 -46 -45 28 -23 63 94
70 -7 -40 76 -97 -68 0 69 62 17
-29 -93 55 -70 52 48 28 46 15 92
45 -33 40 -36 -95 57 33 -65 -88 22
2 23 39 -13 -99 -23 -82 20 68 -61
10 -77 72 82 43 24 5 -32 -60 -83
-48 -35 5 -82 -21 76 -6 0 -28 -33
-8 18 94 29 43 45 -43 60 -16 -4
-38 -42 -38 92 -4 -48 52 -51 28 22
98 -84 47 -86 34 15 -5 18 -76 62
-44 -64 1 -82 -86 -70 31 16 -78 53
-43 -39 98 -26 69 -7 -13 35 -68 -86
51 86 -92 -45 69 17 -15 72 25 -45
-85 32 -78 -38 12 23 8 -83 92 76
33 -54 78 -56 -81 78 -62 -66 -7 -60
-64 -88 35 -6 78 60 82 21 92 82
2 -95 58 20 39 -69 -96 4 -40 -92
42 36 60 -41 27 -25 -8 49 43 87
19 -86 -48 -36 87 -43 0 87 -93 -64
27 44 -24 19 77 47 -63 -16 48 -33
76 68 66 0 3 17 -47 24 37 -62
-72 19 27 18 -2 42 -68 64 -92 36
85 67 -84 -59 39 -65 75 -55 -69 -34
-99 1 -28 -51 89 -4 45 17 23 47
85 14 -56 -55 3 -84 -27 78 -78 -29
77 -15 15 -26 -31 95 72 72 -49 -63
61 40 -63 -56 71 -11 95 -41 37 -16
51 62 65 -29 -56 58 65 22 -79 -89
-79 69 45 -25 -24 -69 -61 -96 76 -16
-36 -20 -7 -37 29 64 44 69 -56 -22
-41 25 28 -16 -14 37 -31 26 74 27
-5 40 45 -9 33 -75 52 90 -4 -11
-48 -83 79 67 -18 -39 66 -96 56 -46
-62 15 -64 -1 -4 40 5 -96 -61 -76
-11 -26 -24 -83 87 -33 86 4 -41 21
86 -64 -39 -92 88 10 -25 11 71 97
