-36 -26 63 -26 -86 -26 13 -26 -11 -26
88 -26 -61 -26 38 -26 -48 -26 51 -26
-98 -26 1 -26 -23 -26 76 -26 -73 -26
26 -26 -30 -26 69 -26 -80 -26 19 -26
-5 -26 94 -26 -55 -26 44 -26 -42 -26
57 -26 -92 -26 7 -26 -17 -26 82 -26
-67 -26 32 -26 -33 -26 66 -26 -83 -26
16 -26 -8 -26 91 -26 -58 -26 41 -26
-45 -26 54 -26 -95 -26 4 -26 -20 -26
79 -26 -70 -26 29 -26 -27 -26 72 -26
-77 -26 22 -26 -2 -26 97 -26 -52 -26
47 -26 -39 -26 60 -26 -89 -26 10 -26
-14 -26 85 -26 -64 -26 35 -26 -35 -26
64 -26 -85 -26 14 -26 -10 -26 89 -26
-60 -26 39 -26 -47 -26 52 -26 -97 -26
2 -26 -22 -26 77 -26 -72 -26 27 -26
-29 -26 70 -26 -79 -26 20 -26 -4 -26
95 -26 -54 -26 45 -26 -41 -26 58 -26
-91 -26 8 -26 -16 -26 83 -26 -66 -26
33 -26 -32 -26 67 -26 -82 -26 17 -26
-7 -26 92 -26 -57 -26 42 -26 -44 -26
55 -26 -94 -26 5 -26 -19 -26 80 -26
-69 -26 30 -26 -25 -26 74 -26 -75 -26
24 -26 0 -26 99 -26 -50 -26 49 -26
-38 -26 61 -26 -88 -26 11 -26 -13 -26
86 -26 -63 -26 36 -26 -36 -26 63 -26
-86 -26 13 -26 -11 -26 88 -26 -61 -26
38 -26 -49 -26 50 -26 -99 -26 0 -26
-24 -26 75 -26 -74 -26 25 -26 -30 -26
69 -26 -80 -26 19 -26 -5 -26 94 -26
-55 -26 44 -26 -43 -26 56 -26 -93 -26
6 -26 -18 -26 81 -26 -68 -26 31 -26
-33 -26 66 -26 -83 -26 16 -26 -8 -26
91 -26 -58 -26 41 -26 -46 -26 53 -26
-96 -26 3 -26 -21 -26 78 -26 -71 -26
28 -26 -27 -26 72 -26 -77 -26 22 -26
-2 -26 97 -26 -52 -26 47 -26 -40 -26
59 -26 -90 -26 9 -26 -15 -26 84 -26
-65 -26 34 -26 -34 -26 65 -26 -84 -26
15 -26 -9 -26 90 -26 -59 -26 40 -26
-47 -26 52 -26 -97 -26 2 -26 -22 -26
77 -26 -72 -26 27 -26 -28 -26 71 -26
-78 -26 21 -26 -3 -26 96 -26 -53 -26
46 -26 -40 -26 59 -26 -90 -26 9 -26
-15 -26 84 -26 -65 -26 34 -26 -31 -26
68 -26 -81 -26 18 -26 -6 -26 93 -26
-56 -26 43 -26 -43 -26 56 -26 -93 -26
6 -26 -18 -26 81 -26 -68 -26 31 -26
-25 -26 74 -26 -75 -26 24 -26 0 -26
99 -26 -50 -26 49 -26 -37 -26 62 -26
-87 -26 12 -26 -12 -26 87 -26 -62 -26
37 -26 -36 -26 63 -26 -86 -26 13 -26
-11 -26 88 -26 -61 -26 38 -26 -48 -26
51 -26 -98 -26 1 -26 -23 -26 76 -26
-73 -26 26 -26 -29 -26 70 -26 -79 -26
20 -26 -4 -26 95 -26 -54 -26 45 -26
-42 -26 57 -26 -92 -26 7 -26 -17 -26
82 -26 -67 -26 32 -26 -32 -26 67 -26
-82 -26 17 -26 -7 -26 92 -26 -57 -26
42 -26 -45 -26 54 -26 -95 -26 4 -26
-20 -26 79 -26 -70 -26 29 -26 -26 -26
73 -26 -76 -26 23 -26 -1 -26 98 -26
-51 -26 48 -26 -39 -26 60 -26 -89 -26
10 -26 -14 -26 85 -26 -64 -26 35 -26
-35 -26 64 -26 -85 -26 14 -26 -10 -26
89 -26 -60 -26 39 -26 -48 -26 51 -26
-98 -26 1 -26 -23 -26 76 -26 -73 -26
26 -26 -29 -26 70 -26 -79 -26 20 -26
-4 -26 95 -26 -54 -26 45 -26 -42 -26
57 -26 -92 -26 7 -26 -17 -26 82 -26
-67 -26 32 -26 -32 -26 67 -26 -82 -26
17 -26 -7 -26 92 -26 -57 -26 42 -26
-45 -26 54 -26 -95 -26 4 -26 -20 -26
79 -26 -70 -26 29 -26 -26 -26 73 -26
-76 -26 23 -26 -1 -26 98 -26 -51 -26
48 -26 -38 -26 61 -26 -88 -26 11 -26
-13 -26 86 -26 -63 -26 36 -26 -37 -26
62 -26 -87 -26 12 -26 -12 -26 87 -26
-62 -26 37 -26 -49 -26 50 -26 -99 -26
0 -26 -24 -26 75 -26 -74 -26 25 -26
-31 -26 68 -26 -81 -26 18 -26 -6 -26
93 -26 -56 -26 43 -26 -43 -26 56 -26
-93 -26 6 -26 -18 -26 81 -26 -68 -26
31 -26 -34 -26 65 -26 -84 -26 15 -26
-9 -26 90 -26 -59 -26 40 -26 -46 -26
53 -26 -96 -26 3 -26 -21 -26 78 -26
-71 -26 28 -26 -27 -26 72 -26 -77 -26
22 -26 -2 -26 97 -26 -52 -26 47 -26
-40 -26 59 -26 -90 -26 9 -26 -15 -26
84 -26 -65 -26 34 -26 -35 -26 64 -26
-85 -26 14 -26 -10 -26 89 -26 -60 -26
39 -26 -47 -26 52 -26 -97 -26 2 -26
-22 -26 77 -26 -72 -26 27 -26 -28 -26
71 -26 -78 -26 21 -26 -3 -26 96 -26
-53 -26 46 -26 -41 -26 58 -26 -91 -26
8 -26 -16 -26 83 -26 -66 -26 33 -26
-31 -26 68 -26 -81 -26 18 -26 -6 -26
93 -26 -56 -26 43 -26 -44 -26 55 -26
-94 -26 5 -26 -19 -26 80 -26 -69 -26
30 -26 -25 -26 74 -26 -75 -26 24 -26
