61 68 17 72 -75 67 -95 -20 -43 55
-9 64 -56 -2 -71 -16 -79 -83 -83 -67
-98 -60 -2 89 78 -1 16 -95 55 31
47 -44 -57 30 8 94 -14 25 81 82
-75 50 30 95 84 -88 11 73 58 -56
94 70 78 58 86 78 -96 -92 -93 -82
36 18 -94 90 -71 3 -75 68 85 10
-42 -61 39 25 87 5 -99 -30 37 -31
-27 -36 -44 99 45 -76 67 10 30 -75
67 -20 60 34 26 73 -1 50 42 28
79 54 26 36 64 -23 49 -93 -12 -73
-33 -39 -37 29 -22 24 79 -12 34 -50
9 -6 -80 43 -95 28 -20 61 47 -57
90 16 -76 57 -83 -86 -11 -45 -64 63
41 81 78 -91 9 -46 -76 -58 -37 -48
-42 -86 -84 -80 94 -40 -80 84 -82 75
-74 -84 62 27 -45 8 57 -19 -38 59
40 -17 85 -71 67 -66 66 22 -4 -48
20 34 98 -98 -84 65 96 22 38 98
30 -31 -88 82 0 -44 -52 -8 -11 88
33 29 30 78 -38 57 35 15 21 38
-44 36 -55 39 -51 92 98 85 76 -65
-68 44 -4 -71 -73 -52 -58 80 76 -82
-33 88 -99 7 56 70 94 9 34 -58
81 82 -91 24 -40 -68 -32 -42 -49 78
-20 28 -60 13 86 -1 68 -61 76 48
-93 36 55 6 -92 -34 -43 30 50 -97
93 84 12 -73 -80 84 -60 -24 98 -9
-19 79 21 -14 -35 39 75 91 -90 69
33 69 68 30 85 -69 -70 -65 -27 73
46 -12 96 -3 -79 90 69 94 97 19
38 -81 -24 42 97 -13 11 -52 21 74
3 -67 0 6 -62 -28 -31 95 96 -18
20 74 77 -26 47 6 6 30 -59 -64
-67 -37 -7 -80 -16 58 -85 33 -94 -56
-75 -65 64 -70 49 58 44 -84 0 57
-56 9 40 68 -39 -10 -92 -56 46 54
0 -62 86 76 -86 2 84 25 -66 89
14 -47 -62 10 -99 44 -31 67 -79 23
-71 7 65 -48 -19 -87 -63 89 42 -90
52 31 -35 -20 99 -30 57 68 96 -37
-17 -1 -9 -29 -26 90 41 -19 50 -13
90 -25 1 -77 86 -55 83 -59 -73 37
17 -32 -2 -12 -96 63 -78 14 -11 35
-73 -90 7 8 -38 16 -8 89 44 -79
0 -63 56 -16 -53 -51 -28 -34 -83 89
76 66 -61 -86 19 -28 -42 -14 -68 -36
15 -49 -94 -30 36 -35 -45 -12 -2 67
-43 31 96 -99 35 -32 12 8 -61 46
-1 -91 30 -93 65 29 -69 17 57 46
76 87 -79 17 -94 -81 -93 80 -93 24
-54 -80 -73 56 19 49 58 0 41 -73
46 87 83 89 -14 -94 96 21 55 -47
56 -82 99 -23 -12 -48 -9 53 26 -18
-47 25 58 76 -19 -90 -41 81 94 97
98 -23 74 -93 -70 -43 35 18 -83 -31
-2 31 -51 37 -93 96 44 58 47 54
35 -64 -92 23 -21 53 20 -19 -5 4
15 92 40 -8 27 77 -72 65 -84 67
-91 20 57 -89 -90 -45 17 -3 -54 32
-13 55 -43 -45 -67 12 -63 29 36 41
81 54 -16 96 74 -32 77 -33 87 -67
46 -58 -37 6 76 81 -28 -33 -36 -14
0 -22 7 0 9 46 23 3 74 22
41 87 42 -26 81 -86 -31 -82 -41 -12
-44 -60 60 53 48 -76 23 89 2 -23
-18 -4 -38 35 -72 6 -65 58 -64 75
49 6 0 99 43 26 -21 0 16 -81
-76 -70 -13 -22 -62 50 -23 88 -35 14
-95 47 -63 -12 -73 54 90 48 15 72
-76 -6 -25 15 -36 -98 -17 -5 -21 -90
79 98 -4 -65 -82 43 7 45 13 -12
-1 -46 -81 56 -12 92 -64 99 42 42
70 35 28 -64 -90 12 25 -76 -20 -11
-41 86 -47 84 91 -71 -81 -98 75 -24
-31 14 57 -43 43 28 0 -42 89 26
-68 30 -31 75 -69 79 36 89 25 -65
-65 77 -73 0 26 -58 61 -74 42 -4
90 -78 94 -62 -49 29 64 44 -12 71
80 42 -80 -75 -56 -69 27 31 22 -10
-89 -23 -56 27 78 -47 68 96 47 73
-40 94 92 -48 5 69 68 51 -99 21
-87 40 -62 -30 -42 53 71 -58 86 43
51 71 71 -80 28 30 53 12 -46 -65
-86 12 -23 -15 -87 60 -13 82 -76 -55
-58 -32 -7 -85 -33 31 72 33 94 -34
41 -19 -53 -5 56 36 21 -6 60 -56
-31 -68 -13 72 -47 64 29 70 -19 -71
-94 10 86 11 1 9 -37 -45 52 -62
-42 77 25 -4 -71 94 -34 -12 73 -90
9 -14 50 -9 -40 -84 -76 56 44 -42
-50 -70 -40 -22 -17 -64 35 91 -40 -43
16 -11 -41 99 0 68 79 -43 -30 84
23 -55 75 99 88 -76 64 12 79 -23
-43 6 85 -48 -80 99 -31 48 -35 -31
-39 0 -57 44 -27 22 -40 32 1 32
83 59 48 60 3 18 80 12 -3 33
-95 39 -80 73 -28 -63 30 90 36 64
-76 45 -34 0 76 93 67 -34 -64 28
-41 68 -11 92 -51 -5 -69 -43 -63 -39
