45 51 21 77 -92 15 -12 88 -75 30
15 -57 -80 79 13 39 -75 23 -17 -52
30 -43 23 37 39 91 86 -87 66 83
55 -90 -63 11 62 49 95 37 -60 -75
23 15 -53 -63 68 -83 43 -92 71 -74
10 76 76 -85 -81 94 2 -94 15 -64
-44 95 -5 -44 10 93 -30 -53 46 -45
-15 36 -39 -12 16 14 63 3 -76 74
47 -75 -96 -1 64 67 -43 -3 24 49
-56 72 -96 17 94 -3 -62 -90 4 -87
-8 -92 97 -15 14 0 -23 25 22 -68
-37 -37 -79 12 90 56 -15 88 87 71
88 25 -73 62 -86 12 95 50 -6 -39
-57 87 -34 15 50 22 71 9 85 32
73 -92 19 80 -35 17 -67 39 -16 78
74 19 -57 -48 97 55 -24 -36 -43 25
-47 2 -90 -75 92 35 19 6 -65 54
3 59 -74 75 -10 -72 83 -52 80 54
-37 -79 -66 -79 71 63 -85 63 93 89
55 -77 69 47 -73 83 -94 -74 -33 37
-40 -95 38 14 -53 14 44 -68 16 62
80 18 60 67 -62 99 -97 -7 85 -57
-70 -31 -95 -62 71 -48 -88 -8 -40 -84
33 77 88 81 -60 60 38 -48 60 21
75 -3 81 -89 5 -67 30 -28 95 -63
40 66 -25 -9 -57 39 -62 -32 35 -20
-25 34 -13 96 87 -74 -45 17 -20 3
-17 29 26 -43 98 96 -5 -35 56 34
-9 7 13 -25 24 7 31 -31 -68 -30
65 31 -83 -94 58 78 -1 -56 -80 -67
50 -15 32 -33 76 -57 55 72 67 -66
66 55 86 41 -47 5 -71 57 -42 -15
-37 -65 -45 -55 -74 17 55 74 88 -79
-87 -57 -59 -10 -13 16 -16 -43 60 -37
40 30 -24 22 15 20 55 -48 73 -95
-22 61 80 -13 0 52 -54 -47 -36 8
38 13 -5 -12 53 73 -16 -10 -22 -20
25 16 85 99 13 77 67 84 -92 84
20 -53 1 -37 -78 -54 37 62 87 12
74 32 -80 95 88 -62 96 0 79 4
-95 59 -41 -72 -80 93 -56 -48 72 8
-24 -48 -6 58 34 -37 -34 -38 29 -19
-99 -92 -81 -52 50 31 15 -35 -42 94
-59 -97 83 -98 16 -3 -36 -43 -36 -96
-50 -36 70 -50 54 83 2 -17 -1 2
-19 71 -78 4 -59 6 -74 25 -5 18
-50 -33 20 -47 72 82 -94 -18 23 -73
75 -47 27 3 23 45 -80 24 -23 48
-25 25 -65 -56 55 9 84 -30 59 -59
-88 -66 0 -33 67 -60 4 -21 -94 77
43 26 33 -90 99 -30 52 84 32 -63
-29 -3 -27 75 -89 4 -72 82 89 5
81 17 22 -4 36 -98 34 -47 77 -80
-15 -62 73 9 52 66 79 -46 -10 40
75 27 78 -13 0 -6 -66 41 -51 86
-92 59 -3 0 52 57 4 -58 6 -8
89 -55 14 9 53 3 -43 83 -19 4
-35 69 19 85 -79 -25 11 -32 74 37
52 -35 46 87 -52 -20 49 -79 -21 60
17 -7 57 94 24 40 3 82 -89 44
34 -18 -14 -91 -32 -32 -51 -89 -76 -40
15 62 15 44 -13 43 -23 -36 44 40
85 49 -28 43 29 34 -39 -13 11 77
49 -2 0 -21 43 65 13 79 66 57
-21 67 -42 46 7 -67 95 23 94 65
79 -44 -49 -47 6 -63 -60 39 -85 64
-9 -32 -28 -81 -70 76 -12 2 88 53
82 -13 62 -2 79 86 67 -36 98 96
-1 -93 -56 81 -95 36 65 27 44 -67
-53 49 13 77 -79 -5 59 -31 -46 -50
88 -81 -25 2 -36 27 31 78 -84 -79
-12 20 -44 21 73 78 -95 32 40 10
33 76 -59 43 98 -38 -43 -40 37 -49
-94 37 93 -66 59 -2 12 72 82 69
-50 61 -99 -59 39 89 -59 98 -82 84
17 34 51 91 -11 -51 -59 78 -22 -65
9 -14 25 -48 -14 -9 91 5 -57 33
-88 -61 16 -14 88 -1 87 -96 -16 68
-99 -39 -4 37 -39 -98 90 -81 32 29
72 11 -2 -56 33 -84 61 -59 -79 15
64 65 -27 51 80 55 -73 -12 63 51
25 33 -51 -49 -35 67 32 -43 -27 -43
92 -91 -85 55 -57 -8 70 -40 22 -9
-85 -13 -46 51 -9 77 -86 -68 11 84
32 11 32 -40 23 -76 83 50 -32 84
-69 -28 52 -72 49 -39 40 20 -90 -34
-70 97 37 81 4 -7 94 44 78 0
-48 99 6 -29 -74 56 -3 56 -53 13
66 49 4 9 23 29 -83 -75 -18 -9
6 57 71 -43 68 33 -18 -23 -19 4
-72 9 68 28 0 -17 46 74 -72 79
79 -99 -19 9 -27 82 47 0 49 94
-4 -51 -39 40 2 39 90 -67 77 83
-4 -49 28 -12 -18 12 28 89 36 -37
45 25 54 26 2 -62 -20 -99 73 41
13 -47 47 30 44 -55 -21 26 73 -37
-4 -95 52 78 61 -28 36 -16 -85 -61
-32 -34 87 -31 -69 -7 -46 -72 13 -51
-98 66 87 -9 -10 -15 -8 93 -1 -80
70 27 21 19 -27 -14 -78 51 -66 14
