56 -5 56 94 56 -55 56 44 56 -43
56 56 56 -93 56 6 56 -18 56 81
56 -68 56 31 56 -34 56 65 56 -84
56 15 56 -9 56 90 56 -59 56 40
56 -46 56 53 56 -96 56 3 56 -21
56 78 56 -71 56 28 56 -27 56 72
56 -77 56 22 56 -2 56 97 56 -52
56 47 56 -40 56 59 56 -90 56 9
56 -15 56 84 56 -65 56 34 56 -34
56 65 56 -84 56 15 56 -9 56 90
56 -59 56 40 56 -47 56 52 56 -97
56 2 56 -22 56 77 56 -72 56 27
56 -28 56 71 56 -78 56 21 56 -3
56 96 56 -53 56 46 56 -41 56 58
56 -91 56 8 56 -16 56 83 56 -66
56 33 56 -31 56 68 56 -81 56 18
56 -6 56 93 56 -56 56 43 56 -44
56 55 56 -94 56 5 56 -19 56 80
56 -69 56 30 56 -25 56 74 56 -75
56 24 56 0 56 99 56 -50 56 49
56 -38 56 61 56 -88 56 11 56 -13
56 86 56 -63 56 36 56 -36 56 63
56 -86 56 13 56 -11 56 88 56 -61
56 38 56 -48 56 51 56 -98 56 1
56 -23 56 76 56 -73 56 26 56 -30
56 69 56 -80 56 19 56 -5 56 94
56 -55 56 44 56 -42 56 57 56 -92
56 7 56 -17 56 82 56 -67 56 32
56 -33 56 66 56 -83 56 16 56 -8
56 91 56 -58 56 41 56 -45 56 54
56 -95 56 4 56 -20 56 79 56 -70
56 29 56 -27 56 72 56 -77 56 22
56 -2 56 97 56 -52 56 47 56 -39
56 60 56 -89 56 10 56 -14 56 85
56 -64 56 35 56 -35 56 64 56 -85
56 14 56 -10 56 89 56 -60 56 39
56 -47 56 52 56 -97 56 2 56 -22
56 77 56 -72 56 27 56 -29 56 70
56 -79 56 20 56 -4 56 95 56 -54
56 45 56 -41 56 58 56 -91 56 8
56 -16 56 83 56 -66 56 33 56 -32
56 67 56 -82 56 17 56 -7 56 92
56 -57 56 42 56 -44 56 55 56 -94
56 5 56 -19 56 80 56 -69 56 30
56 -25 56 74 56 -75 56 24 56 0
56 99 56 -50 56 49 56 -38 56 61
56 -88 56 11 56 -13 56 86 56 -63
56 36 56 -36 56 63 56 -86 56 13
56 -11 56 88 56 -61 56 38 56 -49
56 50 56 -99 56 0 56 -24 56 75
56 -74 56 25 56 -30 56 69 56 -80
56 19 56 -5 56 94 56 -55 56 44
56 -43 56 56 56 -93 56 6 56 -18
56 81 56 -68 56 31 56 -33 56 66
56 -83 56 16 56 -8 56 91 56 -58
56 41 56 -46 56 53 56 -96 56 3
56 -21 56 78 56 -71 56 28 56 -27
56 72 56 -77 56 22 56 -2 56 97
56 -52 56 47 56 -39 56 60 56 -89
56 10 56 -14 56 85 56 -64 56 35
56 -34 56 65 56 -84 56 15 56 -9
56 90 56 -59 56 40 56 -46 56 53
56 -96 56 3 56 -21 56 78 56 -71
56 28 56 -28 56 71 56 -78 56 21
56 -3 56 96 56 -53 56 46 56 -40
56 59 56 -90 56 9 56 -15 56 84
56 -65 56 34 56 -31 56 68 56 -81
56 18 56 -6 56 93 56 -56 56 43
56 -43 56 56 56 -93 56 6 56 -18
56 81 56 -68 56 31 56 -25 56 74
56 -75 56 24 56 0 56 99 56 -50
56 49 56 -37 56 62 56 -87 56 12
56 -12 56 87 56 -62 56 37 56 -36
56 63 56 -86 56 13 56 -11 56 88
56 -61 56 38 56 -48 56 51 56 -98
56 1 56 -23 56 76 56 -73 56 26
56 -29 56 70 56 -79 56 20 56 -4
56 95 56 -54 56 45 56 -42 56 57
56 -92 56 7 56 -17 56 82 56 -67
56 32 56 -32 56 67 56 -82 56 17
56 -7 56 92 56 -57 56 42 56 -45
56 54 56 -95 56 4 56 -20 56 79
56 -70 56 29 56 -26 56 73 56 -76
56 23 56 -1 56 98 56 -51 56 48
56 -39 56 60 56 -89 56 10 56 -14
56 85 56 -64 56 35 56 -35 56 64
56 -85 56 14 56 -10 56 89 56 -60
56 39 56 -48 56 51 56 -98 56 1
56 -23 56 76 56 -73 56 26 56 -29
56 70 56 -79 56 20 56 -4 56 95
56 -54 56 45 56 -42 56 57 56 -92
56 7 56 -17 56 82 56 -67 56 32
56 -32 56 67 56 -82 56 17 56 -7
56 92 56 -57 56 42 56 -45 56 54
56 -95 56 4 56 -20 56 79 56 -70
56 29 56 -26 56 73 56 -76 56 23
56 -1 56 98 56 -51 56 48 56 -38
56 61 56 -88 56 11 56 -13 56 86
56 -63 56 36 56 -37 56 62 56 -87
56 12 56 -12 56 87 56 -62 56 37
