-31 82 44 -26 38 -8 15 99 16 -52
-63 -95 -85 0 -94 -18 -62 -91 -52 35
-27 53 91 70 68 92 -40 -51 -36 -79
9 30 72 -92 -91 0 -57 -11 -90 -18
-28 -88 59 -84 20 -19 23 -47 -12 15
88 -69 56 79 -30 6 97 -13 94 -20
-4 -40 26 11 34 -94 -68 23 29 -91
32 10 -16 21 37 -75 88 29 89 -64
81 75 56 74 -85 -25 -76 64 89 -72
26 -59 97 -56 -78 -70 93 29 54 -85
-28 -74 68 8 99 -51 -74 -94 70 84
47 -22 18 -73 77 73 81 -80 32 -95
14 66 29 86 35 35 -84 -3 58 65
-67 60 -96 94 -50 53 -92 44 27 -97
-72 -15 -21 -59 -56 50 -86 -57 14 58
-80 -82 -25 98 -69 47 -13 48 31 53
3 0 -65 -68 -72 -57 -56 -13 -10 89
-46 -64 -72 -37 93 -96 -52 -27 -96 -76
69 73 -47 -13 -2 23 28 22 -67 58
76 -29 1 26 84 10 -28 -23 46 13
56 -16 36 -34 47 46 -94 44 85 -70
58 11 -71 -54 89 -88 37 -54 -64 -33
49 85 32 -43 -31 -9 18 38 46 -28
75 -83 -98 -76 26 68 79 -46 -84 -62
-65 -75 28 -49 67 -21 -98 74 -29 -93
85 94 77 97 -50 -80 93 65 -31 -20
61 -17 -11 79 -12 -47 14 70 6 -41
12 28 -96 -65 74 56 69 -16 7 -1
-65 -78 3 94 71 25 -83 71 75 65
-8 -66 -31 28 -54 -86 99 -87 94 19
97 93 92 -75 -39 -23 -72 -16 97 -47
-43 77 68 44 -6 59 -18 39 -91 -39
-60 -65 -50 -18 -43 -82 -79 0 -6 -80
50 -2 31 16 6 77 93 -18 -78 -85
60 54 -11 70 -13 15 58 40 59 34
-42 -65 9 -7 9 56 -90 -83 18 -98
-69 -34 78 -74 -55 -28 68 -32 -20 -12
-3 17 -87 -43 -84 -7 -26 82 28 50
76 79 -52 -73 73 -4 64 99 -93 -4
-95 31 -62 -58 -25 12 0 24 -51 -47
-71 -18 12 44 32 5 -23 -45 -48 28
-41 16 -63 -69 55 -89 94 -55 84 68
59 -6 -25 -6 51 -31 1 -13 -72 -51
-23 6 -18 66 45 -39 -61 12 -78 95
1 -95 29 87 -11 64 -60 6 -69 64
-60 -2 5 -37 -62 67 89 83 74 -46
-98 66 5 19 9 77 47 -26 51 -58
-82 31 88 -69 -88 8 -77 -82 4 -95
56 -74 -55 84 -50 -90 -88 75 -48 74
-68 -42 61 59 91 -61 -36 74 -7 -65
66 67 23 -40 -74 -60 71 -86 -46 5
-46 -22 28 2 -4 -17 -59 -75 -26 -32
-20 99 -17 47 -5 -25 -23 -89 25 -27
-13 49 -95 -16 91 -35 3 -34 -96 88
0 -68 96 94 96 -37 93 33 32 -7
43 31 -61 28 16 81 34 91 -87 18
10 -4 -77 -32 -27 26 -84 -59 65 65
-81 -44 69 69 -24 93 -91 -62 96 4
-15 -85 -47 -39 84 71 47 55 -83 -10
97 1 39 -74 -70 73 -11 -40 32 -42
79 72 76 97 -65 -57 -53 26 -24 16
-76 -9 30 62 26 -38 -73 78 48 -82
-26 -27 -80 -67 25 10 20 -26 47 -97
-39 11 -67 69 65 -95 -10 95 -7 0
-16 26 31 -36 -59 -27 -7 74 -79 37
-11 97 74 94 -32 11 -32 77 -64 -35
-17 72 93 55 -30 -63 -27 -66 59 91
-83 -33 74 -18 -35 97 32 -66 95 -37
64 -53 -16 -86 20 -70 -63 96 45 -52
6 -90 46 35 -15 39 35 -76 34 -75
-23 98 -12 -37 -70 89 26 6 -22 -15
-20 -27 79 -9 -2 85 43 36 -27 17
16 -30 -48 -23 67 -31 -95 -95 -87 -36
-9 -65 64 -50 -45 73 18 -58 92 91
-22 -33 48 53 88 -54 0 -58 3 5
-51 -54 19 -76 16 -90 46 -45 -80 5
-59 95 -30 -28 -43 99 -5 81 -93 64
-98 73 76 18 -30 52 -13 -18 -5 -25
-85 78 -44 74 -6 34 -84 39 19 -61
-11 74 83 -7 38 -51 58 -61 57 -31
95 -96 -18 -19 -25 -98 -52 -81 98 -1
-39 -26 -31 -31 15 27 30 -9 48 17
7 0 64 -71 -26 -28 87 17 67 32
68 56 93 -61 9 92 25 43 62 27
-34 -75 -53 16 -18 -63 -37 -53 74 77
15 83 -87 -61 2 -51 43 0 74 53
-72 -24 -97 99 0 75 -6 -88 31 42
-63 49 -27 69 31 80 42 -90 -72 2
-70 47 76 -43 -21 -38 -40 -41 33 -29
-20 -46 -15 58 -91 -65 31 78 -11 -49
88 38 84 -2 1 8 -9 40 -93 42
-43 -59 15 -22 -49 -7 -20 81 -33 -38
42 67 17 -27 -8 -45 -8 -86 5 -74
-26 92 65 -18 -56 -72 28 40 -2 -8
78 38 81 -94 93 -54 56 -89 -63 -83
44 73 63 -22 -1 -35 31 88 60 82
-72 77 -87 51 0 -42 85 93 -18 81
89 -64 25 -38 -26 81 81 9 9 94
-58 -76 -32 -64 -10 73 -80 20 35 45
13 46 43 -49 -64 -84 -68 97 -87 21
