-34 -79 25 -14 -51 53 29 87 45 -69
47 -25 -64 -6 -3 89 20 83 -71 82
-51 -44 -30 -48 -98 -11 10 14 -77 94
-51 -88 -78 5 -66 -41 -68 94 -96 -44
95 -80 34 36 -29 -74 -62 54 -95 93
86 -52 47 90 -23 1 18 -38 -17 -7
-35 -16 59 -41 8 23 -31 -92 24 -32
89 36 -51 42 -89 -29 20 91 50 -34
54 -3 34 -40 15 92 57 90 39 92
-47 75 -18 -32 -60 -73 56 20 71 47
40 -3 77 -13 -23 98 -59 44 -83 -27
68 17 10 37 -97 -1 61 -74 56 -79
71 -20 -93 21 89 96 -59 -86 91 31
80 -43 56 -2 -30 -87 74 -98 -29 4
-60 -81 3 -22 55 83 53 -58 -31 48
-59 -98 -11 -98 45 -22 90 0 5 36
85 -78 44 23 74 -21 -82 -80 61 35
-47 2 -50 -36 -46 -43 -81 -16 -52 28
95 -6 26 -59 -71 -97 -82 -52 -1 -85
-44 -91 94 -26 20 96 74 -69 28 -70
-39 -71 66 95 47 45 94 61 -43 -36
92 -65 6 99 -17 -85 -40 -82 85 -54
-72 -72 48 0 32 68 -63 -78 65 63
44 39 39 -94 14 97 58 -97 11 98
-1 61 -71 -24 9 -4 11 -72 91 85
-74 -37 85 3 -76 -21 49 76 27 15
-93 -90 72 65 -98 -78 -30 40 95 0
-81 -23 -78 2 -96 -32 53 -75 -54 8
94 16 75 -43 19 70 -91 -97 17 28
23 -58 -96 -39 -10 64 16 -14 17 30
-52 34 11 -51 58 -65 -87 72 45 -59
61 76 -9 -45 -80 51 -49 13 -71 -95
23 79 -72 -17 44 67 -66 -57 -90 54
-91 -21 11 99 54 -37 -34 22 -78 77
-81 -7 -79 54 -24 19 60 -39 78 -25
1 79 19 -1 84 40 -39 57 73 -21
98 71 1 -30 1 -32 0 -81 -94 -32
-50 75 -56 25 -14 -76 -40 93 -91 -63
56 -64 -89 -65 44 81 10 9 -60 7
-90 70 -31 -64 -72 43 -47 27 -75 30
-7 -93 89 -81 -15 -99 -99 -86 -26 9
12 16 -69 -93 63 -35 81 -35 51 70
-43 96 83 69 52 -26 57 -28 -83 -33
51 -9 -46 -22 -69 -35 -11 -72 74 -1
-17 -8 80 -83 -38 54 -11 1 -57 65
31 99 -79 -57 -41 -53 -96 25 -38 -40
-60 -94 64 50 -31 -81 57 72 -50 -90
-8 -75 91 -17 -79 -91 -20 94 8 54
20 15 -45 -50 54 39 -60 9 -87 -17
-43 43 -77 -8 12 -72 -26 88 70 -47
37 -99 56 23 11 27 2 -77 -13 21
95 98 -9 -78 -99 89 8 -14 -72 1
63 14 -87 -41 53 -9 27 92 -52 -2
68 -69 37 -8 54 -6 -17 -39 9 78
24 53 24 -6 -85 88 72 -84 21 -36
67 -77 -14 24 -33 32 -54 64 82 -3
50 -12 69 -1 -11 -82 -63 99 -50 0
-91 -21 -89 35 58 42 48 -28 -73 2
99 -31 25 92 -74 -91 60 -40 -24 11
-21 93 43 75 91 -28 48 34 89 2
82 29 -99 2 -24 19 3 -13 46 10
-7 -66 -51 89 62 61 33 39 32 -25
-24 -15 39 98 8 77 -80 -22 -37 39
-69 15 56 41 2 12 39 40 30 10
54 -94 -82 -24 32 -66 87 -39 -70 -25
-53 -30 -33 83 -33 -64 14 45 28 13
-73 -36 -73 -5 -28 -97 -50 60 -13 27
60 -49 77 37 -69 13 -52 -19 -47 80
2 51 30 -3 -20 10 -93 -58 52 79
28 -65 -4 0 -65 35 91 -71 5 -63
63 -50 -24 63 56 -8 -45 24 48 -10
-73 94 4 -61 99 95 73 66 58 34
-59 14 56 65 56 35 -71 66 -34 -96
91 91 -62 -9 35 2 -23 -85 53 -11
94 78 12 0 -67 83 -44 -99 -30 -10
44 -22 -62 0 84 96 8 35 61 -75
5 21 -74 -23 36 98 45 42 55 -90
0 -7 10 -30 -16 -21 28 -68 -58 -81
-83 9 -6 -5 -6 69 -23 -91 3 35
6 57 -91 -35 57 -19 19 53 -9 83
81 92 93 -68 90 -43 -17 -33 -32 43
68 -62 -13 -86 -65 -30 50 4 50 51
68 98 30 91 -54 -18 -51 25 10 -68
-90 -7 77 -67 -48 -96 80 68 10 -4
97 83 17 -43 -20 -26 47 -74 -6 59
13 -57 -75 -25 76 -64 67 45 -65 70
-32 -53 2 -39 16 -21 6 83 -32 41
69 14 61 -32 -76 -27 -84 -28 -98 -21
90 39 97 98 70 3 92 47 70 -6
-88 -42 61 -93 -16 -24 -5 -61 -39 -30
70 -72 22 -73 -50 -95 99 87 12 -35
80 -60 51 83 41 -16 -8 36 79 16
-85 -13 -28 -12 -3 -50 -7 54 43 -71
36 -97 10 -6 4 -67 80 46 91 5
94 -6 76 -98 -86 2 46 -71 37 7
62 -86 -72 -78 36 60 34 -63 -51 -26
23 59 -93 81 9 35 -16 38 -56 30
-32 54 -85 -34 4 -89 75 63 77 51
-40 -88 64 -67 -82 13 -91 20 31 82
-80 33 95 53 -88 54 -96 34 -59 -2
