79 91 91 -10 8 -65 55 91 -80 -12
53 -65 -3 26 49 67 -52 84 -81 55
-1 -81 -39 55 -26 86 -91 72 -54 -15
88 13 82 29 41 20 -65 -15 -15 46
50 73 -7 -46 -46 9 -30 15 45 3
-59 51 11 -91 96 -18 74 -6 -69 41
95 -3 53 94 -73 36 44 -63 -10 -94
51 -51 44 -33 16 49 -65 -86 -66 49
69 70 -59 92 -60 -94 -5 0 9 -83
38 -67 -88 39 37 93 -22 -50 81 13
7 -4 35 25 -45 87 55 86 83 -3
98 92 73 -69 91 -48 -23 93 20 40
-33 -26 0 10 82 53 -68 -50 -66 -55
66 -84 -30 1 -74 -36 15 58 98 -90
74 50 -17 54 26 63 41 -70 54 -53
87 15 55 -43 -48 -47 -91 30 97 -53
52 67 -16 87 -61 -51 -18 -87 -95 74
28 -65 45 99 -86 -68 -89 -62 28 -97
63 20 -68 72 72 -38 -16 -80 35 -16
7 24 31 -68 -44 -89 98 -2 9 11
-83 -78 55 -40 3 -60 48 6 64 -83
-94 -24 53 64 59 -14 69 75 68 61
-58 -96 -75 -47 -12 46 0 25 59 -42
21 -69 -33 7 5 4 -47 80 52 -20
26 -32 48 98 -18 72 -63 -65 3 84
-49 62 9 -82 4 98 91 67 30 84
-87 -28 76 8 -80 -60 -15 55 37 -63
-70 83 55 -17 62 -70 81 92 -44 29
-53 -6 -2 -24 -53 38 -98 -34 -58 -90
73 60 -71 -24 97 -28 -53 -63 -59 -78
1 93 71 -84 -50 -48 -61 -64 45 82
13 47 54 11 59 34 70 -9 23 44
10 54 3 -8 44 -13 25 10 -27 -97
64 80 -28 37 -66 46 -59 -89 -33 58
74 -41 -52 33 72 40 -32 4 18 -78
-25 -92 85 -71 -85 87 84 41 -27 -49
40 -30 0 90 33 93 -42 -10 -18 7
72 -60 79 59 -61 20 51 73 -69 -72
97 -42 -90 -15 12 -50 93 46 -87 17
-78 76 -5 -86 37 -49 44 -79 -12 11
-74 -61 -40 -83 62 93 -44 -4 19 -48
-38 -76 -72 -45 34 46 44 -92 -21 -97
65 -84 32 79 50 -1 -64 38 -45 98
-57 -13 -18 42 2 54 55 52 -2 21
24 -34 -24 -36 -16 -53 -30 -88 -89 -50
-99 -96 -71 10 42 22 21 -31 35 44
6 37 2 -4 81 -10 -77 -67 -68 30
47 54 49 52 26 -99 3 7 69 13
-75 37 -64 13 27 -27 79 -16 -63 -46
97 15 40 60 0 -48 61 30 -64 -95
82 -15 48 -29 42 20 67 -50 -24 87
-57 -67 88 -48 14 76 47 62 93 69
83 34 1 -88 11 47 -66 30 -40 -12
-3 65 60 -52 -75 14 -77 -94 -41 76
20 -98 44 55 -36 -3 -65 -80 -33 33
-81 19 -73 77 -89 98 85 -59 90 73
64 49 86 81 -77 -84 97 -15 52 84
45 31 -5 57 21 86 -31 -28 60 -92
-82 -27 -35 -85 99 -5 56 -74 60 78
-63 -11 -40 98 18 -79 -63 60 -22 5
93 63 9 99 -76 93 75 88 -49 -2
-90 88 76 -87 89 -70 72 40 -57 42
-54 96 -14 -4 -67 67 49 -52 -35 0
-84 33 93 98 -4 58 -68 91 -37 -57
-59 -31 -59 -65 9 51 28 36 98 23
0 -93 0 20 6 -66 91 -76 -79 30
-11 -84 48 -31 -80 -61 -15 -6 56 -13
-21 -12 -38 85 90 90 -89 57 -64 -31
-34 95 37 95 -5 57 -27 89 -63 -91
64 -4 24 36 83 -40 -27 3 34 -48
-14 -53 -26 67 -78 -25 -31 -28 -26 17
72 -77 -18 54 -75 -43 59 39 -88 73
83 -19 47 -57 -30 74 39 97 5 10
16 43 38 37 66 -1 20 66 9 64
8 60 -96 -99 -19 -66 30 -65 -2 53
29 3 -7 -3 54 -31 98 8 85 -26
-77 -8 -83 16 57 -86 62 -55 79 59
89 69 97 -81 -59 47 4 9 45 -81
-47 47 -39 94 64 38 58 -52 0 -46
68 -5 -61 27 36 -22 -36 33 63 10
91 59 27 -27 -75 -21 95 89 -16 74
-76 85 64 -42 20 -77 -47 -68 -60 70
-56 79 68 -79 -81 51 -20 80 -1 -42
71 94 62 15 24 -3 -60 -12 24 25
39 -29 -69 30 -58 -55 48 59 45 96
37 93 87 -42 -60 88 65 50 -76 65
69 -13 -10 -69 65 -90 -63 -77 -97 41
86 -3 -7 -57 48 94 -37 94 -90 47
11 -76 -14 -20 85 -70 -7 88 24 -84
-35 91 -64 -22 -10 37 -56 23 87 97
24 -94 90 -38 -23 -65 7 25 34 -38
46 -85 88 -4 92 -97 -33 -53 -64 23
39 35 75 -30 -12 78 -51 -82 -27 20
-69 87 -26 -73 -17 10 87 -62 0 -47
-66 -7 -25 88 -56 31 -42 -63 -67 49
11 0 -13 -27 -6 -66 52 24 39 -34
12 -44 -50 23 14 -77 -26 -15 -95 -75
45 -92 48 86 -70 79 -98 -33 -26 -75
-82 -34 31 -48 -95 -79 -70 -13 -78 -19
76 -15 22 33 22 94 14 55 5 -13
