-25 80 34 -30 26 9 43 -14 4 -45
-43 88 -21 99 -15 -95 45 -59 -81 41
-94 17 63 -28 -1 -44 82 -1 -24 -18
-20 36 -11 57 -38 -43 -96 94 -60 98
53 -51 -72 -60 -12 13 -32 14 -41 -70
-8 44 53 94 -37 2 85 63 -12 50
-97 -53 18 52 12 51 -60 52 -1 -37
-83 36 -62 58 -45 -81 36 76 11 50
88 41 99 58 -64 28 -34 29 38 16
-27 73 66 -94 89 -69 3 35 -53 -17
98 -20 42 99 81 -85 72 -78 -21 25
63 -51 61 -56 67 65 -56 -64 -81 -69
14 -97 -91 38 -73 -4 -81 39 25 -50
50 39 -78 -33 12 94 -25 80 -51 -5
-80 93 13 -2 34 -96 12 -54 6 53
-36 -78 -8 -41 54 -49 -26 80 70 -23
64 -29 35 9 73 99 -88 -7 -77 35
-40 -78 11 20 44 93 92 23 -18 -44
35 -89 99 84 60 72 88 -13 -41 28
52 2 -23 5 -69 -72 51 3 56 -40
-5 54 -48 75 -77 7 15 96 -61 -17
88 -98 -44 -96 -12 -84 27 -22 -12 -70
-25 85 -37 -12 21 72 -14 15 98 27
-38 6 -1 -45 -2 97 71 50 -37 -4
44 69 -77 86 79 77 -42 -33 36 -69
16 13 -74 95 -18 -27 65 75 -68 47
93 -79 1 -4 -88 -43 23 75 -35 -88
78 -26 76 95 -99 84 57 74 -36 65
67 -43 5 -53 70 21 -34 39 -95 -82
15 -85 -74 -1 -12 58 -71 -28 15 50
-31 64 5 78 -7 -46 -15 48 75 -93
-89 -72 45 -74 -19 32 -94 -98 -2 -50
-65 -80 -68 -48 81 1 -77 -48 88 -54
-14 30 21 93 -1 25 45 -24 83 60
-61 3 37 32 78 -92 -14 -85 67 70
-25 -35 79 -98 -83 -14 87 33 1 -27
9 24 -73 -28 43 -37 18 -80 36 85
0 -93 -66 -8 -43 -95 48 -25 3 -53
19 6 78 23 -93 24 62 72 93 -49
92 82 -23 72 -87 -43 -1 -38 89 -23
32 -6 65 21 -35 -87 -38 94 4 -68
-41 27 -76 8 1 -14 -13 36 -30 7
24 42 69 82 -54 0 -62 -96 -72 -65
30 42 -91 23 30 -17 -45 14 66 40
-29 -89 45 54 -29 -76 98 -74 9 18
-37 -28 87 62 70 91 34 -3 -32 30
9 -6 -37 47 -17 74 74 53 95 -47
-42 -68 20 81 78 -39 -91 26 -4 -13
55 13 -68 -52 -77 -94 30 -65 58 62
-59 -64 -50 -25 -35 -18 -86 48 -77 -55
93 -45 89 43 -29 96 -90 48 70 -83
26 -62 6 81 -91 -58 -85 75 -78 -57
-40 -77 21 7 -24 35 -94 -24 -58 24
24 27 -27 28 -17 -78 26 50 91 66
96 -20 69 45 99 -64 9 -94 -36 78
41 99 53 18 69 4 -91 -58 -44 -63
88 -5 -49 63 43 71 -83 -1 91 66
27 -93 -17 -96 98 46 -63 -36 -85 89
-23 -19 62 -50 -88 44 28 43 -69 94
21 87 -71 -35 90 -25 6 93 -41 70
-39 8 -12 62 25 57 -27 17 -22 -70
-44 -96 66 28 9 98 -30 7 -83 -1
24 1 -57 46 6 13 65 -69 -46 38
-77 98 -63 19 8 -57 -35 31 99 15
18 -28 40 22 -60 16 84 -94 71 -43
54 -15 -73 70 9 -33 -66 25 -40 -2
95 26 -99 -31 15 1 28 50 34 -20
79 -30 -98 61 49 -39 -33 -61 24 6
-29 40 11 -2 -51 65 45 31 50 -55
-25 95 -85 -77 -15 50 -62 -93 37 -70
59 80 -22 -14 -77 45 -76 -77 55 29
46 9 -10 6 -40 0 -39 -50 -93 -73
-32 40 -9 1 42 -75 -8 9 90 83
76 -1 18 -34 54 -77 -1 85 -87 -73
59 9 95 11 2 -19 94 -15 -89 57
57 19 -11 97 58 42 65 5 -28 -52
-96 8 -16 19 -28 97 -7 60 -17 -95
-47 -93 -53 -13 35 21 66 -23 -45 -32
-21 87 15 -98 82 -34 -49 -70 -26 82
-18 -26 -13 -84 12 -85 -45 63 -24 73
-70 22 9 -13 -43 64 -91 85 -27 -99
-13 92 15 -98 75 -32 56 55 92 -3
-30 48 98 -75 93 5 89 49 86 62
19 -58 71 -8 33 -67 93 55 40 36
19 25 79 20 35 52 -86 -16 -83 -26
-53 3 22 13 -54 -12 -10 -85 -42 42
31 37 -51 -94 98 65 -81 -42 -8 -20
-21 75 -86 21 -69 6 29 8 -46 -53
72 26 0 72 39 59 -9 70 58 -8
-90 90 -25 -72 -24 94 -33 -40 -15 40
79 34 45 -8 32 38 98 26 8 62
96 -93 12 -83 46 -49 -20 41 -64 86
-91 -48 20 13 -72 -18 74 91 6 -6
-89 -29 98 83 -81 -35 83 -66 -57 -52
-64 -23 20 69 -45 41 33 64 -33 72
-20 -92 81 49 -97 -88 33 -6 -66 36
-61 -20 70 14 -74 80 72 -11 -4 -26
-95 -78 11 -72 -46 -36 9 26 68 31
-38 92 -60 6 99 -5 64 22 53 -8
10 -37 -82 -24 -23 -21 -94 47 13 9
