75 38 16 10 21 49 46 59 54 28 7 61 2 14 48 66 6 50 60 32 31 42 40 58 11 12 39 72 22 71 5 29 43 30 70 17 9 19 34 1 63 18 13 52 27 65 26 44 23 57 33 51 74 8 4 68 47 67 53 20 69 0 73 15 41 36 64 62 24 45 37 25 35 56 3 55
13 54 66 20 2 50 36 19 7 58 37 15 25 35 1 30 43 59 71 45 51 21 23 6 26 4 61 11 34 57 63 22 29 39 44 72 52 9 55 73 41 62 69 47 8 70 67 32 53 24 27 16 38 18 0 65 40 42 31 17 5 68 74 33 28 56 75 64 46 60 14 12 10 48 3 49
50 9 70 3 25 12 51 28 16 46 21 63 47 41 62 17 49 57 64 66 18 14 29 5 20 15 27 39 31 22 7 35 33 56 73 10 61 2 6 36 52 13 37 42 59 71 40 8 67 55 65 11 38 45 54 0 75 74 72 60 48 34 43 69 1 68 32 24 30 53 19 4 44 23 58 26
50 15 49 72 74 38 29 37 2 57 34 48 1 24 67 13 0 56 64 68 11 30 7 75 19 46 53 55 23 3 21 12 54 25 52 27 16 14 70 41 9 66 22 44 71 43 42 51 8 69 45 62 73 59 65 36 31 26 28 61 17 63 58 60 35 47 40 10 32 18 20 6 4 5 33 39
18 15 30 40 38 47 49 72 23 44 71 29 67 10 7 13 1 43 63 31 53 73 28 33 42 68 50 58 25 61 39 60 14 57 24 69 52 36 8 55 41 48 46 21 75 56 65 0 17 35 34 2 32 3 22 45 4 12 64 5 66 11 62 6 20 51 74 59 19 9 70 26 27 16 37 54
48 44 33 53 55 61 31 67 60 32 12 4 70 6 34 13 75 47 38 23 3 16 36 51 43 30 52 74 45 8 21 71 65 2 24 40 73 46 68 57 54 59 18 10 56 37 14 5 0 22 15 62 9 72 63 27 26 42 41 28 49 64 50 17 35 7 58 66 29 19 25 1 11 69 39 20
31 44 71 27 67 39 73 37 38 20 47 69 17 72 52 57 22 58 35 53 45 7 51 68 18 2 4 65 10 9 12 56 41 49 30 59 3 55 8 13 26 43 48 74 15 24 14 11 23 29 70 28 63 34 61 54 40 25 33 32 50 75 0 66 21 5 1 62 36 19 60 6 16 42 46 64
4 32 58 12 68 16 59 8 39 21 49 31 34 53 44 35 45 60 56 33 26 28 51 1 66 9 18 5 42 10 25 20 54 7 75 71 48 0 62 64 61 41 30 73 15 52 65 17 2 13 72 14 57 63 67 55 38 11 37 40 46 43 74 69 50 6 27 19 36 70 23 3 29 22 24 47
10 60 41 53 58 28 15 17 5 12 74 2 42 38 50 71 25 39 73 46 21 19 13 0 48 32 7 47 61 57 68 66 37 14 69 49 36 27 67 55 34 45 6 43 75 52 62 54 29 24 64 31 23 35 56 1 40 65 44 3 59 8 26 22 11 33 72 63 51 16 4 9 70 30 18 20
2 62 20 1 34 65 6 66 61 21 18 54 47 64 22 10 16 59 30 72 52 46 53 63 0 56 74 13 3 37 73 32 4 41 38 69 49 45 55 75 23 71 70 33 26 67 42 17 12 27 8 19 39 7 68 36 58 40 25 11 29 44 14 15 60 48 24 35 43 5 9 31 28 51 50 57
5 33 37 41 3 36 69 18 10 8 27 43 34 22 54 23 45 71 61 21 63 62 29 15 14 28 55 46 66 68 13 49 57 60 51 17 70 31 32 39 6 25 20 44 4 72 24 35 7 30 26 1 40 48 2 9 65 0 64 52 58 67 50 59 56 16 74 11 53 75 19 47 42 12 38 73
5 48 12 63 59 21 57 35 39 29 10 19 28 17 72 11 74 25 22 31 75 68 24 49 47 64 53 30 7 40 14 54 16 3 38 43 67 33 62 20 27 60 37 65 15 56 8 9 23 73 18 55 61 50 45 70 51 52 41 1 2 13 71 42 34 4 36 69 44 6 66 0 26 46 58 32
40 44 36 54 74 5 28 25 3 72 15 14 63 39 37 45 22 52 46 18 75 32 24 7 38 66 1 35 23 21 29 48 19 50 30 71 43 31 60 41 20 68 53 42 69 2 0 70 49 55 64 56 47 27 16 17 10 57 65 33 6 4 8 11 13 61 58 34 62 73 51 9 67 59 12 26
27 48 6 49 71 38 34 51 45 40 2 29 41 8 7 14 53 39 62 16 28 31 54 4 33 50 68 61 73 22 24 17 43 69 19 37 70 72 75 12 65 63 5 25 26 66 36 44 21 30 57 55 23 52 60 42 56 59 3 46 35 13 47 18 32 11 9 64 0 58 67 1 20 10 15 74
41 43 59 2 24 0 60 7 51 39 63 58 62 75 72 55 8 37 45 30 31 65 66 29 18 5 64 21 69 73 42 50 47 40 28 71 74 15 10 53 33 14 52 46 36 61 68 17 38 9 19 48 22 32 44 1 12 35 49 54 23 6 16 67 34 4 27 20 25 11 56 13 70 3 26 57
16 59 75 45 28 3 9 47 64 38 23 65 57 15 49 41 43 5 31 25 62 60 30 58 4 66 21 13 26 1 20 32 39 2 70 40 55 35 34 18 52 74 63 68 36 67 33 69 44 71 48 22 0 6 12 8 73 37 27 51 11 10 24 42 14 54 7 17 61 56 50 19 46 29 53 72
21 42 51 52 37 4 1 71 26 34 17 5 60 38 68 40 16 55 54 43 11 44 39 2 50 46 31 47 9 33 23 25 13 72 56 58 18 28 48 12 30 14 61 62 49 19 32 24 22 53 0 69 20 67 63 35 8 66 70 7 75 57 64 45 27 3 59 10 74 36 65 6 15 41 73 29
16 17 40 59 49 58 42 41 28 26 50 32 72 21 39 53 34 67 30 51 13 24 69 31 71 33 22 44 75 63 23 20 45 43 5 8 0 14 64 9 47 57 11 66 65 27 2 70 46 62 55 4 25 48 68 29 15 54 35 19 74 1 7 3 12 37 61 38 52 6 36 60 73 10 56 18
25 64 9 26 33 41 59 32 49 21 71 8 30 14 1 51 22 54 37 67 16 42 57 45 48 62 7 35 60 6 36 24 52 53 74 70 58 20 23 44 27 61 0 34 73 68 29 65 31 15 56 69 19 50 10 40 28 2 38 75 72 13 18 55 12 47 4 46 11 17 3 39 43 63 66 5
61 56 19 24 29 37 13 30 16 26 25 10 54 47 73 70 2 58 74 75 51 67 62 14 18 4 59 45 12 21 49 71 72 15 8 41 40 65 60 34 28 22 64 53 52 0 66 6 11 57 3 55 7 1 50 44 42 43 33 38 69 35 63 5 23 39 68 31 20 36 48 9 46 27 17 32
47 32 64 2 20 42 1 53 48 16 71 38 3 56 17 60 74 5 44 51 68 70 22 30 75 10 46 28 18 29 0 73 67 65 8 33 55 63 52 25 31 57 59 21 66 12 61 37 35 15 54 23 9 11 72 45 14 50 26 19 41 24 4 49 34 39 69 62 58 36 40 27 43 7 6 13
12 38 21 61 53 5 75 49 2 22 15 65 44 16 9 36 74 11 0 30 66 29 69 10 71 64 25 60 34 17 57 41 26 18 50 13 54 33 27 56 14 48 42 31 32 63 1 23 51 58 43 59 47 37 55 4 72 24 73 52 45 28 39 62 3 7 46 8 40 19 68 20 35 70 6 67
74 13 17 59 67 64 35 68 20 31 38 46 28 50 33 73 34 65 71 52 41 43 48 15 58 61 23 56 47 19 7 51 42 18 60 63 5 36 44 30 9 54 66 8 55 49 27 26 39 37 57 2 72 40 21 22 53 69 24 62 45 1 4 10 25 11 29 70 3 16 6 0 12 32 14 75
10 38 28 7 54 63 73 27 62 22 40 1 68 19 75 14 33 35 3 44 67 15 65 48 12 23 69 17 61 59 42 51 29 46 21 43 71 30 55 20 24 0 57 8 49 50 41 6 37 25 60 2 34 32 18 53 26 11 47 52 5 39 45 70 4 64 16 58 74 36 56 31 66 72 9 13
38 10 32 40 8 72 22 54 71 15 55 18 7 67 48 6 30 35 51 26 21 0 45 19 57 5 25 23 43 37 42 66 46 41 73 44 63 13 75 28 69 24 36 59 50 74 2 47 29 68 65 14 17 49 34 27 12 39 62 20 61 31 11 9 60 56 16 70 3 33 53 52 64 58 4 1
17 51 59 35 16 4 5 47 33 73 50 39 11 44 32 19 20 58 10 29 69 65 67 41 68 36 15 13 18 27 1 53 62 0 75 7 26 43 31 25 24 37 46 66 28 30 48 54 6 61 55 2 74 42 45 12 71 56 60 57 9 8 64 72 14 23 21 52 22 63 38 49 40 3 70 34
43 0 49 52 46 37 21 74 60 13 24 66 36 73 55 25 34 40 51 65 33 35 5 39 70 8 75 32 61 30 63 4 28 56 18 29 48 42 27 10 9 67 72 41 3 38 58 50 53 47 2 15 59 12 62 20 44 22 11 23 64 54 19 31 6 57 71 16 45 26 17 14 1 7 69 68
70 52 16 15 24 12 60 56 5 23 22 20 26 49 39 32 13 38 14 46 53 68 2 29 9 64 61 66 65 8 18 72 73 63 57 44 21 28 67 40 48 3 37 58 35 7 75 4 42 0 45 43 19 1 59 34 71 33 10 11 25 36 62 31 6 30 41 54 51 74 47 17 50 69 55 27
4 44 41 51 43 33 20 72 7 6 24 59 36 22 67 46 21 17 19 63 37 18 26 66 35 0 50 5 25 54 47 60 31 68 49 15 53 30 14 9 65 3 2 58 27 75 57 64 55 13 28 10 16 23 70 40 45 34 12 74 1 69 32 11 8 39 71 62 52 56 29 48 42 61 38 73
0 35 73 20 37 34 31 8 49 26 4 30 33 46 17 2 52 16 72 64 71 28 42 48 10 27 45 66 7 1 12 74 55 29 70 59 14 9 56 6 47 67 75 18 24 69 61 65 38 62 19 11 32 5 22 13 57 58 41 60 3 63 54 25 53 68 15 44 36 51 21 43 50 40 23 39
2 9 37 35 51 67 58 24 16 5 8 44 19 42 72 15 74 46 27 34 3 25 43 26 29 32 64 21 10 75 68 69 49 73 57 47 7 31 1 17 38 40 36 59 18 28 70 52 71 0 41 12 61 48 56 22 4 66 6 23 20 30 53 39 50 63 54 65 60 11 62 33 14 45 55 13
26 5 41 8 11 2 58 51 56 17 24 71 67 55 34 16 42 15 63 46 73 68 60 29 50 52 64 12 4 35 49 48 45 69 27 31 70 33 66 23 3 0 7 13 37 19 44 18 54 10 74 65 20 39 22 43 1 57 61 21 25 6 9 14 36 62 47 59 40 32 53 30 38 28 75 72
42 40 45 61 50 1 62 46 23 38 69 68 51 58 27 72 34 8 65 60 20 15 37 66 67 6 57 74 33 25 56 9 14 26 55 53 39 47 29 4 31 7 22 44 71 32 41 73 0 21 12 5 43 16 19 2 54 13 17 28 11 52 24 63 10 70 49 59 3 30 18 35 36 75 64 48
45 1 37 44 36 68 31 75 2 69 15 30 50 64 48 54 56 34 63 11 10 61 52 12 33 40 73 49 24 21 41 27 4 55 25 0 53 35 60 29 42 74 38 67 43 71 19 62 23 13 26 72 47 65 58 59 16 6 8 51 39 20 14 57 3 22 5 28 17 66 9 32 18 46 7 70
64 70 19 56 10 75 21 45 30 12 5 7 53 52 28 8 61 11 13 29 50 58 38 15 55 0 42 20 17 1 39 41 25 32 51 40 36 71 48 16 68 69 73 2 3 62 6 31 43 57 46 67 26 49 24 14 4 60 44 54 63 35 27 66 9 74 34 22 37 47 59 72 18 23 65 33
3 34 40 16 27 22 70 19 50 13 37 14 0 53 15 47 64 4 11 54 42 43 1 60 21 49 67 25 36 18 45 2 9 20 26 7 6 66 75 62 12 72 23 73 44 5 38 31 35 68 59 41 17 10 33 58 57 39 56 63 48 74 29 30 65 71 24 55 51 28 46 61 52 32 8 69
18 42 67 52 71 28 12 17 1 26 37 2 45 31 21 59 7 57 58 65 19 63 75 11 30 62 40 15 24 47 60 4 20 73 39 29 61 49 36 70 44 64 27 9 23 46 5 48 74 55 54 41 56 68 22 3 32 25 38 16 8 14 34 0 72 51 6 13 35 43 66 69 10 33 50 53
67 75 23 55 9 19 45 34 3 31 38 48 32 10 51 56 40 52 5 24 37 47 14 57 59 6 1 41 20 29 7 11 65 66 50 74 16 72 70 25 42 13 21 27 63 28 39 61 17 36 46 68 62 44 69 12 43 71 49 35 30 64 26 8 54 73 4 15 0 18 2 22 33 58 60 53
53 21 9 52 36 0 47 65 29 3 20 74 30 12 48 57 14 27 19 71 6 33 46 70 34 4 17 22 42 40 51 58 50 43 16 63 39 72 28 75 67 15 32 7 64 26 69 13 60 31 61 56 1 35 54 23 55 59 41 66 24 38 25 68 5 73 18 10 37 49 11 2 8 62 44 45
0 37 20 57 44 2 48 40 52 11 3 4 12 38 34 62 61 23 49 42 29 56 30 70 13 46 19 63 66 26 1 36 58 6 32 51 5 27 68 74 24 50 9 21 35 55 72 16 60 73 22 47 8 54 71 14 10 53 69 17 25 45 39 33 64 31 18 28 7 43 15 65 41 59 67 75
11 59 15 1 42 12 29 2 37 8 40 64 20 14 47 65 61 66 74 33 0 67 21 70 73 54 4 26 36 52 48 51 19 7 60 72 30 32 56 38 10 34 63 13 58 46 49 41 6 53 25 44 17 57 35 68 55 71 18 62 24 45 3 5 9 23 43 39 31 69 50 16 75 27 28 22
34 61 59 40 38 32 74 18 11 62 35 71 10 36 30 23 28 22 46 15 43 55 5 68 13 41 51 56 52 37 9 63 67 48 54 26 24 14 3 12 44 4 29 75 39 73 16 42 20 19 33 72 6 60 58 1 45 7 70 47 2 49 53 66 31 69 65 25 64 0 8 57 17 21 27 50
42 0 36 23 33 37 35 24 57 66 31 63 32 39 52 21 1 12 58 48 5 54 56 51 45 25 44 46 64 49 74 13 3 68 4 53 75 7 22 38 65 40 55 71 69 62 61 2 9 43 16 30 8 10 14 70 72 67 17 11 60 34 19 41 27 50 20 73 29 26 15 59 28 6 47 18
42 28 33 64 52 60 1 22 62 26 17 59 71 61 44 32 47 13 74 14 39 53 37 35 29 16 66 23 63 12 69 2 45 5 8 25 38 50 65 46 58 54 72 68 24 51 75 6 21 31 40 18 11 9 49 57 56 36 19 15 20 7 73 67 48 43 41 4 70 34 10 0 3 27 30 55
61 7 54 38 28 56 12 60 26 75 50 43 31 62 34 69 33 74 10 39 45 1 58 22 19 29 46 35 13 67 16 15 8 17 42 20 72 44 24 2 55 32 52 53 0 40 68 59 4 27 6 71 25 18 30 63 73 9 41 47 64 66 57 23 3 11 65 70 48 37 49 36 51 21 5 14
70 49 56 11 64 55 32 14 63 20 19 8 42 57 54 74 38 12 48 65 60 30 33 44 47 75 18 40 10 62 35 31 41 0 67 6 25 66 51 24 3 29 22 73 59 1 39 72 13 46 16 17 36 68 28 9 52 5 71 43 34 15 45 69 27 4 61 58 23 21 37 2 26 50 7 53
66 7 41 43 65 48 24 67 63 45 25 55 59 50 75 16 58 46 61 23 27 47 57 71 19 39 56 32 8 0 49 38 73 52 28 60 13 1 30 22 72 10 44 17 70 42 26 12 2 69 62 31 36 53 37 3 4 40 33 14 64 18 68 11 54 21 9 15 35 51 34 5 29 20 74 6
58 30 65 16 23 47 33 10 41 34 15 74 6 60 11 61 1 39 13 7 32 14 59 67 20 64 17 55 57 21 56 69 52 54 18 38 19 9 42 75 53 70 48 3 72 62 35 37 0 28 8 45 22 25 51 31 49 5 27 46 29 2 43 36 71 68 26 50 12 63 4 24 40 44 73 66
9 71 34 4 21 51 52 68 16 37 22 40 41 25 49 65 61 19 11 7 60 66 54 29 2 14 38 10 74 17 44 15 6 33 69 27 42 43 73 1 59 8 55 12 63 53 75 20 62 23 35 58 46 47 0 50 31 3 18 48 57 45 67 5 70 56 13 28 36 72 64 24 30 26 32 39
46 40 18 32 68 37 4 11 36 26 31 48 38 16 72 59 45 7 39 6 56 34 54 52 3 43 57 35 61 62 71 14 19 29 44 9 55 1 20 63 50 28 70 22 75 13 73 51 33 42 67 23 58 15 64 10 69 25 2 5 74 27 8 30 65 66 47 17 49 21 41 53 12 60 24 0
44 63 64 37 43 3 40 34 38 36 48 59 5 73 56 52 47 68 21 66 69 74 35 41 2 17 9 54 0 72 70 45 71 33 46 6 31 19 24 23 57 18 30 50 20 15 28 32 75 12 29 51 11 55 58 1 65 22 26 27 14 10 61 8 4 62 16 42 49 60 67 13 39 7 53 25
42 14 55 4 68 73 20 37 13 34 50 40 18 30 63 0 25 23 69 62 45 49 22 57 35 10 60 39 17 11 65 1 6 72 67 58 19 61 47 74 33 41 2 27 31 36 21 26 5 24 70 7 71 56 48 51 15 53 3 12 32 43 44 9 28 52 64 16 75 54 29 8 46 38 66 59
59 17 5 1 34 46 50 39 18 26 21 69 44 63 41 27 60 75 40 10 7 58 3 56 32 48 45 0 14 55 72 4 66 25 73 9 64 6 37 30 31 43 71 19 38 24 12 35 68 47 29 70 49 20 16 61 54 36 52 13 23 62 28 22 8 42 11 2 33 74 67 15 53 51 65 57
13 3 7 24 33 10 70 63 21 67 11 45 69 72 35 28 30 4 65 73 40 31 15 36 47 53 44 5 41 37 43 52 32 0 59 66 49 6 16 38 22 46 2 14 8 29 20 61 12 74 23 18 75 27 64 9 56 19 25 26 34 71 58 50 60 17 1 55 51 48 39 62 68 54 42 57
38 19 72 50 17 33 26 42 62 24 4 74 48 12 31 40 27 10 65 37 57 60 63 52 21 66 32 22 68 56 2 0 70 71 41 47 59 51 14 7 55 25 30 44 28 43 49 69 3 1 18 39 46 8 75 5 45 64 54 29 20 67 15 16 23 34 13 61 58 35 53 36 73 6 11 9
5 61 2 35 34 56 17 39 47 28 15 12 40 48 60 32 50 9 8 13 11 14 29 54 20 31 1 30 71 49 4 64 58 72 63 37 52 42 51 38 27 6 53 0 55 62 41 19 21 7 67 57 68 75 73 23 44 33 36 25 24 65 16 46 59 70 45 43 26 74 18 10 66 22 69 3
27 32 49 35 40 30 5 15 51 13 9 39 3 23 26 20 71 56 55 44 16 60 67 42 62 1 74 54 10 68 48 65 36 37 21 69 22 0 31 17 66 53 52 14 57 45 73 19 24 12 72 43 4 63 38 18 70 75 25 58 64 61 8 6 29 11 41 46 34 2 33 47 59 28 7 50
40 24 56 41 9 60 38 61 62 28 39 11 47 21 17 68 35 15 43 67 42 23 12 22 59 46 54 6 16 58 45 7 8 2 75 0 63 19 20 30 53 73 14 44 34 37 64 57 5 70 31 55 3 25 18 74 51 1 33 32 52 26 69 72 48 66 10 50 71 29 27 36 49 65 4 13
16 6 23 31 54 27 11 29 30 40 17 59 46 14 44 68 26 5 12 4 15 49 55 43 58 35 13 57 69 50 22 51 25 3 34 42 28 72 41 36 21 62 53 75 48 20 38 37 10 32 67 60 7 52 66 65 9 73 47 0 56 8 45 63 74 24 39 71 18 2 19 64 70 1 61 33
30 16 62 24 51 35 4 39 72 38 7 19 58 42 69 52 48 65 6 64 41 63 59 74 21 71 66 49 68 36 8 17 29 67 53 32 50 26 28 75 34 54 11 0 43 56 22 31 10 23 46 57 37 2 15 3 13 12 73 70 60 1 40 25 61 45 27 20 5 9 44 55 14 47 18 33
53 42 20 55 21 4 32 66 69 49 45 59 13 17 27 12 57 5 48 72 56 71 9 28 73 10 61 75 18 7 65 26 40 30 43 54 74 3 14 6 51 36 16 52 35 37 67 1 63 60 24 41 11 44 25 31 2 62 23 70 64 19 34 68 33 22 0 38 58 46 15 50 47 8 29 39
40 31 21 9 50 24 23 56 6 17 3 2 58 22 53 66 12 75 35 39 63 25 33 51 0 37 45 68 69 46 15 71 60 18 1 65 48 62 14 41 13 57 61 42 10 54 34 52 11 44 30 32 55 8 43 29 4 73 38 20 36 49 19 72 7 67 59 16 5 26 47 27 28 64 70 74
37 30 29 26 31 56 69 35 61 68 11 72 40 38 64 58 57 65 22 45 1 33 10 9 20 71 75 51 13 43 5 73 18 4 6 59 50 42 52 17 46 67 62 0 8 47 66 19 55 49 27 54 12 41 25 3 28 32 16 44 7 63 74 2 24 60 21 23 14 34 70 53 48 15 39 36
25 40 3 39 14 4 58 51 53 55 59 10 37 44 15 50 1 47 12 57 72 43 27 64 18 30 61 6 75 8 38 22 13 0 67 60 28 69 46 49 7 56 33 34 35 52 31 17 19 73 32 9 41 24 65 11 26 66 54 63 74 20 42 62 45 68 23 5 16 29 71 21 48 36 70 2
50 55 30 28 44 19 32 49 53 29 39 25 11 59 15 72 9 43 46 35 60 47 16 52 8 13 36 57 56 18 4 73 21 42 26 23 20 12 14 48 34 67 68 62 33 70 0 7 41 74 37 45 2 17 66 22 31 75 6 5 27 69 40 54 63 61 24 71 3 58 64 1 10 38 65 51
61 38 5 27 60 39 6 41 8 40 37 18 29 50 12 74 42 62 68 9 4 67 70 71 53 31 1 24 48 7 20 72 54 45 49 55 52 23 10 47 56 69 44 57 0 66 21 35 16 36 46 58 51 34 75 11 13 2 30 64 19 63 32 3 73 15 33 59 65 43 26 28 14 25 22 17
22 66 23 10 63 41 11 74 45 42 31 68 49 56 7 50 21 16 34 73 47 25 38 57 30 8 40 52 55 6 35 69 15 54 19 65 29 17 44 0 58 62 36 2 28 3 39 37 46 51 1 67 43 48 26 61 12 70 59 14 72 53 5 18 60 75 24 32 9 13 4 20 71 64 27 33
4 75 14 9 53 51 29 46 65 35 41 36 6 56 24 25 23 69 16 17 12 30 74 54 44 26 60 31 42 68 7 20 5 27 37 33 22 58 11 50 66 48 19 47 67 0 49 18 3 55 43 61 1 21 59 72 28 15 71 38 40 8 34 10 73 39 32 63 2 52 70 64 57 62 13 45
71 9 53 55 48 60 75 2 20 45 11 68 29 15 54 70 36 40 65 12 26 35 16 22 19 34 58 31 42 4 33 21 74 47 57 61 56 44 18 23 51 24 25 17 69 3 50 30 8 59 38 6 52 37 46 10 1 72 62 67 13 0 43 73 39 7 32 5 64 66 14 63 27 28 41 49
68 13 35 44 65 6 36 57 53 20 62 11 28 39 23 5 41 54 15 64 55 24 32 34 22 56 14 4 17 61 40 31 49 63 30 46 60 59 71 37 12 29 45 51 74 7 33 26 0 69 38 48 50 52 43 67 21 18 2 27 8 19 10 16 42 3 75 9 72 1 66 73 70 58 47 25
12 44 53 65 66 37 25 2 13 15 32 5 55 52 59 18 17 10 68 48 41 29 19 16 3 0 57 21 1 35 24 6 74 26 64 38 71 58 14 72 49 11 63 27 51 22 4 46 31 28 7 50 56 69 33 45 67 9 40 43 62 70 36 47 34 75 8 42 39 54 61 30 23 60 20 73
20 41 25 18 37 35 15 24 13 75 67 52 31 49 72 14 54 44 7 38 66 61 19 22 1 63 55 36 29 10 34 46 45 32 30 69 4 11 27 40 51 23 47 43 17 73 68 56 71 74 62 0 50 70 65 28 12 42 26 53 5 8 60 59 33 2 57 3 58 48 16 21 6 39 64 9
8 43 34 15 47 37 55 1 6 17 33 63 3 35 50 29 65 5 45 69 74 27 12 44 57 58 70 49 21 10 66 42 26 13 30 14 32 25 31 71 67 64 61 73 72 56 39 19 60 38 53 51 4 0 7 75 40 59 41 68 54 22 52 20 16 2 48 23 28 36 18 9 46 11 24 62
71 65 22 41 53 75 12 52 6 46 39 62 14 16 34 25 54 10 0 7 24 72 43 32 48 66 3 13 58 35 9 27 68 45 5 2 26 20 74 60 49 8 42 38 44 15 30 63 57 1 50 56 64 28 31 61 17 69 40 11 73 51 19 37 23 36 21 4 59 18 33 55 67 29 70 47
7 12 41 42 65 71 63 32 15 75 56 48 14 28 1 4 62 43 11 46 68 30 50 18 47 6 23 52 19 61 69 58 16 17 60 54 53 59 5 45 64 72 40 21 38 0 70 67 37 55 66 74 25 2 57 51 44 31 10 9 3 29 24 39 26 33 35 27 34 22 13 73 49 20 36 8
50 11 66 54 38 45 23 70 40 13 62 4 60 9 68 26 36 14 31 37 22 32 19 3 25 41 65 18 55 47 42 52 71 29 46 34 10 75 72 8 28 67 74 1 6 48 56 33 35 16 61 43 63 44 2 21 53 7 12 49 58 59 24 73 39 0 64 27 17 30 15 57 69 20 51 5
1 34 61 52 25 22 39 4 69 67 68 8 63 36 27 42 45 44 17 60 21 32 0 15 26 16 20 59 6 47 53 11 62 64 18 43 55 40 72 57 38 2 12 28 65 7 23 29 9 66 50 31 10 49 13 70 5 54 33 41 56 73 51 75 19 24 3 46 35 37 71 48 30 58 74 14
52 67 50 73 38 3 39 35 23 28 6 58 68 24 56 1 53 43 26 31 65 12 64 4 45 9 55 20 22 62 17 33 42 16 8 5 46 37 59 40 61 2 71 69 57 13 18 70 54 10 74 60 7 15 34 25 21 32 75 49 66 19 51 11 14 0 30 27 29 72 36 63 44 47 41 48
33 2 13 54 7 68 57 63 0 27 59 35 12 31 52 46 21 38 5 69 15 55 19 36 50 1 74 23 44 70 42 45 14 53 22 11 37 20 64 4 67 58 49 10 26 41 16 48 25 8 3 60 18 62 34 47 32 73 30 29 61 9 28 6 39 51 66 24 65 71 40 56 43 17 75 72
44 8 28 53 18 30 67 66 37 39 11 31 63 34 1 38 47 74 5 32 40 3 73 35 23 7 9 26 71 60 75 12 10 15 14 43 16 41 64 61 50 4 13 25 33 21 72 27 48 52 69 6 19 59 0 2 49 70 51 36 65 17 20 24 55 42 46 56 57 45 29 58 54 62 68 22
19 60 27 59 18 25 31 8 14 52 71 47 0 12 42 58 10 64 57 53 48 23 46 62 54 34 15 5 30 61 7 26 16 22 69 4 6 63 32 35 20 44 70 3 13 29 74 43 38 67 45 49 11 21 36 28 40 75 51 1 39 33 68 65 72 56 9 73 50 17 66 2 24 41 37 55
47 38 51 29 8 3 26 31 19 67 13 0 28 11 33 35 58 60 25 7 5 10 21 45 37 52 63 64 68 22 18 24 61 32 62 39 43 57 73 56 20 12 48 36 2 69 59 9 23 50 55 53 4 27 40 65 16 1 42 54 71 75 74 34 72 41 14 49 44 66 70 15 6 17 46 30
39 65 52 44 4 67 18 22 0 23 54 70 40 9 1 66 29 30 36 15 21 45 26 63 56 2 38 5 72 68 59 11 42 28 34 53 73 48 8 46 17 62 6 14 51 55 64 32 19 33 74 24 57 47 50 3 69 75 13 61 12 27 35 49 25 71 10 31 43 7 20 41 37 60 16 58
23 20 14 41 71 63 27 11 32 7 13 38 5 39 37 28 18 56 30 68 70 57 49 35 48 73 36 67 51 31 75 47 40 72 26 59 58 2 22 10 62 45 64 15 54 21 9 60 12 43 0 69 66 42 19 3 29 61 33 44 46 4 8 53 65 34 24 74 6 25 16 55 1 17 52 50
36 7 15 38 23 64 2 24 73 45 49 17 44 1 54 74 11 69 68 70 65 10 75 29 14 30 56 21 58 31 26 67 72 46 18 16 57 12 20 41 8 55 33 35 47 9 71 6 19 53 66 39 32 27 40 3 61 48 28 59 51 63 60 22 13 43 25 50 37 42 62 34 52 0 5 4
11 8 61 5 62 60 9 71 32 1 19 4 53 45 69 55 14 7 31 47 56 50 35 26 18 10 75 65 16 37 29 66 17 39 21 30 73 72 41 40 0 28 67 51 34 38 33 13 43 15 46 44 49 22 59 12 74 63 52 64 42 6 68 58 57 70 36 27 3 25 24 48 23 20 54 2
63 0 14 20 69 31 42 40 66 59 33 56 64 24 11 36 18 12 13 4 30 21 45 1 19 58 70 26 37 32 28 41 16 50 15 34 10 73 52 8 23 49 29 60 48 75 17 55 3 68 25 62 43 9 46 38 51 7 2 61 65 27 54 44 39 47 74 72 6 71 5 53 67 57 35 22
28 60 18 25 65 62 44 3 51 39 12 55 21 1 10 59 69 58 74 71 26 56 47 45 38 35 66 64 63 70 0 9 50 27 48 43 75 19 8 22 11 41 13 34 53 2 67 6 33 42 46 32 57 16 17 73 72 4 61 37 49 30 54 40 23 5 52 68 14 20 36 7 15 31 24 29
54 24 62 74 45 19 12 15 66 40 41 36 11 1 34 16 21 6 18 23 32 8 26 75 64 50 68 13 72 9 48 49 63 65 3 71 28 60 67 29 10 31 47 22 58 61 20 44 59 46 37 2 42 35 73 56 57 17 33 25 14 30 52 69 38 4 5 39 53 55 27 43 7 0 70 51
60 27 52 57 71 5 10 11 19 3 74 47 62 54 26 30 73 17 14 34 8 38 20 70 15 72 56 23 31 9 12 6 42 36 25 2 33 49 48 13 68 4 32 21 51 0 24 55 61 66 50 29 64 7 35 75 40 53 28 67 63 59 46 39 16 65 37 1 18 22 41 45 58 69 44 43
56 27 65 64 29 42 68 5 49 70 67 22 33 54 15 40 23 74 36 39 48 6 24 58 4 19 25 8 18 44 41 9 10 11 3 0 45 35 1 62 50 47 38 71 75 43 66 69 31 46 51 37 7 13 53 32 34 59 30 2 57 20 21 63 72 12 55 52 28 16 61 60 14 26 17 73
36 40 45 18 70 58 13 47 73 44 6 25 5 37 0 54 11 48 15 61 69 9 68 30 62 27 55 1 22 2 33 67 53 50 57 51 4 41 65 74 60 46 66 64 52 75 8 20 59 17 43 49 26 35 23 10 42 29 32 71 14 72 12 38 3 63 21 19 16 56 24 39 7 34 28 31
15 20 5 3 57 31 55 24 65 39 54 7 23 42 68 48 51 45 2 64 18 72 56 29 47 43 69 19 38 17 62 36 4 61 16 9 27 28 66 63 37 11 30 22 14 60 25 71 13 59 67 58 12 44 52 32 70 35 73 75 26 50 6 49 74 33 34 40 53 8 21 41 10 46 1 0
58 0 27 5 8 42 32 59 33 12 39 74 52 44 67 16 20 46 28 10 72 49 40 14 9 51 54 25 41 45 17 31 21 4 23 48 3 36 75 24 65 6 22 64 53 55 47 50 34 19 61 15 26 2 69 73 66 7 71 30 13 63 18 62 43 68 37 38 70 57 1 11 56 29 35 60
75 62 40 17 29 24 45 19 60 9 38 21 35 28 58 10 1 65 49 32 68 26 6 25 39 37 66 2 5 51 27 72 43 33 41 44 63 47 69 36 46 50 64 23 14 22 57 7 20 30 70 67 53 11 71 56 54 59 12 55 18 31 34 52 3 0 42 73 8 13 4 16 74 48 61 15
10 52 61 69 32 33 45 56 53 20 7 19 35 75 63 60 51 62 59 41 74 6 70 23 43 2 57 12 50 11 1 55 26 31 15 27 5 72 34 44 0 54 28 37 14 49 68 47 25 64 36 46 38 67 29 71 8 39 58 9 22 3 65 30 13 40 16 24 48 73 4 18 42 17 21 66
49 62 44 4 46 61 27 43 31 25 70 18 68 57 53 51 0 66 3 60 12 52 33 26 11 56 48 14 54 20 1 74 55 41 8 72 36 13 35 21 63 30 50 67 2 28 16 58 45 64 65 19 37 7 34 6 42 15 39 5 22 9 69 38 29 32 59 17 23 24 75 71 73 47 10 40
38 71 23 41 6 55 43 47 33 19 1 26 69 18 56 40 68 39 31 48 3 60 58 22 62 35 14 72 12 28 63 64 32 65 17 5 59 74 20 21 50 46 42 73 57 4 2 16 11 24 44 30 25 27 13 54 49 51 34 7 10 0 8 75 37 29 66 52 67 61 36 15 70 53 45 9
9 4 17 50 6 54 39 44 13 48 41 7 46 30 35 14 69 53 32 21 47 1 45 67 56 18 73 20 12 68 75 49 31 51 43 0 27 19 10 72 65 16 36 23 42 60 5 55 40 26 33 57 70 3 38 62 63 8 74 22 24 64 28 66 2 59 61 71 15 11 58 29 25 37 34 52
5 39 23 22 56 67 21 3 32 17 13 30 28 62 6 24 49 50 40 9 18 16 52 2 68 25 19 14 45 29 64 71 66 58 53 15 42 47 69 12 37 41 8 74 72 73 34 20 10 31 59 43 57 38 35 36 54 63 7 33 55 27 60 75 44 51 61 11 0 1 46 48 65 70 26 4
