61 23 47 7 24 42 58 44 17 29 46 68 65 9 1 45 64 25 5 14 21 71 72 60 50 66 35 54 22 69 0 53 33 26 74 38 13 28 34 32 27 49 4 39 67 10 30 3 37 40 16 63 51 59 41 36 56 73 19 43 57 75 62 70 52 6 11 20 8 48 2 12 31 55 15 18
74 73 15 48 13 0 69 28 3 65 43 11 33 41 18 40 20 5 38 62 10 14 49 47 51 56 35 25 9 71 37 16 53 39 50 36 30 17 45 27 70 22 1 57 61 12 60 42 46 66 2 6 29 68 54 75 55 7 4 31 64 21 44 72 23 24 58 59 67 34 26 8 32 63 19 52
10 30 50 18 73 75 38 17 67 12 35 47 56 5 3 27 21 42 23 60 4 63 45 61 25 39 2 62 19 74 40 29 52 43 57 0 36 68 59 16 32 6 41 54 53 49 28 22 58 8 7 66 46 64 20 9 13 55 15 34 70 1 31 37 72 65 26 24 33 71 51 11 48 44 14 69
23 24 28 2 71 64 75 33 17 70 3 29 54 45 19 13 74 8 11 39 52 55 14 25 38 48 0 51 22 5 63 73 18 41 60 50 7 66 6 58 1 10 53 34 43 4 26 65 61 40 20 32 15 30 62 35 69 9 31 49 42 37 59 21 16 67 44 27 36 57 72 68 46 47 56 12
32 65 19 60 67 64 42 68 29 21 57 24 1 22 0 37 31 66 3 14 44 35 43 49 71 34 33 55 59 41 27 9 74 8 6 52 61 53 12 70 50 16 51 5 56 62 46 72 18 17 73 39 4 40 7 38 11 15 69 75 30 28 10 54 48 63 45 47 13 20 26 25 2 36 23 58
18 24 44 59 27 37 70 9 29 53 66 20 14 71 26 64 38 10 63 15 69 13 61 45 25 17 73 28 1 2 55 68 74 16 21 60 11 0 43 22 33 57 56 49 48 8 42 7 41 23 50 47 75 3 46 19 67 54 4 51 30 34 62 12 6 65 72 31 36 32 52 58 40 5 35 39
5 20 1 68 75 37 61 41 17 34 66 47 22 48 24 11 51 40 7 14 35 71 74 31 19 3 9 28 32 45 44 12 64 27 65 15 69 29 49 59 10 60 16 46 36 18 6 30 72 53 38 54 33 73 43 39 8 56 23 55 58 57 70 42 63 25 67 52 13 0 21 62 50 26 2 4
4 11 54 32 19 42 60 25 18 44 6 37 9 50 57 5 75 63 65 46 62 30 69 31 72 36 67 12 74 15 52 56 23 33 55 68 16 3 24 17 41 59 61 47 0 71 45 53 8 2 70 14 22 1 51 20 38 43 48 27 40 39 28 13 35 58 49 21 64 10 66 7 26 73 34 29
58 0 57 54 62 40 2 72 22 30 8 71 26 42 15 10 66 7 17 64 65 38 48 13 70 67 3 45 20 32 47 75 21 74 41 56 9 37 6 23 5 18 43 11 61 53 24 50 27 33 31 39 25 28 60 36 1 12 69 68 52 29 14 51 46 44 34 16 55 35 73 63 4 49 19 59
46 68 11 67 25 53 4 23 9 69 33 54 2 26 31 8 0 47 55 17 30 18 66 19 13 15 38 72 65 70 61 43 58 20 34 3 35 71 24 73 62 36 42 1 14 56 45 7 22 27 52 37 10 28 48 32 40 57 39 60 63 64 16 50 41 12 74 51 21 5 59 49 29 44 75 6
18 61 56 39 22 45 32 44 31 46 50 16 25 13 19 70 68 47 59 8 75 73 0 23 30 54 38 4 57 65 26 42 29 36 67 40 64 21 55 41 34 66 17 28 10 74 27 35 7 1 58 11 20 52 62 33 63 71 14 49 69 37 48 3 15 2 9 6 60 12 53 24 72 51 5 43
53 34 18 36 12 5 32 71 30 11 63 21 67 58 47 64 66 29 15 19 1 56 49 69 9 16 22 35 6 20 41 62 43 59 7 44 42 17 2 72 57 39 70 51 61 33 24 31 50 52 23 13 38 54 45 75 25 0 48 28 40 26 65 60 74 4 37 3 55 46 14 68 10 8 73 27
40 75 44 23 60 29 68 69 45 3 33 71 24 26 8 42 74 22 14 72 37 57 2 25 55 5 56 47 70 73 34 53 11 7 50 58 63 6 39 32 1 41 20 27 35 52 4 17 46 51 10 43 28 31 61 48 36 9 67 12 13 54 59 49 0 18 64 62 21 66 16 38 19 15 30 65
9 27 41 53 64 20 50 4 26 3 52 40 44 70 15 43 48 28 23 38 58 16 31 73 5 35 14 68 63 59 10 37 24 75 47 72 55 61 17 22 6 30 62 11 32 49 7 0 2 60 51 21 18 8 34 13 71 74 67 65 36 69 42 45 33 46 39 19 29 1 57 56 12 25 66 54
21 8 47 44 11 52 56 30 35 1 7 69 64 3 13 57 68 34 14 19 6 43 23 26 5 67 41 18 2 72 0 48 73 66 39 27 50 16 55 38 60 49 63 74 32 4 51 37 15 46 58 28 71 20 24 75 33 53 25 40 31 17 22 10 62 42 61 12 54 36 29 9 45 70 65 59
22 72 11 48 35 34 44 54 50 29 61 71 25 23 56 49 28 12 70 57 37 42 17 59 3 16 74 1 63 55 39 24 36 53 2 4 14 6 46 58 7 38 21 33 68 47 9 65 15 66 40 41 30 67 73 62 31 5 13 18 19 64 0 75 10 69 43 8 20 60 27 52 32 51 26 45
52 38 70 1 34 67 8 17 13 22 16 41 26 43 66 2 25 30 48 3 68 45 18 47 57 39 20 4 56 42 44 62 7 36 29 12 37 51 58 69 72 54 74 32 28 59 50 35 31 40 0 27 33 19 60 71 46 14 6 55 63 15 53 9 49 61 65 75 64 73 5 23 24 10 11 21
32 41 23 36 52 59 47 74 64 21 62 33 29 65 3 37 45 39 1 25 22 58 49 61 53 67 75 11 63 40 15 16 10 6 56 70 44 55 27 48 18 72 42 50 38 13 4 26 46 54 35 12 57 24 31 60 9 43 20 68 28 7 2 0 5 34 14 17 8 30 71 19 66 51 69 73
12 4 67 55 25 56 27 1 47 51 46 62 38 66 74 29 75 53 24 22 14 37 26 2 19 57 50 23 72 10 7 9 69 41 8 33 3 42 16 32 31 65 73 18 49 64 45 58 28 71 39 60 34 68 0 17 48 63 13 43 15 36 44 61 6 52 35 54 21 40 20 30 70 11 59 5
12 8 55 74 43 66 47 21 27 34 22 57 48 65 37 71 46 28 42 13 45 18 75 24 20 62 61 38 0 14 16 5 7 52 54 11 44 67 63 50 33 59 26 2 35 10 4 73 19 68 15 23 9 1 69 53 72 49 70 29 3 30 40 17 56 60 39 51 64 36 31 58 25 41 32 6
23 11 14 9 44 42 32 58 7 10 73 8 31 66 63 4 53 34 75 69 20 52 74 49 68 46 45 35 15 62 67 51 57 64 39 36 40 38 21 27 33 1 19 25 61 12 3 70 30 43 24 47 56 28 60 2 5 18 48 17 6 16 54 29 71 37 13 72 41 65 22 59 50 55 26 0
29 7 68 62 38 32 70 65 19 44 16 72 39 30 11 35 41 34 13 1 17 63 23 25 15 43 27 9 69 18 31 67 64 24 5 33 46 49 40 45 66 51 53 54 57 37 8 36 60 59 20 3 56 52 22 42 12 48 0 50 21 73 10 61 55 14 2 26 6 74 71 47 4 75 58 28
65 1 71 33 24 15 53 58 43 0 46 26 48 52 3 68 57 44 11 69 21 34 47 29 41 7 28 56 55 59 35 72 62 25 64 67 5 74 39 8 66 16 27 14 31 50 36 2 42 17 60 40 6 20 49 61 22 19 63 70 4 30 38 13 18 73 37 51 10 12 23 32 54 75 9 45
68 65 43 0 50 14 2 12 13 44 20 34 22 37 49 16 27 58 54 1 55 5 31 15 51 4 8 47 52 23 26 36 75 67 3 29 9 11 61 73 46 63 33 56 25 7 74 30 35 10 18 21 59 38 45 40 71 66 17 41 42 53 6 62 48 32 70 24 39 57 72 19 69 64 60 28
67 46 55 31 64 11 16 17 0 25 26 51 33 36 27 61 65 69 50 48 75 28 52 5 3 44 22 14 40 66 56 8 9 45 1 68 59 21 37 74 38 29 20 58 47 42 19 4 32 60 6 35 34 72 71 30 39 13 12 54 18 15 41 10 62 73 43 53 7 24 49 23 57 63 2 70
24 41 73 37 31 14 15 53 6 19 8 32 56 39 10 42 28 44 29 61 27 46 63 62 68 13 74 69 30 25 47 9 2 3 48 43 59 67 20 70 21 72 12 26 38 0 34 23 22 17 4 16 60 45 58 66 71 5 65 40 11 57 7 50 75 51 33 18 35 55 1 52 49 54 64 36
71 43 13 32 20 8 41 59 5 48 19 72 36 39 44 61 4 46 11 10 0 24 58 63 65 33 35 60 70 50 1 42 7 53 52 29 34 62 47 27 30 26 22 23 49 64 51 56 18 17 75 2 54 45 69 25 74 68 40 31 66 57 12 9 55 28 37 6 67 3 38 16 14 15 73 21
33 0 73 18 61 50 75 41 20 1 22 47 59 60 2 51 37 16 39 19 7 66 6 57 34 56 44 42 32 5 30 69 48 8 46 67 53 62 21 11 14 70 72 64 38 31 68 54 71 43 49 45 13 36 28 24 23 65 55 25 9 74 63 35 15 52 10 58 3 40 27 12 17 4 29 26
47 66 35 62 26 39 54 71 5 73 50 23 70 2 25 0 63 64 56 34 43 30 57 8 74 46 48 52 61 4 16 49 42 19 32 20 29 40 41 27 58 33 15 45 9 68 3 37 28 17 69 38 44 36 51 24 65 60 55 31 11 10 75 12 7 13 59 22 21 6 72 67 14 53 18 1
10 19 33 0 59 69 5 15 30 38 46 43 27 25 71 35 61 45 48 9 70 32 28 55 7 50 16 68 18 29 8 22 52 14 51 12 47 20 41 67 73 58 63 36 72 21 1 64 54 4 42 66 26 44 53 2 40 37 3 49 31 74 23 24 39 65 56 62 34 75 11 6 17 13 60 57
32 21 53 29 71 60 0 31 2 56 41 25 28 14 62 23 55 68 63 65 49 13 5 57 34 52 72 33 11 67 18 22 26 70 38 59 3 51 15 30 19 74 6 10 39 24 40 7 8 61 69 36 46 27 64 58 54 35 4 37 9 43 45 17 50 16 12 48 47 66 20 73 42 44 1 75
12 57 5 65 36 59 62 26 3 19 22 48 51 45 2 38 58 68 1 73 74 11 27 24 42 28 23 54 49 41 66 56 60 70 30 16 31 8 6 43 72 64 69 67 46 47 35 17 53 75 71 20 61 50 13 21 37 14 34 15 55 33 40 0 18 7 39 44 9 4 63 29 25 10 52 32
49 27 42 31 10 28 62 40 16 14 54 9 53 15 38 43 63 67 11 46 65 34 25 4 8 5 12 6 55 58 36 33 75 48 45 18 74 66 1 7 29 68 21 59 39 57 20 26 41 64 61 24 32 2 69 19 56 17 23 3 72 30 71 73 0 37 50 22 44 47 35 13 60 51 52 70
38 66 24 8 75 68 16 52 70 6 21 25 23 53 51 49 3 27 59 30 4 67 33 72 36 28 60 14 11 2 35 65 12 31 69 62 9 48 13 5 56 17 45 57 44 58 42 40 43 74 54 32 50 20 0 55 22 61 47 18 7 37 46 41 1 64 15 34 39 26 73 10 29 19 71 63
47 39 50 59 62 45 36 29 42 26 0 2 1 16 71 43 23 20 60 63 56 35 25 65 31 40 21 5 51 14 11 27 3 72 54 13 34 53 12 30 66 17 67 74 49 37 69 41 70 52 55 57 10 18 6 73 46 64 58 24 38 9 15 7 19 75 32 61 4 48 68 44 22 28 8 33
34 70 42 19 10 29 12 65 6 43 32 24 5 62 58 36 64 0 60 33 40 55 54 47 69 31 21 8 35 17 53 66 28 50 27 71 9 46 51 75 49 20 22 23 11 52 1 72 57 67 14 41 13 61 74 7 38 56 68 39 73 4 3 26 2 16 45 63 15 18 59 25 48 44 37 30
59 54 4 70 3 48 7 49 58 53 39 14 5 22 62 73 65 75 57 74 50 15 40 8 42 69 20 47 24 56 60 66 61 37 9 68 0 72 2 38 34 32 23 18 28 41 64 44 31 45 6 1 21 13 19 51 33 26 25 30 36 11 12 52 63 43 67 35 10 71 29 46 27 16 17 55
48 9 53 25 73 46 29 8 43 18 10 6 26 28 38 14 74 21 16 72 30 27 19 13 60 65 40 62 0 61 22 55 4 2 56 42 17 51 12 33 69 57 66 37 36 35 41 5 31 59 71 23 67 44 11 24 52 70 47 7 32 58 49 54 64 68 45 15 3 34 39 20 63 1 75 50
60 37 10 30 36 64 47 55 16 70 2 38 56 54 29 71 28 3 34 15 75 11 17 73 52 25 4 14 44 40 48 59 68 74 22 35 49 46 6 66 27 51 5 43 8 63 13 61 23 50 31 7 24 26 39 0 41 45 1 18 65 57 19 32 69 67 42 72 33 12 58 53 62 21 9 20
41 39 38 15 42 54 4 72 20 30 67 73 23 17 69 63 36 57 50 26 43 59 66 71 6 27 68 52 70 34 14 56 9 51 53 61 31 64 3 2 48 40 55 29 12 25 11 58 75 1 45 16 46 62 19 65 32 7 10 37 35 28 60 47 74 49 0 44 21 13 33 8 18 24 22 5
42 34 45 14 67 26 32 6 70 55 31 47 33 1 38 63 73 24 60 50 15 22 66 29 52 13 35 8 65 69 43 4 40 36 41 30 49 10 19 12 11 64 56 7 2 74 59 53 0 28 54 27 39 20 18 5 3 58 61 68 37 17 25 23 46 44 48 62 21 75 72 9 71 16 51 57
62 2 55 3 41 35 15 52 64 32 66 25 12 67 43 69 33 45 9 38 49 51 21 0 37 26 75 31 63 28 71 59 70 4 57 24 18 5 20 61 54 42 50 30 19 16 11 40 47 73 39 7 65 1 6 29 68 60 56 48 53 46 22 17 8 58 14 34 23 10 27 36 13 72 74 44
49 55 74 23 36 51 5 63 35 68 34 45 6 41 52 58 21 37 48 2 56 17 24 11 14 32 1 70 25 40 46 47 64 12 13 60 54 4 33 16 38 28 20 72 9 18 27 0 31 7 71 19 22 62 59 67 65 61 75 42 10 15 50 66 26 29 43 57 73 69 30 8 44 39 53 3
61 66 23 37 71 26 20 60 6 48 13 70 25 44 36 29 10 21 18 46 58 0 67 30 62 69 42 57 8 49 19 28 68 31 11 40 24 39 27 38 7 73 2 74 17 4 41 5 55 51 34 47 43 56 3 63 35 50 9 52 32 12 45 75 65 53 72 64 15 14 33 1 16 59 22 54
24 32 13 71 52 69 47 74 70 75 60 14 21 8 64 62 26 11 23 33 20 57 10 39 50 54 27 53 5 35 9 36 0 73 31 30 58 28 18 12 66 65 44 3 72 25 6 2 43 38 67 29 37 63 42 15 49 41 51 46 19 40 68 4 34 55 17 59 61 1 7 16 45 56 48 22
73 28 1 47 35 18 20 74 59 9 23 44 41 32 14 17 4 30 3 52 68 26 72 31 11 21 64 57 24 40 69 7 46 62 6 56 45 15 8 51 55 50 16 49 25 71 66 33 53 38 67 42 43 63 48 29 70 75 0 34 39 58 5 61 37 60 10 13 54 36 22 65 2 12 27 19
4 2 33 43 1 64 35 28 48 52 25 23 57 27 54 6 32 49 38 50 70 68 61 69 45 8 39 72 46 31 36 5 13 51 34 12 30 66 55 17 67 59 7 75 41 0 62 26 15 42 29 47 18 16 53 56 10 20 58 22 44 65 73 21 24 19 60 14 63 11 40 9 37 3 71 74
19 45 38 14 59 53 41 17 10 51 63 54 27 22 30 40 32 73 33 69 12 66 9 71 13 2 47 29 6 21 37 23 28 74 70 67 64 20 3 43 16 8 68 44 4 72 7 31 49 48 58 5 65 25 62 56 11 57 18 35 24 36 52 60 39 26 46 34 1 42 55 61 0 50 15 75
43 72 4 62 17 30 24 29 61 10 63 34 44 35 58 5 23 51 73 59 68 37 2 47 14 42 3 40 39 25 6 50 71 1 52 70 67 54 74 57 20 36 53 65 26 33 31 28 16 49 32 64 45 69 66 13 41 46 75 11 21 60 56 18 0 38 15 12 9 48 27 22 55 19 7 8
47 56 67 57 65 20 36 40 44 60 32 27 64 38 58 14 33 70 42 72 59 51 69 4 3 28 43 25 0 10 61 23 5 16 37 15 2 62 53 55 9 71 74 12 18 29 21 52 73 46 30 54 26 48 31 6 50 68 19 8 35 63 17 11 41 45 13 22 1 34 7 39 75 49 66 24
49 52 68 69 50 54 72 11 61 45 8 57 10 33 34 75 29 12 16 64 56 66 74 53 23 20 39 44 17 60 36 5 25 2 70 67 51 73 32 4 37 38 9 3 42 71 27 21 24 41 62 31 30 28 19 65 46 14 59 43 58 47 1 15 55 13 0 26 63 18 6 22 40 7 35 48
47 49 36 46 52 11 67 34 68 56 54 35 3 1 73 50 24 44 13 20 75 17 25 5 30 65 62 59 40 16 70 69 66 58 27 41 22 2 51 71 26 42 28 55 32 4 60 61 23 48 14 38 43 19 29 53 74 39 64 21 33 72 8 63 15 31 45 10 0 7 9 12 18 57 37 6
6 30 56 23 61 1 36 40 11 5 62 46 14 52 43 75 51 60 68 8 12 59 45 70 25 35 15 55 63 42 74 22 65 17 32 49 69 39 2 28 41 21 19 9 3 58 44 34 13 18 66 7 72 33 38 27 64 31 4 54 20 0 67 73 26 47 16 37 57 50 53 48 10 24 29 71
62 7 21 12 34 13 63 33 69 4 10 66 29 0 39 56 42 8 48 37 49 53 36 59 64 65 67 6 41 20 1 38 50 70 23 9 72 61 44 16 68 35 24 32 45 22 52 71 57 30 14 17 55 18 58 40 11 73 26 60 75 46 28 15 51 5 27 54 43 2 74 25 19 31 47 3
40 17 54 37 45 23 3 49 47 10 15 20 7 32 2 60 50 35 42 48 27 73 39 52 63 28 9 36 5 43 75 38 51 12 64 61 44 33 58 22 18 74 4 14 70 68 41 13 53 62 67 29 65 0 1 11 69 30 72 46 66 71 8 19 57 59 55 21 56 16 34 24 6 26 25 31
67 20 4 62 43 70 59 41 31 54 8 50 35 3 33 2 61 1 25 11 5 71 6 37 9 44 58 15 34 27 56 19 46 69 52 26 49 75 73 64 65 38 47 53 30 51 72 57 36 10 16 0 55 28 60 39 66 42 12 22 23 48 45 40 14 7 17 18 68 24 29 21 32 63 13 74
3 13 45 41 24 62 46 4 63 59 12 16 18 29 42 37 53 20 58 32 49 71 22 43 60 35 27 28 33 17 66 1 72 31 55 54 5 67 6 52 50 26 61 68 0 56 2 57 9 70 23 10 7 14 21 11 75 48 39 19 34 36 38 51 30 8 74 15 69 40 44 25 65 73 47 64
11 69 39 49 35 65 42 53 2 60 23 43 68 73 27 9 14 1 28 33 31 15 12 6 34 61 16 67 7 24 29 26 52 30 4 75 38 57 54 46 63 20 55 62 36 32 25 59 50 72 45 41 3 37 51 10 40 64 70 18 56 19 58 71 5 48 74 8 13 17 0 44 47 22 21 66
53 56 64 62 43 29 1 36 47 0 59 31 73 33 57 23 21 3 72 12 63 45 60 61 30 67 20 49 2 39 16 52 42 18 10 11 25 37 74 48 8 9 5 13 75 22 65 28 6 14 71 68 40 4 34 27 19 32 38 44 15 69 26 24 66 7 50 58 46 51 17 35 41 70 55 54
72 14 25 41 46 31 58 61 19 7 24 12 20 43 59 44 30 67 54 68 73 0 42 4 56 50 52 2 5 63 39 28 64 66 13 33 17 3 65 62 75 21 60 51 27 9 71 38 37 18 45 49 48 34 29 8 47 10 26 11 1 6 74 70 53 36 40 22 57 32 16 15 55 23 35 69
2 57 49 64 58 0 21 69 26 27 62 10 25 67 28 12 56 13 11 14 70 59 7 44 8 22 72 5 50 24 48 32 15 60 55 20 38 68 9 17 1 42 54 52 31 65 45 6 66 37 19 75 16 40 63 51 3 34 4 18 36 30 71 39 53 23 74 43 46 33 29 35 61 73 47 41
16 7 29 58 65 54 30 61 69 10 72 28 2 41 59 19 1 23 5 0 31 46 45 40 47 51 22 55 18 34 73 12 27 62 42 63 6 52 25 4 39 64 70 37 15 38 43 60 35 26 71 3 8 11 33 20 50 13 53 14 57 32 67 44 9 66 17 48 49 68 24 56 36 74 75 21
42 41 62 57 22 74 35 25 5 2 20 26 55 63 70 52 58 40 7 12 3 18 32 65 69 23 48 1 66 75 64 31 0 6 17 19 24 71 54 16 4 60 34 45 53 46 36 14 50 30 15 39 51 67 33 43 27 8 61 68 29 59 73 21 49 10 47 37 9 72 28 13 38 44 11 56
24 69 13 47 50 27 1 34 9 23 33 26 75 56 20 58 7 64 28 19 44 4 65 45 0 51 12 31 70 25 16 21 43 40 73 2 41 15 30 63 46 59 32 6 35 36 22 60 17 62 54 52 72 29 39 49 55 42 8 53 11 61 5 48 18 68 10 3 37 14 71 38 57 74 67 66
38 18 1 11 8 26 19 55 52 68 60 40 75 3 57 70 33 25 63 72 59 2 24 4 73 64 34 27 62 5 31 61 12 35 39 23 56 48 44 41 16 37 65 74 36 69 47 21 49 32 9 67 46 15 58 71 66 51 29 53 13 28 54 50 45 6 0 43 42 17 30 7 22 10 14 20
62 55 57 65 47 48 70 5 41 54 75 49 59 73 68 43 6 4 25 29 27 46 19 32 60 11 31 20 38 42 44 13 74 72 1 56 15 30 52 0 63 67 33 8 39 28 51 37 18 22 10 26 53 23 17 9 34 12 2 66 45 21 69 64 40 24 58 61 71 3 35 36 16 14 50 7
48 67 63 21 34 50 36 9 10 66 31 58 23 65 46 56 12 41 61 6 62 5 72 38 25 35 51 69 15 8 4 43 54 20 14 39 44 3 7 30 32 47 75 37 17 22 70 11 33 24 19 27 60 13 42 2 49 26 64 68 29 71 18 1 40 53 45 55 28 59 74 73 52 16 57 0
21 64 28 47 10 18 19 69 13 68 51 32 5 44 55 29 16 2 1 67 50 37 63 7 22 39 12 31 74 49 72 45 36 58 61 33 20 42 53 23 52 0 70 6 41 11 9 24 46 14 3 66 15 26 4 38 65 71 48 54 43 59 60 40 8 56 25 30 62 35 75 17 34 57 27 73
22 71 34 14 48 70 38 37 41 62 11 68 74 39 47 31 2 15 72 43 63 28 42 55 16 49 7 58 9 40 26 61 75 4 6 69 8 24 12 44 13 60 32 18 27 5 1 29 19 66 25 17 50 23 56 73 21 30 52 33 36 59 65 67 53 64 20 45 46 3 10 54 51 35 0 57
15 39 7 53 61 57 47 44 26 74 38 43 3 45 68 18 62 71 17 0 29 46 70 12 1 50 55 20 63 54 19 34 60 24 21 65 28 59 56 51 14 30 72 2 67 36 31 32 69 33 23 25 13 5 37 73 6 64 41 58 27 35 4 16 9 48 10 49 52 66 75 40 11 22 42 8
28 46 55 12 1 35 2 17 3 26 14 0 29 4 61 15 40 75 47 43 11 37 68 65 60 8 27 20 32 19 64 38 74 21 36 50 45 52 33 53 7 18 25 44 70 13 59 5 16 54 51 58 73 57 62 9 10 72 56 23 71 41 63 49 42 67 48 30 66 69 22 39 6 34 31 24
51 65 9 4 21 2 20 25 23 11 60 66 63 54 15 75 67 17 14 0 42 62 69 64 6 24 46 33 36 57 7 3 32 61 52 47 19 49 5 48 39 26 30 50 56 59 71 44 10 16 29 70 72 38 27 13 12 18 40 22 8 31 53 1 74 28 43 73 68 35 37 55 34 58 45 41
52 70 4 29 20 65 22 73 2 67 51 8 56 46 42 9 71 7 49 19 35 45 66 12 25 59 37 57 63 44 16 32 74 33 18 23 5 75 39 50 10 36 6 24 1 15 13 53 38 72 69 28 40 27 43 3 58 17 68 54 60 0 55 30 41 21 47 62 11 26 64 31 61 34 48 14
65 29 69 6 21 57 33 48 22 27 15 17 68 62 19 10 47 60 26 23 58 5 18 8 67 38 0 20 39 56 24 37 36 55 14 9 4 72 28 1 43 51 41 30 34 42 63 70 61 13 32 66 35 53 2 54 12 73 31 16 74 11 3 40 44 46 59 52 50 64 71 75 7 49 45 25
48 68 11 58 2 54 63 27 39 9 32 4 35 5 69 47 31 10 73 45 43 71 20 23 44 61 50 46 72 28 6 12 64 40 49 56 67 14 52 74 7 34 3 33 8 75 15 0 66 60 17 42 70 24 21 29 19 16 18 13 22 53 37 41 30 55 38 25 51 36 1 62 65 26 59 57
17 58 21 43 36 1 70 26 14 62 37 68 2 50 13 19 69 22 59 0 9 71 49 11 25 64 66 38 72 46 73 18 30 12 8 5 6 4 23 61 48 28 31 47 53 75 20 3 54 52 74 16 44 33 42 41 60 29 55 10 63 27 39 15 56 51 7 35 67 45 34 57 65 24 32 40
36 1 27 39 0 72 6 32 23 44 74 61 28 42 33 22 45 66 55 51 70 11 62 3 7 57 46 65 73 49 52 4 34 15 43 17 16 10 67 26 13 48 2 29 47 31 19 24 9 12 68 21 18 35 64 58 8 60 69 41 37 59 25 38 5 75 30 20 53 71 40 50 14 56 54 63
5 74 4 46 42 39 2 7 56 9 30 34 62 29 63 70 3 65 37 36 55 21 18 43 45 75 27 0 22 67 35 71 10 14 32 25 59 53 69 44 52 73 6 23 13 33 16 57 17 60 1 19 68 48 38 54 61 64 58 28 15 40 49 50 47 20 51 12 8 66 41 26 11 31 24 72
70 31 15 38 3 51 10 67 4 72 65 41 17 62 37 27 69 52 12 21 33 43 59 48 26 13 57 8 46 58 18 44 36 50 47 19 9 60 7 28 75 5 45 24 32 55 53 16 68 40 34 64 25 63 39 61 49 35 66 2 71 14 1 22 11 42 23 73 0 54 74 29 56 6 20 30
0 19 70 28 6 29 40 69 17 23 33 72 10 15 55 50 44 67 5 38 63 61 34 42 14 56 12 75 39 22 65 8 2 46 66 32 45 11 58 62 64 59 30 26 18 49 20 68 51 47 21 57 25 27 4 60 9 74 53 52 24 37 35 41 3 71 7 43 16 48 13 73 31 1 36 54
19 15 60 58 18 14 69 53 71 3 68 50 63 62 22 59 35 42 1 67 55 48 16 21 24 26 9 36 4 66 40 45 52 70 74 23 75 54 31 34 20 13 44 32 12 11 25 64 17 2 65 47 28 51 5 27 6 72 39 57 30 10 43 0 7 46 61 29 73 33 37 41 49 56 8 38
54 23 63 62 34 4 38 75 57 6 44 42 31 49 33 25 74 26 52 64 40 12 46 15 72 0 69 29 56 43 41 1 73 60 50 27 61 39 59 18 35 11 3 47 55 8 37 21 17 36 28 53 24 22 9 65 32 5 30 48 45 71 51 70 14 10 19 13 7 66 67 16 68 2 20 58
12 55 48 43 9 4 7 71 23 3 61 47 15 63 70 41 29 60 11 14 50 24 58 59 44 54 13 45 51 49 33 5 75 16 65 62 74 57 20 37 25 2 53 8 17 35 26 32 42 38 67 46 52 73 36 69 1 19 39 72 34 6 27 31 18 28 68 10 40 64 0 66 30 21 56 22
25 64 10 19 29 20 54 59 48 39 7 44 72 9 1 55 3 71 62 46 63 6 60 73 5 40 67 51 53 31 21 38 33 50 27 14 0 75 13 2 56 4 15 41 18 32 70 68 52 66 24 8 74 58 37 16 49 12 11 57 61 42 34 22 65 47 69 26 30 35 28 23 45 17 36 43
27 10 11 16 30 26 49 41 17 72 51 21 35 69 45 36 42 65 2 9 70 50 34 66 18 73 57 47 71 38 43 75 1 67 31 8 23 48 24 29 68 15 22 58 55 56 74 46 63 4 5 32 53 13 33 64 25 7 52 44 37 28 60 12 6 20 61 0 54 3 40 14 39 19 59 62
75 22 27 14 58 41 3 63 65 46 56 44 55 74 11 43 66 18 35 68 70 37 25 20 28 73 57 9 2 10 21 72 71 62 32 64 33 12 0 31 69 45 4 24 40 29 36 7 51 6 60 8 61 53 15 34 30 1 5 26 19 23 49 16 59 47 67 13 39 38 48 54 52 42 50 17
15 28 27 37 54 39 73 71 34 43 51 56 50 6 19 24 47 68 46 4 63 10 14 1 23 35 41 13 8 0 40 70 22 5 67 21 32 75 36 33 61 42 11 69 62 16 18 59 65 49 7 48 74 25 12 64 17 52 3 58 30 26 29 57 31 44 2 55 66 45 72 20 9 60 38 53
11 21 59 73 9 13 32 46 19 45 29 68 30 44 37 15 66 18 54 14 39 55 43 2 16 12 17 31 74 41 42 20 53 38 58 64 71 69 62 33 5 47 65 35 25 51 10 61 75 60 72 40 6 24 0 49 56 48 34 52 50 57 7 1 8 70 67 3 28 4 27 23 26 63 22 36
12 69 0 56 10 49 8 61 72 63 74 68 18 66 48 44 70 62 30 40 11 71 54 15 55 47 7 67 16 31 13 1 17 45 32 23 34 75 43 3 6 46 20 38 64 35 25 26 42 4 73 53 22 19 39 37 52 14 51 50 24 27 2 5 57 59 58 21 29 41 36 65 33 9 60 28
5 16 33 34 19 55 75 24 15 4 66 69 53 50 3 32 74 40 60 51 52 67 44 64 36 9 58 25 7 21 71 65 68 11 61 31 63 56 23 14 46 73 57 0 17 37 1 54 22 45 42 59 12 35 8 62 26 20 27 43 2 6 30 13 38 47 10 48 41 29 70 39 18 28 72 49
33 27 3 10 67 41 37 9 30 4 42 46 16 22 31 69 49 23 28 45 5 15 61 14 43 53 24 54 70 65 64 72 74 66 13 36 75 25 39 40 12 55 71 35 0 2 7 19 8 32 44 62 20 48 38 52 60 1 73 51 21 58 47 59 34 11 26 18 63 50 29 17 57 68 6 56
65 1 16 50 25 32 70 55 19 61 43 48 72 56 20 24 10 66 54 60 62 35 41 39 21 0 7 57 27 11 31 9 15 26 52 53 59 67 36 28 47 17 22 40 68 14 38 74 4 58 29 8 34 45 71 23 3 6 51 49 73 69 75 63 64 42 2 13 18 12 30 33 5 37 46 44
54 66 16 3 57 28 24 48 12 69 19 71 75 7 34 18 72 44 15 33 73 1 58 22 61 60 45 68 9 38 37 65 39 8 6 17 47 21 50 70 11 42 59 36 52 23 74 29 43 63 53 26 67 51 4 40 20 56 64 0 27 31 32 62 2 5 41 13 10 30 49 55 14 35 46 25
54 65 27 28 9 18 23 8 42 32 6 4 29 37 69 34 50 58 25 2 13 46 17 67 22 74 16 59 31 47 5 60 14 1 43 35 30 62 39 26 66 19 33 72 75 24 41 44 11 45 7 57 48 49 63 71 70 52 55 36 15 3 61 51 21 38 53 0 40 68 20 56 10 64 73 12
32 33 0 71 74 3 52 22 19 11 60 73 69 21 17 46 47 5 35 44 12 10 43 64 6 62 14 65 45 28 27 13 29 30 37 23 41 9 20 53 68 57 75 4 66 24 16 34 55 18 51 56 25 48 8 31 67 70 59 49 40 61 42 2 72 36 58 38 26 39 1 50 15 54 63 7
31 43 15 74 25 35 49 32 11 10 12 29 13 52 65 37 50 9 6 1 72 39 44 58 2 41 28 51 53 30 68 24 56 36 60 48 42 8 67 23 18 64 47 46 55 19 73 21 20 0 7 26 54 66 70 71 16 38 63 17 57 4 40 3 34 69 61 45 62 27 59 75 33 14 5 22
73 42 68 16 74 39 61 54 56 49 69 52 72 53 27 48 37 12 15 30 64 65 1 70 22 34 33 28 63 31 7 23 51 46 58 44 17 2 45 13 57 19 32 0 6 40 11 38 60 35 18 5 14 8 21 75 55 3 24 36 10 62 26 59 25 47 43 4 20 71 41 29 66 67 9 50
36 23 17 56 69 70 38 66 40 1 73 67 57 19 42 29 22 3 39 68 4 43 58 74 2 31 11 51 37 61 60 7 0 9 45 62 34 63 13 26 48 14 50 54 8 28 33 12 35 64 30 47 5 49 27 41 24 72 46 21 25 59 15 65 44 55 71 10 53 18 52 6 16 20 32 75
7 53 51 13 18 3 56 67 71 38 6 64 49 12 11 54 44 62 70 9 45 73 19 0 42 57 30 23 72 60 46 31 36 66 75 33 50 4 14 27 37 52 43 17 20 61 22 40 74 68 41 28 15 58 65 39 24 32 5 2 34 29 25 10 8 47 59 63 16 21 1 48 55 26 69 35
61 49 56 69 30 36 10 13 6 70 8 3 5 1 41 51 23 42 57 75 65 72 24 26 59 74 68 35 45 9 16 25 27 21 32 18 71 46 47 19 33 15 20 22 63 66 50 31 4 14 0 2 67 53 58 54 73 64 7 28 55 43 38 11 40 44 37 48 17 12 52 29 60 62 39 34
