47 58 27 53 46 72 14 5 30 63 12 51 45 70 13 3 40 61 11 56 24 75 15 8 31 66 25 48 44 68 10 1 39 59 16 54 38 73 17 6 36 64 18 49 37 69 19 2 35 60 23 55 34 74 22 7 33 65 20 9 32 67 21 0 42 57 26 52 43 71 29 4 41 62 28 50
47 69 31 3 45 60 30 55 24 74 13 8 46 65 12 49 40 67 11 1 37 58 15 53 43 72 25 6 44 63 14 50 38 68 16 2 36 59 19 54 17 73 26 7 39 64 18 10 35 66 23 0 42 57 22 52 33 71 20 5 34 62 21 51 48 70 28 4 41 61 29 56 27 75 32 9
47 66 27 49 46 69 14 2 45 59 12 54 44 73 13 6 40 63 11 50 37 70 15 3 31 60 25 55 30 74 10 7 36 64 19 9 39 67 16 0 34 57 17 52 38 72 24 5 35 62 23 51 33 71 18 4 32 61 22 56 21 75 20 8 42 65 26 48 43 68 29 1 41 58 28 53
47 72 31 6 46 62 30 51 40 69 13 3 36 59 25 55 12 74 24 8 43 64 15 10 45 66 11 0 44 57 14 53 39 71 16 5 38 61 17 52 34 70 26 4 37 60 18 56 23 75 19 9 35 65 22 49 33 67 20 1 32 58 21 54 48 73 28 7 41 63 29 50 42 68 27 2
47 59 31 54 40 73 24 6 45 64 30 9 46 67 13 0 36 57 12 52 42 71 11 4 43 62 15 51 44 70 14 3 39 61 16 56 17 75 19 8 37 66 25 49 38 68 18 1 35 58 23 53 34 72 22 5 33 63 20 50 32 69 21 2 41 60 28 55 29 74 26 7 48 65 27 10
47 67 30 1 46 58 26 53 31 72 12 6 45 62 13 51 40 70 11 4 43 61 24 56 15 75 14 9 44 65 25 49 39 68 16 2 38 59 17 54 36 73 18 7 37 63 19 50 35 69 23 3 34 60 22 55 33 74 20 8 32 64 21 10 48 66 28 0 41 57 29 52 42 71 27 5
47 62 27 50 45 70 14 3 46 60 24 55 13 75 12 8 40 66 11 48 37 68 15 1 31 58 25 53 44 73 10 6 39 64 16 49 36 69 17 2 38 59 19 54 18 74 26 7 34 65 22 9 35 67 23 0 33 57 20 52 32 72 21 5 42 63 30 51 43 71 29 4 41 61 28 56
31 75 30 9 47 65 24 50 45 68 12 2 46 58 13 54 40 72 11 6 37 62 15 51 43 69 25 3 44 59 14 55 18 73 16 7 36 63 17 10 39 66 19 0 38 57 26 53 35 71 23 5 42 61 22 52 33 70 20 4 34 60 21 56 28 74 29 8 41 64 32 49 48 67 27 1
46 58 27 53 44 72 14 5 30 63 12 50 45 69 13 2 36 60 9 55 24 74 11 7 31 65 15 47 40 67 10 0 39 57 16 52 38 71 17 4 34 62 25 51 37 70 18 3 35 61 23 56 19 75 22 8 33 66 20 48 32 68 21 1 42 59 26 54 43 73 29 6 41 64 28 49
47 68 31 2 40 59 24 54 45 73 30 7 46 64 13 10 36 66 12 0 42 57 11 52 43 71 15 5 44 62 14 51 39 70 16 4 37 61 17 56 19 75 18 9 38 65 25 49 35 67 23 1 34 58 22 53 33 72 20 6 32 63 21 50 48 69 28 3 41 60 29 55 27 74 26 8
40 65 24 10 47 68 30 1 31 58 26 53 46 72 13 5 43 62 12 51 45 71 25 4 44 61 11 56 14 75 15 8 39 66 16 49 38 69 17 2 37 59 19 54 36 73 18 6 35 63 23 50 34 70 22 3 33 60 20 55 32 74 21 7 48 64 28 9 42 67 29 0 41 57 27 52
47 71 31 5 46 61 30 51 37 69 12 3 45 60 13 56 11 75 24 9 40 65 15 49 43 67 25 1 44 58 14 54 39 73 16 7 38 63 17 50 36 68 26 2 35 59 18 55 23 74 19 8 34 64 20 10 33 66 22 0 32 57 21 53 48 72 28 6 41 62 29 52 42 70 27 4
47 61 30 56 14 75 24 8 45 66 12 49 46 68 13 1 40 58 11 53 31 72 15 5 43 63 25 50 44 69 10 2 39 59 16 54 36 73 19 6 37 64 17 9 38 67 18 0 35 57 23 52 34 71 22 4 33 62 20 51 32 70 21 3 42 60 26 55 29 74 28 7 41 65 27 48
47 67 31 1 46 58 30 53 40 72 13 6 36 63 25 50 44 69 24 3 43 60 11 55 15 74 14 8 45 64 12 10 39 66 16 0 38 57 17 52 34 71 26 5 37 62 18 51 35 70 23 4 33 61 19 56 22 75 21 9 32 65 20 49 48 68 28 2 41 59 29 54 42 73 27 7
47 64 27 49 40 69 14 2 46 59 24 54 25 74 13 7 31 65 11 9 36 67 12 0 45 57 15 52 44 72 10 5 39 62 16 51 37 71 17 4 38 61 19 56 18 75 26 8 35 66 23 48 34 68 22 1 33 58 20 53 32 73 21 6 42 63 30 50 43 70 29 3 41 60 28 55
25 74 31 8 40 64 30 11 47 67 24 1 46 57 29 53 36 71 12 5 43 61 13 52 45 70 15 4 44 60 14 56 16 75 17 9 39 65 19 50 37 68 26 2 38 58 18 54 35 72 23 6 42 62 22 51 33 69 20 3 34 59 21 55 48 73 32 7 41 63 28 10 49 66 27 0
47 57 27 52 46 71 14 4 37 62 12 50 45 70 13 3 40 61 11 56 24 75 15 8 31 66 25 48 44 68 10 1 39 59 16 54 38 73 17 6 36 64 26 49 35 69 18 2 34 60 19 55 22 74 23 7 33 65 20 9 32 67 21 0 42 58 30 53 43 72 29 5 41 63 28 51
47 70 31 4 45 61 30 56 24 75 13 9 46 65 12 49 40 67 11 1 42 58 15 53 43 72 25 6 44 63 14 50 39 68 16 2 36 59 19 54 37 73 17 7 38 64 18 10 35 66 23 0 34 57 22 52 33 71 20 5 32 62 21 51 48 69 28 3 41 60 29 55 27 74 26 8
47 65 27 48 46 68 14 1 37 58 12 53 45 73 13 6 40 63 11 50 31 70 24 3 44 60 15 55 10 74 25 7 36 64 19 9 39 67 16 0 34 57 17 52 38 72 26 5 35 62 23 51 33 71 18 4 32 61 22 56 21 75 20 8 42 66 30 49 43 69 29 2 41 59 28 54
47 73 30 7 46 63 26 50 40 68 13 2 45 59 24 55 31 74 11 8 36 64 12 10 43 66 15 0 44 57 14 53 39 71 16 5 38 61 17 52 34 70 25 4 37 60 18 56 23 75 19 9 35 65 22 49 33 67 20 1 32 58 21 54 48 72 28 6 41 62 29 51 42 69 27 3
40 60 31 55 24 74 25 7 47 65 30 10 46 67 13 0 36 57 12 52 43 71 11 4 45 62 15 51 44 70 14 3 39 61 16 56 17 75 19 8 37 66 26 49 38 68 18 1 35 58 23 53 42 72 22 5 33 63 20 50 34 69 21 2 41 59 28 54 29 73 32 6 48 64 27 9
47 66 30 0 46 57 26 52 31 71 12 5 45 62 13 51 36 70 10 4 43 61 24 56 11 75 14 9 44 65 15 49 39 68 16 2 38 59 17 54 34 73 25 7 37 63 18 50 35 69 23 3 33 60 19 55 22 74 21 8 32 64 20 48 40 67 28 1 41 58 29 53 42 72 27 6
47 63 27 51 45 71 14 4 46 61 24 56 13 75 12 8 40 66 11 48 30 68 15 1 31 58 25 53 44 73 10 6 39 64 16 49 38 69 17 2 36 59 18 54 37 74 19 7 34 65 22 9 35 67 23 0 33 57 20 52 32 72 21 5 42 62 26 50 43 70 29 3 41 60 28 55
31 74 30 8 47 64 24 49 45 67 12 1 46 58 13 54 40 72 11 6 37 62 15 51 43 69 25 3 44 59 14 55 18 73 16 7 36 63 17 10 39 66 19 0 38 57 26 53 35 71 23 5 42 61 22 52 33 70 20 4 34 60 21 56 28 75 29 9 41 65 32 50 48 68 27 2
47 59 27 54 46 73 14 6 40 64 13 49 45 69 24 2 36 60 12 55 30 74 11 7 31 65 15 9 44 67 10 0 39 57 16 52 38 71 17 4 34 62 25 51 37 70 18 3 35 61 23 56 19 75 22 8 33 66 20 48 32 68 21 1 42 58 26 53 43 72 29 5 41 63 28 50
46 69 31 3 40 60 24 55 30 74 13 8 47 64 25 10 36 66 12 0 43 57 11 52 45 71 15 5 44 62 14 51 39 70 16 4 37 61 17 56 19 75 18 9 38 65 26 49 35 67 23 1 34 58 22 53 33 72 20 6 32 63 21 50 48 68 28 2 41 59 29 54 42 73 27 7
40 64 24 9 47 67 31 0 43 57 30 52 46 72 13 5 36 62 12 51 45 71 25 4 44 61 11 56 14 75 15 8 39 66 16 49 38 69 17 2 34 59 26 54 37 73 18 6 35 63 23 50 33 70 19 3 32 60 22 55 21 74 20 7 48 65 28 10 42 68 29 1 41 58 27 53
47 72 30 6 46 62 26 52 31 70 12 4 45 60 13 56 11 75 24 9 40 65 15 49 43 67 25 1 44 58 14 54 39 73 16 7 38 63 17 50 36 68 18 2 37 59 19 55 34 74 22 8 35 64 23 10 33 66 20 0 32 57 21 53 48 71 28 5 41 61 29 51 42 69 27 3
47 60 31 55 14 74 24 7 45 65 12 48 46 68 13 1 40 58 11 53 37 72 15 5 43 63 25 50 44 69 10 2 36 59 16 54 19 73 18 6 39 64 17 9 38 67 26 0 35 57 23 52 34 71 22 4 33 62 20 51 32 70 21 3 42 61 30 56 29 75 28 8 41 66 27 49
47 68 30 2 46 59 26 54 40 73 13 7 45 63 24 50 36 69 12 3 31 60 11 55 43 74 15 8 44 64 14 10 39 66 16 0 38 57 17 52 34 71 25 5 37 62 18 51 35 70 23 4 33 61 19 56 22 75 21 9 32 65 20 49 48 67 28 1 41 58 29 53 42 72 27 6
47 63 27 50 40 70 14 3 46 60 24 55 25 74 13 7 31 65 11 9 36 67 12 0 45 57 15 52 44 72 10 5 39 62 16 51 37 71 17 4 38 61 19 56 18 75 26 8 35 66 23 48 34 68 22 1 33 58 20 53 32 73 21 6 42 64 30 49 43 69 29 2 41 59 28 54
40 73 24 7 47 63 31 10 45 66 30 0 46 57 29 53 36 71 12 5 42 61 13 52 43 70 15 4 44 60 14 56 16 75 17 9 39 65 19 50 37 68 25 2 38 58 18 54 35 72 23 6 34 62 22 51 41 69 20 3 33 59 21 55 26 74 28 8 48 64 27 11 49 67 32 1
47 58 27 53 46 72 14 5 30 63 12 51 45 70 13 3 40 61 11 56 24 75 15 8 31 66 25 48 44 68 10 1 39 59 16 54 38 73 17 6 36 64 18 49 37 69 19 2 35 60 23 55 34 74 22 7 33 65 20 9 32 67 21 0 42 57 26 52 43 71 29 4 41 62 28 50
47 69 31 3 45 60 30 55 24 74 13 8 46 65 12 49 40 67 11 1 37 58 15 53 43 72 25 6 44 63 14 50 38 68 16 2 36 59 19 54 17 73 26 7 39 64 18 10 35 66 23 0 42 57 22 52 33 71 20 5 34 62 21 51 48 70 28 4 41 61 29 56 27 75 32 9
47 66 27 49 46 69 14 2 37 59 12 54 45 73 13 6 40 63 11 50 31 70 24 3 44 60 15 55 10 74 25 7 36 64 19 9 39 67 16 0 34 57 17 52 38 72 26 5 35 62 23 51 33 71 18 4 32 61 22 56 21 75 20 8 42 65 30 48 43 68 29 1 41 58 28 53
47 72 31 6 46 62 30 51 40 69 13 3 36 59 25 55 12 74 24 8 43 64 15 10 45 66 11 0 44 57 14 53 39 71 16 5 38 61 17 52 34 70 26 4 37 60 18 56 23 75 19 9 35 65 22 49 33 67 20 1 32 58 21 54 48 73 28 7 41 63 29 50 42 68 27 2
47 59 31 54 40 73 24 6 45 64 30 9 46 67 13 0 36 57 12 52 42 71 11 4 43 62 15 51 44 70 14 3 39 61 16 56 17 75 19 8 37 66 25 49 38 68 18 1 35 58 23 53 34 72 22 5 33 63 20 50 32 69 21 2 41 60 28 55 29 74 26 7 48 65 27 10
47 67 30 1 46 58 26 53 31 72 12 6 45 62 13 51 40 70 11 4 43 61 24 56 15 75 14 9 44 65 25 49 39 68 16 2 38 59 17 54 36 73 18 7 37 63 19 50 35 69 23 3 34 60 22 55 33 74 20 8 32 64 21 10 48 66 28 0 41 57 29 52 42 71 27 5
47 62 27 50 45 70 14 3 46 60 24 55 13 75 12 8 40 66 11 48 37 68 15 1 31 58 25 53 44 73 10 6 39 64 16 49 36 69 17 2 38 59 19 54 18 74 26 7 34 65 22 9 35 67 23 0 33 57 20 52 32 72 21 5 42 63 30 51 43 71 29 4 41 61 28 56
31 75 30 9 47 65 24 50 45 68 12 2 46 58 13 54 40 72 11 6 42 62 15 51 43 69 25 3 44 59 14 55 36 73 19 7 39 63 16 10 37 66 17 0 38 57 18 53 35 71 23 5 34 61 22 52 33 70 20 4 32 60 21 56 28 74 29 8 41 64 26 49 48 67 27 1
47 58 27 53 46 72 14 5 40 63 13 50 36 69 25 2 31 60 24 55 11 74 12 7 45 65 15 9 44 67 10 0 39 57 16 52 38 71 17 4 34 62 26 51 37 70 18 3 35 61 23 56 19 75 22 8 33 66 20 48 32 68 21 1 42 59 30 54 43 73 29 6 41 64 28 49
47 68 31 2 40 59 24 54 45 73 30 7 46 64 13 10 36 66 12 0 42 57 11 52 43 71 15 5 44 62 14 51 39 70 16 4 37 61 17 56 19 75 18 9 38 65 25 49 35 67 23 1 34 58 22 53 33 72 20 6 32 63 21 50 48 69 28 3 41 60 29 55 27 74 26 8
40 65 24 10 47 68 30 1 31 58 26 53 46 72 13 5 43 62 12 51 45 71 25 4 44 61 11 56 14 75 15 8 39 66 16 49 38 69 17 2 37 59 19 54 36 73 18 6 35 63 23 50 34 70 22 3 33 60 20 55 32 74 21 7 48 64 28 9 42 67 29 0 41 57 27 52
47 71 31 5 46 61 30 51 37 69 12 3 45 60 13 56 11 75 24 9 40 65 15 49 43 67 25 1 44 58 14 54 39 73 16 7 38 63 17 50 36 68 26 2 35 59 18 55 23 74 19 8 34 64 20 10 33 66 22 0 32 57 21 53 48 72 28 6 41 62 29 52 42 70 27 4
47 61 30 56 14 75 24 8 45 66 12 49 46 68 13 1 40 58 11 53 31 72 15 5 43 63 25 50 44 69 10 2 39 59 16 54 36 73 19 6 37 64 17 9 38 67 18 0 35 57 23 52 34 71 22 4 33 62 20 51 32 70 21 3 42 60 26 55 29 74 28 7 41 65 27 48
47 67 31 1 46 58 30 53 40 72 13 6 36 63 25 50 44 69 24 3 43 60 11 55 15 74 14 8 45 64 12 10 39 66 16 0 38 57 17 52 34 71 26 5 37 62 18 51 35 70 23 4 33 61 19 56 22 75 21 9 32 65 20 49 48 68 28 2 41 59 29 54 42 73 27 7
47 64 27 49 46 69 14 2 40 59 13 54 45 74 24 7 30 65 11 9 36 67 12 0 31 57 15 52 44 72 10 5 39 62 16 51 37 71 17 4 38 61 19 56 18 75 25 8 35 66 23 48 34 68 22 1 33 58 20 53 32 73 21 6 42 63 26 50 43 70 29 3 41 60 28 55
25 74 31 8 40 64 30 11 47 67 24 1 46 57 29 53 36 71 12 5 43 61 13 52 45 70 15 4 44 60 14 56 16 75 17 9 39 65 19 50 37 68 26 2 38 58 18 54 35 72 23 6 42 62 22 51 41 69 20 3 34 59 21 55 32 73 28 7 48 63 27 10 49 66 33 0
46 57 27 52 44 71 14 4 30 62 12 50 45 70 13 3 36 61 9 56 24 75 11 8 31 66 15 48 40 68 10 1 39 59 16 54 38 73 17 6 34 64 25 49 37 69 18 2 35 60 23 55 19 74 22 7 33 65 20 47 32 67 21 0 42 58 26 53 43 72 29 5 41 63 28 51
47 70 31 4 45 61 30 56 24 75 13 9 46 65 12 49 40 67 11 1 42 58 15 53 43 72 25 6 44 63 14 50 39 68 16 2 36 59 19 54 37 73 17 7 38 64 18 10 35 66 23 0 34 57 22 52 33 71 20 5 32 62 21 51 48 69 28 3 41 60 29 55 27 74 26 8
47 65 27 48 46 68 14 1 37 58 12 53 45 73 13 6 40 63 11 50 31 70 24 3 44 60 15 55 10 74 25 7 36 64 19 9 39 67 16 0 34 57 17 52 38 72 26 5 35 62 23 51 33 71 18 4 32 61 22 56 21 75 20 8 42 66 30 49 43 69 29 2 41 59 28 54
47 73 30 7 46 63 26 50 40 68 13 2 45 59 24 55 31 74 11 8 36 64 12 10 43 66 15 0 44 57 14 53 39 71 16 5 38 61 17 52 34 70 25 4 37 60 18 56 23 75 19 9 35 65 22 49 33 67 20 1 32 58 21 54 48 72 28 6 41 62 29 51 42 69 27 3
40 60 31 55 24 74 25 7 47 65 30 10 46 67 13 0 36 57 12 52 43 71 11 4 45 62 15 51 44 70 14 3 39 61 16 56 17 75 19 8 37 66 26 49 38 68 18 1 35 58 23 53 34 72 22 5 33 63 20 50 32 69 21 2 48 59 28 54 41 73 29 6 42 64 27 9
47 66 31 0 46 57 30 52 37 71 12 5 45 62 13 51 40 70 11 4 43 61 24 56 15 75 14 9 44 65 25 49 39 68 16 2 38 59 17 54 36 73 26 7 35 63 18 50 32 69 19 3 34 60 22 55 20 74 21 8 33 64 23 10 48 67 28 1 41 58 29 53 42 72 27 6
47 63 27 51 45 71 14 4 46 61 24 56 13 75 12 8 40 66 11 48 30 68 15 1 31 58 25 53 44 73 10 6 39 64 16 49 38 69 17 2 36 59 18 54 37 74 19 7 34 65 22 9 35 67 23 0 33 57 20 52 32 72 21 5 42 62 26 50 43 70 29 3 41 60 28 55
31 74 30 8 47 64 24 49 45 67 12 1 46 58 13 54 40 72 11 6 37 62 15 51 43 69 25 3 44 59 14 55 18 73 16 7 36 63 17 10 39 66 19 0 38 57 26 53 35 71 23 5 42 61 22 52 33 70 20 4 34 60 21 56 28 75 29 9 41 65 32 50 48 68 27 2
47 59 27 54 46 73 14 6 40 64 13 49 45 69 24 2 36 60 12 55 30 74 11 7 31 65 15 9 44 67 10 0 39 57 16 52 38 71 17 4 34 62 25 51 37 70 18 3 35 61 23 56 19 75 22 8 33 66 20 48 32 68 21 1 42 58 26 53 43 72 29 5 41 63 28 50
46 69 31 3 40 60 24 55 30 74 13 8 47 64 25 10 36 66 12 0 43 57 11 52 45 71 15 5 44 62 14 51 39 70 16 4 37 61 17 56 19 75 18 9 38 65 26 49 35 67 23 1 34 58 22 53 33 72 20 6 32 63 21 50 48 68 28 2 41 59 29 54 42 73 27 7
40 64 24 9 47 67 31 0 43 57 30 52 46 72 13 5 36 62 12 51 45 71 25 4 44 61 11 56 14 75 15 8 39 66 16 49 38 69 17 2 34 59 26 54 37 73 18 6 35 63 23 50 33 70 19 3 32 60 22 55 21 74 20 7 48 65 28 10 42 68 29 1 41 58 27 53
47 72 30 6 46 62 26 52 31 70 12 4 45 60 13 56 11 75 24 9 40 65 15 49 43 67 25 1 44 58 14 54 39 73 16 7 38 63 17 50 36 68 18 2 37 59 19 55 34 74 22 8 35 64 23 10 33 66 20 0 32 57 21 53 48 71 28 5 41 61 29 51 42 69 27 3
47 60 31 55 14 74 24 7 45 65 12 48 46 68 13 1 40 58 11 53 37 72 15 5 43 63 25 50 44 69 10 2 36 59 16 54 19 73 18 6 39 64 17 9 38 67 26 0 35 57 23 52 34 71 22 4 33 62 20 51 32 70 21 3 42 61 30 56 29 75 28 8 41 66 27 49
47 68 31 2 46 59 30 54 40 73 13 7 36 63 25 50 44 69 24 3 43 60 11 55 15 74 14 8 45 64 12 10 39 66 16 0 38 57 17 52 34 71 26 5 37 62 18 51 35 70 23 4 33 61 19 56 22 75 21 9 32 65 20 49 48 67 28 1 41 58 29 53 42 72 27 6
46 63 27 50 45 70 14 3 44 60 24 55 13 74 12 7 36 65 9 47 30 67 11 0 31 57 15 52 40 72 10 5 39 62 16 51 37 71 17 4 38 61 19 56 18 75 25 8 35 66 23 48 34 68 22 1 33 58 20 53 32 73 21 6 42 64 26 49 43 69 29 2 41 59 28 54
40 73 24 7 47 63 31 10 45 66 30 0 46 57 29 53 36 71 12 5 42 61 13 52 43 70 15 4 44 60 14 56 16 75 17 9 39 65 19 50 37 68 25 2 38 58 18 54 35 72 23 6 34 62 22 51 41 69 20 3 33 59 21 55 26 74 28 8 48 64 27 11 49 67 32 1
47 58 27 53 46 72 14 5 30 63 12 51 45 70 13 3 40 61 11 56 24 75 15 8 31 66 25 48 44 68 10 1 39 59 16 54 38 73 17 6 36 64 18 49 37 69 19 2 35 60 23 55 34 74 22 7 33 65 20 9 32 67 21 0 42 57 26 52 43 71 29 4 41 62 28 50
47 69 31 3 45 60 30 55 24 74 13 8 46 65 12 49 40 67 11 1 37 58 15 53 43 72 25 6 44 63 14 50 38 68 16 2 36 59 19 54 17 73 26 7 39 64 18 10 35 66 23 0 42 57 22 52 33 71 20 5 34 62 21 51 48 70 28 4 41 61 29 56 27 75 32 9
47 66 27 49 46 69 14 2 45 59 12 54 44 73 13 6 40 63 11 50 37 70 15 3 31 60 25 55 30 74 10 7 36 64 19 9 39 67 16 0 34 57 17 52 38 72 24 5 35 62 23 51 33 71 18 4 32 61 22 56 21 75 20 8 42 65 26 48 43 68 29 1 41 58 28 53
47 72 31 6 46 62 30 51 40 69 13 3 36 59 25 55 12 74 24 8 43 64 15 10 45 66 11 0 44 57 14 53 39 71 16 5 38 61 17 52 34 70 26 4 37 60 18 56 23 75 19 9 35 65 22 49 33 67 20 1 32 58 21 54 48 73 28 7 41 63 29 50 42 68 27 2
47 59 31 54 40 73 24 6 45 64 30 9 46 67 13 0 36 57 12 52 42 71 11 4 43 62 15 51 44 70 14 3 39 61 16 56 17 75 19 8 37 66 25 49 38 68 18 1 35 58 23 53 34 72 22 5 33 63 20 50 32 69 21 2 41 60 28 55 29 74 26 7 48 65 27 10
47 67 30 1 46 58 26 53 31 72 12 6 45 62 13 51 40 70 11 4 43 61 24 56 15 75 14 9 44 65 25 49 39 68 16 2 38 59 17 54 36 73 18 7 37 63 19 50 35 69 23 3 34 60 22 55 33 74 20 8 32 64 21 10 48 66 28 0 41 57 29 52 42 71 27 5
47 62 27 50 45 70 14 3 46 60 24 55 13 75 12 8 40 66 11 48 37 68 15 1 31 58 25 53 44 73 10 6 39 64 16 49 36 69 17 2 38 59 19 54 18 74 26 7 34 65 22 9 35 67 23 0 33 57 20 52 32 72 21 5 42 63 30 51 43 71 29 4 41 61 28 56
31 75 30 9 47 65 24 50 45 68 12 2 46 58 13 54 40 72 11 6 42 62 15 51 43 69 25 3 44 59 14 55 36 73 19 7 39 63 16 10 37 66 17 0 38 57 18 53 35 71 23 5 34 61 22 52 33 70 20 4 32 60 21 56 28 74 29 8 41 64 26 49 48 67 27 1
47 58 27 53 46 72 14 5 40 63 13 50 36 69 25 2 31 60 24 55 11 74 12 7 45 65 15 9 44 67 10 0 39 57 16 52 38 71 17 4 34 62 26 51 37 70 18 3 35 61 23 56 19 75 22 8 33 66 20 48 32 68 21 1 42 59 30 54 43 73 29 6 41 64 28 49
47 68 31 2 40 59 24 54 45 73 30 7 46 64 13 10 36 66 12 0 42 57 11 52 43 71 15 5 44 62 14 51 39 70 16 4 37 61 17 56 19 75 18 9 38 65 25 49 35 67 23 1 34 58 22 53 33 72 20 6 32 63 21 50 48 69 28 3 41 60 29 55 27 74 26 8
40 65 24 10 47 68 31 1 43 58 30 53 46 72 13 5 36 62 12 51 45 71 25 4 44 61 11 56 14 75 15 8 39 66 16 49 38 69 17 2 34 59 26 54 37 73 18 6 35 63 23 50 33 70 19 3 32 60 22 55 21 74 20 7 48 64 28 9 42 67 29 0 41 57 27 52
47 71 30 5 46 61 26 51 31 69 12 3 45 60 13 56 10 75 24 9 36 65 11 49 43 67 15 1 44 58 14 54 39 73 16 7 38 63 17 50 34 68 25 2 37 59 18 55 23 74 19 8 35 64 22 48 33 66 20 0 32 57 21 53 40 72 28 6 41 62 29 52 42 70 27 4
47 61 30 56 14 75 24 8 45 66 12 49 46 68 13 1 40 58 11 53 31 72 15 5 43 63 25 50 44 69 10 2 39 59 16 54 36 73 19 6 37 64 17 9 38 67 18 0 35 57 23 52 34 71 22 4 33 62 20 51 32 70 21 3 42 60 26 55 29 74 28 7 41 65 27 48
47 67 31 1 46 58 30 53 40 72 13 6 36 63 25 50 44 69 24 3 43 60 11 55 15 74 14 8 45 64 12 10 39 66 16 0 38 57 17 52 34 71 26 5 37 62 18 51 35 70 23 4 33 61 19 56 22 75 21 9 32 65 20 49 48 68 28 2 41 59 29 54 42 73 27 7
47 64 27 49 46 69 14 2 40 59 13 54 45 74 24 7 30 65 11 9 36 67 12 0 31 57 15 52 44 72 10 5 39 62 16 51 37 71 17 4 38 61 19 56 18 75 25 8 35 66 23 48 34 68 22 1 33 58 20 53 32 73 21 6 42 63 26 50 43 70 29 3 41 60 28 55
25 74 31 8 40 64 30 11 47 67 24 1 46 57 29 53 36 71 12 5 43 61 13 52 45 70 15 4 44 60 14 56 16 75 17 9 39 65 19 50 37 68 26 2 38 58 18 54 35 72 23 6 42 62 22 51 33 69 20 3 34 59 21 55 48 73 32 7 41 63 28 10 49 66 27 0
47 57 27 52 46 71 14 4 37 62 12 50 45 70 13 3 40 61 11 56 24 75 15 8 31 66 25 48 44 68 10 1 39 59 16 54 38 73 17 6 36 64 26 49 35 69 18 2 34 60 19 55 22 74 23 7 33 65 20 9 32 67 21 0 42 58 30 53 43 72 29 5 41 63 28 51
47 70 31 4 45 61 30 56 24 75 13 9 46 65 12 49 40 67 11 1 42 58 15 53 43 72 25 6 44 63 14 50 39 68 16 2 36 59 19 54 37 73 17 7 38 64 18 10 35 66 23 0 34 57 22 52 33 71 20 5 32 62 21 51 48 69 28 3 41 60 29 55 27 74 26 8
47 65 27 48 46 68 14 1 37 58 12 53 45 73 13 6 40 63 11 50 31 70 24 3 44 60 15 55 10 74 25 7 36 64 19 9 39 67 16 0 34 57 17 52 38 72 26 5 35 62 23 51 33 71 18 4 32 61 22 56 21 75 20 8 42 66 30 49 43 69 29 2 41 59 28 54
47 73 30 7 46 63 26 50 40 68 13 2 45 59 24 55 31 74 11 8 36 64 12 10 43 66 15 0 44 57 14 53 39 71 16 5 38 61 17 52 34 70 25 4 37 60 18 56 23 75 19 9 35 65 22 49 33 67 20 1 32 58 21 54 48 72 28 6 41 62 29 51 42 69 27 3
40 60 31 55 24 74 25 7 47 65 30 10 46 67 13 0 36 57 12 52 43 71 11 4 45 62 15 51 44 70 14 3 39 61 16 56 17 75 19 8 37 66 26 49 38 68 18 1 35 58 23 53 34 72 22 5 33 63 20 50 32 69 21 2 48 59 28 54 41 73 29 6 42 64 27 9
47 66 31 0 46 57 30 52 37 71 12 5 45 62 13 51 40 70 11 4 43 61 24 56 15 75 14 9 44 65 25 49 39 68 16 2 38 59 17 54 36 73 26 7 35 63 18 50 32 69 19 3 34 60 22 55 20 74 21 8 33 64 23 10 48 67 28 1 41 58 29 53 42 72 27 6
47 63 27 51 45 71 14 4 46 61 24 56 13 75 12 8 40 66 11 48 30 68 15 1 31 58 25 53 44 73 10 6 39 64 16 49 38 69 17 2 36 59 18 54 37 74 19 7 34 65 22 9 35 67 23 0 33 57 20 52 32 72 21 5 42 62 26 50 43 70 29 3 41 60 28 55
31 74 30 8 47 64 24 49 45 67 12 1 46 58 13 54 40 72 11 6 37 62 15 51 43 69 25 3 44 59 14 55 18 73 16 7 36 63 17 10 39 66 19 0 38 57 26 53 35 71 23 5 42 61 22 52 33 70 20 4 34 60 21 56 28 75 29 9 41 65 32 50 48 68 27 2
47 59 27 54 46 73 14 6 40 64 13 49 36 69 25 2 31 60 24 55 11 74 12 7 45 65 15 9 44 67 10 0 39 57 16 52 38 71 17 4 34 62 26 51 37 70 18 3 35 61 23 56 19 75 22 8 33 66 20 48 32 68 21 1 42 58 30 53 43 72 29 5 41 63 28 50
46 69 31 3 40 60 30 55 24 74 13 8 47 64 25 12 36 66 10 0 43 57 11 52 45 71 15 5 44 62 14 51 39 70 16 4 37 61 17 56 19 75 18 9 38 65 26 49 35 67 23 1 34 58 22 53 33 72 20 6 32 63 21 50 48 68 28 2 41 59 29 54 42 73 27 7
40 64 24 9 47 67 31 0 43 57 30 52 46 72 13 5 36 62 12 51 45 71 25 4 44 61 11 56 14 75 15 8 39 66 16 49 38 69 17 2 34 59 26 54 37 73 18 6 35 63 23 50 33 70 19 3 32 60 22 55 21 74 20 7 48 65 28 10 42 68 29 1 41 58 27 53
47 72 30 6 46 62 26 52 31 70 12 4 45 60 13 56 11 75 24 9 40 65 15 49 43 67 25 1 44 58 14 54 39 73 16 7 38 63 17 50 36 68 18 2 37 59 19 55 34 74 22 8 35 64 23 10 33 66 20 0 32 57 21 53 48 71 28 5 41 61 29 51 42 69 27 3
47 60 31 55 14 74 24 7 45 65 12 48 46 68 13 1 40 58 11 53 37 72 15 5 43 63 25 50 44 69 10 2 36 59 16 54 19 73 18 6 39 64 17 9 38 67 26 0 35 57 23 52 34 71 22 4 33 62 20 51 32 70 21 3 42 61 30 56 29 75 28 8 41 66 27 49
47 68 30 2 46 59 26 54 40 73 13 7 45 63 24 50 36 69 12 3 31 60 11 55 43 74 15 8 44 64 14 10 39 66 16 0 38 57 17 52 34 71 25 5 37 62 18 51 35 70 23 4 33 61 19 56 22 75 21 9 32 65 20 49 48 67 28 1 41 58 29 53 42 72 27 6
47 63 27 50 40 70 14 3 46 60 24 55 25 74 13 7 31 65 11 9 36 67 12 0 45 57 15 52 44 72 10 5 39 62 16 51 37 71 17 4 38 61 19 56 18 75 26 8 35 66 23 48 34 68 22 1 33 58 20 53 32 73 21 6 42 64 30 49 43 69 29 2 41 59 28 54
40 73 24 7 47 63 31 10 45 66 30 0 46 57 29 53 36 71 12 5 42 61 13 52 43 70 15 4 44 60 14 56 16 75 17 9 39 65 19 50 37 68 25 2 38 58 18 54 35 72 23 6 34 62 22 51 41 69 20 3 33 59 21 55 26 74 28 8 48 64 27 11 49 67 32 1
47 58 27 53 46 72 14 5 30 63 12 51 45 70 13 3 40 61 11 56 24 75 15 8 31 66 25 48 44 68 10 1 39 59 16 54 38 73 17 6 36 64 18 49 37 69 19 2 35 60 23 55 34 74 22 7 33 65 20 9 32 67 21 0 42 57 26 52 43 71 29 4 41 62 28 50
47 69 31 3 45 60 30 55 24 74 13 8 46 65 12 49 40 67 11 1 37 58 15 53 43 72 25 6 44 63 14 50 38 68 16 2 36 59 19 54 17 73 26 7 39 64 18 10 35 66 23 0 42 57 22 52 33 71 20 5 34 62 21 51 48 70 28 4 41 61 29 56 27 75 32 9
47 66 27 49 46 69 14 2 45 59 12 54 44 73 13 6 40 63 11 50 37 70 15 3 31 60 25 55 30 74 10 7 36 64 19 9 39 67 16 0 34 57 17 52 38 72 24 5 35 62 23 51 33 71 18 4 32 61 22 56 21 75 20 8 42 65 26 48 43 68 29 1 41 58 28 53
47 72 31 6 46 62 30 51 40 69 13 3 36 59 25 55 12 74 24 8 43 64 15 10 45 66 11 0 44 57 14 53 39 71 16 5 38 61 17 52 34 70 26 4 37 60 18 56 23 75 19 9 35 65 22 49 33 67 20 1 32 58 21 54 48 73 28 7 41 63 29 50 42 68 27 2
