111 19 100 114 52 28 55 60 119 46 87 49 25 71 124 80 40 22 113 69 31 59 101 109 110 0 74 107 10 35 67 106 104 33 27 58 97 24 51 26 95 118 99 91 30 65 42 20 88 12 36 5 86 18 48 57 63 15 17 123 16 29 38 84 92 72 50 54 11 112 56 68 4 23 125 66 62 75 96 2 6 115 9 105 122 21 79 7 64 81 77 41 83 117 93 47 103 32 73 70 126 37 120 98 53 44 43 34 90 94 8 108 82 85 61 39 121 89 116 76 13 78 3 14 45 102 1
47 99 26 85 86 83 30 43 82 71 51 11 120 89 9 72 62 1 76 42 70 98 81 102 116 95 96 32 12 54 110 55 3 109 121 112 117 124 79 20 24 105 5 78 45 56 25 108 88 84 34 69 10 38 103 33 114 92 53 67 2 46 107 74 40 28 22 27 52 59 49 7 29 6 0 63 104 94 13 44 91 4 39 106 65 60 18 93 97 17 23 8 113 37 87 31 57 111 41 68 126 90 48 80 50 61 115 14 73 36 21 35 125 118 64 100 75 15 123 16 66 58 122 77 101 119 19
7 108 78 41 98 1 12 103 73 80 67 95 38 83 118 112 120 9 111 46 100 0 63 119 56 11 113 125 123 114 54 14 16 81 53 3 68 44 50 25 88 51 92 101 106 59 20 79 64 23 116 126 17 74 104 71 31 10 49 6 90 66 117 43 99 89 42 39 33 27 26 94 22 4 84 87 18 109 58 121 48 45 52 102 97 62 82 47 70 85 35 105 75 76 77 122 69 28 55 37 30 110 93 115 29 96 2 40 91 5 36 21 32 72 13 19 60 57 61 8 15 107 124 24 65 34 86
90 81 102 51 76 122 32 43 125 42 21 91 19 17 53 6 71 119 95 34 109 111 45 87 62 117 23 36 65 98 92 116 110 105 57 70 124 46 113 78 75 25 104 54 12 18 5 118 85 58 126 59 72 24 108 99 121 55 115 13 106 8 101 68 88 30 47 64 63 27 15 79 14 39 56 31 44 82 107 67 35 26 0 2 49 29 28 97 1 94 9 84 33 3 7 89 38 20 120 16 100 50 86 61 74 52 114 96 11 37 80 103 48 4 93 83 41 73 10 66 69 60 123 22 112 77 40
52 70 46 37 21 16 43 24 103 110 26 115 90 48 112 81 105 102 0 50 119 122 124 85 29 77 87 1 51 101 106 55 116 20 111 63 117 49 39 18 40 58 17 97 41 78 5 7 83 13 6 32 67 109 11 10 91 108 84 114 54 95 62 12 47 61 28 15 76 125 68 36 71 56 14 107 120 88 42 34 92 45 74 3 44 86 121 35 30 82 126 27 100 123 65 80 66 73 53 4 2 25 22 60 38 118 8 59 89 57 9 104 31 64 19 33 75 98 96 72 93 99 69 79 23 94 113
65 119 34 45 49 27 112 73 89 80 123 41 19 25 96 74 88 90 111 39 7 75 2 24 116 42 58 54 14 109 4 5 86 16 69 72 48 9 120 52 0 98 91 122 1 21 94 46 103 55 8 93 50 44 47 64 100 10 115 36 37 31 20 29 102 84 110 11 33 78 56 83 59 108 40 99 82 71 13 117 67 15 104 125 6 35 63 70 23 30 68 22 113 114 77 92 76 3 97 95 87 26 32 38 124 85 105 12 126 51 106 62 17 57 66 81 107 18 60 53 61 101 121 28 43 79 118
31 47 34 56 78 85 111 106 42 79 120 126 15 102 100 103 125 119 116 5 36 118 69 92 38 10 95 45 114 64 107 122 48 62 61 17 115 71 41 53 74 52 83 104 1 6 32 28 20 44 99 91 82 110 105 97 55 49 40 67 101 80 30 77 25 88 0 39 76 16 70 14 113 73 68 81 75 121 29 98 124 93 11 109 18 13 22 50 24 66 4 33 37 89 72 46 90 112 35 8 94 123 63 60 21 7 19 65 84 87 2 57 86 26 58 9 54 51 27 117 59 12 108 3 96 43 23
47 25 80 86 37 26 94 103 88 112 35 43 69 49 28 78 30 58 1 32 118 99 52 57 38 91 9 63 92 61 79 7 64 29 120 107 27 44 85 71 19 90 100 6 115 87 125 98 12 8 60 75 20 126 101 84 0 23 95 122 108 3 50 21 77 17 68 65 53 121 81 41 34 31 70 2 33 96 113 18 89 102 42 14 82 62 106 116 105 109 124 40 114 119 11 59 55 45 123 4 117 22 72 15 76 16 93 67 36 10 97 73 5 104 39 48 111 110 66 46 24 54 83 13 74 51 56
16 7 4 23 79 52 11 56 112 30 86 78 96 26 85 71 13 119 120 123 107 17 99 60 64 115 101 65 25 67 8 93 57 15 97 6 44 1 72 126 125 114 124 77 33 61 73 59 76 10 58 108 117 50 29 36 3 84 9 106 92 35 102 82 100 2 70 41 19 90 121 83 32 14 34 54 109 116 95 81 98 111 27 94 66 20 105 91 22 87 110 46 39 45 113 80 118 89 37 43 47 122 48 40 51 38 18 24 49 28 75 88 21 55 104 63 42 74 68 62 103 5 12 53 31 69 0
115 27 64 10 114 91 106 19 32 62 122 96 1 112 79 45 28 124 102 95 67 23 50 97 6 31 24 47 13 54 25 109 119 52 34 35 113 110 74 4 77 123 33 30 78 22 66 51 37 93 105 99 65 56 12 103 69 121 61 81 26 20 9 3 68 104 117 18 48 36 75 120 38 89 11 46 58 42 57 41 92 72 53 5 71 118 60 63 40 15 7 111 84 90 17 43 116 83 80 0 94 88 85 76 39 126 125 49 59 29 8 82 101 107 108 86 44 14 2 21 55 73 70 100 87 16 98
25 52 23 24 26 100 3 28 82 80 21 56 118 97 50 9 95 44 96 54 20 29 72 58 68 48 41 73 33 76 91 64 49 111 117 77 43 11 35 30 59 16 4 69 34 125 32 13 10 104 46 122 113 102 83 55 63 90 38 27 116 60 110 67 71 31 7 114 22 87 15 36 81 85 120 107 101 39 70 18 79 94 121 17 106 19 5 74 84 57 53 1 108 89 65 0 42 45 98 14 119 88 109 92 37 123 61 75 93 124 2 78 112 66 115 99 62 40 86 51 105 6 8 47 126 103 12
111 32 31 107 61 73 52 72 99 94 108 25 79 21 64 19 103 66 47 37 116 28 112 26 74 53 98 70 100 15 93 34 71 6 68 78 67 20 11 125 92 118 65 119 49 122 38 126 35 8 48 56 45 62 95 69 77 18 14 89 5 102 80 109 10 101 9 24 120 76 27 81 41 54 75 50 7 44 86 39 46 4 96 88 121 33 29 124 117 3 1 36 30 17 43 105 63 87 57 60 16 12 55 97 123 90 82 40 23 115 104 51 84 114 91 13 85 2 106 110 22 59 0 58 83 113 42
59 95 56 107 89 26 27 80 49 43 12 116 86 124 67 14 5 66 21 104 119 17 108 110 109 47 25 72 36 48 73 54 16 101 34 92 123 60 31 90 11 87 52 102 9 7 114 61 51 55 44 33 88 65 23 10 82 19 58 64 20 113 22 42 111 96 79 70 40 91 112 125 84 50 57 41 3 121 4 126 74 97 75 69 98 38 99 6 62 53 117 83 0 28 30 37 71 122 8 120 35 93 63 29 103 118 39 13 106 32 115 76 100 1 45 2 105 68 85 78 77 81 24 94 46 15 18
12 19 69 56 33 42 62 123 121 108 43 31 122 51 55 68 87 118 100 92 48 38 1 89 59 20 8 52 54 3 74 0 13 17 109 37 23 120 7 21 22 79 78 32 82 103 101 107 61 6 77 26 45 65 72 106 93 5 24 18 27 40 66 116 4 50 64 75 94 117 104 119 60 88 44 25 80 9 84 114 58 71 102 49 35 83 11 126 99 39 46 30 53 47 10 34 36 98 28 63 70 110 95 96 57 76 105 2 125 91 113 111 115 73 16 41 112 86 67 124 90 97 14 29 85 15 81
44 40 11 22 125 100 96 15 57 78 31 115 75 77 93 97 30 53 67 94 61 39 16 33 1 70 72 95 60 65 12 49 45 120 2 107 55 43 109 102 66 51 50 54 101 8 19 25 3 5 103 59 119 124 69 81 85 106 63 4 87 28 24 83 68 89 92 58 88 126 79 38 118 112 23 41 99 10 36 73 21 104 116 9 64 34 86 46 48 113 27 111 110 80 90 26 35 82 17 84 122 7 105 123 0 47 52 71 74 117 29 121 18 14 56 13 76 108 32 62 20 6 114 98 91 37 42
69 94 64 115 0 48 4 98 125 43 82 103 68 113 47 62 124 7 16 114 23 39 93 2 90 53 57 104 49 58 101 63 79 29 76 109 106 30 126 96 77 34 20 24 91 71 44 67 59 80 120 19 72 110 36 107 84 66 6 86 122 70 13 92 8 73 9 37 85 56 54 14 81 33 32 89 11 100 46 52 55 102 41 97 42 18 99 117 17 28 50 5 21 75 27 111 112 121 51 116 108 12 60 45 61 118 15 119 1 74 83 40 22 95 26 88 3 31 10 105 38 78 25 123 35 87 65
49 55 103 60 5 25 126 87 0 72 15 85 88 20 38 122 106 56 4 104 121 86 6 116 14 81 80 48 41 100 36 19 54 66 58 18 89 70 67 69 125 30 34 93 9 23 111 91 61 27 65 123 16 3 96 68 114 95 98 46 105 45 52 90 92 2 124 62 83 73 53 57 59 11 112 24 94 120 26 12 117 17 118 71 31 50 115 78 1 21 22 28 8 33 44 39 107 101 119 75 51 29 76 13 110 35 102 74 99 47 79 10 97 7 109 43 40 37 84 64 42 113 108 77 82 32 63
77 48 45 28 23 116 89 29 61 74 54 60 114 83 113 42 63 38 69 36 55 62 47 25 126 103 14 124 100 8 97 91 104 10 53 87 16 88 37 50 92 86 59 11 34 6 51 101 71 15 58 18 52 32 40 27 64 90 76 108 21 96 80 72 39 4 82 7 1 31 85 9 120 111 95 102 13 49 5 12 93 67 119 46 33 98 0 26 2 70 84 17 117 115 122 68 112 57 125 30 109 3 105 44 19 107 43 65 106 118 66 20 56 81 99 75 110 41 22 121 24 73 94 35 123 78 79
7 79 122 73 75 85 50 58 99 5 33 46 60 42 110 124 20 18 56 4 72 95 103 9 40 48 97 84 87 26 91 29 74 94 28 86 27 8 49 45 123 88 34 116 117 37 82 114 125 90 25 38 100 115 104 109 68 6 126 120 59 10 69 51 0 36 14 16 111 61 17 102 1 35 22 39 57 118 19 101 65 83 121 62 55 63 81 32 47 54 112 53 93 52 64 105 2 66 43 78 70 96 106 108 15 92 13 21 3 31 12 23 76 30 11 67 77 44 41 89 98 71 24 80 113 119 107
54 44 112 91 117 5 80 118 38 110 20 7 36 57 82 27 52 106 2 104 24 96 121 23 122 64 51 107 114 120 62 108 99 65 72 28 66 22 50 90 97 101 13 53 40 59 68 12 8 73 115 60 116 125 11 61 111 14 85 37 69 56 9 31 34 74 1 32 124 86 17 33 58 41 83 81 63 126 55 89 84 93 92 42 45 119 105 30 16 71 10 49 26 43 79 102 3 70 78 47 18 95 67 4 29 46 25 6 75 94 19 48 113 77 21 100 88 109 0 103 76 39 15 98 35 87 123
111 89 102 106 74 51 54 61 120 28 95 121 104 105 53 71 67 72 108 78 94 57 55 116 45 93 21 14 70 63 31 20 125 75 35 44 83 81 96 34 79 73 114 58 64 110 85 68 17 100 76 41 2 36 49 112 82 50 98 24 16 107 122 3 109 80 6 47 62 118 22 90 99 18 65 113 23 101 5 42 30 48 86 25 97 39 27 117 52 12 56 1 4 59 13 43 37 46 124 7 87 0 88 19 26 126 123 32 38 8 91 10 66 92 69 29 33 77 84 119 40 9 115 11 15 60 103
91 7 61 126 22 108 27 53 54 59 11 28 6 93 72 116 41 92 75 105 69 47 83 80 102 66 88 52 38 31 100 23 16 12 63 60 19 67 81 121 124 9 49 4 20 29 103 106 25 110 1 118 34 50 43 79 36 122 0 35 119 55 70 18 99 109 65 112 111 32 33 125 26 64 8 48 5 113 117 57 71 15 94 68 44 87 2 86 17 120 51 13 3 45 42 82 123 97 46 96 56 85 21 114 84 78 95 101 107 37 76 58 40 74 10 30 14 39 62 104 77 90 115 89 73 98 24
1 7 51 43 83 123 105 111 70 58 16 124 33 54 97 126 42 114 65 119 68 24 25 108 13 36 109 6 82 71 117 31 28 73 60 118 103 116 38 27 91 23 2 120 106 84 78 34 41 112 100 75 48 40 50 89 113 102 88 86 17 10 46 53 101 110 85 76 63 95 56 55 57 94 9 8 64 74 115 122 125 121 20 66 29 45 92 21 61 5 47 96 22 77 52 93 67 26 98 81 3 90 59 37 14 72 19 18 44 80 107 35 12 11 87 15 69 79 62 99 104 30 49 39 32 4 0
19 126 15 102 104 26 86 48 113 44 54 110 57 13 8 16 87 47 61 49 92 77 0 93 91 36 46 52 101 21 73 41 68 35 98 5 45 17 66 119 90 100 106 32 34 83 38 96 84 25 122 58 75 78 109 123 9 85 6 69 121 30 50 56 28 81 7 117 95 3 70 59 116 105 62 37 20 74 42 39 29 40 33 53 64 89 2 111 115 103 108 55 11 82 14 60 112 124 65 67 63 107 10 43 18 80 88 23 72 71 76 4 118 31 22 125 94 1 12 97 120 114 99 51 24 27 79
71 81 82 73 18 15 52 95 59 89 103 63 69 54 34 92 58 123 115 68 97 108 106 17 10 85 124 5 26 72 13 107 80 110 51 49 22 70 53 1 48 2 90 4 31 25 120 56 61 21 57 67 3 62 37 79 116 105 118 88 76 91 111 100 102 66 77 24 94 0 122 86 29 30 117 19 36 14 101 126 64 96 28 104 33 119 113 43 6 112 125 38 42 8 32 114 60 109 55 9 7 83 45 27 74 75 78 39 98 12 11 93 16 99 65 121 87 46 41 40 50 23 35 47 84 20 44
73 64 58 74 9 111 37 126 84 13 32 63 39 94 57 59 43 99 55 75 44 18 3 0 48 100 112 80 85 42 24 2 35 66 30 105 79 121 76 53 70 36 28 109 96 27 69 110 114 10 61 107 97 12 47 86 1 98 91 21 71 117 52 103 92 65 83 38 6 49 82 15 108 89 124 54 41 101 26 122 40 50 102 46 51 93 4 14 56 8 5 60 113 123 33 78 67 29 81 106 16 45 20 7 19 22 34 25 68 23 31 118 88 104 62 119 17 115 87 95 125 120 116 90 72 11 77
70 74 60 71 36 51 13 38 117 17 31 16 113 111 99 65 106 10 52 63 35 81 116 109 32 82 108 22 43 66 19 103 40 100 62 68 84 123 121 88 29 86 64 27 42 34 125 46 23 83 14 102 95 78 76 94 47 45 126 37 67 20 41 18 75 93 4 120 69 59 58 114 107 85 3 12 54 56 53 8 6 5 72 7 96 73 119 48 57 101 15 44 49 115 26 89 118 105 112 9 124 61 90 55 122 33 0 110 50 80 30 21 97 24 87 11 92 77 98 1 25 2 104 79 39 91 28
102 74 65 26 52 89 123 35 18 87 78 116 85 76 50 42 114 60 61 51 72 0 66 33 3 93 126 12 125 10 115 39 68 11 75 1 54 28 119 107 91 106 118 94 4 71 62 73 43 64 104 56 103 120 95 109 31 105 99 9 45 77 81 36 63 112 80 7 111 30 58 55 14 92 37 19 110 17 16 97 29 59 53 5 32 121 2 98 25 40 13 113 8 88 86 82 49 69 67 90 21 44 46 122 57 70 24 108 38 79 100 101 96 6 22 84 27 83 34 41 20 23 48 15 117 124 47
87 99 57 22 118 104 102 121 42 125 100 109 82 126 68 84 2 85 103 91 10 48 54 9 120 35 86 89 70 75 20 110 113 25 19 6 31 21 8 4 27 38 3 112 73 49 12 81 50 80 92 44 41 66 0 59 71 88 67 72 115 37 7 14 32 101 33 124 78 79 43 106 122 16 30 52 83 76 26 53 94 18 36 97 98 5 64 1 11 108 24 77 45 17 28 111 61 40 95 15 29 123 13 117 116 34 105 55 58 93 51 65 90 69 23 62 119 107 114 56 96 60 63 47 39 46 74
117 1 29 33 57 119 65 98 125 91 18 96 49 45 36 86 28 52 83 85 74 56 112 64 115 68 106 42 114 32 0 77 48 43 54 80 105 76 26 6 61 122 37 126 73 17 12 8 35 50 13 92 66 63 124 46 3 53 110 108 62 34 47 27 90 97 11 113 69 60 15 78 14 109 123 58 121 20 116 82 9 39 87 70 100 88 51 120 59 4 2 31 94 23 75 103 21 89 72 25 55 44 99 16 95 5 22 111 24 41 118 7 104 81 79 84 93 101 19 10 30 38 71 40 67 102 107
12 18 71 91 0 70 79 35 49 99 26 55 32 107 52 16 27 41 53 114 119 103 124 120 106 93 101 47 81 94 116 31 66 13 121 109 54 30 118 78 4 40 23 74 68 21 108 60 34 115 48 82 3 63 112 61 80 98 97 20 36 105 19 64 14 59 73 9 2 10 5 22 75 89 37 44 45 83 113 123 67 62 25 122 88 92 111 50 65 77 104 24 15 8 102 58 29 72 11 84 7 33 110 39 76 126 46 96 42 90 38 43 28 6 125 51 85 95 69 117 17 100 57 87 86 1 56
7 14 49 92 102 87 59 120 125 11 89 103 65 35 86 28 44 6 82 30 19 23 62 66 80 106 111 116 76 121 93 99 56 77 104 108 15 78 81 8 90 33 95 53 124 73 110 101 85 63 20 51 4 41 97 60 118 69 58 83 29 21 42 32 0 119 112 3 72 126 113 50 48 88 9 96 54 105 109 18 1 57 115 75 67 16 2 94 117 12 27 24 74 34 70 84 47 107 100 91 71 40 98 68 22 25 46 64 122 52 123 26 79 45 37 10 61 5 43 55 38 36 31 13 114 17 39
71 47 74 44 96 49 1 33 13 59 21 53 18 107 81 9 60 61 93 94 31 76 102 40 75 27 4 14 3 8 19 6 12 48 99 20 110 123 38 23 45 42 28 36 124 115 56 88 32 25 10 73 22 112 126 5 16 34 64 79 105 65 70 24 63 68 69 90 118 39 113 37 103 84 52 17 120 98 125 46 7 26 91 119 67 109 87 121 66 85 57 15 77 92 41 35 82 11 86 114 43 104 54 29 100 58 116 50 72 111 0 80 55 89 51 122 97 117 83 2 108 106 30 62 101 95 78
14 27 41 121 63 2 11 54 82 80 61 44 16 34 79 69 23 102 38 33 106 98 73 7 49 30 51 117 13 1 75 6 17 40 60 64 88 62 85 22 77 124 115 110 96 90 37 99 126 10 0 66 108 58 31 84 5 67 32 12 20 111 8 122 65 52 48 112 113 100 105 9 21 86 107 50 29 83 116 18 70 25 123 28 92 15 74 68 56 81 35 19 125 104 45 118 3 120 119 24 109 47 95 57 46 101 71 4 103 91 89 97 114 72 36 94 78 42 59 87 55 39 43 93 76 26 53
13 118 87 89 9 80 24 53 113 82 78 106 93 0 84 18 122 44 104 57 16 91 99 63 76 31 92 12 71 42 75 60 69 10 97 41 88 96 23 77 108 27 22 29 110 111 48 8 100 14 19 21 43 40 94 65 2 26 51 28 5 72 86 102 56 70 123 38 103 67 11 121 66 98 39 30 36 64 50 55 17 116 20 6 119 59 32 35 90 120 117 33 114 125 115 79 62 112 46 73 81 74 58 109 47 85 25 45 107 124 15 68 37 83 1 95 61 34 49 101 126 52 105 3 54 4 7
54 34 89 73 93 35 82 65 1 36 83 56 115 25 103 58 96 53 37 117 104 38 51 9 32 14 74 123 7 44 95 48 77 85 30 71 3 8 102 59 111 18 99 42 12 126 62 108 112 79 101 52 118 63 86 90 110 5 97 29 120 107 80 122 119 40 11 15 24 47 16 27 4 2 84 55 39 100 60 87 69 10 81 64 28 45 13 92 109 19 121 72 46 78 105 66 26 70 43 21 94 61 113 31 116 17 88 49 0 6 125 67 50 68 23 22 57 91 76 41 33 98 106 114 75 124 20
93 63 35 10 3 8 5 94 111 4 52 91 23 103 100 30 65 81 75 108 36 12 21 9 121 126 41 105 54 27 19 124 49 104 97 114 34 68 120 20 87 18 112 61 107 40 77 53 50 76 62 122 46 66 17 43 99 7 38 6 45 79 28 123 48 84 70 67 95 85 31 101 92 119 115 0 42 24 25 64 1 14 58 16 109 60 26 29 102 55 74 39 22 82 13 32 80 110 106 72 37 88 71 59 44 116 11 47 73 96 98 83 89 117 86 15 33 56 78 113 69 118 57 51 90 125 2
19 75 6 60 32 26 12 36 13 55 44 49 91 25 102 88 78 10 89 111 23 28 114 59 80 46 118 123 4 30 73 90 110 94 2 11 1 41 70 106 61 121 112 38 22 81 74 50 124 116 93 72 64 21 77 97 113 117 67 69 71 103 47 66 105 7 109 63 68 45 9 31 34 0 27 57 100 85 120 62 119 96 29 14 52 37 125 82 8 33 48 40 5 98 101 18 76 83 95 107 39 54 122 115 84 108 87 35 42 17 126 20 99 86 104 24 43 65 92 16 3 56 15 58 79 51 53
19 122 100 69 43 79 33 96 116 113 16 34 109 107 10 52 99 47 38 8 26 6 108 80 49 91 14 1 71 105 87 125 9 126 20 98 37 85 27 54 97 88 92 82 22 25 70 104 93 2 123 53 95 117 56 45 21 60 39 58 57 67 5 12 30 17 72 89 84 55 86 59 124 48 7 74 4 51 32 29 23 77 61 101 64 65 41 106 68 118 115 44 112 103 90 46 0 24 42 40 81 66 3 102 36 18 121 110 76 15 78 28 63 94 120 75 111 13 31 11 83 62 35 119 114 50 73
56 10 115 96 57 1 5 31 3 46 49 54 105 29 116 110 100 23 28 15 84 89 93 72 32 92 126 68 26 30 81 38 11 67 55 13 85 41 103 25 74 47 97 117 64 37 102 123 111 122 61 19 78 125 114 112 77 2 36 24 53 73 94 82 121 34 66 7 42 21 95 71 88 109 113 76 18 106 65 50 35 39 118 58 12 43 87 104 83 80 107 33 52 124 59 44 99 40 20 14 51 79 86 98 120 4 17 16 63 9 91 90 0 45 8 75 6 69 62 27 70 60 101 119 48 22 108
77 108 1 43 125 55 2 10 45 23 29 13 39 126 73 65 49 4 33 21 34 93 11 58 61 122 19 114 46 81 94 76 63 8 99 66 71 16 97 75 7 14 90 35 62 74 101 92 53 109 38 106 69 121 110 68 9 0 116 105 32 26 84 115 50 72 18 119 91 44 80 88 60 96 52 85 64 56 20 42 37 54 5 27 120 113 98 6 59 83 124 30 79 102 57 82 112 12 70 24 48 31 89 104 41 117 51 103 47 118 67 111 17 36 25 100 15 107 78 22 123 86 40 28 3 95 87
68 33 58 23 82 0 74 8 81 55 49 10 28 99 120 5 119 24 53 31 67 65 7 123 100 15 108 62 45 112 61 11 63 97 107 27 79 22 92 104 110 94 37 59 76 109 21 64 85 18 4 39 69 125 51 43 57 84 48 29 121 78 93 17 77 102 32 72 38 113 52 103 12 16 124 35 86 6 95 41 98 13 40 9 50 54 105 66 73 89 75 91 19 47 90 118 71 34 96 26 46 3 117 122 42 88 114 2 36 87 20 14 56 111 70 60 80 115 126 83 106 30 101 44 25 116 1
4 64 10 70 83 74 13 65 30 19 38 14 5 100 21 46 52 96 50 56 18 68 85 121 79 98 51 28 76 39 23 40 59 105 35 61 31 44 45 97 12 102 99 80 118 55 17 75 1 101 25 81 60 41 29 42 115 48 73 107 0 87 53 124 116 57 26 92 84 110 125 95 37 22 67 113 11 123 7 77 9 20 6 2 117 3 104 93 8 72 66 69 122 24 109 71 16 103 94 54 89 88 63 119 62 112 114 36 34 106 78 86 32 33 43 108 82 90 15 91 47 49 126 58 27 111 120
106 107 126 62 18 46 12 4 90 105 70 74 19 9 110 34 3 42 103 118 53 58 91 56 78 60 71 36 10 86 27 44 79 48 32 113 0 47 2 121 66 114 84 125 73 123 6 68 17 76 57 35 51 81 14 100 1 102 43 89 54 92 28 39 45 52 5 94 87 65 16 63 85 33 7 93 83 77 23 30 22 111 109 25 64 97 69 108 40 55 67 115 124 50 98 72 119 122 120 41 80 38 96 95 15 104 88 29 8 37 11 49 26 116 20 82 101 112 21 13 59 99 75 61 24 117 31
5 21 18 88 71 67 66 78 65 108 31 123 16 125 62 98 8 45 74 79 14 105 38 117 11 101 27 32 6 70 37 116 51 106 84 120 90 72 56 24 9 107 63 92 64 91 55 68 114 83 95 47 12 89 13 118 53 3 25 113 100 7 33 17 103 54 41 46 102 121 58 36 76 48 77 69 86 119 1 4 43 44 30 109 80 99 93 104 26 39 57 20 81 94 122 28 23 73 61 42 10 60 111 82 112 49 40 87 52 126 15 85 96 35 59 0 75 22 19 50 2 97 115 29 110 124 34
65 48 70 62 25 68 40 90 109 36 4 3 0 50 57 61 105 98 103 121 78 9 80 108 74 96 43 64 10 95 66 42 8 37 23 41 83 86 63 114 123 11 79 92 34 99 32 85 51 88 111 20 14 122 1 120 107 5 82 13 116 6 30 104 72 12 29 39 112 115 46 60 69 76 118 44 84 16 56 35 75 21 91 38 31 81 22 100 28 119 102 124 89 93 77 52 27 18 117 59 106 53 15 67 126 71 55 125 87 24 110 97 19 54 47 58 94 17 113 101 49 33 73 26 2 7 45
120 48 114 96 1 6 77 105 73 54 95 40 2 26 24 87 99 97 38 35 115 60 39 8 43 86 41 76 92 122 80 50 17 71 72 56 119 91 102 19 66 67 124 57 4 69 0 33 118 46 15 16 68 14 83 22 37 13 112 107 5 47 126 111 125 75 21 90 109 36 81 45 123 28 27 29 32 9 70 78 10 52 79 84 31 53 64 49 30 110 101 12 65 62 116 104 63 44 42 25 88 61 82 59 23 108 89 55 93 100 74 51 34 58 11 117 3 94 20 85 121 7 103 106 113 18 98
71 94 83 93 4 118 2 62 96 23 42 104 107 91 98 40 119 63 115 21 51 106 99 109 8 38 58 70 15 7 27 11 48 29 72 74 105 13 65 117 28 64 44 36 111 55 47 22 125 124 84 57 114 102 112 88 56 87 26 41 25 100 123 45 17 86 78 54 116 68 69 85 67 3 60 1 59 30 46 35 122 110 5 9 24 0 14 97 19 82 75 31 34 103 6 33 37 32 12 101 121 18 126 80 66 10 90 49 76 53 52 92 120 79 81 113 95 108 20 16 89 39 77 43 61 73 50
124 7 51 22 62 59 78 99 10 108 68 25 35 84 54 24 27 94 0 49 123 16 113 15 5 103 46 26 76 40 2 98 91 65 33 73 90 9 125 50 19 126 67 6 45 121 34 101 55 11 30 20 71 96 28 42 74 64 116 112 32 82 13 102 122 21 85 87 14 100 104 115 92 17 97 70 43 29 47 8 58 81 31 38 61 106 18 44 89 117 72 23 114 109 119 37 3 93 83 60 105 80 57 53 107 41 69 120 77 88 48 95 79 56 12 75 52 86 4 39 63 110 66 36 1 111 118
63 51 48 114 76 74 95 32 5 44 39 98 38 47 1 88 19 108 41 99 110 49 122 24 81 12 40 6 121 123 13 54 85 67 69 107 31 82 9 42 14 15 8 16 60 75 70 90 113 53 87 25 101 4 89 83 56 106 68 35 117 58 79 72 23 29 28 0 71 104 57 105 43 120 125 26 124 126 96 111 59 100 18 3 30 20 86 80 118 64 61 27 119 65 73 93 34 103 109 10 66 62 92 2 17 33 37 112 97 116 50 52 55 84 94 22 91 115 36 21 45 102 46 11 77 78 7
2 0 83 95 51 94 32 22 112 48 88 67 86 27 10 75 21 69 7 1 121 105 76 26 65 109 78 119 16 53 126 72 64 39 124 35 80 3 117 4 58 46 18 28 49 56 12 73 97 61 8 23 34 92 11 33 91 116 36 31 104 59 44 66 70 17 6 41 68 42 85 96 43 50 93 108 99 102 81 62 98 54 123 37 90 84 111 110 103 30 118 55 38 52 60 24 29 120 113 89 47 79 25 115 107 45 63 20 71 15 74 14 100 40 13 114 125 82 9 122 19 106 5 57 101 77 87
93 110 54 125 70 8 88 109 97 17 57 92 0 51 86 102 56 3 44 106 94 78 103 61 35 12 31 9 72 60 111 82 121 112 64 122 85 23 15 124 89 80 113 63 114 74 100 105 84 55 13 21 81 119 37 29 76 43 107 30 62 108 4 71 120 27 104 83 6 115 7 28 87 50 22 39 40 10 16 95 75 49 58 90 66 98 36 101 45 123 47 67 118 48 65 33 46 73 1 41 11 77 24 52 20 91 19 38 96 18 34 53 99 5 79 42 69 14 2 32 59 117 25 126 116 26 68
71 57 56 16 72 10 120 38 49 92 32 110 34 85 61 119 109 95 107 14 114 59 126 36 17 42 48 41 99 33 9 46 62 60 35 89 39 125 75 55 30 116 26 64 96 79 81 18 80 66 51 91 108 97 88 90 5 105 83 25 74 54 27 58 112 86 12 68 37 19 6 87 15 104 117 50 82 8 63 67 44 3 76 7 23 31 122 115 43 0 70 78 40 100 123 52 77 73 113 93 94 13 53 84 124 28 98 118 11 45 20 106 29 22 102 24 1 111 4 121 65 2 69 47 21 101 103
58 96 14 33 75 68 2 86 26 104 125 12 6 55 73 81 54 34 53 8 61 31 74 20 49 9 38 63 91 36 4 110 7 45 27 15 116 48 70 13 83 47 46 17 65 44 89 121 23 76 3 69 123 21 93 59 28 117 120 102 105 107 113 5 84 42 85 118 35 99 50 98 41 79 60 66 90 51 40 106 101 92 88 43 100 11 108 10 111 112 56 52 25 32 39 103 77 82 16 24 64 87 119 109 57 71 30 19 126 37 122 18 95 62 114 72 67 124 0 78 22 97 94 115 1 29 80
59 111 123 114 52 1 101 109 88 94 78 99 96 49 41 64 79 12 98 67 2 61 71 68 115 87 11 10 65 35 107 19 56 62 93 90 53 5 73 9 13 126 37 22 119 40 26 24 14 6 0 43 106 45 39 74 15 29 102 81 113 85 55 118 121 69 82 8 46 110 70 75 21 16 80 122 108 58 66 57 27 25 28 103 32 97 51 44 36 3 18 38 117 20 124 31 95 84 92 30 112 86 50 77 76 42 63 105 48 104 34 125 47 4 83 91 60 33 23 120 54 7 116 100 89 72 17
100 107 47 87 27 108 38 23 59 97 62 79 78 65 106 10 117 67 20 4 11 113 25 13 121 22 44 84 116 125 50 15 16 94 36 41 12 40 26 119 103 61 91 66 7 53 31 122 17 0 102 124 33 112 69 24 105 19 39 120 73 52 111 32 54 60 14 104 118 92 76 83 70 114 3 109 29 63 90 5 55 77 126 43 95 6 93 56 123 28 30 71 86 85 89 68 81 99 35 115 110 49 21 34 8 72 46 45 88 37 57 82 64 18 80 74 2 51 1 42 9 98 96 75 48 58 101
85 29 46 78 98 66 90 80 21 56 92 64 89 38 93 3 120 95 61 77 5 126 42 57 24 48 87 23 39 67 118 30 50 71 45 76 103 15 112 49 11 114 52 35 116 10 72 6 32 41 101 88 86 124 119 14 123 96 28 20 53 1 62 100 83 19 79 60 36 106 0 107 69 94 12 37 9 108 75 26 34 105 117 110 59 33 115 63 17 8 122 121 51 22 31 81 18 111 4 84 99 97 104 16 47 73 44 58 91 125 40 65 55 54 102 2 109 25 43 7 70 68 82 113 13 74 27
77 108 43 8 47 39 73 113 94 16 107 104 93 38 21 49 88 102 91 95 117 9 87 24 7 14 66 44 32 25 55 28 20 10 106 45 90 4 1 125 85 42 112 101 53 115 61 72 86 57 92 48 58 123 23 27 36 100 34 63 80 121 99 96 3 56 114 98 81 2 31 37 0 50 68 70 19 11 103 60 124 119 110 65 83 54 126 78 15 74 35 109 82 76 30 5 40 120 46 17 122 22 89 69 13 51 79 111 62 97 64 75 84 26 67 6 71 118 33 18 116 12 29 59 52 41 105
40 10 81 56 120 88 122 47 84 20 72 33 32 103 115 74 68 21 101 117 0 126 77 39 27 79 89 99 42 106 71 82 19 35 58 13 118 94 55 49 109 22 121 16 52 107 95 86 75 96 85 15 119 80 92 97 111 105 50 51 36 48 43 62 76 3 125 124 93 24 69 7 59 102 1 29 11 57 63 6 83 4 67 30 114 91 116 73 41 45 12 9 64 61 38 87 17 23 70 110 90 46 78 113 25 31 5 37 18 98 34 123 60 112 44 8 108 66 54 14 2 65 100 28 26 104 53
72 121 39 20 117 28 7 119 48 49 5 87 37 67 59 96 122 34 93 120 11 29 81 108 26 97 52 70 12 95 9 126 21 45 124 62 91 73 58 100 63 10 66 8 0 22 89 27 23 90 65 94 43 42 33 92 80 68 107 99 103 16 64 118 86 44 56 61 115 17 114 24 36 41 83 6 13 51 2 110 113 109 77 4 50 82 55 15 111 19 76 57 104 105 32 47 18 60 30 1 14 74 98 46 112 101 88 75 53 116 54 38 125 71 40 31 35 25 106 3 84 79 69 78 102 85 123
67 100 22 71 39 29 24 27 6 82 120 16 96 121 103 108 11 68 30 122 84 2 80 125 107 45 60 25 4 79 77 72 58 113 3 83 1 99 73 61 41 85 13 14 117 101 91 7 32 18 111 23 47 5 70 56 116 0 44 8 64 55 104 31 112 52 62 34 53 21 97 48 76 57 51 26 110 88 12 90 95 28 102 126 54 38 123 106 89 35 98 119 105 75 81 59 43 42 87 109 86 20 114 46 36 33 10 17 37 74 124 63 115 118 92 50 49 15 66 93 94 69 65 19 9 40 78
126 72 3 102 108 84 107 6 32 57 93 99 74 4 92 63 43 116 45 65 15 26 97 61 105 78 16 91 30 121 20 14 46 75 27 101 113 73 111 87 51 100 25 109 71 9 96 85 56 1 18 124 82 94 35 5 22 70 62 12 19 76 54 90 120 37 0 81 95 68 7 42 115 118 21 55 44 17 2 83 23 77 117 50 64 33 28 112 58 47 88 106 79 98 125 119 89 34 52 66 123 60 10 40 29 41 36 8 38 53 24 80 39 122 48 103 13 110 49 31 67 114 69 86 11 59 104
108 114 35 17 22 126 91 60 25 70 93 118 104 101 74 21 47 44 76 86 59 50 24 32 11 98 46 75 23 71 95 61 10 87 14 107 112 82 43 116 115 65 109 7 80 94 72 41 1 85 57 119 48 12 103 19 110 9 26 79 122 81 49 5 58 90 34 89 51 3 53 78 40 39 73 33 113 121 96 64 92 27 106 56 29 97 8 28 88 83 15 16 6 54 117 36 62 111 125 102 20 77 69 124 120 0 45 37 84 31 4 68 2 99 38 105 66 123 30 18 63 55 13 100 52 67 42
126 64 90 0 60 24 81 94 79 70 41 124 97 117 80 52 15 3 9 69 38 44 42 112 108 114 84 87 105 51 4 49 71 30 116 43 95 113 107 98 21 120 37 56 125 101 40 53 118 29 110 85 8 67 48 2 86 47 5 36 33 76 121 16 119 25 19 103 27 7 46 35 109 75 88 89 93 54 92 63 14 99 66 82 100 77 115 65 50 45 10 104 91 78 11 28 102 111 31 83 26 6 59 74 1 106 68 13 39 58 57 72 20 34 32 23 122 123 55 62 96 73 12 18 61 22 17
50 47 17 20 21 46 45 26 105 25 78 122 37 55 76 0 120 61 71 86 51 54 4 114 104 7 119 75 107 77 60 52 1 83 44 56 9 39 2 13 66 74 88 10 41 64 116 123 91 33 24 40 29 59 108 106 92 125 93 72 110 90 22 102 16 109 27 8 36 126 73 12 31 14 81 103 98 100 112 94 96 32 43 18 80 28 89 82 65 34 70 95 35 111 84 124 38 19 117 6 5 63 11 79 69 118 30 15 121 101 58 57 42 87 53 97 62 68 113 115 3 49 67 99 23 48 85
2 9 81 53 113 73 74 3 118 63 64 50 65 37 125 20 28 13 112 43 71 100 104 76 116 16 40 58 92 114 117 72 101 18 39 34 88 105 5 26 25 0 123 30 121 120 57 98 62 32 38 78 22 91 55 94 10 102 89 107 126 79 8 87 11 61 97 7 82 41 108 54 80 42 75 115 90 45 19 15 36 60 46 84 110 31 85 21 119 52 33 67 66 29 1 12 68 99 86 122 83 103 44 51 47 56 23 14 69 27 96 17 93 48 59 4 35 106 6 70 95 49 124 77 111 109 24
44 100 31 40 48 72 120 10 25 51 77 114 69 101 115 1 104 9 21 41 90 42 7 62 96 102 49 46 110 57 122 30 124 59 95 88 43 94 80 91 50 28 18 65 78 116 74 61 113 0 117 71 92 99 60 19 64 107 73 118 108 17 38 86 12 56 112 33 15 68 11 32 53 54 98 27 39 67 16 84 37 36 93 26 63 81 45 8 2 119 47 103 6 79 29 121 55 123 35 125 75 5 52 105 109 66 23 97 106 58 85 22 89 87 126 83 76 24 70 14 111 13 34 82 4 3 20
43 65 116 98 83 122 59 37 71 95 118 1 45 23 109 24 105 8 15 102 36 117 56 5 27 46 11 58 22 33 74 30 68 100 106 25 87 123 18 112 38 94 28 61 76 7 54 63 119 99 103 75 48 107 21 32 85 34 67 78 90 69 12 104 77 49 86 79 0 97 20 115 10 66 6 40 84 91 60 16 14 55 51 47 70 108 39 3 35 50 124 19 88 42 121 73 81 41 120 31 82 110 64 62 125 29 126 26 13 72 9 52 89 111 80 53 4 96 93 113 44 57 17 114 92 2 101
76 78 99 94 119 67 1 81 68 55 9 101 92 3 14 25 33 21 10 6 61 30 48 105 34 118 24 97 80 31 91 28 66 71 22 85 102 114 4 121 83 64 7 29 60 36 53 46 27 89 126 75 103 52 19 93 26 84 123 65 90 49 117 43 20 42 58 17 69 70 124 23 54 8 77 44 79 107 125 104 88 110 98 106 96 63 35 51 116 40 11 100 86 113 115 18 111 122 38 12 57 59 120 47 74 62 16 0 112 95 73 109 37 41 39 45 56 82 13 2 32 5 108 50 15 72 87
35 107 51 119 12 78 6 65 52 16 99 36 24 37 126 97 101 116 3 39 110 14 43 96 2 54 108 103 42 70 64 32 20 5 121 40 15 79 59 81 28 92 84 41 56 115 72 45 105 44 27 55 31 75 95 60 74 1 58 85 104 94 118 17 61 109 93 23 13 63 8 123 102 88 71 4 53 22 114 38 113 46 69 89 91 67 120 86 26 80 112 10 87 33 7 30 11 117 18 73 62 0 68 122 125 48 106 66 50 77 47 21 49 98 90 34 82 124 29 76 111 9 100 57 25 83 19
53 104 83 30 4 81 68 47 60 88 49 72 74 57 92 13 89 116 108 50 12 97 43 5 55 77 87 20 2 3 112 125 7 25 21 11 99 27 84 120 59 75 45 67 93 28 1 54 85 34 14 110 70 71 9 22 90 46 31 18 64 40 36 42 101 29 102 23 19 6 73 16 105 66 38 24 80 56 94 62 0 103 15 111 35 119 121 58 122 65 106 76 91 33 32 98 17 126 86 114 96 37 117 109 39 44 82 113 48 100 123 8 41 63 61 115 95 118 124 26 52 107 69 79 51 10 78
44 100 89 51 39 6 117 14 33 29 115 15 109 45 81 9 37 0 52 50 31 114 95 99 41 87 7 107 120 102 36 116 40 101 21 72 119 22 74 1 67 30 61 121 54 105 12 79 83 25 48 4 10 104 125 110 8 59 77 94 13 34 90 85 19 2 112 78 111 113 5 38 108 91 122 56 103 57 93 82 26 11 69 28 42 60 46 16 47 49 123 24 68 86 106 92 23 126 96 55 18 71 84 118 65 43 75 35 124 88 70 3 27 32 80 63 20 17 76 58 66 64 62 73 53 98 97
39 97 26 36 34 72 103 53 32 25 41 110 8 95 79 54 27 105 51 40 113 126 63 111 117 0 123 3 58 29 122 74 78 114 94 71 120 4 87 80 11 18 124 6 100 14 28 31 90 20 50 121 9 10 1 77 21 115 61 88 66 119 98 76 99 38 12 96 2 85 33 70 55 59 69 109 35 73 30 82 75 81 91 45 65 15 7 17 84 125 57 23 24 48 67 116 5 44 68 52 106 22 93 56 112 46 104 60 62 86 83 37 108 102 47 118 16 64 89 42 49 13 92 107 19 43 101
110 99 58 16 98 23 115 41 95 84 78 65 46 119 100 11 2 4 108 109 39 71 107 72 121 22 43 42 57 113 93 3 35 125 101 105 76 83 30 66 106 25 124 45 68 33 21 116 86 24 27 54 8 48 53 26 120 60 81 90 6 19 123 111 64 104 70 17 44 91 7 80 10 47 79 103 118 75 28 114 62 37 122 29 40 15 74 67 51 18 56 52 97 34 92 55 61 89 32 36 38 50 126 85 88 5 20 14 49 77 0 69 59 9 13 63 94 102 1 87 82 117 112 31 12 96 73
40 88 8 125 121 48 117 32 87 47 62 81 29 33 124 54 17 72 113 92 38 34 95 79 14 90 85 30 98 105 19 35 109 84 51 10 49 80 83 37 42 9 115 100 126 89 104 78 2 44 68 31 74 75 36 59 6 27 93 20 76 119 21 70 116 12 22 25 122 123 58 46 101 118 13 108 56 71 86 16 0 11 91 96 61 110 67 23 39 18 43 60 106 112 65 63 5 41 77 4 28 55 73 111 52 50 66 24 94 57 103 97 107 69 64 3 15 82 114 1 120 102 26 53 99 7 45
60 75 52 80 120 96 65 18 101 1 111 4 10 71 25 85 102 39 86 97 81 15 115 82 74 67 6 53 51 19 79 107 89 98 50 29 62 55 92 17 95 21 105 76 99 113 88 66 56 103 49 116 90 36 48 108 117 0 8 94 63 68 38 123 40 30 84 61 122 119 114 125 110 78 91 112 11 14 44 87 70 3 73 100 126 31 26 32 37 7 83 16 12 41 57 28 35 121 59 118 23 46 106 20 27 2 22 64 9 47 124 93 72 24 34 77 13 45 43 42 33 54 5 69 109 58 104
92 17 109 16 114 60 19 59 73 100 96 57 121 18 79 113 34 62 104 110 67 126 2 35 63 64 89 43 61 118 40 53 44 50 74 120 117 71 30 91 77 37 39 103 10 98 46 20 99 107 105 68 26 42 31 47 8 80 112 52 84 124 13 85 76 93 24 45 97 115 33 48 22 69 56 94 23 122 83 95 119 29 54 6 32 108 41 72 75 111 15 101 51 55 5 87 116 81 49 1 66 9 102 14 88 82 86 125 90 123 106 12 4 58 36 21 25 0 11 78 3 38 28 27 65 70 7
82 28 18 47 10 56 112 97 74 103 91 95 45 50 61 36 109 58 8 110 118 88 121 77 62 93 126 123 68 80 53 24 84 124 3 75 65 31 7 6 96 92 57 27 12 108 16 34 67 107 43 55 14 1 60 79 105 81 44 69 90 41 72 83 113 40 33 87 71 59 19 102 85 51 122 104 99 78 22 119 9 100 63 20 0 5 111 66 35 4 116 76 37 25 13 117 64 42 94 120 115 30 49 114 73 26 101 2 48 52 32 86 98 11 39 89 54 125 17 21 15 29 70 38 106 23 46
120 122 63 5 10 100 25 8 68 57 79 31 103 59 17 65 84 35 110 39 60 22 92 14 61 44 126 86 116 7 24 89 85 38 11 87 102 30 1 33 108 76 83 93 26 32 119 49 82 48 18 2 125 16 121 4 42 29 64 115 62 20 9 52 88 54 106 99 74 78 53 69 94 118 28 36 112 113 101 51 21 55 105 104 40 97 37 124 95 56 45 15 90 77 43 13 91 27 12 123 41 75 72 107 96 67 71 6 80 47 81 109 114 34 3 73 50 19 117 46 0 23 98 70 111 66 58
22 9 33 94 45 51 122 89 118 44 49 124 60 116 23 25 92 87 16 113 63 72 111 7 115 19 36 53 41 43 126 35 10 32 56 105 37 119 109 61 95 59 86 46 20 112 17 8 85 66 73 120 3 88 103 42 125 0 4 18 28 68 78 100 121 80 14 26 90 79 5 27 39 13 34 81 70 31 82 84 1 24 67 2 47 11 108 55 40 64 6 107 57 104 65 52 69 96 123 97 110 98 101 21 93 117 76 75 99 48 77 62 102 91 106 15 74 71 114 50 54 58 30 29 12 38 83
53 103 66 15 8 51 71 27 30 47 25 72 122 32 12 70 99 19 68 119 83 105 112 111 77 110 124 78 73 106 52 84 6 100 65 115 97 64 60 75 59 96 4 33 74 20 109 7 108 50 21 91 16 98 114 26 45 37 22 87 46 18 113 76 56 1 48 0 38 34 90 9 24 67 116 80 58 43 85 14 40 28 36 3 5 17 88 69 120 81 61 79 86 10 57 2 89 55 121 62 126 82 42 101 102 95 11 63 94 49 123 39 29 107 35 117 13 44 41 54 92 93 118 31 23 104 125
54 77 82 72 9 46 15 10 29 39 92 13 6 89 117 95 30 56 50 68 8 55 5 80 17 53 101 107 67 109 7 38 96 118 44 16 66 100 65 112 47 45 76 104 93 122 33 18 110 105 124 73 120 31 85 23 60 123 91 115 1 84 20 25 114 59 21 19 62 121 99 37 32 49 87 58 111 4 71 83 119 97 34 102 14 64 27 28 35 98 24 43 103 2 3 88 57 42 61 90 108 63 94 48 36 52 75 106 26 11 40 116 113 0 125 78 126 81 69 41 51 79 12 86 70 74 22
13 93 119 12 126 27 28 21 67 81 121 96 75 26 30 65 95 4 24 22 54 40 103 9 33 15 51 100 44 117 90 89 87 53 106 116 122 60 68 120 35 82 111 14 102 29 109 34 20 49 0 118 11 5 63 43 3 105 98 114 41 110 69 84 58 97 77 16 113 31 88 7 64 66 18 104 59 76 42 83 62 45 125 8 10 6 74 72 55 78 108 47 46 25 32 80 73 99 123 71 19 39 112 50 86 91 61 37 38 52 79 48 1 2 107 94 85 36 115 101 17 124 56 70 23 57 92
43 70 63 110 104 40 113 119 23 42 50 93 16 52 78 53 123 117 44 92 2 125 120 107 121 69 67 34 66 60 22 32 10 75 106 31 99 95 33 62 12 14 89 1 102 26 9 109 96 71 6 38 17 27 118 21 90 94 28 101 111 7 18 51 112 84 39 87 65 76 68 4 116 35 115 85 45 25 80 11 47 97 81 61 72 91 37 103 5 114 41 58 30 54 3 8 48 98 0 86 82 108 57 88 19 49 24 46 29 59 64 122 74 79 15 55 13 126 77 20 83 36 73 56 124 100 105
2 53 17 11 122 24 65 57 23 49 30 61 20 98 25 26 124 1 0 96 113 115 85 39 9 93 76 99 7 58 88 83 29 116 80 14 21 6 74 44 95 50 91 107 4 84 43 16 89 52 22 40 8 72 64 102 48 108 106 73 10 51 38 35 71 60 42 68 103 62 87 86 121 5 123 54 77 90 45 100 63 27 117 79 46 120 70 67 97 111 36 105 13 37 12 82 92 114 18 112 56 34 125 32 75 15 81 19 110 3 41 55 109 119 118 66 94 126 59 69 101 28 47 104 31 78 33
57 8 89 74 116 76 26 69 10 45 124 65 88 121 84 35 112 30 5 60 66 119 19 71 62 85 98 109 75 47 90 93 96 1 87 80 91 49 100 54 95 63 7 14 125 6 29 53 33 104 41 46 78 40 94 18 0 51 61 115 20 17 97 108 110 70 73 39 12 122 27 24 81 58 126 64 77 4 34 43 118 72 102 48 11 105 38 22 79 3 21 120 82 52 2 56 111 67 55 113 50 117 107 9 99 103 114 86 13 37 123 15 36 68 92 31 101 25 16 23 42 106 59 44 28 32 83
11 10 35 44 121 12 50 97 57 67 55 126 59 116 3 22 88 69 112 51 100 13 83 95 108 109 68 111 118 21 38 110 66 37 62 2 0 6 43 49 80 31 18 70 24 15 85 25 20 9 105 76 41 71 84 117 107 53 29 101 45 42 114 56 16 7 36 103 1 4 124 119 60 33 86 28 87 91 30 93 113 81 17 65 125 23 63 52 47 82 122 115 96 72 8 92 54 64 26 40 75 61 94 46 106 77 78 90 48 98 34 99 32 14 102 74 89 73 123 27 19 39 5 120 58 79 104
6 32 60 57 118 100 85 69 17 94 1 31 5 4 28 75 9 38 71 108 45 95 18 2 46 42 119 65 58 67 54 77 83 20 99 70 47 24 90 111 121 96 113 0 122 123 56 107 73 11 87 40 104 116 62 49 76 126 89 15 102 51 14 43 120 115 53 68 112 52 16 34 22 97 80 48 81 93 66 78 27 33 35 125 19 10 98 64 21 50 109 29 13 86 30 61 74 39 101 72 7 82 79 117 37 105 91 26 63 59 8 3 110 36 103 55 88 44 106 84 41 124 114 12 25 23 92
7 108 116 55 61 8 43 74 33 19 50 41 57 114 109 2 103 94 24 68 96 26 69 20 76 64 86 72 21 110 47 31 18 104 102 12 29 56 99 101 92 38 45 11 54 121 97 46 117 79 4 0 124 75 62 28 107 3 113 111 36 77 118 23 90 51 49 52 98 115 112 58 126 67 15 125 89 63 32 9 95 59 5 44 65 40 100 81 34 93 70 85 91 83 30 88 66 82 37 80 60 105 87 42 22 84 13 14 25 39 71 53 48 6 73 123 10 120 35 78 16 106 27 119 122 1 17
80 105 24 100 26 23 72 55 110 25 86 59 99 78 108 96 29 61 9 53 65 14 93 21 82 39 81 62 74 111 13 114 46 31 66 126 51 77 107 60 17 90 73 34 63 36 40 4 56 28 20 70 38 44 47 6 118 57 112 5 121 76 120 75 109 91 92 104 67 35 58 8 119 10 15 7 11 88 68 43 79 83 94 54 41 101 84 98 37 30 52 125 103 117 49 71 3 115 22 123 18 64 102 1 0 113 116 45 42 97 16 69 2 19 27 124 50 48 106 95 33 122 89 87 85 12 32
75 70 64 99 21 119 20 17 79 88 110 78 84 63 10 13 93 85 55 60 61 50 15 3 30 114 102 95 118 62 28 31 111 57 116 125 68 52 53 11 54 40 59 12 47 43 36 32 92 107 81 16 83 6 90 96 71 51 122 44 38 34 8 46 86 65 1 104 25 98 58 120 49 19 0 117 76 7 112 48 74 42 41 39 108 89 103 124 24 109 101 5 97 77 87 121 126 4 66 113 37 35 67 23 18 29 45 82 14 9 26 94 72 123 56 115 100 22 80 33 2 91 105 69 106 27 73
28 86 9 21 31 1 78 96 56 27 62 83 77 85 49 16 11 71 70 26 53 113 7 105 106 17 44 34 66 124 57 61 67 38 30 89 15 59 2 47 64 88 117 52 115 91 32 75 37 94 22 111 33 102 63 95 36 55 3 122 72 5 4 123 107 41 69 13 84 65 114 101 18 74 120 58 43 79 39 14 6 112 81 118 24 97 110 119 45 48 46 25 12 126 42 116 90 76 29 99 40 104 68 103 54 10 93 100 8 80 60 0 82 109 20 19 50 87 35 23 51 121 108 92 125 98 73
76 59 95 33 123 71 68 77 48 83 125 86 107 54 12 64 110 109 0 114 37 10 80 49 67 65 32 116 96 111 69 88 52 36 115 41 3 57 101 5 23 24 2 103 100 22 97 92 50 11 1 78 82 35 26 120 40 31 29 34 4 75 119 7 25 66 44 55 15 21 14 106 122 60 42 84 19 53 17 18 81 28 105 104 43 73 72 63 20 56 39 30 94 117 124 13 102 85 99 87 108 61 9 126 112 74 91 113 118 62 51 46 38 47 27 16 79 70 121 90 98 45 6 58 89 93 8
21 60 111 11 33 119 35 26 99 43 38 46 110 76 31 25 116 16 41 63 80 108 51 36 56 30 66 122 81 59 54 24 74 117 68 7 6 13 8 52 22 118 37 90 17 100 3 105 85 109 103 73 29 20 2 121 23 79 94 75 70 92 91 39 53 82 102 98 32 62 101 0 49 87 64 84 78 107 95 71 34 15 40 27 125 57 67 44 97 115 45 48 72 69 28 1 93 5 9 88 104 42 61 10 4 47 113 58 12 55 83 112 126 89 124 50 14 77 123 120 19 18 86 96 114 106 65
40 17 7 64 78 85 109 114 62 106 28 58 33 15 93 38 51 112 115 6 13 92 56 37 68 121 1 22 91 46 74 5 61 25 126 113 117 67 36 4 89 70 60 104 29 76 55 116 88 72 20 80 32 98 45 105 12 34 73 75 23 43 97 87 9 108 8 90 65 124 57 110 125 2 83 86 3 11 26 107 0 10 96 59 94 79 42 27 39 82 100 53 81 16 118 69 99 24 44 77 95 31 122 63 52 84 30 123 54 66 71 120 103 41 102 48 49 50 101 21 18 111 119 47 14 19 35
89 56 69 28 75 7 16 119 117 61 17 64 114 105 49 104 111 79 48 32 36 118 86 23 95 112 109 5 11 92 80 38 55 76 115 113 46 15 103 19 70 54 125 107 6 39 22 93 60 40 96 88 121 84 116 82 43 2 106 12 53 123 122 97 72 30 44 67 35 0 110 20 63 57 100 124 87 13 62 37 51 33 45 3 85 14 4 34 68 120 21 18 81 25 98 83 65 8 10 42 52 41 31 27 50 99 78 24 108 77 71 90 126 73 47 94 66 74 29 59 1 102 9 101 58 91 26
34 63 101 52 38 0 80 53 113 83 91 37 27 33 86 76 45 29 40 35 124 23 24 112 82 61 94 103 92 47 108 70 13 106 17 119 75 18 8 48 98 7 14 109 110 64 15 93 123 9 73 59 97 11 69 78 12 111 1 22 68 50 96 85 26 99 105 41 21 125 102 4 39 6 95 121 46 67 43 54 19 77 5 42 84 60 55 36 89 20 90 87 107 16 126 25 62 32 72 51 71 28 10 79 56 66 115 120 57 122 117 74 3 65 88 118 2 100 30 44 58 116 114 31 104 49 81
79 87 28 47 72 100 75 105 122 82 124 102 94 62 115 92 126 10 3 0 111 17 41 91 96 98 30 123 67 71 44 86 25 61 112 43 20 8 99 70 66 7 6 35 21 114 73 81 31 1 26 119 54 16 42 4 14 24 34 13 53 51 57 11 69 118 113 104 107 39 110 84 36 120 109 90 56 9 40 12 27 52 2 89 33 50 5 46 101 23 65 32 93 64 88 116 60 103 22 80 48 58 29 95 19 18 108 68 49 74 83 55 77 78 76 85 15 97 45 121 59 63 38 106 37 117 125
75 81 82 118 52 15 109 8 33 68 71 116 48 21 67 45 119 113 43 1 23 36 89 90 114 0 72 25 70 115 3 34 86 59 78 104 47 42 74 97 66 9 38 32 117 24 18 12 100 112 19 123 2 30 107 69 51 125 57 94 96 6 37 65 88 64 17 126 105 56 4 11 7 80 79 40 13 87 60 106 121 98 31 53 77 29 26 102 50 55 108 83 99 35 16 10 5 76 101 110 95 92 46 58 124 41 122 84 14 61 54 28 22 120 85 20 73 44 39 63 49 93 27 103 111 62 91
32 42 82 69 124 3 56 90 2 80 36 100 35 93 76 89 39 48 62 17 67 38 54 115 4 23 33 41 11 51 94 114 50 112 7 24 122 105 19 110 118 26 6 113 117 81 66 79 47 70 77 103 57 60 72 91 85 34 52 63 25 49 108 92 27 87 13 102 123 65 98 73 106 10 12 71 78 125 30 88 83 45 107 20 21 68 74 40 22 111 37 44 16 95 64 58 121 53 28 31 101 8 46 43 5 15 9 1 86 109 0 75 120 99 126 29 18 61 96 116 97 84 55 14 119 104 59
