21 55 82 24 30 86 78 76 104 102 23 46 97 101 117 27 68 113 96 91 33 81 50 85 6 92 51 119 25 37 7 31 44 77 45 16 73 74 84 35 67 47 3 13 125 83 58 71 39 19 2 40 8 111 38 49 123 1 52 54 107 61 48 5 79 66 10 124 115 29 93 108 70 17 75 60 32 53 26 106 120 88 15 41 98 11 62 94 110 72 9 116 121 57 63 14 126 109 59 69 18 118 90 87 42 64 122 112 43 105 20 80 22 103 95 12 56 34 65 0 114 4 99 100 28 36 89
24 59 64 44 49 83 122 119 96 74 20 112 90 25 5 109 43 30 100 38 116 45 34 104 28 102 47 81 107 97 26 13 80 79 71 72 51 115 14 85 12 57 106 66 37 1 8 92 2 60 68 46 35 94 9 78 113 103 121 52 87 93 16 6 69 82 4 36 56 19 101 55 110 0 73 31 76 41 126 111 10 15 3 88 105 54 70 42 123 48 17 33 65 22 108 67 95 53 84 21 91 114 11 77 27 58 75 86 23 98 124 39 120 29 18 7 40 63 32 89 117 99 118 62 50 125 61
43 67 12 66 33 11 8 121 104 99 6 87 119 82 75 30 28 29 45 31 123 58 84 69 53 27 7 90 107 14 2 34 114 57 63 105 15 55 13 4 42 26 70 106 49 95 97 81 24 44 62 16 125 126 36 46 39 118 23 32 117 120 3 115 76 85 94 56 88 98 35 50 52 41 96 64 72 22 47 83 68 91 111 10 37 89 78 100 122 80 112 116 20 25 110 124 108 86 51 71 9 19 65 48 102 93 77 38 74 54 61 60 18 59 109 0 113 40 103 1 79 17 21 73 101 5 92
106 8 23 67 7 50 117 70 22 44 97 14 124 84 0 101 12 42 10 34 29 112 45 38 113 64 87 126 28 4 105 63 114 46 6 74 69 93 33 25 94 68 110 41 80 103 58 61 95 86 79 56 115 48 36 73 39 5 53 31 100 83 98 43 35 121 37 55 66 1 20 81 40 77 3 26 109 99 9 76 108 116 120 71 122 102 123 75 30 27 18 119 85 13 78 59 51 24 90 16 65 11 82 91 92 118 62 107 54 57 32 89 125 21 104 52 49 60 15 19 2 47 96 72 17 88 111
57 64 41 11 80 89 118 69 35 40 103 75 16 5 70 55 53 31 115 97 98 4 78 84 123 125 13 119 61 106 77 43 74 82 6 114 37 42 20 54 60 124 83 23 92 19 2 73 93 12 38 3 26 116 9 50 112 113 117 120 91 8 22 105 79 28 126 101 68 71 24 46 32 33 95 14 67 108 47 30 100 52 44 36 94 90 87 56 17 65 72 18 86 59 104 63 81 39 102 49 27 111 29 85 25 107 76 62 122 109 1 88 96 45 51 7 48 15 0 99 121 66 110 21 58 34 10
94 107 108 82 76 12 89 53 77 39 124 71 62 44 20 111 18 106 51 116 26 45 3 120 2 109 40 49 103 104 95 112 0 41 105 98 47 19 13 27 28 14 93 101 114 110 118 50 84 29 64 65 85 55 72 74 63 6 24 31 78 81 68 30 87 17 90 25 70 60 22 43 119 122 97 75 7 121 91 21 73 46 5 1 58 67 52 16 88 92 36 34 42 10 59 32 113 125 37 9 4 61 54 33 56 8 66 123 35 99 83 115 79 100 96 48 57 15 117 126 69 23 38 102 86 11 80
25 38 26 102 92 77 27 12 87 124 86 28 114 115 112 66 54 49 103 125 35 96 43 44 110 51 82 108 36 75 109 61 80 101 2 95 67 90 6 39 9 113 81 116 64 1 3 106 22 32 58 85 33 20 68 24 45 10 78 105 55 16 91 48 100 72 19 60 119 7 57 118 83 104 5 99 98 14 40 37 15 84 31 94 117 59 89 23 121 71 123 65 93 97 107 30 4 56 8 47 69 79 62 46 11 18 126 50 76 73 53 13 41 34 88 21 74 122 70 0 17 42 29 120 52 63 111
42 73 109 99 24 65 74 117 66 36 68 17 6 72 4 13 91 21 27 71 85 93 45 54 35 103 108 10 20 3 8 55 57 44 88 77 2 26 86 113 110 25 47 98 56 83 62 34 1 67 7 15 64 49 19 112 101 76 90 79 32 82 122 58 5 125 40 97 28 104 105 59 46 115 124 11 43 12 94 75 81 50 118 33 87 0 14 52 92 39 63 119 18 107 96 61 84 121 41 89 38 30 37 23 114 70 116 69 31 16 95 48 29 123 126 9 106 100 80 60 120 51 111 78 53 22 102
1 116 77 85 28 35 39 53 99 93 63 49 15 58 105 23 12 119 6 43 74 59 7 71 101 64 22 40 17 80 26 16 27 100 92 122 8 65 82 25 29 20 48 78 112 52 54 87 60 107 66 120 34 3 79 46 70 98 110 94 50 31 61 76 115 10 47 45 90 104 73 4 126 14 102 108 36 123 125 83 37 106 41 62 113 124 103 19 57 95 44 114 117 67 33 88 11 18 32 68 21 81 89 111 118 56 109 75 121 0 69 55 96 2 51 13 24 86 84 72 97 42 91 5 30 9 38
75 106 62 50 59 79 31 29 121 126 18 87 39 11 19 28 123 94 74 117 111 82 20 102 101 72 38 63 108 68 44 60 85 53 76 120 57 17 16 27 112 58 77 5 0 95 64 23 96 1 47 124 22 21 52 14 48 10 42 3 32 56 35 80 107 97 110 69 15 41 91 84 12 24 99 67 70 34 7 61 6 104 4 109 119 103 25 83 55 2 116 8 92 88 30 54 13 122 49 71 100 66 118 43 115 40 81 46 65 105 33 89 73 36 51 45 37 86 113 125 93 26 114 9 98 78 90
95 102 123 100 29 36 75 64 73 17 80 3 62 98 74 25 81 72 40 114 21 115 104 77 125 14 65 46 59 35 57 43 42 67 27 32 94 7 84 112 60 108 126 54 61 11 2 4 91 122 48 116 90 8 0 117 12 63 86 19 33 20 24 13 9 107 101 85 51 83 110 39 87 34 120 119 97 124 105 52 71 109 56 66 78 92 38 23 45 41 22 10 103 111 53 6 37 47 28 121 93 106 89 118 82 30 50 49 18 68 15 55 31 44 16 26 113 70 88 76 58 5 96 99 69 1 79
123 96 7 23 62 50 94 109 26 95 63 122 113 15 28 68 53 72 64 65 32 4 86 124 116 107 125 12 102 30 8 10 47 80 121 71 49 0 103 39 3 42 108 2 44 81 19 97 88 73 119 83 13 46 93 54 17 104 29 77 66 110 31 27 69 112 78 11 91 20 105 1 75 22 120 56 61 5 21 48 118 74 92 16 126 99 33 59 85 36 58 87 76 9 79 117 35 55 43 111 60 37 57 100 24 41 82 89 34 70 98 67 6 84 40 90 45 14 106 18 114 52 38 51 101 25 115
44 70 60 121 98 88 111 48 115 74 21 77 71 5 124 103 25 97 8 33 31 13 123 20 39 64 16 72 93 95 80 108 46 62 104 2 102 0 86 35 101 53 117 42 82 94 79 76 96 3 109 12 10 4 125 99 84 105 92 23 68 107 54 106 61 85 36 114 67 52 112 75 49 14 89 30 58 26 19 28 27 118 116 63 90 51 22 9 15 7 38 65 24 66 55 50 17 32 126 91 122 45 57 18 40 120 41 6 110 100 119 43 29 87 34 59 11 83 81 113 47 1 56 73 69 78 37
0 9 100 109 39 19 10 96 119 60 5 115 125 26 83 14 87 1 90 71 79 52 6 40 67 23 116 30 17 12 84 107 99 111 70 7 110 94 106 49 47 92 35 120 74 103 53 4 11 50 108 95 44 58 56 122 29 21 113 54 76 77 43 34 82 59 123 66 8 97 102 55 38 98 69 13 22 15 20 81 78 3 28 80 37 45 88 85 105 18 57 42 68 62 114 61 64 75 101 72 93 104 118 24 36 63 32 91 46 89 121 48 86 65 117 73 51 124 126 16 31 25 41 27 112 2 33
97 20 101 48 28 61 16 74 79 47 29 19 110 87 32 93 64 99 96 116 112 10 5 26 107 57 45 18 72 46 0 37 95 14 65 73 91 90 60 15 113 70 121 103 27 30 102 104 49 21 84 44 98 13 118 1 122 4 82 100 58 80 111 77 31 88 86 41 63 81 117 43 109 2 68 11 22 115 75 83 33 119 125 8 67 94 36 54 23 120 35 78 38 85 62 124 9 39 17 34 89 24 105 69 114 52 123 55 12 71 50 42 7 106 108 59 51 40 126 25 3 56 76 6 53 66 92
54 112 91 45 124 92 62 108 10 85 12 99 106 30 7 97 96 81 23 98 103 89 120 51 41 28 1 25 70 11 83 125 56 95 76 72 86 84 104 2 93 33 105 37 22 52 101 88 117 79 9 67 36 114 119 111 60 69 14 122 31 6 65 64 38 75 46 21 24 3 118 50 34 116 100 47 27 77 82 73 5 63 42 57 39 0 80 43 58 29 53 13 16 20 123 44 109 35 26 115 74 113 15 107 8 71 48 110 32 78 59 4 40 18 121 94 55 102 19 66 17 61 49 126 90 68 87
71 2 10 25 54 97 73 51 111 22 115 72 122 91 7 117 55 43 80 1 116 120 61 102 9 62 67 32 26 113 114 14 68 8 69 119 64 121 107 126 98 124 13 15 30 123 95 38 41 74 52 84 28 112 109 5 108 110 37 12 50 34 96 42 86 81 24 20 0 44 85 40 19 125 39 118 94 17 3 21 59 31 46 11 87 60 82 18 66 70 104 57 48 29 33 16 45 6 23 4 27 83 92 89 77 47 90 36 56 105 103 76 100 88 79 106 63 65 75 93 101 99 58 49 78 53 35
73 107 72 65 122 67 104 40 39 82 56 18 17 47 24 93 54 21 9 105 51 119 81 96 28 26 61 103 8 64 31 97 71 38 121 3 91 52 92 29 7 36 84 15 102 41 27 98 115 30 20 66 13 90 109 32 83 116 74 46 123 112 100 75 124 126 120 60 1 19 108 125 16 68 2 53 118 94 23 110 50 48 55 99 62 22 11 49 42 114 0 43 88 37 77 87 57 25 44 95 59 34 106 79 35 58 69 63 113 70 80 85 111 6 12 45 101 4 14 117 10 86 89 78 76 5 33
120 62 74 10 123 116 33 88 79 36 70 48 100 108 1 43 66 25 53 113 56 13 89 124 90 16 96 47 15 69 17 86 73 32 51 85 11 41 94 99 103 12 46 9 106 49 76 42 110 29 50 21 75 8 107 19 14 6 83 105 2 114 77 72 44 27 101 54 95 0 24 97 92 87 40 55 68 26 81 18 109 22 98 111 38 82 93 119 58 115 59 104 64 63 61 52 126 3 60 35 39 20 31 117 7 30 122 4 45 125 28 91 71 57 65 78 84 37 121 5 34 112 118 23 102 80 67
76 1 54 108 51 120 45 62 73 68 77 87 69 64 107 75 3 72 126 57 44 41 117 13 17 91 82 30 47 119 59 56 66 20 102 35 98 125 123 50 105 48 61 37 40 78 84 85 115 15 95 28 70 93 116 19 53 2 114 112 31 83 55 111 11 23 21 74 92 39 38 122 7 43 10 36 86 104 65 58 110 9 100 0 94 90 113 18 96 5 63 25 79 32 27 80 52 42 14 101 124 49 26 103 67 106 97 118 33 88 34 81 22 8 99 46 16 121 109 89 24 6 60 71 29 4 12
44 7 77 19 86 103 69 30 101 99 6 33 82 52 20 98 78 5 22 88 120 113 80 9 48 39 13 66 11 122 126 21 29 4 114 83 97 95 76 90 94 62 28 67 108 121 59 75 3 0 109 117 87 61 107 50 112 119 63 36 79 85 124 25 81 93 123 8 43 10 53 35 111 65 84 70 57 49 54 1 56 15 73 105 118 32 91 17 72 96 41 18 74 92 58 23 31 71 42 55 12 16 47 14 24 34 106 110 102 51 125 2 46 100 37 89 27 104 38 40 26 45 64 116 68 115 60
80 118 99 77 33 6 11 37 59 56 4 20 12 47 41 112 117 57 35 116 83 43 72 86 125 92 94 29 17 25 63 65 101 38 87 109 28 61 32 74 82 1 30 119 45 75 103 21 79 67 64 68 0 15 23 96 66 7 120 49 111 3 102 18 121 124 9 76 10 44 85 122 52 55 104 115 95 46 5 89 114 78 107 73 13 108 53 93 58 19 8 48 70 51 42 123 22 84 54 36 113 16 27 31 40 2 71 60 14 34 91 90 100 62 50 81 26 69 97 39 88 105 106 24 110 126 98
74 118 21 48 18 63 17 104 121 4 41 45 75 79 108 66 102 89 13 64 7 52 86 88 80 97 100 54 105 115 20 73 15 114 59 2 78 122 28 77 31 44 85 16 8 123 98 94 57 120 71 40 110 11 82 38 25 126 117 107 61 27 72 34 116 43 39 24 112 76 106 23 33 83 50 90 35 109 36 95 93 12 91 26 96 22 19 119 5 125 111 101 81 46 62 124 42 3 32 53 103 68 51 30 55 14 84 99 10 47 113 65 69 0 70 37 67 87 58 29 9 56 1 60 49 6 92
35 28 76 26 81 4 47 120 42 36 25 8 119 80 87 123 103 38 121 79 62 61 3 86 124 30 7 97 15 110 68 70 44 23 92 88 74 65 24 50 126 12 82 89 105 21 106 98 101 115 52 49 114 112 107 72 117 39 77 1 91 113 84 118 20 73 55 9 60 63 17 32 67 14 108 37 10 13 125 64 85 56 46 18 54 100 31 19 116 102 90 95 59 5 83 66 16 71 58 99 45 22 34 43 29 6 109 53 111 93 11 0 33 57 40 104 94 27 48 75 51 2 96 69 41 122 78
60 63 103 90 45 7 49 38 67 99 44 116 30 26 91 37 32 100 41 106 52 107 120 3 58 89 98 59 82 102 11 87 74 6 101 23 71 83 123 57 31 15 88 20 81 53 109 14 19 79 97 28 69 113 40 50 122 12 64 13 94 33 0 62 96 78 112 17 51 125 72 115 9 4 5 8 84 66 119 25 16 34 61 68 76 24 2 1 43 80 70 55 39 105 92 42 36 73 126 124 114 22 47 77 27 29 118 121 95 85 56 104 117 21 35 108 75 18 111 86 54 10 110 46 93 48 65
125 55 49 88 65 25 73 84 87 71 19 17 66 50 47 95 97 62 101 42 44 46 103 1 80 5 105 96 108 100 123 3 90 124 40 106 14 69 2 74 82 119 51 41 104 85 89 21 120 116 37 64 83 99 15 110 122 98 11 86 4 111 28 43 93 35 75 48 9 68 126 0 12 32 45 33 56 58 115 22 107 121 27 61 79 30 60 13 63 117 77 57 10 70 78 34 102 76 113 81 29 16 114 67 23 92 8 52 118 109 20 54 26 36 31 59 112 24 94 39 53 72 91 18 38 7 6
52 15 122 30 9 33 44 125 48 70 101 58 8 95 92 91 63 41 16 84 111 20 74 22 94 1 38 25 34 64 13 5 104 108 49 7 89 47 87 39 119 32 40 65 72 35 66 123 106 62 0 67 124 6 28 51 43 18 120 109 61 102 36 82 55 37 11 88 21 77 50 54 90 57 86 31 42 93 100 80 71 85 56 103 45 98 117 83 12 78 114 60 99 118 53 4 121 76 126 14 23 73 115 3 97 26 19 59 69 75 107 68 27 81 46 105 110 29 112 116 113 79 24 17 10 2 96
20 45 14 123 111 109 47 26 71 119 92 97 62 56 0 35 46 126 75 29 52 104 74 41 9 8 101 36 113 40 44 7 42 81 79 48 53 60 38 122 70 33 68 21 88 30 43 15 118 66 32 1 102 100 61 55 107 82 103 83 64 84 121 34 78 89 49 12 22 16 10 125 124 27 86 98 28 37 96 65 25 85 110 93 24 2 5 90 18 57 80 95 4 17 105 19 31 13 108 50 87 3 120 39 72 91 23 59 114 116 6 69 117 112 63 106 51 77 73 99 58 94 115 11 67 54 76
12 118 83 66 58 89 98 63 119 91 103 27 20 37 111 97 42 19 56 126 43 87 121 125 76 116 24 77 105 113 23 18 49 36 44 102 75 65 32 13 50 78 93 120 123 7 114 51 11 14 71 115 39 74 70 15 29 109 5 117 108 28 35 67 60 53 25 8 57 33 47 88 31 100 86 6 55 3 61 2 122 34 62 10 92 101 79 95 84 26 112 38 45 1 72 81 0 9 68 124 17 46 52 73 107 82 90 64 99 59 96 21 16 94 4 110 22 40 41 106 54 80 48 69 104 30 85
42 96 12 75 124 58 120 94 61 105 9 43 7 112 56 28 52 69 100 113 118 19 59 123 0 13 83 93 17 25 104 66 119 73 22 99 81 90 125 24 121 98 101 115 15 70 14 110 54 87 50 11 18 109 55 74 16 111 20 48 106 72 114 47 3 6 62 45 79 49 85 35 97 53 63 117 60 26 107 1 10 71 92 91 51 57 29 27 122 8 95 32 126 30 80 37 38 2 40 39 31 33 64 88 76 65 84 78 77 44 23 4 36 86 41 82 102 116 34 21 108 5 89 67 68 103 46
16 114 125 41 86 2 79 67 9 5 83 8 25 47 58 57 28 84 97 93 70 21 75 72 26 56 119 64 89 81 15 11 124 40 108 36 122 95 126 18 42 68 110 120 69 82 62 115 43 107 113 7 76 100 55 19 96 74 38 12 73 51 6 4 50 111 53 94 30 37 24 85 121 14 54 3 22 105 117 71 63 46 39 29 102 98 77 52 118 101 90 116 78 104 103 33 10 109 123 112 1 17 31 99 65 48 66 13 88 49 34 23 80 61 92 60 44 0 27 45 91 59 32 106 87 35 20
19 0 44 18 81 68 32 62 93 48 45 86 65 124 7 61 9 119 11 80 82 39 16 121 91 23 85 54 46 102 47 94 64 55 21 56 29 67 110 38 120 122 76 88 103 5 66 15 117 24 28 114 6 20 41 33 118 25 12 35 99 53 83 75 92 4 40 111 43 104 95 22 63 34 52 1 50 125 3 78 69 57 30 79 108 72 109 31 49 100 84 112 113 36 126 101 73 71 60 37 14 59 98 10 106 89 8 27 2 105 51 77 87 58 17 70 107 13 26 42 96 74 115 90 116 97 123
104 106 3 124 94 93 118 64 75 37 14 12 53 57 84 17 78 97 38 47 63 105 50 66 48 42 81 121 76 114 119 58 70 13 11 49 32 27 100 82 116 7 109 5 40 67 9 101 10 99 74 44 86 90 73 51 45 26 1 126 122 111 28 95 83 98 4 52 120 125 6 23 123 39 56 85 79 103 25 108 117 15 16 55 71 24 91 68 107 115 19 34 20 60 102 43 41 92 8 96 61 69 110 89 87 113 21 72 30 54 0 88 80 59 62 35 2 46 29 18 65 36 112 31 22 33 77
19 45 2 54 70 96 108 65 10 8 72 17 101 63 104 14 122 26 30 44 46 23 13 119 60 52 69 3 77 16 76 66 37 0 90 47 29 80 9 85 50 121 15 53 32 92 84 117 20 55 18 79 24 118 87 73 40 74 6 48 56 36 67 1 78 83 34 107 28 33 62 21 91 61 89 71 99 94 109 105 93 7 97 58 25 86 75 4 64 51 57 102 11 111 116 5 27 113 38 115 22 59 42 120 81 68 123 106 112 125 95 110 31 43 103 39 41 12 82 114 124 49 126 98 35 88 100
118 76 24 5 14 61 93 90 63 116 0 12 59 67 71 95 91 121 82 52 30 48 17 107 110 119 42 19 120 20 98 21 84 34 103 104 126 3 99 102 29 58 68 123 40 57 37 97 33 46 80 106 55 117 79 73 112 87 13 75 56 92 113 31 41 77 105 115 1 16 60 122 4 83 100 50 39 62 94 66 15 18 78 36 65 8 45 26 47 111 96 108 81 64 32 74 2 85 11 124 88 6 35 89 7 23 22 38 101 109 125 86 27 70 44 28 10 51 53 49 9 72 54 43 69 114 25
69 86 49 16 52 14 81 112 75 36 62 114 0 111 9 117 7 116 119 92 95 100 19 40 39 126 103 125 50 24 101 18 72 54 51 30 107 42 20 59 113 115 71 11 27 94 104 83 23 43 13 98 38 64 96 31 8 65 34 56 58 88 66 87 35 28 46 12 68 124 89 70 123 76 102 85 120 110 57 121 33 60 53 17 77 6 26 4 63 79 45 118 97 22 61 1 29 44 90 21 25 82 80 73 67 122 74 48 93 105 108 15 3 109 2 55 10 5 84 41 78 32 37 106 91 99 47
68 109 116 122 67 73 40 89 98 113 35 57 31 63 38 19 28 70 34 22 21 3 8 123 29 55 94 44 105 118 23 71 66 110 41 54 82 74 15 103 12 107 18 88 114 32 5 58 76 124 9 6 95 65 37 69 62 33 100 7 61 99 119 92 84 80 120 93 45 49 101 81 11 96 17 42 26 90 72 47 14 60 56 25 48 86 4 20 125 104 115 0 43 13 16 53 102 59 52 87 36 78 83 46 27 24 108 91 106 39 30 51 97 121 10 79 117 2 111 112 126 50 64 75 85 77 1
50 84 77 37 88 107 126 106 28 12 32 21 78 22 5 121 72 91 93 6 57 17 8 100 96 14 23 67 2 25 54 64 66 43 102 115 110 18 41 95 24 119 113 29 26 7 90 65 56 124 33 71 42 39 70 44 123 86 81 118 9 0 34 73 104 103 13 92 117 94 55 47 61 87 31 68 15 89 3 19 40 69 74 125 63 101 27 10 36 60 105 51 52 83 111 53 79 97 99 35 58 48 108 45 82 16 116 76 112 20 109 80 114 85 38 1 122 11 62 59 75 30 49 4 98 120 46
23 28 81 90 39 11 71 37 118 107 6 67 35 80 18 42 109 10 121 27 104 30 119 89 15 41 78 0 117 17 14 124 93 57 38 7 123 108 64 61 1 58 122 59 69 96 92 77 53 113 48 74 72 73 94 56 5 44 31 47 79 110 43 112 106 88 40 60 26 19 101 36 65 82 54 83 105 20 102 97 16 9 24 99 114 12 70 103 86 2 32 66 8 84 13 120 76 46 49 116 95 22 51 52 75 45 91 126 85 115 25 68 63 50 29 34 111 98 87 4 100 33 62 125 55 3 21
104 45 34 40 121 81 33 62 52 54 87 35 70 116 119 24 12 99 20 8 43 32 75 53 69 55 100 39 125 44 115 79 11 46 102 89 15 80 36 93 96 114 7 50 65 61 92 90 120 86 101 23 22 28 66 103 30 106 84 108 41 105 73 113 21 2 37 0 77 9 126 107 64 10 17 49 6 94 109 83 97 25 4 60 68 71 67 123 117 19 59 1 13 51 110 5 95 47 48 56 112 74 63 42 82 3 58 111 122 91 85 76 118 27 88 72 26 16 14 31 29 124 38 98 78 18 57
124 57 103 27 66 87 17 93 47 39 13 120 117 97 71 15 49 32 52 102 96 8 21 92 86 82 10 33 53 106 43 58 34 111 36 23 88 12 50 56 115 95 80 94 31 81 70 85 84 78 19 60 77 37 14 48 63 110 125 6 116 42 4 24 51 64 30 38 114 123 107 9 105 83 89 16 5 118 40 119 11 45 1 26 112 72 90 73 104 28 126 100 61 108 3 68 74 46 122 101 76 35 98 7 20 62 2 67 54 44 55 25 69 22 91 0 65 109 59 41 29 99 79 113 18 75 121
18 111 4 124 33 15 12 89 30 117 0 108 126 49 115 95 3 63 97 79 39 91 90 13 104 60 16 8 72 80 59 121 45 74 94 99 57 109 70 22 19 46 73 75 32 120 58 101 66 26 110 56 17 86 71 68 87 107 1 27 55 67 93 96 11 47 23 51 105 7 43 76 116 42 50 112 113 38 34 83 118 2 6 65 78 85 69 92 53 25 5 29 123 106 119 14 10 77 114 37 98 36 35 54 21 103 61 100 84 62 52 48 44 24 82 125 20 40 31 9 81 28 122 64 102 41 88
25 91 13 96 98 53 125 80 1 72 102 78 31 20 23 11 124 21 69 6 26 52 50 111 84 16 94 4 19 59 18 47 100 122 83 22 103 74 45 85 9 56 10 49 8 42 41 46 14 82 109 37 65 86 97 88 92 3 54 38 73 68 58 113 99 101 93 43 75 95 114 104 30 70 5 17 64 108 119 29 89 79 123 106 118 107 112 87 7 0 60 62 48 77 34 2 57 44 39 33 24 12 116 110 76 90 51 121 126 36 28 61 105 120 115 63 35 117 55 15 27 81 67 66 71 40 32
68 50 67 7 58 61 22 15 13 126 120 24 72 101 115 103 5 42 85 99 74 111 37 59 78 91 69 19 119 34 80 122 82 106 110 56 52 53 112 93 77 97 60 57 27 45 54 35 100 3 16 121 17 6 88 41 89 70 104 23 43 108 107 116 109 90 66 84 87 118 14 32 10 31 95 55 1 79 38 26 29 64 33 83 98 49 48 25 86 11 76 12 123 113 9 81 21 36 44 20 46 2 63 71 8 18 125 0 62 75 94 92 51 39 117 105 102 4 47 65 114 73 28 30 40 96 124
118 1 59 54 85 81 116 50 72 101 71 75 46 49 16 64 7 2 110 14 78 104 113 74 119 45 25 8 117 44 125 126 109 67 13 102 19 108 32 98 88 112 38 3 65 23 124 17 39 99 22 68 73 111 30 48 87 9 96 95 86 114 69 21 77 63 10 0 43 84 92 12 94 42 11 89 66 35 57 106 26 97 6 55 107 20 61 5 76 41 80 120 53 56 18 15 37 105 47 103 28 121 29 115 34 122 24 4 40 60 62 123 33 82 58 27 100 79 90 36 83 52 93 31 70 51 91
9 82 74 39 113 89 65 88 15 96 56 76 36 107 6 12 62 122 83 51 123 70 118 93 55 17 28 99 32 38 73 81 26 79 14 13 0 126 97 20 67 52 8 10 58 109 50 124 66 116 45 92 5 69 105 18 72 41 95 57 33 59 90 114 100 94 121 125 115 47 108 2 35 98 22 34 64 44 25 63 4 42 27 103 29 119 3 112 7 60 111 85 120 80 24 31 46 106 30 61 43 91 75 37 53 19 77 54 49 101 84 40 68 23 1 110 87 78 104 21 86 71 11 16 117 48 102
10 19 124 86 65 116 107 79 30 57 47 40 85 109 106 121 4 45 66 95 46 84 83 70 88 2 3 114 39 16 15 29 93 52 69 76 36 100 59 42 56 21 123 61 102 67 11 74 96 53 41 1 43 101 92 49 125 119 104 44 71 87 33 108 80 78 103 105 5 99 28 89 68 38 110 64 75 72 8 98 81 55 34 35 20 17 62 27 18 23 118 63 58 48 120 9 94 25 54 50 126 24 60 97 115 7 32 13 14 0 91 37 51 122 22 6 117 90 12 113 77 26 82 31 111 73 112
77 106 107 45 116 85 29 56 98 117 32 22 30 65 52 96 12 51 55 86 49 24 93 75 9 7 8 122 120 63 43 60 57 58 10 103 119 99 23 48 35 104 25 102 62 109 87 0 42 125 64 121 47 37 2 50 16 39 17 74 5 92 41 79 115 124 61 53 18 78 110 123 108 44 67 28 105 95 82 68 112 90 88 59 71 40 6 4 94 26 89 19 21 1 54 3 27 100 72 13 36 114 69 118 113 83 20 81 76 11 15 91 46 33 66 38 111 126 97 34 80 14 70 73 31 101 84
109 69 89 95 126 122 0 81 117 44 47 20 28 114 99 15 116 107 125 96 53 25 33 48 37 46 23 13 51 82 85 97 38 101 80 39 43 22 3 90 75 11 74 119 42 104 14 87 123 103 91 27 88 30 50 67 31 110 4 62 86 84 83 118 12 115 8 120 79 59 93 41 106 9 56 16 66 58 54 60 45 55 113 7 10 63 112 1 72 57 100 5 124 77 121 102 18 26 94 17 34 76 61 49 52 32 70 19 21 105 64 65 92 98 111 73 2 40 78 36 68 24 71 108 35 6 29
111 36 71 33 66 55 27 83 84 32 76 0 72 118 22 56 58 79 42 90 114 14 1 5 112 69 92 81 64 45 97 120 31 106 109 82 91 51 57 23 117 2 11 18 89 78 100 7 10 116 119 54 6 125 12 98 62 95 52 105 87 124 70 26 88 60 38 67 50 75 41 19 39 8 73 80 61 24 110 16 103 65 48 123 104 46 17 37 21 94 59 68 86 43 63 9 74 47 101 3 121 25 44 99 85 28 13 77 93 107 96 113 108 20 29 115 122 4 102 15 30 126 35 53 49 34 40
113 74 57 124 39 77 116 65 66 88 9 41 96 115 122 107 47 2 106 87 68 90 63 15 34 7 82 117 71 22 25 43 78 100 110 27 80 126 98 108 21 83 73 44 109 91 79 54 32 84 18 37 92 8 101 23 99 69 123 51 58 48 50 112 45 12 31 76 29 89 97 59 86 62 38 70 35 26 6 120 10 64 102 114 11 19 5 14 28 105 67 60 61 72 36 104 17 118 3 93 0 85 111 119 20 24 33 13 94 55 40 95 16 30 103 49 56 81 75 125 46 121 1 53 52 42 4
22 36 96 14 98 11 67 106 111 71 51 78 110 114 41 1 31 19 72 69 93 102 112 108 101 92 17 68 113 73 35 47 118 121 45 61 65 62 82 48 126 3 109 57 25 122 116 21 88 33 58 125 95 60 54 123 0 85 39 23 119 32 83 77 81 12 74 59 15 7 27 34 44 86 43 75 30 56 76 42 29 50 117 104 28 10 94 9 53 97 24 49 70 18 103 4 84 5 38 66 79 124 115 6 63 46 55 120 16 107 40 90 37 26 100 64 2 13 99 80 52 20 105 87 89 8 91
50 39 58 122 123 93 107 76 19 28 52 95 55 70 73 105 25 104 13 121 26 92 79 124 81 14 106 116 86 7 49 115 101 36 33 75 42 21 126 109 114 67 98 57 11 66 18 37 82 96 8 64 3 61 88 2 27 89 31 32 1 83 38 9 91 103 59 90 5 16 69 97 94 108 78 84 120 22 112 45 99 119 56 48 30 74 51 35 54 60 68 71 47 65 63 34 85 125 41 113 12 6 100 15 110 43 46 111 72 40 17 20 102 80 0 10 117 23 44 87 77 24 4 118 53 29 62
84 93 34 83 27 69 123 17 22 89 25 79 96 50 78 120 116 41 43 92 115 87 118 126 65 61 98 62 88 45 37 95 113 70 122 5 15 85 51 3 35 40 10 102 94 49 55 99 117 18 6 101 72 53 23 2 60 32 20 39 110 68 104 14 56 90 66 0 7 31 42 57 38 54 75 52 107 46 44 48 67 91 124 30 80 114 28 64 112 19 97 4 24 63 103 1 100 119 8 29 59 105 108 9 73 26 16 81 33 77 36 111 71 106 11 47 121 109 86 21 12 125 58 13 74 82 76
98 17 56 95 80 117 64 48 76 24 55 45 10 39 46 100 67 81 111 74 27 78 61 50 94 77 31 88 97 5 6 62 85 53 99 90 86 15 37 119 35 118 18 66 29 89 103 34 36 124 33 125 22 57 114 43 23 109 122 52 59 32 115 116 70 63 110 92 60 20 42 112 54 107 108 121 14 106 101 21 25 30 123 49 83 113 19 72 38 75 102 93 65 87 3 79 12 2 41 40 16 4 71 47 51 1 120 13 69 9 11 68 91 58 104 73 44 0 26 84 105 126 7 96 8 28 82
37 66 7 120 109 10 83 53 112 65 55 125 38 90 62 82 4 40 5 0 103 48 92 77 8 75 123 50 42 76 25 78 33 28 98 74 6 36 32 45 17 61 96 11 100 124 2 41 105 97 59 19 18 20 68 118 87 111 70 56 85 15 57 46 22 86 24 107 71 81 44 89 31 121 69 116 72 73 64 104 52 93 1 26 21 95 84 110 13 30 9 101 94 63 60 29 108 43 114 67 80 119 79 16 49 106 113 126 115 3 35 122 12 102 51 117 14 27 23 58 99 54 88 39 47 91 34
52 48 6 111 73 27 57 107 60 61 100 105 23 72 62 114 13 41 121 1 53 123 84 99 46 45 103 11 78 119 55 31 87 50 74 20 42 28 102 43 12 37 47 106 91 38 94 49 69 19 104 76 36 90 59 44 25 65 77 51 22 2 24 82 117 120 96 30 97 0 40 34 89 3 98 56 9 17 79 110 64 101 92 10 32 88 4 58 116 125 33 16 75 39 68 95 15 67 29 66 14 80 115 118 54 122 18 93 26 70 112 5 8 81 109 85 63 86 108 124 126 113 71 21 35 7 83
97 49 8 38 68 118 53 67 57 5 73 3 124 36 25 83 109 26 0 20 41 6 54 122 95 33 90 101 75 102 44 106 78 84 40 111 77 115 81 24 113 85 42 14 29 104 45 21 87 114 10 11 96 61 119 91 80 112 18 56 93 74 88 27 13 35 31 117 76 89 79 17 1 66 125 100 39 82 46 64 2 107 63 16 37 126 9 58 55 47 48 108 120 92 105 23 50 62 99 69 116 59 19 121 32 72 98 7 34 110 94 43 51 103 60 65 22 28 71 12 15 30 52 4 70 86 123
75 16 57 97 78 124 17 119 79 12 31 113 35 109 6 63 121 114 32 52 58 42 46 36 34 26 49 91 25 107 99 64 38 20 5 71 86 116 125 44 85 30 73 9 104 122 61 54 105 93 8 2 115 14 77 24 56 70 89 117 41 118 120 126 48 18 102 39 53 66 23 69 82 47 92 51 45 13 29 108 90 72 1 60 88 95 68 37 27 10 15 21 50 110 11 67 106 81 112 80 0 3 74 19 100 59 84 101 43 7 111 96 28 76 40 98 123 22 94 65 33 55 103 62 4 83 87
16 73 7 126 4 55 93 115 26 78 33 80 111 123 108 118 24 67 50 119 83 88 45 0 47 112 120 36 25 69 82 42 11 31 85 61 3 38 6 89 70 86 10 109 71 98 64 12 13 56 40 8 65 15 105 62 99 94 48 41 116 35 23 63 30 5 52 125 20 21 19 27 22 59 104 51 103 114 107 53 113 79 122 84 57 43 96 106 92 91 46 90 60 100 44 58 34 101 75 102 76 17 68 39 37 29 87 18 66 95 97 28 81 14 54 124 72 9 49 121 74 2 1 77 110 32 117
126 64 23 32 47 95 123 21 74 124 18 79 78 2 56 81 110 37 73 33 15 43 55 57 54 50 69 120 25 89 86 63 0 90 91 121 75 3 49 11 68 12 97 35 82 36 44 94 122 118 52 17 107 40 109 42 104 100 46 1 96 88 66 27 98 102 106 10 34 28 30 76 84 85 83 48 99 59 117 115 14 93 116 8 13 24 4 119 125 87 70 19 6 38 22 5 58 53 77 39 80 114 62 105 20 111 16 31 71 41 72 45 101 67 103 113 7 65 51 26 112 60 29 61 92 9 108
4 64 5 29 114 88 17 113 74 76 92 108 40 90 10 49 16 26 33 70 30 54 51 20 96 7 106 81 52 102 118 56 121 93 110 24 15 99 69 8 6 25 23 124 28 2 122 60 68 98 78 67 19 11 38 42 61 57 83 105 72 79 75 35 91 45 47 14 107 125 36 55 32 12 95 46 89 112 44 13 87 65 22 31 34 111 120 48 41 77 0 117 101 71 18 104 86 103 3 116 82 43 39 27 66 53 37 123 73 109 85 50 115 58 63 62 100 80 84 126 9 21 94 97 59 1 119
100 92 96 85 3 27 10 106 71 69 62 65 122 101 58 53 17 74 104 97 73 94 108 60 41 44 45 78 42 66 57 48 51 19 26 113 125 107 6 120 59 12 40 91 31 64 8 47 11 15 105 118 56 111 102 83 2 82 68 50 33 36 89 25 126 34 84 72 67 14 80 1 63 114 93 55 110 87 123 54 99 20 21 117 43 35 49 0 30 7 46 18 98 86 116 109 90 112 81 23 76 52 103 79 121 88 38 29 22 77 28 75 119 16 9 95 4 24 124 39 32 61 115 13 37 5 70
11 5 86 95 122 106 33 15 25 117 109 44 88 6 70 115 66 113 80 78 62 79 82 63 104 29 76 47 2 60 48 9 7 22 37 58 39 18 35 101 108 71 114 61 27 111 68 10 89 38 53 43 55 87 4 23 65 92 52 84 96 16 0 99 85 31 45 73 56 90 75 83 1 103 69 19 50 3 102 20 81 98 21 125 97 46 121 12 32 107 118 57 123 93 126 26 30 24 8 94 54 42 64 51 116 74 14 77 119 17 49 41 105 67 28 112 72 124 13 120 59 91 34 40 100 36 110
104 75 57 83 51 38 82 6 122 114 77 93 54 35 36 3 17 112 33 92 24 105 84 113 34 106 101 2 96 126 118 4 97 0 16 23 59 103 66 20 73 10 124 91 116 71 25 42 8 39 123 95 30 50 31 65 120 121 22 102 125 64 46 119 108 90 1 15 5 85 61 56 74 67 52 100 88 69 62 48 60 41 110 14 12 86 27 21 18 76 53 79 55 58 45 49 98 81 29 117 19 109 43 28 47 89 72 13 63 40 94 44 107 11 26 9 70 78 32 68 37 87 111 115 99 7 80
75 65 86 93 26 21 58 90 118 45 17 112 53 33 121 30 12 72 10 57 109 89 81 7 5 79 99 106 37 95 59 119 25 66 78 67 4 23 74 51 126 43 46 42 2 27 97 77 122 55 114 92 11 15 70 32 52 102 123 62 34 61 69 19 125 100 108 31 98 101 48 83 110 84 38 47 88 1 85 16 54 60 39 50 9 14 124 22 28 107 41 64 113 36 105 68 87 13 44 18 6 63 120 96 76 3 20 40 73 111 115 91 82 104 117 116 94 24 29 8 103 35 0 71 49 56 80
94 0 12 89 87 57 24 110 108 115 21 73 91 92 62 63 55 32 38 111 5 66 64 2 125 83 118 8 50 123 76 16 100 86 39 95 11 58 9 114 54 121 68 78 33 10 53 102 41 29 46 35 56 70 98 28 52 103 101 126 17 81 44 113 117 80 82 67 31 106 120 15 105 36 74 122 93 79 109 26 88 49 27 6 3 45 60 34 71 51 14 104 90 42 23 20 43 7 48 37 75 1 97 30 59 25 18 107 22 47 84 61 116 40 99 19 72 124 96 77 13 112 119 65 85 4 69
82 70 3 47 126 19 123 10 46 42 22 16 118 93 44 38 24 13 0 53 113 31 119 107 40 94 114 99 121 74 64 68 21 43 23 103 125 62 9 6 34 59 101 65 109 71 78 41 98 11 95 75 49 111 25 124 45 88 77 86 29 104 55 20 17 76 117 96 85 15 116 12 28 7 102 105 57 72 14 35 4 5 58 91 90 110 61 84 92 33 79 122 2 100 112 51 39 54 8 1 60 80 67 30 120 37 106 108 50 83 115 26 36 63 66 32 27 97 56 18 48 52 87 81 89 73 69
70 98 54 90 56 63 53 108 75 30 42 41 66 107 44 89 73 15 7 16 77 122 88 33 23 105 118 101 82 78 26 10 124 87 28 100 113 69 72 97 115 21 31 60 94 17 62 22 85 51 125 67 2 49 71 81 114 92 86 0 120 57 95 37 14 8 25 55 19 84 40 52 106 96 34 24 64 80 109 91 45 110 6 99 3 39 50 48 68 93 13 4 74 76 18 43 59 58 104 46 116 27 5 103 117 112 123 65 126 121 20 11 79 111 119 12 83 61 35 102 1 29 32 36 9 38 47
65 64 4 26 100 19 76 102 12 43 110 82 77 30 125 121 7 119 18 49 52 124 40 42 74 10 103 90 66 101 99 79 45 48 105 71 8 114 36 81 28 51 98 55 97 83 78 67 117 34 35 31 37 84 38 58 62 27 126 16 93 56 39 116 54 68 44 70 94 89 5 96 1 91 107 25 47 23 85 24 92 6 22 104 2 11 14 87 109 95 15 50 21 111 118 3 32 63 9 57 17 29 73 13 33 20 61 115 120 72 108 86 113 46 88 112 75 0 122 59 53 60 80 106 41 123 69
6 111 117 22 11 96 42 69 44 35 76 14 114 55 103 29 84 27 45 83 26 43 33 77 49 122 116 20 82 56 108 92 107 32 19 61 18 67 15 40 93 37 70 100 21 126 115 36 72 34 59 120 88 25 94 106 99 110 91 71 60 24 47 3 102 52 97 17 51 113 112 12 78 98 95 86 46 125 89 101 119 58 4 8 80 57 75 73 85 28 74 23 104 81 48 65 68 41 87 66 10 63 53 39 31 79 38 5 9 30 123 13 121 54 118 109 62 1 0 7 64 105 90 2 16 124 50
81 77 43 11 85 123 51 50 18 96 45 1 115 22 125 78 120 35 113 9 68 48 26 87 34 5 107 73 79 49 116 71 36 20 13 111 47 108 29 95 109 90 38 104 102 64 28 24 93 121 70 32 80 59 3 10 15 112 97 122 88 72 4 94 66 69 124 106 6 12 56 105 76 61 67 25 16 33 100 110 7 103 82 75 99 23 14 40 19 42 37 8 31 118 91 39 30 27 114 117 62 92 101 74 58 84 0 41 119 44 126 86 89 57 21 46 2 52 55 63 98 60 54 83 65 17 53
1 116 96 82 37 28 101 98 99 21 110 109 100 40 74 66 85 20 64 18 117 69 81 108 112 39 70 123 4 44 33 63 125 25 59 106 107 115 50 0 5 83 114 111 17 124 38 46 23 104 91 80 97 68 78 126 43 54 8 61 56 92 41 48 52 2 36 90 3 121 15 86 120 87 118 31 19 119 22 65 73 29 105 113 27 34 42 47 93 75 7 79 57 6 103 55 26 84 62 94 51 24 71 77 76 30 35 67 9 13 16 10 49 102 122 11 45 58 32 72 88 12 60 95 14 89 53
0 95 110 33 36 41 61 18 15 23 49 39 29 115 83 3 53 77 7 12 56 123 120 54 46 91 38 117 96 73 28 43 92 37 34 103 26 59 11 111 82 100 98 109 17 64 104 102 58 93 44 51 48 90 101 47 85 9 30 25 88 116 75 78 107 67 13 52 97 86 122 71 22 125 24 55 119 45 4 74 94 16 60 42 126 20 80 89 84 57 70 66 121 105 14 21 2 40 124 79 106 62 69 32 81 8 108 1 113 114 27 5 6 72 50 10 112 76 87 35 19 63 65 99 31 118 68
125 24 16 84 102 119 25 28 92 107 69 52 1 15 104 10 116 44 6 47 22 29 61 7 109 38 106 72 23 115 77 43 89 4 98 62 12 100 0 103 30 117 42 56 78 64 8 95 51 40 63 96 53 111 91 85 93 68 126 54 121 113 123 122 17 83 59 82 48 87 39 34 118 9 105 41 74 94 35 112 67 50 65 120 90 37 81 36 19 27 46 32 110 45 13 108 97 114 101 99 20 124 2 31 60 3 55 5 21 75 14 80 70 76 73 49 57 18 11 26 66 71 58 33 86 88 79
23 109 73 27 14 92 121 35 37 32 107 86 45 106 58 76 7 117 114 41 31 15 84 126 77 99 63 29 67 18 125 59 122 47 30 55 44 54 75 111 124 60 40 81 52 16 104 85 119 51 78 43 17 56 95 68 82 105 90 103 1 108 116 3 66 72 19 113 2 10 98 25 94 71 118 5 79 38 97 112 12 49 20 80 65 24 101 50 28 69 11 8 64 91 83 110 89 102 34 26 4 0 36 61 39 21 62 42 96 100 46 88 70 9 6 123 93 74 120 48 57 87 33 53 22 13 115
59 24 7 19 64 29 4 89 40 22 67 12 76 126 92 123 109 53 61 55 83 15 108 122 97 37 51 96 106 124 3 70 38 41 36 65 68 54 113 78 45 72 63 27 16 79 71 66 58 116 31 110 32 87 73 82 48 112 2 56 80 11 23 49 84 86 10 121 17 28 103 91 42 50 0 74 98 105 95 111 75 46 33 9 114 85 47 117 120 107 1 77 115 102 88 21 81 39 5 20 8 57 30 104 118 119 43 25 93 125 35 90 99 52 13 69 34 100 18 14 62 6 101 44 60 26 94
81 26 97 65 34 88 25 86 37 8 62 72 58 7 126 76 102 21 124 113 49 47 6 104 116 2 91 83 41 20 61 99 33 39 109 90 87 40 60 12 123 56 75 68 66 107 44 42 114 95 13 73 78 85 108 119 67 4 70 100 17 54 110 74 112 15 117 96 22 1 30 24 77 31 118 120 84 101 52 48 23 10 64 53 50 14 111 35 122 105 79 55 82 98 32 121 69 59 16 103 36 89 106 43 92 80 45 63 18 38 27 11 29 51 3 93 125 28 57 94 9 115 0 71 5 46 19
50 82 52 58 104 112 71 94 121 95 37 30 97 53 76 101 89 54 21 41 9 25 122 23 17 74 125 114 73 108 19 115 10 78 40 42 2 67 109 102 59 120 47 72 62 43 16 68 24 92 81 51 69 63 126 111 13 84 29 57 93 22 65 7 105 15 90 39 18 1 106 14 107 116 96 100 6 31 55 46 113 79 110 45 33 3 85 118 60 77 123 34 0 36 12 103 5 88 80 91 38 75 119 11 26 124 56 4 66 49 8 117 70 44 28 48 83 64 61 99 86 98 32 87 27 20 35
122 78 59 81 46 5 22 72 29 38 62 97 83 8 112 64 118 0 69 33 114 47 103 52 30 77 65 86 99 106 6 3 116 94 100 50 123 41 109 125 63 35 14 115 2 39 15 96 24 43 45 82 80 31 67 101 1 37 53 21 73 121 61 90 71 84 70 91 88 66 110 44 51 75 119 111 105 68 4 48 57 40 95 19 56 58 85 10 18 23 34 107 87 120 76 11 89 17 32 27 92 126 36 98 25 93 42 113 7 104 102 79 9 20 124 13 74 26 54 49 55 108 12 60 117 28 16
45 10 110 62 65 58 74 8 43 100 52 30 89 49 42 99 92 11 93 36 34 104 31 83 68 40 19 17 18 37 69 50 41 70 25 15 101 29 124 84 81 90 64 6 114 44 23 13 85 91 14 72 86 60 39 24 96 28 78 32 108 46 33 106 51 75 118 56 26 66 67 111 87 3 12 47 16 1 82 105 22 80 121 73 53 77 48 7 35 4 95 116 122 88 113 61 103 5 107 109 21 27 119 20 98 76 59 79 125 0 2 54 117 38 57 115 94 9 71 112 63 120 55 97 123 102 126
81 19 36 69 52 105 88 116 124 108 71 110 114 34 38 90 49 59 80 97 75 41 30 68 104 25 111 74 78 35 103 123 76 118 55 92 6 67 101 60 62 77 50 122 48 22 20 54 72 85 1 14 0 56 42 58 31 53 44 7 117 24 61 5 15 70 73 16 40 66 125 86 109 23 39 102 27 46 126 21 84 17 37 45 26 89 13 29 96 91 82 100 95 99 83 3 119 10 87 18 107 8 51 33 32 43 47 93 28 115 65 63 64 57 120 112 106 98 11 121 79 4 94 9 113 12 2
84 32 70 38 103 60 91 64 6 1 105 106 20 21 122 77 119 33 100 43 48 101 18 97 26 94 41 53 102 8 62 90 10 4 44 79 50 67 76 115 46 68 92 89 2 31 82 104 12 74 24 98 69 16 36 95 47 5 22 27 75 23 78 17 61 99 65 80 54 73 51 52 39 49 42 13 81 29 124 25 72 9 85 126 123 116 114 28 56 71 125 83 96 37 93 112 59 111 7 120 30 117 66 45 110 118 3 14 40 108 15 11 113 19 121 107 55 88 87 58 35 86 63 109 34 0 57
46 56 70 58 40 126 27 90 36 10 51 75 61 116 92 14 81 97 113 30 62 22 108 3 118 111 80 43 34 57 79 86 76 63 98 41 1 8 123 121 18 13 115 16 120 89 84 0 106 33 107 74 23 52 6 68 35 39 64 37 60 104 55 66 19 26 11 59 99 47 103 110 100 9 45 112 54 109 95 67 44 12 17 25 96 82 2 28 73 101 105 20 83 69 29 53 21 102 124 117 122 125 50 42 119 31 38 5 88 77 72 85 48 94 4 7 114 15 78 49 32 93 24 87 65 91 71
122 78 6 92 47 18 7 72 50 113 64 63 90 95 96 36 81 87 91 118 37 16 73 4 3 68 103 51 46 100 117 23 41 21 40 54 104 9 88 29 13 76 25 65 31 108 62 1 71 28 115 93 121 10 120 106 97 45 102 26 15 107 77 86 12 61 44 101 70 126 49 5 66 112 69 116 109 11 110 59 125 52 74 8 67 55 82 56 43 58 22 83 34 39 27 99 57 124 105 80 2 0 24 111 20 114 33 89 38 75 35 60 84 79 48 94 19 14 17 30 32 85 123 98 42 119 53
11 26 64 88 110 41 103 23 67 74 73 32 116 46 106 87 112 107 97 25 30 109 114 123 117 53 57 98 77 99 34 78 18 101 72 66 7 48 100 9 24 54 49 2 21 125 62 29 70 75 69 13 42 10 0 20 35 95 63 122 14 16 80 52 60 85 36 126 84 92 91 1 124 90 121 58 94 39 31 12 119 105 17 108 27 86 4 45 8 115 113 19 3 43 47 65 61 111 51 89 6 59 93 33 79 15 118 37 50 28 38 22 44 81 102 55 76 82 83 5 120 68 96 104 71 40 56
32 121 1 46 22 56 75 28 66 125 97 88 65 62 41 5 35 108 4 120 80 118 50 33 54 31 21 49 14 93 71 72 44 43 0 25 82 39 8 124 24 47 109 115 26 18 86 9 95 6 59 42 74 23 29 112 96 114 60 103 69 116 100 58 102 91 53 63 3 106 110 76 104 16 55 126 30 34 113 111 64 67 78 101 12 90 37 73 98 117 68 2 107 83 119 92 105 57 10 48 36 38 52 79 61 85 19 81 13 77 84 99 123 122 7 51 17 89 20 27 15 87 45 40 94 11 70
17 109 41 51 7 98 68 70 92 54 89 123 113 36 45 22 102 100 33 90 97 35 10 31 96 87 81 20 69 30 67 110 95 93 101 125 75 23 104 27 76 86 73 105 34 61 122 24 107 18 32 16 46 111 29 106 94 116 72 59 47 50 9 56 114 6 74 1 57 71 79 28 78 44 115 60 13 21 43 91 39 103 15 14 38 58 126 108 82 37 85 40 0 63 117 64 55 83 49 12 8 4 52 5 120 62 119 84 48 65 112 26 2 42 77 66 88 11 53 3 118 121 19 99 25 124 80
106 24 0 18 70 75 2 114 90 105 108 38 86 95 55 35 116 56 79 3 43 57 85 22 34 88 67 21 33 78 117 77 26 104 63 110 125 81 19 36 29 50 64 122 48 92 124 25 20 37 12 45 10 32 71 15 52 109 66 5 17 53 112 62 98 14 58 126 123 120 96 91 107 46 23 119 94 16 100 13 68 101 1 84 80 93 61 118 87 89 103 97 47 65 69 9 27 59 41 6 76 74 72 30 42 49 31 8 39 7 111 99 28 4 44 54 11 40 60 115 102 83 121 73 82 113 51
33 23 68 110 49 103 2 31 50 1 81 95 20 12 46 62 56 102 7 41 113 104 59 73 122 114 96 45 121 38 57 42 97 71 65 6 87 111 21 78 26 37 116 100 5 17 15 3 112 115 76 58 79 69 117 32 89 11 54 126 64 16 61 107 66 18 93 70 90 77 40 4 36 99 108 120 19 118 39 14 30 119 48 94 25 27 35 84 105 88 124 13 67 0 123 55 51 47 92 80 22 98 91 60 44 10 86 125 8 83 43 74 24 75 63 52 29 53 85 106 34 72 82 109 9 28 101
108 14 13 39 98 85 15 28 52 100 105 36 35 107 22 96 70 55 34 44 53 125 83 24 61 103 9 80 18 21 93 43 122 1 119 65 82 92 76 57 86 88 94 45 91 59 58 5 124 56 0 110 87 7 81 42 41 101 20 33 62 97 121 26 30 49 67 66 69 3 78 111 19 113 114 64 12 4 17 116 123 102 32 31 25 38 47 27 72 51 2 112 48 89 10 79 63 118 90 75 84 68 16 120 6 104 46 60 126 11 50 37 8 74 23 71 29 117 95 40 109 99 54 106 115 73 77
41 65 63 48 95 60 123 66 46 55 39 28 118 49 34 5 24 19 78 112 9 29 88 22 114 99 85 58 74 10 59 7 96 64 3 113 101 14 82 47 20 1 120 126 8 0 70 125 90 51 72 4 106 115 56 76 62 111 84 69 89 91 36 30 42 12 105 98 38 75 117 11 119 32 107 35 92 68 116 50 43 52 100 6 80 54 77 44 31 73 57 121 94 16 104 108 21 102 18 103 26 23 83 17 61 79 25 27 13 97 37 124 33 87 93 2 15 71 122 40 53 81 86 67 45 110 109
4 49 2 43 101 115 124 11 48 107 116 19 113 109 31 82 98 33 9 34 108 46 123 53 114 112 20 122 76 94 37 104 70 47 45 56 3 21 80 96 63 59 86 1 64 103 105 60 74 8 23 36 39 66 0 83 67 84 68 26 12 93 62 18 10 44 65 25 75 32 16 78 22 57 13 111 52 81 30 51 35 38 41 100 106 27 118 125 95 71 28 5 110 54 58 99 126 29 50 24 90 42 88 87 85 91 73 7 15 6 121 77 14 69 89 40 61 102 17 97 117 72 119 92 79 55 120
48 14 81 25 109 67 79 103 96 70 102 66 114 97 8 55 42 51 77 112 24 106 49 41 105 71 34 104 21 94 35 50 113 61 2 37 123 100 90 39 88 27 30 110 124 53 101 78 23 119 72 92 10 125 19 32 86 68 84 75 29 116 36 11 38 46 65 64 20 4 18 83 73 31 22 13 69 40 122 98 99 121 107 117 56 9 26 80 60 93 91 76 58 95 87 62 12 85 17 118 5 45 59 6 15 54 89 43 63 120 74 82 111 7 52 57 1 126 33 0 47 28 16 3 115 108 44
70 2 4 75 19 7 11 79 106 22 37 122 113 101 117 105 88 94 23 91 74 28 118 43 6 55 35 62 41 27 111 98 64 54 17 39 25 99 84 82 80 47 36 125 0 126 50 52 96 29 40 10 67 53 66 116 63 33 73 90 21 85 34 14 51 45 16 115 38 59 5 102 92 78 69 42 89 65 48 60 104 86 121 1 20 8 110 108 97 103 107 68 109 71 24 83 123 57 31 72 76 95 93 44 13 87 124 26 3 61 18 56 58 114 12 112 15 46 77 9 100 120 119 32 30 81 49
39 86 65 3 94 77 100 24 0 57 45 2 73 70 31 81 72 125 124 103 8 51 11 109 29 55 97 68 105 62 9 4 93 71 78 21 113 58 53 112 25 118 32 49 85 121 90 20 60 74 98 19 101 106 111 120 43 26 82 15 95 40 22 34 61 117 67 79 126 88 69 80 28 123 63 89 96 23 33 41 108 114 6 50 48 84 27 30 83 66 13 122 35 14 47 1 64 116 52 107 10 115 54 56 16 59 18 87 46 91 76 99 119 104 5 102 92 38 110 42 12 17 36 7 37 44 75
111 50 110 7 96 56 57 20 18 58 26 66 15 107 37 30 85 45 34 12 89 4 94 55 122 11 90 126 8 97 87 74 124 112 33 51 72 64 63 25 71 102 121 125 120 93 27 80 42 28 10 70 82 19 1 83 62 16 88 49 67 86 79 29 119 92 23 76 46 47 6 38 41 91 78 14 99 31 40 65 113 116 52 81 75 53 68 69 98 106 95 123 24 35 2 109 22 43 59 105 3 114 39 118 17 13 44 32 103 9 101 73 115 117 61 108 21 36 104 60 77 0 54 48 5 100 84
62 55 63 25 49 65 76 97 48 45 109 3 73 125 4 110 44 79 68 23 52 118 39 38 54 58 88 108 95 77 53 81 99 41 40 26 115 123 91 8 92 75 5 2 33 103 57 1 24 66 94 113 124 11 90 107 21 14 126 36 30 105 35 121 106 15 60 122 10 18 47 83 22 27 34 37 70 9 69 19 120 112 7 114 71 96 46 28 64 67 74 31 61 0 117 111 87 12 101 84 56 72 20 89 86 43 6 98 78 82 50 32 119 116 17 16 51 42 13 80 59 102 29 93 100 104 85
110 2 97 74 16 79 83 118 25 44 114 85 104 15 1 70 89 30 121 35 9 40 125 46 3 21 31 94 54 19 50 57 122 120 86 93 63 33 78 49 61 98 58 96 5 126 62 91 65 87 10 112 90 111 51 22 32 102 77 105 116 59 75 124 29 42 52 80 95 56 23 27 53 0 26 48 101 115 55 13 119 41 117 76 14 36 45 67 99 12 73 8 109 92 106 107 4 60 81 72 6 17 28 43 68 34 103 66 11 88 71 37 113 18 108 64 24 84 20 82 69 38 47 123 100 39 7
67 111 98 24 92 115 37 27 96 80 73 30 11 23 91 39 101 3 116 28 34 120 74 31 113 121 77 89 26 106 68 14 6 90 58 118 64 84 7 1 99 29 79 72 56 60 61 62 76 55 93 47 110 85 18 126 32 52 109 38 48 117 125 22 105 88 71 95 69 54 50 40 49 123 45 0 108 122 104 66 65 17 36 10 19 35 2 57 83 12 97 41 119 114 124 51 43 13 42 78 9 15 8 87 44 112 25 81 21 70 20 53 16 82 94 75 59 4 63 5 103 107 102 100 33 46 86
