116 120 87 30 28 35 72 81 24 101 15 95 66 46 73 110 38 102 98 26 45 54 83 89 115 61 99 31 77 67 90 76 64 7 112 49 10 41 32 85 88 23 53 48 3 47 34 124 60 79 94 29 93 106 5 42 11 104 71 78 84 6 86 1 33 114 119 36 97 21 91 74 105 113 58 125 68 52 121 13 126 63 65 108 37 103 62 39 111 8 20 107 55 80 96 25 56 109 16 82 43 57 69 9 0 44 51 70 118 123 40 122 59 18 117 50 19 2 22 27 4 12 14 100 75 17 92
87 111 120 124 99 32 79 104 36 72 2 109 115 89 98 112 3 122 70 8 27 57 117 48 22 75 55 41 81 59 4 49 25 68 21 18 88 113 23 11 1 5 85 28 54 64 76 26 29 78 71 92 96 95 91 67 105 50 13 63 77 12 118 16 97 108 43 38 45 52 17 10 123 116 58 86 107 65 106 74 84 33 46 82 47 6 102 121 101 69 61 66 35 20 103 60 90 94 73 34 53 83 125 14 80 114 110 44 9 31 51 62 15 30 42 0 19 56 24 119 39 93 7 126 40 100 37
84 14 44 28 49 55 53 65 80 121 119 42 33 6 24 45 83 122 32 40 112 43 111 36 120 107 95 57 96 103 72 66 100 81 39 87 17 15 59 0 10 41 8 38 37 63 34 19 25 70 115 76 7 22 113 93 50 110 9 106 2 26 11 105 79 109 47 102 98 101 74 30 21 97 108 5 46 68 114 124 64 117 91 1 54 126 62 118 12 73 92 123 51 104 75 99 60 23 67 77 85 116 82 69 29 89 52 61 13 27 20 86 58 35 18 90 78 56 4 48 125 94 71 3 16 31 88
68 64 104 52 103 37 11 88 44 89 53 5 26 27 24 55 51 65 61 116 78 59 100 67 30 110 74 42 3 7 95 101 84 39 97 119 72 123 124 76 48 50 99 79 94 125 115 122 71 70 62 14 54 90 58 0 43 73 109 23 81 8 118 83 108 105 106 117 33 45 112 10 87 120 96 56 1 28 13 35 111 38 32 47 34 98 93 15 6 21 57 46 91 92 114 20 126 66 25 102 2 16 4 107 63 12 9 77 18 22 113 17 19 85 40 69 41 49 75 80 60 29 121 36 82 31 86
11 48 72 27 41 12 91 53 125 107 120 60 100 83 35 96 115 82 25 13 37 61 40 71 77 117 90 21 110 101 38 88 51 55 70 86 112 75 62 97 28 2 104 121 98 95 44 111 30 66 64 8 14 34 6 80 5 114 24 22 73 26 67 122 65 87 10 89 79 109 50 49 47 81 52 84 58 106 116 29 42 20 74 118 23 31 45 9 113 18 56 33 102 46 32 108 59 0 15 36 119 99 93 7 16 19 4 92 3 123 78 94 39 105 76 57 68 43 1 103 54 124 69 63 126 17 85
78 102 54 89 43 111 83 118 36 11 47 9 94 72 55 104 85 124 8 56 100 90 21 95 110 81 57 70 17 88 45 91 117 87 126 49 50 71 32 69 0 113 122 20 115 61 109 119 60 27 13 121 52 48 51 16 68 6 37 98 5 7 3 64 93 24 107 53 92 80 112 99 29 33 106 34 18 108 63 73 14 30 65 42 59 46 22 15 125 120 44 86 76 123 12 114 40 58 35 28 10 39 41 116 101 23 105 2 66 82 1 4 25 26 75 84 79 97 77 96 103 67 19 31 38 74 62
2 115 50 117 70 37 19 91 101 92 52 69 14 51 113 4 41 94 23 17 63 1 88 125 22 6 40 20 29 64 24 106 80 18 10 7 87 16 61 98 68 45 122 107 59 62 12 8 93 56 49 60 9 79 73 104 15 97 38 46 103 55 120 75 74 123 116 44 36 28 71 57 84 34 53 100 83 85 33 110 124 95 119 42 96 39 121 126 111 35 30 66 0 78 77 27 43 112 26 67 21 72 58 108 11 81 82 99 114 118 105 25 90 47 109 3 5 32 89 13 54 102 76 48 86 31 65
78 11 15 115 51 89 123 92 113 87 91 10 14 125 67 22 56 116 108 69 31 121 9 120 39 61 28 8 105 82 23 97 43 114 106 54 30 79 58 96 110 3 83 37 50 40 59 46 95 122 77 47 86 124 32 45 85 109 80 4 63 99 33 73 44 52 5 88 119 62 25 36 16 101 112 34 21 111 53 1 60 17 65 93 98 20 57 38 18 74 100 42 0 102 70 90 75 64 76 71 49 81 48 35 13 117 19 55 6 24 7 118 41 12 107 26 27 94 104 126 103 29 72 84 66 2 68
30 37 80 65 119 74 108 14 105 100 126 93 117 111 3 23 22 83 25 123 81 42 29 50 43 57 76 84 94 98 16 10 20 112 6 47 7 63 61 0 52 69 27 41 115 125 96 79 70 28 54 78 11 104 77 64 97 82 89 95 88 15 40 87 2 12 86 18 58 51 19 106 1 35 114 9 56 13 24 39 5 99 8 75 31 34 72 102 85 73 120 53 103 121 21 33 44 4 113 116 60 17 48 118 68 67 45 59 71 62 32 92 36 90 107 109 101 124 91 26 49 38 110 66 122 55 46
2 30 18 19 60 78 85 91 122 8 102 104 120 22 15 118 49 84 70 46 125 14 12 51 54 68 71 113 116 29 16 23 52 41 21 6 103 27 34 105 75 42 95 109 55 33 88 36 87 73 117 107 20 111 47 69 77 82 124 90 4 9 110 119 11 97 43 58 62 79 101 25 64 50 48 0 126 53 45 94 1 72 92 10 31 37 106 32 5 44 114 56 38 66 115 61 89 93 63 112 3 86 76 40 7 17 96 123 28 65 100 67 81 35 83 59 121 98 13 80 26 39 99 74 24 108 57
18 79 58 43 99 4 22 67 16 115 46 107 78 102 32 108 87 80 29 60 56 119 114 74 83 19 15 77 2 0 111 42 28 40 41 12 23 90 44 123 20 24 51 37 76 82 30 116 73 85 125 121 38 95 124 98 91 31 84 54 5 94 59 61 55 100 86 57 36 25 113 104 66 101 11 26 63 17 120 92 110 10 45 1 103 64 96 48 3 27 53 97 72 14 106 35 13 47 89 65 50 117 122 69 88 39 52 70 34 105 68 75 6 126 62 81 109 71 8 49 7 93 118 33 21 9 112
17 90 62 83 24 60 16 18 13 28 126 109 59 93 101 8 121 33 23 84 9 32 119 96 80 88 66 0 114 85 14 117 44 1 47 27 70 120 3 2 38 89 125 76 61 94 81 112 108 63 100 95 42 116 5 20 52 4 55 82 74 57 99 105 79 65 34 53 77 87 49 78 72 25 12 64 69 54 73 106 51 110 102 103 7 50 10 31 113 15 39 75 40 123 91 30 36 19 92 46 68 111 97 21 58 22 48 86 104 124 67 35 122 118 37 6 56 26 115 98 107 29 43 71 41 45 11
101 6 65 44 97 70 106 122 74 81 98 71 49 95 43 76 68 46 18 103 108 14 67 45 89 69 55 116 54 23 83 22 96 15 120 100 30 10 4 94 107 93 24 113 51 17 62 72 40 38 115 91 87 123 7 41 88 73 9 34 126 114 86 56 85 53 102 78 82 31 105 63 104 77 111 36 19 121 0 99 16 11 50 1 84 13 28 21 90 27 118 2 79 25 32 80 112 48 64 119 59 66 60 37 33 20 110 12 52 5 42 75 3 58 109 35 125 57 26 29 8 47 39 124 92 61 117
81 67 19 111 46 115 22 11 28 107 37 25 95 27 50 120 23 90 8 75 54 63 68 88 6 43 80 56 102 41 30 119 57 13 66 71 74 114 53 29 124 60 85 9 70 64 4 89 77 116 98 44 5 48 93 10 16 125 18 113 31 112 117 42 100 78 62 1 39 21 87 33 105 73 49 122 123 51 47 106 12 14 110 126 0 69 20 109 118 32 121 86 26 104 79 58 15 82 97 17 96 52 91 7 94 34 55 103 40 65 83 24 38 35 45 61 3 2 99 76 72 36 108 92 59 101 84
97 100 77 25 41 33 37 26 23 24 99 42 44 76 74 14 39 115 38 86 95 82 7 118 16 101 8 48 49 107 52 94 109 40 5 113 29 120 3 116 9 18 69 22 61 17 34 71 114 51 15 92 60 111 72 54 110 124 80 46 122 90 57 81 106 53 13 2 45 62 56 27 68 112 55 47 83 32 98 121 58 70 20 85 28 125 87 63 117 88 75 6 123 1 84 65 96 104 12 73 93 0 11 50 126 4 119 64 78 21 102 79 19 31 66 30 67 43 105 91 108 36 35 59 103 89 10
75 19 51 110 42 3 21 33 109 87 84 68 12 32 104 64 8 122 63 13 47 112 29 69 40 89 90 5 91 22 20 17 11 95 54 44 124 35 48 94 24 23 78 6 53 83 107 82 102 14 106 73 86 125 66 58 62 16 55 59 99 36 113 121 43 85 80 38 96 72 120 114 26 61 65 100 70 60 31 108 119 37 103 115 92 15 116 1 30 71 77 74 25 126 50 9 79 123 27 4 117 52 28 0 57 101 41 97 49 2 76 56 81 7 18 88 98 93 67 46 105 111 118 10 39 34 45
10 110 21 93 122 59 111 84 15 76 112 61 25 0 13 107 71 51 68 27 99 75 123 74 53 37 124 108 14 31 106 54 83 65 4 30 49 9 3 24 36 95 118 126 81 42 23 114 79 104 43 38 91 115 87 66 63 88 69 33 48 40 67 78 35 6 85 34 20 92 90 56 64 47 26 119 32 45 39 80 77 46 16 55 125 120 60 18 11 86 73 52 58 82 50 19 62 105 1 8 7 17 5 101 41 100 98 103 57 29 12 96 102 44 89 117 22 116 109 113 70 94 28 121 97 72 2
50 73 47 78 14 32 126 18 55 113 74 101 38 109 90 81 65 125 82 111 11 107 19 61 30 21 3 39 23 2 112 124 99 35 49 77 60 93 1 13 92 106 88 10 29 0 123 45 24 37 103 85 28 15 94 120 79 12 51 27 104 8 41 98 83 119 118 6 59 42 40 72 108 63 52 76 62 84 117 96 54 31 34 80 97 75 102 66 91 71 105 22 53 33 95 89 86 44 36 114 25 116 43 7 121 17 68 46 20 9 64 70 67 5 110 69 100 48 115 87 57 4 16 56 26 58 122
109 106 60 73 11 37 67 123 111 90 85 18 24 125 82 108 29 54 103 75 62 68 87 21 86 38 53 10 58 30 34 13 107 120 98 64 118 6 76 97 39 45 31 26 57 119 61 47 55 12 0 19 70 81 14 32 1 80 42 110 28 116 56 104 100 71 88 63 8 66 36 102 77 83 124 49 22 59 50 35 41 43 27 117 94 9 122 51 96 7 93 25 5 112 20 33 3 114 40 91 126 101 115 74 72 89 17 2 4 52 84 105 65 46 113 121 15 23 69 79 78 92 48 99 16 44 95
0 50 92 33 110 117 70 87 5 102 48 69 89 34 32 43 113 17 10 100 124 26 93 12 13 36 105 107 76 68 58 64 16 88 56 125 82 80 49 8 99 108 91 60 39 116 1 75 6 44 62 41 106 45 29 54 7 84 37 14 85 25 30 98 51 59 23 112 46 20 73 94 114 55 74 65 77 122 11 101 24 123 53 9 119 66 63 96 18 2 40 97 21 86 67 72 115 27 120 3 42 83 81 28 4 109 38 121 47 78 79 103 104 22 19 95 71 35 118 15 61 111 52 90 31 57 126
32 81 114 23 63 92 115 31 53 61 13 45 38 3 82 57 51 104 11 67 7 109 47 1 59 5 118 116 91 17 48 76 108 79 107 4 84 39 98 20 68 18 102 66 50 62 42 111 88 77 101 52 112 96 85 75 100 120 6 93 28 56 126 37 25 80 103 30 10 83 99 58 44 27 64 12 43 26 113 35 21 24 33 95 110 40 71 70 9 8 90 72 86 119 34 94 55 15 106 46 74 19 29 89 125 69 65 36 22 124 121 16 123 14 2 117 97 122 73 87 54 0 78 49 41 105 60
66 84 34 92 85 106 8 82 41 25 33 68 86 42 89 61 90 46 78 40 15 54 108 119 91 7 16 124 1 19 20 87 11 38 93 29 120 47 65 103 67 36 50 125 123 115 63 88 18 95 101 76 6 12 4 104 39 102 26 122 3 94 57 98 97 116 111 126 110 45 28 14 96 32 114 13 69 9 37 53 121 74 64 52 60 48 70 77 10 105 55 83 5 81 100 21 59 56 73 49 22 107 23 71 118 117 30 113 51 2 44 109 0 27 35 24 79 80 72 75 58 99 17 62 112 43 31
9 44 74 91 85 123 114 78 105 11 42 103 110 36 65 108 54 68 80 73 52 19 104 41 101 8 2 31 4 96 35 82 71 119 107 126 112 51 14 3 15 125 88 29 117 66 99 64 47 118 20 48 84 37 124 7 100 77 98 75 121 62 45 61 57 34 21 120 16 81 40 97 28 94 25 55 116 67 69 59 53 102 111 115 26 38 50 56 109 95 39 1 5 86 24 22 30 17 13 122 46 6 0 27 89 92 70 33 49 63 72 76 43 79 32 90 87 10 18 60 113 83 93 106 23 12 58
92 98 108 57 51 24 53 66 110 45 86 26 28 126 113 13 122 87 118 109 11 35 33 10 94 117 36 64 29 48 59 61 3 114 83 34 119 25 62 17 38 74 8 76 107 88 85 93 21 95 101 49 99 15 72 20 52 91 19 1 77 37 27 106 112 6 79 63 16 40 96 60 47 102 80 58 42 39 14 5 104 97 121 7 78 120 71 41 111 65 84 82 100 18 44 73 105 81 12 4 50 67 23 9 43 68 125 115 103 2 0 32 54 69 22 90 30 89 56 123 55 75 116 70 124 31 46
74 105 120 72 109 106 16 117 58 86 82 35 113 4 56 13 123 36 64 19 32 71 8 59 75 107 91 61 52 37 115 6 122 101 11 93 60 50 87 45 114 27 65 22 3 76 88 78 83 7 108 15 31 33 100 49 99 5 1 55 84 104 62 81 29 69 41 94 12 124 38 68 80 18 90 43 9 119 97 96 111 26 17 112 30 46 48 57 66 121 21 28 63 34 102 95 73 116 20 54 53 70 23 44 103 47 2 126 110 92 85 125 24 51 77 0 42 10 79 25 39 14 40 118 89 67 98
117 11 17 55 108 83 101 66 64 56 39 27 14 3 76 73 119 7 78 100 16 90 103 44 18 81 95 104 51 111 113 29 50 105 49 116 28 106 61 33 30 41 52 59 93 37 13 15 5 8 65 20 1 48 114 36 115 45 102 4 110 9 77 112 31 57 84 58 10 120 60 126 75 23 91 124 43 68 87 85 42 21 32 107 6 22 2 63 40 118 99 19 35 47 0 88 46 25 109 24 82 71 72 26 98 74 123 80 70 97 67 69 94 92 89 34 12 79 38 86 122 53 62 96 121 54 125
79 39 118 113 73 116 76 80 104 25 34 28 92 66 2 106 49 110 91 43 14 58 117 63 11 37 56 109 29 13 6 115 19 122 126 70 42 10 55 31 15 74 81 40 45 97 26 35 123 121 77 65 90 83 99 124 75 59 87 50 95 33 5 21 105 111 72 27 120 20 100 85 125 44 41 18 32 54 98 30 78 24 60 119 9 107 61 88 48 69 94 101 86 52 47 12 112 53 4 64 93 103 23 17 82 3 0 84 36 108 102 89 71 62 114 57 96 38 46 1 8 68 16 67 51 22 7
46 101 10 122 44 51 41 54 25 20 15 61 53 37 27 30 1 11 6 125 109 124 111 13 18 22 84 99 113 49 31 98 64 83 106 78 74 21 32 114 118 36 100 0 34 35 102 52 82 105 104 4 79 117 107 65 86 68 119 96 70 16 48 75 19 112 81 50 90 80 7 92 17 116 9 40 76 103 5 39 121 93 43 29 66 47 38 26 57 56 3 115 28 59 42 33 45 63 88 71 58 85 14 67 120 69 60 108 23 110 89 72 126 62 97 12 95 91 2 123 77 94 55 73 8 24 87
102 69 89 39 34 117 16 17 79 55 113 71 101 105 63 125 118 59 115 121 9 95 114 67 8 93 77 124 64 48 44 4 73 12 58 6 36 40 3 20 106 103 21 23 83 38 54 84 37 97 99 111 25 49 96 5 108 92 62 74 87 50 41 100 91 15 14 78 90 53 10 116 107 66 86 122 120 104 26 88 22 57 65 29 126 11 33 119 30 123 109 85 80 61 7 51 1 47 81 19 72 56 76 43 45 0 82 27 94 2 18 32 42 28 24 35 98 31 70 60 46 68 75 110 112 52 13
93 38 120 45 110 15 34 23 61 60 39 125 100 42 49 44 65 24 76 108 103 5 106 74 121 88 78 63 55 2 89 104 105 72 19 3 99 53 29 87 84 20 54 33 67 47 86 113 26 30 35 112 13 43 70 41 116 97 109 79 83 68 119 75 111 90 36 31 115 95 6 62 8 16 91 1 98 92 117 58 66 118 14 50 7 69 107 25 0 71 94 82 81 77 57 126 64 22 59 56 102 124 17 40 37 18 101 123 48 12 114 27 4 21 9 85 96 46 73 51 52 122 11 28 10 80 32
13 123 125 69 87 114 26 60 36 27 78 7 33 10 35 14 77 37 107 38 117 58 59 40 48 50 118 18 91 44 21 22 92 8 43 49 126 12 119 5 56 86 99 61 46 102 3 121 105 111 52 11 17 115 88 24 80 64 108 100 101 41 65 74 109 57 51 70 16 63 116 90 82 84 32 1 81 29 110 34 23 122 45 79 4 2 54 96 42 72 30 124 19 93 83 75 104 97 67 62 103 66 28 39 94 112 68 6 98 89 106 15 47 85 20 53 0 73 120 31 25 55 76 71 9 95 113
64 97 60 40 5 101 105 0 111 26 38 25 29 108 27 75 112 11 10 15 89 52 104 51 109 113 36 123 9 12 13 18 57 1 14 110 58 42 46 53 32 92 47 49 120 119 22 91 48 76 54 126 68 21 122 125 8 34 86 24 72 45 62 121 67 118 79 96 116 50 6 124 44 19 71 70 30 17 74 90 95 81 115 99 65 85 73 37 41 16 106 80 98 114 43 23 107 56 87 55 103 39 28 100 59 33 3 82 2 20 102 31 77 78 63 83 61 93 4 94 88 84 7 66 35 117 69
4 58 90 29 41 36 108 33 122 35 74 54 55 17 125 14 92 98 43 113 111 79 104 19 84 60 44 107 93 62 18 37 64 15 109 39 1 124 118 78 47 45 112 73 27 30 69 94 65 21 77 114 5 99 96 103 82 16 105 119 40 86 72 115 2 7 85 46 59 11 91 95 6 52 71 97 68 8 25 102 63 70 42 31 75 56 23 53 9 121 61 38 50 10 49 76 24 32 120 13 66 80 117 106 12 116 26 126 57 3 67 83 110 20 48 123 100 34 89 81 51 28 22 101 88 0 87
105 18 126 85 38 5 72 78 88 17 114 98 27 36 92 62 113 103 77 4 100 30 47 86 71 28 26 37 24 46 45 25 82 65 42 73 125 74 121 3 34 94 122 1 9 48 51 95 106 43 11 75 91 31 115 110 120 83 124 58 76 54 60 53 0 40 20 7 102 119 118 55 96 80 67 16 2 8 33 49 61 19 29 63 101 59 52 69 41 21 79 39 87 56 10 104 117 90 13 22 64 15 68 14 107 81 44 66 99 109 57 93 123 23 50 35 108 116 111 112 70 32 89 84 12 6 97
97 80 60 121 90 79 49 3 72 59 86 54 111 50 19 30 32 7 11 117 105 10 63 92 64 25 43 66 44 58 78 116 38 65 42 31 51 27 35 77 91 52 68 53 87 74 98 126 61 9 48 6 47 100 107 37 39 124 62 70 8 20 101 125 96 4 56 36 69 1 108 14 2 99 28 88 81 13 46 24 55 17 40 21 23 118 120 122 93 12 113 26 75 83 73 16 5 67 119 84 112 22 104 82 15 76 115 29 0 89 103 45 94 110 33 85 123 102 18 95 109 114 41 71 57 106 34
74 71 114 86 98 30 17 16 40 5 64 123 53 58 100 39 107 6 106 105 85 97 92 126 9 66 90 113 119 33 76 87 26 84 25 73 80 7 19 109 44 91 104 42 124 103 121 23 18 108 79 96 38 112 95 0 93 24 75 11 45 99 111 117 72 3 116 4 41 47 27 31 29 82 89 55 13 21 67 70 77 46 68 10 43 15 69 51 34 118 12 94 37 59 36 1 22 54 101 14 28 65 48 20 115 32 125 122 49 52 83 8 57 50 61 110 78 62 35 120 2 56 102 63 88 81 60
41 47 74 101 9 62 66 96 118 15 98 21 60 26 100 82 56 25 31 3 35 48 27 8 70 99 91 49 67 1 69 50 102 20 0 103 57 64 120 109 12 54 43 65 44 28 86 123 63 84 126 92 71 121 114 115 55 124 40 37 4 104 33 13 83 61 116 30 53 75 11 59 24 6 36 51 93 68 45 2 19 119 78 95 72 29 113 14 46 77 76 88 34 73 107 79 117 81 18 58 16 42 108 5 23 89 111 105 80 17 106 90 22 10 85 39 110 38 94 52 125 7 87 112 122 97 32
86 36 80 104 50 56 34 123 5 55 49 43 18 83 122 20 61 12 64 27 116 118 60 6 48 32 79 3 63 120 67 16 97 51 14 47 73 59 102 95 74 90 92 26 66 126 41 88 93 125 40 13 103 0 22 29 70 38 112 30 39 106 76 31 84 121 46 24 65 15 57 21 58 19 78 72 108 7 87 69 105 119 28 96 42 68 4 100 107 11 45 62 8 33 114 111 54 124 109 75 9 89 99 53 52 101 2 44 98 85 25 37 91 82 23 71 81 1 115 77 17 94 10 110 117 113 35
12 72 96 109 88 6 77 47 61 69 43 48 31 2 5 0 45 41 104 123 53 16 54 19 58 75 65 37 42 36 83 46 108 25 49 79 13 76 121 23 125 17 66 91 80 86 18 63 20 111 39 120 32 115 87 8 74 98 71 38 118 97 116 28 95 9 60 78 11 67 124 7 102 22 114 103 89 90 64 30 15 92 99 59 100 68 44 26 112 52 33 84 119 4 27 105 29 35 50 106 117 81 93 101 94 122 51 21 34 3 24 1 126 113 107 85 40 55 70 110 73 10 82 56 14 57 62
84 8 25 23 40 44 112 17 45 81 107 64 30 38 79 24 75 49 77 103 88 91 67 52 73 87 34 78 29 115 89 22 27 66 124 18 72 117 46 5 9 120 62 114 33 11 105 119 39 0 2 126 80 111 69 48 47 94 106 68 74 99 12 125 95 97 35 102 60 50 57 82 123 19 100 65 28 54 96 31 118 92 13 59 113 70 1 15 53 26 14 121 90 101 51 6 56 20 61 86 7 36 21 93 122 108 110 41 42 116 55 58 43 16 3 37 76 104 71 63 83 10 4 32 109 98 85
79 84 34 10 21 57 121 9 39 97 24 20 77 69 74 85 56 14 105 46 116 90 54 63 83 95 47 108 119 42 101 66 107 60 93 76 71 111 103 82 61 3 59 37 106 94 2 117 73 75 12 89 100 32 65 87 45 102 88 96 18 31 124 110 98 5 72 29 50 70 67 11 22 99 52 0 92 48 41 55 25 35 40 104 58 53 126 26 13 113 1 123 33 6 80 16 19 112 49 81 7 17 8 91 115 15 43 118 64 4 38 44 36 28 86 23 114 120 30 78 51 68 27 109 122 125 62
69 54 19 125 48 41 50 104 116 60 6 94 40 100 101 21 96 83 18 62 13 0 95 70 25 22 78 73 82 103 120 23 26 36 44 32 12 66 31 46 67 37 35 90 47 55 92 1 98 97 118 14 84 16 56 68 45 20 99 77 114 110 43 121 87 29 63 109 8 113 30 75 105 81 126 85 115 80 52 3 107 39 57 2 112 106 89 122 79 71 7 49 33 88 102 34 4 53 27 59 17 24 111 93 91 123 65 117 51 11 10 15 86 5 64 38 72 61 9 76 119 58 108 28 74 124 42
45 122 121 111 69 55 94 35 68 89 50 87 70 22 18 13 76 25 90 101 97 79 119 20 46 16 28 32 91 116 17 110 48 93 78 7 59 6 65 58 124 40 114 109 103 62 112 117 23 0 75 120 37 126 96 108 67 27 81 99 3 11 52 42 33 12 21 113 102 56 83 49 30 57 95 86 61 82 29 5 8 53 41 104 106 80 63 36 115 44 123 107 1 84 47 125 43 118 66 73 51 14 85 100 39 31 26 77 19 54 98 38 60 71 2 10 34 15 92 105 9 88 72 64 24 4 74
84 87 58 45 83 3 119 94 52 15 113 29 69 75 105 13 27 36 111 103 11 25 67 14 20 8 37 114 95 79 74 118 55 7 89 109 32 38 93 1 108 31 65 66 77 33 71 35 116 6 80 104 68 16 44 43 107 26 100 98 22 19 0 5 63 88 101 18 4 30 90 62 117 78 126 115 99 86 112 47 76 53 50 46 125 81 60 92 82 21 12 23 120 121 39 17 64 124 51 42 9 122 102 91 85 54 40 59 49 72 123 24 110 97 106 28 70 41 10 61 57 56 48 96 34 73 2
38 100 65 106 96 78 105 108 112 15 103 68 33 40 90 24 111 45 93 31 52 124 116 115 8 32 126 29 11 63 101 123 79 19 27 5 92 34 66 97 94 72 49 61 0 118 43 28 26 73 7 121 23 3 87 120 6 75 125 1 109 13 107 47 59 98 48 30 110 71 91 46 76 10 4 81 60 86 83 114 58 53 62 37 119 36 80 18 84 12 50 9 22 122 21 74 70 57 69 17 35 117 89 20 56 95 2 102 41 88 104 25 42 44 16 14 85 77 113 82 54 64 51 39 99 67 55
17 77 42 36 126 62 58 105 22 79 59 75 111 41 95 50 81 51 117 11 100 56 88 6 93 83 37 108 40 109 118 102 44 35 10 12 21 90 19 24 89 0 39 68 91 101 104 47 71 15 23 119 27 49 107 85 34 103 2 29 123 60 32 53 7 4 92 73 80 28 106 14 46 76 55 87 1 43 84 82 113 54 26 38 98 72 69 86 67 74 30 116 125 31 65 5 8 70 97 61 120 122 52 94 121 112 3 16 20 13 48 9 25 96 18 64 110 66 114 124 33 99 57 115 45 78 63
69 38 40 41 0 67 47 93 94 75 85 36 28 126 56 105 96 22 15 79 4 11 108 51 52 124 54 104 121 45 122 83 18 86 76 33 71 50 9 34 102 44 82 111 35 27 97 6 26 103 114 110 89 125 3 30 74 90 87 13 84 81 64 73 14 59 101 65 123 32 46 92 29 63 24 70 68 119 48 95 7 55 99 39 37 25 5 66 118 113 72 10 115 31 8 43 1 109 49 116 23 112 20 12 100 2 21 98 80 61 120 57 106 88 16 117 91 19 77 60 62 107 78 53 42 58 17
75 56 43 91 1 60 90 15 34 26 78 13 124 61 20 126 99 58 102 37 105 27 33 17 104 14 103 52 32 7 39 73 64 59 123 115 2 36 77 23 68 101 98 62 49 107 113 84 31 95 19 106 35 25 18 114 55 47 118 63 72 9 108 122 121 69 111 6 116 5 8 10 66 38 83 48 74 44 4 120 79 29 40 100 67 71 3 22 24 81 82 53 57 76 50 12 96 89 87 94 16 11 30 97 65 86 92 54 41 0 119 51 117 46 45 42 93 28 112 125 70 88 21 109 85 80 110
64 117 55 89 91 97 84 35 65 103 4 105 6 63 15 32 50 72 40 34 38 31 17 5 107 111 108 95 120 106 86 81 100 69 119 123 74 122 11 14 53 73 29 44 56 39 80 75 27 66 124 0 96 78 18 79 70 10 98 62 8 23 125 48 22 60 47 57 126 116 121 118 58 2 114 7 110 115 71 3 87 113 45 49 88 92 19 109 21 85 46 12 43 112 101 93 37 16 30 28 54 36 26 90 61 20 82 25 33 52 77 99 83 59 102 68 51 1 41 76 24 13 9 67 94 42 104
80 31 121 124 3 123 72 89 78 23 15 34 0 88 4 101 27 49 20 63 10 99 44 43 96 1 126 13 19 61 111 45 53 116 25 105 2 57 75 17 119 56 55 73 79 58 14 115 26 68 28 48 86 51 65 118 52 109 37 29 59 102 62 108 90 76 98 91 8 40 110 9 81 112 33 39 107 7 66 92 32 97 30 104 84 85 74 47 54 69 38 71 24 41 113 122 87 120 46 35 114 50 5 77 16 125 70 64 117 12 94 93 95 11 36 106 60 83 22 100 42 67 18 82 21 103 6
72 65 5 75 105 59 87 15 96 81 22 40 1 64 39 122 30 8 52 67 84 6 100 104 83 120 62 103 98 57 91 35 108 107 68 0 10 31 95 126 51 55 28 53 54 23 38 121 41 90 71 109 48 117 89 34 124 9 11 73 112 88 45 77 16 43 119 60 86 69 33 99 79 37 58 26 32 101 106 110 2 93 7 44 19 114 24 13 63 70 111 78 123 12 14 82 20 49 113 42 17 61 115 3 66 92 21 18 102 125 4 56 36 80 116 97 85 94 46 29 118 47 76 50 27 74 25
31 39 17 89 79 5 115 56 8 58 117 108 68 57 49 25 40 35 59 42 95 33 1 12 92 23 63 52 55 88 73 72 87 120 85 97 43 21 61 106 0 37 13 126 125 10 69 118 16 22 46 121 86 101 7 112 91 122 26 78 84 19 48 60 20 110 34 14 65 64 51 109 66 123 11 124 44 32 24 111 18 3 99 50 98 4 102 76 9 30 105 82 114 15 116 81 100 28 107 38 45 94 47 75 6 29 77 2 53 41 36 90 74 113 104 54 71 27 93 103 67 119 96 80 62 70 83
81 100 49 89 36 124 55 43 21 77 118 24 125 56 39 115 116 92 28 101 103 85 95 87 63 74 83 6 64 5 120 91 108 79 94 82 80 44 110 123 112 4 114 48 27 90 98 15 34 53 7 2 29 106 102 32 75 1 30 78 38 113 23 96 11 71 70 10 68 105 12 72 52 111 60 73 117 67 14 41 40 46 17 37 104 107 19 51 99 93 119 8 86 0 9 25 57 47 54 59 65 122 35 58 45 50 69 3 84 88 61 76 109 62 33 13 31 97 20 26 42 22 18 16 121 126 66
89 71 34 98 36 3 90 1 63 55 117 25 88 101 21 54 87 105 40 86 91 76 99 122 10 108 100 15 67 12 31 82 110 52 69 92 53 2 6 43 96 116 94 79 7 44 23 68 11 27 56 75 95 115 20 120 59 121 16 14 57 72 35 73 125 84 65 17 106 46 45 50 81 41 66 74 24 85 19 78 112 38 80 102 77 111 58 113 51 32 103 13 62 42 26 0 4 109 28 70 123 22 33 60 8 18 93 29 83 104 97 49 126 61 9 47 37 114 48 39 30 118 107 5 64 119 124
25 51 75 7 90 65 22 123 34 107 121 79 102 72 26 55 112 78 113 92 12 41 104 17 40 2 30 42 28 94 53 19 70 83 8 45 85 109 33 118 117 95 115 101 88 44 23 71 58 80 111 5 32 27 93 36 56 24 21 126 49 122 59 125 82 63 52 100 105 114 20 57 98 108 3 31 69 73 50 74 18 97 13 10 47 14 1 67 96 9 61 16 4 86 89 110 0 6 116 64 124 120 87 54 35 37 119 106 81 76 84 68 77 99 48 66 91 103 15 38 46 43 11 39 62 60 29
35 13 40 83 123 84 72 46 53 78 64 109 27 48 99 38 81 104 24 79 45 31 122 58 100 126 116 54 74 47 20 1 52 106 103 71 44 4 108 30 8 76 114 15 92 17 9 112 89 85 90 37 2 56 16 105 59 62 111 113 21 88 94 119 60 121 49 110 96 82 118 69 3 18 5 19 57 68 102 73 32 70 55 42 101 11 10 22 28 77 80 50 51 66 12 97 26 107 91 33 25 98 87 115 63 34 86 14 29 39 61 41 0 95 125 6 124 65 7 75 93 43 23 117 36 120 67
60 0 2 40 39 24 30 18 126 112 84 78 69 62 94 70 114 26 115 96 1 108 37 5 104 52 122 21 36 27 25 10 13 87 117 90 66 65 7 105 120 29 61 88 85 124 33 98 75 57 23 77 113 76 42 11 32 48 6 12 28 41 97 111 14 106 102 109 59 110 53 54 50 55 35 119 22 3 100 19 99 121 49 47 31 86 63 46 51 73 92 107 44 74 95 43 123 71 20 58 118 103 45 9 91 68 116 81 93 15 82 80 4 89 79 125 17 38 83 101 8 34 64 56 16 67 72
100 84 109 85 15 112 94 78 12 95 118 32 102 30 25 6 113 51 50 18 55 47 0 36 92 61 82 41 58 56 120 126 115 43 11 39 48 99 44 53 38 114 83 40 106 31 35 77 17 93 87 108 103 104 66 42 33 13 96 49 68 5 101 74 79 122 65 63 121 107 37 9 16 123 19 111 91 28 116 60 4 22 97 27 10 72 119 14 69 124 98 110 59 67 20 1 117 73 45 24 86 8 7 105 62 76 3 81 71 70 52 23 54 21 64 89 57 80 88 125 90 26 34 29 46 2 75
8 115 76 43 123 7 107 5 32 30 31 54 69 100 15 90 35 27 9 109 57 13 113 34 88 22 1 3 68 67 49 50 122 120 4 106 55 19 103 24 66 20 42 118 81 102 44 51 36 73 17 48 78 26 119 82 58 33 94 112 108 56 2 12 45 105 98 87 53 39 80 121 18 92 86 0 6 60 91 125 38 126 23 114 14 83 62 75 41 63 111 46 74 104 95 21 85 101 96 89 97 29 28 79 61 99 93 52 59 11 117 16 77 70 25 64 37 40 124 116 65 71 47 110 72 84 10
32 2 17 18 108 87 85 42 41 10 65 13 36 104 51 71 0 9 55 123 37 34 49 48 101 118 117 28 88 8 95 75 53 78 86 39 73 90 23 119 1 52 72 83 105 63 100 91 38 59 15 126 92 47 106 120 67 93 102 4 43 103 57 54 76 7 80 21 109 79 24 50 114 107 64 22 45 84 89 68 12 115 19 116 3 29 61 70 56 112 111 98 27 60 5 66 6 97 121 113 122 82 33 69 26 124 31 58 62 74 35 125 16 40 20 77 46 94 44 14 96 81 99 110 30 25 11
73 11 118 64 15 46 59 70 13 30 76 99 12 109 38 9 122 2 88 86 126 16 37 71 23 89 100 112 84 27 34 119 18 57 113 110 4 10 93 56 77 44 87 58 92 97 111 96 32 120 52 54 45 81 72 49 74 5 14 95 8 0 28 7 25 29 79 69 1 53 80 65 35 78 106 85 117 31 66 105 55 67 115 83 33 125 82 75 123 42 40 3 17 107 114 22 94 24 108 19 47 21 60 62 121 90 68 36 51 43 102 61 116 98 101 103 6 50 48 26 124 104 91 20 41 39 63
33 108 52 118 82 115 39 1 24 69 27 100 35 50 87 14 74 51 91 104 76 11 40 85 86 80 95 37 58 42 34 3 126 61 122 66 23 17 6 12 84 121 5 93 41 75 114 26 7 125 78 68 77 63 21 64 99 20 120 110 2 36 62 54 38 8 28 18 90 59 55 83 15 4 106 44 10 72 92 109 32 25 16 113 107 89 119 117 101 49 67 97 111 9 124 88 48 30 19 103 81 31 53 45 13 71 112 46 73 79 94 57 22 98 105 56 96 29 123 43 116 0 102 47 70 65 60
41 106 54 8 46 62 6 69 109 20 118 115 90 4 2 76 11 99 42 5 40 97 59 45 75 21 78 50 81 107 53 24 74 39 61 1 89 91 94 17 71 15 16 23 70 9 58 67 3 98 72 87 117 102 121 65 84 101 105 34 35 116 19 123 110 100 77 63 113 12 108 32 114 122 88 14 56 60 37 104 36 33 79 52 124 95 48 25 26 43 120 44 38 64 29 73 31 30 66 96 83 92 0 18 27 111 13 49 57 55 47 86 85 80 28 93 126 82 10 112 22 103 7 125 68 119 51
110 51 44 109 43 90 55 1 21 104 11 91 111 30 64 6 70 42 105 52 69 88 122 113 53 108 117 106 37 76 92 58 84 31 77 62 86 26 5 14 40 33 45 28 13 20 124 99 125 66 85 22 71 24 18 67 75 47 83 116 9 50 81 57 80 54 59 119 87 112 35 39 65 101 25 100 7 34 95 46 12 118 19 94 48 17 97 96 49 123 73 120 93 29 89 8 10 98 56 16 63 2 27 68 126 115 0 79 41 78 121 23 3 61 32 15 72 82 103 74 114 107 36 38 60 4 102
64 77 30 51 118 20 82 88 78 90 103 120 38 85 29 122 4 21 10 5 61 47 65 87 108 115 68 102 126 41 36 125 58 97 121 72 11 112 22 48 19 79 124 99 91 59 63 45 73 70 0 6 114 9 93 92 43 33 81 107 18 98 49 83 101 116 7 23 8 119 28 123 94 44 111 17 56 25 35 27 46 106 13 100 54 60 37 31 2 24 71 105 89 117 34 66 3 16 57 14 52 42 50 74 96 75 84 95 26 76 32 86 12 109 40 39 104 67 80 69 1 110 15 53 62 113 55
36 19 42 38 84 122 70 59 121 88 24 32 117 52 126 95 68 56 12 73 48 112 116 124 90 102 55 83 10 45 98 115 26 105 30 50 20 125 89 86 78 106 120 75 46 100 44 77 1 108 82 57 80 118 60 94 27 103 7 69 109 23 9 107 28 92 101 11 33 74 119 71 22 104 114 113 34 58 67 53 97 96 8 31 13 21 40 91 110 65 87 93 3 49 51 54 85 37 123 29 81 16 5 41 99 18 0 6 63 111 17 2 64 39 15 4 14 62 79 61 72 76 43 25 35 47 66
87 34 115 96 92 116 0 67 98 36 13 1 103 48 43 93 81 125 32 66 112 5 78 94 18 53 29 111 100 105 8 51 42 109 76 68 62 70 83 35 122 72 106 85 58 97 77 65 25 79 124 40 61 20 49 44 84 89 114 24 99 27 55 46 3 50 110 4 73 108 22 12 54 16 26 95 17 82 121 30 37 52 33 23 31 39 86 60 28 90 41 69 102 113 120 59 15 91 21 104 117 6 101 56 7 71 11 64 123 63 57 107 75 88 126 19 47 119 74 2 14 118 45 38 80 10 9
86 64 35 27 70 19 101 20 12 60 22 48 77 46 125 21 126 74 9 96 53 61 30 42 91 4 108 16 84 45 111 18 62 100 14 29 75 68 97 24 120 10 55 121 50 93 122 83 51 72 37 106 92 1 31 15 56 32 3 89 54 94 49 112 69 123 102 87 17 71 118 85 57 63 8 23 76 5 40 58 95 43 39 103 34 11 79 81 73 26 117 82 52 66 80 36 7 78 90 67 59 6 104 124 113 65 109 119 2 115 0 25 98 110 107 44 114 13 99 105 38 33 28 47 116 88 41
15 75 31 43 2 103 20 29 53 47 56 95 22 23 104 14 78 24 121 44 84 69 74 60 77 99 25 11 101 50 122 115 4 0 87 105 48 21 65 125 28 92 36 96 71 51 106 39 79 46 70 49 124 55 126 26 5 58 52 86 40 27 59 17 112 18 85 33 81 32 114 63 107 94 10 117 37 83 89 118 88 120 90 97 30 93 6 108 35 34 7 102 76 61 1 66 38 91 116 54 19 80 100 68 41 9 73 13 110 8 45 57 64 62 12 113 109 98 72 67 111 82 119 123 3 42 16
66 96 46 49 12 73 65 84 100 123 126 122 88 1 5 115 29 81 64 63 85 103 105 56 97 13 47 70 104 16 28 0 68 26 24 102 18 6 9 120 106 38 14 114 58 119 95 117 89 110 80 71 111 75 20 33 67 93 74 91 118 61 22 99 39 40 125 7 45 77 86 62 69 43 94 4 25 2 8 57 121 59 51 3 19 17 78 60 109 11 23 34 52 107 55 42 92 101 21 124 72 76 48 113 36 53 54 87 82 108 116 50 44 41 15 30 35 112 90 31 98 79 37 32 83 10 27
8 113 115 19 1 75 109 89 12 44 18 67 35 4 90 13 73 61 22 3 87 84 64 111 55 83 39 102 124 101 58 46 118 30 48 117 77 51 34 52 21 5 68 47 29 126 36 104 106 107 108 96 120 41 72 38 0 25 31 62 103 100 112 123 95 23 27 80 122 54 99 28 50 40 32 71 92 57 81 56 63 43 6 26 93 74 14 37 66 97 116 82 60 9 24 2 10 105 69 7 20 119 16 110 79 49 65 88 11 53 70 45 98 114 76 94 59 17 125 86 33 42 91 121 15 78 85
15 26 106 45 22 99 101 105 123 75 73 113 62 66 84 63 42 102 7 46 79 109 76 61 37 97 43 0 69 40 111 4 119 120 51 94 122 44 8 103 57 12 125 100 64 19 34 18 124 36 114 82 92 126 81 2 96 50 3 108 49 39 35 88 28 98 9 32 48 115 86 38 104 89 83 54 80 27 5 60 16 13 31 52 41 65 116 55 74 33 77 91 11 95 117 47 67 53 93 90 78 85 118 87 29 14 21 68 30 1 70 107 25 23 17 56 110 20 71 24 112 121 6 72 58 10 59
5 43 25 37 119 126 19 62 18 69 65 112 41 96 33 32 106 72 58 20 12 23 35 63 59 30 71 83 21 66 57 87 1 64 34 107 8 90 98 74 56 116 48 13 46 118 103 28 51 27 70 53 81 67 80 120 0 89 124 50 111 11 99 45 122 16 6 24 10 121 84 97 123 40 117 60 85 82 95 100 68 101 115 29 88 17 108 109 125 55 15 7 9 61 22 86 92 93 76 52 42 78 94 31 3 102 47 4 79 114 49 75 26 113 54 110 36 73 104 2 39 38 44 77 91 105 14
43 56 123 37 125 98 62 70 126 107 116 11 89 55 109 119 40 42 52 78 66 49 99 91 72 90 31 2 80 79 114 57 83 113 17 39 73 110 23 36 108 1 13 76 67 50 121 122 6 44 12 88 15 75 100 87 29 65 82 64 21 118 18 4 69 106 112 104 115 74 9 14 8 96 105 85 92 24 47 30 33 28 94 10 120 97 7 93 77 51 45 20 95 124 25 81 68 19 0 101 117 27 103 84 63 16 26 111 86 22 102 48 35 38 53 59 46 3 54 32 58 34 41 71 60 61 5
69 49 38 80 126 62 24 76 113 3 33 70 47 90 82 59 32 102 53 45 110 67 42 83 51 114 98 85 22 17 19 84 74 43 48 4 21 93 34 81 111 63 64 0 30 87 6 61 77 75 29 65 95 56 115 39 41 18 10 97 112 12 120 116 26 119 101 23 15 57 107 88 55 40 28 122 31 2 16 125 72 5 60 100 123 91 108 73 35 118 109 105 37 92 66 25 8 11 68 117 71 99 36 54 79 86 124 94 7 106 44 20 103 78 89 121 50 104 27 52 46 58 9 1 96 14 13
94 62 61 85 5 76 95 52 47 116 110 72 115 106 63 111 1 20 105 0 66 92 65 88 89 124 34 7 101 56 123 68 51 21 43 8 87 84 102 13 60 118 96 33 54 86 70 57 14 31 16 24 71 45 26 48 99 113 25 15 53 59 27 18 50 73 55 83 44 80 39 100 30 49 41 91 114 120 35 3 17 42 46 77 112 23 125 32 104 107 6 64 103 58 36 97 74 11 109 22 93 12 2 75 98 29 122 79 78 40 28 108 82 81 67 119 10 9 37 19 38 126 121 4 117 69 90
92 93 3 64 100 98 118 18 99 69 101 86 90 121 37 89 6 46 76 108 16 117 0 47 35 97 87 5 78 67 33 39 106 51 19 82 14 70 15 71 111 38 45 107 25 83 30 91 48 12 40 62 73 2 27 96 42 34 55 7 122 49 102 110 105 104 20 13 72 22 11 79 36 66 120 65 21 115 125 50 59 88 116 119 24 114 60 85 23 53 9 61 32 57 52 44 123 75 29 54 31 113 26 56 8 112 94 41 1 28 126 84 77 58 109 10 80 63 74 95 103 124 4 81 68 43 17
34 53 115 121 114 36 37 40 113 13 23 55 101 31 6 43 21 95 118 0 74 110 84 83 117 67 15 65 87 38 108 73 123 75 33 119 125 109 52 78 104 91 70 26 11 105 106 22 96 3 24 66 76 17 48 98 63 126 107 19 97 39 116 50 72 28 82 90 49 112 29 62 100 81 56 102 120 10 88 60 79 1 44 99 51 27 103 54 92 12 64 2 85 69 7 5 25 93 80 71 18 61 30 77 4 94 124 68 58 59 47 9 14 32 86 35 41 111 89 42 57 122 16 46 8 45 20
99 23 124 91 1 11 44 17 53 25 67 64 126 31 69 15 8 77 6 109 61 35 22 19 87 85 16 20 46 4 74 72 9 41 32 106 5 125 107 33 37 34 81 47 49 43 48 40 62 66 82 18 76 68 117 29 84 7 102 103 12 114 90 38 52 63 13 122 80 92 123 14 55 21 50 36 88 78 105 73 113 59 95 101 3 98 86 70 121 60 94 97 89 42 56 96 58 54 39 0 115 57 111 45 119 104 24 108 120 28 118 79 27 93 75 71 2 116 30 112 10 26 100 51 110 65 83
74 3 8 29 13 88 81 5 59 41 62 65 125 6 87 61 109 84 47 104 114 10 12 94 15 52 37 39 46 22 115 64 97 98 40 108 14 34 117 35 126 123 4 9 119 120 72 110 89 121 79 105 78 1 75 31 68 76 82 90 2 36 26 32 92 0 44 116 21 124 99 56 101 67 27 118 54 7 91 55 51 11 43 38 30 18 71 85 103 16 107 83 80 66 60 33 102 70 122 69 42 50 63 48 49 86 112 23 73 58 106 25 95 57 17 20 93 96 77 19 45 113 53 28 111 24 100
68 82 84 123 97 94 3 106 4 51 52 25 47 111 85 122 5 77 26 107 16 90 91 101 36 72 104 15 22 8 69 31 14 62 44 83 80 48 46 39 103 67 66 63 27 34 33 102 21 87 75 79 110 119 113 120 61 6 116 50 9 20 42 100 93 37 29 28 125 65 10 32 55 7 60 124 30 23 86 64 57 18 88 126 49 89 109 121 92 73 95 105 0 13 41 114 117 12 98 11 56 108 71 19 76 96 99 81 1 45 70 24 78 112 118 58 2 115 17 54 40 74 38 35 43 59 53
113 30 59 48 19 5 102 68 84 77 111 54 76 87 122 118 99 100 17 0 33 53 105 34 62 79 61 52 29 55 74 40 6 32 2 107 1 7 103 22 13 56 114 96 47 36 49 23 80 92 51 88 121 78 42 25 50 21 67 12 91 123 94 60 15 124 106 4 31 70 95 16 65 9 112 109 37 108 28 89 58 69 64 24 43 39 86 75 57 11 66 82 8 20 117 119 41 126 93 72 46 35 90 10 110 101 44 27 3 38 73 85 18 71 14 120 45 116 104 63 115 98 81 125 26 97 83
52 86 4 65 17 89 29 12 99 114 110 125 109 122 32 100 101 94 98 16 25 105 107 64 22 104 59 47 92 74 117 13 18 11 39 71 28 19 116 57 123 84 38 26 66 70 30 49 95 63 81 112 108 27 93 24 35 62 14 10 50 119 3 0 124 111 82 58 37 83 68 36 20 44 77 85 69 53 43 90 73 8 55 1 87 9 113 91 75 41 76 31 56 45 51 67 23 72 46 121 54 106 96 2 97 61 21 115 48 6 34 102 78 40 118 126 5 33 60 79 80 7 15 103 42 88 120
121 45 102 99 65 14 10 110 94 92 100 67 61 112 95 78 31 1 33 49 63 20 6 4 26 66 44 8 25 104 118 54 88 47 35 5 59 22 79 23 81 117 73 46 38 55 3 17 85 2 103 9 125 41 0 27 7 64 80 93 42 83 106 11 36 101 86 90 77 56 82 119 122 58 37 48 114 13 51 87 53 84 24 29 57 62 34 52 74 91 105 76 115 96 107 123 89 40 60 124 19 15 50 69 98 116 30 97 108 32 68 111 126 120 21 12 109 70 18 39 16 75 28 113 71 43 72
33 49 114 30 10 48 32 69 126 19 104 115 9 97 38 63 52 73 74 86 68 60 24 46 124 117 26 72 99 29 95 3 55 116 82 7 118 34 123 28 35 56 59 54 77 75 27 25 4 62 64 111 20 57 112 94 113 98 125 109 45 65 14 96 42 58 61 70 92 84 0 21 36 22 6 71 88 40 13 93 41 1 12 2 79 121 91 85 87 23 108 103 90 81 76 17 44 106 120 67 11 31 51 105 16 8 119 66 53 101 39 122 100 47 37 15 78 83 43 80 18 50 107 89 102 110 5
17 9 46 13 95 14 107 38 84 37 6 72 2 73 79 112 4 48 101 77 96 103 125 26 36 39 74 99 94 0 1 55 88 7 61 123 85 60 8 11 122 47 56 76 93 40 104 24 25 116 111 59 102 87 22 44 80 35 18 45 82 115 29 81 12 43 63 65 30 54 75 42 50 71 34 117 27 124 53 5 108 32 57 3 90 23 58 92 69 15 118 83 70 31 89 67 33 110 28 20 97 16 62 68 66 100 106 126 121 114 52 98 51 19 41 21 64 105 49 10 109 120 78 86 119 91 113
113 25 101 54 65 6 100 20 92 22 7 66 11 52 47 118 45 123 15 67 5 57 111 63 14 98 69 34 97 24 16 110 89 33 55 72 17 73 56 120 1 81 109 99 36 12 124 53 42 2 79 27 44 85 103 48 96 29 117 105 60 13 104 50 40 68 76 41 119 95 102 61 70 126 8 38 9 115 19 62 108 116 28 51 31 84 32 77 87 37 125 114 71 35 64 80 78 58 91 93 88 30 107 90 46 39 122 94 121 4 10 75 83 18 0 59 3 86 106 21 26 43 74 49 23 112 82
37 69 101 9 52 92 56 40 20 45 39 74 115 71 17 11 25 116 63 114 15 33 58 0 90 19 24 50 42 121 81 122 21 30 78 7 77 29 96 86 59 18 12 84 110 108 80 95 112 55 46 83 97 113 14 93 62 57 120 60 64 51 79 123 49 26 65 68 117 91 4 89 109 87 103 111 70 126 38 72 54 3 66 118 107 105 5 47 1 34 32 48 124 61 28 53 67 43 22 99 88 119 16 94 2 76 36 44 27 102 125 73 104 75 41 31 8 6 82 23 100 35 106 85 98 13 10
88 113 46 110 33 106 111 104 59 69 3 73 86 98 78 76 123 109 5 42 17 25 14 11 32 23 119 15 89 4 125 31 71 13 112 124 91 95 7 114 44 19 29 1 43 20 47 51 36 8 75 40 61 45 102 62 54 67 126 53 100 103 115 6 10 79 30 85 117 50 22 108 84 18 70 0 27 97 87 101 2 118 122 60 39 72 80 48 24 92 49 107 16 93 82 99 55 56 94 34 121 81 9 120 12 35 37 83 96 116 57 58 68 90 105 65 26 66 63 52 38 41 64 77 21 74 28
89 16 119 22 99 24 1 97 6 36 69 14 104 12 80 7 9 60 116 52 29 49 67 88 13 92 61 117 123 0 20 102 46 118 65 113 79 87 21 40 124 42 86 26 43 91 58 109 44 105 74 103 126 76 57 56 34 77 19 64 59 48 33 106 11 114 101 111 39 15 78 27 121 23 112 32 37 38 125 8 30 72 63 70 94 100 85 50 54 108 96 5 81 25 4 53 73 55 41 95 120 84 62 122 51 115 17 110 31 107 68 71 93 35 83 98 28 3 18 2 82 90 47 10 75 66 45
26 123 86 122 71 64 30 109 18 95 21 3 15 14 68 54 96 6 67 34 76 120 35 45 91 72 28 49 25 24 82 9 75 47 62 89 46 4 40 51 110 104 0 102 65 42 88 32 92 73 125 20 94 48 60 112 50 19 118 121 119 85 56 126 10 22 80 13 113 59 70 116 106 5 58 29 63 33 115 16 17 61 23 37 108 99 100 66 52 11 79 38 107 53 36 7 39 114 117 55 12 27 41 98 74 77 44 69 111 84 93 81 57 2 1 78 97 31 101 8 103 43 83 105 90 87 124
18 68 42 109 30 117 121 16 15 113 108 48 78 66 32 47 58 60 1 52 23 7 61 89 123 34 115 85 87 94 81 112 110 41 28 93 46 120 103 49 3 4 84 99 62 67 37 20 64 10 72 6 96 116 26 2 5 29 22 79 35 74 65 82 118 75 102 27 104 69 19 36 95 56 9 44 122 8 83 86 101 51 80 31 90 45 126 53 124 91 14 125 63 73 107 106 100 17 12 105 59 114 33 92 71 24 38 98 13 111 70 97 0 119 54 40 50 11 55 57 39 76 77 25 21 43 88
89 86 71 44 2 51 57 111 45 77 69 17 22 43 3 95 63 58 88 67 25 107 14 105 76 4 121 100 81 11 5 75 23 33 38 65 98 21 85 84 39 16 96 99 18 1 15 72 120 122 123 49 60 124 115 94 106 47 9 117 40 68 24 19 29 90 80 53 35 56 46 102 119 109 78 50 30 10 12 66 114 64 54 126 73 52 41 125 0 112 48 83 59 97 79 93 55 103 87 104 74 113 27 28 13 62 116 101 36 34 92 108 31 32 110 61 26 8 91 20 82 70 42 7 6 37 118
54 20 31 46 0 36 64 107 94 82 1 115 60 13 12 81 126 30 6 92 109 67 108 111 5 3 14 69 85 45 101 53 65 113 105 22 73 106 89 33 86 24 112 29 23 84 16 41 27 32 99 118 8 42 57 51 97 103 2 100 74 70 114 56 124 35 87 10 55 7 34 98 102 47 26 93 9 123 83 39 95 68 40 21 110 11 37 15 49 71 50 63 38 91 96 88 4 44 76 59 43 117 25 121 52 75 61 77 79 80 66 122 62 119 120 19 104 78 116 125 17 48 72 58 18 28 90
92 124 42 122 63 111 88 25 67 89 110 12 14 108 3 54 100 49 15 0 98 44 11 37 84 55 31 78 10 123 68 79 73 91 39 26 13 16 76 102 116 119 52 45 101 48 120 18 23 17 83 121 97 82 87 1 103 117 40 20 22 86 74 85 107 65 53 9 19 57 50 36 51 66 33 6 58 126 27 38 77 99 28 81 7 96 43 35 114 29 47 41 24 8 105 75 71 34 61 95 109 5 93 112 118 90 80 94 21 4 72 113 70 69 32 2 46 60 64 115 125 30 59 62 106 104 56
39 30 93 50 49 70 103 38 51 54 35 44 42 64 27 12 32 75 85 106 53 17 79 98 78 6 87 119 105 122 94 125 3 104 29 21 126 74 76 48 15 55 117 28 58 72 22 90 73 56 52 112 95 91 115 123 101 45 66 65 86 14 33 102 83 67 97 110 124 4 120 100 20 16 0 77 31 24 2 26 68 118 19 40 84 43 62 47 18 7 99 25 96 34 69 71 10 113 111 116 57 9 108 109 59 23 11 46 88 63 82 5 37 80 1 36 60 89 8 92 81 13 121 41 114 107 61
69 31 96 125 49 3 123 28 80 68 24 57 82 51 20 12 7 9 121 16 41 66 34 1 29 13 2 23 14 11 45 94 122 79 115 53 61 83 21 71 42 54 36 101 78 104 85 35 116 22 119 95 58 32 67 17 97 52 44 86 48 33 113 81 98 46 75 39 105 18 106 62 70 5 91 25 59 76 114 90 4 8 84 37 64 110 107 56 100 120 72 74 88 109 55 47 103 0 63 112 77 92 65 50 117 27 38 73 124 87 26 111 6 118 19 40 43 126 15 60 30 102 93 108 99 10 89
126 75 60 36 89 109 72 24 118 95 71 27 96 84 79 70 80 39 58 123 120 117 69 21 13 51 78 54 125 26 106 73 19 37 68 111 105 99 11 108 4 41 74 110 81 57 92 122 40 87 31 85 121 104 93 23 62 55 28 59 61 17 12 16 48 94 5 97 47 98 107 52 43 77 63 9 49 25 10 46 1 45 15 100 20 18 103 53 29 42 44 33 22 34 32 112 14 3 8 35 88 91 7 76 0 38 56 67 101 82 113 30 6 50 66 115 116 86 102 2 124 114 119 65 64 90 83
31 64 0 26 57 53 14 3 84 112 41 92 110 46 17 44 81 120 32 105 23 104 63 67 8 51 58 103 125 18 102 45 69 28 50 40 29 82 5 35 16 122 94 87 43 20 62 22 68 79 47 61 36 11 90 83 66 126 15 59 100 118 38 4 115 49 91 56 9 86 19 70 34 55 39 37 60 95 93 73 24 21 72 74 48 65 71 117 13 80 107 101 98 54 42 113 97 109 106 85 119 77 96 27 111 52 114 10 12 75 25 76 2 99 30 89 1 121 78 124 7 88 108 123 6 33 116
66 38 40 89 48 5 44 13 109 84 90 119 52 21 26 11 51 116 33 104 79 76 41 117 2 30 27 102 68 43 120 108 25 99 8 105 57 85 47 124 91 24 56 53 74 100 73 46 70 82 113 62 98 58 77 60 95 69 49 42 88 78 0 80 12 31 101 112 63 83 50 54 97 106 96 9 16 72 20 123 23 19 45 39 7 93 65 67 122 125 64 87 114 10 71 115 55 103 86 61 34 17 92 121 15 3 94 6 32 118 81 110 59 28 107 37 14 4 22 111 126 29 36 18 75 1 35
