117 31 39 28 21 44 25 93 99 76 91 22 113 10 38 69 118 125 107 124 105 12 0 79 33 121 48 65 67 60 97 66 104 92 1 98 62 32 3 35 24 52 71 103 54 82 30 8 50 72 120 53 36 2 20 29 37 83 26 111 100 49 64 86 14 45 6 102 9 47 84 126 109 17 70 80 11 95 115 19 88 77 5 59 61 55 106 43 27 42 46 16 94 57 108 58 114 74 4 23 7 123 73 87 101 56 34 112 122 116 75 89 40 96 78 63 68 90 15 41 119 13 85 18 51 81 110
20 10 93 76 53 61 100 2 99 117 118 32 107 120 98 65 115 114 69 123 31 106 104 16 124 64 91 27 70 14 74 5 34 8 79 81 22 80 112 0 38 50 7 49 9 60 39 26 1 36 113 101 126 90 46 97 52 75 96 24 103 111 15 4 55 67 116 28 56 41 6 110 23 35 84 95 87 17 47 122 78 109 58 48 44 11 12 71 57 89 86 72 119 51 125 108 43 54 59 105 3 63 45 77 68 121 19 102 40 13 25 62 30 21 94 85 88 37 92 66 83 29 18 33 42 73 82
125 3 67 9 26 18 94 56 52 103 66 16 88 43 11 80 114 14 106 87 55 81 64 112 92 10 29 51 77 1 75 33 19 15 30 41 98 97 42 5 2 36 7 54 70 123 104 86 17 34 79 39 83 108 58 96 0 57 6 93 50 120 21 27 111 74 121 84 53 118 115 60 85 126 113 107 38 59 89 24 32 46 119 12 90 71 102 99 101 23 73 28 117 48 68 100 76 62 31 25 49 47 95 91 116 69 13 65 35 72 45 63 82 78 109 8 105 22 20 124 110 61 44 122 40 37 4
25 88 41 70 101 112 71 122 85 51 81 22 115 91 67 17 93 109 18 35 29 104 114 89 126 100 54 6 49 8 0 98 64 66 9 117 120 56 119 123 76 86 92 87 110 2 111 45 78 20 113 60 24 31 23 46 10 74 106 57 38 84 11 14 30 124 103 59 12 53 90 27 118 99 44 82 3 47 40 33 16 37 61 58 63 108 97 13 80 105 107 32 79 121 28 55 50 48 65 19 34 69 43 42 36 73 5 94 39 96 116 26 1 62 4 83 7 15 52 95 102 21 72 68 75 125 77
95 118 83 37 16 28 112 117 98 47 89 81 87 51 103 96 94 114 74 79 19 108 88 49 42 57 55 35 0 91 80 78 100 3 7 10 120 101 63 121 61 125 20 84 46 5 110 38 105 4 70 73 65 116 50 67 62 22 60 77 59 123 54 6 86 90 8 64 45 14 18 43 97 44 68 119 102 25 30 115 21 26 13 41 36 76 82 27 23 58 56 93 40 109 85 9 53 71 69 111 106 124 52 107 1 15 39 75 12 113 92 29 33 122 2 31 34 72 48 126 11 32 104 17 66 99 24
13 30 44 59 109 77 106 62 112 24 94 88 111 38 100 98 92 87 21 102 97 83 31 67 29 20 85 68 12 79 57 110 4 9 5 58 41 26 99 10 90 39 118 107 18 3 122 6 1 17 43 84 117 15 124 2 37 103 76 61 66 8 80 114 101 82 121 93 47 113 120 74 96 126 53 27 116 91 14 33 123 34 48 63 52 55 78 49 19 42 125 86 70 60 69 23 105 11 32 40 46 45 65 89 0 81 16 119 115 35 64 72 25 71 28 54 73 36 51 95 7 56 22 104 75 50 108
67 70 23 32 78 30 2 41 103 86 20 108 83 19 9 82 104 126 63 3 97 76 72 64 90 74 53 21 0 43 24 33 61 92 11 52 28 109 48 107 95 1 15 39 25 101 124 120 85 118 42 125 10 75 51 119 58 88 79 54 123 49 69 84 102 106 98 14 68 91 77 22 113 111 31 121 7 34 50 4 36 12 6 110 73 81 105 13 89 44 115 37 35 46 38 99 117 27 57 56 71 55 87 100 59 80 93 5 16 47 45 112 40 114 116 96 18 8 17 66 62 26 122 29 60 65 94
112 9 25 60 27 123 106 68 91 55 38 61 125 37 69 87 124 54 115 93 2 58 53 0 122 35 114 84 14 46 76 71 56 65 105 120 10 59 11 13 108 33 34 5 79 66 97 67 94 70 30 78 89 32 6 116 23 111 19 95 12 3 80 7 28 75 49 104 17 22 110 64 96 42 1 43 92 99 21 57 118 100 98 52 29 15 109 73 8 4 51 44 121 119 81 41 45 63 50 18 77 36 117 102 24 126 31 113 86 47 16 20 62 88 48 72 83 39 107 26 103 74 90 85 40 101 82
87 85 48 35 32 40 49 104 120 18 9 97 62 1 0 55 123 109 26 69 124 126 108 47 114 92 116 63 52 43 2 74 105 117 11 29 46 73 94 90 36 8 42 70 54 106 60 115 100 37 83 12 110 19 58 27 4 82 95 113 6 5 107 25 13 57 20 102 125 72 65 21 22 96 15 41 75 28 24 119 77 88 121 98 112 103 59 51 3 64 66 71 53 34 80 33 44 68 91 30 10 79 101 86 16 84 50 45 89 93 111 122 7 61 56 76 99 81 67 78 17 39 23 14 31 38 118
26 101 112 6 45 113 115 51 32 11 120 125 119 28 22 87 38 88 34 49 93 46 65 109 70 102 56 104 4 16 68 27 48 15 105 86 52 81 1 95 8 47 108 100 99 57 107 59 66 67 96 55 13 124 35 42 89 23 116 24 39 41 25 62 97 98 53 123 82 19 73 40 61 90 74 121 44 60 14 80 58 77 2 94 75 79 37 117 10 84 20 50 106 43 12 69 7 9 85 126 21 54 78 30 71 33 111 110 3 92 17 103 29 0 83 31 118 63 64 76 114 18 36 72 5 122 91
10 103 60 123 46 7 99 13 9 111 120 34 69 85 95 43 112 52 108 91 30 58 66 107 67 11 0 54 5 18 6 74 117 81 12 71 32 106 119 28 2 68 26 4 104 24 55 1 125 3 8 42 113 27 35 45 51 50 98 83 93 65 126 97 88 39 48 121 20 62 109 21 84 38 94 90 114 124 82 22 57 75 53 89 86 87 31 61 96 33 72 110 16 59 29 116 122 118 102 101 105 73 44 63 19 47 92 41 36 64 78 56 49 37 77 115 25 80 79 100 14 15 70 17 76 40 23
79 33 13 126 123 32 70 3 2 90 103 76 119 85 50 115 59 101 48 112 27 29 98 53 39 77 96 55 109 24 62 91 47 43 105 78 67 10 22 37 107 108 64 106 18 23 61 68 4 45 46 84 52 83 65 20 125 74 114 34 124 31 26 57 44 15 38 8 6 104 42 80 36 14 110 120 99 95 89 118 28 49 73 21 87 88 121 86 17 113 82 63 92 117 19 102 60 66 30 58 35 41 9 71 93 94 111 25 100 7 72 0 40 16 116 54 12 81 11 51 69 5 122 75 97 1 56
2 17 74 5 7 60 86 77 102 52 118 88 68 109 0 70 82 100 123 62 81 40 27 111 23 94 57 19 32 16 90 29 4 73 89 9 124 122 59 54 44 12 45 61 91 64 65 125 30 114 107 63 10 24 115 35 11 41 31 18 95 28 99 79 104 58 119 50 1 113 38 53 14 84 8 76 55 80 92 71 15 93 75 20 117 56 97 21 126 121 120 101 47 3 43 83 39 98 116 13 85 42 108 69 78 37 46 106 103 48 87 51 49 33 66 22 67 72 112 110 26 34 6 36 25 105 96
77 74 43 42 49 67 19 23 38 7 44 104 2 120 107 54 117 92 94 119 40 17 36 41 71 25 76 113 11 100 31 115 53 110 88 14 61 48 35 111 79 84 27 12 22 73 58 96 37 20 1 80 50 97 39 103 116 126 75 114 34 66 9 64 82 87 55 72 95 13 57 122 102 81 28 112 89 108 32 60 70 68 125 118 21 91 51 18 121 85 5 4 93 45 15 52 59 99 86 16 109 10 6 3 26 33 124 47 90 83 62 24 106 30 65 56 101 8 105 29 78 98 63 46 69 123 0
42 58 113 10 104 99 31 50 57 27 100 39 2 49 63 33 111 32 95 36 117 46 11 35 16 86 122 101 92 29 5 1 73 13 69 70 6 109 76 85 126 40 68 56 119 19 110 79 93 48 116 75 61 94 38 98 87 74 71 78 43 24 44 47 91 72 81 53 82 107 89 108 64 26 96 90 106 28 125 103 3 66 0 65 120 83 22 34 118 51 18 45 25 15 102 8 30 7 23 4 55 105 114 121 37 84 123 59 41 124 62 80 60 67 52 20 115 54 14 112 21 97 12 9 77 17 88
52 104 33 109 88 86 0 23 51 24 113 72 15 6 78 10 5 111 70 28 53 118 40 119 13 41 8 105 14 68 64 95 107 63 18 122 74 73 60 45 103 32 87 126 26 66 35 20 80 1 77 75 49 29 85 43 39 112 99 25 97 19 124 125 48 12 100 116 57 50 69 102 17 62 46 110 108 47 30 44 101 123 55 82 117 31 96 37 90 22 16 121 81 56 2 83 27 61 9 76 98 91 65 21 36 71 4 58 79 106 54 59 115 67 34 94 7 42 120 89 84 11 92 93 38 3 114
72 87 4 19 49 36 42 117 65 28 112 90 41 10 93 84 60 85 6 76 14 109 48 111 40 13 70 58 21 122 108 105 103 102 106 110 77 43 33 46 94 104 8 23 97 113 62 55 69 107 116 115 30 98 50 126 11 20 124 68 15 51 63 0 52 86 16 39 119 71 89 67 100 17 44 7 82 47 27 123 18 29 9 5 95 59 38 114 91 25 12 22 81 101 35 2 56 80 31 92 32 118 121 26 88 3 64 34 53 79 66 120 57 73 54 96 37 75 24 61 1 125 83 74 78 99 45
76 101 107 6 55 71 42 7 92 88 106 81 80 61 21 36 22 40 5 116 38 57 90 118 58 52 115 75 114 37 86 44 49 95 14 112 34 68 29 19 26 79 30 31 124 12 50 2 105 69 23 84 113 74 91 121 41 0 54 4 25 45 10 102 3 35 82 17 109 104 60 72 16 120 100 108 51 111 33 83 62 20 43 78 27 87 64 13 85 39 123 11 96 1 63 93 77 97 47 117 28 122 9 126 53 70 73 67 110 15 8 46 99 125 98 89 56 103 119 32 59 24 66 48 18 65 94
71 13 63 21 31 23 109 123 90 36 26 67 8 59 54 55 79 58 15 73 62 61 74 18 29 42 111 10 35 12 33 85 56 68 126 108 17 45 24 103 44 76 93 114 47 122 4 65 49 83 98 125 121 96 104 2 84 102 22 86 16 60 119 27 41 25 72 117 78 91 92 69 34 6 66 48 1 0 64 81 87 3 50 107 89 110 19 120 113 32 11 28 37 94 100 57 101 82 88 75 7 99 116 46 43 14 95 112 105 106 80 9 40 124 38 20 77 115 52 118 53 97 51 30 5 70 39
54 9 81 76 36 66 95 107 111 19 65 109 35 105 85 55 86 6 123 112 31 1 41 97 80 57 93 43 56 60 4 96 30 103 69 119 2 114 116 25 3 49 118 20 45 79 113 52 115 77 7 23 22 70 62 122 106 50 10 28 33 78 11 126 110 47 124 18 99 59 82 83 24 26 98 101 117 38 89 104 71 88 0 100 91 8 42 16 121 32 125 34 72 90 108 73 46 63 29 102 64 92 120 17 75 68 39 87 94 40 58 15 14 84 13 21 74 48 44 51 37 12 67 27 5 61 53
121 107 24 40 17 117 14 91 103 4 12 93 81 3 75 105 6 80 90 110 31 62 114 44 23 104 65 22 27 54 35 59 67 97 29 82 30 28 86 52 61 19 123 50 64 34 118 48 55 113 87 53 126 26 89 96 5 0 74 8 125 36 39 120 32 25 85 73 112 13 77 16 116 56 10 9 49 109 100 63 43 58 79 78 102 84 101 57 99 51 68 76 38 69 122 60 115 70 83 111 20 37 15 98 92 108 95 88 2 66 45 46 124 94 18 106 47 119 72 41 42 33 71 7 21 1 11
77 22 2 73 104 23 35 53 119 121 62 91 99 18 40 41 61 3 102 16 30 47 125 36 7 116 101 26 38 57 109 88 59 85 8 96 90 4 1 81 21 19 34 32 66 112 63 78 122 87 80 118 65 100 33 11 74 43 71 82 60 48 50 44 86 93 14 95 9 58 37 49 68 5 84 94 20 54 83 92 120 17 108 64 10 97 124 67 52 103 42 46 70 69 39 28 110 79 13 113 72 115 117 126 51 114 15 105 12 111 31 6 123 75 76 25 106 98 45 27 107 24 55 56 29 0 89
89 119 32 28 82 103 14 87 113 99 78 69 53 72 25 35 27 15 31 60 66 109 9 120 94 81 38 122 108 4 86 2 115 43 63 100 93 47 3 46 118 121 80 45 8 124 26 40 84 7 83 55 56 107 52 116 50 51 58 11 64 90 41 106 33 79 97 123 70 23 77 29 48 12 104 126 1 112 59 76 65 44 75 73 62 105 16 110 42 92 0 117 54 6 85 36 88 30 74 19 98 91 49 114 37 20 57 10 102 13 18 17 67 125 71 96 22 68 21 24 101 61 39 5 111 95 34
12 98 102 125 71 5 36 116 1 30 92 38 60 69 104 0 72 122 120 14 46 61 10 31 7 101 113 54 47 111 41 34 119 99 75 20 112 8 21 9 78 57 89 51 40 39 22 42 63 87 84 83 64 97 117 56 3 66 11 85 103 121 17 79 68 26 29 32 18 43 100 80 58 90 77 91 6 27 45 44 50 24 35 4 115 52 124 33 73 23 37 88 93 74 70 62 123 81 65 55 107 109 76 114 108 19 86 59 110 13 106 49 96 126 16 15 94 2 53 82 95 25 105 48 28 67 118
89 90 56 14 67 81 87 12 63 111 46 125 93 65 106 94 105 80 58 61 114 85 66 41 17 51 11 45 91 88 26 103 117 124 3 110 31 9 0 7 49 13 25 74 71 34 86 44 1 52 70 98 48 101 50 30 96 104 92 39 19 120 27 99 10 126 100 59 82 43 28 15 116 62 5 2 16 42 95 75 54 23 21 57 20 4 115 112 68 76 77 8 123 37 40 72 55 73 97 36 109 60 53 102 119 113 35 6 38 122 64 22 84 79 121 18 29 24 107 32 78 118 83 69 33 47 108
16 0 26 91 67 25 18 60 22 126 107 76 53 121 114 85 8 95 29 69 11 105 42 113 35 84 115 62 118 5 24 123 56 14 71 100 116 68 54 23 1 109 88 47 38 104 111 82 99 83 39 43 77 34 119 4 106 79 7 92 112 122 73 66 65 30 97 58 49 32 15 2 81 20 10 52 51 21 87 19 3 74 9 96 6 86 102 12 13 101 70 40 117 57 63 28 41 48 93 103 36 89 31 17 37 45 80 90 46 64 27 61 110 124 72 108 50 55 94 75 78 120 44 33 98 125 59
64 102 77 53 42 24 58 52 99 118 0 38 67 28 62 72 107 32 100 87 79 51 73 83 18 55 92 13 8 7 10 71 20 40 47 96 114 49 23 88 103 120 14 125 12 11 59 27 68 84 15 111 69 78 17 108 9 54 34 94 80 70 60 21 5 1 98 91 36 110 109 6 90 44 26 25 85 57 2 97 121 106 112 86 113 41 3 46 123 65 29 119 4 93 124 116 82 76 22 33 39 56 37 35 95 30 66 126 101 16 45 63 89 31 50 43 105 74 19 115 122 48 104 117 81 75 61
112 98 79 2 99 54 121 91 64 68 41 51 58 63 4 80 7 33 100 70 104 38 13 86 21 53 39 23 6 115 34 30 96 67 25 40 81 44 97 87 69 71 10 47 50 101 103 89 105 61 113 108 57 90 8 84 93 126 95 15 45 123 12 117 22 75 19 88 27 73 124 56 26 18 16 29 111 66 119 32 0 77 11 94 17 125 28 20 122 3 65 78 62 114 37 76 72 5 116 83 52 31 24 92 110 60 49 102 59 55 48 1 85 109 106 74 35 82 42 9 36 120 43 14 46 118 107
67 80 91 57 60 29 125 113 33 120 105 48 37 70 112 5 117 81 43 44 15 72 18 30 0 62 45 49 21 76 93 36 56 88 101 1 4 89 41 25 59 74 99 106 24 87 111 90 32 52 27 84 19 20 14 110 73 7 96 51 58 107 46 100 98 116 47 119 13 115 86 17 114 103 11 39 61 34 85 122 126 8 83 42 77 79 31 38 123 65 69 6 35 71 53 68 92 2 104 121 108 64 54 22 75 40 66 109 124 10 12 95 28 82 16 78 102 23 50 3 9 63 118 97 26 94 55
34 63 2 125 89 115 32 67 65 59 123 47 1 94 69 88 30 19 50 49 21 93 66 91 77 116 9 28 6 38 24 33 92 121 96 8 122 98 108 11 126 23 25 43 102 62 55 117 84 53 31 99 101 113 56 48 81 51 86 111 18 103 73 124 57 41 83 46 71 106 27 22 4 110 52 54 70 87 20 120 35 64 68 75 42 40 112 95 80 97 114 90 100 107 36 72 17 45 79 104 14 118 3 39 0 16 76 82 29 44 78 60 10 85 15 12 119 26 58 13 5 105 61 37 74 7 109
28 33 9 47 10 115 35 40 111 75 37 80 29 50 86 46 55 79 110 2 63 112 44 87 39 57 119 27 15 96 124 7 89 106 98 58 12 48 101 38 62 100 67 81 23 123 30 109 70 71 82 95 36 117 49 116 68 18 107 113 85 45 20 74 24 114 103 108 19 4 8 14 25 73 94 52 102 118 41 104 92 60 91 97 34 0 6 22 90 72 26 126 43 125 78 31 56 93 1 69 105 5 32 65 84 121 21 66 54 77 122 13 53 88 3 76 64 83 120 11 59 51 17 61 99 42 16
12 22 102 21 79 90 107 15 54 115 1 101 3 0 2 83 16 68 111 52 96 8 94 40 92 35 81 41 28 93 72 11 119 51 78 126 25 19 6 64 36 58 60 125 69 123 70 121 122 73 85 13 45 57 61 77 95 103 98 62 104 112 46 30 31 5 24 44 109 108 84 7 80 53 34 99 39 86 114 42 20 37 56 38 32 66 91 63 27 97 65 71 106 110 23 76 117 100 88 124 118 17 10 59 50 113 120 9 33 116 105 14 55 18 29 75 26 48 49 87 43 89 47 82 74 4 67
116 22 21 24 19 7 30 20 104 50 124 54 60 96 103 14 94 41 72 123 12 47 4 16 26 62 33 119 106 100 110 88 55 68 49 125 89 53 105 17 102 120 93 81 113 44 9 29 90 78 23 32 121 8 25 38 28 42 114 92 101 39 71 56 108 67 69 75 35 82 77 27 1 109 64 52 86 117 51 87 15 115 40 57 80 11 70 111 31 61 34 10 63 79 73 91 43 2 37 59 45 65 5 36 0 13 58 107 126 122 48 18 6 98 66 83 46 112 118 97 76 85 84 74 99 3 95
78 50 7 108 28 39 11 8 68 79 5 46 112 61 119 72 67 56 48 30 13 120 9 66 70 25 82 43 107 71 14 33 40 29 58 63 95 23 104 122 0 65 42 36 100 101 51 49 89 85 4 47 73 77 121 38 88 76 123 96 93 22 32 54 10 52 64 45 20 26 87 57 19 94 35 126 97 92 115 44 83 41 99 118 31 105 59 111 106 75 114 84 91 116 34 24 124 15 102 62 117 81 12 109 3 2 86 1 103 60 90 37 74 16 125 17 110 6 80 55 18 27 21 113 53 98 69
98 16 100 7 118 119 50 35 21 15 13 39 66 36 30 85 82 68 115 122 45 40 117 56 33 110 18 81 34 113 9 114 125 78 14 120 44 121 79 87 48 12 75 52 20 6 104 97 84 38 108 111 32 92 91 76 58 3 70 72 64 8 27 46 53 67 99 57 62 60 54 88 95 90 25 29 106 1 65 96 0 55 116 71 49 102 89 22 2 31 28 42 41 83 26 59 43 73 10 124 24 23 86 77 37 105 126 74 109 69 17 80 93 112 5 47 94 103 63 11 123 19 4 51 107 61 101
7 107 95 52 43 88 46 29 4 33 113 110 40 100 20 6 115 121 91 67 58 114 15 37 14 42 19 62 56 22 109 89 47 18 117 11 76 74 41 69 73 21 66 93 106 49 26 5 25 23 63 116 79 36 125 75 108 38 65 54 9 13 53 99 82 72 32 35 0 71 118 98 103 57 61 28 112 86 123 126 68 27 39 10 104 92 80 59 51 81 97 24 101 3 70 48 12 30 83 124 8 64 77 55 120 84 60 85 17 102 34 111 44 78 119 16 45 122 1 2 90 96 31 50 87 105 94
66 82 32 75 108 113 35 2 17 72 91 104 50 47 101 119 123 24 97 98 61 124 100 51 89 26 13 8 94 117 58 63 118 110 3 78 10 107 65 19 126 5 44 122 81 83 53 96 93 116 68 59 57 40 105 77 73 92 20 6 88 125 112 15 71 29 120 52 49 9 23 74 18 67 36 62 39 64 11 14 25 103 54 37 102 7 46 16 80 79 99 95 114 33 12 27 41 48 85 31 43 34 21 86 42 106 1 45 4 69 38 109 55 28 84 70 115 0 111 121 60 30 56 87 90 22 76
33 63 3 53 19 77 79 28 124 37 115 117 44 73 89 64 95 69 120 1 32 103 121 50 125 23 30 41 47 58 65 10 51 5 40 57 60 34 27 16 93 68 90 94 105 116 36 91 6 96 20 17 15 52 59 100 48 43 101 21 62 123 78 109 118 55 112 4 126 85 0 88 72 97 104 38 66 86 29 54 113 46 108 12 45 98 56 18 107 26 74 8 81 39 13 80 2 61 106 31 87 99 75 119 49 102 92 35 14 25 71 111 7 42 9 84 110 70 76 22 83 114 11 67 24 122 82
66 43 41 69 97 48 72 118 109 8 113 26 52 93 81 84 80 45 121 125 47 31 61 7 60 124 44 94 123 78 114 88 24 9 57 115 20 99 30 28 106 15 16 55 120 5 87 76 11 51 42 104 22 117 63 37 116 34 50 112 58 54 64 79 111 77 35 49 38 74 12 27 6 1 89 29 65 71 67 119 19 82 105 39 95 101 18 85 2 56 62 75 100 68 126 96 102 17 107 90 3 70 122 33 92 59 110 36 25 40 13 14 91 73 103 108 4 23 32 46 53 86 10 83 21 0 98
68 51 59 83 114 126 115 106 31 58 15 22 77 43 29 8 88 12 64 24 71 101 57 118 98 110 18 117 75 53 76 56 74 124 85 63 82 47 52 116 112 122 81 69 26 102 125 113 90 73 1 123 7 41 33 54 87 19 2 49 121 65 4 11 86 92 95 67 100 3 79 21 104 28 107 99 111 42 48 93 14 80 23 16 50 84 78 96 6 25 97 61 13 30 36 94 20 44 89 91 0 72 27 45 35 120 46 108 17 37 66 60 34 39 119 5 105 103 32 38 9 62 10 70 40 55 109
52 86 49 16 79 84 80 41 46 126 103 111 6 11 122 108 92 123 51 19 29 119 98 70 12 73 107 74 42 97 37 33 121 118 45 100 95 31 35 105 124 25 71 96 39 102 77 9 115 15 101 34 60 55 44 90 72 0 83 26 2 53 14 24 120 125 17 63 50 82 99 116 32 13 58 38 89 88 18 27 36 81 48 56 20 54 106 28 66 61 22 94 104 75 113 68 64 110 69 112 10 21 67 65 109 87 114 40 85 78 76 93 23 47 5 1 8 30 91 4 62 43 7 3 59 57 117
55 64 80 41 104 59 93 8 14 73 89 83 98 77 81 39 51 45 57 95 42 120 111 17 78 92 65 49 46 108 70 124 54 125 99 106 85 30 40 76 100 32 27 5 19 126 48 74 2 50 103 16 66 9 22 23 110 109 56 6 26 116 13 15 107 94 112 115 87 62 71 38 29 21 69 82 10 123 79 12 35 88 0 60 105 113 43 36 72 52 90 44 34 28 97 118 61 24 18 3 4 114 84 58 47 20 53 91 1 86 63 25 96 122 67 102 75 33 117 7 101 11 37 119 31 68 121
119 77 60 121 109 118 16 95 107 56 105 20 49 52 82 72 35 93 53 46 91 64 98 83 94 47 10 80 90 111 69 37 45 15 39 28 70 97 73 68 115 106 126 0 87 79 85 112 33 62 66 120 26 78 71 48 110 86 92 84 5 114 3 117 18 88 104 41 122 81 116 7 25 59 61 8 4 101 13 123 1 108 75 124 74 58 42 57 17 100 76 102 103 96 55 6 50 63 23 65 44 67 36 43 54 51 21 29 40 32 11 2 89 31 14 38 9 34 99 19 12 30 22 125 113 27 24
94 39 113 0 45 109 15 124 13 11 28 76 65 70 89 92 83 41 16 21 106 22 81 66 40 98 14 37 91 101 8 38 5 32 104 62 80 10 47 107 34 35 87 105 48 52 116 79 96 36 120 119 4 20 64 55 54 103 100 18 63 25 23 78 99 114 90 126 12 95 3 72 27 97 50 29 88 1 51 26 33 69 58 71 102 61 17 46 111 67 123 19 53 57 93 115 59 75 6 44 56 118 108 2 112 77 60 43 85 49 121 7 42 74 68 110 84 82 24 117 125 9 30 73 86 122 31
26 19 100 67 5 63 36 16 0 57 69 38 22 53 60 84 113 87 15 43 49 91 102 58 21 34 27 119 56 52 11 45 65 55 86 76 80 81 123 95 10 111 28 46 74 107 106 121 108 6 30 118 59 29 50 109 85 99 24 17 78 64 116 71 96 33 35 13 41 101 117 90 77 126 103 9 83 73 125 122 39 97 124 1 54 32 42 66 82 115 79 93 31 112 23 120 44 105 14 48 92 3 70 37 2 40 72 89 51 104 62 98 88 75 8 94 7 18 20 114 25 12 68 4 47 61 110
61 33 40 121 11 3 49 1 94 90 15 111 78 41 46 79 85 102 108 50 83 63 62 87 7 69 82 14 31 97 84 38 103 119 112 23 77 88 37 27 123 120 98 45 81 116 57 0 25 106 51 48 99 26 42 56 29 72 36 35 21 105 10 22 101 109 104 54 59 80 58 6 68 9 34 126 5 18 75 73 115 67 95 74 86 32 44 30 47 64 8 65 19 93 2 110 76 71 53 118 107 55 125 4 92 20 122 96 70 28 39 52 13 17 91 43 89 100 117 114 12 124 113 60 66 16 24
95 90 73 116 89 22 102 45 85 68 118 38 16 76 61 44 18 123 20 81 112 72 117 49 77 41 34 50 121 6 93 11 40 84 107 79 80 14 120 42 75 65 46 47 124 32 53 105 26 91 92 1 31 97 27 7 67 0 82 37 106 119 71 9 99 35 2 98 125 100 59 94 3 54 83 19 36 109 4 126 115 13 62 87 70 63 48 88 28 5 110 113 21 24 69 86 78 52 55 104 29 101 66 56 51 10 8 111 74 23 96 15 17 122 25 57 39 43 64 30 60 114 103 58 33 108 12
49 82 59 110 96 87 67 9 61 24 85 75 92 109 56 86 121 25 81 116 107 63 71 7 105 80 51 108 35 4 20 29 10 124 1 78 11 112 122 2 115 43 45 54 3 125 52 58 90 42 60 16 14 84 117 66 6 28 88 31 79 64 77 53 101 113 8 21 36 48 55 15 47 65 72 103 102 32 5 93 114 22 41 100 94 62 46 26 40 39 13 0 70 89 68 91 83 23 98 34 74 111 38 123 120 30 106 33 99 12 95 57 50 76 44 19 18 119 27 97 118 73 126 69 17 104 37
36 78 82 0 4 86 25 33 92 46 1 120 59 116 45 48 101 109 123 56 34 79 114 89 71 100 3 58 80 61 20 37 67 68 55 103 87 35 124 41 69 113 97 81 39 6 115 106 84 62 91 32 112 49 5 96 119 15 40 18 24 108 64 54 27 8 70 44 60 110 43 10 38 21 93 117 77 51 52 22 53 2 105 72 11 126 73 118 50 42 83 63 17 16 75 47 94 14 9 29 7 104 19 30 23 111 121 76 57 85 12 95 122 65 66 125 107 98 13 31 28 90 74 102 99 88 26
19 110 89 29 22 94 111 75 109 37 10 117 6 77 122 123 102 68 17 12 49 55 28 2 100 3 66 31 98 124 90 70 61 20 63 62 67 79 18 36 1 44 106 7 73 27 107 41 88 83 87 57 15 84 121 56 50 119 115 30 51 120 112 86 82 34 113 24 71 74 72 101 23 91 39 25 46 78 0 85 13 99 108 26 32 21 14 9 16 43 52 48 118 59 116 80 40 47 104 69 58 65 11 103 4 96 45 53 38 114 5 54 93 125 81 95 33 8 97 35 92 105 64 60 76 42 126
96 113 33 0 14 103 117 111 25 91 124 50 110 38 89 58 63 54 87 65 31 119 101 7 122 11 70 35 81 97 45 28 41 98 64 32 6 12 62 34 68 39 90 55 123 15 78 13 73 43 71 18 83 60 118 49 95 92 106 36 67 30 104 46 20 29 84 75 8 59 52 93 21 19 114 47 79 4 56 72 102 108 105 116 94 112 61 85 16 24 77 76 86 42 109 1 23 99 10 126 107 2 53 51 9 121 100 5 82 26 69 44 27 80 74 40 120 66 48 88 57 3 115 17 125 37 22
78 2 14 23 75 13 121 70 101 33 42 27 120 38 51 11 43 123 40 28 5 58 82 72 119 63 73 16 53 111 17 12 7 95 89 126 110 124 3 92 102 4 103 35 36 91 21 31 25 107 52 96 87 1 115 117 49 71 109 80 105 44 86 93 39 94 113 37 29 6 34 106 60 64 26 65 99 18 98 97 112 114 59 19 20 0 122 83 67 66 10 61 22 62 108 55 74 46 41 57 15 32 125 116 9 48 88 45 69 56 47 68 104 50 100 118 84 24 54 79 8 76 77 81 30 85 90
112 106 98 107 5 113 114 110 69 91 88 126 101 100 61 49 1 57 65 27 55 44 123 85 81 53 34 103 30 21 23 43 17 102 59 92 11 10 37 29 105 8 39 6 58 16 97 64 94 2 120 83 80 45 50 111 14 70 4 12 121 68 87 18 86 72 76 0 104 56 24 46 19 84 93 115 122 73 35 79 66 99 109 62 74 33 118 54 48 89 22 32 47 67 95 51 96 15 42 9 38 77 52 117 116 28 82 75 124 13 125 7 20 41 71 25 90 40 63 119 108 36 3 78 31 26 60
1 4 92 107 46 52 45 84 37 126 123 36 73 64 7 22 33 80 71 41 38 74 105 57 93 16 81 20 18 97 124 112 48 104 103 70 50 117 78 3 30 25 100 60 8 63 98 24 40 11 68 102 61 13 51 62 19 9 120 121 125 49 21 66 14 99 65 94 5 79 55 27 69 90 35 109 95 47 111 116 113 89 96 88 72 34 82 86 56 110 115 31 39 114 101 76 23 10 32 6 87 54 58 77 122 26 15 29 85 2 59 42 43 118 28 83 108 17 67 0 91 53 106 119 12 75 44
22 23 99 113 75 112 52 64 57 66 0 89 63 74 103 7 95 45 36 28 19 32 116 4 82 73 105 109 84 48 44 35 26 68 11 76 27 72 111 8 98 71 33 101 41 60 40 106 114 115 78 43 122 51 46 47 77 17 50 13 97 18 2 70 34 62 61 49 59 42 38 92 65 100 69 119 121 15 20 85 3 93 81 96 30 80 67 6 125 79 86 104 21 37 107 118 126 12 117 9 55 39 91 58 29 88 83 53 25 16 54 110 56 87 1 102 120 90 5 124 123 94 14 108 31 10 24
64 67 84 59 121 71 60 105 23 95 76 7 31 28 126 69 119 1 8 82 103 4 83 77 73 62 40 116 98 97 114 125 65 87 79 107 106 55 70 96 17 26 5 50 75 93 89 88 13 12 36 94 120 33 68 30 85 90 2 102 14 54 57 101 43 46 113 118 35 122 74 108 44 100 109 47 51 123 117 58 99 104 53 81 27 10 92 48 124 11 110 3 111 72 25 39 20 15 80 41 42 61 45 38 115 66 19 37 0 24 16 22 34 18 32 9 78 49 63 29 52 21 56 6 91 112 86
96 103 47 125 80 37 4 38 69 17 16 58 101 5 28 100 57 40 48 26 113 94 6 13 74 43 50 65 88 31 106 63 99 32 3 46 9 97 109 77 25 21 11 78 45 95 15 112 39 54 89 72 67 53 98 114 82 117 44 86 19 123 91 83 79 10 105 71 85 120 22 126 23 20 34 107 35 8 111 84 41 92 75 104 14 108 42 87 90 115 0 24 12 119 1 18 7 55 118 121 102 70 27 56 124 73 76 60 2 64 29 116 30 36 62 61 110 33 122 66 93 68 51 52 59 81 49
14 30 90 40 89 60 122 68 97 24 52 106 46 44 28 76 107 56 55 116 22 49 114 99 100 57 126 118 84 1 8 78 82 32 7 94 74 75 66 13 92 23 104 12 95 9 63 101 121 53 115 25 58 112 50 88 65 83 19 64 125 11 5 37 17 47 16 42 117 6 105 27 18 85 43 4 48 62 33 119 77 59 29 39 34 81 93 51 45 54 98 103 36 35 3 120 72 21 70 15 26 2 41 111 109 31 10 108 110 123 61 91 80 113 38 86 79 71 20 67 73 96 102 87 69 124 0
74 37 72 34 91 90 51 4 95 70 53 75 3 60 33 54 100 84 55 114 125 2 83 113 44 38 117 118 28 10 86 31 124 111 39 107 80 102 58 42 108 35 87 36 89 17 45 7 79 61 26 1 73 46 85 23 12 9 94 48 63 101 0 27 116 6 99 62 47 56 69 96 32 126 112 119 5 106 19 68 8 40 115 30 97 120 71 93 41 13 77 121 76 24 52 50 15 43 78 66 59 103 81 104 22 18 105 29 110 11 92 16 123 57 98 20 67 25 14 21 88 109 82 49 65 122 64
58 5 16 18 47 50 2 65 76 124 40 7 45 94 61 12 85 66 120 51 73 60 79 118 103 46 70 93 107 64 49 13 125 116 54 72 0 89 10 27 32 82 91 38 14 67 6 126 111 71 109 20 28 33 30 74 102 104 121 92 106 115 36 87 69 31 21 17 113 22 68 15 11 86 19 59 84 110 9 26 52 43 117 108 42 97 90 75 88 123 80 34 25 96 63 24 122 99 37 35 4 39 1 56 53 83 105 114 95 100 101 77 55 8 23 3 62 98 78 57 112 48 119 81 41 44 29
97 84 98 7 81 96 48 51 11 15 52 66 44 115 38 110 112 25 42 72 22 20 80 50 100 8 37 107 70 12 104 2 10 67 117 53 4 79 113 105 68 54 108 6 87 27 55 49 24 102 82 111 1 13 16 76 63 123 43 125 33 90 61 74 91 124 121 56 103 3 35 120 19 94 14 62 89 75 58 9 106 40 119 109 78 5 30 57 59 85 122 71 18 21 45 101 31 88 114 41 32 64 73 17 116 26 60 95 118 39 36 29 77 99 83 126 93 23 92 69 47 28 46 34 86 65 0
32 97 105 77 13 28 46 109 50 96 49 82 39 95 110 90 27 7 33 25 35 48 125 3 36 107 54 74 15 73 29 26 62 116 30 120 42 37 86 112 118 72 121 75 108 6 91 71 56 52 114 14 1 45 67 102 63 113 83 44 55 93 38 9 31 119 17 2 115 51 57 84 103 60 47 0 61 21 59 94 53 16 117 58 10 5 99 79 78 18 123 4 43 85 8 23 22 111 64 66 104 70 81 87 124 12 106 89 20 11 34 101 65 92 40 98 122 76 88 19 24 80 100 126 69 68 41
89 93 82 88 123 110 12 64 117 20 60 61 58 116 40 78 39 27 24 59 17 107 125 79 52 35 100 15 109 21 33 0 74 105 13 121 16 51 68 29 63 48 14 101 103 19 112 119 90 77 42 124 8 53 6 26 102 9 7 54 120 106 87 80 1 115 96 104 32 49 86 111 126 57 94 55 50 18 62 25 113 2 41 75 73 38 31 122 81 71 3 98 72 65 5 11 91 37 67 99 69 83 95 23 46 44 92 36 10 76 45 97 30 84 108 34 4 28 85 114 56 47 22 43 70 66 118
47 91 72 58 97 16 104 121 99 35 118 69 90 19 73 13 11 71 119 87 25 85 37 40 39 111 89 53 100 62 27 28 79 65 107 32 113 4 3 70 67 103 61 41 7 1 66 77 81 2 8 95 63 34 20 76 10 68 114 123 96 21 0 56 17 101 51 54 38 52 42 102 117 50 9 120 26 12 126 14 15 105 59 115 122 109 124 110 22 82 93 31 75 108 46 45 30 6 49 86 88 80 57 94 60 78 33 36 55 23 84 83 18 44 125 106 74 29 92 112 5 98 24 64 48 43 116
52 113 109 70 117 82 23 15 83 115 40 116 31 5 125 78 118 66 19 2 69 62 20 75 104 81 14 17 30 8 51 6 26 4 86 7 74 3 94 36 64 99 67 54 10 111 87 0 119 73 71 108 90 103 88 79 105 41 55 85 44 98 92 77 49 65 121 112 33 100 101 59 63 122 53 126 1 39 114 76 18 50 47 110 37 123 13 97 9 72 45 48 42 68 60 58 43 107 16 25 61 56 95 38 106 124 96 22 84 93 35 27 34 89 32 29 80 91 12 11 120 28 24 102 21 57 46
80 27 74 16 65 90 45 25 20 50 56 126 15 79 104 70 105 78 92 88 38 72 87 82 10 107 112 85 26 125 111 42 58 110 0 113 101 114 34 5 41 62 33 48 2 69 6 36 39 13 4 96 121 49 8 97 40 86 21 44 123 7 22 57 54 91 75 59 93 55 46 19 32 103 122 52 73 108 76 31 23 89 9 124 1 51 116 63 18 28 30 43 109 35 37 64 83 119 117 24 17 102 11 71 77 118 81 94 29 12 99 100 53 61 60 66 106 115 67 3 84 47 98 14 120 68 95
2 75 42 29 103 13 8 50 44 79 106 105 77 35 22 80 74 81 27 65 15 47 34 60 7 9 25 43 118 97 59 63 56 91 21 18 123 5 32 124 117 121 38 113 19 73 48 93 109 72 116 51 58 0 94 76 40 23 119 92 61 16 12 114 1 31 120 87 71 36 69 39 53 68 90 110 95 26 112 83 96 11 28 30 88 67 33 37 125 126 24 85 98 55 45 102 86 10 111 20 57 3 46 62 64 104 52 4 108 70 49 101 41 122 82 78 115 100 14 89 84 6 107 99 66 17 54
70 18 16 89 9 30 88 76 25 27 121 48 81 106 109 28 8 54 65 42 92 125 3 44 79 91 101 95 96 120 43 114 100 47 50 99 122 66 115 58 11 14 40 94 98 78 45 22 68 126 5 2 56 23 84 46 12 24 124 63 93 38 20 80 53 64 0 111 102 117 74 72 110 116 87 112 83 36 39 113 4 67 31 26 6 75 15 108 57 19 97 33 90 52 1 34 85 86 73 118 41 71 119 55 13 49 32 17 123 82 10 37 61 103 51 105 35 69 59 107 7 62 21 77 104 60 29
107 49 43 88 5 54 92 0 99 125 23 14 15 53 36 1 112 90 11 17 27 60 91 41 77 103 12 51 26 113 7 24 104 59 81 110 117 30 29 20 16 94 111 119 9 18 70 64 28 33 35 13 96 102 97 67 48 93 122 120 86 32 108 37 25 21 4 83 19 72 10 73 22 87 2 74 105 62 47 57 42 31 126 63 46 84 3 44 61 58 76 52 109 106 124 55 71 45 66 100 75 82 78 6 118 65 114 80 34 50 89 95 40 98 68 56 115 101 38 85 79 69 8 39 116 123 121
105 93 29 116 8 63 28 57 42 95 117 27 89 119 38 115 30 19 103 2 33 31 94 86 118 73 16 79 14 60 37 5 6 81 50 4 44 23 75 98 64 22 97 25 77 104 35 102 106 39 85 54 101 18 71 9 96 83 121 68 90 120 53 59 20 46 111 113 110 56 88 49 48 32 80 61 17 10 65 112 1 126 114 109 43 15 58 70 123 52 125 11 13 21 72 87 40 124 99 55 51 69 0 47 66 45 76 12 91 84 41 34 107 67 92 3 100 24 122 74 36 62 82 26 108 78 7
109 103 113 101 10 64 5 33 76 123 12 125 77 45 25 79 39 43 60 46 82 110 115 11 126 94 69 59 49 83 74 36 120 17 87 13 116 2 80 124 81 102 96 66 19 119 48 50 75 70 122 89 78 37 35 42 112 85 0 106 23 121 52 86 104 18 68 55 30 105 88 108 57 3 56 114 97 26 90 92 111 72 7 9 40 73 16 61 21 20 14 22 65 51 93 62 8 63 24 99 58 71 84 107 28 98 67 41 38 53 27 6 4 31 32 29 100 15 95 34 47 117 44 1 91 118 54
121 22 119 57 69 0 5 32 7 19 31 115 77 64 89 87 76 79 70 84 46 75 83 66 85 36 68 42 27 12 61 97 117 1 99 23 26 45 93 73 18 96 41 113 116 4 65 104 8 112 25 62 60 11 6 21 52 108 33 92 24 125 98 122 95 49 72 30 124 38 78 103 47 88 109 102 17 94 39 74 105 48 20 2 10 81 16 9 90 71 28 114 111 63 35 37 67 55 101 54 53 43 34 110 86 59 58 44 107 14 50 15 51 3 82 118 80 29 123 13 100 91 56 106 126 40 120
3 108 36 14 87 88 72 41 38 60 12 35 17 37 20 83 95 5 116 30 119 6 99 55 25 80 7 89 124 82 81 27 67 120 34 125 98 109 117 78 54 21 86 2 123 10 97 59 4 66 58 8 96 113 90 103 13 91 111 110 101 92 16 18 77 23 32 11 57 51 76 84 100 68 46 43 33 122 26 52 53 29 28 65 48 85 39 74 114 63 70 9 79 56 75 24 104 31 50 19 105 1 69 0 102 62 118 22 107 115 47 44 61 121 45 49 112 94 71 42 64 73 93 40 106 15 126
52 84 99 97 95 51 96 59 26 102 93 92 37 83 104 68 85 114 42 64 80 33 94 66 79 6 118 60 19 86 22 120 112 100 10 109 53 24 87 124 121 106 7 11 111 62 13 39 2 58 30 61 45 76 78 74 91 17 110 55 1 71 101 73 23 9 34 82 69 38 25 56 125 4 81 122 113 14 54 35 32 16 123 126 40 88 12 105 49 15 5 18 117 65 98 31 29 27 36 44 75 46 63 119 67 57 8 77 3 47 115 50 107 108 41 20 0 72 48 89 103 43 116 70 21 90 28
30 89 99 109 15 94 82 111 51 126 42 48 41 120 104 81 96 52 69 60 86 125 65 28 122 95 67 124 55 113 16 74 101 61 80 97 119 11 103 121 9 44 27 112 90 40 34 2 25 110 31 115 22 13 59 108 8 46 45 62 85 83 29 87 19 78 92 1 7 43 116 54 5 117 102 84 68 36 58 77 75 32 100 39 107 66 6 33 106 73 105 26 23 47 71 0 50 123 79 57 10 98 53 91 63 93 20 21 18 37 12 114 76 70 118 49 14 4 88 38 3 56 72 24 35 17 64
27 105 2 42 63 32 20 46 1 120 112 107 45 33 75 118 58 113 115 86 64 69 125 110 81 106 122 51 74 108 97 23 29 79 34 54 38 121 8 126 123 25 9 117 66 0 89 21 99 24 11 4 37 87 82 47 72 93 96 62 88 94 49 55 43 36 98 41 22 65 18 31 53 57 6 84 71 83 95 28 111 14 68 60 91 39 7 73 100 19 92 114 85 10 109 78 12 116 101 124 56 13 77 50 44 16 35 30 102 76 5 90 26 40 70 103 119 48 67 17 59 15 104 52 61 3 80
0 27 116 90 16 119 73 76 123 28 78 22 68 95 117 115 4 40 103 21 107 126 89 5 111 29 17 53 54 71 104 60 33 11 36 75 92 35 77 109 108 65 118 31 86 61 94 42 20 102 105 43 66 72 51 55 122 120 9 24 85 97 10 8 80 98 26 64 82 7 84 6 48 58 93 101 87 46 114 3 63 96 50 12 38 52 39 1 59 49 62 13 2 112 57 74 41 25 79 32 106 83 88 56 14 44 70 34 121 67 18 124 19 110 91 23 113 47 100 99 69 30 15 81 45 37 125
99 49 53 98 7 26 60 5 75 62 27 84 110 121 57 69 12 31 44 22 123 92 117 105 82 14 78 96 122 112 54 17 116 4 36 61 35 55 104 72 6 94 103 102 50 125 48 67 59 18 8 15 1 66 23 97 68 9 32 51 16 25 28 65 63 11 3 21 20 41 2 29 24 70 33 42 76 38 80 46 40 45 79 118 95 39 126 87 30 115 0 10 107 73 106 113 101 85 71 119 13 58 43 111 47 52 19 56 77 81 120 34 90 88 100 109 74 124 86 89 108 83 91 37 114 64 93
98 26 105 38 124 41 24 8 17 65 15 33 68 28 74 35 16 108 67 116 48 102 119 110 69 21 70 40 83 73 44 58 53 49 86 94 71 10 109 19 55 13 77 61 84 82 34 99 103 46 79 36 123 0 1 78 52 5 32 12 23 31 14 7 72 9 80 20 92 25 117 59 22 63 118 120 27 60 111 101 115 125 6 93 45 121 51 42 114 62 56 30 104 96 43 126 90 18 2 75 88 4 89 113 54 39 87 50 107 122 95 66 47 100 106 97 76 112 81 37 57 91 85 3 64 29 11
87 3 101 42 28 95 22 68 21 11 78 100 59 38 119 8 26 122 91 108 66 60 90 17 85 4 113 125 63 58 80 14 12 74 112 94 114 67 36 81 51 29 54 49 126 105 61 46 56 7 83 82 65 120 77 75 2 31 98 89 79 13 110 99 121 19 18 97 88 43 57 55 44 70 48 117 104 9 5 123 50 96 27 53 15 103 16 86 0 72 23 93 102 71 109 39 37 118 111 25 45 30 116 20 106 1 41 64 62 52 32 33 84 34 115 10 47 40 73 107 6 24 69 124 76 35 92
73 44 90 92 23 93 80 57 107 95 50 7 86 82 106 113 110 54 35 32 108 25 119 40 21 68 30 101 78 4 117 49 83 43 88 53 15 98 69 67 58 116 124 28 1 115 91 77 10 6 18 51 76 8 27 99 79 125 22 52 70 45 72 81 103 75 94 66 37 5 118 24 0 60 64 41 100 104 39 56 97 47 85 62 26 84 36 13 87 114 109 11 123 33 31 65 96 34 63 111 19 120 16 74 71 61 20 102 121 3 126 29 105 38 12 9 17 122 112 48 55 14 89 59 42 46 2
92 83 118 56 22 7 13 50 47 126 32 41 62 80 77 46 29 97 31 112 42 54 33 84 11 104 18 43 57 26 110 86 82 52 40 123 6 81 63 38 78 119 91 89 99 72 111 93 115 75 68 65 101 24 95 25 3 105 88 102 20 60 114 45 96 107 14 71 87 120 117 124 113 76 103 9 98 90 100 0 74 27 125 16 55 19 64 37 67 66 121 34 36 30 61 44 122 116 35 49 5 94 2 17 58 28 79 109 39 53 70 15 1 21 10 23 8 106 69 12 73 59 51 85 108 48 4
43 75 121 63 31 42 126 28 102 89 52 65 79 81 0 106 70 26 99 95 12 24 15 78 59 93 112 110 5 44 68 20 72 23 54 66 71 21 125 17 101 16 104 40 33 123 45 100 97 34 91 38 118 116 96 37 124 49 2 41 107 30 39 14 109 10 87 13 108 8 46 73 57 32 1 58 3 27 50 61 29 120 47 11 56 22 69 7 111 77 53 98 113 35 117 76 122 92 86 83 115 103 105 51 88 55 74 6 119 9 114 25 36 60 4 82 94 62 80 48 67 90 19 84 64 18 85
39 68 104 62 52 69 72 22 61 10 9 109 41 12 40 115 106 60 64 14 86 37 91 65 2 90 28 96 17 29 50 20 27 74 63 7 15 4 110 121 88 34 36 103 19 71 120 46 116 75 101 126 45 85 83 49 0 5 114 55 77 3 54 31 47 118 87 24 58 30 124 13 25 108 81 95 53 8 38 98 48 57 44 112 80 6 70 123 107 51 66 111 84 93 21 16 119 122 79 33 18 56 105 113 67 42 1 43 97 78 82 11 92 23 99 59 100 125 94 102 76 117 73 35 26 89 32
64 72 54 124 77 104 115 81 49 24 8 9 39 34 110 97 60 91 33 88 86 71 119 2 108 31 19 5 102 68 21 51 38 94 50 44 63 6 57 98 55 67 75 120 56 36 47 82 123 61 65 13 100 66 46 103 79 41 109 118 20 69 101 89 15 12 17 114 84 10 122 99 93 105 26 80 25 95 83 27 23 92 48 74 7 112 107 29 30 116 58 125 126 45 121 14 52 4 11 35 3 117 53 37 96 113 78 18 62 40 106 22 85 70 42 76 0 73 43 1 111 32 28 59 16 87 90
11 13 91 90 103 104 99 59 105 15 49 20 94 7 27 98 72 1 68 51 101 44 48 110 93 113 62 37 123 89 21 64 115 22 41 3 55 18 6 70 60 19 121 82 92 26 66 40 108 10 81 118 122 79 0 63 36 111 125 95 24 78 45 85 28 73 39 12 97 88 67 124 100 32 14 57 65 46 4 107 116 114 117 33 23 9 47 38 126 16 35 84 102 29 34 106 76 17 87 5 74 53 2 119 25 83 58 8 42 112 96 31 77 50 75 69 86 71 54 120 56 61 80 109 43 30 52
65 126 63 72 86 40 84 111 56 91 85 103 119 68 60 7 92 123 113 95 28 9 76 2 11 118 49 100 51 45 108 43 29 79 88 78 26 80 21 41 25 30 52 3 98 69 87 59 109 83 50 66 0 22 120 77 10 101 105 93 81 38 47 12 33 16 36 70 32 125 1 39 97 75 102 13 4 14 42 27 8 90 31 122 57 124 61 15 114 35 5 64 46 117 54 19 48 20 67 6 37 24 73 115 99 82 110 17 62 44 94 34 58 96 106 53 71 55 23 116 107 121 89 104 112 74 18
1 118 15 78 19 105 13 52 29 99 38 42 18 25 45 69 44 5 48 71 98 14 76 103 34 100 119 125 51 24 16 75 40 54 43 93 117 65 95 53 60 49 11 46 90 113 79 4 27 73 58 107 61 30 31 120 70 111 64 88 124 91 33 110 0 12 72 20 123 35 9 81 92 116 115 3 57 87 8 108 47 114 112 94 21 23 6 77 10 59 89 36 68 84 62 67 96 101 74 50 126 122 39 37 97 83 66 56 41 7 17 28 80 104 109 102 26 32 2 22 55 85 121 82 106 63 86
2 45 58 88 61 40 28 22 103 24 63 82 112 96 62 114 108 31 64 12 9 105 121 16 17 116 42 57 119 39 72 115 123 86 32 93 122 124 118 100 94 49 69 56 65 92 76 14 0 18 29 74 84 111 91 77 33 25 85 6 10 71 80 117 110 13 52 20 113 3 19 73 36 125 89 99 51 109 90 67 106 41 46 97 48 35 27 107 87 59 78 11 1 66 55 98 50 5 83 38 53 44 23 43 126 37 4 26 30 47 81 75 68 34 95 7 120 104 101 15 21 102 60 79 54 70 8
13 36 38 67 93 32 73 74 22 95 111 124 45 37 121 85 18 26 76 27 56 48 80 91 84 2 79 66 25 113 60 117 70 100 120 126 123 47 16 43 109 65 125 15 103 102 96 77 97 40 68 122 10 107 44 33 82 101 7 81 17 42 21 119 24 4 59 115 51 14 23 110 9 20 30 114 50 39 8 83 112 75 28 31 54 104 11 29 5 105 99 62 35 53 49 63 0 88 90 57 6 58 118 46 1 61 98 94 3 12 69 89 55 92 52 71 106 19 116 87 64 34 78 72 41 86 108
14 113 83 93 52 112 99 110 13 29 56 30 46 6 61 64 76 66 11 55 65 91 84 87 0 53 68 62 122 40 38 79 90 34 67 72 44 19 42 2 10 24 111 28 120 92 41 32 18 96 5 39 50 71 70 31 109 60 115 27 80 26 74 43 25 63 3 4 51 73 45 33 119 85 100 22 123 104 125 82 108 95 69 116 106 118 75 9 1 47 114 59 48 97 117 126 37 17 16 81 54 36 12 103 58 98 15 8 35 78 102 49 121 124 23 107 88 21 89 77 105 7 86 94 57 101 20
62 53 104 56 14 109 22 47 124 29 16 100 88 95 69 98 85 40 91 114 41 71 96 108 33 68 58 106 80 2 49 110 51 70 36 28 120 63 17 77 11 61 119 101 76 117 99 25 26 112 52 67 113 92 6 12 10 121 44 7 32 35 8 126 18 45 54 46 72 3 66 42 83 5 55 37 74 50 60 73 123 118 4 23 38 107 0 19 111 103 34 13 84 116 94 20 27 87 89 115 125 75 15 93 122 57 86 59 9 43 105 82 90 64 24 97 65 48 79 1 81 30 39 78 21 31 102
103 77 30 21 72 125 69 101 2 53 26 108 80 31 123 65 25 32 18 50 126 15 87 105 83 56 3 38 102 121 58 100 96 92 29 66 71 67 79 117 20 40 13 62 49 8 94 11 6 0 59 16 37 22 124 82 14 70 64 76 9 120 113 35 51 104 91 114 78 4 54 73 52 99 63 116 39 27 115 33 110 74 24 118 122 61 88 45 89 36 44 111 28 60 47 1 68 12 34 48 41 42 55 107 5 97 98 46 119 23 19 81 84 75 112 93 86 90 106 85 10 17 43 7 95 109 57
110 99 15 48 87 29 80 123 32 4 126 102 43 118 58 17 44 92 76 45 125 84 56 12 6 64 82 88 81 3 96 109 74 89 97 38 46 13 104 65 113 94 23 51 18 59 83 103 107 41 108 72 63 124 70 67 28 91 25 95 85 10 2 60 39 119 115 20 114 57 49 27 30 90 37 35 8 73 77 116 122 79 105 0 66 9 62 93 50 11 31 24 14 55 33 36 16 34 21 111 7 106 98 5 86 68 22 54 112 69 75 78 53 101 26 1 42 52 117 121 47 40 71 100 19 61 120
74 64 111 42 92 110 55 0 58 109 59 8 23 107 4 54 48 76 119 69 1 24 13 56 39 37 124 94 16 46 40 6 65 31 17 34 14 32 100 121 67 12 36 99 104 84 91 15 70 28 114 44 120 75 96 90 72 106 62 105 29 126 61 115 60 10 53 102 2 77 19 98 18 79 118 11 97 7 3 52 47 41 38 21 27 20 81 45 49 78 26 103 87 5 95 50 85 93 117 73 63 89 113 83 123 25 22 9 66 51 82 35 125 43 88 71 80 68 86 122 108 30 57 116 101 33 112
35 67 126 26 125 6 69 55 25 2 118 79 110 12 45 71 84 72 96 109 48 74 123 107 44 124 23 18 42 98 112 50 10 102 62 8 28 41 49 103 78 108 89 15 80 99 116 43 32 37 101 7 105 90 73 4 47 113 5 114 27 75 94 58 81 31 122 34 85 117 21 121 65 63 40 70 24 30 1 68 29 17 88 86 76 20 64 53 46 16 33 120 66 11 83 115 36 104 38 91 61 111 54 92 106 59 52 51 9 13 14 0 19 97 95 87 60 39 57 77 119 3 22 100 56 82 93
20 73 5 52 67 31 124 45 101 48 26 61 98 7 100 12 28 87 22 9 75 23 59 81 63 93 38 88 62 29 115 120 123 17 121 77 0 15 57 6 89 110 117 11 118 8 92 71 64 19 51 34 97 33 14 74 112 99 113 49 42 79 84 47 2 76 50 119 94 105 44 27 106 65 10 126 24 32 122 53 90 16 21 78 104 80 114 35 40 108 86 25 125 58 111 102 103 82 1 36 116 43 96 69 39 56 54 83 55 18 37 72 70 66 91 4 3 60 46 107 68 30 13 109 95 41 85
53 16 55 109 86 34 21 95 125 45 22 116 124 103 38 66 62 90 51 44 32 76 19 47 0 61 59 27 106 1 110 99 42 100 4 15 91 35 8 75 77 6 71 57 17 122 68 20 118 50 49 85 39 9 11 111 115 119 93 5 54 60 31 83 24 101 48 2 13 121 97 82 7 87 40 70 72 3 94 73 126 108 14 63 120 52 30 102 117 64 81 112 26 23 37 43 18 67 84 29 96 12 28 114 80 105 113 69 41 78 98 123 74 89 88 25 79 65 58 36 33 46 92 107 56 104 10
94 50 69 32 63 86 116 12 67 90 45 6 87 54 80 49 26 122 56 77 25 34 74 88 120 70 13 28 58 114 61 78 110 125 111 117 15 85 24 65 101 17 118 0 20 14 43 83 62 53 106 98 115 2 76 91 81 22 112 109 48 3 5 60 123 29 64 68 79 36 96 95 46 119 113 10 4 57 121 41 108 11 1 44 97 9 105 33 52 35 27 39 42 75 55 126 47 31 71 100 66 40 93 89 92 38 23 19 16 107 82 59 51 7 18 99 30 21 72 37 102 104 84 103 124 8 73
22 96 65 109 69 72 52 24 7 47 125 102 75 34 26 45 10 29 41 14 60 94 103 114 55 46 0 51 78 30 92 19 48 59 6 119 68 107 38 25 37 110 44 90 71 113 67 58 88 82 3 104 106 91 116 36 33 39 105 28 89 54 79 77 5 16 50 85 118 1 42 8 124 49 20 62 86 80 99 111 126 81 12 18 32 63 23 61 31 43 9 2 120 11 115 17 57 74 95 112 70 123 64 21 121 108 35 117 13 56 98 40 53 73 4 122 83 97 15 93 100 84 27 87 66 101 76
