57 42 43 30 88 76 110 10 40 11 89 95 119 96 50 72 32 109 126 77 79 22 0 122 27 52 85 33 35 15 21 2 60 120 107 73 124 5 8 116 102 53 70 81 92 69 74 84 47 90 56 87 31 19 46 111 68 61 4 98 23 125 7 16 51 82 20 45 34 59 48 78 9 54 1 39 14 104 123 115 117 114 101 63 38 41 26 58 24 106 66 91 83 108 37 112 36 93 97 12 94 100 113 25 62 49 105 118 65 55 75 99 86 64 121 80 17 28 13 29 67 103 6 44 71 18 3
38 92 103 122 66 67 101 102 29 54 123 56 91 86 104 117 34 109 31 58 13 124 62 45 68 73 26 21 28 22 69 74 49 90 99 72 107 47 16 9 81 27 32 6 78 61 89 116 30 4 118 105 8 24 53 111 60 94 100 75 125 12 3 110 7 35 10 51 88 79 106 95 80 52 87 18 121 119 19 43 113 41 50 115 63 20 126 112 120 76 1 25 93 64 36 40 39 23 77 108 14 55 46 85 33 114 82 84 70 98 5 96 15 11 44 57 59 83 17 37 42 48 71 0 65 2 97
119 62 17 96 25 46 48 54 113 66 121 75 58 51 52 99 1 81 103 122 6 97 4 20 8 102 34 47 117 23 14 77 63 111 120 36 18 29 38 28 84 50 31 72 112 12 126 59 123 16 61 3 110 70 69 45 13 7 56 118 87 68 80 104 15 107 71 101 79 42 74 89 10 98 27 40 33 19 49 60 114 67 64 21 88 108 22 57 37 95 82 125 32 41 43 116 35 109 78 55 85 91 11 0 65 105 30 44 5 73 39 94 83 53 106 90 92 86 93 2 115 100 124 26 24 76 9
95 26 92 6 79 109 102 123 55 53 14 59 28 35 25 77 106 94 4 24 111 65 60 117 61 84 100 63 71 62 82 76 34 11 51 21 101 68 99 43 44 17 119 116 49 50 38 64 15 97 93 90 115 36 3 5 103 29 125 57 73 107 126 118 72 16 10 104 58 80 74 83 98 46 86 91 114 70 1 33 85 112 39 18 88 105 27 75 69 66 124 96 13 78 23 110 54 0 122 48 31 45 89 47 7 22 108 9 41 56 81 87 20 37 113 8 42 40 67 120 2 32 30 121 12 19 52
96 73 85 13 122 25 47 57 118 105 101 14 56 63 95 11 28 59 83 17 116 9 51 67 10 31 125 98 71 124 35 109 86 3 46 87 114 4 103 24 27 80 48 79 2 111 18 69 102 100 50 64 29 12 55 74 121 45 112 62 8 78 26 76 110 36 107 117 113 75 106 120 93 1 53 5 20 44 82 91 108 94 54 6 39 123 99 49 33 30 81 52 84 104 22 19 68 61 90 43 88 38 119 7 60 0 16 97 92 115 34 66 40 89 77 23 15 65 58 41 70 126 32 37 72 21 42
60 11 69 43 88 47 70 89 59 34 40 15 114 52 12 16 2 80 25 66 36 30 124 45 108 113 122 125 95 29 74 123 35 119 102 7 9 38 55 4 84 61 117 115 105 64 111 96 63 78 97 28 75 51 56 98 23 46 87 110 68 112 10 20 33 81 93 19 14 53 77 103 118 26 0 101 50 24 79 107 49 86 18 120 126 32 5 1 54 91 58 82 94 8 109 76 62 21 22 48 6 13 67 85 41 99 106 39 65 57 31 3 100 92 116 27 90 17 37 104 72 83 121 44 42 73 71
50 88 27 78 107 118 72 6 98 46 75 41 32 74 123 63 70 108 105 9 89 24 39 59 66 73 126 102 71 47 25 125 96 55 17 28 82 36 90 93 0 97 23 45 8 15 16 120 29 33 19 110 109 65 76 80 111 81 42 18 57 4 56 31 95 117 1 87 121 53 119 14 61 10 30 94 52 115 37 106 114 3 5 35 86 7 49 79 124 20 44 100 112 54 62 60 85 84 91 12 77 40 67 13 64 83 58 51 101 43 103 99 48 2 68 26 122 69 11 113 116 22 34 21 104 38 92
83 47 53 113 26 46 72 91 52 93 2 105 67 86 126 31 13 111 64 59 4 1 125 122 10 90 65 85 50 6 71 44 73 18 41 36 123 61 11 70 96 107 81 16 29 9 24 89 28 8 40 30 74 77 82 54 42 20 68 97 80 121 37 76 56 98 118 108 69 117 23 45 99 55 103 102 35 51 84 12 120 49 21 66 57 19 43 114 39 106 0 94 124 14 79 87 33 15 32 115 25 63 109 119 27 38 22 34 5 116 88 58 7 101 48 95 112 104 92 17 60 62 78 3 100 110 75
107 43 97 77 50 113 37 11 30 20 75 10 57 62 105 5 84 108 86 59 98 88 1 18 41 123 33 89 73 22 44 79 111 54 95 26 82 53 48 114 122 125 99 0 106 52 96 72 90 47 6 3 93 60 110 81 8 119 115 101 64 13 109 49 66 85 63 103 27 100 76 71 117 69 42 21 67 92 56 31 70 61 17 94 83 19 36 38 78 51 25 91 58 120 4 28 32 112 29 12 102 46 7 9 121 68 116 40 74 118 35 65 2 23 34 14 80 39 104 87 55 16 126 15 24 45 124
55 21 31 63 19 103 26 92 13 68 84 112 110 70 43 65 115 106 93 16 114 123 91 44 86 126 82 50 74 107 27 12 88 62 125 37 109 54 80 39 45 58 40 7 116 11 24 23 78 81 30 90 118 76 113 95 66 96 89 32 42 72 29 121 14 49 20 108 18 17 111 124 69 8 71 36 98 53 101 87 47 35 22 3 77 28 102 75 38 85 1 9 48 117 6 119 15 34 0 104 59 51 10 2 99 73 60 46 33 67 100 105 25 97 120 52 41 61 83 94 64 56 79 5 122 57 4
21 11 126 67 20 14 88 13 3 24 114 51 66 75 91 104 111 12 44 76 97 57 107 9 0 70 80 47 74 8 83 2 49 122 105 78 7 19 63 25 62 59 92 61 34 27 119 22 48 53 35 125 113 82 69 64 87 23 60 84 90 32 29 15 40 79 45 103 101 42 54 52 38 115 85 109 46 18 86 31 96 116 65 106 73 118 93 100 5 89 55 77 17 110 56 16 94 117 71 68 121 72 108 99 36 81 4 123 41 95 50 112 102 6 26 43 28 33 124 58 37 1 30 39 10 120 98
26 71 52 85 44 87 102 12 89 120 45 46 99 82 5 28 16 126 96 77 19 91 32 104 30 64 73 83 9 7 66 124 117 81 125 61 109 50 98 95 119 59 88 22 21 29 48 11 62 4 75 1 40 72 8 51 122 53 17 103 18 97 92 63 107 43 38 84 86 111 69 118 54 10 47 65 105 57 3 76 60 35 39 23 37 121 94 25 114 31 116 34 27 112 100 58 6 56 20 55 78 67 115 49 13 74 93 106 24 79 90 70 14 110 15 36 42 108 68 41 2 123 0 80 33 113 101
46 100 16 74 28 18 64 0 68 58 69 90 70 79 50 106 49 122 39 9 82 21 114 96 2 45 14 12 47 99 93 101 11 27 87 81 72 111 102 116 42 56 78 104 26 63 34 124 117 91 48 55 61 10 41 110 118 123 20 115 13 23 119 62 75 8 88 86 35 59 6 1 57 112 15 67 85 17 84 97 36 77 107 37 92 73 54 94 89 52 40 44 33 83 65 22 103 109 53 80 25 43 51 121 31 95 7 76 71 5 105 66 120 3 4 125 24 108 29 113 30 60 38 32 126 19 98
104 19 113 100 35 49 97 98 90 115 65 57 48 108 82 54 99 17 30 93 28 66 81 107 89 20 9 31 86 33 3 126 67 84 64 22 0 74 83 52 21 23 117 27 77 80 75 76 12 16 96 46 60 88 32 118 73 47 111 8 6 4 92 13 116 112 50 5 87 71 91 40 15 70 42 61 69 122 24 56 59 85 53 120 43 124 123 106 95 1 79 103 125 26 94 41 7 121 109 11 18 119 45 44 68 34 101 72 78 55 29 58 14 62 114 39 110 102 10 2 36 37 51 63 105 25 38
124 30 112 86 126 54 106 47 25 83 119 21 101 31 62 109 63 99 32 59 74 79 33 121 98 18 3 51 50 61 87 57 89 13 113 123 43 46 19 1 72 93 77 40 9 42 88 15 26 27 6 125 64 56 80 71 11 92 108 4 107 12 0 22 8 34 118 29 103 55 122 20 45 100 52 17 68 14 73 38 65 91 67 16 37 41 36 97 111 7 35 85 75 60 28 90 5 10 23 84 49 66 104 2 120 58 116 44 53 24 69 117 39 70 114 102 48 82 78 95 94 105 96 110 81 76 115
107 37 100 38 18 4 87 19 54 112 102 93 67 34 113 7 110 86 104 55 75 74 2 91 28 77 45 41 60 71 9 23 63 27 65 120 49 30 29 89 76 46 124 61 33 82 48 92 69 125 13 121 80 14 64 62 11 85 70 31 43 51 117 32 52 83 78 1 44 17 79 98 119 118 126 24 99 50 22 111 39 36 12 96 68 115 21 57 47 6 72 56 105 26 16 8 3 97 103 109 84 53 5 116 42 20 88 101 81 108 122 15 123 58 25 66 73 0 94 35 10 59 90 40 95 106 114
85 46 3 123 66 12 8 119 111 80 104 1 78 28 27 113 91 77 23 112 73 57 6 72 98 94 16 68 19 21 69 121 64 35 55 93 102 88 103 40 30 38 5 53 120 7 90 58 83 110 31 82 20 125 11 62 13 63 14 22 61 33 47 48 34 116 0 51 29 15 49 60 74 56 122 45 79 18 67 96 2 109 92 44 97 25 41 43 71 107 36 124 10 9 39 42 114 99 54 126 115 106 117 87 26 86 32 4 89 76 17 37 108 95 81 24 52 101 65 70 100 84 105 50 59 118 75
102 104 32 31 81 62 76 126 15 106 33 40 6 60 88 63 116 109 95 96 54 41 68 30 16 78 38 71 69 87 36 74 44 90 99 7 57 25 84 3 19 8 55 22 65 50 49 35 125 27 14 17 113 64 11 86 0 43 121 42 108 103 9 97 80 51 66 112 10 93 34 118 123 107 100 98 13 72 52 39 124 37 4 83 48 111 26 67 56 61 23 5 94 119 85 110 75 53 2 21 91 45 12 114 101 117 20 122 59 29 79 92 115 73 70 1 120 18 28 58 77 105 24 46 89 47 82
59 32 117 84 55 126 91 70 68 95 124 90 25 34 23 4 8 119 54 104 40 93 12 20 101 118 17 66 42 63 86 71 121 69 87 125 39 22 9 6 123 79 76 1 10 53 78 112 19 7 114 21 48 36 31 111 29 14 3 73 41 52 11 74 18 88 98 13 49 35 75 28 57 122 94 109 16 45 116 5 33 106 103 50 65 102 2 15 100 64 46 110 27 67 105 24 61 113 97 26 120 44 99 37 81 89 38 108 82 60 51 92 62 85 43 72 96 58 83 80 115 56 30 0 47 77 107
69 11 61 52 96 25 119 71 64 17 30 81 65 23 48 13 76 114 86 26 50 106 31 118 8 122 123 80 41 120 27 124 74 21 43 82 117 20 90 94 58 63 98 101 49 88 44 32 62 10 47 91 79 55 115 83 97 113 93 73 2 45 14 16 51 57 12 37 125 5 28 54 15 126 39 42 36 6 121 75 107 46 59 87 100 103 67 95 70 19 89 56 38 40 22 110 68 92 85 53 77 24 18 4 111 66 33 112 99 1 116 102 104 7 35 109 105 72 60 29 3 9 84 0 34 78 108
104 120 2 46 87 28 24 107 44 118 29 49 59 70 38 95 109 64 115 5 37 0 10 117 65 1 91 66 7 80 112 102 39 74 16 81 23 97 79 27 4 68 14 51 53 100 22 42 13 124 55 72 69 58 105 8 82 78 101 63 48 116 73 76 6 75 21 43 17 52 18 61 103 110 41 86 123 15 113 99 33 98 96 71 47 19 56 122 114 88 83 85 40 26 60 30 50 94 106 62 119 125 108 121 92 90 20 3 32 25 54 36 89 67 35 11 9 84 77 93 34 12 57 111 31 45 126
72 34 32 43 107 35 94 78 114 58 31 79 2 17 15 45 66 89 115 81 41 40 38 122 86 84 69 10 121 28 18 90 3 44 8 6 63 50 29 93 46 4 39 116 57 112 14 13 26 74 23 106 67 100 60 12 103 96 88 80 11 54 51 33 36 125 71 30 75 119 53 70 64 85 20 111 37 77 16 7 126 48 104 113 47 105 55 19 118 42 101 56 52 99 124 102 27 97 73 22 76 62 65 91 83 123 24 117 95 61 110 25 5 0 59 92 109 21 98 108 120 82 1 49 68 87 9
48 83 100 114 121 20 123 14 2 72 65 16 62 78 109 40 10 22 94 89 91 74 120 112 115 64 1 43 67 30 50 59 116 36 84 0 99 86 118 53 33 90 82 103 66 73 27 77 56 111 106 101 104 39 24 52 95 57 19 15 61 124 110 97 41 70 75 34 44 21 107 88 69 45 25 47 37 12 6 113 29 49 11 63 31 119 17 125 3 80 71 108 96 81 35 93 26 8 92 58 28 79 68 18 32 5 38 13 54 98 76 126 42 60 4 122 55 23 46 87 102 105 7 117 85 51 9
43 0 94 97 8 120 59 7 87 105 19 102 39 30 45 79 11 58 63 37 13 91 22 74 107 83 64 125 44 62 95 54 49 20 103 41 77 32 38 1 111 119 81 2 27 16 26 76 82 72 12 4 14 60 25 42 52 73 121 18 117 36 21 124 109 28 34 115 75 88 96 113 10 55 66 53 61 116 112 15 56 17 69 86 100 106 92 122 68 70 51 6 89 35 24 118 46 65 104 123 5 23 114 98 47 67 33 57 31 29 71 78 40 85 90 93 101 84 108 80 110 50 99 9 126 3 48
55 43 15 79 112 92 47 8 27 3 76 31 36 95 86 109 77 65 81 113 66 16 110 69 100 38 19 97 117 58 98 28 111 87 72 88 82 63 90 74 85 17 12 119 44 94 46 2 120 126 23 57 71 121 89 5 91 68 39 0 52 107 9 75 11 48 34 101 67 83 26 104 49 124 60 1 56 114 99 61 80 108 41 125 35 6 53 22 20 51 21 4 122 30 103 24 96 118 32 115 40 123 10 42 93 62 102 33 13 29 106 73 105 64 116 84 14 70 54 59 25 78 45 37 18 7 50
94 125 120 104 22 107 126 4 41 61 33 72 1 108 11 53 34 12 79 93 99 0 82 30 117 124 46 31 23 100 116 42 122 86 63 67 70 106 36 55 90 57 76 74 24 110 2 65 29 85 88 123 32 47 78 40 115 51 45 64 121 37 119 20 83 112 48 39 54 6 16 17 13 71 109 44 15 111 50 26 14 92 96 77 95 8 80 19 113 118 87 21 25 102 75 73 28 10 49 91 89 114 98 103 81 105 18 3 35 101 97 60 58 68 84 38 5 52 66 69 9 62 27 59 56 7 43
47 114 66 52 19 101 73 20 95 5 97 37 11 34 17 56 41 110 119 49 79 71 80 0 121 62 26 81 36 12 125 38 108 77 72 58 102 67 9 93 68 1 39 4 27 22 120 90 60 109 99 35 63 16 32 15 91 98 2 107 42 100 33 104 48 50 111 112 116 10 86 57 24 55 76 85 25 6 28 82 44 30 115 65 46 45 70 84 122 14 83 8 88 69 113 51 53 29 124 31 126 87 123 118 40 43 59 61 117 3 7 105 96 92 78 54 23 64 106 74 75 89 18 21 103 13 94
12 25 70 37 84 91 111 125 19 8 66 85 22 48 36 90 117 118 76 96 75 92 52 11 102 114 26 69 60 54 101 40 81 121 64 100 87 74 110 57 126 73 104 71 38 82 45 9 5 46 47 23 95 88 86 123 7 6 94 116 3 83 72 56 112 55 14 29 35 106 115 13 93 107 30 103 124 4 24 108 31 79 49 42 59 2 53 32 50 18 62 97 44 89 99 109 51 68 41 113 77 98 39 10 61 63 105 15 16 28 0 67 1 65 34 33 119 17 122 21 120 20 58 27 43 80 78
61 87 10 15 16 4 39 110 116 126 54 102 111 117 98 45 13 20 97 60 5 104 88 79 37 48 35 29 42 58 77 44 23 62 119 3 114 64 78 17 66 115 72 105 6 7 2 93 67 63 95 50 47 55 81 103 80 34 96 108 59 8 90 11 52 33 92 28 71 24 122 94 120 118 101 21 49 100 9 12 30 51 57 27 121 41 65 74 83 69 75 31 86 32 38 25 113 125 40 1 91 73 123 22 76 68 109 112 53 89 43 18 0 99 26 19 56 70 36 84 82 85 124 46 14 106 107
107 101 99 114 59 123 31 51 111 21 115 7 109 63 30 68 49 46 92 70 113 126 84 91 53 124 4 106 120 89 25 1 104 98 28 15 108 38 77 122 44 71 34 13 3 60 20 19 33 69 41 48 125 9 83 55 27 14 96 116 24 72 93 95 105 119 66 35 62 75 39 0 8 86 56 76 112 73 6 74 121 16 97 12 100 79 52 36 65 40 22 32 23 94 57 5 117 103 45 78 50 10 82 81 43 90 47 118 11 29 64 80 58 87 26 54 110 88 85 67 37 17 2 18 61 102 42
101 93 45 76 122 55 32 17 52 78 66 11 29 48 91 60 54 70 47 87 95 38 83 123 13 117 126 92 108 100 124 94 53 24 42 73 2 89 16 118 114 107 65 67 61 43 20 103 12 113 34 64 125 104 6 1 119 28 39 50 59 80 106 112 77 21 69 9 14 36 111 72 88 23 26 121 41 35 5 25 120 84 105 27 44 63 109 37 86 99 4 33 51 74 81 10 85 110 97 90 18 7 22 0 102 62 3 58 31 116 96 79 68 19 98 46 56 8 49 57 71 82 40 15 115 75 30
78 82 5 121 35 99 119 101 110 111 34 71 19 108 55 45 22 91 107 64 7 118 112 3 68 86 98 15 79 103 66 52 17 30 93 81 8 16 46 105 124 76 90 41 11 89 92 12 70 62 56 72 74 14 85 69 77 58 2 123 23 116 122 61 38 53 106 94 0 120 51 109 54 32 40 65 88 102 84 25 87 63 31 1 113 59 42 48 33 95 67 117 75 43 96 115 80 9 6 73 60 57 50 28 4 21 18 100 83 97 36 104 13 37 114 10 26 47 27 39 24 20 49 125 44 29 126
71 41 62 102 33 65 21 77 2 26 90 14 29 9 91 31 7 63 35 70 87 46 93 15 97 59 110 1 86 11 83 69 56 106 105 8 25 3 100 43 55 103 38 39 5 107 92 17 68 6 58 121 73 32 16 34 80 101 10 47 36 45 50 99 111 116 24 64 118 37 84 57 52 60 40 72 104 23 54 114 12 20 124 22 115 4 51 96 88 27 49 79 112 67 113 95 44 81 18 42 108 82 89 85 30 98 74 75 122 28 66 0 120 61 109 126 123 78 19 13 76 117 119 53 94 48 125
54 81 114 73 111 94 43 89 67 49 11 24 62 60 104 76 118 92 85 23 77 102 107 88 113 17 10 71 80 36 55 4 56 13 39 2 31 108 40 16 109 125 86 14 30 41 12 44 22 101 63 72 112 90 7 5 25 68 120 122 27 97 95 15 0 37 8 83 100 42 53 91 48 79 116 123 98 58 50 124 66 121 59 57 115 87 96 65 21 28 35 51 61 20 1 38 84 74 117 9 19 70 69 46 110 52 33 34 103 99 26 78 93 29 126 47 64 3 82 105 6 32 45 106 18 75 119
73 4 33 74 28 14 98 5 15 68 82 91 124 38 42 61 34 126 44 114 76 105 113 121 84 52 48 46 45 115 60 64 111 49 123 116 0 107 22 16 54 20 71 99 110 19 39 101 58 12 31 41 67 78 26 36 3 92 118 109 85 47 75 89 112 87 69 51 7 29 65 122 6 97 17 37 100 86 27 55 70 53 90 56 63 62 108 9 106 1 81 32 83 88 21 102 80 94 93 35 125 59 117 18 95 66 119 43 13 11 40 120 30 77 79 2 72 10 96 50 8 103 25 23 57 104 24
101 82 54 89 48 64 92 78 19 111 93 50 29 96 2 109 10 57 117 13 15 126 38 39 97 103 17 12 35 67 122 115 6 14 68 40 25 71 53 61 107 1 87 105 124 27 37 91 60 100 5 123 65 108 104 74 120 34 0 47 85 114 4 33 30 90 102 118 113 106 84 23 121 22 66 11 52 46 80 88 18 112 31 8 98 21 116 81 72 20 63 76 3 99 32 24 75 28 59 73 95 51 62 45 44 26 119 77 79 9 41 7 36 55 43 16 94 58 42 69 110 49 125 70 86 56 83
70 22 80 100 112 91 119 41 124 118 15 89 38 73 47 113 12 111 58 44 27 9 34 61 77 76 14 21 83 51 26 97 72 66 49 101 10 110 65 123 64 85 90 43 102 37 3 13 42 7 57 117 39 60 0 45 1 99 62 40 121 6 32 31 24 116 92 20 33 103 29 35 36 96 17 93 78 86 104 19 63 84 11 88 75 46 2 4 48 105 30 125 53 94 87 56 107 8 68 114 98 71 122 82 23 109 95 106 54 69 81 18 52 28 79 55 59 115 126 50 67 108 120 5 16 25 74
64 35 7 122 123 78 71 113 24 107 58 120 73 30 22 4 45 28 17 103 48 68 15 93 13 34 36 57 91 92 47 119 87 39 104 125 10 77 12 20 102 99 80 6 95 81 111 116 69 14 2 49 23 31 32 54 96 11 97 86 108 59 115 83 88 19 46 33 61 18 121 38 43 21 1 105 25 118 40 90 101 65 112 26 114 82 98 29 76 62 79 109 44 27 50 72 51 52 37 85 0 9 84 3 70 41 89 124 74 117 94 16 106 110 126 60 66 55 53 67 8 56 42 75 63 100 5
68 76 18 28 80 90 39 93 62 43 107 123 97 83 13 26 105 78 47 102 25 44 31 124 12 55 89 24 9 115 120 126 41 77 30 87 71 56 10 37 27 91 70 106 21 82 114 95 60 88 51 81 104 110 73 38 15 42 52 6 66 14 125 8 69 2 84 11 75 17 46 100 108 40 61 5 0 36 54 7 111 58 113 32 96 116 50 117 35 59 20 22 86 19 122 49 85 109 72 92 63 4 65 99 3 48 29 118 34 45 101 33 79 53 16 64 112 103 98 57 74 1 121 67 23 94 119
71 2 39 76 66 14 54 78 108 50 118 110 29 57 13 125 52 91 40 107 80 99 24 1 121 103 77 58 111 63 9 11 7 83 35 61 22 38 113 112 49 48 0 94 124 15 92 31 126 82 117 81 34 53 51 65 95 116 30 46 4 123 59 23 98 56 93 62 37 69 42 119 64 109 97 72 105 75 89 70 12 44 6 85 10 115 68 45 8 17 19 16 3 79 32 102 74 120 27 28 25 33 114 20 106 67 100 73 88 60 96 86 55 5 36 87 101 26 90 47 43 21 104 84 122 18 41
36 79 28 15 54 1 84 46 121 8 115 17 26 4 67 113 11 60 50 25 120 102 37 53 51 91 89 19 111 49 43 41 33 6 30 95 58 97 10 125 56 100 62 13 57 119 106 44 85 27 64 126 45 77 34 40 32 73 75 52 110 20 112 39 116 86 38 104 124 3 74 61 2 108 76 69 29 94 42 80 9 81 87 65 21 107 109 105 118 31 78 92 14 99 59 103 12 72 22 5 7 23 88 117 71 18 16 90 35 66 101 96 63 55 123 98 82 48 68 0 83 114 70 122 24 47 93
92 101 19 95 97 49 68 91 109 76 106 73 108 3 75 35 33 88 47 1 36 63 112 103 31 62 28 96 22 21 105 43 126 82 40 98 39 11 121 71 45 2 10 20 110 34 44 99 74 30 116 80 60 69 52 78 123 57 79 115 4 84 38 67 85 113 58 26 81 48 94 56 17 55 32 9 8 51 83 102 114 117 90 59 15 122 24 6 70 37 124 53 25 66 14 119 46 61 120 65 27 7 64 50 12 23 54 107 72 93 100 87 86 111 29 41 16 104 125 42 77 89 0 118 18 13 5
126 73 114 25 12 116 68 104 124 72 108 29 118 78 66 90 19 80 4 71 110 100 107 117 36 33 83 64 109 6 32 67 70 11 62 43 101 81 2 97 18 54 105 49 20 61 55 69 41 121 84 88 93 0 40 113 56 106 98 34 103 22 65 3 92 39 8 44 16 27 115 102 35 9 99 47 95 122 86 125 112 82 5 75 23 58 119 24 96 50 1 37 123 31 89 21 79 52 76 53 48 14 15 13 10 26 94 51 57 45 17 85 42 91 120 77 59 7 60 111 28 63 87 74 38 46 30
113 45 123 42 57 7 26 79 15 11 124 116 0 23 39 14 103 30 34 76 112 27 17 73 110 92 28 84 119 75 31 95 54 38 105 82 53 48 64 35 63 32 122 88 118 1 96 33 93 77 60 20 3 102 91 115 104 6 121 41 66 81 117 74 13 90 97 21 85 126 22 25 106 12 36 52 16 24 69 5 65 100 70 87 59 107 62 47 89 40 71 50 72 4 109 56 44 86 49 94 78 83 111 2 98 51 55 99 19 125 67 43 68 101 18 120 61 108 37 8 80 29 10 58 114 46 9
53 67 32 64 68 78 8 93 123 118 57 21 96 52 54 77 44 105 26 74 3 20 37 85 48 111 90 94 39 46 16 0 1 17 91 116 24 62 88 120 126 13 12 122 72 4 43 55 89 30 36 15 38 18 92 22 58 98 35 79 97 104 49 114 7 61 71 14 10 41 63 40 82 33 29 84 60 110 102 51 5 113 45 87 27 19 25 108 86 103 59 69 75 125 81 34 109 101 112 119 107 23 70 2 73 66 80 42 117 47 9 121 65 6 99 106 83 115 124 100 31 50 28 76 56 11 95
65 3 106 83 0 104 35 64 9 116 81 45 4 11 47 108 78 26 39 10 49 12 121 84 111 13 51 29 55 77 97 36 41 42 32 94 117 14 102 126 5 71 101 74 75 44 58 60 96 1 90 88 48 37 61 18 56 122 92 76 124 28 33 103 57 79 34 22 24 123 115 40 99 105 7 107 67 85 82 125 62 86 25 38 17 113 19 53 15 118 89 98 31 23 30 2 109 50 112 72 120 110 87 69 27 59 119 52 66 8 21 68 6 43 100 70 93 16 80 91 54 73 114 20 46 95 63
27 30 64 92 2 15 11 110 78 19 29 125 31 77 9 61 21 94 3 48 33 51 43 102 99 22 86 76 57 69 23 106 45 104 32 71 107 88 55 6 62 87 120 113 14 54 60 98 53 116 35 84 66 124 47 56 109 0 83 103 17 67 126 95 101 63 81 49 111 85 80 59 46 96 25 65 5 114 8 108 72 117 37 74 118 93 73 24 7 75 40 123 13 119 44 115 89 91 68 4 18 79 41 28 16 10 36 121 58 42 39 90 97 52 105 20 50 34 82 112 100 122 70 38 12 1 26
81 103 63 114 76 53 65 62 45 126 56 38 26 32 66 89 83 123 60 22 115 11 14 104 49 13 39 47 71 59 37 25 52 15 41 75 28 70 108 20 99 36 97 95 84 64 78 50 18 54 94 58 116 111 24 93 102 3 19 122 29 85 44 98 82 80 5 33 35 6 107 86 48 68 31 118 61 10 27 77 34 110 90 109 73 8 74 125 51 113 119 7 43 112 124 9 121 72 67 30 105 4 1 79 40 120 117 88 16 87 91 106 23 46 42 0 21 17 100 92 55 69 101 57 12 2 96
72 92 87 98 120 46 4 7 43 17 74 13 52 100 27 11 28 56 61 88 67 65 63 45 111 124 105 10 38 90 8 19 112 102 110 66 125 70 41 115 24 121 39 82 119 36 55 108 49 118 15 113 117 103 37 59 81 101 84 30 60 51 58 99 40 79 47 50 57 12 23 64 89 62 96 3 95 109 42 77 94 32 2 69 97 33 80 78 91 126 6 122 26 86 35 68 104 0 107 106 9 71 123 14 76 85 93 1 20 53 29 22 25 31 75 21 18 83 114 116 34 73 48 44 54 5 16
115 76 70 118 21 100 28 110 13 65 20 123 113 68 63 81 116 97 38 51 62 94 39 32 79 55 27 14 8 103 107 41 48 87 125 101 7 90 121 84 34 61 3 95 5 59 117 120 67 33 66 108 112 24 93 17 44 58 16 102 6 126 73 60 29 31 109 85 98 54 119 111 46 50 71 124 36 0 9 78 43 56 122 114 40 105 96 22 64 11 12 26 75 104 72 4 23 74 99 1 15 25 69 77 42 88 2 53 83 57 92 91 45 30 82 52 80 18 47 49 35 106 37 89 10 86 19
54 49 16 47 39 114 2 86 100 113 83 34 78 103 70 44 120 36 89 107 105 66 69 3 76 92 104 108 60 62 24 38 125 119 58 20 22 124 98 57 93 73 31 25 26 95 30 10 15 117 48 79 21 116 112 102 23 91 71 126 63 123 81 99 9 5 97 0 43 8 84 18 68 42 106 77 75 80 55 50 64 45 61 59 1 6 115 40 82 28 13 35 94 85 46 41 19 56 53 122 14 118 52 101 65 32 17 37 11 33 67 12 96 88 7 72 109 110 90 111 74 27 4 87 51 121 29
69 99 88 29 97 15 25 5 94 35 72 103 49 37 0 68 117 98 92 65 18 32 51 86 90 84 42 63 57 125 33 13 87 4 38 20 46 43 27 45 123 58 108 119 91 10 113 78 75 7 17 71 120 26 59 39 93 112 14 23 21 19 79 85 16 126 30 6 114 53 81 82 3 111 47 61 110 121 50 77 22 40 115 54 36 73 100 9 55 8 67 83 41 96 122 28 11 116 95 102 2 31 60 1 62 104 52 107 44 74 106 56 34 101 24 89 12 109 70 105 124 64 66 48 118 76 80
1 18 69 97 22 84 96 82 85 90 58 61 4 89 93 106 72 38 103 67 64 13 32 116 81 34 21 28 20 49 75 60 118 36 70 92 87 2 95 123 63 29 54 98 74 121 125 40 23 113 53 71 100 124 79 26 73 19 37 76 91 30 31 65 14 119 59 105 41 8 39 5 109 77 44 0 120 88 62 52 6 86 48 122 110 115 35 78 11 27 51 57 7 102 56 16 126 66 99 33 83 114 104 43 111 12 15 94 117 47 9 17 42 107 10 50 80 25 3 45 24 46 68 55 108 112 101
6 23 80 62 5 37 1 103 84 114 36 73 78 70 44 12 105 117 77 92 106 15 32 100 118 43 86 22 102 3 26 33 40 119 85 123 16 39 18 98 71 54 49 69 42 53 17 122 96 95 93 13 126 0 29 34 121 25 21 68 74 81 2 67 45 104 52 79 90 57 51 35 63 56 94 48 72 76 88 120 19 38 61 66 27 47 110 55 50 9 24 59 58 101 97 109 60 28 31 91 64 89 116 124 7 65 108 107 8 82 11 83 75 125 10 14 113 30 99 115 41 87 46 111 112 4 20
53 44 114 126 73 68 87 109 105 69 84 96 20 89 83 80 101 79 95 107 24 118 99 98 116 63 5 77 108 55 29 102 48 65 97 6 45 37 27 52 60 110 26 119 112 81 2 41 35 123 16 59 9 104 74 94 82 11 54 40 67 117 56 39 47 30 122 15 58 103 43 34 25 12 124 71 18 106 66 38 121 72 90 78 1 17 3 113 76 13 31 22 61 33 70 32 19 50 49 85 7 0 14 86 111 36 8 64 88 51 62 42 10 91 100 120 57 28 46 23 92 75 21 115 93 125 4
116 108 55 75 28 106 47 62 25 0 94 93 7 88 60 14 69 43 120 76 64 65 18 56 63 98 11 68 73 8 12 82 74 110 79 126 53 24 40 117 22 97 67 54 46 109 16 36 89 105 57 35 111 15 31 95 39 26 115 118 29 48 38 101 114 51 30 71 9 44 92 2 121 99 10 84 4 59 90 27 1 96 102 77 37 125 49 52 41 91 81 17 122 104 85 3 83 107 123 21 19 72 80 23 86 34 42 113 66 13 87 100 103 58 70 112 78 45 119 50 33 32 20 124 6 5 61
118 3 64 84 58 116 109 125 6 92 43 37 63 30 110 31 54 94 105 98 36 100 117 126 8 119 111 77 66 115 9 101 90 11 121 47 32 85 13 46 70 65 18 106 42 60 23 73 123 82 19 88 67 21 108 102 29 57 79 40 33 112 68 45 93 87 75 113 16 104 5 124 80 74 39 22 26 24 95 14 15 96 38 49 52 50 99 61 56 53 55 41 103 28 1 114 0 83 71 107 25 17 69 34 44 20 48 97 81 59 7 72 35 86 12 91 2 10 62 78 122 120 76 51 89 4 27
17 57 110 55 60 24 81 114 46 76 121 106 112 19 96 3 98 40 65 23 86 125 71 53 97 38 77 109 51 35 70 39 22 45 10 28 82 5 43 105 21 32 85 126 116 93 66 36 108 117 111 118 20 104 103 63 80 64 120 11 13 25 14 15 59 78 27 58 50 30 79 69 94 47 90 119 92 29 122 37 99 56 61 2 1 31 42 115 26 33 16 44 107 7 123 100 62 49 72 9 95 68 101 73 34 113 8 41 88 48 6 52 67 54 83 84 74 0 102 18 4 87 75 124 12 89 91
12 36 21 101 112 107 86 102 119 95 23 99 1 15 81 38 67 54 48 29 40 94 105 80 37 114 59 125 108 71 7 109 115 100 17 10 74 123 82 0 85 76 11 122 33 28 66 46 73 87 57 63 26 51 75 116 78 60 91 70 83 13 49 30 111 25 89 39 72 47 35 52 6 117 90 31 120 2 16 121 65 62 24 34 124 110 96 50 44 106 8 88 18 45 20 61 5 53 4 32 77 41 58 126 79 69 97 98 103 55 113 92 68 9 43 118 19 93 84 3 22 42 104 27 64 14 56
95 100 21 124 28 56 1 73 82 84 44 117 70 15 89 33 75 25 120 8 27 48 41 99 68 26 7 63 9 88 101 10 76 112 106 107 29 12 35 38 20 66 90 47 19 93 57 36 104 39 85 92 5 94 74 103 69 97 72 3 71 79 55 59 52 80 18 40 4 108 121 22 51 16 81 65 54 45 125 98 114 0 109 77 46 83 6 49 11 58 111 115 102 119 110 60 87 17 24 78 30 50 62 118 31 61 64 37 23 96 105 42 122 43 32 91 113 86 53 13 126 2 34 116 14 67 123
2 126 64 103 7 121 44 24 31 20 51 110 39 38 17 18 26 35 109 63 72 71 36 88 92 83 77 75 56 111 14 112 91 1 48 8 74 108 27 16 94 21 30 10 105 3 12 76 25 116 62 117 54 115 41 5 120 67 22 4 90 70 73 42 97 87 104 49 86 58 6 55 107 79 53 0 81 11 66 84 69 113 89 122 59 99 37 65 68 118 40 15 78 32 47 23 95 19 106 60 100 123 57 46 61 9 43 80 50 98 82 124 13 52 33 45 101 29 102 34 85 28 93 119 125 96 114
23 104 34 97 7 33 17 125 32 59 21 62 65 27 12 78 10 0 117 84 37 100 113 24 2 87 89 26 66 124 85 29 108 102 116 91 123 72 40 15 99 44 14 45 13 73 88 25 75 101 39 41 96 74 80 49 18 51 82 56 90 77 81 38 121 92 114 3 8 76 83 103 106 22 61 67 36 86 93 95 68 57 47 118 71 50 35 63 55 70 6 98 20 30 64 115 1 120 58 4 48 122 28 11 105 9 111 46 69 54 5 126 107 53 42 19 43 109 119 52 16 31 110 60 112 79 94
82 87 91 116 106 111 37 40 109 90 119 52 35 97 20 42 73 81 36 55 57 115 92 86 33 51 63 85 47 72 64 76 62 69 114 103 10 89 67 32 122 120 29 30 104 17 22 79 112 113 125 110 7 58 34 78 75 88 0 43 27 126 48 16 11 66 3 59 49 77 117 54 100 108 38 95 101 9 80 71 6 70 96 99 68 2 23 12 5 44 39 28 74 1 93 98 121 21 46 13 53 24 45 107 94 14 56 19 61 31 124 18 26 118 65 25 41 60 15 8 50 84 105 4 83 123 102
52 84 12 60 78 115 1 99 123 65 53 85 9 46 62 100 117 124 110 21 49 75 44 14 97 88 122 17 37 74 113 35 54 111 55 70 66 86 24 30 18 116 23 126 121 51 38 57 45 103 76 67 114 93 72 102 2 120 81 0 108 25 40 39 105 68 6 95 90 43 96 73 79 26 5 63 28 58 56 20 31 101 42 83 64 94 36 87 109 104 11 92 13 29 89 16 125 77 71 41 80 48 34 112 27 118 50 98 59 82 7 91 3 22 8 10 107 106 32 61 4 19 69 119 15 47 33
71 34 118 39 61 15 103 57 55 108 99 78 65 40 126 73 43 45 89 64 114 26 83 46 122 30 113 101 36 72 75 2 98 106 1 123 91 102 105 20 60 70 92 10 18 8 31 3 85 24 48 4 84 41 7 87 51 54 121 13 53 17 35 29 52 77 86 110 81 109 82 49 44 111 21 22 19 69 37 28 9 88 12 76 80 5 95 93 125 124 68 112 11 23 63 100 25 32 90 97 117 50 66 79 16 115 47 67 33 104 94 42 62 14 38 107 59 74 27 116 96 56 0 6 58 119 120
67 120 125 88 53 115 64 83 61 16 73 26 92 2 49 24 111 57 66 100 93 78 29 0 65 112 18 34 80 101 5 70 33 95 9 13 103 14 36 116 35 3 58 41 90 123 109 47 19 86 44 68 60 40 118 107 50 91 104 102 30 23 42 17 81 59 76 74 106 10 62 110 11 79 114 51 28 121 7 72 4 38 108 43 21 37 6 98 32 126 54 97 55 20 69 1 82 46 87 94 48 89 63 113 84 27 122 39 45 77 124 25 22 75 119 96 117 15 56 52 12 105 85 71 8 31 99
16 62 41 50 9 37 7 104 65 51 121 3 120 93 106 107 71 74 42 70 101 96 79 94 68 18 112 17 117 47 84 22 76 58 2 27 92 55 110 91 72 64 87 29 15 8 126 103 86 31 59 38 61 109 69 81 75 95 20 6 102 25 114 40 49 123 10 54 5 46 100 99 125 82 23 108 26 32 44 67 30 90 56 53 97 4 122 24 35 39 85 14 118 77 73 115 116 63 124 28 98 52 113 48 43 34 19 12 88 60 11 80 45 13 1 111 78 89 105 33 57 36 83 21 0 119 66
109 14 86 20 92 43 124 95 76 121 40 71 35 25 7 59 1 115 78 112 68 50 56 114 5 97 32 70 11 0 72 101 111 37 123 80 60 122 27 102 118 42 110 23 85 12 38 84 108 24 126 48 6 47 88 10 8 41 66 74 61 105 103 120 75 90 52 34 94 31 63 73 3 96 69 58 19 62 39 81 125 45 79 67 104 119 65 29 83 117 87 98 2 9 116 26 77 44 54 36 113 107 30 21 51 99 100 33 57 4 82 53 106 22 46 93 64 18 55 28 91 16 13 17 15 49 89
91 78 67 111 101 63 1 90 106 24 71 85 56 117 92 22 51 40 68 54 70 30 83 48 18 97 93 124 9 94 105 86 0 28 52 98 108 57 99 114 109 46 59 104 77 23 16 53 41 120 72 75 10 115 6 21 29 96 113 5 13 58 25 8 14 35 37 11 80 84 65 44 36 118 55 73 95 31 32 3 103 81 39 20 74 4 121 119 122 26 82 38 60 116 17 50 69 12 61 15 107 125 64 66 102 49 19 87 33 27 43 112 126 7 47 62 79 88 76 34 110 2 100 42 89 45 123
100 70 73 78 53 34 18 10 17 113 102 33 40 12 97 119 79 64 21 82 1 99 39 38 24 124 121 28 77 68 42 69 62 30 80 93 117 61 106 15 36 14 87 76 27 116 31 122 47 109 111 83 41 3 55 118 96 13 95 19 51 66 90 5 35 29 91 114 85 57 46 16 107 32 26 9 126 8 84 115 48 0 4 37 101 59 103 125 23 52 49 94 75 25 43 104 20 58 81 112 11 120 105 108 45 74 2 67 123 65 110 6 44 54 71 89 60 86 56 50 72 7 63 98 92 22 88
28 78 49 88 48 91 34 21 9 32 120 84 107 85 124 27 114 81 57 4 103 23 98 35 62 87 16 45 72 31 8 70 100 2 69 43 102 24 116 55 58 108 61 126 104 36 76 79 89 6 65 122 86 66 68 3 13 106 94 115 63 47 110 14 22 125 44 26 97 42 109 53 112 71 33 17 38 19 39 50 25 60 15 51 105 67 59 10 119 0 52 5 74 92 56 18 77 90 37 46 12 41 20 93 29 80 111 95 101 121 118 30 123 40 75 1 117 11 113 54 7 99 64 73 82 96 83
1 75 27 124 20 126 13 71 48 125 69 97 10 38 106 19 74 47 122 73 80 58 107 37 82 52 108 9 90 98 50 44 7 92 22 112 123 119 24 8 65 100 3 26 77 55 25 23 63 68 32 121 56 86 21 40 111 59 34 109 110 79 64 35 11 46 53 114 29 104 17 2 70 16 33 72 88 15 96 41 102 67 85 62 81 60 93 0 118 43 101 120 12 18 99 115 4 14 84 61 83 36 105 66 116 54 117 91 51 76 28 45 87 103 57 31 5 95 30 89 39 113 6 78 94 49 42
24 121 122 42 50 64 26 49 115 45 32 86 96 44 4 28 30 10 58 117 17 68 40 66 20 2 72 65 0 21 71 80 9 124 74 55 5 52 94 41 6 84 39 119 12 61 76 105 29 90 62 73 91 27 101 16 99 95 81 60 1 108 116 3 111 15 33 104 51 85 125 113 67 31 114 53 48 93 112 11 82 79 47 70 13 56 34 98 118 46 106 100 109 123 78 83 107 120 36 89 63 77 75 35 14 23 57 59 126 102 43 38 22 69 25 19 92 87 97 103 37 18 88 8 7 110 54
114 44 35 119 95 125 92 7 63 82 45 54 29 1 79 24 51 52 108 10 89 43 36 121 32 12 16 53 3 57 0 20 81 11 31 28 46 76 15 83 87 61 122 18 60 102 26 62 68 9 59 110 97 38 78 4 101 74 2 64 33 124 85 113 104 93 86 41 55 30 14 47 88 42 120 5 58 105 73 84 90 107 126 77 112 49 65 23 21 94 22 99 48 69 39 72 19 17 116 50 27 115 80 70 103 117 106 118 71 98 100 6 123 96 91 56 13 67 111 37 40 66 8 75 34 25 109
36 78 6 102 68 74 10 98 44 27 19 2 103 56 52 53 107 73 124 72 91 87 33 57 45 55 104 89 116 88 108 43 113 101 9 93 18 21 14 81 58 61 31 121 86 29 40 118 23 25 38 110 96 94 64 114 115 62 111 1 37 112 46 48 79 65 49 77 16 0 41 32 51 76 90 105 85 66 35 30 8 120 4 106 5 47 82 24 95 69 12 15 28 126 26 99 67 123 125 17 109 119 75 83 11 71 70 50 7 60 59 97 63 54 3 80 34 122 13 100 39 42 20 22 84 117 92
31 113 121 96 35 117 109 124 91 18 104 114 103 3 76 122 53 119 93 123 17 110 102 62 118 88 75 92 48 90 105 100 40 15 16 44 24 10 21 107 9 120 43 6 70 108 5 77 78 101 28 69 74 20 54 42 66 39 51 61 14 41 7 89 57 23 99 56 32 68 126 58 36 116 115 26 8 85 50 2 65 106 47 38 11 125 29 82 13 4 112 46 98 49 63 64 72 83 30 81 1 22 12 97 71 45 84 52 33 25 87 80 0 59 60 73 34 79 37 95 86 55 27 19 67 111 94
82 10 73 97 45 90 24 64 79 89 60 80 106 30 9 38 88 56 105 65 122 52 92 104 51 123 55 17 58 27 125 62 78 68 87 63 118 59 4 103 116 41 107 34 35 75 16 40 109 29 1 102 2 115 124 74 99 71 70 8 54 86 72 101 91 0 84 66 67 19 126 42 21 25 121 7 81 57 117 119 69 22 20 31 85 83 6 111 13 98 112 50 14 12 77 47 61 15 11 49 95 36 96 3 108 113 32 18 5 93 53 33 100 94 120 39 44 23 28 114 48 37 26 43 110 76 46
54 114 117 22 31 100 74 118 112 116 7 35 122 25 121 28 92 76 110 37 109 108 93 32 91 12 10 14 15 87 61 55 19 44 64 27 120 48 40 105 53 47 86 23 79 70 41 66 60 102 98 16 107 72 5 65 80 39 67 97 68 99 46 8 42 115 81 59 82 45 13 52 78 126 94 51 58 96 36 104 124 88 119 69 103 83 63 1 26 9 56 106 34 90 43 33 89 38 11 62 84 24 77 30 50 125 101 29 6 49 73 3 0 17 71 20 111 57 2 95 113 85 4 21 75 18 123
12 103 57 89 56 95 15 63 69 106 49 82 77 80 117 101 75 88 9 74 125 60 113 110 124 41 32 31 115 90 29 6 70 39 2 53 27 126 18 28 78 79 114 54 72 64 13 99 23 43 102 46 93 52 108 10 4 98 36 92 104 62 83 65 22 91 67 0 7 109 81 35 40 37 14 73 105 58 59 19 20 17 26 94 76 96 51 111 84 68 86 30 97 25 48 119 16 1 85 34 55 123 71 50 33 42 107 21 118 120 100 45 11 122 24 116 47 121 66 87 3 38 5 8 112 44 61
43 28 48 15 111 23 74 39 88 19 70 55 25 73 58 60 54 36 56 117 80 65 17 41 115 98 45 24 21 100 1 99 109 94 7 26 92 87 71 13 93 112 85 121 5 27 38 105 31 123 32 4 125 6 47 122 0 90 9 40 69 84 62 116 82 91 18 83 46 67 119 97 64 118 49 11 3 101 53 30 77 16 95 42 44 81 120 96 79 89 103 104 2 20 50 86 10 106 34 37 108 107 124 102 52 8 76 110 35 59 29 75 22 78 68 57 12 14 33 113 114 126 72 51 61 63 66
42 14 105 123 37 41 15 72 5 0 50 57 95 47 73 81 71 74 114 40 63 55 27 122 115 76 104 97 94 22 65 60 117 78 17 9 61 109 52 69 56 53 85 33 79 90 2 75 96 88 102 49 13 20 126 35 100 106 98 1 84 44 54 11 10 111 87 30 23 8 19 31 86 34 119 25 67 120 66 43 68 16 70 3 118 112 6 83 39 91 24 116 64 12 32 46 62 110 45 80 82 124 103 4 92 107 21 51 89 18 28 99 121 101 108 26 58 7 36 48 29 38 59 113 77 93 125
109 24 69 56 73 117 20 51 17 111 9 47 112 86 5 94 75 59 37 42 60 106 89 90 123 96 84 126 21 124 13 45 38 116 107 97 91 121 49 114 58 77 99 12 103 27 98 14 70 65 33 0 82 119 6 36 34 7 66 55 10 115 93 39 57 18 52 79 3 48 81 29 1 120 108 74 11 64 71 68 54 31 63 41 32 19 40 35 88 16 102 28 87 118 110 113 53 100 23 104 25 80 62 85 26 105 50 43 22 78 125 101 122 44 8 92 83 76 4 2 15 67 72 61 30 46 95
28 92 106 31 81 110 4 7 11 34 18 29 118 96 109 80 120 30 25 39 17 75 82 62 87 73 56 8 84 0 91 46 115 94 85 16 19 102 123 6 79 100 38 113 27 125 108 122 12 42 112 104 48 53 35 116 44 40 22 126 88 83 9 105 89 52 78 50 93 49 61 72 13 1 121 63 58 70 77 54 45 37 99 57 95 32 36 69 65 47 67 90 60 98 111 5 64 43 124 15 21 41 26 86 2 101 66 33 10 59 107 68 24 97 76 14 103 23 20 114 117 71 55 74 51 3 119
3 84 8 75 4 125 112 92 34 0 116 65 73 79 101 64 29 6 69 111 60 40 2 97 43 15 106 122 74 96 58 23 36 126 78 32 66 105 7 11 12 86 52 81 63 38 76 94 9 18 51 55 50 39 19 121 90 59 41 124 20 67 85 54 98 49 45 17 118 87 62 117 83 123 37 1 48 95 77 25 53 103 72 113 14 100 89 70 30 56 109 33 93 21 80 61 5 44 31 107 24 120 104 16 35 71 22 102 28 57 68 47 42 91 108 82 26 114 13 88 110 115 27 10 119 99 46
88 109 58 81 71 76 92 115 39 16 12 24 9 22 49 40 99 67 108 31 20 17 95 94 66 11 78 111 13 101 82 34 5 4 44 32 83 69 72 122 43 103 57 30 91 106 90 65 38 80 42 74 116 113 123 8 26 84 54 79 64 60 47 48 29 35 51 114 89 118 87 98 23 97 77 2 86 21 102 1 119 62 33 100 46 28 7 59 70 15 112 73 110 25 63 53 50 117 0 27 124 93 68 96 121 52 125 41 19 3 61 10 107 55 6 120 37 45 105 85 14 104 56 126 36 18 75
66 111 63 9 104 124 11 85 125 99 118 39 112 109 105 42 52 27 60 71 120 31 25 43 65 21 83 114 95 79 98 30 84 92 44 101 15 58 107 50 64 73 96 53 113 17 2 93 67 12 0 94 36 74 41 26 10 89 80 59 32 78 76 5 54 61 117 38 110 14 121 75 77 28 7 22 62 82 13 115 102 3 106 91 8 24 18 46 48 55 100 23 45 123 97 88 1 90 72 103 37 81 68 87 70 51 86 34 126 119 49 16 4 40 20 108 6 47 19 56 69 35 29 116 33 57 122
101 79 94 124 80 99 103 3 90 43 23 62 66 6 15 30 78 71 110 29 47 95 118 85 82 26 84 92 88 65 4 107 75 123 13 38 40 100 83 70 2 64 5 17 39 115 55 117 1 49 74 109 120 56 87 22 104 46 8 72 11 14 7 21 63 121 93 108 25 20 34 36 19 33 68 16 119 51 112 98 116 111 10 73 24 41 31 91 0 52 113 18 61 37 125 76 60 58 35 126 45 54 69 106 28 122 57 105 32 50 86 102 77 12 89 44 42 48 67 27 96 97 81 59 9 114 53
88 35 14 90 70 73 58 61 42 55 52 56 78 82 17 115 86 6 21 60 31 53 112 19 89 26 8 109 67 34 87 105 40 0 43 101 83 113 102 24 20 54 7 5 65 57 41 15 103 93 36 98 84 126 11 30 97 10 104 38 25 44 94 74 47 2 68 64 81 111 76 80 100 49 71 91 12 28 1 124 116 79 119 39 3 59 95 66 118 106 122 77 92 107 96 114 9 69 16 18 121 85 29 45 72 117 13 62 125 75 110 50 51 23 99 33 63 46 22 4 37 123 120 48 32 108 27
40 66 51 7 93 94 111 52 15 50 113 58 82 36 44 84 27 62 19 97 101 65 32 35 89 81 105 30 47 3 11 92 115 102 2 76 39 54 8 21 70 118 123 74 75 57 10 53 56 114 17 95 22 96 4 43 108 18 117 112 45 61 0 86 38 28 48 71 34 73 106 125 126 72 87 103 119 41 26 109 23 37 33 9 67 12 122 91 63 116 25 60 78 16 42 104 1 59 100 107 110 64 6 79 31 83 55 120 68 24 99 121 46 14 29 80 88 13 77 124 85 5 20 90 98 69 49
38 47 17 96 95 51 98 13 89 115 116 77 31 124 110 49 73 8 60 79 108 123 20 1 118 22 6 59 39 41 25 102 23 109 119 48 94 36 76 103 121 0 34 113 120 58 74 44 69 61 90 72 7 82 46 54 65 106 71 5 125 45 114 43 66 104 91 67 87 84 68 112 16 4 50 27 32 80 63 33 21 111 15 56 42 86 81 100 92 29 70 97 64 93 105 99 19 88 40 85 3 122 24 78 26 101 2 83 62 10 107 117 9 55 75 11 30 126 28 14 37 18 57 35 52 53 12
69 82 20 56 73 123 28 78 55 25 34 43 71 92 18 15 110 100 10 119 46 31 7 4 5 29 13 87 26 95 42 75 19 107 116 22 6 112 72 8 66 57 37 51 108 93 38 60 115 24 65 58 122 79 94 68 113 104 30 1 125 62 114 111 50 17 67 16 81 32 40 99 89 35 120 47 101 64 3 61 41 117 9 53 106 49 14 74 21 80 118 39 124 2 83 36 76 63 97 27 33 88 44 77 91 102 90 96 109 84 98 52 11 121 103 48 0 59 85 70 126 12 45 86 54 105 23
8 66 116 28 121 110 6 63 95 22 14 94 99 29 97 114 80 24 17 111 83 69 91 42 89 27 53 119 82 90 76 33 19 120 98 50 117 25 72 96 30 88 43 62 31 56 65 4 37 70 115 46 102 41 40 118 36 81 60 68 87 101 54 32 67 12 9 48 125 79 39 23 122 104 71 126 38 35 2 18 3 0 57 52 107 109 74 13 47 15 77 124 5 7 45 103 100 73 123 11 59 108 16 113 106 78 85 64 86 44 84 51 34 55 1 21 61 75 112 20 58 49 92 105 10 26 93
34 64 22 0 114 17 18 7 121 80 55 86 61 70 25 68 106 45 113 92 118 74 71 102 15 78 105 82 33 46 4 51 42 9 90 8 5 32 119 89 65 26 109 67 87 108 107 2 27 117 20 21 96 13 54 122 52 81 53 12 58 94 43 104 72 69 35 44 36 60 100 49 76 16 47 6 110 29 19 88 41 24 93 97 62 30 125 57 95 66 28 115 84 37 75 126 14 63 50 56 11 31 79 73 39 1 124 112 83 120 98 48 59 99 103 38 91 40 85 116 123 77 10 23 101 111 3
91 44 96 76 33 77 86 90 30 1 27 26 83 45 53 97 71 61 39 82 54 118 93 50 73 7 123 117 60 94 4 57 19 66 14 56 119 6 21 69 0 22 102 48 13 12 40 47 126 20 107 46 78 43 106 103 104 24 62 125 116 72 18 29 74 58 88 110 80 36 67 89 122 121 109 55 16 64 23 15 3 5 65 11 108 32 31 42 114 113 41 75 2 111 81 35 87 37 85 120 10 52 100 112 49 79 92 63 101 99 70 124 28 68 34 115 25 95 9 51 8 84 59 38 98 17 105
94 85 80 31 115 6 25 59 68 13 0 102 99 48 14 39 112 95 11 90 77 119 52 86 50 66 67 125 103 19 101 16 43 51 49 61 30 47 53 8 54 96 122 33 22 58 64 74 91 46 4 27 114 28 3 70 36 76 60 82 56 42 78 9 69 98 57 62 79 107 104 100 2 7 1 5 116 121 108 20 117 40 120 63 21 35 93 83 55 88 81 24 126 109 87 106 111 12 105 41 44 72 89 23 34 97 73 32 71 118 110 18 26 10 29 17 15 38 65 123 84 113 37 45 75 92 124
61 3 62 84 99 44 123 47 80 39 2 98 32 55 58 72 121 31 51 1 66 67 93 110 96 73 56 89 33 113 104 108 46 92 105 18 88 85 69 115 19 94 102 6 126 29 68 40 87 22 14 60 120 50 90 36 106 57 111 41 81 9 27 77 4 35 13 86 23 59 78 26 100 71 122 65 20 54 107 97 118 11 12 117 64 82 52 16 10 79 76 21 75 17 8 112 70 42 95 43 7 48 63 24 101 37 45 124 30 38 83 15 109 34 0 125 53 49 91 116 119 28 25 5 103 74 114
4 95 113 50 56 35 41 81 64 43 112 54 23 82 78 53 103 89 60 52 33 72 73 98 5 28 118 25 75 106 6 80 58 59 123 55 2 102 29 97 19 77 30 121 3 85 8 22 17 119 11 37 31 42 26 88 101 117 1 34 57 27 65 10 107 71 49 21 122 47 36 105 66 16 91 40 90 83 14 69 38 86 114 44 116 100 67 70 48 18 12 51 62 46 9 96 61 108 68 111 115 99 45 120 76 126 109 79 13 20 74 110 7 87 63 125 92 94 0 32 84 39 124 15 93 104 24
114 56 30 51 42 118 24 16 34 11 115 12 88 91 28 92 123 94 19 103 73 97 20 2 100 46 82 124 14 44 80 111 87 83 68 78 27 90 122 121 63 84 102 18 116 81 57 3 96 54 71 101 89 40 5 43 64 35 72 48 41 76 74 17 66 70 106 47 31 69 109 86 117 126 33 45 108 99 1 95 25 29 85 104 26 49 10 59 75 7 38 13 107 21 93 36 67 50 60 62 61 23 120 6 8 52 119 105 98 113 0 125 37 112 79 22 55 110 39 77 58 32 15 9 53 4 65
100 118 25 26 23 121 44 5 7 88 70 64 52 19 43 122 66 24 83 90 60 55 40 31 112 57 9 28 2 81 103 65 22 125 37 96 108 77 21 63 78 6 82 11 12 97 105 86 119 87 69 1 95 114 99 42 102 17 45 62 61 89 51 109 76 73 30 126 47 111 113 110 85 59 116 38 35 58 46 15 54 39 106 16 33 68 18 20 80 104 74 84 71 3 56 32 101 91 10 124 120 107 98 27 72 92 36 75 115 50 4 41 117 29 123 48 93 49 14 67 53 8 34 13 0 94 79
75 29 19 8 110 2 13 12 5 41 103 109 38 69 83 51 32 67 34 50 28 124 95 52 49 55 26 31 64 97 87 18 88 14 40 126 98 60 22 115 24 120 61 17 119 46 73 101 47 106 36 62 35 11 42 68 65 114 91 82 123 100 7 66 116 108 93 117 99 104 57 0 25 58 122 89 86 30 1 77 37 33 113 21 6 85 63 118 125 44 74 48 121 54 107 79 111 15 59 92 10 3 9 70 78 43 81 4 45 72 20 84 53 71 90 39 105 27 23 16 94 102 96 80 112 76 56
