-13 87 -40 44 -75 22 -29 27 -87 -39
-93 -45 73 40 7 -18 72 -53 -52 -70
8 -94 -67 19 86 -31 62 -4 97 -88
81 62 45 57 -76 -93 -88 -4 80 46
91 -27 -2 -29 -99 87 -45 61 -16 -17
24 68 -93 55 1 78 66 7 92 93
-61 3 -49 84 -65 -42 44 -49 6 -2
43 -40 35 -98 45 -92 42 -43 68 0
94 82 -14 -40 -87 7 -16 21 14 -61
83 80 56 -22 -3 3 -31 39 31 -89
92 -79 43 14 55 -41 -12 -59 5 1
60 -40 -57 69 -1 -31 -70 -66 4 6
95 -10 -69 -26 -94 33 62 60 76 -5
73 12 -86 13 83 -65 -2 45 -1 45
-66 72 -13 34 -72 -17 81 45 3 13
-39 99 28 23 29 77 39 -57 0 2
31 -67 69 -29 -88 -65 10 56 -73 69
39 52 68 -35 -57 -2 -18 71 6 -71
90 35 33 6 -21 12 41 -87 46 -55
-89 -64 -80 56 -10 87 75 -75 -72 74
-63 3 -98 -72 94 46 55 -2 30 3
-37 56 20 -84 -8 -71 4 -53 -29 -97
-40 1 -94 82 -57 68 -31 0 -61 54
0 -24 -66 47 99 -6 41 -64 -99 85
27 -71 -42 -12 92 -11 22 93 76 -23
-58 44 89 51 -55 -16 -5 50 57 33
-81 22 92 29 -15 34 89 98 -98 -74
89 -43 -73 -95 -63 -85 97 -55 -6 -86
-85 75 -93 63 -9 -56 -28 72 38 50
34 -67 3 64 -84 -53 65 -89 -38 -27
86 -77 -88 -51 12 -15 -28 58 -63 -36
-17 78 -52 -90 -61 77 -47 -10 -67 -51
44 -82 26 -30 -31 -31 93 43 -22 91
-71 -39 49 -31 -24 -87 92 -98 5 40
83 65 -20 -85 45 -25 53 -77 82 -86
35 82 -91 -37 55 52 -45 11 95 78
-58 -40 69 89 -49 -77 -75 46 -52 -33
51 -28 -90 -29 -65 -19 88 -44 -85 93
-62 -61 27 89 10 3 43 -23 -78 -90
54 -29 90 -68 -38 -34 30 -29 22 -50
30 19 -38 17 23 33 -2 -97 24 -29
-52 -69 27 58 52 -62 -50 -40 -15 60
-18 -23 -25 -77 -4 -48 -60 -91 72 -85
21 -18 -3 -52 -6 -33 63 33 22 15
96 -4 18 -17 40 64 -65 17 37 76
84 56 -73 78 73 -36 -71 76 -88 57
51 51 76 -5 -9 -85 29 91 -11 -92
24 22 73 66 -58 12 -16 -15 -51 96
-19 -84 -78 -67 18 -83 -20 -29 50 -20
-2 53 -97 39 -16 -24 84 44 -16 40
32 96 -9 -12 53 -37 -69 -96 97 -49
78 49 1 41 3 -68 98 19 83 -94
-86 -91 -83 -98 -29 -23 12 -53 -50 16
-62 -53 -84 -17 -8 -70 54 -12 16 -62
38 3 -89 89 -76 -53 52 -57 -20 -95
83 35 -28 -13 21 -92 45 57 -12 29
81 -53 9 -79 -50 48 73 -77 -91 12
4 2 -92 84 -10 65 13 39 31 22
91 -55 -76 81 57 -93 63 -52 38 79
-99 -89 40 -72 32 -95 -91 -44 30 -28
-67 9 -8 -93 11 7 46 50 66 -53
-55 35 78 0 -41 -25 99 51 37 58
-74 -56 17 66 93 -36 1 -55 -42 94
-2 -20 1 56 -33 62 7 -44 -57 -41
89 13 27 21 -82 -72 51 -51 -43 -20
-61 -73 -29 83 63 65 27 29 -88 -22
-24 14 -4 -88 -9 -67 -68 43 65 -25
86 -71 48 -29 96 2 -97 -97 30 74
10 20 -33 96 25 18 22 44 82 34
13 22 77 -70 76 -69 33 -8 49 -80
31 -75 26 4 -66 0 -58 -32 -18 -18
-81 -28 24 -74 -5 19 77 -4 4 14
41 -79 28 12 86 -32 -17 -93 96 0
94 -30 13 53 67 28 66 -94 -48 63
-43 -58 -87 -33 -91 -47 -90 36 -94 -21
-49 2 -76 39 -17 11 -12 -4 15 78
89 69 -70 88 43 -99 -27 63 -63 83
-28 -53 -65 -92 -36 79 -39 26 67 11
59 1 -80 -33 14 62 -34 -93 19 -27
22 -54 8 79 -93 7 -84 33 -49 94
-68 -56 61 0 90 26 -4 -53 33 -77
-16 -21 7 -39 -36 -91 -40 93 -35 -23
-54 74 78 44 69 -33 -88 16 -88 92
-96 42 -15 10 27 -90 -97 -15 70 39
-55 42 -76 -2 75 41 -21 -69 -57 -52
79 -63 -36 -92 -19 -80 -61 32 40 72
-51 3 2 7 51 -41 64 14 -49 -45
-40 50 -35 -90 1 -75 65 68 95 67
-64 71 94 64 37 -27 41 35 -97 74
0 -29 66 84 3 -73 -59 -4 -72 -43
-85 -58 -69 -24 -77 -37 -8 10 -56 -22
68 -79 -7 -58 61 30 -90 -88 -83 51
32 -60 73 66 64 21 -86 -64 34 1
-90 73 -76 59 -76 95 87 -10 -49 54
56 68 96 64 13 16 -16 -22 82 98
-8 -82 85 96 -60 98 -48 71 93 50
72 43 -18 -11 50 36 17 37 28 -57
-43 -98 -7 -35 8 56 43 -24 25 -2
-32 18 61 4 -7 70 -32 -98 -46 35
-50 -86 -98 10 -16 95 12 6 97 -55
