47 -30 -39 -30 60 -30 -89 -30 10 -30
-14 -30 85 -30 -64 -30 35 -30 -35 -30
64 -30 -85 -30 14 -30 -10 -30 89 -30
-60 -30 39 -30 -47 -30 52 -30 -97 -30
2 -30 -22 -30 77 -30 -72 -30 27 -30
-28 -30 71 -30 -78 -30 21 -30 -3 -30
96 -30 -53 -30 46 -30 -41 -30 58 -30
-91 -30 8 -30 -16 -30 83 -30 -66 -30
33 -30 -32 -30 67 -30 -82 -30 17 -30
-7 -30 92 -30 -57 -30 42 -30 -44 -30
55 -30 -94 -30 5 -30 -19 -30 80 -30
-69 -30 30 -30 -25 -30 74 -30 -75 -30
24 -30 0 -30 99 -30 -50 -30 49 -30
-38 -30 61 -30 -88 -30 11 -30 -13 -30
86 -30 -63 -30 36 -30 -36 -30 63 -30
-86 -30 13 -30 -11 -30 88 -30 -61 -30
38 -30 -49 -30 50 -30 -99 -30 0 -30
-24 -30 75 -30 -74 -30 25 -30 -30 -30
69 -30 -80 -30 19 -30 -5 -30 94 -30
-55 -30 44 -30 -43 -30 56 -30 -93 -30
6 -30 -18 -30 81 -30 -68 -30 31 -30
-33 -30 66 -30 -83 -30 16 -30 -8 -30
91 -30 -58 -30 41 -30 -46 -30 53 -30
-96 -30 3 -30 -21 -30 78 -30 -71 -30
28 -30 -27 -30 72 -30 -77 -30 22 -30
-2 -30 97 -30 -52 -30 47 -30 -39 -30
60 -30 -89 -30 10 -30 -14 -30 85 -30
-64 -30 35 -30 -34 -30 65 -30 -84 -30
15 -30 -9 -30 90 -30 -59 -30 40 -30
-46 -30 53 -30 -96 -30 3 -30 -21 -30
78 -30 -71 -30 28 -30 -28 -30 71 -30
-78 -30 21 -30 -3 -30 96 -30 -53 -30
46 -30 -40 -30 59 -30 -90 -30 9 -30
-15 -30 84 -30 -65 -30 34 -30 -31 -30
68 -30 -81 -30 18 -30 -6 -30 93 -30
-56 -30 43 -30 -43 -30 56 -30 -93 -30
6 -30 -18 -30 81 -30 -68 -30 31 -30
-25 -30 74 -30 -75 -30 24 -30 0 -30
99 -30 -50 -30 49 -30 -37 -30 62 -30
-87 -30 12 -30 -12 -30 87 -30 -62 -30
37 -30 -36 -30 63 -30 -86 -30 13 -30
-11 -30 88 -30 -61 -30 38 -30 -48 -30
51 -30 -98 -30 1 -30 -23 -30 76 -30
-73 -30 26 -30 -29 -30 70 -30 -79 -30
20 -30 -4 -30 95 -30 -54 -30 45 -30
-42 -30 57 -30 -92 -30 7 -30 -17 -30
82 -30 -67 -30 32 -30 -32 -30 67 -30
-82 -30 17 -30 -7 -30 92 -30 -57 -30
42 -30 -45 -30 54 -30 -95 -30 4 -30
-20 -30 79 -30 -70 -30 29 -30 -26 -30
73 -30 -76 -30 23 -30 -1 -30 98 -30
-51 -30 48 -30 -39 -30 60 -30 -89 -30
10 -30 -14 -30 85 -30 -64 -30 35 -30
-35 -30 64 -30 -85 -30 14 -30 -10 -30
89 -30 -60 -30 39 -30 -48 -30 51 -30
-98 -30 1 -30 -23 -30 76 -30 -73 -30
26 -30 -29 -30 70 -30 -79 -30 20 -30
-4 -30 95 -30 -54 -30 45 -30 -42 -30
57 -30 -92 -30 7 -30 -17 -30 82 -30
-67 -30 32 -30 -32 -30 67 -30 -82 -30
17 -30 -7 -30 92 -30 -57 -30 42 -30
-45 -30 54 -30 -95 -30 4 -30 -20 -30
79 -30 -70 -30 29 -30 -26 -30 73 -30
-76 -30 23 -30 -1 -30 98 -30 -51 -30
48 -30 -38 -30 61 -30 -88 -30 11 -30
-13 -30 86 -30 -63 -30 36 -30 -37 -30
62 -30 -87 -30 12 -30 -12 -30 87 -30
-62 -30 37 -30 -49 -30 50 -30 -99 -30
0 -30 -24 -30 75 -30 -74 -30 25 -30
-31 -30 68 -30 -81 -30 18 -30 -6 -30
93 -30 -56 -30 43 -30 -43 -30 56 -30
-93 -30 6 -30 -18 -30 81 -30 -68 -30
31 -30 -34 -30 65 -30 -84 -30 15 -30
-9 -30 90 -30 -59 -30 40 -30 -46 -30
53 -30 -96 -30 3 -30 -21 -30 78 -30
-71 -30 28 -30 -28 -30 71 -30 -78 -30
21 -30 -3 -30 96 -30 -53 -30 46 -30
-40 -30 59 -30 -90 -30 9 -30 -15 -30
84 -30 -65 -30 34 -30 -35 -30 64 -30
-85 -30 14 -30 -10 -30 89 -30 -60 -30
39 -30 -47 -30 52 -30 -97 -30 2 -30
-22 -30 77 -30 -72 -30 27 -30 -28 -30
71 -30 -78 -30 21 -30 -3 -30 96 -30
-53 -30 46 -30 -41 -30 58 -30 -91 -30
8 -30 -16 -30 83 -30 -66 -30 33 -30
-31 -30 68 -30 -81 -30 18 -30 -6 -30
93 -30 -56 -30 43 -30 -44 -30 55 -30
-94 -30 5 -30 -19 -30 80 -30 -69 -30
30 -30 -25 -30 74 -30 -75 -30 24 -30
0 -30 99 -30 -50 -30 49 -30 -38 -30
61 -30 -88 -30 11 -30 -13 -30 86 -30
-63 -30 36 -30 -36 -30 63 -30 -86 -30
13 -30 -11 -30 88 -30 -61 -30 38 -30
-49 -30 50 -30 -99 -30 0 -30 -24 -30
75 -30 -74 -30 25 -30 -30 -30 69 -30
-80 -30 19 -30 -5 -30 94 -30 -55 -30
44 -30 -42 -30 57 -30 -92 -30 7 -30
-17 -30 82 -30 -67 -30 32 -30 -33 -30
66 -30 -83 -30 16 -30 -8 -30 91 -30
-58 -30 41 -30 -46 -30 53 -30 -96 -30
