42 18 -42 73 4 17 -14 -80 -28 20
13 -4 -2 -27 -56 -49 97 70 -88 -17
-62 81 93 75 -96 -11 91 -28 -36 -36
-61 -1 -55 96 78 14 -78 79 99 -86
33 -38 86 90 -35 45 -66 15 46 6
18 53 19 44 66 -88 -21 9 20 -26
-21 71 -87 -84 0 73 1 5 -16 -62
-50 -67 2 -6 91 -85 -58 41 -85 -9
34 -31 -13 -14 -35 98 -97 36 69 -44
22 32 -54 -23 9 -17 -6 87 -50 -97
70 6 32 35 18 -18 27 96 -82 -40
-1 50 30 -33 67 -60 -63 -88 14 -94
49 -18 57 51 66 -90 -96 43 22 -1
49 -27 -60 94 86 81 11 -76 -21 -28
-39 -54 7 -74 26 -68 -78 71 45 45
75 82 -94 76 -58 -38 97 79 43 93
-67 40 -54 -55 35 -1 56 21 -73 20
95 -1 75 60 -53 -55 57 -19 12 -62
73 -59 52 12 44 -81 75 -91 2 -47
-45 -17 -34 31 77 12 -3 -19 39 19
-74 -49 18 -73 -87 84 -15 40 37 -50
41 5 -45 -37 -88 82 9 28 54 5
-99 33 -44 -2 46 68 -94 -62 18 0
-26 -31 41 91 -61 -62 -93 15 14 47
-29 -32 -4 -54 -5 72 -62 36 -75 9
0 93 -27 92 -66 78 54 36 87 -75
82 98 -65 -93 -15 24 -64 -4 69 47
13 -33 -51 17 67 62 96 97 -85 -59
3 85 6 88 -51 -33 -61 37 -54 -58
-56 -56 43 21 81 54 55 94 48 83
79 37 41 99 93 -43 51 95 77 -69
11 19 91 -13 -19 -76 -29 -53 17 -45
-29 -59 -94 -66 -65 59 -15 39 15 36
77 0 61 -22 33 35 71 93 -45 47
71 -74 19 -60 44 -92 -35 47 62 90
-10 48 72 -49 40 -61 -24 8 -86 -62
16 -65 55 -59 76 -77 -52 -74 34 38
-55 36 17 94 3 12 1 -59 12 30
-31 54 -1 -18 41 48 35 -83 -82 28
52 -6 -29 -52 95 83 -1 57 -89 68
-31 -50 -32 -15 -37 38 95 75 90 25
7 48 -71 -22 -14 86 43 -56 52 18
-5 -56 -59 -54 30 67 -54 65 -63 84
-65 89 29 7 -45 17 51 79 0 -96
-89 23 -45 -70 90 -78 -60 48 95 76
-37 -96 67 -5 5 -10 66 -35 -94 -75
60 -49 -45 -80 26 -55 -94 91 -59 -95
94 77 96 51 39 20 -69 12 18 98
68 0 -51 66 -63 -51 62 -44 -28 85
70 -33 76 -50 97 -45 -43 -10 94 -37
79 -46 -89 9 18 22 -95 -20 68 -15
-52 47 20 -82 3 -40 58 49 -48 3
66 88 95 68 79 76 42 30 -52 63
62 -61 41 73 -86 69 80 -92 -11 -98
94 42 -98 54 -78 -4 -56 -50 54 49
-65 -9 -37 7 -9 -65 -39 -35 -80 -52
55 -85 -33 89 -63 -40 -65 4 24 -22
-45 76 66 21 -42 0 -90 2 47 32
-76 48 -9 -2 -7 42 91 27 -39 64
-83 -79 73 -14 31 -61 0 -63 22 -17
-96 -92 -48 -5 -72 65 84 -62 52 3
-78 -1 -12 -96 -51 -34 -98 57 -40 -52
46 -42 -62 -29 75 -92 -96 -69 88 -55
-22 0 -51 -49 -11 -16 -43 -62 -34 -6
-32 54 60 55 44 -62 -37 -64 3 -97
14 89 57 -87 -70 -2 59 -90 75 5
43 -35 -71 57 -77 -20 -59 26 41 -10
54 -43 35 -75 42 30 -14 44 80 7
80 69 69 -54 46 -19 -22 80 -30 -97
-41 -15 -40 88 84 -42 -41 -11 -79 -40
-49 -34 71 5 96 -73 37 -63 41 -31
-8 -72 -63 24 -2 -10 55 -5 -88 -57
68 11 94 -73 -77 -69 72 -21 -94 39
-57 -42 -62 89 29 99 78 92 -78 97
-41 -27 4 -36 36 -11 -27 -45 70 -81
-26 -85 64 1 -5 0 -94 78 57 48
-29 95 -27 54 -38 -99 -41 74 7 -51
39 -50 14 -43 -64 -57 27 -94 38 -64
-38 -7 -59 46 -78 -4 -20 43 89 23
38 -14 -55 -10 4 -60 37 -20 32 -99
79 55 3 -41 -56 -33 30 -67 -78 82
3 80 13 33 11 -2 -78 -89 -37 5
-94 -69 -83 74 -51 80 -18 40 21 24
-31 0 -69 42 6 -44 -32 2 61 87
3 4 -20 -73 16 19 26 64 -86 -4
64 52 -41 -63 91 22 19 -37 -30 87
74 98 59 -88 54 65 39 -88 30 -67
32 68 51 -41 91 40 -9 -31 -65 21
91 26 47 15 -28 -41 69 -26 5 84
2 52 -2 78 7 -78 -26 35 -67 98
-89 66 47 69 -80 -27 79 -58 94 14
49 -58 35 74 -68 63 -96 65 32 -3
46 77 62 67 -12 91 45 80 -8 61
89 60 74 -75 70 91 68 -92 -34 16
-41 43 -9 -97 83 -91 57 -86 53 90
-65 69 60 -25 -92 -18 -67 61 -66 -79
-29 -95 95 87 -63 -37 -26 37 78 74
-64 29 8 -70 24 -83 82 -7 43 -95
98 53 -85 38 -99 43 31 -6 -47 -2
40 37 -16 32 -74 19 18 -84 -32 -26
