-17 -75 51 -96 82 29 -75 -55 -75 97
90 -75 77 -16 -39 -18 -51 -28 -64 95
-82 -52 78 65 44 46 78 80 34 -56
-79 97 -9 50 30 2 83 36 -91 -94
92 75 -75 71 46 -93 -76 6 15 -70
-56 -89 -66 23 9 -66 -6 -98 75 -49
84 -85 64 -99 86 0 16 37 -20 -11
-6 50 -24 -9 25 40 -78 -56 59 -99
-19 83 91 -25 72 53 82 -68 -62 13
67 9 60 61 -8 1 64 -8 99 19
-27 -59 -74 43 84 -1 -36 28 -10 -22
-72 -88 14 88 56 -48 78 -34 35 -34
67 -52 25 50 83 -63 -81 6 34 -84
95 -10 -21 30 72 -89 23 -73 90 -74
-46 13 -97 16 -31 -24 19 70 -66 -19
-54 -16 31 28 -76 38 -74 -79 81 -11
-12 86 74 36 -63 97 63 20 99 84
-63 -49 -12 92 55 1 82 95 86 45
12 -15 42 -13 55 -12 39 -14 -26 -91
-91 -84 -98 -65 -22 92 -94 -45 56 58
-62 -78 -12 91 55 1 27 -12 78 4
-50 12 -43 16 0 -64 37 41 93 47
38 91 9 1 94 41 -87 68 -8 19
73 -12 24 -79 -85 -35 -46 61 36 -26
25 -20 66 -39 3 -38 -94 34 59 -44
-60 98 -42 -5 -20 65 77 35 -39 43
-14 92 73 -75 58 -73 -20 -24 8 88
-35 34 -15 46 -8 -48 75 79 62 -47
-67 2 11 -63 -93 86 -1 -96 -14 4
-9 -13 -24 -37 55 -50 -12 -37 -28 -12
-89 1 -51 79 93 29 -15 55 -31 -44
-30 -32 38 99 -18 24 24 82 93 18
33 -15 40 -47 -48 -27 76 9 -58 -88
24 80 20 7 70 -98 76 27 69 88
-17 -76 17 -19 71 -45 -29 -55 44 -45
51 -20 -95 72 -8 15 -92 73 -63 64
-38 -66 -29 -53 55 27 -46 -62 -10 64
14 -50 92 46 -92 84 98 42 32 98
-51 56 37 -90 -19 67 -65 84 92 -21
80 51 -67 -63 -61 -24 -74 45 -39 42
-38 -15 -7 -25 -15 -20 96 96 19 -71
19 -10 26 55 -72 40 17 -38 -68 -31
56 -13 -42 4 89 -80 38 19 48 -1
-19 -17 95 66 -86 -10 83 23 -76 -49
99 -11 80 -67 79 7 19 -1 31 -28
20 -32 -5 -93 21 81 16 -44 67 22
-22 -86 68 -14 -89 52 63 17 4 -25
-37 31 -8 -86 33 46 9 -50 76 89
50 -66 15 32 -35 12 52 -47 -2 -85
-86 -52 -34 7 -86 38 67 -37 0 80
-16 -13 38 33 -20 38 -99 -37 -19 59
-1 80 61 -90 -36 -67 22 -68 78 43
-25 -40 -36 -51 19 90 75 -37 -38 -14
87 -67 45 -77 -5 9 -20 26 59 55
-95 87 79 -69 -67 50 -86 84 -34 61
95 9 -74 41 58 42 -27 -97 24 -11
84 -11 5 19 21 98 47 -36 82 97
94 -11 20 60 27 5 69 72 44 -38
35 -41 27 -15 58 -2 34 96 -78 22
-37 82 -8 -2 45 -84 -8 3 -64 59
-16 96 74 -73 41 26 -10 19 -66 0
9 -8 93 -20 -98 -94 53 5 42 -29
-22 74 86 49 20 -94 90 28 -84 2
-75 87 -28 -72 9 59 40 28 97 -72
36 68 -67 63 -52 -79 21 -48 -11 73
-1 59 69 -23 -76 -99 47 67 -64 -49
-50 -68 -95 83 -73 -59 48 -81 -21 -34
24 -13 -14 12 83 -38 24 -27 -49 -45
4 57 -76 38 10 -69 40 -53 93 -9
-45 22 -28 43 36 -23 13 14 3 -35
35 -1 9 78 69 -82 -3 11 -22 96
51 -73 -37 8 34 -95 -88 -26 -75 -10
97 -73 -15 -94 -78 2 23 39 45 -6
-70 -74 -87 62 -28 0 71 13 13 10
-59 -3 -59 71 31 97 81 76 91 -45
-40 85 73 89 5 -28 88 -43 64 47
14 -83 -2 -26 49 -87 24 21 20 76
-24 -64 6 -49 27 -23 90 38 -79 45
19 2 86 7 95 -23 38 78 -11 28
-78 -36 -85 61 60 61 87 -30 2 -90
10 -91 35 71 8 -23 -95 47 47 5
93 90 34 54 16 93 -80 -30 53 -83
91 83 15 97 42 77 -13 -35 19 34
-63 45 -20 -69 -48 -1 -88 -76 -89 37
3 52 0 16 1 22 -14 -77 -98 96
26 72 -52 -95 -38 91 99 1 34 -80
17 44 77 67 -95 -31 63 47 -95 -7
-98 -96 86 -98 63 94 -61 -97 -62 -24
49 -83 -76 -75 9 -78 -18 -25 23 -6
-10 40 87 -9 59 13 -5 -23 30 61
-60 -30 -90 68 -16 6 99 -49 -11 14
-74 93 94 73 -58 52 -71 -74 30 -36
4 61 -9 0 -15 23 -71 -22 49 -63
24 -55 -37 82 31 -74 13 -94 -65 59
21 -8 -20 -5 66 -71 82 46 35 -82
22 -54 -47 68 18 28 35 -48 -91 43
-31 -33 36 -1 35 53 -60 42 2 -9
-14 64 35 60 -29 33 49 -78 97 28
28 48 -24 68 -23 95 90 15 -35 10
2 -37 -98 84 -19 79 -72 -31 96 83
