87 -56 -98 -9 41 -57 -34 93 -16 -37
13 -6 99 -82 -54 -30 -26 20 17 -32
-61 -8 -62 -35 26 -29 -4 89 -12 94
-49 -53 71 40 89 -32 -4 31 95 -71
25 -92 -88 91 78 -55 -10 -57 25 0
-96 82 -24 11 85 41 -42 -33 3 14
-28 -48 -94 68 -68 20 69 -46 -27 0
-75 -63 19 -28 -97 81 -27 55 -99 56
71 11 35 22 4 14 37 75 -29 -6
51 -58 46 -57 -93 -21 -78 64 0 -53
45 -72 -87 -49 77 78 -42 -74 -69 -26
13 -70 -84 -46 72 15 39 1 76 -19
-78 -87 52 -95 33 -84 -3 -74 -47 14
-97 -99 1 -23 5 20 -85 91 46 -36
27 6 -60 -18 -47 -76 -28 -18 -97 73
-45 25 9 -72 42 -86 50 46 15 -14
65 21 52 37 21 41 -54 -91 -60 -12
-91 31 84 -91 -31 -46 15 29 61 19
-49 -80 -42 -98 -82 21 33 -82 92 72
-59 46 53 69 -39 74 95 79 -11 22
-71 -82 26 39 4 -22 -29 -37 72 53
-53 -77 -82 79 45 -7 76 -94 92 90
34 -59 83 62 15 -38 61 61 87 -29
-5 -87 14 69 -55 46 -82 -89 -35 9
50 -3 97 41 -17 -54 -5 4 90 -8
-83 -33 33 0 94 67 -84 44 47 -13
53 -6 57 -78 -15 69 -37 69 70 -9
84 63 -78 46 -44 -22 -21 99 -45 -12
23 -9 65 50 -6 -93 55 -12 19 73
29 55 94 -69 55 64 47 37 72 -20
95 29 50 -32 -72 -16 -54 -20 -21 -3
-27 -10 58 -40 -2 -73 86 20 -57 40
13 -97 92 7 -46 54 -1 87 56 87
23 -86 -49 4 11 -96 83 -72 93 7
-62 77 51 11 -88 29 -68 50 -26 -9
-6 -57 62 87 -93 -67 58 67 -2 -85
-82 77 66 44 48 65 -33 -58 -57 -33
33 -55 -18 -86 78 62 -49 -92 32 33
-55 0 37 -98 -91 -42 22 -70 -38 90
-39 -37 -91 78 -1 55 23 48 50 40
-84 -25 -18 3 14 39 51 26 58 -22
-71 -20 45 -70 56 11 -85 81 56 63
64 94 90 -32 71 76 5 -90 -61 -22
46 60 -98 -11 97 -96 -72 -10 -12 -89
-72 33 -57 -67 -22 -4 90 -83 -5 35
58 50 32 -49 87 -80 3 93 0 -24
-5 10 6 -16 50 76 35 53 36 -66
-46 37 60 -20 62 36 -35 -56 -42 51
29 -71 41 76 28 76 -85 -77 -68 98
92 -91 5 24 -7 71 -12 -51 36 -94
89 90 14 -31 -2 65 81 50 -85 2
10 43 65 -73 29 14 -10 61 60 10
-95 -18 -90 -48 53 -44 81 32 -9 93
-72 75 14 -51 -91 33 -61 91 -83 26
-70 -28 -14 -77 -24 31 79 -76 -47 -54
25 7 -74 -49 -31 26 -30 82 51 99
0 34 71 -87 51 -14 -31 -52 -60 -60
18 -69 -35 -62 -97 -1 22 78 92 0
-77 45 -18 41 -42 37 -23 -25 17 -33
54 61 72 -74 -27 -54 -27 46 73 48
25 22 50 83 41 13 68 -56 -30 -83
-9 99 47 19 72 -30 16 -69 -5 -92
-56 12 77 -76 58 -74 -20 36 64 93
58 -77 21 -52 -96 -30 41 -16 -41 83
65 48 96 18 44 63 25 -81 85 -9
59 95 -45 29 -4 49 59 10 1 -8
50 -40 -15 -81 70 50 56 -1 -64 42
-63 -22 69 26 64 64 64 54 -9 28
-28 15 -26 92 -56 47 -23 -2 73 76
-79 -36 -13 4 -1 11 -46 27 41 -21
86 36 -81 -40 -89 63 46 76 -64 -52
-76 75 28 49 -29 -32 -96 44 42 0
46 -77 94 91 0 59 -59 29 -60 6
-79 74 -24 39 -37 76 -35 15 -52 -31
-78 49 -2 -16 -78 34 21 96 44 -7
90 28 -37 -14 52 2 -94 2 -16 92
-99 99 -94 20 -4 56 1 -36 64 92
-1 -15 38 -75 -71 49 -62 99 -53 78
92 73 36 -28 -90 90 -92 7 86 21
98 -98 -93 -16 -7 81 -97 -11 -65 -51
-89 34 89 -49 -44 -48 -3 -57 -36 -68
55 -6 -79 90 41 -31 -19 94 -28 79
65 2 -74 -45 1 32 15 83 -73 58
-27 88 -6 -87 -55 83 -45 33 -39 -40
-11 67 43 -53 17 -76 -17 -59 79 -93
-14 43 24 -15 88 36 24 86 93 16
-35 -92 84 -87 -22 -70 44 19 -27 -81
-41 -98 -49 -80 -52 51 45 95 -25 35
76 51 -51 12 60 -51 -53 -58 8 -9
-33 65 43 -91 38 98 -35 50 -90 36
-71 96 72 81 81 -3 -56 40 -22 -60
-24 20 89 -35 55 84 -80 8 -98 40
58 28 -39 -97 30 35 -2 91 56 -43
24 2 96 90 -10 21 -45 -93 21 -62
-95 8 -5 -31 81 35 39 -56 -64 53
-21 -27 -12 63 27 39 4 71 72 41
9 -29 -43 12 -75 -72 -25 94 -89 1
-33 86 85 -94 -24 38 72 -76 32 9
65 77 -48 -6 -24 -47 86 -63 -28 28
44 -65 1 37 -98 79 30 -17 -79 88
