41 -35 41 64 41 -85 41 14 41 -10
41 89 41 -60 41 39 41 -47 41 52
41 -97 41 2 41 -22 41 77 41 -72
41 27 41 -29 41 70 41 -79 41 20
41 -4 41 95 41 -54 41 45 41 -41
41 58 41 -91 41 8 41 -16 41 83
41 -66 41 33 41 -32 41 67 41 -82
41 17 41 -7 41 92 41 -57 41 42
41 -44 41 55 41 -94 41 5 41 -19
41 80 41 -69 41 30 41 -26 41 73
41 -76 41 23 41 -1 41 98 41 -51
41 48 41 -38 41 61 41 -88 41 11
41 -13 41 86 41 -63 41 36 41 -37
41 62 41 -87 41 12 41 -12 41 87
41 -62 41 37 41 -49 41 50 41 -99
41 0 41 -24 41 75 41 -74 41 25
41 -30 41 69 41 -80 41 19 41 -5
41 94 41 -55 41 44 41 -43 41 56
41 -93 41 6 41 -18 41 81 41 -68
41 31 41 -33 41 66 41 -83 41 16
41 -8 41 91 41 -58 41 41 41 -46
41 53 41 -96 41 3 41 -21 41 78
41 -71 41 28 41 -27 41 72 41 -77
41 22 41 -2 41 97 41 -52 41 47
41 -40 41 59 41 -90 41 9 41 -15
41 84 41 -65 41 34 41 -34 41 65
41 -84 41 15 41 -9 41 90 41 -59
41 40 41 -47 41 52 41 -97 41 2
41 -22 41 77 41 -72 41 27 41 -28
41 71 41 -78 41 21 41 -3 41 96
41 -53 41 46 41 -40 41 59 41 -90
41 9 41 -15 41 84 41 -65 41 34
41 -31 41 68 41 -81 41 18 41 -6
41 93 41 -56 41 43 41 -44 41 55
41 -94 41 5 41 -19 41 80 41 -69
41 30 41 -25 41 74 41 -75 41 24
41 0 41 99 41 -50 41 49 41 -37
41 62 41 -87 41 12 41 -12 41 87
41 -62 41 37 41 -36 41 63 41 -86
41 13 41 -11 41 88 41 -61 41 38
41 -48 41 51 41 -98 41 1 41 -23
41 76 41 -73 41 26 41 -30 41 69
41 -80 41 19 41 -5 41 94 41 -55
41 44 41 -42 41 57 41 -92 41 7
41 -17 41 82 41 -67 41 32 41 -33
41 66 41 -83 41 16 41 -8 41 91
41 -58 41 41 41 -45 41 54 41 -95
41 4 41 -20 41 79 41 -70 41 29
41 -26 41 73 41 -76 41 23 41 -1
41 98 41 -51 41 48 41 -39 41 60
41 -89 41 10 41 -14 41 85 41 -64
41 35 41 -35 41 64 41 -85 41 14
41 -10 41 89 41 -60 41 39 41 -48
41 51 41 -98 41 1 41 -23 41 76
41 -73 41 26 41 -29 41 70 41 -79
41 20 41 -4 41 95 41 -54 41 45
41 -41 41 58 41 -91 41 8 41 -16
41 83 41 -66 41 33 41 -32 41 67
41 -82 41 17 41 -7 41 92 41 -57
41 42 41 -45 41 54 41 -95 41 4
41 -20 41 79 41 -70 41 29 41 -26
41 73 41 -76 41 23 41 -1 41 98
41 -51 41 48 41 -38 41 61 41 -88
41 11 41 -13 41 86 41 -63 41 36
41 -37 41 62 41 -87 41 12 41 -12
41 87 41 -62 41 37 41 -49 41 50
41 -99 41 0 41 -24 41 75 41 -74
41 25 41 -30 41 69 41 -80 41 19
41 -5 41 94 41 -55 41 44 41 -43
41 56 41 -93 41 6 41 -18 41 81
41 -68 41 31 41 -34 41 65 41 -84
41 15 41 -9 41 90 41 -59 41 40
41 -46 41 53 41 -96 41 3 41 -21
41 78 41 -71 41 28 41 -27 41 72
41 -77 41 22 41 -2 41 97 41 -52
41 47 41 -40 41 59 41 -90 41 9
41 -15 41 84 41 -65 41 34 41 -34
41 65 41 -84 41 15 41 -9 41 90
41 -59 41 40 41 -47 41 52 41 -97
41 2 41 -22 41 77 41 -72 41 27
41 -28 41 71 41 -78 41 21 41 -3
41 96 41 -53 41 46 41 -41 41 58
41 -91 41 8 41 -16 41 83 41 -66
41 33 41 -31 41 68 41 -81 41 18
41 -6 41 93 41 -56 41 43 41 -44
41 55 41 -94 41 5 41 -19 41 80
41 -69 41 30 41 -25 41 74 41 -75
41 24 41 0 41 99 41 -50 41 49
41 -38 41 61 41 -88 41 11 41 -13
41 86 41 -63 41 36 41 -36 41 63
41 -86 41 13 41 -11 41 88 41 -61
41 38 41 -48 41 51 41 -98 41 1
41 -23 41 76 41 -73 41 26 41 -30
41 69 41 -80 41 19 41 -5 41 94
41 -55 41 44 41 -42 41 57 41 -92
41 7 41 -17 41 82 41 -67 41 32
41 -33 41 66 41 -83 41 16 41 -8
41 91 41 -58 41 41 41 -45 41 54
41 -95 41 4 41 -20 41 79 41 -70
41 29 41 -27 41 72 41 -77 41 22
