92 6 -83 73 -63 -27 -88 9 9 -4
75 -24 68 9 63 -28 7 -66 15 81
-34 83 82 -74 -80 -38 87 85 -59 -64
5 -83 -61 99 90 -50 -20 49 6 26
-71 25 48 -6 25 39 32 82 93 69
-30 -46 78 -70 -45 7 -20 97 -7 -65
8 -19 50 99 6 98 -61 -5 93 82
-8 69 -78 8 -71 -15 -55 20 -12 -95
98 -31 59 -1 -99 50 44 9 73 14
-90 -94 -9 99 -52 -5 -83 26 93 -26
67 -6 49 58 -56 21 -94 -8 -33 7
69 10 39 2 -19 44 -86 93 33 97
94 21 48 -75 4 23 -94 -18 81 -71
-55 -48 17 -91 31 -21 -32 83 -69 14
86 -6 41 -51 -6 80 -91 -73 -30 -17
-84 95 -1 0 -95 88 -13 -20 -85 -68
-46 -25 -79 -50 57 53 74 -47 -53 -75
-9 31 -78 68 53 -82 -42 -47 0 -85
86 -24 69 -49 5 21 84 93 0 -82
15 -69 -56 6 96 98 82 24 -9 26
-5 62 -15 22 40 25 -12 -14 -3 28
74 67 -84 -48 33 2 0 -78 20 -80
-53 -43 -73 -46 57 -13 -71 43 -51 -65
35 -89 59 -45 -72 66 3 -28 20 58
31 -25 -16 40 0 -62 82 -2 -36 45
-88 45 -11 -52 39 -42 -93 -60 44 76
52 71 20 -84 55 76 -87 -90 91 -48
84 -4 16 79 -88 82 -45 71 71 91
32 58 44 12 30 -17 8 78 -57 46
-93 87 -47 -57 69 -1 42 73 -38 53
80 87 25 15 5 8 90 65 37 20
90 -18 -53 -67 -51 -5 -86 94 58 64
94 -60 -74 -73 39 62 -27 16 67 -38
-20 53 3 -37 -83 -98 39 53 -21 39
95 15 87 -2 -16 -37 92 -47 71 -40
-21 57 29 -44 33 72 -58 78 -14 -2
12 -96 -78 -68 20 95 -22 -59 85 81
43 -11 -71 1 40 89 8 -50 75 -73
62 -81 -69 56 -1 -72 96 -30 92 -25
-1 -81 -12 -94 63 -82 69 60 0 18
99 72 7 -21 97 91 62 87 20 49
52 63 70 -31 23 46 -19 89 -5 -11
-30 64 23 73 -15 -93 11 -35 -35 46
90 -9 68 51 -83 -91 -38 -23 91 -4
99 18 58 -42 -7 32 92 47 -46 67
57 72 27 96 -19 -71 -36 10 49 -69
15 77 -67 -23 3 83 -50 -49 -75 -38
79 -36 10 31 -39 2 -46 -81 49 13
76 -5 -86 83 95 20 -85 71 -22 -35
-61 75 41 88 53 43 94 34 -28 -93
91 83 44 -26 -42 37 24 65 8 -98
34 -86 -53 -51 -64 -49 97 83 5 42
-5 98 -82 58 42 23 6 50 99 39
79 -31 62 -96 23 53 -56 -15 99 -68
73 -64 -87 -30 75 37 -68 97 12 89
-17 88 91 4 29 -48 74 -87 -11 34
-98 35 -2 41 -2 -96 -32 54 -76 52
-24 -16 56 -97 -80 63 -82 46 99 -19
-90 13 54 88 -6 -93 -41 -47 -79 -60
54 -42 -50 5 -86 -79 76 95 13 -36
-60 45 20 16 56 66 -4 -37 -68 -97
25 63 90 47 57 3 -81 -24 -28 -35
-5 50 32 47 -50 -71 93 29 91 -59
96 98 81 91 -31 -48 60 83 78 18
65 -65 89 -81 -24 67 81 -13 -30 -44
-79 58 40 72 -45 -80 69 42 -20 -57
20 41 92 43 46 -9 96 33 79 23
-98 28 -11 -99 86 26 10 -68 3 30
19 61 85 59 -53 27 -15 -97 -1 -64
97 99 43 7 55 -20 -19 75 -66 -17
81 -89 -67 90 -82 39 49 -25 -53 7
-11 24 -94 99 93 71 -38 -44 -35 58
28 35 -89 46 48 44 47 -31 44 57
-60 69 -20 -26 12 53 46 46 69 -93
12 94 24 54 -65 -45 62 53 54 -45
37 -78 59 -99 -41 -39 40 -23 -81 43
27 56 -20 -60 79 84 21 -65 -50 -68
46 -77 -92 -44 -72 -28 92 47 27 99
6 36 -85 18 0 -59 -24 66 29 89
26 46 -43 -22 6 -52 -84 -77 -91 51
-53 60 73 65 -92 40 46 15 -39 -8
20 -16 -76 -15 53 35 -6 -90 -75 -32
50 82 84 -20 -74 2 -41 93 -78 8
36 54 94 17 71 53 90 -68 -22 -65
-30 31 5 -81 89 -15 -59 -68 44 33
2 -12 28 79 44 9 -38 -43 -56 88
-86 40 31 -45 -12 -89 38 15 43 82
19 -34 -63 57 -6 -19 36 -83 -20 -68
-23 51 -40 55 20 -88 95 -54 53 58
-24 -24 -27 -41 77 26 -50 13 -34 32
-52 56 8 -38 72 75 -78 -60 -22 -88
12 -42 -83 89 99 94 40 -10 -79 26
-81 -99 24 -24 0 35 78 49 22 -68
-64 -76 36 -40 -76 46 78 20 85 1
26 76 -96 51 50 -81 -68 -19 86 -5
-26 -52 -58 -34 -66 -25 20 -11 -53 -43
-27 -3 -53 22 41 65 55 -80 -92 98
-49 -54 63 97 -59 31 -88 92 -55 -72
-13 89 -41 19 51 47 48 15 78 7
55 30 -91 -43 -23 38 87 -94 -73 14
