39 88 71 -21 33 -7 90 21 -21 17
14 50 72 -42 -13 -57 68 69 -81 -52
70 -41 -89 91 35 97 -91 -54 81 -51
-25 -94 -31 -38 87 -82 74 -83 5 28
-12 -40 54 96 -96 -95 -7 0 10 62
-90 -92 74 63 93 40 -75 -95 11 97
-77 -8 55 -17 -42 11 -20 -82 -53 30
79 -98 -95 51 -5 -92 -58 57 74 50
45 -1 51 -4 96 -74 -89 76 -14 -91
34 18 -69 -3 56 -92 -18 -64 74 -93
32 51 -25 28 -11 85 -85 3 -17 53
-30 97 85 72 -79 59 -96 -72 -70 86
93 79 1 5 -62 -96 84 -3 -84 7
19 -47 93 -62 -68 -82 44 51 -68 -45
-16 18 51 92 -66 -42 -22 38 -56 24
-66 97 -35 -22 49 -24 69 -27 63 -33
86 -80 48 84 -67 -18 42 37 -5 -67
-73 67 0 94 -99 -69 51 -13 -37 -55
-26 83 20 -21 -33 -70 17 -78 33 53
54 -86 -32 62 25 60 -27 6 86 -30
-80 20 -71 -10 -53 -18 -91 31 25 -77
16 34 -14 -67 27 -97 -87 -25 30 -35
82 -90 -1 -46 -48 -1 -12 -34 -11 96
61 -20 37 -76 32 68 69 45 22 42
-50 45 26 -89 -43 -12 -13 -14 -46 78
-16 57 -54 -13 94 16 -1 2 -91 72
-91 -80 -52 -24 21 35 -85 72 62 -7
-21 -25 -42 43 -39 32 7 -90 67 -51
-80 56 95 33 84 6 -83 -13 92 85
3 -26 79 -67 -49 -16 13 -60 82 34
13 -45 -43 -68 72 -74 -35 28 -36 -64
50 59 -67 -56 19 11 92 -33 99 -25
40 -6 59 -64 7 -25 47 81 -39 -28
-53 -26 69 93 -12 -92 -78 66 91 -6
-96 87 -86 -38 -10 27 76 98 53 19
46 -74 -26 99 -25 -36 13 -80 -41 51
-42 -28 5 77 69 -13 58 92 42 -80
16 26 17 -77 -9 -69 14 -59 63 39
42 -71 -78 -17 -25 -20 34 76 -92 -12
-10 0 -69 18 -64 -83 16 -4 -67 37
54 26 97 65 82 96 -52 -11 1 -26
45 62 -48 77 68 25 -27 -8 87 -50
-90 91 60 35 98 -11 18 -91 -48 -53
85 59 -3 -9 -68 77 -59 -30 -36 82
-23 64 -59 59 63 -75 -5 -47 91 -27
7 46 -42 -24 -60 -67 79 -76 -88 3
-38 89 -74 73 -1 82 69 60 62 -3
54 -86 56 80 26 -57 38 79 -36 -95
-36 8 -62 70 -18 -81 -79 -9 -42 -44
7 -24 -8 70 -5 33 -34 28 65 -85
-84 -3 -74 -31 96 -97 48 -19 -98 6
73 -12 -30 83 -23 -64 -52 -92 69 54
-29 -35 59 35 70 44 54 20 -21 -22
-15 -29 86 -70 3 85 -98 -49 43 38
69 45 -86 -20 -68 -73 87 -97 -80 -13
-70 -5 2 -22 -12 -5 37 -97 27 70
-53 -55 -96 60 -46 -12 56 0 4 -2
-71 88 12 -71 -47 41 -43 77 88 -39
-71 -8 -35 -95 41 53 78 43 19 -93
-67 -75 -99 -43 -72 -80 -24 -83 -86 67
21 -22 -46 -17 -87 89 -56 -3 86 -38
80 -5 80 11 -93 50 67 -48 74 -61
-28 67 48 18 10 -1 -2 -16 56 -84
-95 -52 22 43 96 90 0 17 -5 92
-74 25 -77 -67 54 -42 22 -36 -97 -64
-66 -7 -75 70 62 18 -1 -54 -19 68
-23 61 -70 7 64 -22 60 14 -27 51
-43 -20 -29 7 -47 93 -84 44 -10 72
77 -32 0 -42 -36 46 73 -3 -44 -82
43 57 18 80 -58 77 64 92 13 -77
-84 -40 -28 -72 12 0 -28 71 -13 -90
-73 20 83 -76 70 -24 47 89 -20 96
38 24 0 -81 -89 -93 52 -53 -84 -6
21 -84 89 -74 32 80 -97 6 23 81
-89 75 89 9 58 -79 7 -85 71 -18
-78 -54 43 -30 54 94 -44 -38 -78 52
40 15 -20 42 -13 -67 -21 -95 37 26
32 -18 46 32 88 84 -7 -87 93 -34
88 -18 -70 9 -76 57 66 29 -92 -79
-6 -75 -38 28 67 -79 88 67 -53 -42
-6 12 -71 9 -51 49 25 77 -7 73
88 88 96 -87 91 67 -65 -64 -91 3
50 -60 -97 -82 10 3 11 -67 -7 -74
59 37 -93 -36 -74 90 86 43 93 95
12 -65 47 3 -49 32 15 68 -86 94
90 -6 -31 -21 -28 -65 33 -15 -42 -84
-79 -86 -33 46 -73 22 -70 -62 15 56
66 38 -50 63 14 -45 -12 -28 -63 92
-59 -99 -87 -83 10 65 11 39 -9 62
33 21 82 -27 -46 -28 -9 61 -4 19
-28 -67 62 49 82 -44 -58 -43 -7 67
-92 49 89 -10 18 -55 -74 75 66 38
-43 -79 76 47 -33 -56 9 0 -23 -71
65 16 96 59 -70 -54 -60 -8 -87 -67
96 69 33 38 40 -69 89 3 -44 -80
-45 40 -81 -53 73 -25 -59 -41 87 -41
40 -86 83 71 -94 -39 36 -19 -16 -94
-30 62 -12 15 -15 15 -17 28 57 81
69 -44 46 80 82 49 34 -60 -99 0
53 35 50 -61 62 50 -65 -40 -6 -34
