93 -82 93 17 93 -7 93 92 93 -57
93 42 93 -44 93 55 93 -94 93 5
93 -19 93 80 93 -69 93 30 93 -26
93 73 93 -76 93 23 93 -1 93 98
93 -51 93 48 93 -38 93 61 93 -88
93 11 93 -13 93 86 93 -63 93 36
93 -37 93 62 93 -87 93 12 93 -12
93 87 93 -62 93 37 93 -49 93 50
93 -99 93 0 93 -24 93 75 93 -74
93 25 93 -30 93 69 93 -80 93 19
93 -5 93 94 93 -55 93 44 93 -43
93 56 93 -93 93 6 93 -18 93 81
93 -68 93 31 93 -33 93 66 93 -83
93 16 93 -8 93 91 93 -58 93 41
93 -46 93 53 93 -96 93 3 93 -21
93 78 93 -71 93 28 93 -27 93 72
93 -77 93 22 93 -2 93 97 93 -52
93 47 93 -40 93 59 93 -90 93 9
93 -15 93 84 93 -65 93 34 93 -34
93 65 93 -84 93 15 93 -9 93 90
93 -59 93 40 93 -47 93 52 93 -97
93 2 93 -22 93 77 93 -72 93 27
93 -28 93 71 93 -78 93 21 93 -3
93 96 93 -53 93 46 93 -40 93 59
93 -90 93 9 93 -15 93 84 93 -65
93 34 93 -31 93 68 93 -81 93 18
93 -6 93 93 93 -56 93 43 93 -44
93 55 93 -94 93 5 93 -19 93 80
93 -69 93 30 93 -25 93 74 93 -75
93 24 93 0 93 99 93 -50 93 49
93 -37 93 62 93 -87 93 12 93 -12
93 87 93 -62 93 37 93 -36 93 63
93 -86 93 13 93 -11 93 88 93 -61
93 38 93 -48 93 51 93 -98 93 1
93 -23 93 76 93 -73 93 26 93 -30
93 69 93 -80 93 19 93 -5 93 94
93 -55 93 44 93 -42 93 57 93 -92
93 7 93 -17 93 82 93 -67 93 32
93 -33 93 66 93 -83 93 16 93 -8
93 91 93 -58 93 41 93 -45 93 54
93 -95 93 4 93 -20 93 79 93 -70
93 29 93 -26 93 73 93 -76 93 23
93 -1 93 98 93 -51 93 48 93 -39
93 60 93 -89 93 10 93 -14 93 85
93 -64 93 35 93 -35 93 64 93 -85
93 14 93 -10 93 89 93 -60 93 39
93 -48 93 51 93 -98 93 1 93 -23
93 76 93 -73 93 26 93 -29 93 70
93 -79 93 20 93 -4 93 95 93 -54
93 45 93 -41 93 58 93 -91 93 8
93 -16 93 83 93 -66 93 33 93 -32
93 67 93 -82 93 17 93 -7 93 92
93 -57 93 42 93 -45 93 54 93 -95
93 4 93 -20 93 79 93 -70 93 29
93 -26 93 73 93 -76 93 23 93 -1
93 98 93 -51 93 48 93 -38 93 61
93 -88 93 11 93 -13 93 86 93 -63
93 36 93 -37 93 62 93 -87 93 12
93 -12 93 87 93 -62 93 37 93 -49
93 50 93 -99 93 0 93 -24 93 75
93 -74 93 25 93 -31 93 68 93 -81
93 18 93 -6 93 94 93 -56 93 43
93 -43 93 56 93 -93 93 6 93 -18
93 81 93 -68 93 31 93 -34 93 65
93 -84 93 15 93 -9 93 90 93 -59
93 40 93 -46 93 53 93 -96 93 3
93 -21 93 78 93 -71 93 28 93 -27
93 72 93 -77 93 22 93 -2 93 97
93 -52 93 47 93 -40 93 59 93 -90
93 9 93 -15 93 84 93 -65 93 34
93 -34 93 65 93 -84 93 15 93 -9
93 90 93 -59 93 40 93 -47 93 52
93 -97 93 2 93 -22 93 77 93 -72
93 27 93 -28 93 71 93 -78 93 21
93 -3 93 96 93 -53 93 46 93 -41
93 58 93 -91 93 8 93 -16 93 83
93 -66 93 33 93 -31 93 68 93 -81
93 18 93 -6 93 93 93 -56 93 43
93 -44 93 55 93 -94 93 5 93 -19
93 80 93 -69 93 30 93 -25 93 74
93 -75 93 24 93 0 93 99 93 -50
93 49 93 -38 93 61 93 -88 93 11
93 -13 93 86 93 -63 93 36 93 -36
93 63 93 -86 93 13 93 -11 93 88
93 -61 93 38 93 -48 93 51 93 -98
93 1 93 -23 93 76 93 -73 93 26
93 -30 93 69 93 -80 93 19 93 -5
93 94 93 -55 93 44 93 -42 93 57
93 -92 93 7 93 -17 93 82 93 -67
93 32 93 -33 93 66 93 -83 93 16
93 -8 93 91 93 -58 93 41 93 -45
93 54 93 -95 93 4 93 -20 93 79
93 -70 93 29 93 -27 93 72 93 -77
93 22 93 -2 93 97 93 -52 93 47
93 -39 93 60 93 -89 93 10 93 -14
93 85 93 -64 93 35 93 -35 93 64
93 -85 93 14 93 -10 93 89 93 -60
93 39 93 -47 93 52 93 -97 93 2
93 -22 93 77 93 -72 93 27 93 -29
93 70 93 -79 93 20 93 -4 93 95
