35 -18 93 39 -2 48 1 -22 69 59
92 -1 79 -14 -51 93 22 83 11 -31
81 -12 56 -42 -18 -71 -90 -29 95 -23
-98 -1 92 -14 48 75 -37 -19 49 62
-58 36 -30 30 -98 89 -76 -55 71 -37
8 -42 63 -40 99 6 59 -74 -17 59
-64 8 -87 -32 -23 -61 50 -40 -18 74
-98 -51 94 -16 97 88 -22 37 9 48
-40 -84 -45 -1 7 53 38 98 -75 41
-81 -55 -11 85 -74 18 -3 81 -22 42
77 -12 24 -9 63 42 63 42 72 -1
-72 66 -45 83 77 98 10 -79 36 -34
84 94 -41 -58 22 61 -25 27 60 47
28 -46 42 75 -87 -97 -48 -95 73 -91
-22 97 -21 87 44 -22 -44 -11 -31 -38
-24 -25 -89 39 -32 47 -45 2 -46 95
-22 64 92 -25 -65 65 -80 -80 65 -57
31 -72 64 71 10 -84 32 93 -8 85
-86 36 -77 -63 -84 -35 -53 -62 -10 76
35 67 -71 -32 -31 51 63 13 20 35
88 53 84 54 -75 -26 -25 -10 74 20
53 49 42 -35 12 1 -47 73 -78 16
-51 11 -13 50 -31 10 -19 -25 -62 -33
-81 -5 -25 21 60 26 -14 -73 -71 13
-25 19 -76 35 43 2 -69 31 13 61
45 44 15 71 66 75 -26 -14 -3 75
-41 -8 -95 39 3 22 74 -95 -57 43
-18 -67 -78 -58 17 76 68 64 -35 1
30 48 -25 70 -11 71 97 39 5 31
-80 99 -17 -47 -88 -97 48 80 -46 47
-97 35 72 74 46 -69 -2 -24 -18 5
87 98 -85 -33 -50 21 72 90 11 -14
47 82 61 -90 87 -41 -82 83 31 2
-78 66 47 19 53 -48 58 88 60 -87
52 -7 21 74 31 -4 83 -95 95 -36
22 67 4 52 -88 -36 21 8 89 -57
-96 -6 33 -72 -34 66 77 87 -96 -40
83 26 42 -5 -2 81 -66 14 76 89
-82 20 21 -20 34 -57 81 -38 -51 49
98 -70 -30 87 -61 31 86 -89 26 -1
-2 24 10 23 -11 -54 18 -94 -48 -24
-10 -62 75 -81 -26 -83 71 -26 14 -25
75 -40 0 11 -64 27 -61 -17 6 43
-42 76 58 85 14 -7 -17 -25 26 -19
3 65 -23 81 78 19 -44 2 74 61
-22 94 99 -12 -91 90 -24 -48 52 7
83 4 40 -50 16 52 44 87 -22 -72
48 82 -96 12 54 2 43 -27 44 61
0 -67 55 79 30 -35 97 -58 -34 43
-53 92 99 -6 55 -40 11 30 55 -56
-8 -56 22 49 81 9 -71 33 -70 38
50 -4 -21 -72 14 -82 3 -84 -30 -97
84 -20 -47 9 -84 -59 -11 -87 -69 -28
-96 -16 40 30 94 32 -89 28 -83 70
76 -39 67 0 -42 32 -20 9 63 -21
0 55 -95 98 -47 -89 42 -69 -31 94
31 -46 -34 24 11 -89 -83 -88 -89 63
-84 -82 43 -57 -42 -32 25 -39 28 44
69 40 -16 -40 -32 46 82 50 -28 -47
63 -6 -98 38 -34 -3 77 -48 86 -71
-12 6 51 -52 -43 35 62 -56 31 14
-56 -62 94 18 -75 92 -53 65 49 0
-67 86 69 82 -58 60 -39 -93 -33 15
-41 -86 -39 31 43 74 -29 75 -12 73
-39 -15 -5 36 59 -39 -37 0 9 -82
-58 93 73 67 58 -67 -64 -77 29 27
51 -25 53 -11 62 31 -14 -22 -88 56
-56 -1 -40 59 9 -33 -37 -54 78 0
45 1 -54 99 -86 -81 95 -92 50 -79
-94 12 50 -64 -44 34 -43 -25 -23 -32
0 -57 -36 4 31 -93 -12 -14 -47 73
56 -16 33 81 0 -72 75 60 -70 -99
96 -37 -61 -9 64 70 -28 -10 -89 -43
32 0 89 -32 11 -87 82 13 22 57
-38 16 67 1 8 85 -27 67 -9 -13
-8 -92 79 36 -20 -46 53 87 84 77
-89 21 -30 -61 -48 -30 -51 73 38 -84
-11 -53 64 35 3 73 85 -6 -33 -50
29 49 89 57 -92 -2 -98 59 28 63
-32 76 -81 83 -20 -29 -67 29 -92 37
-8 20 1 -19 6 32 -72 -53 -53 -40
14 -90 -58 12 32 53 35 41 99 54
-77 65 47 -10 -31 -36 88 44 57 51
-87 89 54 -61 -84 13 -99 30 -84 -92
51 9 -69 24 65 63 92 -32 -57 36
53 33 24 -3 -46 25 -97 -47 75 -12
37 20 29 -14 -46 67 74 56 -17 -85
-90 6 77 34 88 -31 53 94 -89 -98
-32 -60 6 -28 57 58 -39 -38 -71 7
-66 36 -69 -65 -76 -75 -77 -68 -27 39
44 -24 -50 -41 88 -19 52 51 44 -24
54 -19 -87 -33 27 -53 1 93 54 -7
-68 -25 6 -79 60 74 -33 -21 -66 60
55 -96 93 72 88 38 67 -94 36 27
38 -68 -68 90 20 48 -84 -71 -89 -82
82 -58 18 26 -44 10 -65 -71 9 6
-45 99 79 86 -34 -58 -52 -37 81 77
-78 -52 48 -99 -42 -20 15 -13 -28 39
-37 27 -80 -95 -61 66 4 79 -30 -22
65 -31 97 -82 56 -78 -90 -71 -2 -53
