70 -53 73 64 57 90 -93 -54 70 -53
-33 62 61 -69 75 26 -66 -81 -27 76
-55 -36 -89 -95 2 16 53 15 -31 65
-55 52 43 13 -78 94 -89 -78 -42 58
96 -58 51 14 1 78 -52 -9 19 -83
-37 86 21 10 -69 -14 -94 -65 4 -37
-27 -27 -54 -61 -22 47 92 63 -57 -90
17 -42 -48 52 -77 -77 -90 -51 26 -10
17 11 -71 -31 -75 -28 -96 49 10 75
-41 95 91 74 -10 93 -69 0 -77 15
-26 37 -43 90 44 28 79 -48 -78 -41
-66 -26 -36 40 98 33 -12 -48 99 -61
52 -91 -10 99 87 74 72 56 -37 92
72 -43 85 58 -29 2 10 -69 -56 94
-2 51 -74 -23 -61 63 -6 -87 56 -88
28 -1 2 18 49 83 -61 16 60 74
34 -89 -81 27 -43 -49 -90 21 0 -12
60 -89 -70 -20 -63 -47 92 6 35 81
40 84 10 25 45 -74 -53 62 -79 21
88 26 -42 -35 -18 -39 90 -21 -53 -5
-47 -37 -99 6 -44 68 -10 -23 2 83
27 -89 30 16 -57 -78 17 94 -21 -83
52 19 -98 -30 51 -64 -87 38 72 -1
-53 76 -19 -86 46 35 -40 5 -6 66
38 -20 70 -86 50 28 -61 22 24 49
19 -81 -83 -9 -59 -29 0 26 -68 -32
-41 -81 -91 75 19 22 -76 -52 68 -31
-73 -26 30 76 -8 68 -22 -26 -53 -84
39 20 -68 -48 -65 -71 -36 -66 28 14
-35 -87 77 7 -7 -62 -88 -66 23 -62
-15 47 -77 47 20 -15 -43 -10 22 33
-77 49 50 -19 -47 -62 18 -4 -11 85
20 -83 -4 80 12 20 -53 4 31 36
-41 46 33 57 -17 -94 4 -32 9 26
-60 5 -59 -64 83 44 97 -61 47 -89
45 9 86 -65 -11 83 -69 -39 20 -8
-45 -78 -42 -94 -38 -61 -27 -15 4 -37
-47 -38 -45 -30 38 -62 61 29 -62 45
-20 -9 -3 -29 54 8 94 87 35 -44
-58 -82 70 99 42 -10 -86 55 0 74
-27 -35 -76 84 -74 7 54 39 96 9
95 -83 -1 -97 92 64 -57 80 -42 54
18 29 -81 54 32 7 -60 -6 79 49
22 -18 0 83 11 7 -3 34 96 -5
-48 -43 -71 15 14 -82 -39 -73 53 -18
-58 40 90 71 33 23 -1 49 -48 0
-87 40 -10 -22 -39 66 -15 45 61 62
14 -76 -87 2 -44 -16 33 83 10 -97
78 -46 -19 81 75 52 -49 -47 0 -48
-70 43 -44 7 60 -79 6 -92 -53 -31
52 96 -17 -42 5 32 -68 42 20 -50
82 -58 -73 -91 -6 2 -1 -31 -19 4
83 -80 92 -39 11 -29 48 -38 0 74
53 97 73 -89 49 -99 83 -89 -56 39
77 -44 9 -82 -29 82 75 -7 94 -6
-67 -96 98 6 -62 -44 -60 12 -1 61
-95 77 13 -50 46 -12 22 80 38 -27
74 -7 68 -5 53 84 -49 -43 -59 25
67 -47 16 -20 81 -83 8 44 -28 -86
-10 59 -59 -44 -86 18 38 8 30 -86
-80 -74 28 63 18 64 -29 94 -29 44
58 37 2 -97 -14 -83 -41 -43 -76 47
59 36 -74 12 -6 -65 41 45 80 -58
-15 60 -36 88 18 79 -85 42 35 -40
-71 46 -60 -4 -97 53 90 70 76 -81
-44 -64 67 -10 91 -64 55 98 63 85
84 3 43 -63 -2 -35 0 9 -68 -52
-58 61 -87 94 -62 -75 -15 53 -57 -78
28 -46 -99 -61 64 -12 66 -68 30 -57
-36 25 -6 58 -48 -1 -18 59 6 27
-86 -76 -8 -29 27 -94 14 4 22 -64
32 -96 -70 66 92 -12 34 88 61 -15
-51 -51 -47 -35 -52 47 43 3 2 -4
-88 32 -2 54 28 38 27 -78 59 -58
-67 -4 -47 -67 53 56 -49 75 71 27
-84 30 -30 -85 -48 29 -30 9 56 -76
23 -18 1 3 -48 20 -34 -88 95 -35
-23 89 -17 68 -86 54 -7 11 -84 -27
-86 15 91 -27 21 -43 9 1 56 20
78 43 64 19 -48 67 3 85 -69 -67
8 -15 76 -19 1 55 -58 72 -90 -14
15 4 82 -74 -2 61 19 77 -30 -83
-23 50 90 -74 86 -26 -83 18 -91 -96
54 -34 74 98 7 18 97 87 52 74
87 -42 -52 9 59 -82 14 12 -36 27
62 -55 52 0 11 83 -76 19 68 -77
-89 16 3 -24 -71 -16 34 94 61 -50
45 26 -70 -76 37 23 95 -56 2 58
-91 -65 5 -91 -31 -10 41 73 38 79
61 57 69 73 -76 -93 61 -27 83 -55
-47 48 -89 -51 12 91 55 -3 68 51
3 6 -47 -75 38 -31 0 -37 -46 8
3 57 53 76 -27 -56 80 31 65 10
-31 -16 -51 -6 78 53 -42 -25 -79 80
6 62 23 -63 -40 51 -49 -73 -72 -89
25 -3 -92 34 40 -13 -80 3 -82 -91
23 82 11 -96 76 38 1 38 32 19
-29 -9 -52 -93 -54 43 -52 -74 66 44
-55 -14 60 -6 -93 49 64 51 -80 85
-43 1 -73 32 27 15 18 67 -55 70
