-98 -57 38 58 -88 5 -74 -52 62 -28
-76 13 -66 -83 -57 46 -28 13 81 1
-95 -15 65 -10 14 -19 -69 -49 -67 -11
-68 -10 -18 -75 6 34 -30 -32 -33 49
-61 -52 30 -97 -80 80 54 -30 -1 -5
-41 83 -99 38 -44 -79 -11 92 -82 54
-9 -28 -1 27 -42 85 -15 12 80 -6
-31 -5 -80 76 -16 12 95 -54 -31 22
-10 24 31 80 28 25 -72 -85 -47 -69
48 -87 -60 -49 -40 -81 12 -8 20 -56
-87 78 94 27 -84 45 88 -8 -60 -45
19 49 92 0 89 -41 -30 3 -63 -72
20 4 5 -83 12 -17 -28 -36 7 -91
40 32 -75 99 89 -59 46 -4 -11 55
-50 -27 22 -89 46 -6 -28 46 -7 94
72 -41 -29 92 -63 99 -80 -49 -55 -55
55 42 -78 -97 -62 76 70 80 42 83
58 68 51 -48 95 -64 58 27 15 12
89 45 -5 -80 92 98 30 23 55 -51
76 83 -51 91 4 -85 -1 -82 51 77
-58 -18 39 60 -59 -85 70 -37 -1 -39
-89 88 33 96 -6 -15 0 31 5 22
51 -42 -86 54 59 -37 -8 -9 24 26
-8 -18 -10 42 -72 22 -74 71 26 -99
-9 31 -26 33 81 80 19 -63 -2 93
47 76 -26 -48 -32 91 29 -40 -17 97
79 13 89 -68 57 40 24 37 30 24
21 2 61 -24 -84 97 -21 74 -71 -62
18 25 8 9 39 45 41 -38 57 -29
-1 -34 48 -72 61 -51 74 -72 83 -88
-33 -51 -57 83 55 18 53 20 -62 13
-67 15 44 6 -25 -8 -17 6 74 48
43 31 -61 49 -1 35 -73 98 -67 -55
-46 43 76 -48 -28 83 95 38 -98 -54
-83 40 25 -63 77 49 64 -38 92 17
97 -42 -60 1 67 -36 -87 -85 16 -82
3 -48 89 2 26 65 -2 40 75 -44
57 -97 -24 92 19 82 24 -36 -45 39
2 16 35 11 -1 -63 58 -45 -54 93
90 99 19 29 45 -90 -25 71 -38 -49
-40 -94 -94 24 -86 -39 -98 -86 36 10
75 23 90 15 76 -10 97 -27 -72 -33
-43 -47 67 -70 86 50 -65 -68 -4 -92
20 -8 -95 73 -79 -91 -43 53 -83 -13
28 52 -99 -65 79 -53 55 -49 99 48
-43 27 -10 -9 80 77 -8 56 -59 -69
-30 37 -68 -48 0 -87 -28 -93 52 90
-55 -92 -60 35 22 69 19 35 15 22
64 34 46 -28 41 10 -7 26 36 -15
-44 76 95 95 63 -92 -59 -67 31 91
65 -80 -25 1 -66 -21 21 -20 31 97
-53 -2 -1 96 80 -5 38 69 99 91
-13 -3 87 -91 -60 33 1 -23 -86 -49
-69 82 -82 -83 16 39 -67 -68 -10 46
82 89 -11 -38 12 38 -63 -96 -55 -4
16 72 -45 -93 86 72 13 -42 -68 -30
20 80 14 77 -47 -70 -21 -55 -68 1
-50 21 85 -40 41 -12 58 -23 48 43
19 -34 -81 -73 -72 6 12 -25 40 14
95 96 72 61 66 59 1 -12 -52 6
74 -39 94 99 33 47 13 -54 43 -40
-42 -7 87 -25 8 -67 78 34 38 78
61 -86 35 -40 80 -29 -22 -64 76 57
-90 98 7 7 55 58 43 -55 -2 87
-2 26 -16 -81 43 -57 -73 5 -1 -27
-2 -84 66 81 1 9 22 24 84 -24
-85 -18 0 5 88 72 -43 64 48 77
-93 -95 60 15 43 -41 88 91 3 7
56 36 66 79 93 -86 28 89 -22 -83
4 -97 -54 37 70 -92 92 34 80 55
8 -51 -23 40 59 41 15 4 2 -33
59 -43 -76 74 33 17 -23 -7 -83 -47
97 86 -97 -13 24 77 -1 93 19 75
62 -13 -50 10 18 87 0 -90 0 -64
0 43 85 -49 40 -58 -55 38 78 72
-29 4 75 88 53 39 -78 -38 92 91
-95 7 4 -88 5 72 -5 -50 25 43
-53 14 -41 -33 57 52 15 -63 -54 75
-34 -37 -94 72 -44 1 61 13 85 60
11 4 46 80 91 0 3 -56 -29 7
-90 -85 73 -6 -23 -18 19 -88 -37 20
-39 -19 -39 -41 -62 -37 93 -81 -43 92
-52 -70 -82 -84 31 -28 -82 98 21 83
-63 28 -58 -74 -1 -70 -21 -5 -26 85
-21 -62 0 0 60 87 -40 -60 27 -79
12 77 88 20 -88 87 -67 -37 13 9
-78 -79 83 37 16 85 44 -82 -50 -47
-85 39 -93 99 83 83 32 -51 -98 -18
-48 -45 54 86 64 -28 -54 49 24 58
14 66 -51 -3 89 86 -43 45 26 -82
-13 -87 -8 57 0 -87 -67 -53 -86 71
-60 -66 86 55 4 -64 -62 -97 77 16
-42 -85 48 -11 39 65 59 59 38 -45
-57 99 -52 44 71 98 -37 81 -28 21
-85 32 53 17 -32 -3 22 -88 -24 -57
96 -32 52 -93 28 45 3 86 -6 84
81 -19 67 72 70 73 38 62 25 79
50 25 -43 2 54 5 55 -40 13 -9
41 -40 -80 -33 -51 60 -62 -34 -91 75
-82 -68 -42 -20 -77 90 93 54 -14 -3
