-15 93 66 18 -96 21 -3 -73 61 77
-25 -21 -6 -32 72 43 44 -76 94 -90
59 -47 38 10 0 -57 -45 67 -90 19
-31 69 76 -16 -96 80 36 -63 -75 88
-17 87 -89 40 25 -63 -43 26 -10 -31
60 -19 59 76 4 55 -9 -90 -73 25
-96 53 83 -58 83 -80 53 95 60 -63
91 -79 -80 6 42 -9 24 -89 -86 -88
-99 -2 74 -66 -96 23 -82 53 41 -75
-7 75 -84 -19 91 51 52 -3 5 46
46 88 57 -37 59 -55 39 6 10 -85
5 89 17 -12 -64 -14 12 -93 86 -2
32 37 -19 -14 -83 44 98 -27 24 -45
-1 72 1 -4 -99 -73 -90 -7 -1 -50
-21 -9 -93 0 59 64 -93 -97 -38 -51
-60 82 46 -9 -25 83 1 -5 24 38
-23 44 61 7 -2 17 -92 0 -26 60
0 4 5 -54 -55 9 53 48 36 -29
11 51 -81 -89 -90 -65 57 33 65 -16
-68 -8 15 -53 -23 75 88 -43 16 -3
-34 14 92 -46 -42 -1 -70 -7 -53 -53
-3 -22 49 70 -71 93 -88 62 73 1
-29 11 23 -16 -48 -97 -64 -63 -57 66
6 16 56 -6 77 -8 59 56 -48 -45
-5 84 38 81 46 -57 14 63 56 -45
-43 65 -42 48 -75 -49 88 -66 5 -23
50 15 75 -23 -73 75 -16 -74 70 19
48 -22 -5 35 -8 31 -68 94 82 -3
86 -56 -52 81 -76 9 -55 53 -82 48
-54 80 20 -85 14 96 63 -79 -14 -38
86 28 -86 -49 -49 64 -73 23 1 -26
-71 -95 -85 -20 -29 -41 25 -88 3 80
-99 73 51 94 -36 -7 0 -39 -6 -92
51 -49 30 -41 94 -60 81 65 -63 94
61 -95 -90 -46 87 49 64 85 41 3
-45 -46 -10 60 51 -73 -39 21 -16 -52
-13 78 -36 -16 62 -9 21 42 -48 -53
-41 -66 -14 92 35 91 -60 99 5 62
-6 -55 23 -58 -93 -30 74 56 15 58
55 38 -95 -51 -16 81 -23 -75 -37 35
90 13 -63 63 71 -22 -10 73 91 10
-64 -84 78 -29 56 -82 -97 77 -59 6
25 -85 32 23 42 85 -51 -34 -19 -59
45 -74 -72 -39 -26 33 -33 84 0 -24
77 21 68 -36 24 67 -34 -48 -99 17
-89 55 -71 33 72 66 -97 -94 0 44
-37 35 35 -76 -91 -85 -18 84 -13 -41
69 74 -29 -90 10 10 -53 -16 -66 35
38 69 -97 70 46 96 48 -77 52 42
-88 -6 -53 -96 -63 97 71 -22 -78 73
31 -64 -95 22 26 89 22 -35 -97 60
98 62 10 88 -12 -40 45 76 80 79
-23 16 -34 29 -61 -78 -2 -29 39 -64
-65 -17 -89 82 -11 97 -76 -19 14 -85
-9 13 41 -5 -35 68 83 86 68 43
65 23 36 -62 25 19 92 39 35 -98
-66 -80 96 69 -18 61 -39 -4 41 -11
-40 78 -61 4 39 7 -83 -60 43 -10
-22 -74 92 -40 58 -87 -78 -50 32 -19
-1 56 28 -37 72 40 -70 -6 -67 -92
12 91 -50 85 25 68 55 -50 -21 96
52 76 67 66 -20 13 -92 -54 -34 -84
62 -4 67 -63 -27 1 -17 -73 53 -97
-87 -78 -80 -60 -65 93 18 53 64 0
-95 -69 -39 84 14 -85 -77 84 -3 52
2 83 -27 -57 -44 -81 1 37 89 -80
-48 -41 -6 -36 -81 -82 -6 -26 -53 25
-94 84 -93 68 -65 -27 99 55 -60 52
4 66 19 56 -89 6 -68 -73 56 -6
24 8 98 31 25 7 27 43 17 -97
-65 -22 -28 4 79 -38 -24 -18 46 -44
-14 18 -51 66 -36 -35 -21 -92 -74 32
36 66 -38 52 76 -11 -2 -4 83 72
-96 -90 75 -79 -55 -82 -74 55 -18 -87
-63 -75 -58 -6 42 84 -39 -80 -61 -26
18 -49 18 6 69 64 -75 3 -11 73
83 86 35 78 -17 20 -27 -46 -3 -99
33 -6 -58 31 -10 9 -14 -63 -42 77
-11 96 -47 -92 -55 52 -53 -78 73 45
-54 51 48 -95 -42 25 -38 -93 -44 -74
8 81 -70 52 -18 26 -38 -22 -36 28
-78 9 -31 -95 6 63 -77 -97 38 -67
-47 14 -38 -62 -72 -52 60 -83 -20 -26
94 43 28 7 -13 97 -88 56 -96 -30
88 8 40 -58 -74 -13 86 -90 8 -4
-96 -46 43 -18 2 -17 -33 -25 -96 62
-51 -24 47 -62 29 -31 -67 -2 32 -19
-62 65 12 94 -19 -12 44 -6 35 -57
72 49 92 -66 5 -29 6 37 10 61
-22 18 30 3 -39 44 -43 44 83 -69
59 14 11 68 -57 56 -68 8 -86 -91
-37 -71 -64 63 43 -20 92 -67 -85 -53
88 81 -99 46 -32 97 96 64 92 16
-19 99 -94 3 31 17 78 -57 -82 32
40 92 81 -98 92 43 35 85 9 26
-97 12 80 60 13 -14 -30 96 -32 56
67 18 12 -39 85 86 -4 -51 -83 -61
27 -31 -43 72 77 51 -64 -42 44 -76
96 61 95 -60 -78 9 72 -33 -10 -79
-5 19 59 89 68 -88 -41 -1 0 -71
