58 -40 -79 -14 8 28 -37 92 -93 59
-47 86 -70 96 -99 -80 -40 -17 -67 40
-53 98 63 -3 41 10 -13 80 -16 50
51 66 61 -46 93 58 77 -42 -72 93
37 -54 -82 -91 87 75 24 85 -45 -32
74 42 16 78 16 62 -57 -48 18 14
-23 -96 -75 -52 99 -16 72 -54 -97 45
-29 10 -90 -93 -39 52 -89 -86 -34 85
-41 -61 75 36 -51 79 92 64 88 -39
-32 -24 94 4 -38 51 37 12 -83 -88
-1 -6 -14 69 -94 45 -84 -64 21 30
80 -74 -77 -17 0 20 -80 44 -93 67
11 97 2 -63 22 41 -79 93 -31 48
25 28 90 -23 -73 14 83 66 -9 45
46 13 71 36 -17 -8 -61 36 7 69
-9 75 -3 -8 -61 -42 89 71 -55 9
-50 25 -3 48 -28 -81 -81 38 85 89
60 -84 54 46 -30 -6 18 14 -87 -36
98 -34 -28 12 -31 -78 8 -44 90 -1
-91 70 -58 17 -20 -1 79 -30 41 7
0 2 -2 15 7 85 93 45 37 -65
23 15 52 71 26 -79 -23 -75 -28 11
-39 8 42 -53 2 -16 26 48 43 36
72 16 2 28 77 61 8 7 -62 -51
-20 40 -61 -94 -59 89 46 8 59 -29
-97 52 23 -36 84 75 -69 58 1 72
-74 -42 43 45 -68 99 -60 -64 44 18
22 90 -10 -25 68 -93 -9 77 36 -30
53 21 20 76 -37 -41 -45 21 -18 -56
37 -38 -7 97 -21 -73 24 94 96 -44
20 36 -96 74 -88 98 15 -69 71 -21
-39 96 47 -51 -83 26 -86 -13 -50 -13
-18 69 -38 75 37 51 86 56 36 10
-5 3 -19 -43 27 -52 63 2 46 -17
-34 -64 81 -61 41 -21 8 -40 -81 -82
41 47 -12 -78 76 39 20 -41 34 -28
67 38 56 1 28 -23 -51 -98 -61 86
-11 -94 74 29 83 -77 -5 -1 -29 1
-66 -31 -2 -60 72 -32 5 -56 -62 48
17 62 -52 40 40 94 -46 66 51 52
-96 75 97 24 92 -99 59 -1 -34 81
-51 -93 -15 -58 -88 -50 75 7 -16 47
-65 -31 -63 12 -72 57 38 61 76 -49
-42 33 5 -58 -51 69 89 -18 -55 31
14 25 66 47 73 86 -16 19 53 -19
35 -16 -51 0 81 -69 -96 66 1 -13
-88 -86 -85 8 43 -98 15 -18 -52 -33
-47 -78 18 97 50 0 -95 70 -66 61
17 -89 -28 73 -6 -40 78 -16 22 -96
-87 -84 -38 91 -4 60 -22 92 -55 25
-96 66 -3 -66 59 3 51 66 32 -12
71 70 26 4 -71 -95 52 20 -90 -26
69 86 -18 -6 -59 -59 38 -23 -60 -54
-76 63 45 -25 -51 -14 -31 26 -91 31
-96 -66 -48 55 -39 25 -29 25 -10 -56
31 68 39 -7 -27 -31 -1 -71 4 -36
-37 -66 -89 -44 -92 -82 93 8 96 33
-30 95 2 -6 -2 55 -14 -10 45 18
-55 25 -88 32 -55 38 -55 96 -56 -46
13 -11 73 -33 -79 21 7 39 -35 -2
13 -82 -61 77 72 -42 -85 37 -44 4
63 40 91 -40 49 75 -78 27 25 8
-29 -99 -42 -58 72 76 -1 -59 -48 -67
86 -33 2 -73 -98 -63 -64 -50 70 95
-79 -49 -9 -35 33 -58 -84 -80 35 -15
15 -6 -67 -66 -58 37 -57 -49 -16 -86
93 -43 -68 -56 14 -51 -52 -27 44 20
44 16 77 28 -92 -94 54 52 -85 -12
69 -67 -62 14 77 -5 37 73 78 -97
-50 71 -96 44 24 -84 32 93 7 64
-29 84 95 -3 -25 15 -19 99 -12 -48
-53 -44 84 16 78 32 20 -36 -39 -93
-27 -61 -6 -18 25 -67 86 -1 16 90
44 -92 58 86 -19 46 -21 25 23 13
32 -45 46 32 25 86 -90 -56 -4 -36
16 -92 -6 76 -19 -93 -14 43 20 -67
-33 -12 48 31 46 -37 -55 -23 66 -6
-32 -25 -45 78 -46 -33 10 -11 -18 96
98 -31 7 20 -10 -94 -74 -17 6 59
77 34 -16 94 68 -15 83 -30 9 -19
-7 47 83 -88 -53 -82 -59 27 -18 -36
-73 29 -58 59 -54 -43 7 -69 87 30
87 86 91 5 -63 -11 -52 -7 62 -74
-13 -19 -12 27 -27 -14 -46 -51 -78 -35
-33 -49 -93 -8 -94 -8 -87 61 16 -66
79 16 0 -70 44 -24 98 10 -7 89
-78 50 -17 -12 -80 54 11 -5 10 91
-98 -22 -49 26 55 16 33 -90 61 79
-26 -40 -13 84 87 -99 -86 13 27 38
35 -76 -92 70 21 -36 -81 -54 5 94
6 68 -19 -53 -99 -58 -74 10 83 48
59 -96 -10 -99 -92 -90 28 -57 -68 0
67 -36 0 -99 9 84 86 21 -96 -20
50 42 -73 -24 -22 -86 37 21 -81 -98
-42 -83 -57 1 -42 17 87 64 61 69
54 58 15 -49 44 -98 -93 -57 -84 42
-58 33 10 -43 -53 44 -10 27 -43 -37
-60 -12 96 -53 31 -30 16 0 -56 84
-81 -81 -55 34 -83 10 49 -25 -52 59
-2 -17 -80 50 53 -12 -27 -52 -66 -77
