-84 37 23 43 -82 3 -9 31 -53 -20
-90 91 -72 82 97 4 65 -56 -37 55
-78 -78 -99 -20 -57 70 57 -37 27 -19
35 88 80 41 -76 42 -88 -93 34 -15
-12 -65 -75 92 -22 40 87 69 -31 -38
-98 58 70 13 -42 -81 -10 -32 74 46
-98 17 97 10 1 -6 92 87 71 0
-20 37 -65 36 80 -31 -9 91 -11 -10
65 34 16 -79 -20 -16 -4 -33 13 -41
15 3 -9 89 -27 41 -58 29 -37 -93
15 26 89 -79 15 -6 57 -96 -76 67
-75 95 -57 13 -72 84 -67 -71 78 38
87 -72 56 -42 66 -44 70 -51 -53 -89
93 8 -68 -11 -1 91 14 -97 -41 -76
94 -62 19 81 81 -93 -22 -77 45 -75
79 69 76 -85 71 -44 -6 85 -73 51
-34 -81 35 39 -94 -69 -65 -75 87 -2
95 -75 5 11 35 22 -5 80 -45 -55
-70 -5 50 -75 71 -16 95 -42 -34 -18
97 23 92 34 -20 98 54 90 -10 85
89 -24 5 -61 34 25 0 8 -22 -39
-56 -3 33 74 21 -29 -41 -89 -36 -3
-16 -14 -68 -53 14 -75 45 53 3 1
-2 57 15 11 -11 52 49 90 -82 86
-96 -36 -77 -57 48 86 39 10 81 89
65 16 -6 -44 -87 47 -31 57 -82 68
15 -88 5 51 2 -16 -82 -2 28 80
63 85 75 -95 -56 -63 -81 24 49 -24
17 60 53 41 84 -9 -33 95 13 -22
-51 -95 82 -44 0 7 36 -60 -77 -32
-92 -34 58 -81 -17 75 -46 74 72 5
-12 74 96 -95 -24 -42 67 -5 39 -14
92 92 -45 27 36 -4 78 82 98 -24
-66 50 49 12 57 -52 -69 -20 -92 47
-40 -80 -15 -37 26 50 -65 -99 -39 -96
-6 86 48 27 -53 63 0 -85 45 40
50 -40 57 -28 31 -61 -56 56 12 -41
-96 45 72 -81 49 4 -85 -63 0 -77
-2 70 81 50 -24 -85 -52 -83 68 94
31 5 77 -28 49 71 -73 29 -64 48
76 98 44 -90 -88 14 -7 -96 -95 -76
99 -57 -50 -25 -62 1 73 -5 -15 -82
-48 64 -2 -72 44 16 -78 -86 -20 73
85 13 7 -99 -6 82 -30 6 54 -64
27 -13 -92 -92 87 46 -93 7 87 13
21 88 -45 98 39 -46 -83 83 41 -85
-1 64 -97 -77 -34 16 -44 15 54 17
-6 37 53 -13 30 -8 63 -97 46 -57
3 59 -66 55 70 30 62 7 57 -38
6 99 1 -63 11 76 -74 -95 -65 11
27 -78 11 99 -36 -37 -1 -42 28 17
-35 -70 53 -17 -66 -57 -58 -53 94 -7
-27 -50 2 -62 26 -32 -13 -13 66 -29
-60 -52 -96 -13 83 43 -47 -83 44 -40
-57 7 27 -4 72 23 -20 -13 -29 -75
-82 -72 -37 30 44 -12 88 -41 -44 -40
17 -64 -88 86 91 37 -80 65 97 97
85 -92 -59 -96 -43 -33 29 27 -57 -10
-86 78 31 -96 -1 16 53 -13 -61 97
-97 -62 -23 -16 -33 26 -74 -62 -10 83
83 -47 -93 1 30 76 15 -13 96 -61
33 -98 -20 -10 -70 -53 -66 -63 3 12
30 -30 72 41 19 -69 77 -57 18 27
62 86 -78 54 30 79 20 -47 61 -66
66 -35 15 -18 -18 -12 -35 76 -25 34
41 31 24 91 -50 -51 10 84 -36 -40
-7 26 -62 71 52 -30 61 -24 -78 -75
-13 -4 40 27 -42 -64 57 -66 -30 -46
40 -6 8 17 -11 22 47 84 -30 95
-54 -85 -24 -65 1 -15 -93 -95 -7 56
-73 -63 96 8 -9 -21 -81 -50 -26 26
-56 3 69 -19 46 -25 79 95 67 -13
-46 -80 -70 65 17 -97 -94 -19 35 31
6 -5 -33 84 -9 -5 35 68 84 79
-76 -36 -94 -69 88 89 16 1 4 54
76 85 -37 55 -22 21 -44 85 42 -87
-26 -5 47 53 44 -52 34 36 33 -70
-94 94 -35 2 93 -98 -9 79 -38 64
-86 75 -95 -52 59 -57 29 -22 -91 -19
49 -95 6 16 41 98 -49 44 -12 -20
-21 56 10 52 -47 -74 78 -34 71 58
-20 57 -78 21 86 -6 -52 76 -80 34
39 -43 14 41 76 78 -71 32 35 17
-39 -97 5 -14 -26 -71 -40 -18 1 -19
66 15 -54 23 67 4 -39 45 18 83
73 -47 -1 87 -15 -89 46 72 -97 90
-45 -98 -47 84 84 50 -66 -39 42 82
-78 81 -74 -31 -74 -73 21 -50 62 -77
-59 72 -88 -44 49 -78 -24 44 40 26
-16 78 -99 0 -77 -18 -30 -47 21 -14
-15 24 -23 29 4 -98 78 86 -70 -69
63 -72 -42 -54 87 -16 -29 90 -28 -31
-38 98 46 -9 -40 31 75 1 65 97
-3 -97 -20 7 53 89 -3 20 -64 76
-42 98 18 -81 33 -10 -59 63 -14 -53
-57 45 36 -1 66 -61 -46 13 -64 -56
-95 -49 61 -95 66 -31 60 -17 -54 37
91 -68 14 42 -6 96 87 -55 -89 -62
74 0 62 -83 87 6 -85 25 -76 26
23 52 40 70 -27 68 24 75 -62 39
