55 21 -4 79 -1 74 -32 21 -67 -65
-46 -53 79 41 72 -93 32 -32 15 -80
88 3 -8 68 -72 25 -65 -5 -69 3
70 -60 83 16 45 -57 -67 -74 -44 19
66 50 82 -73 3 -17 -90 -46 74 -60
28 94 -59 80 77 -24 -86 -10 3 63
-18 -37 63 75 83 33 23 2 -83 -22
79 4 -66 -18 76 63 -11 47 -26 39
-50 11 -99 1 -92 4 -10 -65 17 63
-3 -28 68 3 -33 3 84 -44 -4 -98
-45 0 77 18 61 67 -8 24 8 -2
86 94 60 57 -57 -46 4 29 30 25
3 76 0 21 -57 -75 57 36 22 -17
2 71 69 54 62 90 -77 96 9 4
92 16 -22 62 92 1 -84 -77 15 94
91 15 26 -52 59 36 83 3 -7 -30
51 -53 -28 3 -90 -10 -81 83 -47 -22
-42 18 -14 -62 -27 65 -3 -84 -88 -18
-51 -13 95 -75 -30 -33 31 19 32 88
68 10 -28 -26 -97 -79 8 -99 33 78
-22 -6 4 -99 -62 22 -83 -78 83 99
-58 2 -82 -95 13 -93 97 -58 -50 -5
84 67 -72 -13 31 -26 -38 -68 -59 42
-19 91 -34 -83 -29 50 15 71 -63 48
46 0 -97 -62 -4 -6 -87 -44 67 -44
33 93 1 -90 -73 90 39 -5 -29 80
-95 -90 5 -13 -33 -12 -57 15 12 56
-86 1 6 45 50 5 -63 -34 37 56
91 -51 58 42 38 43 6 -56 -10 44
42 -60 -69 81 78 -41 44 3 -28 75
-72 -68 -62 28 77 72 -26 46 72 88
57 -45 -93 18 -83 17 -6 82 5 87
12 43 20 -93 2 -50 -75 -2 49 25
-70 34 53 -48 60 -13 64 -91 -93 -99
-48 -81 59 -65 -36 54 -78 -58 -27 -19
96 -73 57 -18 83 95 -81 -60 -63 -55
-72 -32 13 49 -67 13 -19 82 91 -80
-48 -88 -22 -36 72 62 45 59 -12 -24
-7 39 -53 36 -54 -72 34 21 -96 27
96 -97 27 -62 2 84 13 6 -41 59
96 39 93 -82 -22 61 -6 -94 -77 -66
-90 67 32 -92 89 61 66 66 13 85
-69 91 -53 6 73 92 94 -47 -99 -47
51 -46 64 69 -89 -58 -81 -86 43 -62
27 -34 -80 65 -88 63 15 -52 30 -99
16 -76 42 21 2 -77 26 -32 72 -25
-7 9 82 36 3 54 71 94 96 61
97 -91 -44 32 48 56 -58 43 82 39
4 71 88 -81 61 79 -52 46 67 -25
-81 -47 62 68 -63 73 -12 83 31 -10
-5 49 94 84 -18 2 -40 -95 -36 -60
-68 39 38 -17 -11 -51 84 8 -30 85
-62 -6 -13 62 19 -5 -97 58 -95 -17
-14 -39 52 37 -29 -93 14 -51 18 -57
40 19 -49 43 61 -8 58 -32 -91 88
22 40 9 -79 -21 -42 -34 -42 90 78
12 59 -36 -58 35 -11 -24 80 -68 66
-21 -86 -25 47 -96 -7 10 -86 7 44
92 8 -32 82 -43 -73 -23 -35 41 -99
55 31 -24 -84 -58 -85 50 -70 41 76
82 10 -46 9 4 77 48 76 60 37
89 77 -11 51 1 -81 -88 -15 -52 92
-17 83 -57 61 3 -92 1 -85 -33 80
65 -32 10 -37 -14 -99 0 -1 -42 -52
88 -73 -95 11 -82 77 70 -95 76 47
-53 97 -74 -56 -34 -37 -1 36 -31 6
27 44 28 -98 -3 94 90 76 -86 13
-89 84 80 -74 21 61 -26 34 -13 -76
38 -81 -86 -28 -34 -44 -75 29 -93 -71
48 61 -85 79 -75 20 -29 14 18 -91
74 -81 -32 -14 25 -17 -44 -82 60 -97
11 27 -92 -11 47 61 55 -13 46 -5
-16 -59 97 69 85 72 -63 -3 -48 69
-27 47 29 58 63 83 -10 -25 -64 -36
-55 86 41 1 -60 51 78 90 -19 -41
-29 -45 -43 74 27 59 -6 -82 19 50
19 -6 -5 75 -43 26 -25 33 56 63
48 -6 -67 86 68 -7 -35 12 -29 15
-21 -79 -4 4 -23 -92 65 -37 -12 20
67 75 16 0 -41 -7 0 32 92 -77
15 92 48 90 -30 73 7 -81 -27 87
-2 98 -84 -92 46 2 41 8 1 48
-37 -24 5 27 -76 59 -58 55 78 -9
-69 -2 30 -85 49 -64 -48 -33 -86 76
4 -57 53 41 30 91 30 -52 29 -66
58 -77 58 28 8 62 26 81 47 94
-95 96 -17 28 48 19 -4 -91 -7 -31
1 20 56 76 66 -40 -82 -37 5 -18
92 -86 44 19 59 -59 51 -57 94 60
99 -87 -95 19 20 -19 54 -29 96 -21
-15 -44 98 -89 -78 96 56 -10 22 -1
-12 -10 -87 92 42 -71 -11 -94 -94 -12
91 -30 -35 29 -36 -10 7 -77 -4 60
-67 28 33 41 34 86 86 97 -58 -6
96 -89 -4 -41 83 -82 -63 -42 -49 -49
24 97 -62 34 -60 68 37 -75 -19 -35
-92 73 17 81 68 -92 -8 -71 -19 -31
-67 23 -58 -83 -1 10 95 94 91 40
-71 -60 -8 53 75 32 28 -2 16 -15
35 92 -80 -51 -21 32 80 -25 -80 -83
