99 -11 -50 -11 49 -11 -38 -11 61 -11
-88 -11 11 -11 -13 -11 86 -11 -63 -11
36 -11 -36 -11 63 -11 -86 -11 13 -11
-11 -11 88 -11 -61 -11 38 -11 -49 -11
50 -11 -99 -11 0 -11 -24 -11 75 -11
-74 -11 25 -11 -30 -11 69 -11 -80 -11
19 -11 -5 -11 94 -11 -55 -11 44 -11
-43 -11 56 -11 -93 -11 6 -11 -18 -11
81 -11 -68 -11 31 -11 -33 -11 66 -11
-83 -11 16 -11 -8 -11 91 -11 -58 -11
41 -11 -46 -11 53 -11 -96 -11 3 -11
-21 -11 78 -11 -71 -11 28 -11 -27 -11
72 -11 -77 -11 22 -11 -2 -11 97 -11
-52 -11 47 -11 -39 -11 60 -11 -89 -11
10 -11 -14 -11 85 -11 -64 -11 35 -11
-34 -11 65 -11 -84 -11 15 -11 -9 -11
90 -11 -59 -11 40 -11 -47 -11 52 -11
-97 -11 2 -11 -22 -11 77 -11 -72 -11
27 -11 -28 -11 71 -11 -78 -11 21 -11
-3 -11 96 -11 -53 -11 46 -11 -40 -11
59 -11 -90 -11 9 -11 -15 -11 84 -11
-65 -11 34 -11 -31 -11 68 -11 -81 -11
18 -11 -6 -11 93 -11 -56 -11 43 -11
-43 -11 56 -11 -93 -11 6 -11 -18 -11
81 -11 -68 -11 31 -11 -25 -11 74 -11
-75 -11 24 -11 0 -11 99 -11 -50 -11
49 -11 -37 -11 62 -11 -87 -11 12 -11
-12 -11 87 -11 -62 -11 37 -11 -36 -11
63 -11 -86 -11 13 -11 -11 -11 88 -11
-61 -11 38 -11 -48 -11 51 -11 -98 -11
1 -11 -23 -11 76 -11 -73 -11 26 -11
-29 -11 70 -11 -79 -11 20 -11 -4 -11
95 -11 -54 -11 45 -11 -42 -11 57 -11
-92 -11 7 -11 -17 -11 82 -11 -67 -11
32 -11 -32 -11 67 -11 -82 -11 17 -11
-7 -11 92 -11 -57 -11 42 -11 -45 -11
54 -11 -95 -11 4 -11 -20 -11 79 -11
-70 -11 29 -11 -26 -11 73 -11 -76 -11
23 -11 -1 -11 98 -11 -51 -11 48 -11
-39 -11 60 -11 -89 -11 10 -11 -14 -11
85 -11 -64 -11 35 -11 -35 -11 64 -11
-85 -11 14 -11 -10 -11 89 -11 -60 -11
39 -11 -48 -11 51 -11 -98 -11 1 -11
-23 -11 76 -11 -73 -11 26 -11 -29 -11
70 -11 -79 -11 20 -11 -4 -11 95 -11
-54 -11 45 -11 -42 -11 57 -11 -92 -11
7 -11 -17 -11 82 -11 -67 -11 32 -11
-32 -11 67 -11 -82 -11 17 -11 -7 -11
92 -11 -57 -11 42 -11 -45 -11 54 -11
-95 -11 4 -11 -20 -11 79 -11 -70 -11
29 -11 -26 -11 73 -11 -76 -11 23 -11
-1 -11 98 -11 -51 -11 48 -11 -38 -11
61 -11 -88 -11 11 -11 -13 -11 86 -11
-63 -11 36 -11 -37 -11 62 -11 -87 -11
12 -11 -12 -11 87 -11 -62 -11 37 -11
-49 -11 50 -11 -99 -11 0 -11 -24 -11
75 -11 -74 -11 25 -11 -31 -11 68 -11
-81 -11 18 -11 -6 -11 93 -11 -56 -11
43 -11 -43 -11 56 -11 -93 -11 6 -11
-18 -11 81 -11 -68 -11 31 -11 -34 -11
65 -11 -84 -11 15 -11 -9 -11 90 -11
-59 -11 40 -11 -46 -11 53 -11 -96 -11
3 -11 -21 -11 78 -11 -71 -11 28 -11
-27 -11 72 -11 -77 -11 22 -11 -2 -11
97 -11 -52 -11 47 -11 -40 -11 59 -11
-90 -11 9 -11 -15 -11 84 -11 -65 -11
34 -11 -35 -11 64 -11 -85 -11 14 -11
-10 -11 89 -11 -60 -11 39 -11 -47 -11
52 -11 -97 -11 2 -11 -22 -11 77 -11
-72 -11 27 -11 -28 -11 71 -11 -78 -11
21 -11 -3 -11 96 -11 -53 -11 46 -11
-41 -11 58 -11 -91 -11 8 -11 -16 -11
83 -11 -66 -11 33 -11 -31 -11 68 -11
-81 -11 18 -11 -6 -11 93 -11 -56 -11
43 -11 -44 -11 55 -11 -94 -11 5 -11
-19 -11 80 -11 -69 -11 30 -11 -25 -11
74 -11 -75 -11 24 -11 0 -11 99 -11
-50 -11 49 -11 -38 -11 61 -11 -88 -11
11 -11 -13 -11 86 -11 -63 -11 36 -11
-36 -11 63 -11 -86 -11 13 -11 -11 -11
88 -11 -61 -11 38 -11 -49 -11 50 -11
-99 -11 0 -11 -24 -11 75 -11 -74 -11
25 -11 -30 -11 69 -11 -80 -11 19 -11
-5 -11 94 -11 -55 -11 44 -11 -42 -11
57 -11 -92 -11 7 -11 -17 -11 82 -11
-67 -11 32 -11 -33 -11 66 -11 -83 -11
16 -11 -8 -11 91 -11 -58 -11 41 -11
-45 -11 54 -11 -95 -11 4 -11 -20 -11
79 -11 -70 -11 29 -11 -27 -11 72 -11
-77 -11 22 -11 -2 -11 97 -11 -52 -11
47 -11 -39 -11 60 -11 -89 -11 10 -11
-14 -11 85 -11 -64 -11 35 -11 -35 -11
64 -11 -85 -11 14 -11 -10 -11 89 -11
-60 -11 39 -11 -47 -11 52 -11 -97 -11
2 -11 -22 -11 77 -11 -72 -11 27 -11
-29 -11 70 -11 -79 -11 20 -11 -4 -11
95 -11 -54 -11 45 -11 -41 -11 58 -11
-91 -11 8 -11 -16 -11 83 -11 -66 -11
33 -11 -32 -11 67 -11 -82 -11 17 -11
-7 -11 92 -11 -57 -11 42 -11 -44 -11
