41 34 26 50 45 46 0 42 2 1 30 20 8 24 59 75 36 57 6 28 68 56 58 48 12 65 47 44 23 7 49 9 4 27 60 22 40 16 15 73 29 32 54 13 37 39 74 70 62 72 64 35 69 51 5 11 53 31 21 19 17 67 71 52 10 33 55 14 43 18 25 38 61 3 63 66
4 65 16 52 63 55 74 6 8 17 20 66 41 44 39 75 34 37 68 1 5 59 2 21 64 71 67 32 29 12 31 57 36 10 18 38 43 30 45 62 46 27 22 3 53 73 28 7 33 26 25 0 47 42 72 54 14 23 11 58 61 70 40 9 24 48 56 19 69 13 60 50 51 15 49 35
41 37 33 29 63 22 4 24 40 1 74 21 42 17 59 20 6 73 75 0 48 65 52 11 60 27 18 30 45 12 67 32 2 43 71 34 53 44 55 72 51 47 62 3 15 64 68 25 58 8 7 70 38 56 50 16 28 36 5 69 23 35 57 31 61 26 54 46 9 49 13 19 39 66 14 10
5 42 49 71 39 60 41 31 69 10 15 6 37 26 65 53 36 29 9 58 1 64 24 40 52 54 74 28 12 17 21 66 11 48 47 8 44 50 22 70 68 25 45 7 56 63 67 0 16 30 19 55 27 73 20 4 32 23 75 34 18 14 43 59 33 38 51 3 61 46 13 35 62 57 2 72
64 30 12 24 43 31 19 71 48 73 52 45 27 16 3 60 9 29 34 70 37 2 6 15 51 62 23 8 21 50 18 57 10 59 69 25 22 53 61 56 39 67 20 35 33 54 68 58 13 66 32 65 74 72 7 46 17 40 36 28 42 4 49 55 1 14 26 0 63 75 44 47 5 11 41 38
18 21 58 47 72 12 15 38 14 63 24 41 62 40 49 8 56 27 74 3 5 46 9 11 42 60 17 28 0 61 31 75 52 70 20 69 57 13 37 51 43 36 25 6 71 48 7 50 66 34 30 65 53 39 10 22 67 1 54 26 59 29 32 55 45 23 35 44 68 16 2 19 64 73 33 4
73 24 57 16 37 41 70 9 29 74 12 10 13 46 43 2 63 14 1 62 35 60 15 53 67 25 34 6 49 61 3 54 75 42 26 56 4 72 7 20 31 44 68 28 8 65 5 23 22 66 59 64 11 19 48 52 36 50 71 38 0 21 33 17 55 27 47 58 30 45 40 18 69 32 51 39
20 19 62 2 25 16 73 53 48 61 42 41 51 58 46 56 54 47 10 43 59 18 0 29 52 63 72 38 13 11 74 40 64 34 1 31 15 7 39 32 3 36 23 5 8 45 44 22 67 60 28 30 71 24 21 37 69 70 55 66 12 4 49 33 6 65 27 75 17 35 57 14 50 68 9 26
3 30 59 29 4 51 18 24 36 46 68 26 42 10 61 73 7 38 14 35 60 74 28 27 22 15 58 52 56 67 66 72 6 65 0 37 20 16 11 1 50 32 70 53 49 45 63 44 64 47 33 39 12 62 43 13 9 75 57 5 31 41 17 23 71 34 2 8 25 55 69 21 19 40 48 54
21 5 55 28 26 66 67 1 48 74 68 8 51 70 13 29 16 9 53 41 64 50 57 14 69 6 7 59 23 19 39 40 25 34 22 43 38 18 54 2 52 61 31 3 60 36 12 44 71 15 35 42 27 0 32 10 62 75 72 46 24 45 4 17 56 20 73 11 30 65 47 63 37 33 58 49
65 41 30 51 62 52 10 44 69 31 57 4 46 27 68 42 8 71 24 49 35 37 59 18 26 56 47 38 66 45 0 36 39 53 1 55 21 14 40 9 73 3 54 15 2 25 20 28 74 22 50 43 12 75 34 61 48 60 6 13 5 16 32 17 67 7 63 23 29 11 19 72 70 58 64 33
64 70 6 24 66 10 50 51 68 57 54 48 32 19 21 60 2 44 15 41 18 17 26 49 56 67 46 22 74 65 3 27 43 7 75 16 58 45 47 72 11 55 12 8 69 33 52 35 20 63 4 34 37 29 59 39 61 30 38 0 1 53 40 36 73 5 28 31 9 42 71 62 23 14 13 25
50 41 4 63 23 71 12 54 21 55 35 0 13 32 51 28 34 49 24 59 58 10 30 48 39 17 22 3 47 42 67 73 11 15 44 2 57 40 33 16 14 52 1 75 69 72 26 53 8 56 9 27 36 20 66 31 74 68 19 18 60 43 6 38 37 62 25 70 64 7 61 45 65 29 5 46
74 70 10 18 17 39 72 31 40 55 21 11 49 50 34 28 1 20 61 37 13 25 7 64 69 65 71 15 42 35 57 52 48 54 30 44 22 14 8 23 73 33 68 43 63 19 9 53 29 51 75 5 12 62 66 45 0 3 58 47 46 24 6 38 2 27 26 41 60 32 56 59 16 67 36 4
72 58 14 59 71 15 26 19 49 35 33 66 40 36 41 55 21 25 34 11 2 30 3 54 67 48 29 9 1 46 68 7 39 70 13 56 64 18 12 0 63 51 4 27 37 53 43 16 22 61 45 62 47 38 20 74 75 28 65 69 17 73 44 5 52 8 50 10 23 31 42 60 24 57 6 32
48 31 45 61 62 21 14 68 32 3 75 20 60 73 66 64 33 47 52 54 10 58 7 43 27 8 44 17 0 39 19 4 46 26 12 11 15 51 49 28 40 53 6 50 9 57 69 34 59 2 38 70 5 72 65 56 13 24 1 71 16 25 63 22 30 18 55 41 35 37 74 36 42 29 67 23
14 65 22 44 29 43 74 2 47 36 60 57 19 24 13 1 20 58 12 25 66 40 71 16 48 18 3 70 62 56 21 41 61 73 9 52 28 59 64 30 68 42 69 23 35 55 26 5 50 0 31 49 38 4 46 39 63 27 37 17 15 75 6 72 7 67 34 54 53 8 51 11 10 33 45 32
63 43 54 6 19 7 30 64 4 42 67 10 26 32 25 38 68 1 18 21 72 34 60 15 0 62 41 39 33 50 53 9 11 14 12 8 66 65 47 55 29 36 22 49 27 40 70 20 35 46 16 37 24 74 69 59 28 75 56 45 51 2 57 58 44 73 5 71 3 48 13 61 52 17 31 23
75 58 48 23 11 13 73 47 67 35 41 62 60 39 50 20 49 28 3 19 30 57 33 21 51 1 74 40 66 25 27 44 17 14 59 65 72 46 29 16 63 68 42 18 37 8 69 54 6 7 56 45 24 55 34 5 22 12 36 15 0 71 4 61 43 64 26 52 2 9 10 32 31 70 53 38
17 58 5 4 30 14 19 0 36 48 27 72 54 16 31 64 74 59 33 37 21 47 18 11 40 9 50 32 42 38 3 12 73 22 1 53 15 66 57 29 13 28 2 75 46 39 20 68 63 6 34 7 67 60 43 69 71 10 62 52 51 23 55 8 24 44 35 26 45 56 41 49 65 25 70 61
1 11 10 2 28 30 72 0 70 33 47 20 55 58 43 3 9 8 36 38 64 66 65 18 17 41 15 4 52 69 6 13 57 73 60 49 63 35 74 31 68 21 42 14 29 34 27 67 16 53 19 22 32 62 48 71 7 50 39 45 59 24 12 25 37 26 46 61 44 56 23 5 40 51 54 75
6 21 66 60 17 39 68 62 53 73 20 75 56 48 35 32 64 3 16 22 51 69 40 28 70 31 63 67 10 38 34 24 61 11 37 5 19 47 58 41 23 52 50 8 65 15 12 4 36 71 59 72 0 25 13 1 26 45 14 74 9 49 55 46 43 18 29 33 2 54 30 42 27 7 57 44
72 42 40 63 3 36 75 65 21 70 66 69 8 15 22 64 52 39 27 54 51 73 13 25 58 45 44 48 11 33 35 14 10 56 16 55 9 7 62 57 32 74 2 59 5 0 53 49 41 12 47 23 30 26 31 18 68 29 61 1 60 19 37 28 38 46 34 43 4 6 17 24 50 20 71 67
15 46 59 42 22 56 70 9 40 60 51 26 27 24 5 25 3 28 49 1 36 6 39 44 75 17 16 12 50 62 72 71 43 21 19 0 8 4 69 37 33 65 23 68 7 20 38 66 57 18 58 48 11 55 13 29 47 54 31 32 63 2 34 73 74 30 67 14 53 10 41 45 61 52 35 64
40 37 38 14 8 43 50 13 56 67 23 55 64 25 45 34 22 16 51 44 15 2 1 46 39 7 72 66 36 26 52 74 27 61 42 75 63 0 20 17 70 6 48 3 47 59 69 54 71 21 31 58 29 41 24 33 11 9 49 5 4 35 28 62 73 18 68 30 10 57 60 32 65 53 19 12
51 20 43 70 36 69 49 47 15 29 30 0 19 44 62 42 10 52 45 46 57 28 72 7 53 75 50 60 59 6 58 8 67 9 48 18 17 54 34 73 26 11 23 37 14 4 32 1 71 21 68 66 5 56 74 55 65 39 64 2 63 27 22 31 12 41 35 3 13 25 24 33 38 16 40 61
61 20 32 11 45 7 35 12 16 44 8 21 40 30 62 23 74 17 43 58 66 48 50 2 33 28 3 14 69 46 9 70 68 10 47 75 37 27 52 57 1 6 5 39 13 54 36 25 19 34 26 71 72 49 0 24 64 73 15 18 42 59 63 65 56 51 41 22 31 38 67 29 60 53 55 4
59 0 33 15 45 27 6 74 40 4 9 61 47 17 3 63 35 42 49 2 13 57 51 12 5 72 66 69 21 53 44 68 7 14 34 11 19 65 58 22 38 37 31 24 71 75 16 62 67 20 46 48 56 39 23 41 32 55 30 10 8 70 1 26 54 29 50 64 36 28 52 18 43 25 60 73
33 30 41 65 66 45 49 4 56 57 62 64 34 31 52 22 36 73 27 39 7 42 8 25 70 21 69 19 28 18 74 2 72 11 9 44 1 48 17 10 40 67 59 43 37 16 58 54 14 5 32 15 51 50 47 68 63 12 20 29 3 6 13 61 26 55 24 71 35 60 53 38 46 0 23 75
3 75 9 59 38 74 68 13 56 5 70 20 42 1 54 23 39 69 49 31 14 2 21 60 16 30 27 50 26 25 34 4 10 71 62 35 17 43 46 51 65 33 64 40 41 58 6 73 18 53 36 29 52 19 72 0 28 32 67 8 47 22 7 11 45 37 15 55 44 24 63 48 12 66 57 61
47 13 61 53 5 65 2 23 20 18 25 28 12 22 19 57 33 60 32 72 64 66 68 74 34 40 37 14 41 16 56 8 43 62 15 39 75 10 4 70 59 26 51 30 35 38 21 49 52 44 17 29 42 27 45 73 11 54 36 63 46 24 69 9 1 67 48 6 58 55 0 71 50 3 31 7
15 69 43 23 22 67 39 27 50 8 64 29 51 71 14 0 45 38 28 6 12 53 63 61 54 58 26 49 66 1 16 57 44 25 75 65 4 7 72 37 33 60 18 21 35 74 70 40 59 5 47 32 42 55 17 48 11 46 30 68 19 62 31 56 3 10 2 20 52 73 34 24 36 41 13 9
13 14 75 15 11 73 49 72 42 10 33 46 37 51 55 52 71 65 8 32 70 61 34 17 0 68 62 74 4 58 19 54 69 27 41 29 40 45 53 66 12 31 26 60 28 5 67 25 39 63 23 22 36 48 57 43 21 6 7 35 9 16 3 2 59 50 56 47 1 44 38 18 24 64 30 20
12 19 62 34 45 11 71 32 10 15 38 0 58 64 42 73 29 40 18 55 52 6 8 37 1 7 44 36 24 35 72 4 48 53 50 63 30 70 51 49 33 69 20 67 59 66 65 26 41 57 61 75 74 5 21 56 13 60 39 9 47 31 17 68 25 28 43 16 27 23 2 3 54 22 46 14
25 60 23 37 71 12 46 13 66 30 51 44 55 34 31 35 10 67 29 63 18 0 7 19 49 47 56 69 16 22 33 24 39 59 75 43 62 50 5 64 3 72 9 57 32 2 58 11 41 6 70 14 40 61 38 21 53 8 42 15 68 1 54 74 36 73 65 52 26 45 48 27 20 17 4 28
37 48 24 72 35 19 9 0 1 6 39 75 25 18 64 36 7 65 60 23 73 27 22 58 31 53 10 38 71 2 41 57 69 33 14 26 15 8 70 32 67 34 16 66 47 56 62 43 17 49 46 54 55 4 63 42 20 59 28 68 52 50 74 51 5 30 29 12 13 21 11 40 61 44 3 45
45 25 47 0 59 61 11 52 12 66 57 49 60 26 73 31 36 5 7 72 1 33 42 74 69 15 40 6 29 2 8 58 35 19 9 3 50 44 65 48 24 56 28 43 70 4 71 38 23 14 54 75 46 53 55 39 62 34 18 10 30 37 27 22 63 17 41 51 16 13 20 67 21 32 64 68
63 24 34 38 23 56 54 29 20 60 4 73 14 32 30 36 0 26 59 10 66 2 43 58 69 35 49 64 17 11 46 41 42 31 47 68 62 9 21 13 3 48 18 33 70 5 74 72 55 6 52 71 27 51 8 37 7 19 15 12 50 28 44 16 40 65 67 57 1 39 53 45 61 75 22 25
24 18 19 38 34 44 58 65 15 1 32 22 53 68 72 45 61 55 31 0 33 12 6 67 28 8 71 46 59 3 66 4 29 30 10 5 16 9 36 23 25 43 60 41 56 50 2 42 51 57 13 7 69 64 49 75 40 14 73 63 39 27 21 11 70 48 52 26 37 62 74 35 20 47 54 17
23 46 36 34 16 28 62 73 25 67 71 21 70 72 4 9 68 27 18 19 57 52 42 35 58 75 54 30 44 59 14 3 38 20 37 48 53 55 22 43 0 13 69 41 40 12 47 45 10 39 51 66 74 64 24 2 32 33 61 6 56 29 63 5 1 50 7 60 15 8 65 49 11 31 26 17
48 50 8 24 69 65 12 40 51 36 33 49 35 14 27 60 41 39 58 71 55 46 70 62 34 67 38 47 75 56 73 21 22 6 64 10 52 3 19 54 44 16 7 5 53 11 28 9 61 59 20 45 18 37 29 0 17 63 57 25 74 4 42 15 66 13 26 68 1 30 31 43 32 2 23 72
31 0 41 5 42 64 53 69 73 3 17 32 29 4 59 49 16 60 7 13 12 46 56 27 55 2 33 1 52 47 58 71 51 6 14 65 54 50 43 25 70 20 19 26 30 72 48 9 24 38 11 63 44 68 34 8 66 39 61 35 45 23 21 67 75 74 37 22 57 15 10 62 40 28 36 18
50 30 19 69 64 21 18 22 11 8 75 35 52 42 73 26 33 25 66 15 67 68 54 29 27 3 14 53 2 48 34 57 61 74 59 58 17 43 37 65 44 72 63 39 56 31 71 46 60 13 20 55 70 9 32 4 41 45 10 16 47 28 62 12 38 6 36 40 5 51 7 1 0 23 24 49
17 39 11 5 15 74 40 41 54 70 16 19 3 9 10 33 62 52 66 45 27 4 63 24 47 42 49 43 14 13 23 48 0 55 69 59 67 20 65 58 31 53 64 22 2 36 29 61 72 30 35 37 75 21 51 12 28 6 34 38 60 25 32 56 18 44 73 26 1 68 50 57 71 7 46 8
65 70 57 9 10 2 7 52 13 25 24 11 5 49 63 1 55 16 43 75 41 19 37 64 45 51 60 53 18 71 30 42 74 20 17 47 0 50 36 44 28 12 73 22 6 4 23 48 39 67 32 59 38 54 33 14 27 72 61 21 56 58 34 69 68 8 40 31 62 46 3 35 26 15 66 29
22 36 49 53 29 44 59 2 6 57 0 58 66 70 73 47 69 37 34 20 25 72 61 46 63 65 41 31 4 15 68 55 54 19 11 5 50 67 43 9 75 52 38 35 42 60 14 17 71 21 40 7 12 10 27 3 64 32 56 23 39 1 24 26 33 8 74 28 48 18 13 51 16 62 45 30
34 38 39 66 40 42 14 74 6 11 64 45 8 61 26 13 32 59 41 62 31 47 15 65 4 67 50 3 18 9 57 19 68 21 29 52 63 70 20 5 35 1 36 75 43 0 33 72 16 37 24 44 2 46 55 7 60 28 48 27 51 71 22 56 25 23 12 58 49 10 73 69 53 17 54 30
39 63 10 16 70 1 73 62 26 55 59 31 5 6 14 68 48 56 49 51 8 13 45 28 2 24 54 4 61 71 57 33 27 66 29 42 32 50 65 40 60 7 53 23 74 34 21 47 37 67 22 36 18 3 35 41 17 46 52 43 58 11 30 15 64 19 9 25 12 44 72 69 75 20 0 38
52 22 18 60 63 50 25 72 48 29 14 54 73 74 56 10 39 62 31 75 0 6 2 70 40 13 58 33 17 51 12 16 67 68 66 46 9 20 32 28 30 19 65 27 3 7 24 44 36 55 69 37 35 64 45 38 61 59 47 41 5 15 49 11 71 34 8 53 1 23 21 43 26 57 42 4
13 48 37 7 10 16 68 1 62 64 32 60 15 19 28 58 18 27 17 55 35 70 3 67 36 26 22 47 30 5 11 44 40 71 66 69 72 34 75 14 42 45 29 43 41 61 73 23 12 56 46 2 4 8 63 0 39 50 25 52 24 20 54 59 31 21 57 9 65 38 49 6 51 33 53 74
30 34 38 57 46 49 12 26 18 69 32 9 55 75 64 43 31 16 36 50 6 59 47 53 72 28 14 23 20 67 22 63 58 45 60 74 68 40 65 19 62 13 42 33 1 54 27 8 17 4 35 15 56 48 7 44 41 37 73 11 52 21 71 10 3 39 2 24 29 0 25 5 61 70 66 51
71 42 30 27 56 25 60 15 44 18 41 16 4 62 32 74 1 7 9 35 20 3 8 45 14 39 24 55 61 5 49 26 34 52 12 47 66 65 58 75 22 46 50 29 19 10 33 31 54 2 40 6 21 73 0 57 72 51 13 68 59 11 69 28 38 48 67 43 37 70 36 23 63 53 64 17
32 57 56 54 51 10 30 19 4 45 26 58 66 59 23 25 7 53 71 5 44 43 34 48 68 38 52 35 11 41 3 49 0 39 21 29 67 20 15 31 9 74 18 17 73 42 40 63 24 69 62 16 61 2 75 12 36 65 8 47 6 13 72 46 27 55 14 33 28 70 22 1 60 37 50 64
72 69 60 68 42 36 13 28 53 57 35 26 64 32 37 58 30 15 29 71 9 8 38 43 31 33 50 34 67 51 44 52 17 18 55 7 19 11 56 6 27 39 65 3 62 25 1 20 5 46 45 40 61 22 10 73 16 4 59 2 21 23 48 54 74 12 41 70 24 14 66 63 49 0 47 75
51 23 15 35 29 56 71 25 42 45 58 73 50 32 31 69 19 53 67 44 52 13 11 5 7 62 21 1 18 9 74 14 12 28 59 39 4 43 3 6 49 64 47 61 57 75 0 55 63 30 22 10 8 72 40 48 2 41 70 16 37 33 20 65 66 68 27 54 36 26 38 60 34 17 46 24
73 35 31 23 45 16 70 19 39 67 8 22 17 47 36 42 33 57 58 43 40 10 64 71 2 55 75 27 20 59 61 38 4 52 18 7 56 26 1 54 72 28 5 51 3 74 9 46 65 32 21 69 66 30 48 0 37 6 25 63 34 62 29 50 14 41 53 68 24 15 44 60 12 49 11 13
50 58 35 60 39 1 29 41 2 15 57 74 40 5 34 51 21 46 55 37 7 64 70 62 12 42 49 31 8 66 18 67 72 13 47 23 0 69 10 56 38 59 26 6 53 75 63 73 48 32 30 33 3 68 36 9 52 25 44 45 11 71 54 20 19 14 24 27 43 28 16 22 17 4 61 65
20 22 32 64 28 33 21 1 51 9 12 23 26 65 57 52 39 7 34 17 49 29 41 66 44 4 72 60 14 8 71 47 10 27 30 54 40 46 68 25 45 73 56 42 37 16 6 69 0 50 35 53 43 67 24 2 74 70 59 11 15 63 38 36 75 5 61 19 62 18 31 55 48 58 3 13
72 10 18 53 27 32 23 24 44 1 35 45 2 17 67 9 54 31 64 16 34 58 47 68 41 48 28 20 71 13 49 69 21 65 36 46 43 62 59 57 70 42 12 29 73 5 26 60 55 52 75 38 4 0 14 37 33 51 30 11 50 22 3 19 61 66 8 25 7 40 74 15 6 63 56 39
34 64 25 33 7 60 24 69 58 47 73 17 43 0 30 32 11 2 21 56 28 1 37 54 26 74 10 14 13 16 50 6 18 15 22 42 61 12 20 48 9 44 40 8 46 3 39 51 62 65 41 70 55 36 38 53 45 66 68 72 27 67 29 57 63 23 35 4 71 49 5 19 31 59 52 75
64 51 67 57 44 22 52 12 49 74 46 39 14 25 69 5 6 54 55 19 18 66 59 3 16 23 62 4 11 28 65 35 27 9 24 8 63 53 0 43 13 20 33 47 71 60 15 21 45 56 36 2 31 34 75 38 37 17 73 26 58 7 1 50 10 41 61 70 48 72 42 32 29 68 40 30
60 52 35 33 55 66 37 42 39 6 62 19 3 48 11 72 13 12 70 15 10 53 46 49 67 45 31 23 73 21 75 17 7 40 30 47 29 44 0 22 5 32 24 43 27 9 4 14 71 1 54 16 50 51 65 2 74 69 28 64 56 8 57 34 26 59 25 63 68 36 41 38 58 20 61 18
14 72 30 34 45 32 10 70 69 73 24 3 4 51 15 2 36 39 16 5 66 56 29 31 22 63 75 6 37 61 35 68 48 62 43 60 11 8 26 13 23 9 55 18 17 27 41 47 28 44 38 1 58 25 7 19 74 71 49 12 20 0 33 65 46 21 53 57 67 54 50 42 59 52 40 64
74 10 49 21 57 22 19 26 4 75 45 62 42 37 55 69 25 14 61 54 8 2 1 6 64 71 29 44 36 68 35 43 53 48 39 38 33 46 47 60 23 3 40 11 27 67 13 56 41 73 34 18 20 17 50 70 28 72 9 59 0 12 30 66 15 31 65 16 32 7 24 5 51 58 52 63
45 70 68 35 66 7 32 43 61 52 18 4 13 42 64 40 71 69 3 19 63 29 54 28 47 26 31 50 12 2 9 22 37 21 51 0 46 38 11 20 27 34 74 65 57 48 30 5 62 60 55 14 33 10 59 15 53 67 75 23 44 72 73 24 41 58 39 25 49 1 56 17 36 6 8 16
5 2 12 10 63 59 57 64 44 39 56 24 33 1 41 54 40 55 60 31 61 4 23 8 74 26 0 3 48 73 19 16 25 46 72 7 22 47 71 34 70 17 62 69 18 29 75 15 45 35 51 66 65 30 13 38 37 32 42 49 43 20 67 11 58 36 21 27 28 14 68 50 9 53 6 52
19 27 7 4 12 41 43 31 52 36 3 18 13 0 75 57 71 56 63 14 22 66 30 20 65 35 73 37 17 58 23 6 60 55 33 40 47 16 10 5 1 54 29 2 44 51 24 11 42 68 45 69 34 61 9 59 8 38 48 67 64 70 25 50 46 15 72 39 28 49 74 21 62 32 53 26
48 28 36 55 35 5 18 2 15 13 24 72 42 16 32 53 19 60 50 21 40 43 17 51 25 73 6 26 33 7 1 63 3 66 68 67 62 8 44 31 0 58 39 23 47 38 59 14 27 46 41 9 29 52 65 20 11 45 37 49 56 22 57 75 64 34 10 4 69 71 54 12 61 70 74 30
0 52 21 17 1 16 8 54 31 46 41 12 10 64 68 59 19 6 30 50 25 70 55 51 57 66 2 27 29 14 5 72 44 15 49 73 47 58 35 36 42 63 38 4 32 69 18 28 61 45 71 65 48 62 26 74 22 67 3 40 7 43 20 39 11 37 23 13 53 9 34 56 33 60 24 75
46 64 20 34 68 59 25 32 73 36 53 71 29 9 4 62 75 18 55 37 3 8 11 31 42 0 28 49 44 35 7 65 26 61 12 52 21 33 66 16 57 40 30 6 39 45 60 15 22 23 72 43 1 24 50 51 2 14 54 56 70 5 47 41 10 27 17 63 19 38 48 74 13 69 67 58
64 17 30 11 1 56 73 33 23 58 10 53 49 26 75 65 8 34 31 20 54 72 12 36 38 59 71 3 15 29 69 5 62 2 66 43 28 57 52 32 37 70 18 40 41 25 47 22 63 55 74 67 51 46 48 9 44 50 35 14 24 7 60 68 4 61 39 6 42 16 0 45 27 19 21 13
61 74 57 14 10 27 59 53 71 37 16 75 63 55 45 33 13 8 60 42 73 15 19 25 34 40 2 43 5 0 44 38 1 49 67 39 68 72 17 41 30 11 20 70 46 56 65 18 36 7 52 58 62 6 12 29 4 24 69 35 32 22 66 31 9 23 21 3 28 26 47 50 51 54 64 48
30 47 72 74 31 9 53 46 35 32 38 75 26 34 17 62 16 13 63 39 60 33 42 43 52 27 54 19 69 65 71 2 8 41 55 12 50 29 45 66 7 24 20 67 48 18 5 36 40 61 1 59 25 73 58 0 68 14 3 21 22 64 6 56 28 15 4 44 11 57 70 23 37 49 51 10
2 19 47 57 56 72 65 35 37 20 16 64 27 5 68 15 38 41 58 28 53 69 17 44 9 67 54 31 26 59 66 23 48 7 33 52 62 14 0 32 71 6 49 42 45 12 61 10 46 3 70 18 74 30 75 63 36 21 51 60 39 55 1 8 34 50 13 11 73 24 25 43 29 40 4 22
10 27 2 38 19 25 18 24 63 71 47 39 50 1 68 45 31 51 58 3 0 40 65 70 57 53 20 74 8 41 33 5 7 46 28 17 66 15 22 67 49 59 23 21 34 62 37 75 35 42 54 52 48 11 61 29 4 72 43 36 6 16 44 55 14 64 32 69 9 56 60 13 26 12 73 30
72 61 20 18 41 34 73 13 0 6 38 27 60 30 4 68 75 3 32 26 14 69 22 10 16 66 59 53 37 35 17 48 51 25 46 62 56 9 31 11 71 12 74 44 58 21 36 39 67 54 64 5 47 23 19 50 2 8 33 28 63 52 1 70 42 57 43 7 65 45 24 40 15 49 29 55
74 59 34 55 12 22 67 48 11 61 47 20 43 41 62 1 17 42 69 45 54 2 39 16 52 31 33 36 65 49 46 13 63 57 6 51 50 18 53 0 68 4 8 64 24 14 28 9 66 40 5 25 44 26 37 21 30 58 38 19 72 75 35 60 29 3 70 71 27 56 15 73 23 10 7 32
10 2 45 18 6 30 23 49 12 8 64 9 59 36 24 62 20 68 43 16 46 28 48 61 57 71 55 56 14 11 7 66 29 17 26 32 67 5 42 21 47 13 1 25 33 70 40 53 3 72 27 69 0 58 19 4 22 35 60 39 75 54 50 52 73 37 15 34 74 51 31 41 65 38 44 63
38 15 54 21 47 33 75 39 52 58 60 43 2 62 3 14 37 67 27 35 68 51 48 30 18 70 26 19 24 71 56 63 74 5 59 16 25 7 64 42 32 9 20 40 69 4 34 10 57 73 44 8 31 13 55 17 28 6 22 49 61 0 53 12 45 65 29 1 36 72 23 66 50 11 46 41
40 5 43 27 75 73 69 67 52 16 6 22 60 12 31 33 63 66 30 34 17 42 58 68 54 62 29 7 19 51 72 10 2 24 48 64 46 3 61 41 45 23 9 0 53 65 44 38 57 32 28 47 49 39 11 4 36 14 21 70 50 8 20 71 55 15 26 59 37 25 1 74 35 13 18 56
47 66 8 21 1 26 62 6 41 45 30 38 57 70 63 29 27 67 73 36 49 75 74 59 9 71 17 31 44 28 25 69 11 60 68 33 14 20 37 24 72 54 22 55 42 16 18 4 65 3 56 64 52 5 7 51 19 43 48 12 32 13 50 61 35 0 58 39 40 2 10 53 23 34 15 46
58 54 44 49 43 52 33 11 0 23 75 51 5 13 60 21 63 35 41 38 12 10 8 22 40 50 29 28 66 3 65 2 27 59 48 64 56 39 55 57 14 6 18 16 30 74 4 20 69 24 45 70 73 25 46 7 32 15 1 71 36 68 9 42 34 61 67 26 17 53 47 37 19 31 62 72
13 56 74 10 53 49 6 60 54 4 71 7 24 18 68 17 28 39 45 9 51 40 35 8 11 0 3 26 2 15 1 72 64 36 31 29 19 44 16 25 47 67 42 37 62 27 5 61 43 70 12 59 23 50 66 34 14 65 32 75 69 63 41 20 38 73 30 48 52 58 33 55 46 57 22 21
59 32 18 54 16 10 26 66 48 41 38 61 5 46 68 12 13 50 23 11 1 20 15 2 70 24 19 28 39 4 75 65 47 7 42 17 3 44 6 8 25 52 64 34 69 31 56 37 73 35 74 58 60 45 33 63 55 0 43 53 30 62 9 27 71 51 21 72 40 29 49 22 14 67 36 57
56 65 27 15 21 36 17 57 29 70 19 69 63 59 60 68 14 23 32 20 22 24 28 39 6 3 38 51 41 58 46 13 62 48 72 40 12 26 45 18 53 31 9 11 75 2 33 55 44 43 67 74 52 16 54 25 34 47 50 8 71 64 10 61 5 35 73 42 4 30 0 1 37 7 49 66
50 49 64 23 57 20 37 74 6 51 41 47 59 55 66 12 34 32 46 24 31 30 17 61 28 71 43 75 35 39 9 65 7 69 70 73 42 15 4 5 45 19 2 3 38 36 68 62 14 16 25 33 21 56 13 11 53 1 48 52 40 63 0 8 22 67 18 60 27 29 72 58 10 26 44 54
60 1 58 38 63 12 49 7 51 73 74 0 22 32 40 17 16 5 71 47 50 65 8 31 25 37 48 61 6 10 44 62 54 33 24 19 15 2 59 28 42 11 69 53 66 30 35 26 13 9 56 68 57 23 3 14 52 45 64 67 41 21 27 55 72 39 18 43 36 46 4 29 75 34 70 20
57 32 75 5 1 10 43 39 71 7 8 51 4 53 49 0 45 34 18 20 73 59 6 70 69 52 9 22 60 41 64 14 23 56 15 44 31 24 50 37 28 16 25 54 2 48 12 38 63 3 36 33 66 65 40 21 30 17 11 46 55 62 42 58 29 68 61 27 35 47 13 67 72 19 74 26
43 18 28 57 32 64 1 14 33 17 20 66 4 44 52 49 68 21 10 11 71 50 29 60 3 70 26 9 54 0 22 19 2 46 63 8 61 16 56 62 31 47 24 37 15 36 6 38 48 75 74 73 53 55 13 58 51 42 7 25 34 23 41 72 65 45 27 59 69 35 39 67 40 12 30 5
61 22 63 45 7 66 46 5 41 65 68 55 38 10 3 71 2 31 50 28 17 70 35 1 36 53 30 67 19 49 48 57 15 54 32 60 51 0 18 23 74 64 12 59 29 40 16 73 27 9 43 34 56 26 69 44 25 33 20 37 13 62 4 6 8 11 52 21 75 14 47 39 42 24 72 58
75 18 1 30 20 8 56 65 22 51 7 63 52 13 66 46 34 11 27 21 70 23 29 39 10 41 40 62 57 36 5 74 71 24 72 53 4 73 12 33 58 25 49 37 35 69 60 19 0 9 47 44 64 45 61 17 26 59 6 16 28 67 55 15 31 3 43 68 2 32 14 48 54 50 38 42
36 41 57 54 38 69 25 61 14 20 66 13 65 27 60 22 33 75 2 15 73 71 23 50 34 59 11 5 29 46 45 67 9 19 72 43 62 4 68 26 53 39 8 49 47 32 16 31 56 42 40 17 6 74 21 18 55 58 52 64 48 30 24 3 37 44 63 28 7 51 70 12 10 35 0 1
69 65 37 11 67 58 45 63 50 23 62 64 5 70 20 55 56 2 41 34 1 38 72 18 17 4 6 33 42 15 52 22 54 31 39 29 43 74 35 59 24 60 75 51 57 14 40 26 53 32 21 25 12 19 66 13 9 36 10 3 48 61 30 73 49 28 27 7 68 47 16 0 44 46 8 71
60 33 44 6 59 25 58 61 5 19 16 65 22 37 17 66 49 72 32 38 63 57 70 0 30 46 7 40 48 67 62 1 45 20 18 75 29 73 34 12 74 56 36 11 8 35 3 47 53 2 9 64 69 50 43 10 15 68 41 54 13 28 31 23 42 26 4 21 39 14 55 52 71 51 24 27
6 55 54 67 26 69 53 31 48 75 59 57 13 1 29 40 56 14 4 64 44 45 11 35 7 15 17 47 24 23 12 41 52 73 72 62 68 2 25 32 50 16 20 28 0 61 46 8 33 49 43 71 27 9 34 10 38 60 21 51 19 22 70 37 39 5 36 74 42 3 58 18 30 66 63 65
43 55 7 51 38 12 52 64 13 34 50 57 19 53 35 66 32 46 27 72 37 25 23 69 2 67 14 8 68 26 29 6 42 5 58 59 41 30 54 21 9 11 63 49 1 18 48 33 65 3 75 62 73 31 36 40 22 47 0 61 24 17 15 20 4 28 71 56 44 70 10 45 74 16 60 39
74 1 27 75 26 63 52 11 73 35 14 40 13 44 39 65 22 57 33 17 30 5 37 59 56 24 49 46 29 45 60 66 47 58 10 8 54 7 25 34 36 50 41 21 38 61 67 6 69 70 23 19 3 4 72 55 32 53 18 48 43 42 51 15 31 2 68 0 16 62 12 64 28 20 71 9
11 61 25 17 24 73 45 30 66 42 8 75 14 37 26 29 60 13 36 20 47 57 59 38 31 68 52 41 40 35 12 44 48 46 71 64 33 3 5 15 0 69 18 50 56 4 7 49 34 28 19 22 2 62 53 74 10 27 51 21 55 63 70 67 1 6 58 65 72 54 9 39 23 43 32 16
26 59 73 35 23 19 57 70 51 39 45 13 71 38 2 67 17 60 0 24 1 25 52 6 42 62 8 50 53 33 54 11 3 72 49 30 29 56 64 15 9 12 34 36 55 46 32 27 43 41 75 28 66 14 40 47 16 65 22 20 4 58 10 48 7 5 21 68 61 31 74 18 44 63 37 69
68 39 50 65 26 67 70 36 62 59 72 64 7 28 40 20 30 55 44 29 56 25 37 6 53 60 49 11 66 35 48 32 46 12 58 34 0 38 47 57 3 10 16 22 41 54 74 51 19 9 73 4 45 33 1 8 13 43 24 2 14 21 42 15 17 5 23 27 63 71 61 52 69 18 31 75
