51 5 65 58 12 18 15 70 20 24 62 74 47 59 48 55 9 50 17 53 39 0 49 72 64 61 10 40 43 13 14 75 44 1 8 29 69 46 56 45 52 22 42 33 23 6 37 71 26 32 21 7 34 38 3 11 60 73 57 67 36 2 27 54 4 41 25 19 68 30 66 28 35 63 31 16
36 65 35 50 31 46 56 57 24 53 20 34 44 43 21 1 48 54 60 25 9 2 6 16 68 28 58 47 27 69 40 33 42 59 38 37 61 45 73 3 66 10 72 18 39 32 62 11 29 71 23 70 63 41 7 14 17 51 75 55 12 19 4 49 13 64 52 30 15 67 0 22 74 26 5 8
71 42 59 60 40 5 75 8 55 17 25 67 43 10 65 13 24 47 45 49 26 38 22 63 44 21 36 68 34 52 7 74 32 9 46 4 72 48 1 56 37 66 19 62 35 70 64 31 3 30 51 0 15 14 28 58 69 18 6 16 23 53 61 50 73 39 57 12 2 29 33 20 27 54 41 11
10 19 16 72 57 45 28 31 55 15 6 27 0 14 60 42 13 35 24 38 4 50 63 18 62 75 33 41 59 34 29 74 23 36 22 46 21 47 56 52 70 44 12 3 65 69 1 67 5 68 17 30 7 2 32 64 20 51 43 25 9 39 49 53 11 48 8 26 54 73 40 71 61 58 66 37
67 75 68 3 4 34 53 57 70 47 14 32 64 15 61 19 8 33 27 24 11 36 13 18 10 22 9 31 6 69 28 71 59 1 74 56 25 44 55 63 39 20 66 40 29 21 2 46 26 16 7 51 12 58 65 41 35 42 0 43 50 37 54 72 30 52 49 5 38 23 17 45 62 73 48 60
30 2 74 21 66 28 52 20 34 19 22 56 37 41 17 7 32 0 10 53 58 46 65 64 68 11 62 39 54 35 40 67 9 55 75 33 36 70 49 43 59 15 24 3 18 71 60 23 51 63 26 61 48 16 13 29 5 69 44 1 31 72 38 45 50 25 8 12 27 42 57 14 47 4 73 6
15 61 26 72 49 33 4 40 2 10 50 41 69 73 28 39 43 66 5 51 7 35 12 1 20 16 65 60 24 53 32 25 0 75 13 52 67 34 14 30 48 68 36 17 71 18 31 46 54 42 62 45 55 74 11 6 23 29 27 57 37 56 64 8 44 22 21 70 38 3 59 63 9 47 19 58
31 39 53 56 23 2 61 46 45 58 48 33 50 24 17 72 42 71 43 57 27 47 62 41 12 74 9 69 40 28 4 52 49 51 30 55 26 34 29 20 67 25 11 63 66 75 7 21 68 18 60 3 54 65 73 38 32 1 15 5 59 6 44 16 64 36 22 19 0 37 8 70 35 13 10 14
16 35 55 1 5 17 32 22 64 61 13 25 54 74 15 33 60 47 53 41 10 26 46 72 52 3 27 58 11 24 30 40 51 65 49 73 57 31 0 62 59 18 19 66 43 68 9 70 50 42 7 44 2 29 6 69 8 63 20 37 75 56 23 21 67 28 38 34 14 48 12 36 4 45 71 39
56 25 38 29 3 57 6 58 73 68 24 55 44 45 66 70 54 42 61 60 22 21 11 16 59 31 47 43 37 9 33 20 32 17 35 46 74 26 41 69 50 18 30 19 49 39 8 4 5 10 40 14 52 36 64 2 71 75 27 67 15 7 62 34 63 51 1 72 12 48 13 23 53 0 65 28
71 49 64 10 56 0 53 13 5 41 24 36 68 45 46 25 30 73 50 55 2 19 51 23 63 29 62 43 74 40 14 6 38 70 11 4 39 61 47 60 66 21 75 26 35 69 32 44 54 65 52 20 18 33 48 17 8 67 9 72 42 7 16 28 15 22 59 31 37 57 34 27 12 1 58 3
14 55 5 12 32 66 71 25 62 68 45 58 46 57 51 17 47 70 52 61 40 50 60 22 9 72 73 42 49 10 4 7 0 63 34 24 27 11 39 18 37 65 1 15 6 21 23 13 3 67 30 53 36 54 48 20 28 75 44 56 38 41 33 69 29 64 35 59 2 43 74 31 16 19 8 26
63 55 27 5 19 28 39 36 68 54 4 67 22 35 66 44 0 47 21 37 8 3 62 7 74 45 48 17 61 50 38 1 52 49 31 75 34 43 64 73 10 42 33 25 59 69 51 23 2 58 40 46 18 20 15 70 9 16 12 72 57 65 13 30 11 6 24 29 71 32 41 60 56 53 14 26
57 73 69 60 35 16 21 6 29 37 10 22 56 62 1 55 54 14 49 13 20 59 72 50 32 5 42 43 2 17 63 25 47 65 52 18 8 24 38 75 30 74 36 71 41 44 11 45 12 3 19 33 40 58 39 66 34 67 31 27 64 68 15 23 7 26 70 61 48 28 46 9 0 4 53 51
33 32 15 50 59 0 11 69 42 48 7 16 13 20 1 40 30 61 26 64 43 71 67 31 52 17 51 24 8 75 70 45 72 35 22 18 23 4 58 55 25 29 19 54 28 5 56 2 62 63 65 36 57 49 14 37 21 3 10 68 60 44 39 34 9 12 6 74 73 47 38 41 46 66 27 53
0 1 46 59 14 64 42 57 40 16 45 74 18 12 32 11 24 48 29 33 4 61 7 67 49 75 69 51 36 68 21 44 23 73 52 15 66 71 70 65 20 9 63 22 19 72 38 6 13 34 60 47 55 5 25 3 62 17 50 10 26 53 27 41 54 28 8 58 30 2 39 56 35 37 31 43
33 20 22 3 67 13 1 55 34 12 21 0 2 42 28 52 31 27 36 50 70 39 18 63 65 49 54 72 68 29 15 64 71 30 62 6 53 19 8 41 47 61 26 23 25 5 40 66 16 37 32 60 17 73 38 7 14 69 11 56 59 51 75 58 24 57 43 45 48 44 10 4 74 9 35 46
35 26 70 45 18 10 15 24 17 31 71 52 22 5 59 73 68 65 51 37 34 14 36 27 9 13 3 29 23 16 43 66 49 50 46 8 11 62 40 2 75 72 20 32 53 1 6 25 69 48 42 4 54 58 21 47 74 60 0 12 41 67 61 28 19 30 39 33 38 63 44 57 7 64 56 55
39 24 71 38 49 46 57 9 47 26 75 1 34 27 6 41 63 51 45 23 29 19 17 55 25 22 14 13 53 32 58 68 69 44 0 64 40 21 33 10 59 61 7 18 43 50 12 16 70 54 73 11 72 36 67 37 28 42 48 31 74 56 5 20 66 15 30 65 2 8 52 60 4 35 3 62
30 62 10 58 56 51 34 48 46 68 7 74 69 17 57 31 49 70 3 32 66 6 52 5 41 37 20 23 54 43 33 38 44 55 50 61 42 28 29 45 60 72 11 24 73 0 65 39 22 4 67 19 13 75 25 53 15 64 16 63 12 26 18 47 1 35 27 71 59 9 14 40 2 8 21 36
23 38 29 43 27 21 52 36 20 34 70 50 25 30 22 4 67 6 44 75 48 57 62 74 59 28 69 66 14 71 31 49 1 10 13 55 41 53 24 64 16 15 54 60 17 18 39 51 47 37 0 8 68 9 56 2 5 12 61 42 33 45 63 7 3 58 73 19 26 11 46 72 40 35 65 32
42 72 22 24 27 71 37 15 20 10 51 1 11 26 13 68 25 36 57 48 29 35 47 44 67 56 21 74 70 33 66 46 17 28 45 43 63 9 75 4 23 16 18 30 62 38 19 14 2 6 32 41 5 31 65 0 3 49 59 58 40 50 64 34 55 39 69 52 53 8 12 61 54 60 7 73
56 47 17 32 43 61 23 66 72 2 54 48 3 46 38 71 30 67 65 13 9 28 51 14 18 52 57 11 69 25 49 6 37 53 41 62 50 68 42 60 8 45 20 1 64 70 27 74 35 24 33 75 59 39 44 10 34 40 31 26 21 16 55 22 58 15 29 5 0 73 19 12 4 63 36 7
11 57 5 44 75 31 18 2 47 30 26 45 56 22 33 48 50 51 15 8 35 20 62 32 34 74 28 58 71 9 41 59 46 72 54 67 27 68 36 4 21 25 19 6 38 52 66 43 24 7 49 16 53 17 12 23 3 14 70 13 65 40 61 55 10 39 73 37 63 0 69 1 29 64 42 60
39 62 2 54 70 4 35 59 65 6 53 51 61 19 13 52 74 16 63 60 21 15 48 14 46 37 11 36 5 18 28 56 3 40 26 27 66 25 50 57 49 68 12 32 55 9 45 69 43 22 24 44 58 34 73 0 7 71 17 30 10 20 8 1 47 75 33 42 41 72 23 38 31 64 67 29
37 25 49 73 0 60 57 8 10 53 6 21 18 38 48 2 55 5 43 52 61 41 74 4 75 40 47 27 45 33 58 19 31 13 24 15 32 30 36 65 68 44 11 1 34 26 50 28 46 16 3 51 59 22 71 9 62 42 56 12 23 35 72 69 70 7 54 14 64 67 66 63 20 39 17 29
20 32 59 50 26 47 54 49 3 55 64 71 18 13 28 75 43 34 25 2 11 6 70 12 62 7 66 19 15 0 61 14 60 45 74 46 10 68 27 17 8 52 69 38 30 63 21 1 42 9 53 72 73 39 35 23 16 5 67 48 41 65 36 4 24 40 33 44 31 57 22 29 37 58 56 51
5 59 71 53 58 73 20 9 22 10 67 42 34 0 70 35 31 26 6 60 3 1 37 16 21 7 28 52 17 27 56 72 74 39 38 4 19 45 41 32 75 47 14 44 40 43 18 68 65 2 29 57 13 46 54 30 36 33 48 49 55 23 61 25 50 51 62 11 64 66 63 8 69 24 15 12
2 22 5 70 63 52 16 11 60 45 35 3 64 54 73 71 14 53 29 43 44 31 32 55 19 66 37 27 4 28 36 41 23 59 51 61 62 24 50 21 65 7 72 38 69 17 0 57 12 46 8 15 18 40 58 67 6 13 74 20 75 48 33 30 1 47 68 39 9 42 25 49 10 56 26 34
19 52 36 46 3 12 16 25 13 8 35 67 47 50 61 39 57 27 54 43 69 32 63 71 74 55 0 70 20 66 22 17 62 40 14 49 28 42 4 10 53 18 33 48 58 1 64 34 59 72 23 6 9 51 75 56 29 21 5 44 45 24 68 37 60 2 41 65 11 30 73 26 31 38 15 7
31 21 1 73 71 54 64 6 47 25 11 68 34 44 48 29 12 75 30 17 5 66 32 60 51 61 69 56 0 40 35 27 36 19 20 53 16 55 74 63 41 50 18 28 70 15 42 62 46 49 39 72 67 65 38 13 52 9 22 10 37 43 24 8 3 57 33 45 58 7 23 59 26 14 4 2
5 75 31 4 63 29 73 62 70 34 22 7 51 12 2 71 42 40 28 10 61 36 14 16 11 24 58 56 30 67 27 55 43 8 18 35 33 57 9 48 64 74 21 68 52 26 17 44 49 60 53 72 39 6 3 45 25 59 1 38 47 19 0 37 50 66 15 20 23 41 69 46 65 13 32 54
68 61 17 70 16 11 62 40 12 41 31 74 73 23 64 75 19 22 67 5 20 65 6 14 21 25 43 35 4 53 45 54 51 46 1 55 37 69 24 32 26 58 71 47 60 2 59 3 36 63 0 27 33 48 39 8 13 15 18 66 49 30 72 57 50 56 29 34 42 10 38 52 9 7 44 28
68 36 26 2 16 55 30 75 57 69 39 62 25 20 24 34 51 58 74 19 61 56 15 27 66 50 8 28 47 44 37 18 63 10 23 65 48 67 49 35 54 45 59 38 33 53 17 22 1 71 11 12 31 21 4 70 46 13 73 40 29 60 5 32 64 6 41 43 7 0 52 9 14 3 42 72
5 18 56 69 3 37 74 44 23 73 70 62 57 40 55 11 51 2 17 54 46 47 24 32 22 45 25 35 58 36 30 7 48 43 9 71 12 21 1 39 60 53 66 20 27 15 50 8 13 68 26 59 29 65 28 34 63 49 10 19 4 61 72 6 14 75 41 33 42 31 38 67 0 16 64 52
16 63 8 28 24 51 73 32 1 64 12 58 47 10 75 9 15 52 60 48 43 45 57 25 4 42 34 74 2 41 11 69 5 61 67 65 22 53 19 13 33 3 36 38 54 27 50 26 68 23 66 39 49 44 14 59 21 72 17 18 6 30 55 0 71 7 70 40 35 62 20 37 46 29 31 56
37 0 46 15 12 51 64 26 38 44 47 11 21 52 22 19 40 36 50 63 57 70 8 25 42 7 28 33 49 18 55 27 31 43 14 56 30 34 23 2 59 32 4 68 6 10 61 67 58 54 16 5 29 1 41 20 73 74 71 39 45 24 62 17 13 66 3 53 65 48 35 9 60 72 69 75
9 14 55 56 42 13 71 48 51 4 36 50 61 23 39 1 33 20 26 10 49 66 73 17 11 32 28 2 64 57 54 43 63 46 35 41 52 37 21 53 70 68 67 25 38 40 27 30 31 34 18 22 69 15 16 58 0 7 45 75 19 24 59 3 44 8 5 12 72 29 74 60 47 62 65 6
0 74 53 26 43 50 19 75 29 15 65 12 49 18 16 67 72 51 68 62 4 7 39 33 44 6 56 37 60 31 59 48 1 20 46 42 54 22 45 57 24 11 64 69 25 41 32 27 40 61 66 70 38 52 58 63 10 36 8 34 9 47 30 23 55 17 14 21 73 28 13 71 2 3 5 35
37 28 55 51 27 40 25 58 38 13 26 1 30 32 35 52 24 18 67 45 71 72 19 50 53 11 42 46 3 7 75 41 73 34 65 22 49 63 6 64 31 56 57 68 16 2 59 39 10 33 47 0 20 36 23 8 15 21 62 66 74 54 17 61 43 12 4 48 9 44 69 14 70 29 5 60
27 17 32 25 73 50 6 57 69 35 13 8 31 5 64 56 53 70 42 26 4 3 44 74 67 14 72 0 60 15 59 40 61 11 28 2 39 36 58 45 20 47 37 16 54 33 46 9 12 29 63 23 55 75 51 24 19 7 30 49 22 62 43 65 68 34 48 38 18 41 10 21 1 71 52 66
46 54 53 14 56 67 9 20 12 23 60 42 30 49 34 48 2 13 44 33 22 62 72 66 37 19 69 75 6 71 27 39 11 73 50 74 3 4 36 40 18 26 63 28 35 5 65 7 55 47 24 0 51 32 70 16 38 41 58 45 21 25 17 43 31 29 59 68 1 57 8 10 52 15 61 64
61 27 7 17 41 48 53 46 30 10 24 60 33 13 42 50 54 56 20 37 34 67 73 51 0 65 9 39 11 36 18 5 4 6 19 35 40 22 32 74 62 47 3 72 29 71 2 38 59 1 8 66 63 68 69 49 58 16 70 57 31 52 12 15 23 45 26 64 43 25 44 55 28 21 14 75
40 37 6 7 14 50 71 38 30 19 9 31 43 69 32 22 51 60 8 58 33 49 48 1 12 21 17 10 70 64 47 42 56 44 15 72 23 26 45 41 66 2 53 68 67 24 74 5 61 73 57 29 0 46 63 4 20 28 75 11 36 62 18 13 34 25 35 59 52 39 27 54 3 16 65 55
14 4 36 75 65 48 16 71 47 7 54 40 35 57 70 73 56 61 22 58 0 60 26 21 8 20 55 17 34 25 38 12 10 69 74 32 29 46 13 3 19 30 44 39 31 50 24 37 45 62 27 63 28 15 11 64 49 53 51 1 52 41 59 67 2 66 18 42 5 43 72 23 68 9 6 33
66 37 48 62 69 43 28 23 49 57 4 25 15 39 5 64 8 73 74 58 22 12 46 30 42 20 32 9 35 55 33 60 67 13 71 45 0 7 10 1 29 24 75 63 31 41 50 51 16 44 65 47 52 17 19 53 72 11 21 27 3 61 68 40 36 38 6 18 2 26 54 70 56 14 59 34
53 7 47 60 1 73 34 20 35 24 5 62 18 52 75 49 74 42 14 29 68 58 0 10 39 23 51 31 38 33 64 54 22 30 48 45 57 43 46 6 66 17 12 9 69 67 13 8 19 50 59 15 4 2 25 16 11 70 63 32 40 72 61 56 65 55 71 36 41 21 28 44 27 37 3 26
26 13 51 60 15 34 42 59 44 37 17 68 62 5 2 52 66 57 22 71 38 11 35 18 74 4 14 50 31 21 72 46 20 25 64 30 40 36 58 56 49 54 73 23 3 7 12 28 27 70 61 1 32 45 29 47 8 53 24 6 19 75 48 9 0 33 69 16 39 67 55 63 41 43 65 10
12 32 31 13 36 22 64 21 54 63 25 53 4 20 75 33 5 1 74 16 2 56 14 46 60 73 69 39 9 8 48 49 27 19 6 41 0 23 51 52 71 18 47 3 62 70 7 11 43 68 57 55 26 17 15 42 59 34 72 29 24 61 67 66 50 40 28 10 38 65 30 45 58 44 37 35
35 19 23 51 42 57 17 45 9 62 22 41 72 34 24 21 39 12 74 47 36 6 50 59 28 61 33 64 32 55 27 5 25 20 10 40 69 73 30 52 0 26 29 16 13 75 2 53 71 46 54 43 58 67 60 63 15 68 31 7 66 56 49 44 37 11 1 8 3 70 48 4 38 18 65 14
2 58 59 65 50 40 5 31 18 53 41 45 69 35 60 57 38 56 27 22 44 75 4 54 20 26 46 10 3 1 7 28 15 52 68 49 63 6 67 42 17 70 43 55 24 29 19 73 13 32 51 39 34 74 21 61 47 33 66 0 62 23 37 9 72 16 30 12 48 64 71 8 11 36 14 25
17 18 57 3 42 20 45 75 38 62 67 24 32 43 44 16 6 13 30 28 35 54 21 33 47 8 40 59 41 66 1 31 63 27 53 74 56 48 70 9 34 22 4 2 68 12 19 37 69 36 61 23 52 29 39 5 58 0 46 7 71 55 11 60 26 49 25 15 10 65 14 64 50 72 51 73
40 22 23 53 52 8 18 13 24 2 41 35 74 68 45 33 49 3 30 47 32 7 36 28 61 10 25 1 59 20 48 51 11 27 4 42 57 39 70 37 63 65 14 43 58 21 73 34 66 64 17 56 19 75 54 38 46 71 9 12 72 67 15 44 60 55 29 5 69 62 50 31 6 26 0 16
34 64 15 37 58 44 2 63 61 31 19 18 9 39 28 27 69 1 35 14 65 47 60 32 20 36 21 75 29 49 40 52 24 68 23 25 10 57 74 56 0 41 59 70 62 12 4 5 13 42 53 22 48 38 8 66 67 3 50 11 43 45 7 33 73 46 16 51 54 30 55 6 26 71 72 17
16 8 39 37 64 61 19 60 73 66 32 7 75 74 56 6 63 59 46 24 14 23 52 53 35 51 71 48 69 58 42 34 20 27 11 36 9 72 22 47 67 13 28 62 1 30 40 12 70 45 2 41 55 33 54 17 25 68 3 50 4 65 21 31 49 43 5 44 57 18 15 38 0 26 10 29
24 64 28 32 36 30 50 2 45 5 52 7 16 55 43 21 9 51 18 66 39 27 40 75 67 37 73 15 19 70 44 11 14 41 53 54 3 31 1 47 72 10 13 34 8 29 0 49 71 69 6 17 59 33 68 26 25 20 48 22 23 12 65 56 38 62 35 58 61 4 46 74 42 63 57 60
17 8 61 63 46 1 37 15 40 69 16 12 68 27 2 64 60 59 53 55 13 18 21 52 62 54 34 72 23 56 7 50 48 6 49 20 25 3 47 33 57 19 45 42 24 39 43 0 58 30 73 67 51 38 36 66 44 32 22 11 4 70 10 35 29 41 26 9 14 65 31 5 71 28 75 74
58 61 3 74 21 35 48 23 68 10 2 0 40 33 60 5 37 67 47 27 18 55 72 65 26 32 59 42 31 17 28 19 73 69 49 24 52 56 57 36 11 75 29 9 20 4 30 38 64 25 44 62 70 54 22 7 46 50 66 15 12 63 39 43 51 6 1 71 16 34 13 53 8 14 41 45
50 48 51 38 19 9 43 8 31 10 28 44 39 6 20 72 41 46 14 17 5 22 67 36 25 53 7 59 57 56 68 21 13 1 45 70 32 18 27 3 74 63 75 12 42 54 65 35 73 66 47 26 34 0 60 11 55 40 15 2 52 33 24 4 30 62 58 37 64 69 49 29 61 71 16 23
51 6 48 28 41 13 74 43 24 21 60 9 17 68 61 5 29 14 63 49 62 67 65 7 45 52 47 2 31 58 72 38 15 56 25 10 44 57 54 42 23 35 64 46 59 11 20 4 30 71 33 36 40 3 66 73 70 50 69 26 32 34 19 75 0 1 37 55 12 18 8 39 53 27 16 22
19 21 75 70 56 14 15 50 30 51 29 55 8 23 59 18 54 46 66 45 12 53 62 9 36 61 43 28 16 38 22 40 20 52 44 72 73 13 68 24 0 5 35 6 74 65 49 11 33 39 67 34 57 7 42 47 69 3 26 63 4 71 48 41 58 17 10 64 1 37 2 25 27 31 32 60
25 11 55 29 43 54 0 45 69 51 50 46 26 38 6 17 66 2 18 28 16 21 53 22 8 68 71 60 30 34 48 74 36 61 23 59 44 42 49 12 70 27 37 41 62 31 67 20 1 4 72 14 64 40 47 39 13 75 10 56 58 7 32 9 35 24 73 63 52 15 57 33 5 3 65 19
70 30 36 10 16 75 52 43 38 28 39 1 42 8 71 12 25 2 55 41 23 3 53 22 64 66 72 18 57 68 13 27 17 56 29 37 14 26 47 6 69 40 35 65 5 73 74 9 54 32 20 46 33 4 63 19 59 45 67 61 31 11 49 62 34 24 51 7 50 44 58 0 48 15 21 60
75 8 72 23 20 50 49 58 64 6 27 15 16 7 63 3 39 36 26 25 30 41 55 40 17 59 47 2 46 65 32 42 61 14 19 56 60 62 43 71 11 24 37 74 12 5 9 34 67 29 18 44 66 28 21 69 45 53 73 0 4 10 54 57 48 68 70 33 51 38 35 22 52 13 31 1
38 30 60 24 75 18 21 49 19 39 32 61 13 28 69 43 17 48 35 5 47 46 52 68 31 25 27 65 10 9 67 4 6 72 34 12 0 7 71 23 59 51 45 56 62 44 74 15 63 58 22 36 53 37 55 29 26 2 14 3 50 70 41 33 8 20 40 64 1 11 42 66 54 57 16 73
52 68 62 8 63 47 56 5 58 40 73 54 53 66 19 32 11 42 71 3 39 27 55 2 69 0 25 48 7 17 1 14 26 23 20 21 51 18 46 34 74 15 38 12 72 43 65 16 4 30 31 29 49 28 37 41 70 35 60 45 61 24 22 6 10 57 9 33 50 67 13 59 44 36 64 75
71 37 8 15 62 42 6 29 45 17 35 14 5 41 10 2 40 61 66 51 12 39 74 26 33 43 75 59 22 24 55 21 49 25 70 27 47 60 44 30 11 52 3 23 9 38 13 34 36 57 19 46 65 48 0 50 56 32 18 1 4 72 63 68 20 54 67 28 58 69 73 31 53 64 7 16
33 42 6 47 58 3 56 68 50 23 32 64 61 46 60 2 12 59 39 71 57 74 0 63 27 4 7 41 24 10 9 31 65 69 18 19 36 38 70 72 66 15 22 35 51 34 5 8 53 21 14 67 13 30 25 54 49 52 17 55 16 29 48 73 40 75 20 62 26 1 44 28 43 11 37 45
66 48 16 64 73 44 53 22 51 11 8 35 19 25 39 18 55 20 63 72 2 30 61 75 12 7 10 67 69 74 58 71 60 26 23 52 33 14 0 43 36 54 45 57 37 42 70 21 41 17 49 27 9 56 40 32 34 5 15 50 1 38 31 13 28 65 4 59 46 24 47 68 29 3 62 6
24 30 10 52 40 60 18 50 1 65 46 31 48 8 74 44 3 55 38 51 20 19 49 29 33 66 7 54 47 28 45 22 69 67 2 13 11 27 4 26 42 72 23 9 63 5 57 56 34 25 61 17 0 53 62 39 37 75 64 43 12 41 73 6 68 59 71 32 70 14 21 15 35 16 36 58
24 17 74 3 13 71 38 52 35 60 6 5 42 30 29 67 75 26 18 64 54 31 2 58 39 28 56 61 8 43 22 53 10 21 15 25 73 19 14 37 32 34 70 68 69 46 0 63 62 41 1 11 51 48 49 23 12 59 47 66 45 72 27 7 40 44 33 20 36 57 50 16 9 55 4 65
69 71 62 0 64 18 9 31 24 40 7 72 10 16 17 51 27 41 63 55 47 11 68 35 26 5 48 8 57 32 59 15 30 28 22 3 14 54 45 6 53 23 58 50 46 25 70 37 66 19 52 65 60 67 13 12 42 2 44 43 38 74 34 36 33 56 21 20 73 4 1 39 49 61 75 29
53 22 50 47 41 43 61 70 28 67 12 4 69 71 0 33 21 60 24 39 55 58 19 13 6 2 3 29 63 10 74 30 36 75 9 68 26 45 32 38 46 49 40 25 42 27 7 57 8 48 37 15 62 1 14 72 66 17 34 59 56 44 11 23 73 54 20 65 31 64 16 18 51 5 52 35
2 41 11 30 42 1 40 4 9 38 64 3 49 20 67 39 50 72 53 13 21 10 45 12 6 52 66 7 59 51 74 65 70 58 32 63 71 47 73 14 75 37 5 69 68 55 62 61 29 19 48 33 23 24 15 43 44 25 56 57 26 16 36 46 54 17 34 31 18 60 8 28 0 35 22 27
10 44 6 18 30 64 72 59 26 73 19 55 21 11 22 23 75 9 71 56 12 8 36 41 5 0 66 24 68 54 38 7 32 46 48 37 3 65 43 27 69 29 1 60 35 49 4 62 52 74 31 25 67 2 42 17 40 13 33 50 15 57 63 61 28 53 51 58 20 45 47 16 70 39 34 14
14 59 35 24 40 43 6 46 58 72 0 41 8 52 25 71 39 34 5 33 26 27 68 60 64 31 36 13 55 47 57 7 18 67 22 4 17 23 42 56 12 74 21 15 44 11 1 66 48 49 65 50 28 30 37 2 51 38 29 19 20 61 73 75 3 16 45 10 62 9 69 54 32 53 63 70
46 22 72 74 49 17 18 27 33 34 16 55 75 2 69 9 23 53 14 25 28 20 35 31 59 26 4 47 68 71 40 36 61 70 3 42 29 66 11 50 64 32 12 60 56 10 24 67 51 8 48 52 54 41 15 30 6 45 7 62 5 38 0 1 57 21 37 58 19 65 63 73 13 43 39 44
41 20 44 63 47 30 7 18 12 11 8 48 66 23 4 24 64 73 14 71 25 3 65 16 17 74 19 28 51 75 21 62 0 61 10 35 9 22 45 39 52 55 37 29 46 50 31 15 43 53 72 33 26 27 49 40 36 42 13 1 5 54 68 69 34 2 70 60 57 67 6 32 58 59 56 38
70 4 71 32 55 49 37 19 9 43 58 21 15 3 73 8 61 56 59 45 14 26 38 72 18 16 11 41 27 46 65 50 40 57 31 68 35 0 53 24 17 69 62 48 23 33 67 44 75 36 64 10 1 63 13 6 42 12 60 25 51 20 5 28 74 7 47 2 29 66 30 54 34 52 39 22
8 7 1 71 64 32 40 68 65 56 15 61 43 3 73 17 4 52 2 34 12 23 22 18 31 57 35 39 70 48 59 6 75 28 42 14 30 33 62 63 21 29 20 26 41 69 50 55 36 67 58 38 49 16 19 9 66 10 47 0 54 44 5 53 74 24 46 60 45 25 37 27 13 51 11 72
44 70 62 74 57 32 55 16 0 5 6 7 42 37 68 45 10 17 15 33 24 43 40 8 41 65 18 31 23 64 59 66 75 26 14 50 19 52 3 13 73 54 67 25 58 28 38 29 22 12 20 39 1 21 27 34 35 11 72 36 63 49 53 9 56 4 47 60 51 71 2 48 69 30 61 46
10 25 14 70 16 6 19 67 34 8 39 26 46 49 55 48 36 33 58 4 42 9 12 28 22 63 21 0 45 65 29 7 68 32 52 54 20 56 31 62 23 57 37 59 72 69 47 66 74 11 44 5 64 75 35 53 43 1 61 18 3 2 60 30 73 15 13 17 50 40 38 71 51 27 41 24
26 1 65 58 2 14 49 47 64 28 43 48 59 38 61 51 20 21 30 55 5 17 56 71 69 46 39 23 66 34 60 9 62 3 24 18 29 7 54 27 16 37 50 11 19 74 41 42 35 10 36 32 25 70 53 73 44 31 8 4 15 52 63 75 67 6 22 68 12 40 13 57 45 0 33 72
21 43 74 17 37 48 45 49 68 65 7 63 27 75 25 59 30 23 71 72 15 51 9 26 4 58 18 2 60 8 24 53 41 55 52 54 10 28 44 38 70 19 14 61 36 32 3 73 12 42 46 57 35 20 1 64 67 6 66 40 47 56 5 16 39 13 33 62 29 50 11 69 22 34 31 0
18 60 64 23 10 69 68 62 42 74 61 16 4 46 15 3 8 63 52 44 53 71 43 2 57 17 13 40 51 19 47 35 37 22 70 65 27 28 41 33 0 30 54 39 9 67 45 7 25 56 50 29 48 75 32 38 72 20 24 73 6 5 31 59 55 21 14 34 66 11 1 36 58 26 12 49
50 19 34 9 47 52 8 75 59 71 70 7 68 27 48 35 46 42 44 39 64 29 43 6 51 12 66 32 37 30 16 20 18 22 5 72 67 2 53 1 49 28 58 56 17 73 23 62 15 13 57 21 0 38 63 40 61 31 33 11 14 60 3 65 41 54 69 74 24 26 55 10 45 4 36 25
48 56 26 71 35 3 74 46 39 58 14 42 41 65 34 1 24 18 59 50 11 69 25 5 67 40 75 36 37 9 57 7 30 53 32 12 22 28 15 62 17 29 49 44 20 64 61 43 47 6 66 73 21 55 2 72 70 63 13 31 51 8 60 0 19 16 54 38 27 23 10 52 45 4 33 68
71 43 60 5 48 6 36 44 40 14 69 68 45 9 4 39 23 19 28 49 10 46 62 13 16 51 55 8 65 30 74 26 41 66 52 38 32 63 22 18 58 17 29 20 34 21 25 11 0 64 35 67 75 57 31 37 59 53 50 12 70 47 2 72 33 3 73 7 42 27 15 24 54 61 56 1
0 75 64 58 61 15 35 65 45 43 69 73 51 52 67 70 24 16 26 14 54 57 28 8 22 55 4 27 66 25 40 71 11 34 5 36 33 53 48 63 46 56 68 38 50 6 60 49 41 21 2 20 7 44 72 30 39 3 12 47 37 1 74 10 62 59 29 42 31 17 13 9 19 32 23 18
10 19 71 66 37 1 51 0 62 58 24 52 49 53 54 6 34 8 29 65 14 12 28 45 43 3 26 57 11 46 30 4 63 75 21 40 38 60 48 23 33 13 73 27 74 41 18 2 17 32 50 22 31 70 72 68 9 35 61 25 44 36 39 67 64 47 5 69 56 16 42 59 15 7 20 55
25 70 62 35 26 48 23 73 34 21 7 71 8 4 9 49 1 15 55 41 64 68 22 60 16 65 19 51 67 63 58 28 42 2 14 37 74 38 3 32 12 75 18 36 61 46 10 5 27 44 31 11 54 56 40 6 72 20 24 52 17 43 29 50 13 39 0 66 30 45 59 33 69 47 53 57
35 8 69 58 54 15 71 34 65 75 51 25 26 2 0 37 50 12 43 20 46 23 63 16 64 21 14 22 67 66 9 31 28 74 52 29 19 59 38 73 13 45 30 68 40 33 70 39 61 4 60 49 10 3 7 24 11 44 27 56 5 6 47 42 48 41 53 17 36 32 18 57 1 72 55 62
57 28 58 16 33 42 10 12 48 29 0 68 21 19 6 22 74 11 52 40 13 26 47 35 27 46 66 72 63 34 4 55 7 45 64 53 24 3 54 18 30 14 41 62 67 75 17 9 20 43 70 15 31 69 49 37 51 50 36 5 56 39 44 61 73 65 59 2 60 32 1 38 23 25 71 8
25 23 57 32 24 65 34 13 64 22 7 31 55 14 71 5 39 16 56 46 18 70 68 10 4 37 53 12 60 17 51 72 47 9 67 15 61 38 41 20 11 28 49 42 52 0 26 19 48 6 36 50 73 63 1 58 75 2 21 29 33 3 66 69 35 30 74 59 43 54 8 45 27 62 44 40
10 16 38 42 75 19 3 14 57 70 0 35 62 29 68 26 56 64 71 4 53 59 30 73 48 2 20 15 39 7 22 37 66 41 45 65 63 61 46 12 47 17 40 32 6 9 69 67 28 21 5 55 33 60 1 25 36 23 24 11 54 51 50 58 72 49 43 18 34 74 52 27 44 8 13 31
11 31 72 20 9 54 0 59 46 67 56 14 40 44 47 29 62 43 26 36 75 48 10 49 70 35 63 8 12 61 17 57 27 64 55 15 60 13 42 41 23 19 3 6 24 66 71 38 74 16 22 53 39 52 65 68 69 30 58 32 73 28 45 4 5 21 1 18 51 34 37 50 2 7 33 25
53 39 64 43 11 25 36 34 22 30 51 38 40 19 0 1 6 48 21 65 26 68 63 17 42 54 33 7 20 24 69 2 59 44 14 75 46 37 10 70 73 3 15 8 57 35 13 45 72 49 41 32 58 31 62 18 56 55 27 12 52 60 5 61 74 4 9 66 47 28 50 16 71 23 29 67
21 43 26 65 73 60 37 62 61 47 75 14 68 46 28 41 51 49 64 72 34 67 27 59 69 5 8 66 39 6 18 1 15 20 22 45 48 7 44 57 70 30 36 4 9 13 25 11 40 24 74 58 19 32 29 63 38 3 42 52 50 23 33 55 54 56 71 17 16 53 31 35 2 0 10 12
11 0 39 13 6 67 31 32 35 7 43 48 20 45 59 71 24 34 21 54 49 2 69 8 37 52 9 55 16 58 40 26 17 61 30 25 65 19 56 46 42 50 47 1 66 14 3 15 28 23 18 36 4 63 68 41 5 60 72 22 73 27 33 74 70 29 38 44 57 75 12 51 53 10 62 64
30 23 12 21 47 51 11 20 53 43 35 8 74 24 59 72 33 39 0 48 49 15 19 44 57 54 65 46 36 58 38 17 62 45 4 9 27 14 34 37 10 5 56 2 73 26 63 67 18 66 68 22 31 41 40 55 32 71 28 60 29 16 50 3 69 25 6 61 7 13 75 70 52 42 1 64
