-34 45 53 -52 -20 -47 -60 72 94 62
58 77 77 -27 -98 2 -83 -20 86 32
-44 53 -83 -89 -79 86 46 18 6 -97
83 -74 -86 1 -20 19 -22 -71 -90 -26
82 24 -58 -92 66 30 -42 -42 88 -20
-37 94 -87 -44 55 11 -86 12 -35 2
-21 0 -30 -72 -88 21 -10 88 65 -74
-55 94 -56 -98 -51 -54 -71 -89 73 0
26 -99 -48 95 34 -65 7 51 61 -35
70 9 94 -45 44 18 -28 -74 -34 -82
-43 -44 -70 10 -89 44 14 92 -79 62
96 -43 77 90 -7 75 99 84 60 -43
3 -85 -24 -31 -76 -36 -86 51 0 55
91 10 -4 67 -40 42 -55 57 -5 -13
99 -55 50 13 9 -20 79 -84 20 -20
-31 49 -15 -48 15 26 -39 -42 -3 75
65 -29 -69 -9 -68 89 94 -85 -37 -45
78 -88 22 -81 20 10 -63 -21 -33 63
57 -30 94 31 -28 -92 -50 92 50 -37
-37 24 81 -70 92 -18 -73 -37 -70 96
87 84 56 62 47 -60 41 -8 3 4
-91 -76 -43 38 -50 -65 -69 -67 -1 90
-16 44 71 78 38 62 36 29 -18 -44
64 -25 -47 30 29 -11 94 83 77 26
68 -34 40 48 85 -57 -54 -47 10 5
80 -15 -17 18 78 -35 -26 73 -22 -4
-7 56 -69 -94 63 12 26 -95 -72 -80
-31 -58 77 -19 -34 -49 5 -79 -64 54
20 -3 -48 12 72 93 -27 -45 63 93
94 97 0 72 -30 -55 20 -6 -40 -82
22 22 -96 57 29 -56 89 31 -82 -84
1 -78 -43 75 -92 -9 19 -25 -42 -68
-50 -95 -61 78 30 6 -7 -98 -13 30
44 -50 -95 96 1 90 54 -83 -95 -83
74 75 -28 69 -36 -97 -4 -86 62 10
-6 84 -39 -86 9 -73 89 61 12 -24
65 -85 47 97 33 -9 63 0 -58 74
-29 -8 -11 -96 32 8 99 40 45 -76
97 48 -33 -23 -36 -30 69 -45 76 -56
65 40 -18 -63 99 90 60 -32 4 -55
90 46 -7 10 80 62 -12 -34 -93 1
73 -11 -39 64 22 98 62 16 -27 39
-1 12 38 -67 -58 50 31 -78 -67 42
-50 -2 71 70 -73 -82 29 -68 -84 81
-17 86 24 -98 17 87 -8 -12 -45 25
93 28 -58 86 0 78 -49 86 44 -15
59 -17 53 -85 -81 -79 51 82 48 -95
89 -80 -84 -27 -75 13 47 31 7 55
-58 52 22 -51 -49 69 -65 58 13 51
16 89 65 -96 64 -29 -33 86 -15 -1
3 86 99 -60 50 -56 32 94 77 98
10 55 -44 -80 -95 55 63 -86 -95 -77
15 -88 -54 77 4 -99 -48 5 -57 3
10 35 -42 -47 63 -89 91 54 48 -42
-60 90 43 3 99 13 -73 -72 -6 -90
0 63 -21 23 -92 68 1 -47 42 40
27 44 3 -38 6 -89 -95 -44 26 -72
35 -84 85 -32 -58 -71 -48 -41 0 -72
26 -60 -31 -37 89 62 -88 -23 17 49
58 23 -88 -94 40 -77 -7 -2 -67 24
64 70 -82 -19 -88 -51 42 -44 -50 -81
84 -67 -6 -52 12 -56 16 -11 -66 -49
18 -21 82 -23 32 -55 -68 -44 -64 -36
18 -49 -7 -71 -14 -29 -5 -7 42 11
58 42 -12 1 -47 -25 -22 7 -9 -71
99 57 34 -74 92 -25 50 -69 37 68
54 -66 21 -45 -48 -66 -8 -15 -69 -36
-66 -69 -37 -40 39 42 12 -86 -14 66
14 -18 81 37 17 -1 -54 39 64 72
32 53 -32 76 8 16 90 30 -18 1
32 40 89 90 -31 87 -54 47 30 -6
-27 10 -75 -87 -74 -11 -64 -9 -15 -5
-39 -38 -46 -91 18 -10 -86 17 75 12
-14 -68 -79 -93 60 38 -99 99 -22 79
-97 -4 -64 -61 -35 -71 83 -84 -86 -86
99 35 -18 -45 9 -21 -1 29 -29 11
14 2 -22 33 77 -10 44 37 -39 -59
-2 81 -62 3 70 -6 31 -54 91 16
44 62 -21 -30 13 -44 87 -7 79 34
13 46 88 -20 70 0 60 33 58 -70
-16 24 -34 28 -77 -61 -15 -75 -30 82
-87 -45 52 -42 -5 -90 -93 -65 -80 -24
-96 -16 -91 -19 18 -3 7 61 -70 -57
81 2 -22 -57 -97 -87 32 55 55 71
-93 67 -32 31 -99 89 56 -20 -45 -45
2 67 -78 -34 -86 -33 72 45 -95 69
17 -4 -75 41 -28 70 69 15 56 41
-40 -76 11 93 -31 48 -22 -19 -20 -29
-24 -33 75 98 -89 50 30 -41 85 -36
72 -46 -18 -69 -88 63 56 -7 -27 13
-83 -66 66 -90 86 83 -7 -86 -54 -51
-66 -2 55 98 92 4 68 43 96 96
-42 28 22 14 61 -79 24 48 97 -2
-36 54 -93 -49 42 51 61 39 -49 99
-56 -13 92 86 -89 -43 -94 -84 -41 -56
61 -51 -20 73 -44 -20 11 38 -31 62
11 -15 1 40 -96 55 23 81 -74 -71
80 53 25 67 -31 -35 35 -73 83 -32
-27 82 33 -49 -70 -74 -21 -11 41 94
-40 -4 -38 16 93 99 -90 -34 -62 47
