14 14 -10 14 89 14 -60 14 39 14
-48 14 51 14 -98 14 1 14 -23 14
76 14 -73 14 26 14 -29 14 70 14
-79 14 20 14 -4 14 95 14 -54 14
45 14 -42 14 57 14 -92 14 7 14
-17 14 82 14 -67 14 32 14 -32 14
67 14 -82 14 17 14 -7 14 92 14
-57 14 42 14 -45 14 54 14 -95 14
4 14 -20 14 79 14 -70 14 29 14
-26 14 73 14 -76 14 23 14 -1 14
98 14 -51 14 48 14 -38 14 61 14
-88 14 11 14 -13 14 86 14 -63 14
36 14 -37 14 62 14 -87 14 12 14
-12 14 87 14 -62 14 37 14 -49 14
50 14 -99 14 0 14 -24 14 75 14
-74 14 25 14 -31 14 68 14 -81 14
18 14 -6 14 93 14 -56 14 43 14
-43 14 56 14 -93 14 6 14 -18 14
81 14 -68 14 31 14 -34 14 65 14
-84 14 15 14 -9 14 90 14 -59 14
40 14 -46 14 53 14 -96 14 3 14
-21 14 78 14 -71 14 28 14 -28 14
71 14 -78 14 21 14 -3 14 96 14
-53 14 46 14 -40 14 59 14 -90 14
9 14 -15 14 84 14 -65 14 34 14
-35 14 64 14 -85 14 14 14 -10 14
89 14 -60 14 39 14 -47 14 52 14
-97 14 2 14 -22 14 77 14 -72 14
27 14 -28 14 71 14 -78 14 21 14
-3 14 96 14 -53 14 46 14 -41 14
58 14 -91 14 8 14 -16 14 83 14
-66 14 33 14 -31 14 68 14 -81 14
18 14 -6 14 93 14 -56 14 43 14
-44 14 55 14 -94 14 5 14 -19 14
80 14 -69 14 30 14 -25 14 74 14
-75 14 24 14 0 14 99 14 -50 14
49 14 -38 14 61 14 -88 14 11 14
-13 14 86 14 -63 14 36 14 -36 14
63 14 -86 14 13 14 -11 14 88 14
-61 14 38 14 -49 14 50 14 -99 14
0 14 -24 14 75 14 -74 14 25 14
-30 14 69 14 -80 14 19 14 -5 14
94 14 -55 14 44 14 -42 14 57 14
-92 14 7 14 -17 14 82 14 -67 14
32 14 -33 14 66 14 -83 14 16 14
-8 14 91 14 -58 14 41 14 -45 14
54 14 -95 14 4 14 -20 14 79 14
-70 14 29 14 -27 14 72 14 -77 14
22 14 -2 14 97 14 -52 14 47 14
-39 14 60 14 -89 14 10 14 -14 14
85 14 -64 14 35 14 -35 14 64 14
-85 14 14 14 -10 14 89 14 -60 14
39 14 -47 14 52 14 -97 14 2 14
-22 14 77 14 -72 14 27 14 -29 14
70 14 -79 14 20 14 -4 14 95 14
-54 14 45 14 -41 14 58 14 -91 14
8 14 -16 14 83 14 -66 14 33 14
-32 14 67 14 -82 14 17 14 -7 14
92 14 -57 14 42 14 -44 14 55 14
-94 14 5 14 -19 14 80 14 -69 14
30 14 -26 14 73 14 -76 14 23 14
-1 14 98 14 -51 14 48 14 -38 14
61 14 -88 14 11 14 -13 14 86 14
-63 14 36 14 -37 14 62 14 -87 14
12 14 -12 14 87 14 -62 14 37 14
-49 14 50 14 -99 14 0 14 -24 14
75 14 -74 14 25 14 -30 14 69 14
-80 14 19 14 -5 14 94 14 -55 14
44 14 -43 14 56 14 -93 14 6 14
-18 14 81 14 -68 14 31 14 -33 14
66 14 -83 14 16 14 -8 14 91 14
-58 14 41 14 -46 14 53 14 -96 14
3 14 -21 14 78 14 -71 14 28 14
-27 14 72 14 -77 14 22 14 -2 14
97 14 -52 14 47 14 -40 14 59 14
-90 14 9 14 -15 14 84 14 -65 14
34 14 -34 14 65 14 -84 14 15 14
-9 14 90 14 -59 14 40 14 -47 14
52 14 -97 14 2 14 -22 14 77 14
-72 14 27 14 -28 14 71 14 -78 14
21 14 -3 14 96 14 -53 14 46 14
-40 14 59 14 -90 14 9 14 -15 14
84 14 -65 14 34 14 -31 14 68 14
-81 14 18 14 -6 14 93 14 -56 14
43 14 -44 14 55 14 -94 14 5 14
-19 14 80 14 -69 14 30 14 -25 14
74 14 -75 14 24 14 0 14 99 14
-50 14 49 14 -37 14 62 14 -87 14
12 14 -12 14 87 14 -62 14 37 14
-36 14 63 14 -86 14 13 14 -11 14
88 14 -61 14 38 14 -48 14 51 14
-98 14 1 14 -23 14 76 14 -73 14
26 14 -29 14 70 14 -79 14 20 14
-4 14 95 14 -54 14 45 14 -42 14
57 14 -92 14 7 14 -17 14 82 14
-67 14 32 14 -33 14 66 14 -83 14
16 14 -8 14 91 14 -58 14 41 14
-45 14 54 14 -95 14 4 14 -20 14
79 14 -70 14 29 14 -26 14 73 14
-76 14 23 14 -1 14 98 14 -51 14
