56 58 57 0 10 49 46 44 38 60 11 25 48 37 54 35 8 61 41 66 39 34 65 51 53 6 68 52 22 24 32 23 64 9 7 43 50 19 42 36 12 14 59 2 26 45 30 5 62 69 33 18 67 3 27 21 17 55 40 13 63 47 31 1 4 28 29 20 16 15
54 59 34 1 0 24 27 11 17 16 13 52 33 47 4 39 58 64 60 12 46 15 21 55 61 40 23 26 5 38 7 10 29 32 41 19 37 8 66 9 56 65 28 50 43 36 69 48 35 53 6 67 2 25 44 63 51 42 31 45 14 20 57 68 22 62 3 30 49 18
69 68 19 58 3 31 8 59 64 32 54 10 36 5 12 55 30 57 6 38 39 40 27 42 52 60 24 65 26 9 13 47 37 43 17 62 63 51 7 33 41 53 50 35 15 28 18 61 45 16 14 29 23 44 49 46 4 21 2 67 48 66 1 22 56 0 20 34 25 11
1 10 31 55 21 61 4 29 8 7 42 18 5 63 47 54 68 57 44 17 65 24 27 51 64 28 48 53 40 22 15 30 41 37 56 19 34 20 49 16 66 6 36 69 58 33 32 0 35 12 25 3 59 2 45 60 26 39 11 43 62 50 13 67 38 14 9 52 23 46
69 46 60 47 9 0 55 56 16 6 26 24 50 43 64 38 42 20 62 67 53 40 44 52 57 31 1 45 7 35 22 61 28 25 66 48 2 63 59 5 34 12 65 21 8 15 51 37 68 36 29 18 58 23 49 14 17 11 4 10 30 54 13 3 39 19 41 27 33 32
15 50 25 59 66 14 27 1 11 49 57 6 8 12 28 39 54 64 65 24 52 32 16 34 67 19 63 30 22 48 47 35 43 5 51 68 41 42 46 29 20 23 61 55 21 69 9 18 3 31 44 53 62 36 17 56 58 45 0 4 33 38 10 13 2 7 40 37 60 26
38 25 63 53 41 2 26 33 55 27 57 37 59 29 24 3 14 28 1 9 8 21 44 43 49 64 35 20 54 47 62 39 65 22 42 23 32 51 50 56 45 11 5 10 15 12 7 67 36 60 58 34 69 6 13 16 48 66 52 61 18 4 31 46 40 30 68 19 17 0
43 25 63 56 24 6 49 23 52 12 26 46 3 20 42 41 13 35 51 0 8 45 16 44 34 65 64 59 53 30 37 17 61 18 4 40 48 55 33 15 28 47 14 38 36 66 68 69 2 10 62 54 1 58 11 9 22 32 21 67 19 7 31 60 57 50 5 29 39 27
46 67 37 19 59 28 8 10 66 56 45 0 40 63 33 17 9 65 29 69 11 34 25 43 61 50 39 58 1 64 47 6 26 24 5 20 32 22 51 21 44 31 3 7 23 4 2 30 41 15 36 54 49 27 48 62 55 18 57 14 35 38 12 42 13 16 53 60 52 68
24 34 22 46 7 8 43 66 13 62 15 21 17 68 35 53 29 1 0 18 54 19 23 4 59 11 31 40 42 52 9 2 39 5 65 60 16 41 38 67 58 50 63 49 26 45 47 61 69 56 44 28 10 37 6 51 27 20 30 25 64 55 33 14 57 36 32 12 48 3
46 5 51 35 6 29 21 24 14 45 61 42 48 69 36 20 54 55 44 32 15 7 67 37 68 10 27 62 9 17 57 1 41 13 53 31 66 60 34 3 30 11 22 63 49 16 33 0 58 50 40 23 19 26 43 4 39 59 47 18 38 64 65 28 2 25 56 12 8 52
40 46 44 4 29 35 57 51 48 26 68 56 64 16 11 10 25 58 12 47 21 13 54 49 69 32 62 50 19 41 55 3 66 27 43 34 33 30 15 5 63 2 28 20 61 23 65 24 53 14 59 42 22 38 6 45 1 39 37 60 52 18 8 17 7 0 31 9 36 67
57 63 6 18 4 13 30 10 23 56 39 65 49 42 62 41 53 0 9 35 60 33 50 19 37 7 45 44 22 54 8 64 1 3 36 2 12 16 38 31 11 17 28 14 48 52 20 66 5 68 51 29 47 21 43 58 24 34 15 27 25 67 32 46 26 40 69 55 59 61
23 50 21 31 29 9 3 39 45 67 63 49 11 37 38 12 2 15 60 66 68 44 14 20 48 56 64 1 26 35 30 52 69 32 7 24 47 34 28 17 51 6 58 33 19 43 22 25 10 55 62 4 54 36 27 61 59 16 46 53 5 65 18 40 41 13 8 57 0 42
44 10 54 6 61 63 28 49 47 37 60 41 29 36 23 19 31 39 1 15 14 25 56 69 8 46 13 22 20 18 64 38 9 30 33 35 34 57 27 53 26 12 3 43 32 62 51 68 4 17 11 66 50 65 2 21 5 42 48 58 0 24 67 7 40 55 52 59 16 45
30 26 14 5 44 32 47 69 19 64 51 11 1 20 15 50 6 62 43 61 41 10 45 0 66 67 33 60 7 23 3 58 52 29 55 38 46 49 27 56 39 35 36 53 37 21 57 40 59 25 8 12 24 31 9 13 54 17 22 18 68 16 28 2 48 42 63 4 65 34
28 4 5 9 58 14 18 44 3 32 8 41 60 66 33 35 11 0 46 6 62 10 56 69 37 47 57 43 30 53 20 51 21 59 25 63 67 34 23 39 61 24 42 48 12 64 15 16 38 7 22 19 55 2 36 26 27 68 1 40 50 45 29 17 54 31 52 13 65 49
14 38 58 68 55 20 7 59 53 37 40 46 66 60 36 8 19 2 43 29 65 6 50 32 5 42 49 21 52 61 16 57 45 12 11 22 47 51 9 67 63 30 3 33 18 41 0 1 62 31 39 26 48 4 44 13 24 10 28 56 25 69 64 27 34 17 35 15 54 23
62 19 58 39 36 12 35 26 60 18 9 47 13 56 4 44 25 28 51 64 45 33 30 11 61 1 46 38 66 24 2 17 8 69 68 41 63 43 40 37 5 57 53 27 10 29 23 42 16 7 67 55 31 59 21 15 14 0 6 20 54 52 34 3 48 50 22 32 49 65
15 25 57 21 1 10 37 33 43 14 31 16 19 7 65 52 32 69 50 58 53 55 63 66 2 6 8 47 44 34 0 56 61 27 24 17 20 4 41 59 13 29 60 38 48 23 35 40 46 54 9 68 64 51 11 36 49 45 39 12 22 42 5 3 26 18 28 62 30 67
21 59 56 32 45 38 2 44 50 36 5 46 67 66 55 24 22 42 18 27 33 63 53 1 68 39 34 62 3 35 30 64 61 65 49 10 54 6 41 19 47 13 48 31 25 43 52 12 17 29 11 0 9 57 28 26 40 37 16 51 20 7 14 4 69 60 58 23 15 8
43 41 61 42 40 55 51 14 56 19 22 48 24 33 1 20 44 9 16 57 60 30 52 64 3 38 69 10 34 5 21 58 36 68 13 59 50 65 2 26 27 32 8 17 66 4 63 28 31 6 54 29 47 37 11 39 23 53 0 12 7 35 67 49 25 15 18 46 45 62
52 33 66 16 37 9 26 10 60 2 59 29 58 67 11 68 63 53 27 21 50 30 39 3 42 54 24 61 34 56 35 17 44 47 40 51 38 25 18 69 23 28 7 14 62 13 12 5 49 43 6 8 31 65 45 48 0 19 46 57 36 55 64 15 20 32 1 41 22 4
69 43 57 32 39 42 62 34 53 55 56 11 64 46 68 0 31 17 51 5 38 50 15 58 30 23 9 37 13 63 59 29 18 1 10 66 19 36 48 54 25 6 20 16 47 61 7 33 60 28 12 52 49 40 26 2 65 45 8 41 67 27 14 22 24 44 4 35 21 3
25 40 50 30 32 38 43 53 33 27 66 8 6 45 55 10 24 0 47 7 69 65 44 39 57 14 64 46 68 42 13 51 28 41 60 52 36 19 2 18 20 35 62 63 11 16 56 31 58 3 61 4 67 59 29 9 26 1 37 48 34 17 12 5 23 54 22 49 21 15
10 68 25 53 41 56 2 62 14 29 11 19 51 4 1 35 0 37 69 12 38 34 67 46 63 27 60 32 43 47 42 64 49 57 30 36 44 58 24 40 54 7 28 8 61 65 5 52 66 50 33 39 6 3 13 21 48 31 55 45 17 59 20 18 23 22 16 9 15 26
54 34 43 18 50 40 7 56 19 48 17 11 24 47 28 59 4 51 0 35 5 65 25 55 22 58 13 31 33 14 26 63 57 21 64 27 36 61 32 67 39 60 52 23 44 37 45 68 69 2 38 49 66 12 62 53 9 3 6 1 29 41 16 8 15 20 42 30 46 10
55 2 62 4 17 61 33 54 18 11 14 16 32 20 26 69 44 31 9 30 59 45 50 58 0 6 8 67 27 28 19 52 63 39 46 43 36 65 42 66 53 57 12 35 22 64 49 13 68 24 3 1 5 47 48 7 38 23 21 56 60 37 29 15 25 40 10 41 34 51
17 57 62 68 59 61 55 24 42 15 10 6 60 32 33 22 65 56 20 25 58 16 0 40 43 51 19 31 37 39 26 48 8 30 4 27 36 54 13 45 5 2 1 46 18 28 12 35 50 63 69 66 53 23 64 38 41 44 47 7 29 11 21 14 3 67 49 52 9 34
40 53 65 30 58 39 18 66 20 50 17 6 32 67 11 59 47 7 5 24 1 41 56 26 42 19 64 10 57 8 21 25 23 14 28 27 60 2 34 46 29 68 45 33 22 51 4 52 35 48 38 61 49 9 36 63 54 13 3 37 16 0 31 43 15 12 55 69 62 44
62 25 5 28 58 17 46 23 40 45 4 9 1 39 37 59 57 51 64 47 35 50 20 21 65 66 12 13 10 3 55 52 33 18 38 16 67 48 29 14 56 53 27 15 11 43 19 2 6 42 54 7 68 41 36 8 63 49 24 32 0 31 69 61 44 26 22 34 60 30
50 17 56 41 65 61 36 2 39 33 45 34 47 60 42 18 54 55 9 52 62 26 1 10 4 25 0 13 63 57 21 31 30 67 6 8 32 12 66 48 49 58 19 59 20 27 53 68 3 69 38 40 29 43 24 28 44 37 7 16 23 46 51 64 5 14 35 15 11 22
39 44 18 12 43 54 13 65 22 33 26 38 21 50 15 46 34 62 29 6 53 20 52 24 63 31 57 25 68 10 37 0 49 36 3 27 19 32 58 4 28 42 61 23 51 45 11 60 64 66 56 17 67 14 55 41 47 2 35 1 40 69 5 9 30 7 16 59 8 48
31 43 47 61 25 54 41 50 39 33 22 20 58 10 0 13 17 23 19 52 68 51 34 27 40 15 8 36 37 69 18 29 28 46 30 65 53 38 67 24 1 57 14 2 42 48 21 44 12 62 63 66 6 55 56 32 26 45 60 16 7 11 59 3 4 35 5 64 9 49
60 34 52 3 20 41 53 27 5 48 37 51 42 56 18 29 30 13 65 19 58 6 21 15 67 26 9 44 12 59 63 33 8 0 25 16 61 40 68 54 66 14 11 31 1 39 69 47 57 38 2 28 10 45 23 7 64 4 36 62 24 50 35 55 46 32 43 49 22 17
66 52 67 1 5 38 51 57 47 17 41 54 62 40 24 21 31 46 69 10 11 9 60 32 45 18 28 22 7 8 16 37 0 61 6 25 29 55 34 43 30 2 59 12 56 65 26 58 50 42 44 3 33 14 39 64 23 35 36 4 20 19 68 63 15 48 49 27 53 13
18 58 2 40 4 26 17 54 37 10 32 9 47 11 67 22 28 51 36 31 3 66 13 15 14 68 44 7 16 0 1 46 24 62 25 55 63 30 45 19 49 34 29 38 35 65 64 6 8 33 20 43 27 5 53 61 60 59 21 50 57 39 56 12 23 48 69 41 52 42
42 40 41 3 68 1 39 48 7 37 65 23 35 20 53 31 43 57 61 16 0 36 4 55 10 29 62 66 9 28 30 50 2 47 32 67 13 38 17 59 18 54 64 25 60 14 63 49 24 33 56 44 27 22 52 69 8 6 58 46 5 21 19 12 26 15 51 34 45 11
33 54 14 10 12 28 40 51 17 27 6 11 9 16 49 37 13 2 3 57 68 31 52 1 59 47 35 48 60 34 65 0 29 7 24 32 44 26 39 30 22 23 42 5 38 4 50 61 55 63 64 18 25 58 43 46 45 20 53 41 36 67 62 15 56 19 8 69 66 21
50 21 25 16 15 37 34 61 39 2 53 5 23 20 46 40 29 69 13 59 60 68 62 49 38 19 1 9 41 48 44 54 4 36 12 8 47 7 0 35 56 67 28 22 10 66 33 3 65 26 42 30 57 14 11 45 32 17 51 31 6 55 24 52 18 43 58 27 63 64
43 57 50 59 65 17 67 9 7 22 26 15 62 31 42 3 66 29 21 6 24 63 18 16 4 52 11 28 51 49 8 33 46 68 27 54 38 44 25 0 30 53 23 58 47 55 69 12 41 14 48 13 5 32 37 61 40 34 10 35 20 19 39 60 45 36 1 2 64 56
54 34 21 5 29 19 4 28 64 6 37 68 27 45 51 38 33 59 57 35 56 62 2 23 11 17 1 13 60 0 39 55 43 58 41 3 7 20 49 44 16 22 14 31 32 61 24 40 48 67 42 36 25 69 50 10 46 26 52 12 9 47 66 8 63 30 65 18 15 53
10 43 35 56 23 6 48 15 2 54 9 68 26 50 14 12 52 51 30 41 0 29 45 55 42 69 61 60 44 64 3 1 46 4 20 57 22 59 40 25 34 7 67 39 53 37 32 66 5 27 63 18 36 17 31 47 13 24 62 16 11 28 58 19 21 49 8 33 38 65
68 33 24 31 21 40 55 36 51 66 17 65 39 50 19 47 2 10 59 62 27 1 48 61 26 25 45 37 60 52 56 69 28 43 5 11 64 67 34 9 13 35 6 12 38 58 49 23 63 14 18 20 8 57 44 3 4 53 32 30 41 15 0 16 54 22 7 42 46 29
9 24 13 55 61 30 47 7 28 53 38 45 39 2 50 41 32 12 18 44 21 42 1 10 58 51 59 11 52 48 65 62 8 3 22 27 60 49 4 5 17 0 67 63 34 6 23 33 66 16 54 40 14 37 36 68 64 26 43 31 29 46 57 15 20 25 35 19 69 56
7 40 69 65 55 56 45 61 49 26 33 1 66 64 50 5 31 8 38 28 54 63 24 9 29 19 6 11 42 32 15 30 17 59 10 60 44 53 0 27 3 34 25 41 13 37 47 43 39 58 35 48 2 16 18 4 62 12 67 51 46 68 57 21 23 14 36 52 22 20
38 41 43 8 32 54 9 3 10 51 19 68 31 13 52 17 1 36 58 18 22 66 50 21 20 53 6 48 63 69 47 42 2 15 40 30 57 24 44 12 5 4 29 14 34 67 25 65 28 33 16 64 56 26 60 37 59 55 62 39 7 27 49 11 46 45 35 23 0 61
52 9 21 40 45 2 6 23 11 7 61 10 67 1 42 64 33 28 66 41 53 65 22 37 36 18 17 39 3 26 8 46 31 12 58 38 49 19 27 44 15 35 57 48 62 4 13 51 55 68 47 30 69 43 16 63 34 0 54 24 59 50 5 14 60 25 32 29 56 20
65 6 7 66 33 39 34 20 22 2 41 13 42 0 16 67 37 53 43 4 11 55 51 15 44 63 8 69 31 49 28 3 17 45 46 58 36 64 27 21 1 26 62 61 10 50 47 18 60 40 35 59 14 19 38 68 54 12 25 9 56 30 48 32 23 52 24 57 5 29
62 63 65 67 42 33 57 21 69 49 68 38 14 23 47 40 56 5 55 48 36 60 46 66 39 13 19 26 31 50 54 15 8 59 17 52 0 2 35 12 45 9 4 25 7 29 43 51 3 11 34 32 27 10 24 44 20 16 30 64 18 1 28 41 61 58 22 6 53 37
20 9 22 67 44 27 61 21 69 16 39 48 54 63 38 50 12 64 68 66 59 57 14 56 5 1 30 49 51 3 2 4 17 43 10 46 8 29 25 19 32 42 24 36 45 23 11 55 7 26 62 34 15 31 40 0 33 13 37 60 28 65 6 41 52 47 53 58 18 35
28 37 22 34 4 44 52 62 13 9 50 7 69 51 68 29 64 17 2 54 24 56 18 66 23 58 41 16 67 26 14 0 35 15 60 30 12 42 49 45 25 47 21 19 1 61 6 38 65 31 5 11 10 46 48 43 3 53 8 20 33 57 40 39 32 63 59 36 27 55
58 3 50 18 31 35 4 68 49 1 47 19 15 2 33 44 23 14 53 30 42 7 41 66 62 51 29 43 13 57 28 27 67 9 0 52 55 39 48 45 8 22 32 59 65 38 69 64 17 20 63 5 56 61 37 54 16 34 11 21 60 25 24 46 12 40 6 36 10 26
34 48 31 14 61 44 13 58 30 66 15 4 52 63 21 57 67 45 8 46 2 24 29 65 50 1 40 12 33 3 22 35 60 11 9 64 7 0 51 20 10 16 25 56 49 53 32 36 59 19 28 54 43 69 38 41 23 62 6 5 47 26 27 68 37 17 42 55 18 39
15 38 47 64 23 58 36 57 10 2 7 63 25 19 53 50 32 30 26 13 45 67 37 24 35 34 0 56 3 40 61 44 46 12 43 20 16 31 65 5 18 62 69 1 6 55 59 54 9 60 17 39 51 22 49 66 8 41 33 21 14 52 4 27 42 11 28 29 68 48
59 0 55 39 33 52 37 63 66 43 53 8 10 62 34 64 44 6 42 3 1 51 26 36 4 50 61 47 21 35 12 68 32 23 18 20 46 2 31 9 56 45 19 57 69 15 16 5 14 48 58 24 60 17 67 22 40 11 49 28 13 25 38 41 27 30 65 7 54 29
9 52 66 62 49 45 23 0 36 48 13 4 46 55 15 53 29 12 26 19 16 58 69 2 24 7 1 50 14 42 67 31 11 37 59 40 32 21 27 47 30 60 8 20 61 57 35 10 68 6 39 5 3 33 18 65 38 28 43 22 17 56 63 51 54 44 41 25 64 34
8 13 2 62 39 65 28 4 25 67 55 52 63 18 68 35 3 54 66 41 50 9 61 26 32 46 21 16 1 10 22 31 58 40 37 53 33 20 0 57 29 47 49 27 19 6 43 7 42 30 23 44 59 15 38 48 64 51 5 11 34 60 24 56 17 12 69 45 14 36
31 43 44 29 57 28 30 0 34 26 54 55 7 56 12 69 65 48 63 18 1 16 53 68 37 58 19 51 24 45 32 3 23 6 59 60 4 13 39 20 38 21 8 52 11 40 42 14 66 5 61 46 33 41 35 36 22 67 9 27 50 15 17 25 10 64 49 62 47 2
62 66 36 6 37 4 11 44 14 30 58 26 18 7 56 13 39 2 28 52 65 33 61 8 42 23 68 27 47 69 53 20 55 57 54 50 17 21 48 9 12 3 51 45 67 25 22 59 1 15 60 38 46 19 40 41 16 32 63 49 10 0 34 64 24 29 43 5 31 35
65 36 2 33 40 34 20 39 7 56 51 19 9 8 12 53 10 50 4 48 47 63 0 13 15 68 31 57 44 45 16 26 30 66 54 58 11 41 38 24 42 17 61 22 49 18 37 62 6 28 52 59 5 32 69 21 46 43 55 29 3 35 14 27 23 60 64 1 25 67
34 36 26 61 45 65 67 43 69 19 2 23 22 6 53 3 8 17 46 12 60 62 33 58 28 63 47 14 68 13 64 25 9 10 39 4 30 21 29 16 31 56 44 50 40 5 20 55 35 52 37 1 48 7 57 49 54 24 51 66 15 42 41 0 27 38 18 32 59 11
26 59 52 29 49 30 0 58 20 50 24 43 66 62 12 45 40 55 27 41 18 51 11 33 37 68 2 34 44 69 67 38 21 3 4 47 46 23 1 19 5 64 7 63 9 22 8 10 15 32 25 61 31 53 42 56 13 39 57 17 16 60 54 35 65 14 28 6 48 36
24 15 41 1 11 56 48 32 9 45 51 47 69 29 34 22 63 50 57 46 7 16 65 30 3 2 21 38 49 61 60 26 31 35 17 23 5 59 53 33 58 19 28 40 67 39 36 44 0 8 10 18 27 42 20 43 14 37 6 66 54 4 64 13 12 25 55 68 62 52
10 31 42 32 3 27 45 17 21 19 58 1 68 64 13 30 63 5 37 40 7 66 26 2 22 6 47 52 23 15 4 14 9 12 50 24 56 49 59 61 36 44 43 39 28 33 38 41 57 54 55 29 67 11 8 18 35 69 60 0 34 62 51 48 25 65 20 53 46 16
5 4 12 8 51 14 29 36 62 28 33 67 47 26 54 42 3 37 59 10 17 16 43 6 20 38 22 64 68 27 49 0 55 53 57 40 48 56 25 46 65 9 32 39 52 61 60 35 19 44 18 34 2 1 11 41 13 24 69 66 7 50 23 21 58 15 45 31 30 63
35 15 19 64 37 55 33 36 6 26 29 9 34 56 16 48 69 2 27 60 10 65 40 4 57 62 25 49 7 66 28 38 58 13 39 68 61 11 24 30 3 59 63 53 32 67 8 51 41 31 46 52 12 42 22 44 5 20 50 21 43 45 18 0 47 23 54 17 1 14
9 46 60 49 53 31 39 54 65 68 4 3 45 61 35 28 5 55 24 1 12 14 38 32 7 22 52 19 42 69 0 17 36 26 6 59 43 57 2 48 50 15 64 63 41 27 44 8 34 21 25 11 30 20 37 16 51 67 58 23 10 56 18 62 66 40 33 29 13 47
49 68 11 59 41 69 40 47 17 55 35 15 33 21 42 29 24 58 2 34 61 37 19 25 57 30 5 26 13 28 4 44 39 6 7 67 64 9 22 18 60 12 63 56 14 8 43 65 38 27 10 66 32 50 51 31 0 20 62 23 48 46 52 54 1 53 16 3 45 36
16 45 22 0 54 25 29 39 24 36 19 50 34 66 6 60 20 58 62 46 2 57 12 44 10 63 55 32 40 26 42 67 14 30 8 64 35 17 53 3 52 27 47 23 56 37 65 33 69 41 61 51 28 49 18 7 38 1 31 9 48 4 15 68 43 59 11 21 13 5
50 13 5 11 54 28 19 35 44 53 47 0 7 34 4 62 12 33 37 22 57 63 48 43 55 14 25 16 56 69 17 60 30 41 64 39 61 23 26 59 10 32 38 45 52 9 65 36 66 18 68 51 42 58 27 49 40 2 1 31 8 3 46 67 24 15 6 29 21 20
62 32 55 34 38 67 68 11 57 58 64 56 52 29 41 60 43 3 49 1 17 31 45 22 54 18 15 9 65 6 12 27 50 53 7 25 40 63 19 10 30 39 36 61 59 21 13 69 33 66 51 24 0 46 26 47 37 5 35 16 48 4 44 2 42 28 8 14 23 20
45 39 24 31 37 60 56 68 12 36 47 26 8 52 34 9 22 61 10 3 5 27 16 66 25 44 19 63 14 62 23 50 53 18 30 69 38 54 57 48 40 20 49 21 29 7 33 28 65 67 15 46 51 17 1 35 59 58 4 42 41 64 2 32 55 6 11 0 43 13
62 8 11 20 34 63 52 2 5 61 1 21 44 23 7 51 13 3 14 55 10 58 54 49 4 67 38 17 64 56 46 9 32 45 41 42 28 43 40 50 48 33 24 59 31 37 60 69 30 22 66 25 29 36 57 18 53 15 6 19 35 68 12 39 27 0 16 47 26 65
31 12 14 29 3 59 61 65 35 51 57 62 27 8 21 17 9 54 4 67 20 44 36 42 0 38 56 55 68 43 34 24 15 40 49 28 32 2 47 53 63 50 18 41 6 30 69 25 13 58 10 1 48 22 60 37 45 39 52 46 64 5 16 23 33 66 11 19 7 26
19 11 26 9 16 44 69 29 58 32 25 8 64 10 45 53 56 52 67 5 57 46 36 7 20 49 63 33 48 62 50 40 42 47 65 43 3 17 35 2 4 22 59 21 6 39 61 54 51 60 18 27 0 14 13 34 28 30 15 37 12 66 55 24 38 41 68 23 1 31
13 43 0 2 59 39 54 35 33 18 10 6 4 58 1 20 62 66 65 22 14 60 44 19 12 49 25 23 69 53 46 30 40 41 7 5 34 56 68 11 48 26 8 38 29 55 51 9 32 36 17 28 21 45 42 27 52 47 50 67 37 63 15 24 3 61 31 16 64 57
48 34 66 27 1 59 68 8 54 56 10 6 40 31 13 62 12 37 32 3 36 58 51 67 38 14 61 53 57 33 39 50 2 55 65 49 20 0 42 28 17 63 21 30 46 60 69 15 22 4 7 11 44 43 5 29 47 23 52 26 18 16 19 9 24 45 35 64 41 25
68 67 61 31 9 55 42 18 60 69 58 45 5 26 4 20 19 56 40 38 35 1 66 30 34 33 0 15 13 62 64 48 54 28 53 8 50 16 57 47 51 27 63 23 44 37 52 2 10 6 7 24 65 25 36 43 12 11 29 49 59 32 17 3 22 14 41 21 39 46
42 55 53 12 40 46 27 39 11 34 44 16 19 3 63 32 8 9 49 61 10 57 18 35 5 66 50 54 67 1 31 25 47 62 48 43 59 28 68 0 33 14 41 2 45 30 36 26 15 23 69 22 60 7 56 29 38 20 6 64 52 4 21 17 24 51 65 58 37 13
66 4 61 69 1 21 54 6 64 58 49 7 52 5 26 32 29 27 20 46 55 25 51 57 18 17 15 60 16 40 67 28 23 24 0 36 8 14 65 59 53 22 47 45 43 30 42 3 33 11 12 2 35 13 48 31 37 39 10 19 50 38 9 56 44 63 41 34 68 62
60 7 65 64 58 55 29 33 1 32 27 10 67 24 43 47 61 38 66 5 9 8 44 36 3 56 57 15 30 68 50 46 21 25 13 69 31 23 12 26 39 14 42 22 19 63 53 2 17 54 59 4 11 41 51 52 37 49 35 20 18 48 0 45 6 34 62 40 28 16
7 48 26 10 49 67 60 42 28 51 52 43 24 12 68 59 27 56 32 66 6 23 46 29 61 37 30 20 45 15 33 3 22 64 57 54 39 4 1 41 65 16 19 0 50 25 5 31 8 55 40 58 2 38 13 36 69 11 35 62 63 53 18 21 34 47 14 44 17 9
53 9 42 12 55 44 58 52 11 25 0 54 56 33 67 48 60 31 37 29 10 61 17 65 13 27 4 5 46 69 18 50 38 15 7 2 43 63 28 49 21 66 35 59 68 23 6 64 8 3 36 34 39 47 26 45 32 41 22 20 51 16 24 40 62 1 19 14 57 30
55 7 13 62 31 53 61 11 41 50 44 40 46 6 52 5 37 34 63 64 4 43 65 49 56 28 48 19 32 39 57 16 24 69 25 58 15 2 35 45 17 14 18 54 21 0 60 33 59 10 26 42 30 12 20 9 8 51 66 29 68 38 3 67 23 22 36 47 1 27
26 1 53 65 56 62 66 18 43 59 40 3 58 20 17 30 52 55 44 50 46 7 29 8 61 10 11 68 42 41 2 54 36 9 34 19 25 45 31 57 60 47 64 67 69 23 22 13 37 15 6 39 14 28 21 63 27 49 12 33 5 38 0 48 4 35 51 24 16 32
59 23 19 38 14 4 45 52 44 64 32 65 69 41 35 50 31 60 0 15 53 7 27 55 47 16 20 68 43 12 13 17 2 63 36 49 67 5 46 48 51 21 56 33 24 8 54 29 30 66 11 34 3 1 39 22 10 6 18 42 26 58 25 40 9 57 37 28 62 61
41 38 27 40 13 15 63 25 51 4 46 54 5 39 26 2 62 30 33 48 7 23 47 64 53 36 49 57 29 58 43 66 44 52 59 8 20 21 42 0 35 67 65 22 50 11 10 9 69 32 45 34 6 55 14 1 3 16 68 31 28 60 56 24 37 61 17 19 18 12
62 5 31 69 2 48 29 45 66 60 30 61 56 52 34 24 13 43 17 20 54 19 64 11 68 32 65 28 0 63 55 15 16 38 8 10 42 6 7 12 46 41 14 47 35 25 51 40 33 4 37 27 23 39 58 67 59 3 22 26 36 50 49 21 1 44 53 57 18 9
57 69 55 53 22 67 68 10 25 11 49 32 21 65 13 24 9 5 26 38 42 1 47 45 3 43 4 16 27 60 30 36 40 31 14 8 6 64 63 54 7 52 28 59 62 17 20 33 2 15 12 58 66 48 29 0 46 39 41 37 19 34 35 56 23 44 18 51 50 61
40 38 26 13 25 39 43 2 7 33 3 55 8 56 5 57 12 44 37 1 63 21 34 60 42 19 6 30 16 24 41 68 50 9 20 0 65 18 10 32 36 66 67 52 45 64 51 62 59 47 54 4 53 31 69 61 22 11 14 35 49 46 27 28 17 23 29 58 48 15
50 45 21 43 10 34 17 3 14 9 61 1 63 36 41 24 35 67 32 57 68 65 64 51 8 66 16 23 20 56 29 0 53 59 13 28 54 39 30 69 22 52 60 33 55 25 42 62 2 27 19 47 18 6 48 44 38 7 37 12 4 58 46 49 11 40 26 31 5 15
26 66 64 16 65 28 8 11 39 38 4 24 27 19 37 14 47 48 33 41 46 42 12 29 54 23 49 51 43 44 57 62 10 3 32 68 0 25 21 58 69 31 50 34 56 30 53 15 22 61 18 35 7 2 59 1 17 60 63 67 6 55 40 36 5 20 52 45 9 13
66 5 29 49 39 42 57 14 36 63 38 45 34 17 11 6 12 69 35 68 60 10 65 48 46 1 18 3 53 0 61 8 7 32 41 2 55 25 37 21 59 23 27 62 28 64 24 4 33 13 67 43 54 56 44 30 15 51 58 40 50 26 52 31 47 22 9 16 19 20
36 15 51 10 45 64 18 58 31 19 16 4 7 59 34 41 66 14 25 48 40 35 63 30 60 54 3 9 49 2 57 62 47 67 46 68 38 42 17 1 24 33 11 43 56 26 32 27 0 21 44 13 6 23 20 52 53 37 39 50 5 28 61 65 22 12 8 29 55 69
21 65 40 41 61 36 3 7 18 23 27 12 5 26 64 1 11 29 55 22 69 56 20 68 52 53 59 45 35 43 66 9 42 48 47 50 6 57 60 46 28 49 51 32 58 31 39 15 19 34 14 13 25 67 17 33 16 0 10 54 4 30 24 63 44 62 8 38 37 2
42 65 3 60 36 68 51 39 64 21 0 44 16 4 56 47 53 62 34 17 10 26 52 14 66 13 59 58 15 22 61 40 5 38 67 32 11 29 7 18 69 28 37 35 23 57 48 50 55 24 49 9 19 6 12 25 54 46 31 43 63 45 1 27 30 20 41 33 8 2
53 31 65 3 56 2 12 57 51 47 10 54 19 37 11 59 27 7 41 24 20 50 5 69 49 23 44 62 58 29 48 68 35 52 67 9 14 15 66 40 61 0 55 64 8 1 26 34 63 4 16 21 6 42 38 25 36 45 18 22 32 33 43 17 46 39 28 60 13 30
21 69 26 14 4 29 52 17 13 59 63 58 41 40 19 48 30 57 60 33 20 47 65 68 28 66 51 50 3 10 18 6 23 43 56 16 62 7 39 12 37 61 49 67 2 36 44 34 0 55 35 27 8 15 64 31 38 5 25 11 9 46 53 32 22 42 54 1 24 45
42 6 55 51 16 13 28 36 9 41 66 31 33 23 57 3 45 47 68 18 32 30 58 46 34 12 38 8 63 25 37 21 65 48 53 1 19 10 17 7 43 61 64 2 27 5 59 22 69 0 14 62 4 40 39 15 67 50 54 35 20 26 49 56 24 60 44 52 29 11
