39 46 13 21 0 59 9 69 55 36 53 27 25 15 66 5 52 33 32 4 24 19 51 26 29 48 42 1 2 47 60 63 50 10 7 44 37 57 41 61 68 12 62 34 23 65 30 14 64 35 67 17 40 3 45 28 11 58 22 56 18 49 16 8 31 43 6 54 38 20
27 18 50 16 7 24 40 41 14 10 65 21 0 5 51 52 23 42 12 69 38 34 59 25 26 11 33 64 53 9 13 46 61 66 49 29 60 67 55 37 54 43 3 17 15 39 4 35 44 36 56 22 1 62 28 47 48 2 6 8 57 63 68 58 30 31 19 20 45 32
41 20 26 49 9 47 46 52 4 55 31 25 59 19 34 53 50 35 17 48 40 68 54 33 58 65 14 28 29 51 13 5 67 45 61 44 43 15 16 23 21 12 32 69 27 7 0 60 39 37 42 56 62 2 11 1 8 3 22 63 64 38 18 6 10 66 57 30 36 24
55 21 51 17 69 28 60 11 7 56 12 34 18 0 19 47 38 46 30 52 36 35 53 61 6 64 29 9 16 20 23 37 22 3 42 2 44 62 43 5 4 50 10 25 68 48 66 54 49 33 32 57 24 59 58 13 15 63 40 41 39 8 65 27 31 14 45 1 26 67
52 15 67 17 29 9 30 65 55 45 25 32 50 51 20 26 14 4 38 1 63 7 56 39 64 23 68 24 11 31 44 22 12 16 3 46 49 57 61 42 6 66 2 13 40 62 59 27 53 33 41 34 21 69 10 54 47 0 18 43 19 37 28 60 5 35 48 36 8 58
53 7 68 27 4 23 38 39 15 11 5 25 12 24 56 0 50 13 69 58 37 31 47 66 30 45 42 48 36 35 60 55 43 59 6 22 18 10 33 40 9 3 2 64 51 52 19 62 46 16 41 28 61 21 34 57 63 49 8 1 32 65 29 67 20 54 44 17 26 14
46 8 47 17 3 1 19 65 35 18 34 41 23 12 30 7 52 57 6 63 9 43 68 13 22 44 48 33 16 24 26 14 20 15 53 28 55 4 64 62 27 25 49 67 36 21 10 61 58 59 54 32 0 40 38 66 51 29 45 56 11 37 42 50 60 69 2 31 39 5
53 69 36 67 43 55 3 45 25 26 65 28 34 16 14 49 38 44 2 18 17 19 1 39 15 42 9 59 66 24 60 27 47 23 58 4 40 6 30 64 12 52 10 0 22 7 68 56 61 32 35 48 31 5 54 46 29 21 33 62 57 63 13 51 8 37 11 20 50 41
3 49 17 60 55 8 65 6 24 32 15 0 13 66 62 11 28 37 20 39 42 47 5 16 44 38 29 68 57 53 58 59 52 64 51 67 27 69 14 41 23 2 46 43 26 12 48 9 1 50 35 33 61 19 45 34 36 30 21 18 22 56 31 63 25 7 54 10 40 4
43 39 3 23 12 33 1 55 4 66 52 18 9 64 11 54 13 51 63 47 17 45 59 38 65 7 41 42 28 46 15 14 19 6 8 56 36 21 68 67 35 32 49 2 30 37 27 24 69 61 50 20 60 10 53 48 58 34 16 5 31 44 0 25 29 26 22 40 62 57
31 26 43 64 9 57 21 28 52 25 2 39 34 18 36 49 4 6 53 45 42 32 51 69 55 10 13 47 20 35 37 7 19 11 56 66 15 63 58 23 12 54 3 46 22 50 59 33 17 60 40 5 41 44 62 30 29 48 68 0 38 67 1 65 24 61 27 14 16 8
19 11 9 37 4 0 58 10 65 68 61 29 13 24 20 28 5 6 38 34 39 3 62 60 12 18 55 45 40 44 14 21 8 46 59 32 67 54 57 42 69 52 49 7 33 23 17 2 47 56 30 27 36 63 1 25 48 15 16 53 31 22 41 26 64 50 43 51 66 35
54 27 3 45 42 36 23 48 13 4 2 65 17 50 57 39 30 15 28 35 62 55 32 68 40 19 25 61 7 21 47 14 59 41 11 18 37 1 24 5 29 26 51 53 20 12 64 56 67 60 6 33 8 52 58 16 63 10 31 22 34 44 9 43 49 38 66 0 69 46
17 54 40 52 49 25 9 0 61 37 60 42 34 56 16 63 2 47 66 30 68 41 14 29 7 4 51 59 44 22 27 18 31 26 12 1 65 33 36 55 3 35 62 38 67 39 8 10 57 32 11 20 5 45 23 19 50 64 6 13 46 28 24 58 53 15 69 48 21 43
55 61 47 63 42 37 54 56 39 22 14 28 13 3 36 12 58 32 68 10 18 19 2 41 9 48 51 33 15 31 45 38 52 20 5 53 23 35 65 17 46 34 57 60 0 11 29 27 44 50 7 59 6 69 30 4 8 21 24 43 67 49 16 66 62 25 40 26 1 64
65 48 47 3 2 50 13 40 43 5 6 10 25 37 27 21 8 29 36 15 57 4 56 7 66 55 45 11 58 30 52 44 68 34 49 62 54 1 63 60 18 24 33 42 22 16 39 69 0 61 23 28 59 67 14 41 31 46 35 38 32 19 64 17 26 12 53 51 9 20
35 7 1 56 66 58 23 5 13 17 11 46 69 19 18 6 44 34 54 3 25 37 57 64 39 24 45 8 42 28 27 43 31 26 61 30 14 2 65 16 62 9 40 68 12 50 38 55 22 67 59 15 33 53 47 36 29 49 32 48 21 63 60 41 10 20 52 4 0 51
34 2 14 56 69 27 45 21 15 19 31 58 50 62 52 53 59 25 67 47 60 35 10 8 29 42 41 48 68 6 24 18 11 32 36 17 54 38 43 49 37 0 46 66 55 39 51 61 5 64 20 63 40 16 4 1 22 65 28 33 7 23 57 12 26 9 3 44 30 13
46 40 47 21 6 63 5 30 43 15 48 59 51 20 18 35 14 42 66 10 68 8 25 65 62 54 57 29 7 67 9 58 0 45 1 4 23 2 55 52 53 33 19 44 24 11 26 12 36 41 32 69 3 64 60 49 34 56 31 28 16 39 17 38 61 27 22 50 37 13
44 47 37 48 67 27 45 7 28 64 66 20 16 65 0 52 3 59 6 42 34 68 69 4 51 10 13 19 18 14 38 29 35 63 33 53 30 8 55 61 12 32 23 49 36 22 9 39 60 62 54 41 43 40 31 2 24 15 11 5 56 50 17 21 1 25 26 58 46 57
26 2 39 33 58 27 49 56 57 52 21 36 64 55 19 10 29 46 37 17 30 32 69 40 1 63 65 45 51 41 6 68 5 53 34 4 43 35 12 16 14 7 42 9 8 31 0 54 20 61 38 66 3 50 23 22 47 13 44 60 59 67 11 28 24 25 15 62 48 18
39 28 61 26 30 62 8 33 11 22 50 41 3 66 43 51 46 9 6 12 56 16 47 53 34 52 48 0 44 49 29 40 19 35 59 13 55 69 42 64 27 65 21 15 4 10 17 58 57 23 60 31 68 54 67 7 18 63 25 14 45 36 37 32 20 1 38 5 24 2
60 57 15 8 49 64 1 34 24 43 19 14 32 42 55 0 50 68 47 17 7 59 22 39 3 20 10 4 52 53 35 63 6 46 48 61 5 18 62 31 41 56 28 51 45 13 23 40 36 9 44 66 30 29 37 65 27 11 54 21 12 69 58 26 33 16 38 25 2 67
38 69 13 0 16 4 65 40 3 42 35 50 64 59 61 34 51 2 15 17 11 62 48 5 8 26 33 58 46 60 23 27 67 1 47 31 39 53 25 66 14 30 63 24 57 37 45 20 56 12 54 21 22 43 6 18 9 52 28 32 49 68 55 41 44 10 7 29 36 19
17 47 21 37 26 16 46 53 12 66 51 23 22 43 62 49 28 27 39 33 7 20 11 0 41 45 15 13 67 56 31 61 8 63 2 59 29 58 25 50 5 60 65 57 3 42 32 48 19 14 44 35 38 52 55 40 10 68 64 4 1 18 24 54 69 36 9 30 34 6
11 8 3 67 64 32 21 9 25 17 69 0 36 35 5 68 14 6 28 1 13 7 51 40 59 39 45 62 37 43 23 60 18 47 27 55 22 38 46 49 65 16 34 50 42 19 29 56 58 63 12 2 48 52 66 31 4 10 30 41 53 61 15 54 20 24 26 57 33 44
47 51 25 59 14 58 13 57 23 17 52 41 8 49 2 4 18 20 62 3 24 33 67 19 11 31 36 27 65 56 16 29 26 6 7 45 15 64 61 28 50 48 69 32 66 68 9 10 55 63 46 0 5 30 12 53 44 42 40 60 21 1 43 37 39 34 35 22 38 54
35 10 57 20 39 34 62 60 66 41 2 4 29 61 48 22 8 51 23 30 18 59 44 53 43 5 26 68 38 64 7 56 49 42 0 13 36 21 65 55 16 14 63 50 46 11 67 1 3 17 69 6 15 52 33 24 45 54 40 37 28 25 19 47 31 27 12 9 58 32
46 14 16 62 4 41 6 21 49 61 3 9 38 29 12 66 34 43 15 39 47 68 30 40 51 17 1 7 36 35 11 69 24 59 37 25 58 20 27 63 13 55 22 31 64 28 56 57 10 54 0 26 45 42 52 18 33 44 65 48 19 53 67 50 5 60 32 23 2 8
40 42 62 8 2 26 34 43 46 67 29 50 0 52 30 35 38 16 33 56 7 64 10 45 49 65 4 37 6 60 36 13 51 48 22 58 57 19 15 1 53 18 11 20 21 24 28 55 54 61 25 31 5 39 3 69 23 27 63 9 17 32 59 14 12 66 41 68 47 44
2 18 55 25 59 56 7 68 51 4 69 57 26 12 40 6 0 58 8 33 11 15 44 47 46 50 3 37 34 22 54 42 36 32 38 43 21 67 27 53 20 61 5 62 52 10 23 28 17 24 19 49 14 31 45 66 65 39 16 63 30 9 48 29 35 13 41 60 64 1
6 28 8 57 59 45 2 69 48 12 36 68 5 41 0 43 65 53 40 24 30 1 18 23 58 35 34 33 52 67 29 42 51 61 49 46 13 54 66 25 27 20 60 39 16 21 22 62 3 47 31 37 11 56 50 55 19 32 64 9 38 7 10 14 15 17 44 63 4 26
48 27 44 26 8 58 4 69 46 56 65 40 61 49 24 23 63 5 47 18 34 62 1 9 37 30 59 6 25 28 22 42 55 51 33 60 50 12 32 52 57 43 45 14 39 15 21 35 3 16 7 29 54 0 13 11 66 53 41 38 36 10 31 17 19 68 2 67 64 20
51 1 11 7 45 23 65 33 47 54 46 10 32 0 13 40 25 2 6 5 9 67 43 52 24 62 17 66 61 39 57 37 26 12 35 15 48 34 56 60 58 4 19 21 22 64 18 31 14 44 29 27 36 63 69 16 38 28 55 53 68 49 59 41 3 42 30 20 8 50
0 60 5 15 30 48 3 63 54 28 26 41 66 9 23 44 29 38 22 50 1 40 64 37 31 19 12 56 61 17 69 33 7 10 25 13 51 67 35 6 43 47 21 59 36 8 20 57 49 53 52 18 14 16 62 27 39 24 2 58 68 4 55 11 32 65 34 45 46 42
5 68 39 30 23 61 63 31 40 12 27 44 35 52 47 1 32 59 54 50 14 48 33 9 64 42 56 46 60 19 55 20 21 11 28 57 25 65 15 2 18 16 36 34 6 38 24 51 10 62 17 43 7 0 8 41 69 37 26 58 4 53 3 45 29 67 49 66 22 13
28 64 63 66 44 51 35 61 1 16 4 31 60 10 49 45 27 19 29 30 58 52 46 65 24 38 15 39 11 12 0 48 14 53 42 62 21 56 17 33 43 54 47 41 25 7 40 37 55 22 5 68 2 6 34 69 50 23 32 8 67 57 18 59 9 36 3 26 20 13
7 62 8 49 13 23 32 11 0 53 45 48 43 38 65 14 58 60 61 51 22 9 50 44 63 5 40 36 47 25 46 12 18 10 2 68 29 67 69 31 42 30 57 34 37 4 20 19 55 54 26 41 16 15 35 52 24 33 59 1 6 64 21 27 66 56 39 3 28 17
18 49 36 54 64 0 40 45 67 68 5 20 8 4 32 35 56 50 41 42 62 44 33 34 53 43 16 59 21 9 57 25 1 15 3 12 65 26 10 22 51 24 7 46 47 6 19 48 13 29 66 58 61 17 37 11 28 38 69 52 14 30 31 39 2 63 27 55 60 23
10 56 61 8 0 41 1 40 60 29 55 17 5 66 16 25 69 12 43 3 35 6 64 30 28 26 36 45 65 32 15 19 39 48 18 51 54 20 14 47 21 59 34 42 44 7 37 13 33 68 31 22 2 52 50 63 27 24 49 62 67 58 38 11 4 53 57 46 9 23
52 7 23 33 60 63 30 47 65 0 9 2 56 25 50 51 66 3 43 28 29 64 68 67 59 4 17 39 54 18 32 27 21 19 16 46 6 55 13 69 22 20 8 61 49 62 58 44 37 38 11 40 45 1 48 31 35 12 26 10 42 57 34 5 14 24 53 36 15 41
68 5 48 1 39 32 46 51 10 7 49 4 26 62 3 13 16 23 2 44 25 35 30 0 57 53 21 67 65 54 41 61 55 56 20 14 6 66 17 42 43 31 52 19 45 18 34 24 40 64 8 22 59 28 58 15 29 9 27 37 63 12 11 60 50 69 33 47 36 38
4 12 43 14 69 0 62 34 9 60 61 27 22 23 11 51 41 33 24 64 20 15 49 59 17 48 32 65 6 7 30 31 13 3 57 29 18 52 10 21 2 58 42 45 53 37 66 8 39 56 28 68 63 26 38 16 55 47 35 1 36 25 19 46 67 5 50 54 44 40
58 34 49 65 31 41 68 24 46 57 52 48 54 55 63 53 6 51 39 33 1 45 37 3 7 43 30 47 56 62 22 61 32 42 12 38 4 19 18 21 50 11 27 29 0 25 17 26 40 44 2 67 69 14 5 10 36 64 15 66 23 8 20 59 9 16 28 35 60 13
55 67 8 45 59 7 21 24 42 12 20 34 53 61 35 23 31 1 22 9 5 19 62 69 60 10 54 32 15 27 38 33 0 28 13 57 30 39 41 2 25 63 16 26 58 14 65 46 64 52 3 37 18 56 66 11 17 49 68 4 48 44 51 40 6 47 36 43 29 50
5 36 57 10 35 54 1 2 34 37 47 19 66 48 11 8 17 65 58 7 33 67 50 23 26 4 63 9 46 41 25 29 51 40 43 28 52 64 69 18 15 24 30 6 20 32 68 12 22 27 49 61 60 56 0 44 55 53 42 39 38 16 62 14 45 59 31 21 13 3
39 56 15 35 46 18 41 27 13 60 36 6 69 4 59 45 10 37 65 68 22 62 33 14 30 63 51 0 53 31 43 12 2 7 9 23 26 17 42 40 16 20 55 64 11 58 54 48 44 57 32 66 38 1 29 47 49 50 19 8 67 28 5 25 61 3 34 52 21 24
20 0 65 66 3 35 42 63 2 61 30 43 16 4 34 1 36 25 5 10 52 41 9 22 51 12 55 23 31 60 21 37 7 33 19 13 15 17 68 24 67 57 27 56 69 26 39 11 48 8 47 40 18 50 6 53 59 54 44 62 32 29 49 38 64 58 14 28 46 45
41 46 39 58 11 40 38 3 1 67 35 64 31 52 18 9 50 23 33 26 13 22 54 21 2 49 60 7 20 34 68 19 62 5 27 43 53 14 44 15 48 59 63 12 55 17 30 42 4 8 16 66 24 28 25 47 69 56 51 57 61 45 6 37 0 36 29 10 65 32
35 56 69 28 24 48 33 63 16 11 22 25 27 8 5 9 45 43 51 17 62 21 59 1 53 60 57 34 0 58 10 32 31 14 7 47 15 50 18 66 36 41 40 61 26 37 12 30 2 67 55 39 6 54 68 4 13 65 23 64 29 19 3 44 46 49 52 42 20 38
40 52 67 42 7 50 37 23 24 26 21 43 13 35 65 27 9 60 1 17 14 48 19 39 2 44 29 41 58 53 22 32 56 62 54 16 3 47 12 6 11 25 15 31 18 64 61 5 33 4 49 63 20 8 10 66 46 68 55 45 36 34 51 0 69 59 30 28 57 38
24 18 11 21 44 54 15 35 0 68 3 58 7 6 31 4 25 13 37 36 53 38 49 64 46 59 33 26 28 12 62 23 20 56 14 66 10 8 47 43 65 63 42 60 57 41 30 5 1 48 16 52 39 22 32 9 69 55 50 67 45 51 27 34 29 17 2 40 19 61
8 20 34 51 56 1 17 7 63 5 36 9 61 47 28 4 19 65 14 31 43 18 10 24 3 59 67 57 46 60 32 52 50 13 49 53 16 33 64 37 40 0 45 39 29 21 25 11 6 55 26 15 54 66 58 41 62 42 44 38 69 12 22 27 23 2 30 68 35 48
55 24 33 28 35 40 25 14 64 60 11 47 19 30 21 65 20 51 43 26 62 57 46 31 68 44 56 22 34 63 67 10 1 42 18 3 54 48 15 32 45 13 8 12 16 50 38 0 4 23 52 17 9 58 53 49 41 6 7 5 66 37 27 29 61 2 39 69 36 59
49 67 51 50 55 62 5 37 16 2 8 23 18 32 38 4 24 17 14 54 25 12 48 15 60 44 31 47 56 66 42 68 58 59 0 9 53 11 40 34 19 3 1 52 63 64 6 41 45 21 13 26 39 10 29 28 7 65 27 46 43 69 30 22 35 57 36 61 20 33
49 67 39 27 46 53 28 44 60 66 30 32 0 5 3 41 15 25 50 54 1 34 61 13 58 59 6 45 12 31 9 33 55 19 16 29 52 42 26 47 40 21 65 37 22 2 17 62 23 14 4 57 24 8 36 10 69 7 48 43 63 64 56 38 11 35 20 68 18 51
59 56 47 52 35 41 6 66 27 14 12 46 4 2 16 9 67 38 5 25 30 18 69 7 53 20 57 21 49 50 1 63 45 40 37 10 51 3 48 39 15 55 54 31 28 33 29 23 65 8 11 60 58 0 34 43 19 42 64 24 22 36 17 26 13 68 62 32 61 44
21 42 26 49 44 63 34 61 47 1 43 32 68 12 17 62 16 59 46 29 60 11 20 15 24 56 53 67 37 7 13 41 19 52 35 3 30 31 33 55 39 25 40 38 50 28 9 2 66 14 18 48 0 45 27 69 64 51 65 22 10 5 57 58 36 23 4 54 8 6
55 15 8 62 16 28 52 66 65 9 39 38 42 6 23 35 34 26 25 20 67 64 54 5 63 59 21 47 49 56 53 0 57 12 2 24 45 60 27 29 4 30 43 40 31 48 51 13 14 61 44 37 19 11 33 68 69 22 36 18 17 10 3 1 46 32 7 50 41 58
32 67 65 12 10 63 45 56 66 25 11 42 46 6 14 43 60 35 48 1 18 13 26 29 57 2 33 38 7 53 41 49 22 44 55 69 3 0 9 30 28 5 36 24 27 64 54 16 20 51 39 15 23 19 59 62 58 37 61 40 21 50 47 17 68 52 4 8 31 34
55 17 42 35 37 66 53 60 16 5 28 12 30 61 41 14 56 8 62 54 10 45 23 47 1 44 48 6 50 64 69 58 24 18 65 43 33 68 57 36 59 31 29 2 26 19 21 46 20 38 7 9 27 11 32 40 34 25 52 0 49 51 15 13 4 39 63 3 67 22
24 57 25 56 13 46 48 68 60 31 8 19 12 52 18 0 42 62 35 11 10 22 43 28 49 63 34 21 27 51 4 38 1 54 44 58 20 9 23 45 47 59 65 67 66 64 55 26 3 2 40 29 36 50 69 15 5 7 61 14 17 37 53 6 39 16 30 41 33 32
24 3 66 25 14 17 20 31 44 29 35 60 28 41 39 68 33 5 64 12 7 6 0 55 23 63 19 22 30 13 26 37 69 59 40 27 43 21 57 45 8 42 54 61 34 47 36 53 38 11 18 2 62 16 67 10 1 52 15 56 4 51 48 9 50 49 58 46 32 65
58 49 45 55 60 56 28 40 34 17 31 20 68 43 42 6 19 1 22 46 12 13 63 2 24 7 16 52 3 14 50 57 30 48 26 21 33 61 32 9 27 62 35 44 47 41 51 64 4 18 0 10 69 65 25 23 29 11 38 15 59 8 54 53 66 67 37 5 36 39
57 14 45 12 16 35 9 44 42 6 27 59 46 32 10 53 58 33 60 43 22 63 49 28 29 38 36 13 20 21 67 18 64 26 11 47 1 5 2 51 0 61 68 40 48 62 15 41 69 3 19 34 50 23 52 24 37 65 8 55 4 31 54 66 7 39 25 17 30 56
45 11 34 51 4 50 0 2 25 58 47 49 14 55 12 20 35 44 37 13 31 57 15 39 28 68 66 60 18 7 23 19 64 42 69 53 26 36 43 1 17 24 40 5 10 16 38 27 30 65 63 59 21 29 9 22 61 54 6 46 67 3 8 32 62 56 52 33 48 41
61 66 58 33 49 52 9 38 51 57 25 23 0 50 54 24 59 30 8 36 17 46 45 22 55 16 43 42 26 15 37 53 6 56 65 14 18 1 27 69 21 10 29 5 3 40 19 28 41 7 68 2 13 64 67 34 31 35 11 4 44 60 12 62 20 32 47 48 39 63
39 2 59 66 65 44 52 68 40 41 13 38 61 3 55 24 5 50 53 19 16 28 64 49 36 9 30 58 26 69 57 27 42 7 8 56 1 35 10 4 33 0 6 20 46 67 12 60 11 14 15 22 29 23 34 32 45 37 51 47 18 31 21 17 25 63 54 43 48 62
63 64 67 0 51 48 21 28 14 50 52 26 46 42 20 62 49 8 6 25 45 34 23 66 56 69 10 47 13 27 60 1 4 29 7 40 35 59 22 16 68 43 11 54 65 17 18 31 39 33 37 2 58 44 12 41 36 15 32 24 55 38 53 30 9 5 57 19 3 61
60 61 52 11 65 68 56 18 5 23 2 9 35 34 40 13 57 21 15 8 17 58 25 55 6 38 1 37 33 43 44 36 39 51 3 50 0 64 19 22 54 32 29 30 4 42 47 12 69 66 31 59 62 67 27 63 49 10 53 48 26 16 7 14 41 20 28 45 46 24
28 33 1 17 53 15 58 61 23 52 26 48 60 38 22 39 5 43 62 21 69 65 30 46 35 2 29 64 20 19 18 6 68 9 40 3 36 66 34 56 31 44 54 24 12 45 37 49 8 50 0 59 13 25 63 14 32 51 11 57 47 41 7 27 10 55 16 4 67 42
23 6 27 3 11 69 16 51 22 56 18 62 19 44 7 30 14 29 66 50 15 55 65 37 58 20 4 40 13 17 63 61 67 36 0 25 60 1 24 46 45 12 28 9 2 8 49 39 26 64 35 57 5 33 38 42 21 47 43 59 10 48 34 41 31 68 52 32 53 54
3 24 33 7 23 30 8 62 45 39 17 4 61 31 16 59 21 50 68 60 32 41 44 11 55 22 20 29 56 65 66 10 38 0 27 40 64 36 54 49 43 51 2 52 58 53 48 26 28 6 25 63 19 37 57 15 69 13 34 67 12 42 46 47 9 18 35 1 14 5
19 21 41 49 12 27 0 63 43 17 34 20 40 69 53 51 14 31 1 11 33 23 57 65 18 56 37 52 9 30 45 28 36 62 7 44 2 67 26 64 29 68 50 42 55 16 10 58 46 38 13 5 54 39 35 59 61 3 47 66 15 25 48 60 4 8 24 22 6 32
50 43 17 67 44 33 14 0 54 11 63 10 2 59 40 20 60 47 69 25 64 7 48 8 52 19 29 58 30 9 27 32 57 18 42 35 37 26 36 49 62 21 12 61 16 51 24 41 3 5 65 13 34 22 66 55 28 45 23 39 38 15 56 31 1 6 4 68 53 46
56 10 66 26 5 0 6 3 32 44 24 42 4 55 43 39 12 29 54 25 57 52 20 11 30 8 38 64 2 21 33 40 7 41 31 28 14 16 61 48 47 22 37 46 23 35 65 9 27 15 59 62 18 51 34 13 49 68 1 45 69 58 19 60 17 63 67 36 53 50
44 23 13 8 5 65 40 22 16 30 37 38 53 67 14 18 52 32 34 55 42 46 28 26 62 45 7 6 49 11 27 50 48 56 47 12 54 4 69 66 63 15 2 61 10 19 24 59 31 1 39 17 60 20 64 51 0 9 29 35 3 58 33 36 68 43 25 41 57 21
8 12 15 49 65 19 52 22 1 67 42 57 43 9 23 39 68 50 59 55 45 25 17 13 10 38 60 64 32 0 53 66 56 40 27 11 48 61 36 4 21 2 54 51 44 6 28 34 31 37 20 24 7 14 46 26 47 16 5 62 29 3 35 58 33 41 63 18 30 69
35 62 46 31 60 24 2 15 21 22 55 53 41 3 43 28 68 23 32 1 40 65 18 49 45 66 12 25 11 51 56 20 57 48 37 9 34 44 58 36 4 17 13 61 19 29 16 39 38 42 5 50 7 26 27 47 33 10 0 6 14 30 67 8 54 52 59 64 69 63
48 65 57 64 42 1 0 55 20 25 30 68 40 32 51 52 36 63 28 47 21 18 29 46 67 23 27 66 56 10 34 11 44 5 45 9 53 31 24 62 4 16 39 12 8 22 43 61 38 50 33 7 13 15 49 14 60 59 58 54 26 35 37 6 69 41 3 2 19 17
16 21 44 62 18 4 68 22 51 61 3 47 0 23 35 48 29 41 20 64 11 30 8 69 65 34 24 67 12 9 17 57 42 33 66 14 43 58 60 15 36 32 39 63 59 55 53 26 37 50 40 56 27 54 45 52 49 25 31 28 7 13 10 19 2 6 38 46 5 1
13 12 26 17 58 35 46 4 36 29 0 6 27 23 41 63 37 68 30 64 8 66 10 53 20 42 7 43 19 62 2 5 52 40 50 28 15 44 31 18 39 60 65 56 25 21 24 11 45 14 55 3 67 16 47 38 69 49 48 22 33 59 57 1 54 32 51 34 9 61
3 13 33 12 2 65 20 44 66 40 18 45 51 47 24 43 61 42 67 14 5 25 27 19 22 1 23 56 54 53 38 26 29 6 8 11 36 4 37 59 39 0 49 34 69 15 58 31 62 41 50 10 17 52 68 21 30 57 9 16 55 28 32 7 35 64 60 46 63 48
48 25 52 60 37 12 45 61 58 23 35 33 66 4 30 1 62 29 5 13 31 3 16 26 19 0 49 47 41 39 32 54 14 51 8 9 21 46 11 2 34 7 59 64 27 44 68 55 22 69 43 17 15 40 10 53 63 42 57 50 18 20 36 38 67 56 65 24 28 6
5 42 1 30 22 19 63 0 6 32 38 25 28 34 66 17 50 11 13 41 16 23 3 15 18 14 58 43 51 47 56 49 54 27 69 64 4 2 26 31 52 8 39 65 37 29 21 60 24 45 68 53 55 35 12 40 33 48 62 7 61 9 36 67 59 20 57 10 44 46
58 16 31 26 6 52 9 63 43 41 61 15 10 28 53 49 3 1 30 33 56 65 67 20 4 18 38 62 39 44 60 0 69 54 35 7 55 25 2 45 50 64 57 24 51 68 11 17 46 12 23 36 14 13 59 8 5 48 29 34 47 27 40 22 19 66 42 21 32 37
15 47 35 9 13 28 14 59 45 61 52 29 33 51 34 16 17 37 46 18 53 57 44 6 10 30 64 20 67 3 65 0 32 55 19 8 42 12 27 1 39 7 36 5 66 54 24 22 40 58 25 50 26 43 11 60 23 21 63 68 4 38 31 62 56 2 48 69 49 41
8 4 63 50 48 17 35 6 25 49 39 47 55 1 9 22 34 40 24 58 61 21 45 16 33 59 52 5 53 32 54 42 15 19 23 26 67 62 65 37 29 20 43 14 2 31 3 10 44 38 13 12 56 7 18 46 27 41 64 30 28 11 69 36 60 66 68 51 57 0
32 8 31 13 68 55 60 44 0 50 4 26 48 61 29 19 1 54 47 33 18 10 43 24 59 67 66 9 37 56 41 42 45 65 34 57 6 16 23 52 7 25 28 2 38 22 40 21 62 49 39 3 14 69 51 17 35 12 20 63 58 11 36 27 46 5 53 15 30 64
34 38 20 10 42 57 30 37 24 63 69 48 33 58 60 67 14 21 41 54 36 7 55 13 51 0 56 31 62 29 32 40 65 39 47 6 45 3 66 22 25 16 53 23 50 28 64 44 26 12 4 18 59 15 43 17 1 9 49 5 68 52 35 11 61 27 19 2 46 8
28 32 63 47 20 9 5 64 40 38 66 57 33 16 18 10 34 46 55 24 22 1 69 35 7 12 6 53 25 54 31 61 0 68 60 17 37 45 4 15 42 52 27 50 59 44 58 21 23 65 11 2 51 30 36 49 26 8 29 41 39 67 56 3 48 13 14 19 62 43
7 18 26 25 41 16 30 33 63 22 45 0 14 36 59 48 34 44 1 12 39 5 49 61 13 35 56 52 43 21 42 17 40 9 47 6 27 37 11 54 57 55 60 23 69 29 50 31 8 67 15 20 2 4 64 10 28 51 68 3 24 58 46 38 53 19 66 65 32 62
52 7 34 49 65 51 38 28 56 48 67 0 63 19 50 23 43 53 44 2 10 68 64 26 31 59 32 54 9 60 13 14 25 27 55 33 45 5 47 29 62 6 17 46 58 39 20 11 42 21 36 18 8 1 12 40 16 37 24 30 22 69 57 35 15 4 61 66 3 41
36 30 56 45 2 21 62 23 67 16 53 58 66 48 68 3 22 37 24 18 60 33 12 52 69 13 14 0 64 51 11 54 55 44 65 39 19 59 20 42 50 27 43 29 61 49 28 40 9 26 38 7 8 41 6 34 15 35 46 57 5 31 1 47 17 63 32 25 10 4
30 15 24 61 63 57 12 23 48 11 25 4 52 56 44 29 5 6 54 7 37 58 2 64 1 26 32 51 40 19 62 53 9 47 67 66 60 33 65 17 22 49 3 59 45 20 46 8 35 43 28 41 31 42 34 55 69 38 21 18 0 13 16 50 10 27 68 36 14 39
17 63 10 60 54 56 23 32 50 3 9 39 26 4 6 25 19 1 15 13 24 20 34 43 52 27 37 53 61 0 11 48 59 51 16 7 40 62 69 2 5 45 36 41 31 65 8 57 28 64 38 30 44 35 12 29 58 67 66 49 68 55 42 33 47 46 21 18 22 14
69 3 64 28 50 36 8 10 6 41 37 56 54 4 5 13 18 39 27 16 65 61 57 0 2 42 46 55 44 29 59 17 49 38 53 63 62 34 58 43 35 12 20 7 32 11 19 51 22 15 60 33 24 66 30 14 68 67 23 21 1 25 9 47 31 45 40 26 48 52
52 34 46 59 40 28 44 14 48 37 67 61 3 57 19 26 27 39 54 45 69 17 63 11 24 20 41 8 0 1 36 29 38 35 53 68 10 12 50 15 22 6 66 33 25 42 58 65 2 60 32 9 7 30 49 16 47 18 62 56 5 51 13 55 64 4 43 23 21 31
35 11 22 0 19 4 17 62 26 40 16 30 63 6 2 61 15 1 13 33 36 37 47 9 34 38 49 48 59 43 58 53 24 39 60 52 3 41 66 7 55 10 29 31 32 57 69 44 68 21 28 12 5 65 67 54 50 8 46 56 64 20 42 23 45 18 51 27 25 14
53 7 66 61 10 20 9 26 21 15 42 63 36 4 46 30 41 67 44 2 47 6 54 0 40 62 56 14 60 68 13 22 17 59 27 12 11 18 49 43 65 57 64 29 24 33 19 58 35 51 16 5 69 31 8 34 1 23 52 45 50 3 32 38 25 55 28 39 48 37
