1 42 19 35 14 43 66 34 5 40 58 28 12 41 65 37 4 49 57 21 17 25 69 27 8 53 61 24 10 52 63 26 2 45 55 33 15 44 67 32 6 54 59 23 11 48 64 22 3 46 56 31 16 47 68 30 7 39 60 20 9 38 62 29 0 51 18 36 13 50
65 38 4 42 56 30 12 43 64 28 3 41 55 29 16 25 69 23 8 53 60 27 10 40 62 26 1 44 18 24 14 51 67 35 6 45 58 34 11 39 63 31 2 50 54 19 15 22 68 33 7 46 59 20 9 49 61 21 0 47 17 32 13 48 66 36 5 52 57 37
13 42 65 35 4 43 56 34 17 28 69 29 8 41 60 24 10 49 62 19 1 40 54 25 15 44 67 27 6 50 58 26 11 45 63 33 2 37 55 23 16 46 68 31 7 53 59 22 9 38 61 30 0 47 18 20 14 48 66 32 5 39 57 21 12 52 64 36 3 51
55 39 15 30 68 28 7 42 60 25 9 43 62 29 1 41 18 23 13 53 66 27 5 40 58 24 10 51 63 26 2 52 54 35 14 34 67 31 6 45 59 22 8 44 61 19 0 50 17 33 12 46 65 20 4 49 57 32 11 48 64 21 3 47 56 38 16 37 69 36
8 42 61 35 11 43 63 36 1 41 54 28 15 40 67 29 5 49 58 24 12 44 64 25 2 50 55 27 16 26 68 19 6 45 59 34 9 38 62 23 0 46 18 22 14 53 66 31 4 39 57 33 13 48 65 30 3 47 56 20 17 21 69 32 7 52 60 37 10 51
62 38 1 42 18 30 14 43 67 28 6 40 58 29 11 41 64 23 3 53 55 25 15 27 68 24 7 51 59 26 9 44 61 35 0 45 17 34 13 39 66 31 5 49 57 19 12 50 65 33 4 46 56 22 16 20 69 32 8 48 60 21 10 47 63 36 2 52 54 37
15 42 67 35 6 43 58 36 11 41 63 28 2 40 55 29 16 53 68 25 7 44 59 27 9 50 61 26 0 54 18 24 13 45 65 34 4 38 57 23 12 46 64 31 3 49 56 22 17 30 69 20 8 39 60 21 10 47 62 33 1 48 19 32 14 52 66 37 5 51
57 35 11 42 64 30 2 43 54 28 15 29 68 25 6 41 59 19 8 49 61 27 0 40 17 26 13 44 66 24 4 51 56 33 12 45 65 34 3 38 55 23 16 18 69 31 7 50 60 32 9 46 62 22 1 48 53 20 14 47 67 21 5 39 58 36 10 52 63 37
2 42 55 35 15 43 68 38 7 41 60 28 9 40 62 29 0 53 18 25 13 52 66 27 5 54 58 24 12 50 65 26 4 45 57 34 17 23 69 31 8 44 61 30 10 46 63 22 1 39 19 33 14 49 67 20 6 48 59 32 11 47 64 21 3 51 56 36 16 37
68 35 7 42 59 30 9 43 61 29 0 41 17 28 13 40 65 19 4 49 56 25 12 51 64 27 3 44 55 26 16 24 69 33 8 45 60 32 10 37 62 23 1 50 53 18 14 48 66 31 5 46 57 22 11 47 63 20 2 39 54 21 15 38 67 34 6 52 58 36
9 42 61 38 0 43 18 36 14 40 66 28 5 41 57 29 13 53 65 23 4 54 56 25 17 27 69 26 8 44 60 24 11 45 63 35 2 39 19 34 15 49 67 31 6 50 58 22 12 46 64 33 3 48 55 30 16 20 68 21 7 47 59 32 10 52 62 37 1 51
18 35 13 42 66 38 4 43 57 28 11 40 64 29 3 41 56 23 16 25 69 27 7 53 60 24 9 54 62 26 1 52 19 33 14 45 67 34 5 44 58 31 10 49 63 22 2 50 55 32 15 46 68 30 6 48 59 20 8 47 61 21 0 39 17 37 12 51 65 36
4 42 57 38 12 43 65 36 3 41 56 28 17 29 69 25 8 53 61 23 10 40 63 27 1 44 19 26 15 54 67 24 6 45 59 35 11 39 64 34 2 50 55 31 16 22 68 30 7 46 60 33 9 49 62 20 0 47 18 21 14 48 66 32 5 52 58 37 13 51
65 35 4 42 56 30 16 28 69 24 8 43 60 29 10 41 62 19 1 49 53 25 14 40 67 27 6 44 58 26 11 50 63 33 2 45 54 23 15 37 68 31 7 46 59 18 9 51 61 22 0 38 17 20 13 47 66 32 5 48 57 21 12 39 64 34 3 52 55 36
16 39 68 38 7 42 60 29 10 43 62 25 1 40 19 28 14 41 66 23 5 54 58 24 11 52 63 27 2 53 55 26 15 35 67 34 6 45 59 22 9 44 61 30 0 49 18 31 13 50 65 33 4 48 57 32 12 47 64 20 3 46 56 21 17 36 69 37 8 51
60 35 10 42 63 30 1 43 53 28 14 41 67 29 5 40 57 24 11 49 64 25 2 44 54 27 15 50 68 26 6 51 58 19 8 45 61 23 0 37 17 18 13 46 66 31 4 47 56 33 12 38 65 22 3 48 55 20 16 21 69 32 7 39 59 34 9 52 62 36
1 42 19 38 14 43 67 36 6 40 59 28 11 41 64 29 3 53 56 23 16 25 68 27 7 54 60 24 9 44 62 26 0 45 18 35 13 39 66 34 5 49 58 31 12 50 65 22 4 46 57 33 17 30 69 20 8 48 61 32 10 47 63 21 2 52 55 37 15 51
67 35 6 42 58 30 11 43 63 28 2 41 54 29 15 40 68 25 7 53 59 27 9 44 61 26 0 50 17 24 13 51 65 34 4 45 56 23 12 38 64 31 3 46 55 19 16 22 69 33 8 39 60 20 10 49 62 21 1 47 18 32 14 48 66 36 5 52 57 37
12 42 64 35 3 43 55 36 16 28 68 29 7 41 59 25 9 49 61 19 0 40 18 27 14 53 66 24 5 44 57 26 13 45 65 33 4 38 56 34 17 23 69 22 8 50 60 31 10 46 62 32 1 48 54 30 15 47 67 20 6 39 58 21 11 52 63 37 2 51
54 39 14 30 67 28 6 42 59 25 8 43 61 29 0 41 17 23 12 53 65 27 4 40 57 24 11 51 64 26 3 52 56 35 16 34 69 31 7 45 60 22 9 44 62 19 1 50 18 33 13 46 66 20 5 49 58 32 10 48 63 21 2 47 55 38 15 37 68 36
7 42 60 35 10 43 62 34 0 41 18 29 14 40 66 28 4 49 57 19 13 53 65 25 3 44 56 27 17 26 69 24 8 45 61 33 11 37 63 32 1 50 54 23 15 48 67 22 5 46 58 31 12 47 64 30 2 39 55 20 16 38 68 21 6 52 59 36 9 51
61 39 0 42 17 38 13 43 66 28 5 40 57 29 12 41 65 23 4 53 56 25 16 27 69 24 8 54 60 26 10 52 63 35 2 45 19 34 14 44 67 31 6 49 58 22 11 50 64 33 3 46 55 30 15 20 68 32 7 48 59 21 9 47 62 36 1 51 18 37
14 42 66 35 5 43 57 34 12 41 64 28 3 40 56 29 17 24 69 25 8 49 60 27 10 44 62 19 1 50 54 26 15 45 67 33 6 37 58 23 11 46 63 31 2 53 55 22 16 38 68 30 7 47 59 20 9 39 61 21 0 48 18 32 13 52 65 36 4 51
56 38 11 42 64 30 3 43 55 28 16 29 69 25 7 41 60 23 9 53 62 27 1 40 18 26 14 44 67 24 5 51 58 35 10 45 63 34 2 39 54 31 15 19 68 22 6 50 59 33 8 46 61 20 0 49 17 21 13 47 66 32 4 48 57 36 12 52 65 37
4 42 57 35 17 34 69 28 8 43 61 24 10 41 63 29 1 49 54 19 14 40 67 25 6 52 59 27 11 50 64 26 2 45 55 33 15 44 68 23 7 46 60 31 9 53 62 22 0 38 18 30 13 47 66 20 5 48 58 32 12 39 65 21 3 51 56 36 16 37
68 38 7 42 59 30 10 43 62 29 1 41 18 28 14 40 66 23 5 53 57 25 11 51 63 27 2 44 54 26 15 24 67 35 6 45 58 34 9 39 61 19 0 50 17 31 13 49 65 33 4 46 56 22 12 48 64 20 3 47 55 21 16 32 69 36 8 52 60 37
11 42 63 35 2 43 19 36 15 40 67 28 6 41 58 29 12 53 64 24 3 54 55 25 16 44 68 27 7 50 59 26 9 45 61 34 0 38 18 23 14 49 66 31 5 46 57 22 13 39 65 33 4 48 56 30 17 20 69 21 8 47 60 32 10 52 62 37 1 51
18 38 13 42 66 30 5 43 58 28 10 40 63 29 2 41 55 23 15 25 68 27 6 53 59 24 8 51 61 26 0 44 17 35 12 45 65 34 4 39 57 31 11 49 64 19 3 50 56 33 16 22 69 20 7 46 60 32 9 48 62 21 1 47 54 36 14 52 67 37
6 42 59 35 11 43 64 36 2 41 55 28 16 40 68 29 7 53 60 25 9 44 62 27 0 50 18 26 14 54 66 24 4 45 57 34 13 38 65 23 3 46 56 31 17 22 69 30 8 39 61 33 10 49 63 20 1 47 19 21 15 48 67 32 5 52 58 37 12 51
64 35 3 42 55 30 15 28 68 25 7 43 59 29 9 41 61 19 0 49 17 27 13 40 66 24 5 51 57 26 12 44 65 33 4 45 56 34 16 23 69 31 8 38 60 18 10 50 62 32 1 46 53 22 14 48 67 20 6 47 58 21 11 39 63 36 2 52 54 37
15 42 67 35 6 43 59 38 9 41 61 29 0 40 18 28 13 53 65 24 4 54 57 25 12 52 64 27 3 50 56 26 17 34 69 23 8 45 60 22 10 44 62 30 1 49 19 31 14 46 66 33 5 48 58 32 11 47 63 20 2 39 55 21 16 36 68 37 7 51
59 35 9 42 62 30 0 43 17 29 13 41 66 28 4 40 56 19 12 49 65 25 3 51 55 27 16 26 69 24 7 44 60 33 10 45 63 32 1 37 53 23 14 50 67 18 5 48 57 31 11 46 64 22 2 47 54 20 15 39 68 21 6 38 58 34 8 52 61 36
0 42 18 39 13 43 66 38 5 40 58 28 12 41 65 37 4 53 57 23 17 25 69 27 8 55 61 24 10 52 63 26 2 45 20 35 15 44 67 34 6 49 59 31 11 54 64 22 3 46 56 33 16 30 68 21 7 48 60 32 9 47 62 29 1 51 19 36 14 50
66 35 5 42 57 30 12 43 64 28 3 41 55 29 16 24 69 19 8 49 60 25 10 40 62 27 1 44 53 26 14 50 67 34 6 45 58 23 11 38 63 31 2 46 54 18 15 22 68 33 7 39 59 20 9 51 61 21 0 47 17 32 13 48 65 36 4 52 56 37
12 42 64 38 3 43 56 36 17 28 69 29 8 41 60 25 10 53 62 23 1 40 19 27 15 54 67 24 6 44 58 26 11 45 63 35 2 39 55 34 16 31 68 22 7 50 59 30 9 46 61 33 0 49 18 20 14 48 66 32 5 47 57 21 13 52 65 37 4 51
56 35 16 30 69 28 7 42 60 24 9 43 62 29 1 41 53 19 13 49 66 25 5 40 58 27 10 52 63 26 2 50 54 33 14 45 67 23 6 44 59 31 8 46 61 18 0 51 17 22 12 38 65 20 4 47 57 32 11 48 64 21 3 39 55 34 15 37 68 36
7 42 60 38 10 43 63 36 1 41 19 29 15 40 67 28 5 53 58 23 12 54 64 25 2 44 55 27 16 26 68 24 6 45 59 35 9 39 62 34 0 50 18 22 14 49 66 31 4 46 57 33 13 48 65 30 3 47 56 20 17 21 69 32 8 52 61 37 11 51
63 35 2 42 54 34 14 43 67 28 6 41 58 29 11 40 64 24 3 49 55 25 15 52 68 27 7 50 59 26 9 53 61 19 0 45 17 23 13 44 66 31 5 47 57 22 12 46 65 33 4 38 56 30 16 20 69 32 8 48 60 21 10 39 62 36 1 51 18 37
14 42 66 35 5 43 58 36 11 41 63 28 2 40 55 29 16 25 68 27 7 49 59 26 9 44 61 19 0 53 18 24 13 45 65 33 4 38 57 34 12 50 64 23 3 48 56 22 17 31 69 30 8 46 60 20 10 47 62 32 1 39 54 21 15 52 67 37 6 51
58 35 10 42 63 30 2 43 54 28 15 41 68 29 6 40 59 25 8 53 61 27 0 44 17 26 13 50 66 24 4 51 56 34 12 45 65 23 3 38 55 31 16 19 69 22 7 46 60 33 9 39 62 20 1 49 18 21 14 47 67 32 5 48 57 36 11 52 64 37
3 42 56 38 16 36 68 28 7 43 60 25 9 41 62 29 0 53 18 23 13 40 66 27 5 54 58 24 12 44 65 26 4 45 57 35 17 34 69 31 8 39 61 30 10 50 63 22 1 46 19 33 14 49 67 20 6 48 59 32 11 47 64 21 2 52 55 37 15 51
67 38 6 42 58 30 9 43 61 29 0 41 17 28 13 40 65 23 4 53 56 25 12 51 64 27 3 44 55 26 16 24 69 35 8 45 60 34 10 39 62 19 1 50 18 31 14 49 66 33 5 46 57 22 11 48 63 20 2 47 54 21 15 32 68 36 7 52 59 37
10 42 62 35 1 43 18 34 14 40 66 28 5 41 57 29 13 49 65 19 4 53 56 25 17 27 69 26 8 44 60 24 11 45 63 33 2 37 54 32 15 50 67 23 6 48 58 22 12 46 64 31 3 47 55 30 16 39 68 20 7 38 59 21 9 52 61 36 0 51
17 39 12 42 65 38 4 43 57 28 11 40 64 29 3 41 56 23 16 25 69 27 7 53 60 24 9 54 62 26 1 52 19 35 14 45 67 34 5 44 58 31 10 49 63 22 2 50 55 33 15 30 68 20 6 46 59 32 8 48 61 21 0 47 18 37 13 51 66 36
5 42 58 35 13 43 65 34 3 41 56 28 17 29 69 24 8 49 61 19 10 40 63 25 1 44 54 27 15 50 67 26 6 45 59 33 11 37 64 23 2 46 55 31 16 53 68 22 7 38 60 30 9 47 62 20 0 39 18 21 14 48 66 32 4 52 57 36 12 51
64 38 3 42 55 30 16 28 69 25 8 43 60 29 10 41 62 23 1 53 18 27 14 40 67 24 6 51 58 26 11 44 63 35 2 45 54 34 15 31 68 22 7 39 59 19 9 50 61 33 0 46 17 20 13 49 66 32 5 48 57 21 12 47 65 36 4 52 56 37
17 35 69 34 8 42 60 28 10 43 62 24 1 41 54 29 14 49 66 19 5 40 58 25 11 52 63 27 2 50 55 26 15 45 67 33 6 44 59 23 9 46 61 22 0 53 18 31 13 38 65 32 4 48 57 30 12 47 64 20 3 39 56 21 16 36 68 37 7 51
59 38 9 42 62 30 1 43 18 29 14 41 67 28 5 40 57 23 11 53 64 25 2 51 54 27 15 26 68 24 6 44 58 35 8 45 61 34 0 39 17 19 13 50 66 31 4 49 56 33 12 46 65 22 3 48 55 20 16 21 69 32 7 47 60 36 10 52 63 37
2 42 55 35 15 43 67 38 6 41 59 28 11 40 64 37 3 49 56 24 16 25 68 27 7 52 60 21 9 54 62 26 0 45 18 34 13 44 66 23 5 53 58 31 12 46 65 22 4 39 57 33 17 30 69 20 8 48 61 32 10 47 63 29 1 51 19 36 14 50
66 35 5 42 57 30 11 43 63 28 2 41 54 29 15 25 68 19 7 49 59 27 9 40 61 26 0 44 17 24 13 51 65 33 4 45 56 34 12 38 64 23 3 50 55 18 16 31 69 32 8 46 60 22 10 48 62 20 1 47 53 21 14 39 67 36 6 52 58 37
11 42 63 35 2 43 55 36 16 41 68 28 7 40 59 29 9 53 61 25 0 44 18 27 14 54 66 24 5 50 57 26 13 45 65 34 4 38 56 23 17 31 69 22 8 46 60 30 10 39 62 33 1 49 19 20 15 48 67 32 6 47 58 21 12 52 64 37 3 51
55 35 15 30 68 28 6 42 59 25 8 43 61 29 0 41 17 19 12 49 65 27 4 40 57 24 11 51 64 26 3 44 56 33 16 34 69 23 7 45 60 31 9 38 62 18 1 50 53 32 13 46 66 22 5 48 58 20 10 47 63 21 2 39 54 36 14 52 67 37
6 42 59 38 9 43 62 36 0 41 18 29 14 40 66 28 4 53 57 23 13 54 65 25 3 44 56 27 17 26 69 24 8 45 61 35 11 39 63 34 1 50 19 22 15 49 67 31 5 46 58 33 12 48 64 30 2 47 55 20 16 21 68 32 7 52 60 37 10 51
62 35 1 42 18 34 13 43 66 28 5 40 57 29 12 41 65 19 4 49 56 25 16 27 69 24 8 53 60 26 10 52 63 33 2 45 54 32 14 44 67 23 6 50 58 22 11 48 64 31 3 46 55 30 15 47 68 20 7 39 59 21 9 38 61 36 0 51 17 37
13 42 65 38 4 43 57 36 12 41 64 28 3 40 56 29 17 25 69 27 8 53 60 26 10 44 62 23 1 54 19 24 15 45 67 35 6 39 58 34 11 50 63 31 2 49 55 22 16 30 68 20 7 46 59 21 9 47 61 33 0 48 18 32 14 52 66 37 5 51
57 38 12 42 65 30 3 43 55 28 16 29 69 25 7 41 60 23 9 53 62 27 1 40 18 26 14 44 67 24 5 51 58 35 10 45 63 34 2 39 54 31 15 19 68 22 6 50 59 33 8 46 61 20 0 49 17 21 13 47 66 32 4 48 56 36 11 52 64 37
3 42 56 39 16 38 69 28 8 43 61 25 10 41 63 29 1 53 19 23 14 40 67 27 6 54 59 24 11 52 64 26 2 45 55 35 15 34 68 31 7 44 60 30 9 50 62 22 0 46 18 33 13 49 66 20 5 48 58 32 12 47 65 21 4 51 57 36 17 37
69 35 8 42 60 30 10 43 62 28 1 41 53 29 14 40 66 24 5 49 57 25 11 44 63 27 2 50 54 26 15 51 67 19 6 45 58 23 9 37 61 18 0 46 17 31 13 47 65 33 4 38 56 22 12 48 64 20 3 39 55 21 16 32 68 34 7 52 59 36
10 42 62 38 1 43 19 36 15 40 67 28 6 41 58 29 12 53 64 23 3 54 55 25 16 27 68 26 7 44 59 24 9 45 61 35 0 39 18 34 14 49 66 31 5 50 57 22 13 46 65 33 4 48 56 30 17 20 69 21 8 47 60 32 11 52 63 37 2 51
54 35 14 42 67 34 5 43 58 28 10 41 63 29 2 40 55 24 15 49 68 25 6 52 59 27 8 50 61 26 0 53 17 19 12 45 65 23 4 44 57 31 11 47 64 22 3 46 56 33 16 30 69 20 7 38 60 32 9 48 62 21 1 39 18 37 13 51 66 36
5 42 58 35 12 43 64 36 2 41 55 28 16 29 68 25 7 49 60 19 9 40 62 27 0 44 18 26 14 53 66 24 4 45 57 33 13 38 65 34 3 50 56 23 17 22 69 31 8 46 61 32 10 48 63 30 1 47 54 20 15 39 67 21 6 52 59 37 11 51
63 35 2 42 54 30 15 43 68 28 7 41 59 29 9 40 61 25 0 53 17 27 13 44 66 24 5 51 57 26 12 50 65 34 4 45 56 23 16 31 69 22 8 38 60 19 10 46 62 33 1 39 18 20 14 49 67 32 6 48 58 21 11 47 64 36 3 52 55 37
16 35 68 38 7 42 59 29 9 43 61 25 0 40 18 28 13 41 65 19 4 53 57 24 12 52 64 27 3 49 56 26 17 33 69 34 8 45 60 23 10 44 62 31 1 50 54 22 14 46 66 32 5 48 58 30 11 47 63 20 2 39 55 21 15 36 67 37 6 51
58 38 8 42 61 30 0 43 17 29 13 41 66 28 4 40 56 23 12 53 65 25 3 51 55 27 16 26 69 24 7 44 60 35 10 45 63 34 1 39 18 19 14 50 67 31 5 49 57 33 11 46 64 22 2 48 54 20 15 21 68 32 6 47 59 36 9 52 62 37
1 42 19 35 14 43 66 34 5 40 58 28 12 41 65 37 4 49 57 21 17 25 69 27 8 53 61 24 10 52 63 26 2 45 55 33 15 44 67 32 6 54 59 23 11 48 64 22 3 46 56 31 16 47 68 30 7 39 60 20 9 38 62 29 0 51 18 36 13 50
65 38 4 42 56 30 12 43 64 28 3 41 55 29 16 25 69 23 8 53 60 27 10 40 62 26 1 44 18 24 14 51 67 35 6 45 58 34 11 39 63 31 2 50 54 19 15 22 68 33 7 46 59 20 9 49 61 21 0 47 17 32 13 48 66 36 5 52 57 37
13 42 65 35 4 43 56 34 17 28 69 29 8 41 60 24 10 49 62 19 1 40 54 25 15 44 67 27 6 50 58 26 11 45 63 33 2 37 55 23 16 46 68 31 7 53 59 22 9 38 61 30 0 47 18 20 14 48 66 32 5 39 57 21 12 52 64 36 3 51
55 39 15 30 68 28 7 42 60 25 9 43 62 29 1 41 18 23 13 53 66 27 5 40 58 24 10 51 63 26 2 52 54 35 14 34 67 31 6 45 59 22 8 44 61 19 0 50 17 33 12 46 65 20 4 49 57 32 11 48 64 21 3 47 56 38 16 37 69 36
8 42 61 35 11 43 63 34 1 41 54 28 15 40 67 29 5 49 58 24 12 44 64 25 2 50 55 27 16 53 68 26 6 45 59 19 9 37 62 23 0 46 18 22 14 47 66 31 4 38 57 33 13 48 65 30 3 39 56 20 17 21 69 32 7 52 60 36 10 51
62 39 1 42 18 38 14 43 67 28 6 40 58 29 11 41 64 23 3 53 55 25 15 27 68 24 7 54 59 26 9 52 61 35 0 45 17 34 13 44 66 31 5 49 57 22 12 50 65 33 4 46 56 30 16 20 69 32 8 48 60 21 10 47 63 36 2 51 19 37
15 42 67 35 6 43 58 36 11 41 63 28 2 40 55 29 16 53 68 25 7 44 59 27 9 50 61 26 0 54 18 24 13 45 65 34 4 38 57 23 12 46 64 31 3 49 56 22 17 30 69 20 8 39 60 21 10 47 62 33 1 48 19 32 14 52 66 37 5 51
57 35 11 42 64 30 2 43 54 28 15 29 68 25 6 41 59 19 8 49 61 27 0 40 17 26 13 44 66 24 4 51 56 33 12 45 65 34 3 38 55 23 16 18 69 31 7 50 60 32 9 46 62 22 1 48 53 20 14 47 67 21 5 39 58 36 10 52 63 37
2 42 55 35 15 43 68 38 7 41 60 28 9 40 62 29 0 53 18 25 13 52 66 27 5 54 58 24 12 50 65 26 4 45 57 34 17 23 69 31 8 44 61 30 10 46 63 22 1 39 19 33 14 49 67 20 6 48 59 32 11 47 64 21 3 51 56 36 16 37
68 35 7 42 59 30 9 43 61 29 0 41 17 28 13 40 65 19 4 49 56 25 12 51 64 27 3 44 55 26 16 24 69 33 8 45 60 32 10 37 62 23 1 50 53 18 14 48 66 31 5 46 57 22 11 47 63 20 2 39 54 21 15 38 67 34 6 52 58 36
9 42 61 38 0 43 18 36 14 40 66 28 5 41 57 29 13 53 65 23 4 54 56 25 17 27 69 26 8 44 60 24 11 45 63 35 2 39 19 34 15 49 67 31 6 50 58 22 12 46 64 33 3 48 55 30 16 20 68 21 7 47 59 32 10 52 62 37 1 51
18 35 13 42 66 34 4 43 57 28 11 40 64 29 3 41 56 19 16 25 69 27 7 49 60 24 9 53 62 26 1 52 54 33 14 45 67 32 5 44 58 23 10 50 63 22 2 48 55 31 15 46 68 30 6 47 59 20 8 39 61 21 0 38 17 37 12 51 65 36
4 42 57 38 12 43 65 36 3 41 56 28 17 29 69 25 8 53 61 23 10 40 63 27 1 44 19 26 15 54 67 24 6 45 59 35 11 39 64 34 2 50 55 31 16 22 68 30 7 46 60 33 9 49 62 20 0 47 18 21 14 48 66 32 5 52 58 37 13 51
65 38 4 42 56 30 16 28 69 25 8 43 60 29 10 41 62 23 1 53 18 27 14 40 67 24 6 51 58 26 11 44 63 35 2 45 54 34 15 31 68 22 7 39 59 19 9 50 61 33 0 46 17 20 13 49 66 32 5 48 57 21 12 47 64 36 3 52 55 37
16 39 68 38 7 42 60 29 10 43 62 25 1 40 19 28 14 41 66 23 5 54 58 24 11 52 63 27 2 53 55 26 15 35 67 34 6 45 59 22 9 44 61 30 0 49 18 31 13 50 65 33 4 48 57 32 12 47 64 20 3 46 56 21 17 36 69 37 8 51
60 35 10 42 63 30 1 43 53 28 14 41 67 29 5 40 57 24 11 49 64 25 2 44 54 27 15 50 68 26 6 51 58 19 8 45 61 23 0 37 17 18 13 46 66 31 4 47 56 33 12 38 65 22 3 48 55 20 16 21 69 32 7 39 59 34 9 52 62 36
1 42 19 38 14 43 67 36 6 40 59 28 11 41 64 29 3 53 56 23 16 25 68 27 7 54 60 24 9 44 62 26 0 45 18 35 13 39 66 34 5 49 58 31 12 50 65 22 4 46 57 33 17 30 69 20 8 48 61 32 10 47 63 21 2 52 55 37 15 51
67 35 6 42 58 30 11 43 63 28 2 41 54 29 15 40 68 25 7 53 59 27 9 44 61 26 0 50 17 24 13 51 65 34 4 45 56 23 12 38 64 31 3 46 55 19 16 22 69 33 8 39 60 20 10 49 62 21 1 47 18 32 14 48 66 36 5 52 57 37
12 42 64 35 3 43 55 36 16 28 68 29 7 41 59 25 9 49 61 19 0 40 18 27 14 53 66 24 5 44 57 26 13 45 65 33 4 38 56 34 17 23 69 22 8 50 60 31 10 46 62 32 1 48 54 30 15 47 67 20 6 39 58 21 11 52 63 37 2 51
54 35 14 42 67 30 6 43 59 28 8 41 61 29 0 40 17 25 12 53 65 27 4 52 57 24 11 51 64 26 3 50 56 34 16 23 69 31 7 45 60 22 9 44 62 19 1 46 18 33 13 39 66 20 5 49 58 32 10 48 63 21 2 47 55 38 15 37 68 36
7 42 60 35 10 43 62 36 0 41 18 29 14 40 66 28 4 53 57 23 13 54 65 25 3 44 56 27 17 26 69 24 8 45 61 33 11 38 63 34 1 50 19 22 15 49 67 31 5 46 58 32 12 48 64 30 2 47 55 20 16 39 68 21 6 52 59 37 9 51
61 39 0 42 17 38 13 43 66 28 5 40 57 29 12 41 65 23 4 53 56 25 16 27 69 24 8 54 60 26 10 52 63 35 2 45 19 34 14 44 67 31 6 49 58 22 11 50 64 33 3 46 55 30 15 20 68 32 7 48 59 21 9 47 62 36 1 51 18 37
14 42 66 35 5 43 57 34 12 41 64 28 3 40 56 29 17 24 69 25 8 49 60 27 10 44 62 19 1 50 54 26 15 45 67 33 6 37 58 23 11 46 63 31 2 53 55 22 16 38 68 30 7 47 59 20 9 39 61 21 0 48 18 32 13 52 65 36 4 51
56 38 11 42 64 30 3 43 55 28 16 29 69 25 7 41 60 23 9 53 62 27 1 40 18 26 14 44 67 24 5 51 58 35 10 45 63 34 2 39 54 31 15 19 68 22 6 50 59 33 8 46 61 20 0 49 17 21 13 47 66 32 4 48 57 36 12 52 65 37
4 42 57 35 17 34 69 28 8 43 61 24 10 41 63 29 1 49 54 19 14 40 67 25 6 52 59 27 11 50 64 26 2 45 55 33 15 44 68 23 7 46 60 31 9 53 62 22 0 38 18 30 13 47 66 20 5 48 58 32 12 39 65 21 3 51 56 36 16 37
68 38 7 42 59 30 10 43 62 29 1 41 18 28 14 40 66 23 5 53 57 25 11 51 63 27 2 44 54 26 15 24 67 35 6 45 58 34 9 39 61 19 0 50 17 31 13 49 65 33 4 46 56 22 12 48 64 20 3 47 55 21 16 32 69 36 8 52 60 37
11 42 63 35 2 43 54 34 15 41 67 28 6 40 58 29 12 49 64 24 3 44 55 25 16 50 68 27 7 53 59 26 9 45 61 19 0 37 18 23 14 47 66 31 5 46 57 22 13 38 65 33 4 48 56 30 17 20 69 21 8 39 60 32 10 52 62 36 1 51
18 38 13 42 66 30 5 43 58 28 10 40 63 29 2 41 55 23 15 25 68 27 6 53 59 24 8 51 61 26 0 44 17 35 12 45 65 34 4 39 57 31 11 49 64 19 3 50 56 33 16 22 69 20 7 46 60 32 9 48 62 21 1 47 54 36 14 52 67 37
6 42 59 38 11 43 64 36 2 41 55 28 16 29 68 25 7 53 60 23 9 40 62 27 0 44 18 26 14 54 66 24 4 45 57 35 13 39 65 34 3 50 56 31 17 22 69 30 8 46 61 33 10 49 63 20 1 47 19 21 15 48 67 32 5 52 58 37 12 51
64 35 3 42 55 30 15 28 68 25 7 43 59 29 9 41 61 19 0 49 17 27 13 40 66 24 5 51 57 26 12 44 65 33 4 45 56 34 16 23 69 31 8 38 60 18 10 50 62 32 1 46 53 22 14 48 67 20 6 47 58 21 11 39 63 36 2 52 54 37
15 42 67 35 6 43 59 38 9 41 61 29 0 40 18 28 13 53 65 24 4 54 57 25 12 52 64 27 3 50 56 26 17 34 69 23 8 45 60 22 10 44 62 30 1 49 19 31 14 46 66 33 5 48 58 32 11 47 63 20 2 39 55 21 16 36 68 37 7 51
59 35 9 42 62 30 0 43 17 29 13 41 66 28 4 40 56 19 12 49 65 25 3 51 55 27 16 26 69 24 7 44 60 33 10 45 63 32 1 37 53 23 14 50 67 18 5 48 57 31 11 46 64 22 2 47 54 20 15 39 68 21 6 38 58 34 8 52 61 36
0 42 18 39 13 43 66 38 5 40 58 28 12 41 65 37 4 53 57 23 17 25 69 27 8 55 61 24 10 52 63 26 2 45 20 35 15 44 67 34 6 49 59 31 11 54 64 22 3 46 56 33 16 30 68 21 7 48 60 32 9 47 62 29 1 51 19 36 14 50
66 35 5 42 57 30 12 43 64 28 3 41 55 29 16 24 69 19 8 49 60 25 10 40 62 27 1 44 53 26 14 50 67 33 6 45 58 23 11 37 63 31 2 46 54 18 15 51 68 22 7 38 59 20 9 47 61 21 0 39 17 32 13 48 65 34 4 52 56 36
12 42 64 38 3 43 56 36 17 28 69 29 8 41 60 25 10 53 62 23 1 40 19 27 15 54 67 24 6 44 58 26 11 45 63 35 2 39 55 34 16 31 68 22 7 50 59 30 9 46 61 33 0 49 18 20 14 48 66 32 5 47 57 21 13 52 65 37 4 51
56 35 16 30 69 28 7 42 60 25 9 43 62 29 1 41 18 23 13 53 66 27 5 40 58 24 10 51 63 26 2 52 54 33 14 45 67 34 6 44 59 31 8 50 61 19 0 49 17 22 12 46 65 20 4 47 57 32 11 48 64 21 3 39 55 38 15 37 68 36
