-80 -45 -73 -63 89 -11 16 -53 28 67
-64 -40 61 83 56 45 78 -13 -94 56
63 -63 0 -9 49 -51 -73 65 -81 32
-84 -94 -15 -53 8 -54 53 61 72 -17
0 99 70 -69 -30 -77 -27 60 42 -42
29 57 -38 -67 94 -34 -48 -51 75 -5
23 -76 57 66 -67 -13 22 -16 -40 -37
29 -46 85 96 -36 -49 89 69 63 -58
-1 52 18 -2 -25 -92 33 16 -30 -51
-20 -8 87 57 -41 4 -16 -29 49 -8
48 65 -71 61 -47 23 -8 -60 -73 1
-21 65 -34 -51 35 38 18 -90 95 16
95 26 26 77 -13 -85 -1 65 95 -42
-22 39 37 -60 -84 -85 -26 -15 -55 14
40 85 34 -77 12 -73 0 -26 27 17
20 -66 -54 7 78 96 -74 49 -32 61
9 41 78 61 -2 -13 15 96 66 44
94 -37 -51 25 42 89 76 29 6 -65
-65 -16 55 -4 30 5 -37 40 -57 76
-61 -32 -23 -34 -4 -55 55 62 -31 -27
-82 20 29 43 -44 33 21 -28 41 -79
-67 64 43 88 -97 -90 24 98 -34 -60
-24 -25 5 36 -43 -9 8 -84 -29 -6
-71 45 -69 -96 -38 -99 -20 -11 -59 45
-81 57 37 -3 -78 79 5 -58 -56 -61
-64 36 85 46 -34 -28 -68 10 8 -98
-23 -10 77 60 39 -61 -63 -64 -83 49
15 -50 -32 -70 53 -5 -52 53 -35 6
-20 -37 -71 -24 25 -61 17 5 -57 -32
-41 -24 -7 -57 -1 54 -77 71 -70 40
-42 -59 -97 -88 30 -12 87 -27 42 78
-43 95 48 64 -41 61 -92 23 -82 -97
-47 -28 22 -10 -39 0 30 -11 -36 28
13 -48 -59 83 -81 -70 -62 -59 -97 80
-22 60 -19 18 -97 5 -56 0 -47 -43
15 -85 -82 -94 6 -72 53 -1 -50 50
35 81 -92 0 -24 -95 -55 68 -19 25
-18 -7 -62 83 -35 -41 -86 88 -12 -81
-55 -93 16 29 -23 -86 13 55 67 -11
-23 29 -6 18 12 -8 42 -57 85 11
95 -41 -86 -3 30 82 -52 38 -82 -89
76 -66 -27 0 -32 -16 7 -52 -59 40
78 -14 -82 -75 -69 -8 -67 19 -23 20
4 -95 -65 -63 80 85 -36 -93 -75 46
74 58 70 -3 20 -97 26 65 -76 -47
66 -74 23 45 17 93 73 -62 96 78
5 9 -62 -95 -36 48 -94 29 -91 78
-90 -2 49 -55 75 -89 -59 -58 57 -46
80 76 77 26 43 42 -57 26 -48 -96
6 -21 31 71 24 -60 -36 57 -75 77
-10 55 49 -13 12 2 -20 -93 -93 33
70 17 -3 70 27 24 40 55 -35 68
-47 -18 -42 -53 -88 56 35 -61 36 -40
-6 46 -36 -48 69 57 57 -85 -32 -92
-61 33 37 -56 -39 11 -93 44 -86 -14
61 64 62 -93 -99 87 -33 8 61 10
54 -33 -95 -53 -15 2 -38 42 -75 -25
-62 52 -10 58 18 -32 61 -75 -32 37
-89 82 -47 5 -67 -42 83 39 -58 -28
74 -13 9 17 -50 50 77 -12 -87 14
-47 59 8 13 -99 -93 15 98 29 -22
-78 74 -46 -55 -92 0 -85 -44 -32 -58
-40 52 -67 -95 78 44 12 -27 -98 0
-98 50 64 82 -37 26 -41 -98 -51 -16
-49 -60 -1 59 -45 -64 -77 0 70 9
43 -3 -44 51 27 57 32 98 15 -24
85 -74 -75 -8 31 75 -47 -76 -41 -39
-99 79 -64 -86 31 -55 76 -50 -37 53
53 19 -14 0 4 89 21 72 -72 69
-89 90 -46 13 72 53 -46 -74 -7 55
-6 55 -86 25 -54 1 29 -36 -13 -47
98 -48 35 -30 50 -45 39 80 43 79
96 24 85 -97 -96 -15 30 18 -93 -91
-97 -37 72 -52 40 35 17 19 22 -97
56 95 17 -89 27 83 -61 15 -25 83
-68 96 24 87 44 -93 34 -37 95 66
-45 -32 -60 99 14 88 -42 1 33 -28
51 -66 41 -57 7 -76 0 49 75 52
-65 -9 2 83 -59 66 54 -4 77 -1
-41 39 15 -9 -96 6 -75 -2 -90 -11
-25 -84 -82 -13 -75 -84 27 -31 -86 -23
-35 83 -4 -84 -27 -49 -5 -58 -72 -44
-89 40 10 -14 43 -45 -9 -22 85 41
87 -38 -26 -55 84 -25 -6 -32 -46 27
-26 5 29 19 60 -32 76 26 -88 99
-52 46 -32 -88 57 86 -56 65 65 -71
-87 -59 75 6 -52 3 -49 16 -72 -20
-79 -55 -43 16 96 77 75 67 40 0
46 -15 52 11 -97 81 28 68 -3 74
-79 -54 62 -68 -74 81 -81 -86 -68 -22
-43 46 -32 46 82 65 97 39 86 -44
-21 -84 -75 61 27 -63 -80 -98 9 8
52 5 -78 -64 44 -79 -26 68 42 97
72 -69 54 -41 -21 -24 18 -19 -30 -56
70 6 -27 -94 41 3 22 -64 -16 86
-69 -44 93 -41 53 52 -84 34 7 62
48 -88 -73 -99 85 81 -71 -94 51 -51
79 98 -21 99 11 96 -95 -61 -98 -31
24 58 -40 -30 95 -52 56 99 83 -63
73 29 -6 -39 34 39 -66 -31 81 46
