-90 -53 -41 24 -21 47 89 67 46 -66
4 55 68 -50 27 -26 81 8 69 -48
-57 73 -22 33 -28 -25 -27 -86 70 0
66 -85 72 31 -62 69 -61 -3 43 -49
63 44 -3 66 36 73 -49 30 -8 -30
26 74 -47 43 -93 35 -83 -72 -67 45
9 93 1 -4 90 -34 34 -85 83 -11
87 -88 -2 61 -64 -82 -20 91 22 12
-5 94 -42 -67 -82 37 -29 96 42 0
-15 -82 99 32 -16 -95 -69 18 40 37
-92 19 86 -28 71 -56 -60 -89 32 38
-32 -69 97 95 -41 7 -53 -75 -33 63
55 -42 52 -28 23 0 -43 -87 27 71
-34 -97 -82 28 69 -30 27 -21 18 59
94 -58 17 -80 60 -48 46 -49 5 -98
-44 38 -70 17 45 -77 -4 -93 72 -5
-13 61 52 2 -99 -14 -20 79 42 98
-17 6 34 -15 12 -54 -44 -54 -98 73
16 75 71 -42 -81 35 22 30 26 84
36 -26 -83 -72 72 20 -37 35 -79 93
-7 22 -25 95 -7 -16 72 17 92 74
-24 -75 -11 87 -33 -42 -49 -12 60 -76
49 65 46 64 97 -28 77 25 -94 83
-96 52 16 -99 97 56 -56 -9 88 32
-51 25 -32 7 91 32 -93 -64 -45 50
83 15 -57 -13 13 49 87 -63 -55 -64
-49 14 -93 84 -8 59 -43 98 -22 54
44 -61 28 66 -95 -67 42 -42 29 23
-5 -88 9 13 -3 29 -68 -77 -16 5
-22 -50 -2 -33 -22 87 -93 22 -36 -78
-59 -18 24 -71 37 -29 -86 28 -53 -45
-16 -10 -57 -77 -8 90 12 38 12 73
-41 -14 -91 77 -49 -86 -63 -12 75 -18
-45 -63 28 19 76 91 98 61 -94 98
-75 -3 78 51 0 3 -53 -69 57 89
79 92 19 -99 0 -22 -49 -57 78 82
86 -65 -62 -9 -65 39 -82 49 96 -28
54 29 49 -58 10 -12 30 70 4 0
79 -47 73 -45 14 46 16 -30 -13 55
-35 -91 -76 2 -24 -6 -4 78 -77 -40
8 65 54 -11 -71 -6 -35 72 -27 -1
96 -10 74 16 85 -92 -71 51 -34 63
-25 10 85 34 80 -44 -42 -47 51 -77
-61 -99 -16 30 52 -1 15 73 64 56
-15 -96 -75 -8 -42 84 81 10 47 -97
-39 -1 89 -99 -7 -19 -88 80 -43 -36
-32 -16 -86 -25 -29 88 -79 18 -55 -93
-43 -36 97 -3 35 17 -52 99 -27 -38
38 81 -5 -76 55 -97 89 -32 -61 3
32 -58 79 -84 -92 -8 59 -17 -35 -97
44 49 -29 25 44 -94 42 -15 67 11
37 -25 15 81 -13 4 -70 -11 4 74
7 -33 -91 0 46 39 86 -65 -86 -61
82 99 80 99 75 -67 -1 51 -22 -24
4 46 -55 58 66 -9 -27 54 98 66
-27 -62 -38 92 -31 -46 6 73 76 83
-29 -29 14 -62 50 -99 50 -66 56 83
-33 57 -34 -98 -23 69 -19 22 -77 67
5 12 -47 -46 -60 32 78 -79 27 79
65 20 -2 16 74 36 -63 65 -49 88
-12 -94 33 68 -52 -84 15 85 -65 84
-48 10 71 5 36 -38 21 39 79 49
-75 63 -1 -1 19 -23 -46 69 -94 -64
-22 -25 81 17 26 66 -62 -86 19 -49
19 -79 58 -97 -54 -65 -85 24 -74 22
30 92 89 61 4 27 21 -73 14 77
66 -12 81 -80 -46 -94 -7 -88 -55 -63
37 31 82 70 72 -35 -88 -30 -87 93
-38 9 96 -8 -6 -87 -46 64 -56 -54
-59 -77 50 36 -6 43 -30 -98 -6 -5
97 -50 46 -66 27 38 -7 -30 18 91
-78 86 -52 59 89 -30 91 17 70 -10
-69 -35 -57 74 -94 88 99 -19 52 -78
16 48 -79 -58 -95 72 -1 70 -50 -63
67 -21 42 23 -11 7 20 15 65 -24
91 -36 -5 -4 16 -26 89 -33 36 44
-20 -33 -10 61 54 -22 -71 -91 -38 98
71 25 31 3 -11 -44 75 95 -95 13
-48 74 26 19 31 -32 -48 85 81 -97
70 -31 -81 -62 29 -25 72 -9 -93 60
-68 63 -12 -57 14 -84 -7 47 70 -5
-10 75 11 60 5 -45 11 0 -6 -88
36 43 7 -9 27 49 65 -88 96 78
85 6 60 -9 -31 -42 -40 78 -91 13
-87 69 8 -90 10 61 81 22 -49 0
-27 -43 91 -80 53 -49 -88 95 -8 -11
-67 46 -66 82 -6 -85 20 81 57 -21
-69 10 -23 -74 -19 1 31 -93 -21 42
57 -39 -15 -15 -80 13 -3 -45 -33 -23
93 79 -7 -53 -20 37 -86 38 -1 -2
-86 77 -77 73 -96 24 61 -17 -72 47
-82 -52 -44 15 -29 -10 97 -30 -88 7
10 -8 -43 93 66 -83 -20 67 -39 22
54 68 7 -68 -74 46 -97 79 54 -75
-46 22 56 1 23 62 91 84 -80 -17
-81 -12 -20 92 -82 -8 -45 54 -93 27
48 15 -94 5 -92 17 32 36 -88 41
76 -60 79 -92 3 -70 53 68 -57 75
-67 -18 67 23 22 36 -98 81 88 68
-76 -50 -45 -71 -20 -11 -43 74 33 47
