46 10 46 -14 46 85 46 -64 46 35
46 -35 46 64 46 -85 46 14 46 -10
46 89 46 -60 46 39 46 -47 46 52
46 -97 46 2 46 -22 46 77 46 -72
46 27 46 -29 46 70 46 -79 46 20
46 -4 46 95 46 -54 46 45 46 -41
46 58 46 -91 46 8 46 -16 46 83
46 -66 46 33 46 -32 46 67 46 -82
46 17 46 -7 46 92 46 -57 46 42
46 -44 46 55 46 -94 46 5 46 -19
46 80 46 -69 46 30 46 -25 46 74
46 -75 46 24 46 0 46 99 46 -50
46 49 46 -38 46 61 46 -88 46 11
46 -13 46 86 46 -63 46 36 46 -36
46 63 46 -86 46 13 46 -11 46 88
46 -61 46 38 46 -49 46 50 46 -99
46 0 46 -24 46 75 46 -74 46 25
46 -30 46 69 46 -80 46 19 46 -5
46 94 46 -55 46 44 46 -43 46 56
46 -93 46 6 46 -18 46 81 46 -68
46 31 46 -33 46 66 46 -83 46 16
46 -8 46 91 46 -58 46 41 46 -46
46 53 46 -96 46 3 46 -21 46 78
46 -71 46 28 46 -27 46 72 46 -77
46 22 46 -2 46 97 46 -52 46 47
46 -40 46 59 46 -90 46 9 46 -15
46 84 46 -65 46 34 46 -34 46 65
46 -84 46 15 46 -9 46 90 46 -59
46 40 46 -47 46 52 46 -97 46 2
46 -22 46 77 46 -72 46 27 46 -28
46 71 46 -78 46 21 46 -3 46 96
46 -53 46 46 46 -40 46 59 46 -90
46 9 46 -15 46 84 46 -65 46 34
46 -31 46 68 46 -81 46 18 46 -6
46 93 46 -56 46 43 46 -43 46 56
46 -93 46 6 46 -18 46 81 46 -68
46 31 46 -25 46 74 46 -75 46 24
46 0 46 99 46 -50 46 49 46 -37
46 62 46 -87 46 12 46 -12 46 87
46 -62 46 37 46 -36 46 63 46 -86
46 13 46 -11 46 88 46 -61 46 38
46 -48 46 51 46 -98 46 1 46 -23
46 76 46 -73 46 26 46 -29 46 70
46 -79 46 20 46 -4 46 95 46 -54
46 45 46 -42 46 57 46 -92 46 7
46 -17 46 82 46 -67 46 32 46 -32
46 67 46 -82 46 17 46 -7 46 92
46 -57 46 42 46 -45 46 54 46 -95
46 4 46 -20 46 79 46 -70 46 29
46 -26 46 73 46 -76 46 23 46 -1
46 98 46 -51 46 48 46 -39 46 60
46 -89 46 10 46 -14 46 85 46 -64
46 35 46 -35 46 64 46 -85 46 14
46 -10 46 89 46 -60 46 39 46 -48
46 51 46 -98 46 1 46 -23 46 76
46 -73 46 26 46 -29 46 70 46 -79
46 20 46 -4 46 95 46 -54 46 45
46 -42 46 57 46 -92 46 7 46 -17
46 82 46 -67 46 32 46 -32 46 67
46 -82 46 17 46 -7 46 92 46 -57
46 42 46 -45 46 54 46 -95 46 4
46 -20 46 79 46 -70 46 29 46 -26
46 73 46 -76 46 23 46 -1 46 98
46 -51 46 48 46 -38 46 61 46 -88
46 11 46 -13 46 86 46 -63 46 36
46 -37 46 62 46 -87 46 12 46 -12
46 87 46 -62 46 37 46 -49 46 50
46 -99 46 0 46 -24 46 75 46 -74
46 25 46 -31 46 68 46 -81 46 18
46 -6 46 93 46 -56 46 43 46 -43
46 56 46 -93 46 6 46 -18 46 81
46 -68 46 31 46 -34 46 65 46 -84
46 15 46 -9 46 90 46 -59 46 40
46 -46 46 53 46 -96 46 3 46 -21
46 78 46 -71 46 28 46 -28 46 71
46 -78 46 21 46 -3 46 96 46 -53
46 46 46 -40 46 59 46 -90 46 9
46 -15 46 84 46 -65 46 34 46 -35
46 64 46 -85 46 14 46 -10 46 89
46 -60 46 39 46 -47 46 52 46 -97
46 2 46 -22 46 77 46 -72 46 27
46 -28 46 71 46 -78 46 21 46 -3
46 96 46 -53 46 46 46 -41 46 58
46 -91 46 8 46 -16 46 83 46 -66
46 33 46 -31 46 68 46 -81 46 18
46 -6 46 93 46 -56 46 43 46 -44
46 55 46 -94 46 5 46 -19 46 80
46 -69 46 30 46 -25 46 74 46 -75
46 24 46 0 46 99 46 -50 46 49
46 -38 46 61 46 -88 46 11 46 -13
46 86 46 -63 46 36 46 -36 46 63
46 -86 46 13 46 -11 46 88 46 -61
46 38 46 -49 46 50 46 -99 46 0
46 -24 46 75 46 -74 46 25 46 -30
46 69 46 -80 46 19 46 -5 46 94
46 -55 46 44 46 -42 46 57 46 -92
46 7 46 -17 46 82 46 -67 46 32
46 -33 46 66 46 -83 46 16 46 -8
46 91 46 -58 46 41 46 -45 46 54
46 -95 46 4 46 -20 46 79 46 -70
