-61 -16 -47 -84 -9 -75 -38 -14 77 -40
-60 -91 27 -49 -74 6 -52 -14 8 13
13 57 98 30 18 7 0 78 -99 -8
-5 -96 27 -95 13 71 -28 95 -1 -72
23 47 -35 -92 -28 78 80 4 -97 -58
83 13 10 39 31 36 89 -45 68 -1
-57 -73 -18 -55 -22 -31 2 81 56 -94
-85 -89 -56 -48 46 -69 64 -66 -24 37
32 -22 -58 -75 -37 57 66 -16 -45 98
60 7 -1 18 -9 16 -4 -77 -19 -39
-35 56 69 -66 6 24 54 79 18 81
84 -16 -12 -97 97 24 -77 87 75 49
-2 -39 51 53 -56 66 -67 -98 -83 25
71 -51 9 96 33 52 3 -77 -31 -80
-53 87 -16 25 21 -19 -61 -98 -34 99
28 73 0 12 51 2 -50 -2 -39 49
-79 -62 17 -99 -80 -24 -11 24 47 64
-92 -21 60 -39 62 -68 -2 73 50 -8
7 98 -65 -64 0 77 -5 9 -6 -44
-81 -1 53 -18 -50 -68 -70 61 -90 19
-70 60 -31 0 51 -94 -91 14 -30 -20
-90 67 98 -12 22 35 -44 47 -41 -93
89 -89 -75 -25 -16 90 -39 -56 20 31
-28 -32 -6 15 76 6 8 -78 -40 93
25 9 78 16 12 2 57 69 -23 79
22 -12 91 70 71 -87 43 -89 -88 -85
47 88 82 82 37 2 45 -14 45 -90
48 -17 -50 -63 94 -82 69 62 -99 -62
-83 -73 7 -46 -60 11 -95 -13 -89 50
10 68 -58 -2 20 46 -88 13 34 35
-61 -57 99 -92 -25 -62 -76 41 -14 32
51 -70 -93 -84 89 -76 -1 46 88 -62
55 68 -80 -41 12 -62 -48 22 -9 -65
-22 -25 61 95 25 46 -59 -58 -7 -22
54 74 96 -81 50 93 5 13 -12 -47
-54 -87 -29 -20 -53 -74 57 9 -43 72
35 -82 99 -34 99 -10 65 -26 52 46
62 -76 -85 -77 0 9 43 34 -15 -75
-73 49 -55 96 -3 -56 -10 20 -46 -26
15 -93 41 -79 -98 -3 -73 -29 42 23
-27 12 -13 -90 -85 -97 59 49 54 50
-54 -84 49 -59 -38 -30 52 -66 11 -27
49 -21 -37 -66 -46 -55 -45 37 -50 -48
96 -53 -67 65 -28 -43 39 94 58 -77
38 -11 -33 40 -52 -61 -98 18 -59 -44
-73 -31 -76 -53 28 32 -28 95 80 -25
82 36 -49 -5 26 -19 -44 -31 6 -6
-41 -8 71 -99 71 37 -35 -17 -74 77
-42 39 -57 81 17 -47 38 -28 -95 60
-23 11 7 93 -46 -29 -66 -51 68 -24
52 4 -11 -81 37 -60 49 -31 22 -89
-79 -80 -10 10 19 -39 -11 -99 -88 -76
78 -11 -13 -93 -37 -51 89 -81 2 -43
-47 57 86 -64 57 12 -86 56 9 48
88 28 -59 -56 53 -88 22 1 15 -22
-39 -25 -32 14 -36 74 6 54 15 52
96 -95 -80 -90 -71 76 -51 89 86 -44
27 22 25 -97 75 94 23 10 64 -11
90 -76 -81 56 16 -41 -22 -34 -25 -89
60 -41 -65 -49 -2 2 -71 -1 57 12
88 14 -13 -60 -31 45 -62 44 -56 -34
-25 -52 12 86 -22 -83 43 -63 12 49
-7 -53 6 4 -68 -40 -41 -83 39 1
54 42 -72 69 27 -71 -83 58 70 79
49 -63 -92 -57 -81 -52 4 -34 43 42
-75 -42 -93 -76 -24 -63 34 99 -84 -45
-75 -13 32 -85 27 33 -2 -75 -75 -83
-88 46 9 -8 65 93 28 -16 -14 8
-38 -15 -40 -83 37 -78 -36 -79 0 18
-41 -52 -38 69 42 -30 46 -86 -65 42
37 -67 -12 -12 96 -86 8 11 -15 50
87 92 35 -60 55 56 -31 64 -59 -80
-87 27 26 82 38 58 6 -26 18 -17
31 -54 -49 -23 31 -95 61 -29 -53 6
91 85 51 -7 -39 53 -66 4 96 27
3 65 38 4 -19 -40 -97 74 -51 -73
89 -67 -1 -48 -36 55 -94 -69 -3 91
-91 -85 -12 -23 56 -64 12 -20 58 9
38 63 -58 11 -94 75 45 93 31 53
-80 -95 -70 -73 -40 62 -23 -6 70 -58
33 84 -8 30 40 28 5 35 47 55
9 -49 92 32 -17 2 -50 51 -77 -56
-48 99 48 -73 73 29 41 15 -84 -91
-34 22 -26 62 40 -48 -27 -73 -69 -54
80 95 -36 -26 -77 -5 80 88 90 -52
-99 36 9 9 -40 88 -28 -8 -19 -15
-22 29 -32 1 11 39 -95 83 -51 -64
50 85 -27 -35 -82 34 0 51 26 -69
-93 55 -60 33 -80 -31 -91 36 81 -47
98 0 40 -81 92 -68 -11 33 -21 41
-6 -50 9 -43 94 -45 -74 61 52 -82
-6 -62 62 -97 85 -4 91 -39 -25 -91
-74 34 65 51 -76 14 68 -73 86 83
-26 15 -68 -4 96 7 -93 -55 18 63
-49 15 76 -99 7 34 -99 -46 42 99
17 23 97 4 56 37 91 -49 -26 -12
-36 94 -79 40 68 -42 -32 78 77 81
71 -79 -2 26 -82 -93 90 -36 -12 -80
-98 56 -89 -82 56 22 2 81 -39 -28
-99 -88 -91 -5 -72 -70 41 77 50 52
