48 3 -22 -11 74 -11 24 -50 33 90
-28 -98 90 -71 -95 7 -47 81 74 -70
-34 86 39 74 89 -91 -25 -69 -65 75
-97 79 -44 -16 56 -52 96 85 6 -58
95 -76 35 60 83 -25 -52 45 89 40
51 59 48 5 -29 -64 -50 37 -48 -60
-7 84 57 -85 -79 -34 -20 14 -20 -48
-8 43 40 -7 42 -20 -83 64 -47 63
-46 47 -58 11 84 -80 73 -91 -52 32
-14 80 32 -87 -21 -17 54 -25 27 66
-19 77 -35 47 14 -94 41 70 82 18
39 17 5 3 -53 -82 -33 72 46 75
-14 69 33 22 -17 -36 18 92 -43 -19
69 -13 88 -90 -94 50 38 -71 85 -47
-78 84 12 80 4 -62 -23 22 79 8
-43 99 45 77 56 -50 67 -30 65 -55
-9 60 -43 51 -48 -39 68 -2 -61 -45
-54 55 4 9 32 33 70 -78 34 -75
-71 76 10 99 -55 77 -56 -13 -73 -76
-95 93 88 -47 -6 -91 10 -38 1 -13
93 -98 86 -71 -42 37 8 -26 74 -8
36 -63 25 -10 9 78 -73 -28 13 52
-43 17 -23 -1 81 11 32 -45 63 -56
97 84 60 -3 94 53 -52 65 40 -80
69 84 71 -70 16 -43 -52 68 79 -35
-64 -91 -46 -90 66 22 -54 62 33 -13
94 -55 -25 62 -18 -48 -21 -97 -67 -47
25 -20 52 27 -64 -21 -45 4 -49 93
-59 25 37 86 17 -9 -18 38 62 -83
-2 51 -73 22 98 46 -15 0 -10 -48
-79 -12 -54 29 48 93 -62 88 50 86
35 -24 -87 -67 0 51 40 29 40 12
42 79 96 32 -63 -22 39 -43 -16 55
-19 -13 29 99 -49 -8 -95 2 -24 -43
97 -32 95 -5 -46 -89 29 88 62 86
-6 -61 85 -59 -47 54 -49 -29 -75 31
-79 -21 -1 67 74 -13 67 -87 18 -70
83 -92 -77 -11 -87 26 49 11 -77 -43
86 -74 -58 36 63 -39 80 -84 -6 -16
-26 -33 -71 9 95 -43 65 61 -87 -74
55 -39 -32 -50 67 -17 77 75 -14 -69
-13 67 62 24 -49 23 17 -27 22 16
20 75 63 72 -7 -42 68 77 -12 19
-33 -56 -41 98 -17 -2 -34 -71 75 -56
-55 -66 90 -85 80 52 48 -37 97 96
42 34 95 49 -2 -64 -5 0 25 -22
-49 -76 56 30 -47 -18 -78 -24 -8 97
-81 -90 40 0 99 18 -65 -25 99 95
-13 9 77 -39 45 46 -89 -84 -32 -44
-4 26 73 28 21 -32 81 -12 -24 67
-80 -92 -62 -55 -75 31 -10 -10 14 -33
69 -79 82 97 83 -15 95 42 20 13
16 2 51 -3 64 17 91 -60 -92 53
-15 -98 -20 -39 84 -84 -25 -9 69 -37
-68 -41 84 29 63 79 -35 58 -26 78
2 -64 87 47 69 -5 -97 24 20 74
80 9 -88 0 -15 20 80 -70 -90 45
6 -67 -30 13 43 55 98 51 -91 19
1 23 -87 16 13 79 37 -84 -9 53
69 -72 -15 9 -78 -60 60 41 -39 -82
41 -3 1 -29 25 26 -1 -31 -56 -37
-40 46 -49 36 -19 53 -53 -51 -74 90
-46 94 92 -3 37 99 -74 -43 -87 -6
48 33 -74 -30 38 48 35 22 95 1
24 3 -31 86 -81 -91 94 -60 6 -73
56 34 -51 -59 79 96 95 48 68 -44
-22 73 -26 31 83 -50 33 -3 8 -76
24 -86 -46 16 76 -59 -82 58 -32 0
21 87 4 -67 0 -52 85 36 -82 43
86 -75 -89 74 -20 -87 -20 24 -5 63
-8 -31 83 62 22 -30 -55 68 86 56
-88 12 -4 21 58 0 9 -74 53 36
-17 93 -12 91 36 -22 -53 49 72 16
-32 -71 56 17 -92 21 -95 74 81 23
25 -43 -6 29 86 4 33 20 95 6
82 -44 52 -29 55 26 -53 36 96 82
11 29 32 -82 66 99 -26 -68 -41 -71
-47 24 63 48 -57 81 58 91 -12 25
3 -55 83 24 16 45 10 48 -69 81
88 95 -94 55 -12 30 58 66 65 58
-22 47 -5 63 -39 89 78 -80 24 -25
-80 -37 -22 -61 -74 91 -46 -2 -63 80
-75 78 -58 -32 -3 10 82 75 -36 0
-59 63 -47 54 -74 55 4 -41 82 -20
-97 78 -13 73 97 32 85 86 -85 28
-45 26 -76 -52 -14 -8 -25 -52 80 52
54 98 -88 -31 -63 -45 30 -93 -40 -88
-12 68 59 96 -98 -95 70 36 -52 14
4 -7 58 97 -40 -98 32 75 -35 -28
-3 -45 22 25 -27 82 -52 -67 -17 -27
1 19 38 85 -13 91 -84 46 -69 -2
-19 -49 36 -46 -97 68 -67 64 -5 42
0 76 -62 -42 -29 27 79 -88 92 -33
-81 40 -60 68 -76 -39 94 -79 -1 54
95 49 -26 -26 -3 40 46 20 -60 -90
78 74 -66 -94 40 0 13 55 -23 -60
85 -40 25 20 -72 -99 -72 37 79 27
-29 -77 0 -10 4 -80 -96 -69 -61 28
30 -72 33 87 75 -10 -23 -87 -7 -38
13 -97 51 -49 23 -39 -48 -2 25 -6
