-80 89 -22 54 -11 9 -64 -71 31 44
-15 -42 64 84 -79 -38 -53 91 98 -70
9 90 67 9 24 -37 -38 -67 -6 77
-37 -41 -22 91 -29 76 99 46 5 13
-98 -76 16 53 22 -1 -60 -76 25 -97
71 87 23 73 72 -36 13 96 -65 -77
-80 50 22 -79 49 -56 16 -77 56 -44
27 -90 51 -52 -13 -55 -52 22 30 -24
-71 -51 11 85 -81 -9 24 58 52 -51
69 -42 -14 48 -63 0 59 28 49 50
0 -84 39 -46 -91 13 -31 58 47 -30
-43 -79 -52 -9 91 19 -84 89 -1 -37
18 -95 -76 51 0 -68 73 62 -17 -39
-58 -13 94 88 45 96 -63 -89 -90 68
-73 89 -46 89 -31 -17 14 -57 57 -67
46 28 -75 22 80 99 -80 -15 -47 -9
-59 26 23 -12 19 -79 77 13 61 90
-95 -82 -67 -68 -53 77 -40 -61 2 -10
36 5 51 53 79 28 29 56 55 -37
-44 -89 5 -63 -12 56 -67 -85 -73 15
-2 -67 -50 87 10 62 -75 23 -45 -26
-59 -18 37 75 83 -21 24 91 81 -48
24 -41 -44 -46 -23 59 -39 -24 -12 -94
41 48 -76 -40 44 86 17 -83 77 21
-40 -23 -48 4 72 -25 61 -73 66 -34
-95 97 -59 43 45 77 49 54 43 13
-68 30 -48 89 61 -68 16 -57 -66 5
-16 -38 5 1 -5 -4 68 -11 -20 10
73 83 -12 8 -30 -48 -82 -75 97 -48
75 83 3 51 -49 57 -51 -15 -29 0
12 3 -51 -59 -8 -49 87 -23 -59 -39
-79 42 83 75 69 86 -5 -85 -42 46
1 26 24 88 -15 -14 71 95 -1 -27
-98 -37 25 99 -71 -61 19 41 -73 -16
-2 43 83 -19 -71 71 -23 -58 -95 10
-27 -11 86 68 13 -50 -16 90 -63 -81
-88 -80 77 -68 -57 -48 -86 91 -99 -10
85 -74 24 -50 -74 28 -26 -82 -86 71
-15 2 -85 -34 -96 -12 -34 -72 -73 -66
9 -78 -45 -21 44 72 -25 22 -97 31
21 -44 -95 -56 30 0 -7 -27 -54 -87
39 -88 -82 -5 78 71 36 -55 -91 -43
62 62 83 82 39 57 91 46 -87 -39
97 -28 -81 -11 -38 -62 49 88 -23 22
-81 -56 -54 60 77 -21 43 -1 -63 65
3 -44 57 19 95 -62 -15 10 -74 -23
2 -91 45 41 -27 96 0 -54 -92 87
-96 -5 -23 56 -22 -36 80 67 62 71
82 -14 -75 94 13 96 98 40 -32 -68
-50 -12 98 -76 -58 -38 -50 -64 -60 88
-54 -27 -30 86 72 32 48 2 -30 48
77 -29 -71 -8 92 -55 -9 -97 15 77
88 82 -43 19 67 -92 52 84 -10 34
-90 38 54 -78 -15 -32 -59 0 -99 -66
20 70 -28 -38 -5 89 92 92 75 25
-74 -37 39 -12 99 -30 75 -2 37 87
48 -64 50 -56 -97 -57 12 41 -78 20
61 -11 12 -64 -52 -87 -35 18 71 55
-18 -16 -59 -62 94 62 98 22 -6 -24
-81 -82 -9 73 -46 12 57 26 27 -65
33 7 50 51 -63 -45 -20 90 -36 -45
-97 26 -13 89 84 -1 -18 82 -22 -23
95 6 -58 77 -72 71 -40 40 -68 -91
-87 -98 -99 92 -25 -78 79 -9 9 -3
48 64 -64 -53 69 95 -92 -17 -19 14
88 30 -5 24 -76 49 97 -82 83 37
86 81 -23 17 60 -56 -78 5 -23 53
-2 63 -46 97 -88 -88 -12 84 -73 71
-43 -79 -80 7 -95 42 33 27 -67 32
89 -88 -64 -68 30 64 -28 73 -50 -12
-36 28 -27 16 24 -60 -5 -23 74 43
-4 -14 83 30 4 65 -66 -71 84 -74
-35 80 -38 9 71 -57 -8 -78 -68 -20
96 -12 86 48 0 -30 89 -31 -46 44
-28 -58 -26 68 -16 43 -70 72 91 -12
92 -85 -18 84 -74 83 -14 99 30 95
39 46 -41 54 -89 38 25 69 75 -3
-69 21 -45 -75 -86 -62 -50 90 -31 18
-93 49 -92 69 53 77 -75 -3 -87 -64
86 91 48 38 -72 38 22 87 -80 24
-8 7 -8 -96 -78 15 -62 -65 -1 56
-45 -75 -14 -56 -48 -9 74 85 -12 -94
-64 50 -51 -1 -55 10 -9 -10 -6 47
37 -59 -63 -78 -98 -29 -19 69 -19 -13
-40 19 -20 88 -48 -76 36 -29 -3 -93
-34 -55 -9 2 -17 0 -11 -61 9 -74
53 -66 25 78 -25 -28 8 -67 -17 -33
-56 35 -94 -86 47 40 -71 -73 -63 46
24 -24 -21 15 58 71 -79 26 21 -21
72 30 57 56 -85 -41 91 -39 94 -7
-84 -21 -44 -75 -17 -25 20 52 -82 -1
-82 -97 79 71 -14 -34 -62 -50 39 -79
15 37 -88 -47 -14 -95 -1 17 -97 -44
83 94 -14 -82 78 -83 -48 -92 -51 24
-70 -97 -77 -5 88 62 -19 77 -18 -52
-56 -48 -63 18 21 -88 -73 6 -12 -36
90 43 25 53 -82 -17 -85 38 -73 -95
74 -98 77 75 -88 -15 -87 -47 95 -12
-89 -96 -75 -61 -82 97 -50 53 81 55
-2 82 -59 48 -42 -25 -83 87 48 83
