-91 46 -91 -40 -91 59 -91 -90 -91 9
-91 -15 -91 84 -91 -65 -91 34 -91 -31
-91 68 -91 -81 -91 18 -91 -6 -91 93
-91 -56 -91 43 -91 -43 -91 56 -91 -93
-91 6 -91 -18 -91 81 -91 -68 -91 31
-91 -25 -91 74 -91 -75 -91 24 -91 0
-91 99 -91 -50 -91 49 -91 -37 -91 62
-91 -87 -91 12 -91 -12 -91 87 -91 -62
-91 37 -91 -36 -91 63 -91 -86 -91 13
-91 -11 -91 88 -91 -61 -91 38 -91 -48
-91 51 -91 -98 -91 1 -91 -23 -91 76
-91 -73 -91 26 -91 -29 -91 70 -91 -79
-91 20 -91 -4 -91 95 -91 -54 -91 45
-91 -42 -91 57 -91 -92 -91 7 -91 -17
-91 82 -91 -67 -91 32 -91 -32 -91 67
-91 -82 -91 17 -91 -7 -91 92 -91 -57
-91 42 -91 -45 -91 54 -91 -95 -91 4
-91 -20 -91 79 -91 -70 -91 29 -91 -26
-91 73 -91 -76 -91 23 -91 -1 -91 98
-91 -51 -91 48 -91 -39 -91 60 -91 -89
-91 10 -91 -14 -91 85 -91 -64 -91 35
-91 -35 -91 64 -91 -85 -91 14 -91 -10
-91 89 -91 -60 -91 39 -91 -48 -91 51
-91 -98 -91 1 -91 -23 -91 76 -91 -73
-91 26 -91 -29 -91 70 -91 -79 -91 20
-91 -4 -91 95 -91 -54 -91 45 -91 -42
-91 57 -91 -92 -91 7 -91 -17 -91 82
-91 -67 -91 32 -91 -32 -91 67 -91 -82
-91 17 -91 -7 -91 92 -91 -57 -91 42
-91 -45 -91 54 -91 -95 -91 4 -91 -20
-91 79 -91 -70 -91 29 -91 -26 -91 73
-91 -76 -91 23 -91 -1 -91 98 -91 -51
-91 48 -91 -38 -91 61 -91 -88 -91 11
-91 -13 -91 86 -91 -63 -91 36 -91 -37
-91 62 -91 -87 -91 12 -91 -12 -91 87
-91 -62 -91 37 -91 -49 -91 50 -91 -99
-91 0 -91 -24 -91 75 -91 -74 -91 25
-91 -31 -91 68 -91 -81 -91 18 -91 -6
-91 93 -91 -56 -91 43 -91 -43 -91 56
-91 -93 -91 6 -91 -18 -91 81 -91 -68
-91 31 -91 -34 -91 65 -91 -84 -91 15
-91 -9 -91 90 -91 -59 -91 40 -91 -46
-91 53 -91 -96 -91 3 -91 -21 -91 78
-91 -71 -91 28 -91 -28 -91 71 -91 -78
-91 21 -91 -3 -91 97 -91 -53 -91 46
-91 -40 -91 59 -91 -90 -91 9 -91 -15
-91 84 -91 -65 -91 34 -91 -35 -91 64
-91 -85 -91 14 -91 -10 -91 89 -91 -60
-91 39 -91 -47 -91 52 -91 -97 -91 2
-91 -22 -91 77 -91 -72 -91 27 -91 -28
-91 71 -91 -78 -91 21 -91 -3 -91 96
-91 -53 -91 46 -91 -41 -91 58 -91 -91
-91 8 -91 -16 -91 83 -91 -66 -91 33
-91 -31 -91 68 -91 -81 -91 18 -91 -6
-91 93 -91 -56 -91 43 -91 -44 -91 55
-91 -94 -91 5 -91 -19 -91 80 -91 -69
-91 30 -91 -25 -91 74 -91 -75 -91 24
-91 0 -91 99 -91 -50 -91 49 -91 -38
-91 61 -91 -88 -91 11 -91 -13 -91 86
-91 -63 -91 36 -91 -36 -91 63 -91 -86
-91 13 -91 -11 -91 88 -91 -61 -91 38
-91 -49 -91 50 -91 -99 -91 0 -91 -24
-91 75 -91 -74 -91 25 -91 -30 -91 69
-91 -80 -91 19 -91 -5 -91 94 -91 -55
-91 44 -91 -42 -91 57 -91 -92 -91 7
-91 -17 -91 82 -91 -67 -91 32 -91 -33
-91 66 -91 -83 -91 16 -91 -8 -91 91
-91 -58 -91 41 -91 -45 -91 54 -91 -95
-91 4 -91 -20 -91 79 -91 -70 -91 29
-91 -27 -91 72 -91 -77 -91 22 -91 -2
-91 97 -91 -52 -91 47 -91 -39 -91 60
-91 -89 -91 10 -91 -14 -91 85 -91 -64
-91 35 -91 -35 -91 64 -91 -85 -91 14
-91 -10 -91 89 -91 -60 -91 39 -91 -47
-91 52 -91 -97 -91 2 -91 -22 -91 77
-91 -72 -91 27 -91 -29 -91 70 -91 -79
-91 20 -91 -4 -91 95 -91 -54 -91 45
-91 -41 -91 58 -91 -91 -91 8 -91 -16
-91 83 -91 -66 -91 33 -91 -32 -91 67
-91 -82 -91 17 -91 -7 -91 92 -91 -57
-91 42 -91 -44 -91 55 -91 -94 -91 5
-91 -19 -91 80 -91 -69 -91 30 -91 -26
-91 73 -91 -76 -91 23 -91 -1 -91 98
-91 -51 -91 48 -91 -38 -91 61 -91 -88
-91 11 -91 -13 -91 86 -91 -63 -91 36
-91 -36 -91 63 -91 -86 -91 13 -91 -11
-91 88 -91 -61 -91 38 -91 -49 -91 50
-91 -99 -91 0 -91 -24 -91 75 -91 -74
-91 25 -91 -30 -91 69 -91 -80 -91 19
-91 -5 -91 94 -91 -55 -91 44 -91 -43
-91 56 -91 -93 -91 6 -91 -18 -91 81
-91 -68 -91 31 -91 -33 -91 66 -91 -83
-91 16 -91 -8 -91 91 -91 -58 -91 41
-91 -46 -91 53 -91 -96 -91 3 -91 -21
-91 78 -91 -71 -91 28 -91 -27 -91 72
-91 -77 -91 22 -91 -2 -91 97 -91 -52
-91 47 -91 -40 -91 59 -91 -90 -91 9
-91 -15 -91 84 -91 -65 -91 34 -91 -34
-91 65 -91 -84 -91 15 -91 -9 -91 90
-91 -59 -91 40 -91 -47 -91 52 -91 -97
