23 71 35 21 56 6 60 32 13 63 50 66 73 72 5 57 17 51 3 9 47 18 65 26 55 20 12 58 54 34 75 67 36 43 10 59 29 14 19 37 27 40 41 42 1 0 15 53 70 69 38 4 28 62 22 8 52 31 48 44 16 24 68 49 64 39 7 30 45 61 46 2 74 33 11 25
58 4 74 60 25 46 33 54 8 12 57 38 71 63 73 67 32 37 35 66 68 6 51 65 10 53 30 48 5 14 27 61 15 36 21 55 18 9 1 44 50 70 34 43 62 20 72 26 28 24 31 52 29 41 16 42 69 13 11 47 19 22 2 23 0 75 45 39 49 59 3 56 17 7 40 64
69 9 28 24 31 10 27 66 61 53 25 64 57 15 29 17 1 74 54 59 71 37 75 68 32 6 7 21 19 23 14 22 11 55 65 5 44 56 40 18 48 36 58 39 0 63 34 4 38 43 2 33 49 3 12 41 60 35 16 51 73 45 67 42 72 8 30 52 26 47 46 62 50 20 70 13
5 44 38 34 46 18 40 29 59 8 55 43 16 58 21 7 30 23 53 31 52 12 33 70 50 28 48 64 68 35 39 27 73 42 6 57 4 69 63 17 10 62 25 45 9 75 20 72 15 65 60 24 49 74 26 14 56 71 36 22 67 13 3 32 0 54 51 37 19 41 66 47 1 11 2 61
40 37 50 68 32 15 39 65 58 75 3 22 34 66 70 48 17 72 59 25 57 11 63 61 41 21 60 51 43 0 35 71 33 38 27 23 54 36 9 73 26 67 10 6 8 47 20 69 56 62 4 5 14 64 1 7 30 12 19 16 2 55 53 44 28 45 18 46 31 52 13 74 42 24 29 49
62 25 67 0 24 7 75 29 38 50 35 5 36 19 6 11 49 39 74 69 22 64 26 53 72 37 70 65 56 41 3 68 55 43 9 61 40 45 47 66 73 48 18 1 12 17 23 51 8 20 34 57 42 59 28 58 44 33 13 60 46 71 32 27 31 16 30 4 63 15 54 2 21 10 52 14
33 16 53 68 47 2 36 8 60 30 29 63 31 15 38 37 59 1 58 71 17 0 52 23 26 22 50 12 20 19 4 41 27 3 75 32 42 10 49 62 51 65 9 25 61 57 39 13 14 18 54 45 67 44 56 28 34 11 55 6 21 72 7 70 74 66 73 64 24 43 46 40 35 69 5 48
36 53 8 18 60 52 1 38 30 49 7 13 17 57 66 39 33 41 27 75 40 54 59 25 26 72 15 14 48 47 24 67 50 69 71 42 35 31 29 51 70 11 23 28 44 10 65 56 46 43 61 5 16 55 19 34 2 64 6 22 37 74 3 73 12 0 32 63 62 9 20 21 45 58 68 4
52 17 68 71 64 58 63 35 38 62 54 22 21 36 46 59 8 43 4 73 70 34 37 9 20 57 45 49 29 26 42 31 27 6 10 40 66 39 47 5 60 0 15 67 75 50 13 32 3 56 74 12 7 33 72 18 53 23 2 14 30 55 65 24 1 48 16 44 51 19 61 28 11 69 25 41
33 7 23 13 0 29 59 43 26 66 31 51 30 49 21 48 17 72 68 63 70 64 34 9 54 58 65 73 38 1 60 3 71 39 27 42 67 36 25 52 11 5 14 32 75 22 62 6 16 24 61 4 53 15 41 50 19 28 55 35 12 18 20 44 46 56 69 8 37 47 2 10 57 40 45 74
4 73 32 58 19 25 8 10 13 68 34 24 69 22 48 39 67 53 56 21 15 51 30 18 11 27 63 64 20 43 33 59 3 0 12 72 46 41 60 55 1 66 42 38 14 40 61 71 7 31 5 57 50 17 49 37 16 2 62 75 6 45 47 54 52 65 26 44 9 23 28 74 35 36 70 29
15 17 42 58 6 10 63 62 32 29 72 73 14 16 1 61 33 60 35 46 66 34 71 40 8 64 7 26 2 68 0 11 12 56 48 20 69 41 70 47 36 50 9 19 18 30 4 65 52 25 54 22 5 74 57 59 23 44 21 3 55 67 24 31 39 49 43 13 28 51 75 37 53 27 45 38
52 12 67 25 3 70 10 73 74 36 31 5 45 9 56 22 19 1 29 27 42 54 46 69 2 43 16 47 35 60 66 21 40 38 0 28 33 51 7 63 17 8 75 50 13 6 23 34 49 11 59 61 18 65 20 24 44 58 39 57 30 41 64 48 55 32 71 14 4 53 68 62 26 72 15 37
52 65 72 40 47 39 9 56 75 2 15 48 63 28 55 17 37 4 35 44 57 49 45 33 38 14 62 58 42 66 11 16 6 67 36 68 20 43 10 29 8 22 0 18 27 30 3 19 73 41 1 74 53 7 69 46 5 64 34 25 54 13 26 50 23 31 71 12 24 51 32 60 70 61 59 21
37 11 24 1 5 54 60 6 4 2 26 73 50 22 58 13 45 72 49 43 42 9 68 29 65 56 18 61 53 20 28 34 47 39 48 74 75 32 7 36 62 55 33 59 10 71 27 19 64 46 51 35 12 8 69 66 25 52 14 30 16 38 17 23 57 40 41 63 0 15 21 70 67 44 3 31
66 0 61 16 4 68 8 48 41 30 56 20 46 29 18 62 13 63 11 42 27 50 74 24 32 49 70 12 26 65 23 31 6 28 55 14 45 58 15 9 44 3 54 75 59 43 35 37 33 34 51 72 22 57 39 36 38 60 10 69 25 71 64 53 40 21 67 52 7 2 17 1 19 73 5 47
8 39 43 19 63 54 67 12 30 14 69 45 31 75 48 51 42 74 17 72 10 52 49 56 40 15 9 23 47 13 25 27 50 38 35 64 1 32 34 20 68 36 71 4 66 61 11 46 58 26 57 18 33 21 70 3 29 22 55 37 44 62 7 28 65 16 2 24 41 73 5 59 0 6 53 60
12 38 51 58 18 35 33 68 40 34 9 2 69 57 52 26 50 41 17 13 28 6 5 62 66 64 59 29 32 11 65 22 31 74 23 24 67 10 15 48 42 71 44 36 25 54 75 37 8 70 4 47 49 72 14 39 16 73 43 0 1 60 56 53 45 46 55 61 21 30 20 3 19 63 7 27
56 62 60 38 37 45 43 27 53 9 32 41 15 34 63 72 47 22 0 52 59 7 21 5 24 75 25 58 26 12 70 74 73 42 35 39 18 48 30 44 6 13 71 23 40 10 20 28 31 11 4 17 8 67 65 54 68 57 19 55 16 66 46 69 14 29 3 2 61 51 49 50 33 1 36 64
41 50 61 44 46 63 70 25 30 40 10 58 19 59 68 73 75 24 39 67 35 13 14 45 56 2 36 48 9 72 3 1 53 20 60 16 51 54 28 26 69 29 0 17 74 5 11 33 62 38 32 15 65 34 42 57 6 49 4 22 43 8 66 37 21 27 12 23 18 71 47 52 64 7 55 31
21 8 24 67 35 55 69 30 41 58 63 73 3 72 40 15 57 25 51 12 20 6 49 4 44 52 46 42 16 61 32 10 59 50 18 39 38 29 13 23 54 34 14 26 56 7 31 75 17 68 27 36 47 11 53 19 62 74 43 5 66 65 48 9 2 22 70 60 45 28 0 1 71 37 64 33
15 50 56 19 20 63 17 30 72 47 42 53 8 6 11 4 14 64 39 62 27 69 28 5 38 2 51 0 59 25 36 46 32 43 74 10 29 31 12 49 13 41 18 9 40 68 55 73 54 58 34 24 44 66 48 65 26 22 67 75 1 33 61 70 35 16 23 3 57 52 37 60 21 45 7 71
9 49 33 38 48 30 5 43 45 32 10 35 19 44 31 39 53 68 72 51 58 15 27 47 70 7 1 16 14 17 64 11 75 20 22 50 73 26 62 60 23 57 18 40 34 41 66 56 3 0 8 13 36 12 71 52 61 55 37 29 2 24 54 25 6 63 46 59 65 21 4 28 74 69 42 67
11 49 13 12 58 32 56 24 19 9 63 47 75 35 33 31 50 23 22 30 27 29 66 14 52 43 38 48 0 73 57 18 71 65 67 16 74 72 34 60 51 37 1 46 54 15 41 25 40 2 59 61 21 5 6 7 53 42 69 39 70 4 10 45 8 55 62 28 20 26 68 17 64 44 3 36
54 51 22 58 6 53 68 5 13 72 36 4 45 75 66 41 63 8 20 29 73 48 7 31 32 52 23 62 24 14 71 3 70 0 9 55 19 49 12 44 26 18 28 21 1 61 40 46 47 15 60 34 30 65 67 69 27 57 56 16 11 10 37 38 39 74 42 2 59 50 43 17 33 64 25 35
37 8 47 69 27 7 29 44 23 18 74 58 70 49 57 35 13 51 6 54 16 36 28 4 48 66 46 10 30 62 11 34 0 9 64 3 19 75 56 12 21 26 1 2 73 40 33 25 43 5 15 32 14 17 45 59 63 67 41 20 61 31 65 52 24 53 50 22 60 42 55 68 39 38 71 72
51 44 47 29 64 57 61 38 66 17 7 6 60 30 59 45 72 26 10 33 15 41 19 3 74 53 9 58 63 13 12 48 22 31 5 32 28 8 0 11 34 75 39 49 14 36 42 52 18 37 4 56 54 35 27 62 24 20 46 43 65 23 68 2 70 16 25 73 50 71 1 40 55 69 67 21
67 50 32 13 19 71 20 64 57 49 75 62 52 8 25 68 1 22 56 28 40 16 51 12 6 4 33 17 61 70 23 36 31 45 38 10 15 41 37 3 73 9 14 0 42 21 54 74 65 24 63 43 26 58 46 53 60 47 7 11 66 69 30 2 27 59 34 48 55 72 44 29 39 18 5 35
19 30 29 11 9 53 37 55 10 74 26 42 40 59 61 27 72 71 31 24 32 22 20 21 62 63 13 69 4 25 48 51 49 56 16 52 8 65 57 33 44 1 36 18 73 5 47 7 17 28 34 35 14 54 41 58 70 66 67 46 39 45 12 2 75 23 43 3 6 64 38 68 60 0 50 15
28 2 22 14 61 71 30 33 39 55 73 74 60 23 8 52 67 20 38 11 4 5 13 1 32 45 62 7 54 24 3 36 64 47 46 70 51 58 44 66 56 49 16 65 26 21 63 15 43 72 34 48 10 68 75 40 42 27 25 37 9 31 53 59 17 12 6 18 29 35 19 41 0 69 57 50
8 21 34 9 39 14 25 24 72 22 15 29 30 69 67 73 46 45 1 74 53 13 43 12 56 18 35 66 55 51 57 16 17 31 42 0 5 40 58 60 52 71 37 32 54 41 10 65 64 59 50 75 27 68 7 48 36 49 2 11 28 23 33 38 6 47 44 62 61 20 70 63 19 26 4 3
26 6 5 44 30 63 48 50 71 57 14 24 38 31 62 47 36 2 56 42 37 9 17 61 46 34 49 52 73 68 13 69 19 7 20 60 41 65 55 4 59 10 0 75 64 16 70 27 32 29 72 66 15 33 67 51 39 23 53 22 11 3 74 8 1 25 45 18 43 12 58 21 28 54 35 40
19 43 75 67 52 27 50 66 49 55 25 7 62 5 69 56 33 23 63 37 48 47 31 15 4 34 30 44 59 21 3 28 24 12 65 2 14 60 72 9 26 40 6 18 42 10 73 61 64 68 13 54 11 16 57 38 35 45 36 22 74 29 32 41 20 53 46 1 58 71 17 70 51 39 0 8
33 57 28 72 64 30 51 27 45 13 61 71 5 39 55 40 6 24 59 60 31 74 20 29 54 48 16 17 50 11 15 41 34 1 68 63 44 22 70 26 32 66 62 38 65 58 42 56 35 23 49 9 52 75 53 21 14 36 67 25 37 73 43 18 47 46 2 0 3 8 7 10 19 69 4 12
55 58 74 2 39 13 70 22 34 29 31 56 75 26 21 48 16 57 32 17 68 45 25 19 66 23 3 65 42 33 7 49 10 52 72 41 6 15 8 11 50 18 62 30 54 44 4 60 28 51 9 63 53 59 14 69 73 0 38 12 1 64 27 67 46 43 5 35 61 24 36 47 71 40 20 37
17 60 63 39 51 49 56 67 52 48 14 62 61 1 57 32 74 7 21 55 68 18 70 34 42 54 33 26 45 25 35 58 22 36 75 28 31 4 46 69 2 19 24 73 23 53 59 0 16 3 6 20 5 72 27 29 44 66 71 41 9 50 30 40 47 65 15 12 11 13 10 38 64 8 43 37
72 6 56 38 37 41 46 43 69 8 57 66 61 35 50 75 13 52 18 59 1 49 24 19 17 15 70 5 74 40 16 58 21 48 68 65 22 4 36 26 51 14 47 63 28 44 23 73 55 42 20 32 60 67 71 33 2 45 30 10 3 27 11 54 25 29 53 34 62 31 39 12 0 9 7 64
74 65 16 13 29 42 49 54 35 9 62 39 64 25 40 46 55 57 28 51 26 73 68 70 22 63 24 1 61 5 8 36 11 14 50 17 33 7 69 72 0 27 10 3 38 4 47 41 19 21 58 32 31 52 18 43 59 37 12 30 48 67 34 23 60 44 45 75 53 71 6 20 56 15 66 2
18 62 37 52 58 17 38 56 55 75 60 41 40 5 31 61 71 64 10 47 34 3 36 45 51 35 6 8 21 29 63 1 13 54 15 33 57 19 53 28 23 20 74 72 27 26 69 44 43 4 9 30 48 39 67 65 0 2 25 68 59 50 24 49 7 14 16 11 46 73 66 70 32 12 42 22
67 47 72 46 62 75 66 4 32 37 49 34 57 26 21 42 36 60 48 54 55 13 38 52 31 69 71 43 18 50 15 5 10 23 65 64 25 30 74 61 29 68 1 44 6 7 17 28 2 33 22 12 3 39 70 41 35 27 11 58 16 24 63 53 14 40 56 73 19 45 20 0 8 9 59 51
3 74 75 8 15 67 43 52 19 66 29 53 14 58 37 6 24 49 5 22 11 48 71 41 32 55 70 36 44 18 21 7 13 60 16 34 65 59 35 10 30 27 38 33 47 25 39 45 68 73 26 51 23 40 4 12 54 0 56 42 9 28 46 69 20 63 2 17 62 72 61 1 64 57 50 31
65 11 35 47 45 46 32 57 50 5 33 30 40 28 31 48 15 38 74 8 1 26 21 55 14 52 6 51 62 2 66 64 27 7 54 41 63 69 60 44 25 68 17 70 75 49 3 72 53 12 34 18 59 61 4 0 16 10 36 22 58 9 23 13 43 24 20 56 37 67 39 73 42 29 19 71
52 22 69 34 44 1 5 26 51 28 21 60 23 8 16 37 40 30 12 14 13 29 9 38 24 65 68 20 63 71 46 64 50 67 57 72 36 74 58 73 2 45 49 61 17 18 3 19 25 41 39 66 54 70 56 31 47 48 35 11 32 53 6 4 10 7 33 15 27 75 62 42 0 59 43 55
42 52 6 51 35 27 74 61 20 26 21 19 43 0 50 33 22 14 44 47 4 67 29 15 69 66 7 18 58 73 60 31 65 45 5 2 39 62 40 8 36 38 54 34 25 53 55 3 28 12 9 75 23 71 56 13 68 63 46 49 30 41 59 72 10 24 70 17 16 57 11 48 64 1 32 37
29 27 33 25 63 16 61 55 72 65 58 8 60 45 62 37 10 20 26 7 14 54 9 57 40 17 49 1 32 59 44 23 22 31 38 42 64 70 36 4 69 74 50 21 48 46 41 2 28 66 35 13 15 0 11 19 6 18 30 75 12 51 56 39 52 5 67 43 24 3 73 68 34 71 47 53
38 34 57 61 16 35 41 33 56 51 1 29 58 20 28 4 45 69 14 17 59 24 37 64 21 6 73 60 47 74 52 5 30 26 49 72 65 7 19 36 40 67 75 12 10 42 0 23 68 31 44 43 53 70 55 2 9 50 27 62 39 46 63 22 13 18 15 11 8 48 32 3 71 25 54 66
61 53 60 57 39 40 28 66 48 51 75 23 3 17 29 56 5 58 46 72 49 45 13 1 64 34 2 52 10 59 47 38 33 11 31 21 67 9 74 42 41 16 44 65 4 36 7 0 71 27 32 37 54 68 26 24 43 25 8 55 73 20 69 14 63 22 15 18 30 6 70 35 50 12 19 62
45 68 70 72 73 46 74 5 69 61 19 2 25 67 31 34 1 47 64 28 3 52 75 62 54 30 35 21 12 32 43 6 36 27 33 39 14 51 22 40 37 71 60 63 41 7 23 0 65 4 10 16 24 18 56 50 38 29 26 13 57 55 11 66 42 59 44 49 48 15 9 20 58 17 8 53
52 9 62 44 71 20 29 72 11 42 8 25 64 1 6 60 33 75 74 30 3 39 24 67 22 40 61 65 66 37 18 58 57 12 10 69 70 17 27 54 46 41 31 15 45 28 35 21 13 53 2 23 14 16 32 51 5 56 50 73 4 19 48 26 49 43 0 68 38 47 7 59 63 36 34 55
68 15 46 63 39 61 8 55 9 64 16 52 0 56 12 11 58 27 38 3 54 34 5 42 14 50 40 47 35 67 45 30 37 26 51 53 33 31 69 70 21 1 18 75 24 22 10 72 32 19 28 2 60 36 49 20 71 48 7 13 74 57 62 43 66 59 4 41 44 6 65 23 25 17 29 73
24 41 7 28 17 39 30 71 8 1 50 49 35 13 43 44 51 59 73 62 22 25 38 40 64 10 26 27 15 2 57 68 16 3 55 61 5 23 72 20 34 21 70 31 11 19 6 18 48 60 52 33 37 46 75 74 36 66 12 32 63 69 58 9 53 47 54 4 0 56 42 65 67 14 45 29
55 19 69 46 0 47 4 65 15 74 73 38 13 8 63 30 7 49 37 11 54 44 52 40 42 66 45 67 36 9 50 57 20 70 59 48 39 56 23 43 28 35 72 5 27 62 41 68 22 18 33 16 1 75 12 60 32 34 31 3 29 64 14 26 58 71 10 51 21 6 53 25 2 61 24 17
15 10 28 61 48 27 64 23 50 21 49 3 71 66 56 13 69 47 72 63 26 20 34 53 40 9 17 38 4 60 29 30 58 41 18 35 36 67 8 1 14 24 6 25 73 42 19 52 54 11 37 57 31 39 55 74 44 68 12 22 59 62 43 2 45 70 7 46 5 51 33 65 0 32 16 75
21 6 25 36 48 71 12 22 8 35 11 0 59 51 41 60 14 63 37 55 2 3 72 15 28 68 49 24 70 20 57 44 7 73 45 56 38 66 65 31 19 61 69 18 62 74 16 43 17 13 5 23 26 30 32 42 1 58 64 4 54 67 34 46 40 27 29 75 39 47 10 33 9 50 53 52
28 22 5 47 60 51 20 36 17 32 10 63 71 15 73 2 65 54 24 31 19 18 67 35 7 59 14 3 21 44 48 66 43 55 46 26 74 68 6 52 41 4 39 42 72 53 49 58 56 11 57 9 75 12 45 64 0 33 62 29 16 40 70 38 8 1 37 50 61 23 30 27 13 25 34 69
47 68 3 38 23 1 45 52 39 46 6 19 64 26 53 10 30 70 73 9 75 28 24 12 58 72 11 67 49 63 74 4 16 35 20 18 2 33 14 57 65 27 0 31 51 7 36 59 13 69 56 25 55 48 41 40 32 44 8 17 50 29 66 5 22 60 34 15 42 62 21 71 43 54 61 37
1 23 45 5 13 58 12 54 61 57 73 17 3 33 48 37 50 14 10 68 44 55 34 35 75 0 66 36 63 46 7 39 21 65 24 9 60 53 74 8 18 29 52 72 71 43 47 56 25 38 59 6 30 51 62 20 26 2 4 40 22 67 15 42 27 31 19 69 11 16 64 41 70 49 28 32
14 3 75 60 62 27 35 72 29 32 31 34 74 59 5 20 24 21 12 53 0 51 30 56 58 15 68 61 45 25 23 17 55 18 64 43 6 8 70 28 57 36 38 65 19 13 10 66 26 54 52 37 42 9 7 33 48 40 22 50 47 1 67 11 71 63 16 69 39 73 4 2 41 49 44 46
47 54 25 55 21 50 14 40 72 63 45 35 42 32 3 51 48 0 52 8 11 29 4 2 33 43 15 31 74 62 12 37 41 26 69 24 30 16 53 66 7 36 65 17 9 13 44 67 70 61 39 38 5 58 1 68 75 73 59 60 56 10 22 57 71 20 49 64 27 19 6 18 46 28 34 23
0 69 18 48 64 61 43 8 1 21 71 42 6 16 53 10 37 17 22 51 29 70 3 47 31 56 4 32 50 9 66 75 40 58 7 68 26 30 67 27 41 19 52 34 44 74 60 55 2 15 12 59 13 38 11 28 5 24 35 36 20 25 45 23 46 57 63 65 33 72 14 62 49 73 54 39
41 24 6 51 59 61 2 40 54 44 31 36 75 42 26 63 73 35 72 22 74 21 60 5 62 20 47 1 38 52 53 37 45 39 19 25 28 64 16 27 10 56 57 32 58 17 15 11 13 48 70 67 55 34 46 33 43 49 14 29 4 18 69 23 3 7 71 12 30 68 9 8 0 66 50 65
56 66 27 2 73 47 64 63 36 39 23 29 75 55 65 3 51 32 13 62 49 7 25 19 50 28 38 15 24 48 57 60 53 21 30 58 68 42 46 33 11 5 52 35 74 4 26 1 0 20 6 18 17 43 8 44 45 37 70 72 9 54 71 16 12 59 61 22 67 10 31 40 41 34 14 69
4 36 72 60 30 32 7 3 65 57 24 8 35 73 16 0 17 39 6 34 54 21 13 56 14 53 15 18 74 69 66 42 38 44 2 22 27 12 48 31 9 37 33 11 64 41 26 55 29 28 23 50 63 10 58 47 52 49 62 46 5 70 68 45 75 59 19 51 67 71 20 61 40 43 25 1
66 52 68 47 27 63 46 30 7 13 2 16 11 71 42 44 50 15 59 72 38 62 29 74 8 41 58 25 43 22 70 39 33 10 67 36 65 60 0 23 40 54 56 55 61 49 35 3 5 75 64 26 4 14 19 12 69 17 34 73 57 51 53 24 32 1 31 6 9 48 37 28 18 20 45 21
51 30 71 5 75 10 24 16 13 2 21 42 12 73 32 28 36 55 70 64 8 45 38 74 60 59 18 0 56 63 68 25 66 6 72 17 23 22 41 26 62 31 48 14 35 39 52 15 49 46 11 37 3 47 27 65 54 44 19 1 29 34 69 7 20 58 57 33 4 67 9 50 40 61 53 43
7 4 70 59 60 6 41 9 15 65 53 47 45 75 25 43 67 68 8 71 10 3 38 23 66 16 2 33 32 0 62 28 29 13 26 39 44 54 1 22 58 73 61 52 21 18 46 14 64 19 49 72 5 17 50 20 12 37 74 63 42 31 55 36 51 35 27 48 56 57 30 24 40 69 34 11
13 41 46 62 2 53 57 15 25 7 18 71 52 5 29 11 19 21 4 3 61 58 37 40 34 26 0 67 8 74 28 36 38 20 33 12 14 42 47 48 24 44 70 56 23 55 51 50 16 27 17 75 10 69 60 64 39 63 32 66 59 22 68 35 49 43 73 54 30 45 9 65 6 1 31 72
63 65 26 64 16 25 5 61 71 11 34 59 33 2 52 9 6 39 57 36 41 69 8 68 60 46 42 24 44 54 32 74 28 0 10 53 62 45 37 67 31 4 3 30 15 51 1 73 21 19 58 55 70 50 75 48 35 27 49 7 56 17 18 23 20 43 72 13 66 12 40 47 14 38 22 29
17 68 57 65 41 26 49 48 59 14 22 11 40 30 34 55 23 69 8 7 38 3 52 13 45 5 32 20 43 12 66 47 6 60 53 9 36 35 28 39 70 72 0 64 74 42 75 62 58 71 50 37 15 61 1 19 4 33 29 27 2 46 10 51 18 54 44 21 25 56 67 73 24 16 63 31
62 61 69 8 75 29 31 21 12 37 58 48 2 10 44 60 65 24 49 64 66 32 3 18 71 6 19 4 68 28 41 74 54 9 46 59 20 13 7 5 72 17 14 63 42 26 52 38 30 1 73 40 56 47 50 43 55 39 57 53 27 11 35 25 15 22 36 67 16 51 45 0 23 33 70 34
23 73 70 33 14 34 54 11 6 47 65 53 35 20 66 28 13 61 55 10 7 56 36 60 37 68 16 45 43 21 1 62 22 15 64 26 27 5 75 72 4 0 8 51 17 48 24 41 67 58 63 40 3 50 19 59 31 2 71 52 49 69 29 12 42 74 9 30 57 18 44 46 25 38 32 39
33 18 53 40 69 52 50 72 46 49 31 8 60 41 20 24 22 12 39 44 5 74 13 9 57 68 42 70 62 21 23 47 17 4 66 25 38 27 35 45 0 10 56 15 1 14 28 75 11 65 37 3 7 29 59 61 64 19 73 30 26 16 36 55 48 54 58 2 51 71 43 6 63 34 32 67
71 49 31 68 14 65 69 45 46 3 18 63 13 29 17 28 4 38 27 2 50 39 52 44 35 43 15 72 25 37 12 54 7 60 48 16 26 5 36 47 0 57 66 74 42 23 8 62 22 10 53 32 20 73 59 19 24 64 56 75 41 30 51 70 33 34 58 55 6 40 1 67 11 9 21 61
75 49 29 13 10 12 15 24 35 58 14 54 32 60 55 70 50 36 4 72 6 37 7 69 66 74 1 21 5 33 41 40 65 51 67 0 44 42 48 57 73 19 68 20 56 47 26 27 61 25 43 9 30 2 18 39 45 46 34 22 23 64 71 53 16 38 63 11 3 59 28 8 52 31 17 62
26 62 23 54 14 1 5 73 68 12 4 69 59 45 8 29 0 52 75 70 16 46 42 55 3 53 38 50 60 37 21 24 20 74 51 48 13 39 17 64 56 36 41 40 27 33 58 31 18 28 32 7 65 63 9 35 49 71 44 11 34 30 19 22 67 47 66 6 2 61 72 57 15 10 25 43
1 11 30 12 51 5 8 35 20 40 60 21 67 19 63 27 62 31 66 39 53 43 34 52 32 14 61 2 41 46 75 23 16 50 4 18 58 56 45 37 54 64 36 28 25 47 29 69 13 57 10 22 73 65 7 70 59 24 6 55 38 33 68 0 3 42 15 74 49 26 17 71 44 48 72 9
16 25 58 27 56 72 14 29 65 51 5 45 33 24 48 47 54 46 41 66 37 9 75 8 26 23 74 42 36 53 4 34 64 6 15 68 38 67 3 59 55 10 63 43 32 0 2 69 21 52 44 57 31 20 11 60 17 49 62 30 73 61 39 19 71 12 1 22 40 70 28 35 7 13 18 50
25 13 48 34 14 19 26 53 9 45 2 12 40 46 49 47 1 35 22 16 36 8 11 63 55 6 28 70 39 43 4 23 51 64 59 15 10 31 65 69 41 74 62 73 66 7 67 75 21 52 61 68 38 27 44 50 56 24 32 71 18 20 30 60 57 3 54 5 17 42 72 0 29 33 58 37
36 29 42 56 44 18 33 64 46 32 8 20 66 54 7 34 37 40 15 6 75 12 3 1 28 59 73 51 13 45 19 17 5 9 24 25 49 61 43 70 4 26 72 27 74 57 63 0 47 67 58 68 53 2 22 30 23 60 69 38 14 11 52 55 21 71 10 31 50 39 48 16 62 35 65 41
70 50 36 4 6 17 35 42 45 61 71 39 38 58 56 66 29 51 2 69 32 7 60 40 74 13 72 11 44 1 53 23 54 75 67 47 24 25 5 8 49 46 48 18 33 65 14 12 63 26 28 10 9 43 31 16 41 3 0 59 55 22 20 34 15 21 64 37 19 30 68 57 73 52 27 62
74 8 57 54 26 69 31 38 43 37 9 41 42 18 27 61 56 16 30 22 72 24 52 51 10 67 55 28 44 59 49 46 68 21 0 7 25 65 47 40 70 63 34 58 33 39 17 2 11 15 35 4 6 48 29 13 12 32 5 23 19 73 60 50 14 1 3 45 64 20 36 71 66 62 53 75
46 37 71 5 72 24 2 48 69 44 57 17 18 40 66 25 39 62 9 41 21 3 14 26 52 51 11 20 4 1 70 63 29 28 53 34 43 16 30 31 27 8 54 67 7 59 19 6 49 15 65 56 47 68 74 32 36 22 42 23 58 35 45 0 12 13 73 75 61 64 10 38 33 60 50 55
53 34 65 39 32 49 46 17 15 55 20 27 22 40 75 61 63 44 73 68 16 74 64 21 2 35 25 50 19 13 10 7 56 69 5 67 3 48 41 14 37 54 29 51 38 66 28 4 23 30 52 24 6 71 70 47 0 31 26 72 1 45 60 42 58 36 11 9 43 18 33 8 57 59 62 12
8 27 34 26 1 13 62 18 52 7 70 39 5 9 74 40 43 42 15 20 50 55 66 41 25 61 60 19 38 28 16 2 32 23 46 71 10 68 22 69 47 48 64 33 59 44 75 67 14 63 36 57 3 51 21 73 4 31 56 0 11 30 37 35 58 65 54 29 12 53 49 45 17 72 24 6
21 27 15 12 65 7 60 40 45 61 32 70 6 67 22 44 53 3 56 2 69 26 39 43 64 34 58 63 0 71 52 62 47 48 8 11 72 9 17 68 38 29 49 74 73 20 54 59 16 19 14 35 46 66 33 50 24 10 36 13 37 5 75 42 23 41 57 4 55 31 28 25 18 1 51 30
30 61 19 36 14 22 59 73 68 13 31 32 3 15 20 2 10 50 29 38 24 21 42 7 37 55 71 1 47 5 41 33 63 23 49 11 25 26 64 57 74 39 60 6 62 44 4 54 67 56 34 58 53 51 48 12 45 69 16 75 0 18 17 70 27 66 8 9 46 40 72 52 28 35 65 43
68 58 28 49 0 47 5 36 24 17 4 57 72 51 62 45 60 6 66 34 14 39 53 55 1 52 9 46 35 11 12 37 73 43 20 18 15 16 26 40 67 74 44 10 48 13 7 38 33 50 63 41 2 25 31 61 65 56 8 75 71 32 30 54 3 69 21 29 22 23 42 27 59 70 64 19
27 61 2 74 35 5 24 44 39 47 34 28 10 18 70 9 42 8 59 7 56 14 38 3 17 29 58 31 41 13 4 21 32 26 1 33 49 68 19 40 57 65 25 73 6 63 75 69 67 64 37 36 52 11 72 20 46 55 0 22 30 71 60 45 51 62 12 53 15 43 16 66 54 50 23 48
2 38 48 60 63 46 69 36 73 8 26 3 29 31 21 15 5 37 40 75 18 1 22 71 4 23 10 30 14 59 42 39 64 35 43 54 7 12 9 44 32 0 6 53 65 70 25 72 20 33 47 16 50 27 28 49 51 45 67 61 62 58 11 19 66 13 57 68 17 74 34 52 55 41 56 24
23 41 40 6 75 54 63 45 52 62 32 14 19 51 0 5 43 12 58 34 35 39 31 17 13 38 60 71 10 21 1 37 16 47 24 27 72 25 69 33 56 55 9 61 3 18 30 28 7 11 64 53 67 74 29 15 22 59 66 57 70 36 2 50 44 42 68 4 49 26 20 46 65 48 73 8
52 25 5 58 41 18 15 17 50 40 28 65 2 55 61 20 6 46 63 1 12 56 26 68 29 36 39 27 69 66 64 74 75 35 67 0 43 51 11 10 19 13 22 62 33 7 42 48 3 44 60 38 72 53 31 34 21 23 24 49 37 14 47 8 71 54 30 4 16 45 57 70 9 73 59 32
58 66 17 21 51 9 64 16 5 35 20 48 10 13 6 67 30 11 55 45 23 46 15 49 26 71 56 68 74 47 0 72 75 70 60 73 37 18 41 33 50 38 31 62 12 61 32 52 28 19 65 14 59 53 2 34 29 36 1 4 57 25 44 3 43 22 8 27 39 63 42 7 54 40 24 69
60 8 7 75 43 37 18 10 23 16 62 5 20 30 21 57 13 38 15 34 12 42 17 51 70 49 33 61 64 11 44 45 47 52 71 73 48 63 35 4 69 3 55 22 50 29 56 1 32 68 14 2 58 27 67 0 46 59 74 40 31 19 25 54 28 9 26 72 65 39 24 66 53 41 6 36
49 51 42 64 10 20 54 7 26 5 52 69 59 39 2 35 74 43 24 58 18 8 29 44 62 71 16 68 48 13 19 36 60 34 47 56 4 14 38 25 9 46 15 1 50 23 70 0 57 73 66 53 27 37 40 63 32 67 33 75 45 11 65 6 41 61 21 28 3 55 22 12 30 31 17 72
70 38 52 14 55 13 42 61 72 34 69 36 26 37 59 22 66 49 68 30 48 45 32 40 47 24 31 10 3 62 64 39 54 4 18 11 71 44 6 43 73 56 15 5 51 67 1 33 21 46 12 58 8 65 20 28 75 9 63 27 25 35 7 19 60 41 29 23 17 16 2 57 0 50 53 74
34 53 26 17 70 59 66 63 2 68 54 25 36 6 40 20 7 0 58 51 24 72 43 29 8 41 21 44 22 11 9 38 62 60 71 10 42 50 73 46 55 35 64 14 23 32 61 16 27 4 52 67 48 37 69 15 5 33 75 18 56 1 28 3 45 19 30 57 12 49 31 39 47 74 13 65
10 71 59 74 37 63 52 15 55 58 29 40 45 67 44 17 9 66 36 46 57 23 39 28 54 19 35 30 61 62 20 48 27 34 42 51 0 24 49 5 38 60 14 73 69 26 2 13 18 47 22 32 21 25 1 75 56 7 3 8 68 70 43 53 50 33 72 65 11 4 6 31 41 16 12 64
70 25 57 8 19 11 37 17 28 20 45 30 13 29 27 41 56 63 36 15 71 40 38 44 33 75 24 39 2 47 53 10 5 74 48 1 42 49 69 26 3 22 12 9 62 43 7 23 18 32 67 51 35 50 31 65 61 55 16 0 14 34 21 66 46 52 59 73 54 68 60 64 6 58 4 72
67 72 41 17 50 22 11 53 48 26 40 18 8 38 54 5 9 14 65 43 55 58 32 68 28 47 45 19 46 13 0 27 63 60 71 16 42 52 75 74 51 36 69 66 73 4 64 62 6 20 25 1 12 2 44 70 24 37 29 21 34 31 15 35 49 33 59 30 57 7 61 39 3 23 56 10
32 4 21 70 18 10 20 13 71 55 52 72 66 42 62 59 25 33 7 8 54 48 41 2 63 40 26 15 74 9 43 36 16 19 34 5 58 14 11 24 50 1 64 38 68 60 73 49 44 67 53 35 56 31 29 28 23 37 12 46 3 6 39 0 57 47 30 51 61 69 22 45 17 27 75 65
