5 24 74 48 68 30 51 62 38 18 57 44 45 56 69 53 36 73 29 25 9 40 34 71 64 42 26 15 72 0 12 49 17 32 7 19 59 11 65 3 41 20 37 10 46 70 50 2 63 75 23 58 66 14 4 22 47 27 39 55 61 21 28 60 54 31 8 67 13 1 33 6 35 43 52 16
12 70 67 72 50 40 24 38 53 9 34 26 11 0 4 75 74 44 3 64 16 22 68 61 36 31 13 21 39 23 19 10 8 2 57 7 49 43 69 59 66 30 20 71 56 63 51 17 62 15 25 27 52 42 47 58 32 65 29 28 18 45 54 35 55 46 33 37 48 60 6 14 41 5 1 73
31 75 37 4 28 36 67 46 50 14 22 34 57 27 16 71 3 19 55 51 70 56 25 12 24 6 10 23 7 8 21 32 73 53 61 60 18 47 40 26 45 1 2 20 48 35 65 63 44 33 9 74 43 15 41 66 72 29 68 13 64 42 30 38 54 59 62 49 5 52 11 39 0 58 69 17
45 68 5 51 61 10 19 73 67 29 25 69 21 44 75 37 7 52 63 0 9 1 14 56 53 20 3 62 33 17 71 35 18 13 42 36 48 15 16 47 72 32 64 57 65 30 28 40 8 6 46 49 12 70 4 24 34 23 26 27 55 2 54 31 11 74 22 59 38 43 60 58 39 50 66 41
73 11 13 63 38 14 49 66 30 59 9 52 8 65 32 48 24 58 35 69 39 28 61 22 10 21 64 47 53 40 45 71 31 55 27 5 75 12 20 16 3 26 67 51 29 56 17 18 36 46 72 6 15 23 50 37 25 68 41 42 62 4 2 7 19 60 0 1 74 54 34 33 57 70 43 44
32 2 44 42 17 45 28 31 72 39 1 74 46 75 61 10 57 16 20 40 3 6 50 12 70 49 13 21 15 67 34 69 62 24 59 30 55 51 23 29 38 52 60 41 64 26 5 0 7 58 63 71 73 36 48 14 8 4 11 66 19 27 47 22 68 65 18 43 35 9 56 54 53 25 37 33
6 23 44 45 11 4 74 16 61 31 70 39 17 28 55 3 54 57 0 48 64 15 67 68 20 60 35 38 8 10 34 75 52 42 58 36 32 73 33 26 1 41 21 62 49 43 63 53 25 30 29 5 56 19 22 2 9 69 13 71 50 40 12 27 46 37 7 59 14 72 66 24 51 47 18 65
28 24 65 46 18 1 41 3 71 67 72 6 25 62 2 50 22 40 10 19 57 66 29 36 43 13 33 61 8 32 54 51 14 68 44 34 5 31 27 30 35 42 9 0 17 56 63 55 48 16 75 39 20 15 73 58 12 38 7 37 70 4 52 21 26 49 11 60 69 23 59 47 53 64 45 74
50 18 57 73 28 65 36 58 16 11 24 19 2 40 47 14 52 66 70 32 39 48 22 13 75 7 74 43 59 35 3 30 67 55 64 60 5 26 41 69 34 54 9 27 0 49 62 56 10 20 1 45 53 42 37 46 8 15 23 29 21 17 44 68 63 71 38 25 72 61 6 4 33 31 51 12
74 55 37 7 66 65 42 1 2 5 41 59 39 50 27 38 62 17 46 72 32 23 26 3 44 75 57 20 64 49 13 35 12 16 11 52 63 67 71 0 22 14 70 60 30 45 73 15 54 31 47 18 28 68 25 58 10 9 29 36 56 51 43 8 61 53 69 6 19 40 21 48 34 33 4 24
29 74 70 30 68 16 73 2 54 12 21 49 75 60 63 43 59 55 69 25 24 65 23 47 32 72 20 37 56 71 28 7 42 64 41 10 17 34 44 11 6 50 66 40 15 3 51 22 26 53 38 13 1 4 48 0 39 19 58 67 9 8 45 33 46 61 57 62 52 27 18 36 35 31 14 5
29 68 41 9 59 6 49 50 70 51 44 43 11 10 38 35 46 30 18 65 32 14 0 39 3 26 22 17 45 8 54 66 7 60 53 62 20 55 1 37 34 67 57 2 40 73 16 12 5 15 42 27 48 21 25 56 74 36 75 23 71 69 19 72 28 31 61 47 52 58 33 13 64 63 24 4
59 65 64 57 72 55 45 35 8 68 53 3 21 11 60 40 15 66 28 1 48 13 74 47 18 26 16 38 25 4 75 9 69 51 5 6 41 44 31 52 7 39 23 10 63 17 34 12 71 33 22 49 46 2 54 20 32 19 70 27 14 67 43 56 24 0 62 42 61 37 30 29 36 73 58 50
69 57 43 12 9 70 41 25 14 4 26 27 35 32 67 52 65 0 29 48 2 40 73 8 42 21 13 64 39 22 58 5 36 66 33 47 11 30 20 53 10 54 1 7 46 74 16 68 50 19 34 61 23 38 15 18 6 60 56 28 37 59 45 44 49 62 72 17 24 55 51 75 3 63 31 71
52 10 44 75 5 35 68 27 47 21 71 14 48 4 55 62 72 11 45 46 26 56 43 51 60 19 64 12 39 73 24 23 0 63 2 42 54 61 28 3 32 69 17 67 16 31 59 7 58 65 29 1 53 74 9 40 37 8 6 36 20 66 13 70 38 18 34 25 33 30 49 57 22 50 41 15
39 6 47 68 12 64 70 63 25 10 3 11 18 4 48 69 57 73 29 41 66 9 49 32 1 7 5 36 34 26 14 75 58 55 17 20 24 0 61 8 74 43 56 65 46 51 62 40 2 15 67 45 52 27 16 21 54 13 59 72 22 42 31 44 50 35 23 37 33 60 19 53 71 30 28 38
58 64 15 30 51 55 29 70 19 11 8 34 4 65 26 71 10 74 9 32 49 24 41 42 61 47 56 40 6 33 50 69 21 73 39 43 3 66 46 60 53 75 62 1 2 57 52 5 36 38 25 72 68 13 45 54 28 35 12 48 18 27 59 63 22 44 37 14 67 16 31 0 23 7 20 17
4 38 31 68 12 65 25 28 13 0 10 26 34 57 8 18 71 67 47 27 37 54 70 19 29 42 35 9 66 48 33 32 43 7 64 40 11 39 6 5 62 30 73 3 21 55 24 52 51 56 15 14 74 36 63 72 59 17 75 46 20 45 61 44 49 58 53 60 50 69 41 2 23 16 1 22
56 13 35 0 2 34 60 25 39 31 14 63 75 47 46 5 42 37 58 55 70 26 22 40 52 9 11 73 64 23 38 16 1 66 12 20 3 54 67 10 30 24 51 41 21 43 45 49 68 69 7 4 50 61 48 15 33 57 32 29 28 6 44 65 74 53 59 62 19 17 27 72 36 18 8 71
49 10 51 62 68 56 69 31 58 1 2 26 50 29 38 30 35 55 44 25 64 0 71 12 73 72 11 48 28 61 33 67 9 40 24 27 41 20 37 74 16 47 66 63 46 42 14 21 23 39 5 70 57 15 43 54 7 36 6 53 32 65 45 18 17 4 60 75 19 3 34 59 13 8 52 22
37 10 22 13 58 60 46 32 75 28 44 8 11 47 61 41 71 64 34 66 65 19 43 49 50 73 3 0 24 20 4 39 26 23 51 2 52 18 54 27 12 35 69 59 68 5 1 38 31 55 15 42 45 30 6 29 21 57 63 56 16 70 17 67 48 40 9 74 14 72 36 53 33 7 25 62
64 60 42 74 59 27 46 72 38 54 49 21 29 70 66 33 61 13 31 11 18 68 58 53 15 65 48 51 47 22 67 9 23 20 55 36 73 62 43 56 52 6 16 45 28 17 12 8 3 5 57 71 10 34 35 32 37 1 2 44 19 14 7 75 24 39 0 50 4 26 30 41 40 25 69 63
17 12 23 39 50 2 41 54 61 67 59 37 62 20 51 13 30 28 52 21 65 1 40 36 10 24 7 63 9 18 72 71 6 75 70 44 45 53 34 15 32 5 57 35 73 22 42 68 0 11 4 19 69 74 66 8 56 3 16 55 33 48 49 31 27 26 46 38 14 29 64 25 58 60 47 43
34 24 47 71 68 51 41 58 40 46 53 45 4 60 69 5 9 22 73 48 61 3 39 50 72 32 56 64 57 38 17 27 65 28 62 23 21 8 18 59 14 74 42 55 6 54 31 12 0 26 67 75 1 33 70 66 16 2 20 63 11 19 44 15 49 7 30 29 43 13 35 10 36 37 25 52
15 13 23 2 52 40 66 35 58 19 39 7 49 60 34 10 28 51 47 57 48 70 1 0 37 36 17 5 20 65 64 69 45 42 72 25 74 11 31 32 18 29 41 61 59 63 73 75 12 68 6 4 26 54 30 21 71 46 50 55 44 14 3 62 67 24 27 33 8 16 9 43 56 22 53 38
6 1 38 12 69 30 9 63 51 8 23 43 72 34 19 2 0 56 57 62 28 33 7 58 16 64 71 60 20 61 29 53 3 41 22 39 49 36 42 4 67 17 13 54 37 47 25 48 10 45 52 68 32 65 14 26 66 70 73 5 27 35 11 24 18 75 44 50 31 55 15 21 40 59 46 74
54 48 12 66 73 32 36 68 7 6 19 3 5 71 21 65 37 9 40 53 70 16 15 30 18 50 59 74 63 22 35 67 2 62 14 43 61 31 44 20 25 47 13 49 42 26 17 51 60 1 27 33 41 39 8 75 57 29 23 0 55 46 52 28 11 58 24 56 69 45 34 4 64 72 38 10
1 66 72 65 63 58 19 13 3 17 7 8 54 2 56 6 39 71 10 61 21 14 57 49 5 34 51 30 15 26 75 46 23 33 9 73 62 69 43 48 36 4 32 74 31 60 42 38 52 47 35 45 11 44 41 20 18 64 55 67 68 59 25 27 28 22 12 50 16 70 24 53 37 0 29 40
25 17 45 19 22 27 59 12 66 8 0 38 15 42 72 71 56 68 30 20 14 64 7 53 5 73 4 50 13 61 29 46 36 31 9 24 33 18 23 47 52 35 28 70 3 37 74 11 69 2 67 65 39 55 62 54 41 6 57 51 60 32 40 43 1 10 44 75 48 34 16 63 49 26 58 21
36 1 39 40 59 71 47 23 13 62 45 49 38 15 61 34 42 64 6 19 70 35 33 55 10 8 72 16 41 22 68 7 52 29 21 53 2 54 28 63 50 9 3 30 11 58 65 51 0 75 24 66 69 25 14 18 44 37 17 31 5 74 60 46 26 4 43 12 20 67 57 56 27 73 48 32
8 62 1 22 42 71 23 65 21 47 49 52 24 28 54 25 32 61 16 3 20 39 34 46 37 51 57 36 4 6 31 14 18 48 53 75 63 66 40 27 0 68 5 17 11 38 13 33 44 41 59 10 73 45 2 67 7 60 12 58 35 29 26 55 9 74 30 15 43 72 56 69 50 64 19 70
65 50 6 59 29 71 64 30 42 4 32 14 0 66 20 45 43 49 61 23 22 37 8 44 58 75 27 52 17 2 28 36 74 18 25 53 72 7 33 60 57 16 56 39 68 73 1 40 11 46 35 9 19 48 31 69 12 34 47 51 26 5 24 55 10 21 62 3 70 63 41 54 67 38 15 13
43 15 32 20 58 47 40 75 25 11 45 10 63 61 39 6 28 59 30 1 57 3 7 21 13 67 48 24 26 2 56 27 46 52 14 60 31 42 8 64 71 4 37 69 74 62 36 0 66 22 35 68 44 34 72 23 38 51 19 17 53 18 41 5 55 73 33 9 65 54 50 12 16 70 29 49
21 39 70 57 61 10 48 38 72 17 22 29 12 18 24 15 49 50 46 64 35 43 71 16 8 58 74 6 26 55 69 23 34 75 3 62 33 37 7 31 60 5 27 11 32 2 9 53 68 45 36 67 51 66 20 4 1 0 42 52 73 14 44 19 54 41 56 59 40 28 47 13 25 65 63 30
40 28 11 25 44 49 63 57 27 46 1 17 19 0 61 12 74 54 13 29 72 58 18 9 20 71 7 75 60 39 14 6 73 51 3 10 16 70 8 64 52 69 66 26 24 2 59 21 42 35 31 32 41 67 48 5 65 43 56 50 47 30 33 15 36 45 23 62 37 34 4 68 22 53 55 38
18 5 23 53 71 13 31 24 30 62 19 0 66 46 41 67 33 54 10 59 75 60 45 63 17 22 72 7 25 15 56 61 37 73 11 74 36 65 52 8 4 58 26 50 16 57 2 28 1 55 70 39 3 29 38 40 48 47 43 69 9 51 32 6 64 12 68 20 27 49 42 34 35 14 44 21
69 27 65 48 11 8 55 73 5 40 49 33 36 16 39 26 71 24 13 67 19 56 64 4 15 68 0 6 63 23 61 45 25 28 58 50 46 2 18 57 31 47 66 30 32 21 22 75 72 41 60 62 20 42 52 9 14 10 35 37 44 43 34 38 3 29 59 70 74 17 12 7 1 51 54 53
75 61 50 7 58 67 36 10 20 9 35 68 45 54 52 11 57 60 17 13 5 3 23 59 71 0 6 74 51 19 56 2 64 28 12 62 14 16 55 66 69 39 33 37 1 47 42 53 24 34 21 29 25 63 40 70 32 43 18 27 65 31 38 48 4 22 8 46 72 30 26 49 73 15 41 44
4 12 26 9 52 61 20 22 10 14 67 44 60 65 73 31 36 49 1 47 50 59 62 37 42 66 15 72 58 8 34 55 74 75 39 17 0 70 51 53 35 64 11 38 71 23 45 24 30 13 56 63 27 19 5 69 57 2 48 7 46 68 54 18 16 6 29 33 40 28 25 3 32 41 21 43
8 75 51 69 17 42 66 32 72 60 58 53 46 40 55 6 3 56 61 65 39 27 57 9 31 34 35 23 14 26 20 64 52 54 33 38 16 11 22 43 25 10 24 74 15 5 12 48 41 13 63 67 50 19 36 71 18 2 21 28 70 4 44 37 45 1 59 73 29 0 7 30 47 49 68 62
17 40 44 59 63 55 3 0 70 2 71 68 72 21 54 4 28 56 53 7 64 9 46 34 15 67 30 48 66 11 52 16 14 35 39 23 24 29 49 43 36 27 5 33 37 19 65 73 10 31 60 57 42 25 22 41 58 13 50 51 12 18 45 69 47 38 74 32 26 20 61 8 62 1 6 75
72 10 73 47 59 68 4 63 43 30 36 5 6 24 37 54 70 66 61 57 25 65 74 53 51 12 35 58 19 15 46 7 44 21 67 75 31 22 55 29 40 18 8 64 50 56 13 26 38 14 20 27 41 9 71 23 45 16 60 42 69 17 2 62 34 52 33 32 3 1 48 49 0 28 39 11
20 22 73 64 19 69 40 18 72 29 47 36 41 9 1 53 30 34 57 24 35 71 13 4 33 61 15 58 74 23 55 42 66 52 0 60 63 17 8 59 12 39 31 26 6 28 25 38 21 62 67 45 11 48 56 32 46 16 44 49 70 68 3 10 43 51 2 75 14 27 7 65 50 54 37 5
39 25 51 71 29 0 5 58 19 2 66 68 36 41 44 53 37 10 30 27 42 59 50 52 3 69 1 6 17 12 74 11 21 54 49 43 75 13 23 8 70 45 64 18 46 28 15 33 22 20 9 63 34 57 60 65 24 40 32 67 35 7 38 61 56 72 14 73 16 4 62 47 26 31 55 48
54 24 1 30 53 7 22 43 12 73 28 21 48 72 58 5 8 55 44 56 68 34 39 62 50 57 45 19 66 51 38 2 74 25 33 41 64 36 23 0 18 15 20 70 3 37 29 13 71 49 47 59 60 26 40 69 42 4 67 14 27 52 61 46 65 16 6 17 32 9 35 11 10 75 31 63
71 19 17 22 12 27 36 73 7 42 15 40 21 41 5 60 20 43 45 25 26 32 47 64 23 37 65 61 46 57 9 52 3 14 74 11 49 29 53 16 68 69 51 28 0 44 72 4 54 55 56 34 39 6 31 59 48 67 13 58 30 50 1 62 18 24 75 66 38 10 33 35 70 63 2 8
0 65 18 25 42 69 66 24 59 30 43 28 35 75 2 72 4 26 63 6 64 74 55 29 13 37 51 48 68 19 38 11 22 41 71 62 21 56 49 15 70 23 45 50 17 1 33 14 52 9 20 67 57 3 58 46 40 36 53 31 5 7 27 16 73 39 47 34 8 54 61 44 60 10 32 12
21 59 23 45 36 31 71 22 3 20 15 47 7 61 39 73 28 60 4 48 44 46 16 55 74 6 50 10 29 56 72 51 66 34 27 41 53 70 75 8 58 24 17 5 64 0 19 2 14 68 63 49 37 43 13 33 62 57 32 1 54 11 18 12 38 25 67 52 42 26 9 40 65 69 30 35
72 48 17 39 55 31 30 59 69 7 28 13 21 49 73 56 66 38 14 54 19 57 8 37 44 25 11 15 70 1 27 74 3 47 20 67 16 33 62 26 75 41 64 45 68 2 10 12 42 5 29 35 63 18 58 34 9 52 24 4 32 46 50 36 23 60 53 71 51 22 6 40 65 0 61 43
33 64 68 63 26 8 10 75 3 48 69 22 57 56 61 12 28 65 18 23 52 31 20 66 53 5 25 72 14 71 39 59 17 70 58 7 42 6 41 54 67 60 0 74 45 15 55 9 16 27 46 73 34 30 11 13 62 1 47 35 44 51 2 43 21 37 50 40 19 24 32 38 29 36 49 4
1 63 10 53 64 61 31 12 48 26 44 32 71 66 23 34 29 46 9 56 2 74 59 65 14 36 16 51 72 17 62 33 37 0 27 6 57 45 25 73 50 7 18 41 5 68 11 54 21 49 30 28 40 22 3 39 75 19 47 42 67 38 4 24 69 60 55 8 15 58 13 43 35 70 52 20
25 29 57 31 5 43 41 48 19 49 54 11 4 30 13 68 60 6 35 27 24 36 69 10 66 37 70 62 39 15 74 38 34 46 67 23 73 1 0 56 14 72 53 50 47 17 32 9 42 45 64 7 21 61 71 18 12 3 28 58 59 20 22 44 55 52 16 26 63 40 51 65 8 75 2 33
38 42 29 31 22 54 27 46 51 10 28 56 0 60 49 34 66 4 12 68 15 6 62 72 52 57 64 67 47 48 40 44 26 33 19 17 7 35 16 30 37 14 65 23 75 32 55 70 21 43 58 69 63 45 41 50 36 39 11 20 1 8 53 18 61 73 5 71 2 59 24 13 74 25 3 9
31 46 59 8 33 32 42 53 12 1 30 61 56 62 27 73 19 47 35 71 67 64 15 55 17 25 24 69 3 38 70 57 16 72 9 48 51 49 45 2 58 0 23 52 65 54 18 34 7 50 22 26 74 68 44 60 29 10 36 13 63 39 20 66 43 75 37 41 28 11 5 4 21 6 14 40
68 16 4 49 9 18 58 66 65 23 67 60 47 3 55 13 11 59 57 26 15 24 10 51 61 29 12 62 64 32 31 27 35 25 74 39 72 50 2 43 19 69 48 41 71 45 20 73 7 34 40 30 63 22 53 70 42 54 14 52 0 1 36 33 46 56 8 38 6 28 17 21 44 75 5 37
2 70 53 61 1 33 24 68 69 18 60 63 67 22 20 30 12 23 38 52 36 56 59 46 3 4 6 0 73 47 64 21 50 14 62 7 27 72 10 29 32 45 42 19 55 15 9 39 71 16 48 13 31 57 5 49 65 51 28 34 74 8 40 17 75 35 66 54 11 44 58 25 26 37 41 43
35 67 14 59 11 64 47 36 6 37 42 73 69 27 25 68 20 26 44 16 48 58 17 19 2 3 1 55 10 7 71 65 61 31 70 22 8 40 74 15 38 4 52 32 72 21 9 23 29 49 33 34 43 60 24 39 0 56 12 5 63 57 75 46 51 50 13 28 45 66 62 54 30 18 53 41
57 73 7 54 5 61 25 53 3 14 34 69 36 20 37 28 63 68 12 33 51 13 16 29 32 35 59 65 67 42 38 62 10 43 74 6 56 72 18 26 30 9 45 50 31 48 47 27 58 8 55 19 21 75 66 1 52 0 44 71 24 64 2 39 23 15 22 4 17 41 60 40 70 49 46 11
45 0 2 52 15 55 7 41 63 16 64 27 12 49 20 33 30 57 25 40 46 13 62 42 54 50 4 11 18 75 5 14 6 68 56 39 24 31 48 34 32 29 72 47 1 73 60 22 23 51 59 37 44 26 38 66 10 71 21 35 36 8 70 19 65 67 61 53 74 3 28 43 58 17 9 69
38 25 39 23 44 72 49 56 62 67 35 19 3 27 5 11 45 64 24 7 1 37 36 65 13 50 74 42 6 61 53 33 73 70 52 22 69 40 57 60 32 16 29 55 31 15 47 43 30 66 20 63 28 0 54 2 46 48 17 34 8 68 41 75 9 12 71 51 14 4 59 10 21 58 18 26
72 23 49 45 55 24 37 15 43 7 54 66 65 17 25 1 4 62 56 63 58 60 14 13 48 68 53 70 11 61 35 46 28 50 29 73 52 38 0 27 3 32 39 22 12 64 40 34 67 74 71 42 69 51 59 2 44 20 6 31 9 36 10 21 30 26 33 57 47 5 19 16 41 8 75 18
30 39 62 51 63 32 41 36 13 0 40 33 9 1 7 23 49 75 15 56 26 12 68 35 20 34 45 48 5 3 25 14 43 65 66 59 47 64 57 28 21 74 18 8 6 22 72 52 50 69 61 4 11 31 54 2 37 71 10 29 27 16 19 53 38 55 73 46 60 67 24 70 42 58 44 17
2 49 18 19 39 46 69 70 62 21 4 32 40 6 74 12 42 33 27 53 52 1 25 65 23 72 29 38 66 67 11 50 51 44 45 35 30 5 48 34 36 63 58 9 0 71 47 3 56 22 24 75 37 54 16 41 15 64 68 55 20 14 61 28 8 59 60 43 10 7 73 13 17 31 26 57
25 22 54 2 67 43 14 56 5 36 11 70 37 23 27 65 21 17 31 66 72 33 16 1 63 13 15 58 64 71 51 73 40 55 28 32 57 3 20 61 10 47 46 74 24 62 59 6 12 39 19 29 50 26 45 0 38 53 48 9 42 75 44 68 8 35 4 60 7 41 69 30 49 18 52 34
69 32 18 7 30 48 66 16 41 20 45 63 21 26 64 50 42 44 1 59 72 51 5 73 65 70 31 38 40 14 23 13 46 71 8 6 62 47 55 24 75 10 68 15 28 0 36 54 34 57 35 29 4 19 58 49 56 25 53 11 12 9 37 74 33 2 3 60 43 52 39 17 27 22 67 61
39 41 29 5 37 73 10 57 2 59 14 74 70 33 55 46 44 50 60 47 35 69 62 0 54 71 67 48 64 15 22 30 31 34 40 72 75 8 27 38 26 11 25 1 36 53 21 65 4 16 49 61 3 12 43 19 51 23 17 45 56 20 7 9 24 42 28 13 18 58 52 32 66 6 63 68
24 48 22 27 0 5 52 16 57 31 70 32 13 25 10 50 29 62 4 2 74 38 56 41 53 51 19 44 34 9 3 6 35 59 71 39 37 40 65 8 30 67 69 1 55 23 72 73 45 15 66 11 43 21 14 47 46 33 28 7 49 17 18 75 36 26 64 54 61 12 42 63 58 20 68 60
59 13 46 50 56 25 0 12 34 48 22 20 75 37 6 16 64 11 8 19 9 44 40 73 36 74 2 4 38 30 3 5 70 17 65 47 68 60 7 33 42 66 53 15 10 31 63 1 54 55 39 27 26 57 23 69 21 43 32 62 71 35 41 49 72 51 61 18 58 52 67 14 24 45 28 29
56 17 66 45 26 65 5 53 67 23 32 68 0 7 63 4 30 29 19 12 24 15 52 58 71 37 25 46 57 27 49 36 18 75 8 10 16 72 20 35 54 62 40 55 64 51 1 59 73 42 11 60 74 22 2 69 44 13 14 48 3 28 39 34 38 41 6 9 31 43 61 70 50 47 21 33
48 25 22 44 24 34 67 26 59 61 8 36 40 74 55 69 5 50 11 42 62 54 4 21 47 12 38 7 20 9 64 16 41 71 75 3 46 70 53 19 39 35 66 52 58 14 1 6 17 49 45 18 63 51 27 28 43 30 15 10 72 31 23 32 73 0 68 33 29 37 57 2 13 56 65 60
50 6 12 7 48 74 46 68 35 55 69 53 72 20 27 59 13 60 62 64 19 9 33 51 61 29 14 45 2 3 52 25 4 44 70 5 75 16 56 47 57 63 43 38 73 40 54 37 71 67 42 31 21 30 32 36 15 26 28 11 0 66 58 34 24 23 8 49 10 17 39 18 22 1 41 65
32 26 18 20 10 63 65 27 34 61 64 9 71 41 58 31 8 75 55 24 60 66 45 33 0 50 40 54 49 11 56 38 5 59 74 29 28 25 4 57 37 47 70 46 22 7 42 48 23 72 35 39 51 44 2 12 21 30 13 52 15 62 67 19 73 17 53 1 3 43 69 16 6 68 14 36
13 71 59 64 35 7 29 31 9 25 26 39 46 68 19 10 30 54 73 0 57 17 15 24 51 56 21 67 14 3 66 4 36 60 52 2 20 47 18 22 45 65 58 55 38 12 41 49 72 53 43 6 62 44 23 50 69 74 5 8 33 40 48 1 42 28 75 32 16 63 27 11 34 70 61 37
58 75 21 9 16 69 19 27 33 71 35 52 28 51 46 25 60 72 66 48 4 32 18 64 26 67 61 41 59 1 10 44 42 34 62 54 12 30 24 8 11 29 6 49 74 55 65 53 23 13 22 56 40 45 43 47 31 17 0 38 20 14 57 15 63 68 50 7 36 37 70 3 5 39 73 2
48 0 71 60 69 18 62 56 35 7 21 1 8 29 26 50 45 16 13 20 30 58 65 14 43 47 44 73 46 52 10 38 61 5 70 49 32 53 55 12 31 68 28 40 17 74 63 25 64 75 2 51 4 41 59 27 39 11 37 19 66 34 42 54 6 9 57 67 22 72 15 23 36 24 3 33
22 25 68 33 61 43 45 36 21 12 40 8 50 34 5 73 72 48 7 38 6 30 17 59 63 44 20 2 57 28 14 27 52 74 55 18 53 64 26 62 32 19 42 9 1 54 49 41 10 0 15 4 66 16 35 29 24 67 3 11 71 65 69 58 23 13 75 47 70 39 56 51 31 60 37 46
66 23 25 29 32 48 36 9 33 8 62 6 45 15 70 37 69 47 44 41 58 43 74 73 31 4 65 50 51 71 22 59 7 42 30 56 20 18 55 39 12 75 34 14 40 2 38 1 57 46 16 35 24 21 72 60 68 67 11 5 53 61 63 49 17 19 0 28 13 10 26 27 54 64 3 52
42 0 65 39 25 28 66 70 43 64 36 18 73 58 9 74 16 4 29 32 35 75 61 50 59 19 5 72 68 41 46 31 69 45 2 10 26 49 44 12 55 37 22 11 63 57 34 24 3 60 1 33 20 23 7 53 38 71 47 14 21 17 51 27 54 48 15 30 6 56 62 40 67 13 8 52
1 28 8 21 4 23 31 70 56 19 68 43 27 18 29 46 40 62 65 33 44 12 57 2 61 53 45 15 9 25 71 58 10 22 7 54 72 60 20 17 55 24 3 0 26 38 5 69 41 50 34 67 47 37 13 51 48 75 32 66 14 64 16 36 6 59 39 11 52 73 63 49 35 74 30 42
18 51 6 40 27 35 32 61 29 75 36 49 74 69 73 48 13 59 33 46 50 56 34 58 26 53 38 21 67 43 23 10 45 16 42 9 64 17 54 28 41 31 20 37 44 25 3 47 2 60 15 62 14 7 57 22 66 55 5 65 8 12 71 72 24 39 4 1 0 11 52 19 70 68 63 30
36 37 31 48 73 3 52 43 16 28 42 62 58 70 6 18 26 19 32 68 53 75 55 2 8 41 57 9 72 54 67 39 25 4 12 34 74 40 7 63 71 69 17 59 64 50 56 45 47 10 14 20 29 60 35 33 46 51 21 30 61 66 27 11 23 0 13 44 5 49 38 1 65 15 24 22
42 69 21 29 16 15 8 73 33 63 6 3 36 57 46 66 53 4 38 22 72 52 39 41 9 31 75 64 7 70 59 40 45 74 48 25 51 20 50 56 1 32 60 0 47 65 35 27 28 23 71 18 5 55 14 19 43 44 12 61 30 54 2 34 26 68 58 11 24 13 67 37 10 49 17 62
12 69 65 72 37 42 31 67 52 7 18 73 55 24 13 58 29 23 2 0 63 62 36 54 20 4 33 22 47 75 19 28 30 44 49 1 43 41 53 40 25 68 32 66 57 10 14 16 45 3 59 74 9 11 70 15 8 46 64 38 34 48 71 17 26 5 21 51 39 35 60 50 61 27 6 56
62 49 34 61 38 60 46 44 31 55 74 63 68 29 58 13 75 20 5 66 11 16 73 26 15 25 7 64 21 56 35 14 30 1 51 47 6 9 57 37 39 45 69 8 32 3 41 2 10 17 65 53 50 52 4 23 27 59 28 18 72 12 24 40 71 67 22 48 54 42 0 70 33 36 19 43
36 7 71 46 45 8 6 40 39 26 31 58 34 52 4 57 35 22 63 50 37 48 13 21 67 65 70 28 25 69 18 68 54 15 61 55 60 56 24 20 75 66 10 38 19 74 59 47 2 51 23 3 33 14 30 16 27 12 17 44 53 62 9 43 5 29 49 0 42 32 41 73 1 72 11 64
29 15 36 13 0 44 27 72 43 67 62 55 28 70 59 49 75 51 63 58 40 9 20 6 33 23 39 61 38 7 1 30 42 25 50 32 31 74 24 11 56 53 54 69 21 18 57 68 66 5 46 37 45 41 12 8 47 52 73 2 22 4 3 48 17 60 34 10 19 64 35 26 14 65 16 71
15 8 42 60 64 17 69 32 68 43 44 30 67 26 49 25 71 34 48 65 74 6 1 5 38 63 59 10 13 22 7 75 28 9 52 61 19 2 14 16 47 73 53 29 20 31 23 70 24 58 56 21 54 46 12 72 57 40 55 36 3 27 41 18 66 50 37 0 4 39 62 51 11 33 45 35
10 67 23 2 28 39 25 20 4 42 38 7 12 29 46 45 17 34 16 31 5 1 53 51 11 63 64 72 22 41 75 59 6 40 70 33 66 50 44 13 35 30 0 37 48 52 65 36 60 58 24 15 73 21 56 43 32 26 3 19 8 61 68 27 54 71 14 9 47 49 74 18 57 55 62 69
31 33 50 43 19 9 41 66 38 61 60 45 20 7 36 62 23 11 64 42 21 14 15 51 44 37 53 68 12 48 70 34 46 1 71 55 69 59 39 6 72 3 47 8 16 54 10 27 40 28 58 29 5 25 18 17 22 52 65 67 26 57 35 30 0 63 49 4 73 13 2 74 75 32 24 56
64 19 61 58 5 1 24 10 46 30 60 18 35 28 41 32 13 74 22 38 57 9 39 6 34 59 55 15 49 36 27 45 65 20 8 62 12 70 52 48 26 0 44 2 73 25 37 3 23 56 21 14 17 47 71 4 16 72 29 54 53 67 11 66 69 50 51 43 63 75 68 33 7 42 31 40
67 11 75 46 56 6 44 55 49 40 20 60 4 59 2 36 12 25 5 26 19 35 29 39 33 52 65 18 16 61 34 22 23 32 70 13 14 66 68 31 57 17 64 7 73 48 24 28 1 42 58 62 37 8 30 3 71 38 50 0 10 69 47 53 54 41 51 74 45 43 21 72 9 15 63 27
60 67 57 39 30 58 62 37 21 28 29 16 17 35 32 70 12 63 9 40 0 41 4 66 53 31 18 5 11 65 15 72 34 68 50 74 26 44 10 8 54 7 73 1 61 46 59 19 71 42 51 2 64 49 14 75 45 69 47 23 27 25 52 24 33 38 36 48 6 22 55 3 56 13 20 43
7 29 74 66 70 33 54 52 16 43 31 42 60 9 3 63 17 45 20 27 72 10 67 15 8 61 44 64 25 6 47 12 36 68 5 35 14 22 23 26 58 32 62 46 53 48 41 11 69 51 59 19 37 34 0 75 30 18 39 4 21 28 56 40 50 49 71 13 38 57 2 24 1 55 65 73
19 29 63 43 12 10 56 20 5 44 65 24 21 8 14 25 57 1 15 17 71 26 67 34 66 48 30 72 4 53 18 49 38 40 64 62 68 51 75 23 61 35 69 7 37 52 16 41 50 58 54 32 3 27 42 22 74 6 46 28 11 33 31 9 59 47 55 13 36 45 2 39 73 70 0 60
33 16 42 67 47 19 14 61 59 6 31 30 75 37 1 74 50 72 9 51 68 24 29 10 27 28 26 21 2 38 48 73 22 69 65 0 70 53 46 41 36 45 17 43 55 35 71 64 49 54 44 56 18 3 63 20 11 34 66 7 58 8 52 62 32 23 12 57 13 25 4 5 15 40 39 60
70 30 61 24 45 43 14 51 4 65 56 27 21 12 67 32 26 25 54 74 55 48 0 28 39 49 66 64 31 13 73 42 6 69 41 63 3 16 29 11 2 37 60 57 7 22 1 10 38 18 62 59 46 52 20 23 36 33 72 68 53 19 47 44 58 9 5 8 17 71 15 35 34 40 75 50
55 69 71 68 17 65 58 33 25 59 11 44 46 34 36 43 54 56 35 40 42 3 67 75 53 74 49 64 48 9 47 20 31 1 38 0 7 16 32 72 62 6 57 63 15 70 50 12 39 10 61 22 2 23 4 29 13 45 28 73 41 30 21 14 51 8 60 26 5 37 18 24 19 66 27 52
39 55 35 11 30 27 73 75 70 21 8 18 6 17 52 3 15 42 62 26 74 23 66 2 72 33 63 36 20 13 29 47 71 43 22 68 56 25 57 34 44 10 16 38 41 0 40 51 32 49 7 59 4 48 45 12 67 61 24 53 1 28 37 60 58 65 19 9 50 54 31 5 14 46 69 64
26 39 27 7 43 66 48 10 34 68 32 30 36 73 67 23 21 44 53 69 62 59 47 70 1 8 49 15 65 74 5 16 63 3 55 18 51 20 54 45 56 37 11 42 17 4 6 9 25 71 19 13 72 50 22 58 14 40 60 28 29 0 2 57 61 46 52 64 33 35 38 41 31 24 75 12
64 67 70 62 3 41 39 24 2 30 5 6 54 47 33 29 14 65 19 60 18 26 46 63 52 17 8 34 4 20 53 1 59 15 7 66 21 31 61 44 58 74 68 27 37 11 10 45 57 42 9 75 23 12 40 50 56 71 36 0 25 73 72 13 32 28 55 51 35 48 49 43 69 22 38 16
