36 42 26 73 58 10 3 30 56 38 67 0 22 71 18 61 72 5 13 59 37 54 41 44 15 28 17 11 24 19 68 64 27 35 46 14 53 40 66 31 2 25 52 69 49 60 70 57 16 8 45 39 55 47 4 63 75 62 34 1 21 43 12 6 33 20 50 23 9 32 29 48 51 74 65 7
44 57 37 23 24 31 69 18 6 43 34 70 52 11 51 30 45 71 25 56 19 63 5 10 49 28 36 12 72 27 50 22 42 58 7 2 13 4 59 35 1 29 54 55 21 48 47 8 17 64 62 26 67 46 33 20 65 75 32 61 40 38 15 60 14 73 3 9 53 39 68 16 41 0 74 66
23 11 45 52 30 38 65 64 39 70 18 69 29 32 50 72 63 28 37 40 44 17 13 35 3 0 19 16 58 5 73 22 33 14 53 54 48 55 51 21 9 68 26 71 27 42 1 15 75 62 47 12 60 61 8 2 59 49 66 6 74 24 4 20 36 25 7 56 43 10 41 34 57 46 67 31
61 66 41 12 71 28 22 48 6 39 72 46 17 59 19 62 50 11 21 49 30 2 68 70 51 32 45 69 18 55 43 36 14 60 24 56 3 29 75 40 31 7 38 42 58 52 33 57 34 8 9 37 44 67 65 20 25 47 0 4 10 5 63 64 13 54 53 26 16 74 15 35 73 1 23 27
4 72 35 18 68 65 19 41 46 73 30 69 75 12 39 16 60 0 43 8 15 47 27 52 31 67 61 44 17 51 71 63 3 22 74 37 54 49 29 34 13 53 59 66 64 24 45 32 11 42 2 48 62 9 55 36 6 5 40 25 14 50 20 10 1 7 26 57 21 70 38 58 33 28 23 56
19 35 50 29 41 67 8 7 47 30 74 56 22 46 45 21 18 57 64 33 69 17 43 16 34 4 37 71 13 31 51 70 40 49 44 54 20 60 24 25 38 62 68 2 36 65 6 73 27 42 3 75 52 9 1 39 59 58 48 63 10 5 14 23 11 66 61 26 32 28 72 53 15 55 12 0
14 21 54 6 0 34 65 55 37 44 15 3 4 31 52 66 42 67 45 58 69 1 56 10 43 7 57 62 47 72 24 33 30 35 2 40 5 22 74 46 51 19 8 60 26 32 18 36 49 75 29 53 64 11 12 50 68 9 59 25 16 17 23 20 41 61 27 70 63 38 71 39 13 28 48 73
49 8 18 53 39 11 30 54 60 40 32 16 56 75 50 28 51 74 3 4 71 31 7 69 65 15 24 52 45 61 57 1 25 21 33 72 67 41 70 46 62 17 37 29 66 55 19 12 34 5 43 58 38 14 47 26 59 68 27 42 9 63 64 22 48 0 23 35 13 2 73 44 20 6 10 36
1 0 28 16 19 38 65 37 33 51 61 9 47 39 10 6 13 54 36 55 64 11 8 42 30 40 44 57 43 17 62 5 21 18 48 58 22 52 3 50 49 23 74 68 32 29 24 53 71 73 25 67 12 66 27 14 46 69 35 72 34 60 56 4 31 45 2 70 41 26 75 15 20 7 59 63
59 72 67 24 7 12 33 45 38 16 57 48 28 64 69 39 53 54 1 0 2 51 4 17 32 47 58 70 62 49 26 22 18 13 52 29 41 21 68 3 8 60 42 56 30 43 9 11 55 74 25 31 15 40 66 50 65 20 23 36 71 27 44 34 5 14 10 75 46 61 19 35 73 37 63 6
8 33 58 19 15 55 14 51 25 0 23 3 57 26 20 21 70 52 11 49 28 29 18 43 40 54 42 9 44 68 59 45 46 56 24 73 4 50 48 1 22 13 65 39 67 63 31 72 12 75 30 60 71 6 47 38 17 62 61 10 32 41 36 34 16 64 7 5 37 69 66 74 2 53 27 35
32 40 29 55 47 59 70 73 19 63 61 25 27 35 1 6 57 38 10 51 12 13 15 66 9 11 46 58 24 60 18 26 49 69 36 52 48 28 44 39 34 75 41 22 67 64 4 16 5 31 3 56 65 2 42 14 20 72 21 45 8 68 33 23 50 62 0 53 54 74 7 37 30 43 71 17
37 33 46 21 22 19 61 67 25 13 7 71 43 58 68 9 60 34 8 51 47 69 11 29 70 26 10 0 1 66 38 4 27 74 23 20 30 28 49 36 31 24 6 73 2 40 57 50 72 53 62 54 45 52 39 44 5 3 17 14 42 16 55 63 56 64 75 15 48 32 65 18 41 12 35 59
6 66 29 25 12 67 68 34 75 22 73 62 51 58 37 36 44 55 33 74 21 41 15 49 17 3 23 28 0 18 45 56 26 61 43 71 5 63 57 70 38 40 47 46 39 4 54 27 11 10 7 35 20 30 16 42 9 2 72 32 59 8 13 14 52 31 64 50 65 53 1 24 69 48 60 19
70 22 61 16 19 37 52 17 39 5 12 56 36 14 50 45 29 66 54 38 64 10 27 18 33 46 7 24 63 55 42 1 48 31 65 75 11 30 0 20 6 58 32 40 13 8 25 59 3 67 72 53 4 41 23 44 47 26 69 21 62 73 2 57 35 68 15 9 60 51 28 34 49 43 71 74
13 59 19 0 35 67 58 8 28 23 44 32 63 14 1 33 34 62 64 31 41 73 61 42 69 53 50 25 65 9 26 40 36 45 74 60 24 6 43 7 55 3 70 66 4 54 38 46 39 47 12 2 72 57 37 68 20 15 29 22 51 11 17 18 16 52 56 75 5 71 48 27 21 49 30 10
60 51 29 52 58 28 68 31 54 53 9 64 36 56 44 19 38 70 0 6 46 15 10 24 57 65 8 21 23 1 32 63 66 27 74 7 2 50 11 20 30 16 41 34 62 40 55 4 48 49 33 47 17 67 45 5 13 3 39 25 18 69 37 35 14 73 26 22 42 12 61 43 59 72 71 75
11 66 32 61 24 40 63 0 12 22 45 70 51 28 2 39 26 58 52 17 59 15 1 47 55 27 19 65 7 9 29 38 60 35 53 31 49 57 41 14 37 48 4 25 74 6 73 46 62 54 50 71 68 69 13 16 18 72 64 34 5 42 20 44 36 56 21 10 33 43 3 67 75 30 23 8
1 71 49 20 59 47 72 51 4 60 45 66 24 43 70 41 62 34 21 11 65 28 0 27 61 56 69 37 38 10 55 7 53 14 8 57 6 9 5 33 30 32 25 18 75 50 23 46 44 64 16 17 42 63 39 29 74 67 58 36 68 52 2 12 3 22 48 13 73 40 31 26 54 19 15 35
14 49 19 29 64 61 60 27 12 21 9 38 11 72 26 70 58 63 55 2 0 73 35 41 54 10 33 16 20 28 66 69 48 1 31 24 42 5 40 68 51 23 75 36 3 34 7 39 65 13 45 62 30 59 46 15 67 53 25 22 52 18 4 17 71 47 6 32 37 57 56 74 50 43 44 8
25 59 36 4 23 22 75 8 9 62 33 29 19 53 70 72 10 46 67 18 52 35 21 74 43 60 37 71 39 15 14 20 69 7 38 49 73 27 61 34 57 3 58 31 44 28 63 0 65 13 2 47 24 66 6 26 48 54 40 55 5 42 30 16 41 32 51 17 11 1 50 56 45 12 64 68
14 38 43 39 51 57 1 46 5 9 56 24 63 55 45 2 70 60 18 73 20 21 16 30 10 19 72 11 6 35 54 59 69 36 49 65 58 41 28 23 42 17 75 13 66 25 62 34 26 61 31 22 50 37 7 29 3 67 40 27 15 68 12 64 33 53 74 48 8 4 47 71 0 44 32 52
51 5 74 66 30 10 53 13 34 12 41 72 43 69 0 4 63 59 2 48 55 35 68 40 9 23 54 8 7 71 73 19 64 67 47 70 11 1 15 22 6 61 29 45 38 42 46 44 14 58 60 56 39 36 26 52 25 57 49 3 20 27 50 24 16 21 31 17 62 18 37 75 33 28 32 65
14 40 2 24 49 10 20 64 53 74 7 32 22 36 6 58 75 68 47 9 42 48 5 15 33 62 13 35 31 56 50 73 69 17 25 34 63 66 26 19 52 12 65 30 71 37 3 1 8 43 44 38 0 59 60 4 51 21 16 55 18 45 23 46 11 27 41 61 39 28 29 54 72 57 70 67
55 54 15 45 48 46 56 23 1 16 17 38 34 20 19 49 51 62 27 53 66 29 74 71 26 4 30 47 33 70 75 11 6 32 69 0 35 24 40 67 10 57 44 65 50 59 28 2 25 42 21 68 41 14 9 31 8 73 12 39 72 18 22 5 37 52 64 3 63 60 7 43 13 61 58 36
40 25 67 12 51 57 62 22 28 68 73 60 39 48 46 1 26 64 32 47 66 54 33 18 75 70 6 53 5 63 2 31 43 45 16 61 24 58 20 23 4 0 49 71 59 7 38 10 15 65 13 72 8 44 41 37 21 29 11 50 3 69 74 17 27 19 42 36 9 55 34 30 14 52 56 35
13 62 41 38 40 5 36 42 44 3 50 47 1 28 46 63 67 9 45 30 39 19 6 18 24 29 55 15 71 33 49 48 7 11 17 51 57 31 16 12 58 14 43 20 52 65 60 0 23 56 27 25 75 59 64 8 54 73 61 22 2 21 68 74 72 10 70 32 69 26 37 4 66 34 53 35
48 36 15 29 42 24 37 38 50 5 16 55 57 45 54 18 35 22 30 0 25 27 60 1 4 44 67 66 49 69 20 3 41 39 6 62 72 73 2 70 51 63 13 33 11 34 59 7 8 10 46 52 53 12 58 61 28 68 71 32 47 31 64 21 75 9 56 74 14 40 26 19 17 65 43 23
15 29 59 3 32 7 18 41 49 25 68 30 67 64 22 53 36 63 42 71 12 69 9 21 19 37 6 60 17 28 50 58 54 52 39 34 62 11 72 48 2 13 45 16 57 26 20 43 23 74 56 1 10 65 61 75 66 4 46 8 38 51 27 70 24 40 47 31 73 55 44 0 35 14 5 33
3 35 12 24 4 11 5 29 63 71 41 67 1 13 70 19 66 25 45 30 0 52 48 50 46 20 31 28 57 15 39 14 51 37 17 55 61 22 42 2 8 7 23 33 65 62 74 27 47 64 58 60 44 54 75 49 53 16 34 72 18 40 6 68 9 73 59 10 32 69 43 36 38 56 26 21
39 24 66 75 51 6 12 43 25 67 65 18 0 14 57 21 2 45 16 46 38 31 35 42 74 37 70 61 28 44 54 47 15 13 56 8 4 50 59 17 55 58 27 71 7 52 3 30 26 49 9 22 60 69 19 73 1 40 36 48 20 64 68 72 23 32 34 41 33 53 62 10 63 29 5 11
9 33 43 13 64 51 48 52 34 57 15 40 58 61 4 41 31 54 18 66 74 11 10 46 5 8 71 42 65 30 73 39 38 62 28 26 50 72 12 63 75 19 6 45 2 14 49 27 21 17 3 29 56 60 59 36 47 1 24 55 68 22 44 25 37 70 69 0 35 23 16 7 67 53 32 20
71 23 13 59 17 26 49 63 75 15 38 66 33 54 57 25 0 70 6 2 74 73 16 36 8 21 52 50 64 12 14 11 58 34 67 27 68 19 43 53 41 9 24 44 30 10 22 18 37 40 1 65 46 62 5 42 20 32 29 39 31 72 7 47 45 61 4 3 48 28 69 56 35 55 60 51
40 38 12 46 56 50 11 42 60 47 33 3 65 18 7 69 26 62 22 10 74 27 41 4 28 5 66 32 58 72 1 44 57 24 15 73 54 43 13 37 17 75 14 59 34 20 61 49 64 8 31 29 16 35 0 36 9 23 70 52 51 30 21 25 68 63 67 19 55 53 48 6 39 2 71 45
0 46 61 36 35 31 39 29 5 43 60 27 55 68 65 73 74 59 52 13 1 7 17 37 28 53 41 32 30 20 42 38 11 40 24 8 9 58 47 4 14 56 44 16 12 51 33 67 71 3 21 54 48 34 70 69 25 23 50 6 72 63 18 57 15 75 64 22 66 62 26 45 19 10 2 49
22 31 52 59 27 3 42 39 21 69 24 33 34 56 61 50 57 67 68 71 16 54 66 19 70 73 14 10 7 12 46 25 47 32 11 28 15 17 1 26 60 53 74 58 29 75 38 62 5 51 45 40 72 23 6 63 4 30 48 13 37 35 36 49 65 41 9 44 20 8 0 43 2 18 55 64
6 18 70 61 57 24 68 45 2 5 56 49 21 33 74 40 32 28 63 72 26 41 22 23 12 55 65 62 25 60 39 8 35 11 43 13 14 50 71 51 1 67 54 58 42 19 73 15 29 17 53 69 66 59 0 52 48 36 27 16 3 10 75 4 47 9 44 64 38 20 7 34 30 31 37 46
48 58 47 19 18 1 50 24 75 16 51 62 9 46 35 2 30 36 43 20 66 72 59 8 56 25 33 40 57 64 23 10 52 73 53 63 11 70 17 61 21 67 42 14 0 34 44 45 15 5 31 68 38 74 29 7 71 55 60 37 28 32 69 49 12 65 27 3 26 39 6 22 4 54 41 13
54 28 59 27 3 56 29 57 23 39 47 41 38 5 65 33 75 0 2 70 58 16 11 42 9 15 44 17 7 72 25 14 30 4 31 46 68 67 50 24 40 1 45 8 32 61 69 64 20 53 35 36 51 43 49 19 48 52 37 18 55 63 13 62 10 73 22 74 34 66 21 12 60 26 71 6
8 10 11 2 1 34 50 16 42 0 3 40 39 46 36 13 30 9 69 20 31 68 32 61 5 65 45 75 29 57 14 21 4 72 55 74 17 49 62 44 60 35 25 28 48 59 73 71 58 67 47 37 52 23 43 38 6 70 56 64 18 15 12 7 53 27 26 63 19 22 66 24 41 33 51 54
40 1 56 33 44 42 22 5 69 25 74 6 68 27 9 58 72 75 64 8 43 46 11 26 63 32 35 12 49 29 62 50 24 41 16 57 39 59 53 21 61 71 28 17 54 66 65 3 19 36 52 70 55 38 48 67 73 0 60 34 45 51 18 14 13 37 30 47 23 20 31 4 10 15 2 7
36 32 30 74 5 15 8 25 53 67 27 6 35 13 46 68 20 42 64 72 61 18 22 39 24 34 23 52 10 60 48 17 14 11 54 7 33 31 21 50 41 70 16 45 19 57 62 43 12 55 75 44 28 4 69 26 3 65 56 0 58 37 9 2 38 66 63 73 59 49 1 29 51 71 47 40
6 69 12 56 60 55 4 17 5 25 16 66 35 10 38 62 58 30 37 57 59 67 14 71 75 27 1 61 11 72 43 41 3 74 7 50 36 9 46 48 29 0 39 44 54 21 47 42 40 63 31 49 73 51 15 20 34 18 22 53 8 65 32 33 26 2 68 13 64 23 52 28 70 24 19 45
16 5 74 73 53 25 44 21 31 39 54 48 23 35 49 33 11 14 3 17 43 55 22 1 24 63 12 68 47 13 26 10 38 64 7 36 59 75 46 62 28 70 27 51 34 50 72 32 69 57 15 65 0 41 58 61 18 6 52 56 20 67 29 2 4 30 45 60 19 37 40 42 9 71 8 66
27 36 31 9 26 10 49 39 42 50 46 55 20 64 29 30 71 65 8 43 37 15 70 5 52 21 28 23 24 44 16 25 51 14 68 3 33 11 47 53 74 13 38 7 6 67 40 2 63 72 48 61 66 75 35 54 19 22 34 12 18 58 60 32 45 57 4 69 56 1 59 73 17 0 62 41
2 30 34 23 4 45 13 26 73 8 75 25 47 17 1 32 40 43 10 36 59 6 64 49 50 62 41 24 35 71 55 66 37 46 56 38 29 33 69 72 68 0 22 70 63 14 39 42 7 19 60 20 67 51 54 28 65 16 5 12 74 44 57 31 53 61 3 27 18 9 21 58 48 52 11 15
33 62 4 34 54 17 26 21 45 2 46 56 69 25 1 14 72 59 52 16 32 27 50 42 47 35 39 61 28 71 19 70 51 68 12 58 41 23 5 0 57 73 48 63 65 22 66 31 15 20 49 8 11 10 29 7 53 24 13 6 30 40 44 18 55 38 67 74 64 37 36 43 60 75 9 3
7 0 3 67 66 2 21 43 15 70 53 50 57 29 45 60 36 51 39 44 65 73 47 9 4 28 63 56 69 10 17 62 46 52 42 71 19 31 49 16 22 38 30 8 68 18 12 48 37 75 20 58 35 41 5 72 33 40 1 26 23 24 64 11 13 61 59 25 14 32 74 55 54 27 34 6
72 47 22 36 2 74 26 0 21 56 46 42 43 69 39 66 13 57 52 59 4 23 51 30 29 63 37 64 27 55 70 41 68 33 38 65 32 71 34 54 9 67 19 45 12 5 62 7 1 73 11 8 14 44 20 49 75 50 48 40 58 28 16 6 31 10 35 25 61 15 17 53 60 24 18 3
48 1 41 5 42 31 20 74 43 64 58 0 70 38 14 61 57 52 8 3 7 75 26 28 11 2 51 69 68 53 32 59 23 45 30 22 27 62 17 34 55 71 29 12 33 66 56 49 65 35 54 25 40 19 72 15 39 6 60 67 10 9 4 16 73 36 46 21 37 13 44 18 47 50 24 63
45 49 72 39 16 65 13 7 35 22 62 60 42 11 6 1 4 74 23 73 46 47 33 12 17 43 19 71 64 10 21 59 3 41 51 18 68 53 31 27 61 25 75 54 2 38 29 50 37 67 28 34 9 69 0 66 24 70 56 63 48 20 55 15 8 36 52 40 5 26 14 58 44 32 30 57
75 59 66 30 20 64 0 53 23 57 31 67 3 34 17 44 19 32 54 10 42 52 12 37 25 9 24 13 27 50 29 14 68 6 70 74 45 33 56 18 69 49 28 46 22 51 4 55 61 71 35 72 11 15 36 21 26 47 43 63 1 38 73 48 7 62 8 41 5 40 65 2 58 39 16 60
49 35 28 5 3 62 64 55 44 58 45 2 25 41 60 33 37 61 0 27 21 7 56 36 6 71 42 20 18 54 1 17 50 8 39 67 31 47 30 57 10 19 53 12 48 68 52 26 46 75 24 9 40 70 14 63 34 16 66 73 15 43 59 69 11 23 38 22 74 13 65 4 29 32 51 72
34 9 5 38 14 48 69 66 52 59 25 51 4 36 68 44 29 49 2 11 57 8 33 42 62 70 56 6 16 65 71 72 26 10 55 40 30 39 15 31 21 60 17 75 12 47 64 18 54 7 58 41 20 45 63 50 28 37 24 13 3 73 46 23 22 74 32 61 53 19 0 1 43 35 27 67
15 50 38 63 27 29 20 30 62 23 22 14 31 10 34 21 19 37 39 58 35 69 56 13 28 41 26 42 24 53 75 5 18 6 71 52 43 55 9 0 47 60 66 45 17 40 70 51 4 3 68 48 67 65 2 54 59 57 36 33 46 49 72 8 44 64 25 61 73 7 12 1 11 74 16 32
74 2 40 46 6 69 70 52 58 65 66 75 37 24 21 57 47 53 64 55 39 49 50 73 8 0 18 19 3 36 14 28 13 72 60 26 44 22 7 17 42 45 51 54 30 35 56 63 11 1 12 16 71 31 20 59 67 61 41 68 4 25 33 32 34 38 48 62 15 27 23 43 29 9 10 5
18 1 22 55 54 45 7 39 69 27 49 34 6 2 9 20 44 15 29 70 31 60 30 38 13 23 16 11 72 35 21 8 3 0 65 71 61 66 75 58 10 53 50 74 14 25 62 5 43 26 24 12 68 48 56 36 4 51 42 57 46 41 47 33 64 32 28 17 19 67 59 73 40 52 63 37
74 19 53 29 25 20 40 28 5 12 50 43 44 62 70 72 71 3 61 21 32 56 9 31 11 26 16 37 63 0 14 55 57 64 30 73 66 22 60 51 39 33 38 59 48 24 8 54 6 65 47 46 49 36 41 4 15 2 34 69 27 67 23 52 7 17 13 42 58 1 68 18 35 45 75 10
64 39 50 25 47 20 62 4 36 63 23 8 43 75 46 13 17 12 44 34 70 9 22 60 73 42 55 37 18 1 31 32 35 6 57 19 5 3 49 67 24 2 51 16 41 52 33 10 71 26 53 59 56 54 65 0 29 15 66 14 11 38 58 69 28 7 72 45 40 21 27 61 68 48 30 74
53 37 74 47 31 66 35 45 0 6 24 28 20 41 48 23 75 51 67 14 59 4 73 30 61 17 64 50 10 5 52 33 65 21 12 15 39 32 29 49 70 54 3 60 2 71 62 25 7 43 69 16 63 36 1 58 57 11 40 8 34 13 19 38 56 68 42 55 46 27 18 44 26 9 22 72
11 52 39 42 20 54 33 66 49 72 38 1 69 25 26 57 32 47 31 53 41 12 65 4 40 10 21 75 34 70 37 60 22 14 15 45 46 48 27 29 23 67 36 30 13 71 73 50 0 68 63 7 8 56 5 43 24 64 62 51 16 35 9 2 55 19 17 6 18 3 58 74 61 44 28 59
5 12 56 75 3 0 61 57 65 32 20 34 17 40 52 39 6 47 35 49 66 48 59 46 68 36 1 8 18 4 7 16 43 25 64 54 21 28 30 70 27 10 26 60 53 58 71 67 45 38 37 72 13 29 23 42 22 74 11 50 33 14 19 69 55 44 2 24 31 15 73 41 9 51 62 63
17 45 71 43 56 30 35 20 6 24 1 19 22 8 65 34 29 63 15 73 12 16 13 11 72 25 26 21 64 70 14 42 57 62 33 49 2 69 10 41 38 18 23 52 37 59 36 27 5 0 55 3 48 51 53 47 4 7 74 68 67 31 75 50 44 46 54 66 61 9 60 39 40 28 32 58
58 2 12 25 37 61 3 68 34 74 47 13 42 48 30 5 32 24 57 31 35 28 65 66 44 55 73 11 20 33 56 4 41 27 50 36 64 1 49 39 52 19 54 17 14 72 67 43 22 16 45 75 40 62 0 51 38 10 70 46 18 21 69 63 23 60 15 9 26 7 6 29 8 71 53 59
9 50 60 72 35 17 10 55 47 11 7 46 73 68 70 16 64 74 66 54 39 53 20 56 43 4 23 0 3 41 26 38 22 75 2 25 27 61 34 37 69 40 67 21 1 13 57 59 14 6 36 19 52 63 71 51 58 29 45 44 18 28 30 32 48 33 12 42 5 24 31 15 8 49 62 65
19 59 27 34 23 56 52 42 32 14 49 6 20 22 15 39 29 17 9 2 60 4 50 40 41 24 11 16 54 66 18 48 26 21 1 63 5 0 36 46 71 3 53 44 58 47 73 68 30 45 75 31 70 7 61 74 64 25 57 69 62 67 55 37 51 65 38 13 43 12 33 28 72 35 10 8
30 0 43 54 38 34 67 65 49 41 40 9 70 24 71 46 1 21 57 13 66 39 52 35 33 20 56 62 32 31 75 26 37 58 8 48 47 5 3 69 22 27 12 25 60 23 15 51 16 72 11 14 6 19 10 50 68 4 53 64 2 29 59 17 61 44 63 28 73 7 74 45 36 18 55 42
54 72 22 49 67 11 28 48 36 17 47 61 65 51 13 15 62 3 30 60 50 52 57 43 46 39 27 20 2 68 74 41 25 56 70 12 75 40 32 42 44 29 9 14 1 35 0 23 16 4 18 33 64 19 66 59 71 31 24 69 26 55 34 38 53 45 7 63 8 21 6 58 5 37 73 10
15 18 67 2 41 56 42 63 48 30 36 46 7 53 13 21 1 26 32 29 38 59 4 40 11 35 55 65 27 50 22 51 9 25 49 72 37 61 70 19 39 28 75 34 8 54 20 44 24 66 12 5 73 71 68 52 3 31 58 0 14 6 62 33 43 10 45 69 64 47 17 23 16 60 57 74
52 6 48 64 15 11 32 20 39 47 7 2 57 13 22 71 18 0 40 62 33 10 24 59 55 14 42 35 12 3 53 19 38 30 21 63 37 25 69 45 51 60 4 54 50 67 34 75 28 66 58 23 49 65 68 27 61 1 44 43 16 36 73 70 31 26 56 46 29 8 9 41 72 74 17 5
50 41 47 71 66 57 27 74 22 55 46 43 44 10 51 35 12 17 9 31 16 19 52 3 73 34 26 8 24 67 39 72 5 6 56 32 53 13 14 70 60 49 4 30 25 21 45 64 1 18 28 11 62 36 69 7 0 42 65 40 59 54 33 29 23 58 20 2 61 75 37 48 63 68 38 15
29 14 49 65 55 62 10 31 66 44 0 54 41 17 7 57 47 16 63 73 71 25 4 70 74 50 46 19 3 26 40 18 20 33 23 37 13 42 1 28 59 72 35 21 27 9 61 34 58 68 32 51 24 60 75 43 64 56 45 30 8 52 69 2 67 39 6 38 36 12 5 48 11 53 22 15
67 65 60 22 55 50 24 3 71 61 58 10 44 51 9 66 72 23 2 39 32 13 30 14 21 53 1 41 33 19 0 49 73 64 37 29 68 35 36 38 8 45 17 7 12 4 69 6 31 11 74 48 27 75 40 63 47 70 59 42 57 20 16 26 15 62 54 43 34 56 5 18 28 46 25 52
21 75 56 37 22 25 44 6 10 17 50 68 24 59 40 32 52 46 19 9 66 38 51 18 30 4 8 64 36 73 53 5 39 2 31 67 48 55 11 42 34 47 54 29 41 63 27 1 13 28 23 70 60 3 45 35 57 33 7 16 20 72 43 74 12 69 26 14 65 0 15 61 58 49 71 62
17 0 25 39 9 28 56 31 68 30 4 20 44 72 11 3 63 32 22 46 55 7 41 16 49 33 29 8 37 50 69 15 19 42 26 14 13 23 71 1 61 5 53 34 2 74 12 57 21 10 59 27 24 64 73 52 54 51 6 35 75 67 66 47 40 45 48 38 43 65 60 70 18 62 58 36
34 6 39 25 45 49 18 31 67 44 47 55 60 7 61 23 1 48 68 26 73 46 24 41 36 38 54 33 19 11 63 64 8 9 72 42 75 62 70 16 58 69 59 22 35 51 57 13 21 29 3 5 17 40 74 30 14 43 15 71 0 50 52 66 10 56 37 65 2 20 12 27 28 32 4 53
4 37 55 51 30 18 16 10 69 29 13 52 58 41 15 24 3 0 39 54 19 57 27 74 17 68 12 45 26 53 11 46 1 35 65 25 70 8 63 6 5 31 7 9 66 42 56 21 44 75 22 71 32 72 50 38 47 64 40 60 23 49 62 59 43 28 67 34 14 33 48 2 20 61 73 36
47 28 27 63 8 9 67 15 57 59 34 20 25 56 52 43 38 74 69 44 6 42 16 3 35 21 60 33 22 55 31 65 2 37 64 40 14 10 30 7 18 51 73 70 54 36 41 12 11 62 17 72 4 50 29 66 5 46 1 24 49 0 32 75 68 53 45 23 19 61 71 48 58 39 13 26
47 13 58 22 34 3 27 20 30 67 14 50 12 39 73 11 26 70 42 44 17 61 48 72 0 10 24 32 8 40 55 4 69 25 43 68 49 65 28 16 46 2 23 45 64 38 37 57 33 51 29 63 66 60 5 31 54 71 6 62 7 1 56 52 21 15 19 41 53 74 35 36 9 75 18 59
75 1 51 66 72 14 34 62 44 74 55 2 23 45 7 56 50 24 42 31 38 73 16 8 49 17 19 35 27 30 4 67 41 15 64 53 3 22 71 25 36 69 33 12 47 70 6 46 28 0 61 39 37 18 59 29 63 32 5 11 54 52 65 43 40 68 21 20 58 48 60 9 57 10 13 26
30 59 41 40 34 25 18 14 44 56 42 24 66 54 73 51 62 22 13 65 7 63 52 5 49 0 21 28 68 55 36 46 72 53 57 71 70 32 27 35 74 67 9 37 2 20 33 48 17 39 8 69 61 4 31 10 50 43 6 23 47 58 19 15 26 75 11 3 60 64 16 1 29 38 12 45
39 36 23 15 45 26 29 0 33 64 7 60 35 28 72 34 63 11 41 25 48 4 47 62 17 59 1 71 54 30 73 43 19 24 68 66 16 2 67 22 14 10 40 31 61 27 20 53 50 12 57 21 13 74 6 52 9 69 18 42 49 38 70 51 46 65 32 8 56 44 58 5 75 3 55 37
29 71 45 63 14 75 35 62 31 68 0 11 15 18 39 40 42 38 13 54 74 59 8 3 41 67 66 47 28 21 22 17 12 43 48 73 53 33 10 49 72 60 61 9 24 52 23 44 69 27 58 32 7 37 36 55 64 70 30 56 57 20 34 26 46 6 19 2 25 51 1 5 50 4 65 16
0 12 69 42 60 1 14 51 25 64 59 48 66 18 13 71 6 47 61 28 11 33 35 54 58 34 40 55 9 46 27 37 70 3 57 30 10 24 38 31 7 16 49 44 62 75 67 19 2 17 32 74 56 53 5 26 50 15 29 20 36 21 23 68 8 41 65 4 52 73 45 43 22 39 72 63
11 36 74 30 2 60 56 27 7 35 44 34 31 21 49 23 63 55 5 48 12 37 26 13 39 75 9 51 16 64 0 24 14 54 38 22 4 50 61 71 43 17 10 68 59 41 46 19 18 66 3 29 40 57 72 25 42 20 67 33 69 32 6 1 53 15 73 47 45 8 58 62 70 28 65 52
38 41 25 11 36 7 6 51 59 67 2 4 52 66 9 31 43 46 26 37 50 42 22 21 0 20 49 30 19 18 32 60 55 47 27 39 8 63 71 53 17 15 29 57 35 24 14 23 33 58 64 54 61 72 48 45 73 13 3 28 75 5 68 34 10 69 1 12 70 62 40 74 16 65 44 56
67 38 22 11 32 40 68 66 19 39 49 48 4 71 64 44 31 7 25 12 36 2 73 63 24 27 0 60 14 17 33 21 34 51 35 37 18 42 41 28 16 10 26 50 8 62 3 9 23 6 53 75 58 30 56 13 55 47 65 29 43 74 69 59 72 54 52 61 57 20 5 70 46 15 1 45
44 13 56 18 67 65 72 32 51 14 35 1 0 2 47 71 53 12 75 73 52 4 34 49 43 64 31 59 50 15 6 11 37 20 10 70 66 26 54 38 28 23 24 29 5 58 9 19 21 41 22 8 3 30 27 39 33 36 55 61 68 48 57 62 7 69 40 74 25 46 42 60 45 16 17 63
56 61 74 3 10 7 26 45 46 54 13 49 75 18 2 58 41 53 21 35 30 9 20 31 65 42 62 19 33 25 24 12 22 51 43 34 11 60 40 73 28 6 57 66 36 50 71 15 14 48 55 37 69 8 27 17 23 38 39 1 32 5 47 59 4 72 29 16 63 67 70 68 0 52 64 44
49 22 61 26 14 51 24 2 73 75 16 46 48 59 27 52 68 45 37 12 66 38 1 67 30 50 54 5 32 69 58 23 39 17 6 55 31 20 62 13 56 29 9 71 35 36 72 57 4 41 0 64 33 21 34 7 28 15 63 18 70 44 53 10 42 74 43 40 65 19 3 47 25 11 8 60
27 10 54 9 19 72 68 23 33 31 45 22 41 59 38 37 50 44 6 29 63 2 60 13 65 62 35 24 3 4 18 17 32 30 15 0 43 20 73 49 64 48 7 66 40 70 75 12 11 55 16 58 36 57 34 71 53 67 26 52 5 8 25 1 14 74 56 39 46 47 42 61 28 51 69 21
66 9 67 45 70 28 65 36 10 75 13 52 18 12 34 51 31 32 71 15 23 49 46 22 72 59 58 7 63 57 17 41 27 1 16 39 40 21 68 30 73 6 4 38 3 48 42 56 24 62 55 33 29 0 20 43 60 44 74 35 8 19 50 54 2 64 61 26 14 53 37 25 11 47 69 5
33 14 22 69 68 25 27 40 8 6 58 38 71 74 49 29 2 16 62 10 45 26 48 75 12 21 61 23 7 72 51 32 3 36 42 46 39 70 73 17 18 67 20 41 5 66 24 0 35 1 15 11 63 19 52 54 57 43 53 50 64 60 47 65 4 55 44 31 59 9 28 30 13 56 34 37
56 35 15 63 26 33 18 5 28 60 13 8 42 17 0 9 73 69 25 47 70 55 24 39 10 34 54 61 72 1 27 7 67 46 29 11 21 2 43 51 71 66 48 68 4 22 41 49 37 30 52 12 75 62 3 64 58 20 45 74 19 50 38 32 57 44 14 31 23 40 59 53 65 36 6 16
43 34 42 46 52 36 19 73 72 64 5 8 45 55 20 35 15 67 47 54 41 31 63 16 7 28 21 23 70 40 57 9 68 4 69 39 49 56 25 29 24 53 17 1 38 6 75 13 30 0 37 51 61 26 22 62 3 12 50 32 59 2 18 14 74 27 60 48 58 71 33 11 44 66 65 10
65 72 2 16 53 73 61 48 63 23 13 24 42 60 38 5 19 71 21 36 35 45 3 11 15 28 17 56 18 14 6 33 39 40 46 7 69 27 12 8 29 51 4 10 59 1 20 62 30 37 34 74 55 44 49 75 22 52 70 41 68 31 9 57 50 67 66 47 43 25 58 64 0 32 26 54
62 26 45 49 7 43 46 51 48 34 39 40 38 24 16 14 58 25 6 35 60 71 52 2 29 23 65 36 47 12 0 42 31 18 37 44 61 74 30 75 68 28 13 20 70 8 69 55 41 19 15 11 66 73 1 67 50 56 17 22 10 59 4 64 21 72 9 3 53 5 32 63 33 54 27 57
26 65 52 11 46 14 68 63 38 48 72 55 20 59 39 74 44 5 36 71 34 12 62 4 51 2 6 29 58 67 35 60 1 3 66 53 22 50 30 25 17 8 9 33 73 57 41 19 10 18 69 37 31 61 75 56 64 15 43 23 0 27 32 70 28 24 45 42 47 54 40 21 13 49 16 7
42 8 32 73 24 48 38 71 47 26 69 12 9 16 75 72 4 35 28 62 43 55 19 34 40 52 1 61 63 33 0 66 29 25 70 31 54 5 56 74 44 37 68 6 10 2 23 13 51 3 20 50 53 46 41 36 45 39 58 59 57 22 67 60 17 18 15 7 30 14 21 64 65 49 11 27
38 0 17 48 34 58 30 26 24 27 4 42 61 54 53 40 19 57 5 12 52 10 75 70 73 64 62 49 31 55 22 41 45 72 16 7 50 67 56 51 33 60 44 65 23 29 1 59 9 3 66 28 74 15 20 11 18 39 8 21 25 37 36 32 35 69 2 71 46 13 14 43 68 6 63 47
