42 12 61 31 47 3 62 22 51 17 41 74 46 7 54 26 45 9 60 28 40 0 63 19 53 14 58 71 52 5 59 24 37 13 69 32 39 4 55 23 36 18 38 75 44 8 57 27 34 10 68 29 43 1 56 20 35 15 70 72 33 6 67 25 48 11 65 30 50 2 64 21 49 16 66 73
50 7 62 26 47 10 60 29 51 0 61 19 46 15 55 72 45 5 58 24 41 14 63 33 40 4 59 23 53 18 52 75 37 9 64 28 39 12 68 31 36 2 69 21 44 16 57 73 42 6 70 25 38 13 56 32 43 3 71 22 35 17 34 74 48 8 65 27 49 11 66 30 54 1 67 20
47 15 61 72 42 5 53 24 51 13 60 32 46 3 62 22 41 18 44 75 40 8 58 27 45 10 63 29 52 1 59 20 39 16 54 73 37 6 69 25 36 11 55 30 38 2 57 21 43 17 68 74 34 7 70 26 35 9 56 28 33 0 67 19 48 14 64 71 49 4 65 23 50 12 66 31
47 3 61 22 42 17 51 74 41 8 62 27 46 11 55 30 40 1 60 20 45 15 58 72 53 6 63 25 52 12 59 31 39 2 69 21 37 16 36 73 38 7 64 26 44 10 57 29 43 0 68 19 34 14 70 71 35 5 56 24 33 13 67 32 48 4 65 23 50 18 49 75 54 9 66 28
42 11 61 30 47 2 62 21 51 16 53 73 46 6 54 25 41 12 60 31 40 3 63 22 45 17 58 74 52 7 59 26 37 9 55 28 39 0 68 19 36 14 69 71 44 5 57 24 34 13 70 32 38 4 56 23 43 18 35 75 33 8 67 27 48 10 65 29 50 1 64 20 49 15 66 72
50 6 61 25 47 13 62 32 51 3 55 22 41 17 46 74 45 8 60 27 40 10 63 29 53 0 58 19 52 15 59 72 37 5 69 24 39 14 64 33 36 4 57 23 38 18 44 75 42 9 68 28 43 11 56 30 35 1 70 20 34 16 71 73 48 7 65 26 49 12 66 31 54 2 67 21
47 16 61 73 42 6 55 25 51 9 62 28 46 0 54 19 40 14 60 71 41 4 58 23 45 13 63 32 52 3 59 22 39 18 37 75 36 8 69 27 38 11 64 30 44 1 57 20 43 15 68 72 34 5 70 24 35 12 56 31 33 2 67 21 48 17 50 74 49 7 65 26 53 10 66 29
47 1 62 20 42 15 61 72 51 6 60 25 46 13 54 32 41 4 58 23 45 18 40 75 53 9 63 28 52 11 59 30 39 2 55 21 37 16 69 73 36 7 68 26 44 12 57 31 38 3 70 22 34 17 43 74 35 8 56 27 33 10 67 29 48 0 64 19 49 14 65 71 50 5 66 24
42 12 61 31 47 3 62 22 51 17 41 74 46 8 55 27 45 10 60 29 40 1 63 20 53 15 58 72 52 6 59 25 37 11 69 30 39 2 64 21 36 16 38 73 44 7 57 26 34 9 68 28 43 0 56 19 35 14 70 71 33 5 67 24 48 13 65 32 50 4 66 23 49 18 54 75
50 9 61 28 47 12 62 31 51 2 55 21 46 16 54 73 41 6 60 25 40 13 63 32 45 3 58 22 52 17 59 74 37 7 64 26 39 10 68 29 36 0 69 19 44 15 57 72 42 5 70 24 38 14 56 33 43 4 71 23 35 18 34 75 48 8 65 27 49 11 66 30 53 1 67 20
47 15 62 72 42 5 61 24 51 12 60 31 46 2 54 21 41 17 45 74 40 7 58 26 53 9 63 28 52 0 59 19 39 14 55 71 37 4 69 23 36 13 68 32 44 3 57 22 38 18 34 75 43 8 70 27 35 10 56 29 33 1 67 20 48 16 64 73 49 6 65 25 50 11 66 30
47 2 61 21 42 16 55 73 51 7 62 26 46 10 54 29 40 0 60 19 41 14 58 71 45 5 63 24 52 13 59 32 39 4 69 23 37 18 36 75 38 9 64 28 44 11 57 30 43 1 68 20 34 15 70 72 35 6 56 25 33 12 67 31 48 3 65 22 50 17 49 74 53 8 66 27
42 10 61 29 47 1 60 20 51 15 53 72 46 5 62 24 44 13 58 32 41 4 63 23 40 18 45 75 52 8 59 27 37 11 54 30 39 2 55 21 36 16 69 73 38 6 57 25 34 12 68 31 43 3 56 22 35 17 70 74 33 7 67 26 48 9 65 28 50 0 64 19 49 14 66 71
50 5 61 24 47 13 62 32 51 3 55 22 41 18 46 75 45 9 60 28 40 11 63 30 53 1 58 20 52 16 59 73 37 7 69 26 39 12 64 31 36 2 57 21 38 17 44 74 42 8 68 27 43 10 56 29 35 0 70 19 34 15 71 72 48 6 65 25 49 14 66 33 54 4 67 23
47 18 42 75 51 8 55 27 41 11 61 30 46 1 62 20 40 15 60 72 44 5 58 24 45 12 63 31 52 2 59 21 39 16 54 73 37 6 69 25 36 9 64 28 38 0 57 19 43 14 68 71 34 4 70 23 35 13 56 32 33 3 67 22 48 17 50 74 49 7 65 26 53 10 66 29
47 1 62 20 42 15 61 72 51 6 60 25 46 12 54 31 41 3 58 22 45 17 40 74 53 8 63 27 52 10 59 29 39 0 55 19 37 14 69 71 36 5 68 24 44 13 57 32 38 4 70 23 34 18 43 75 35 9 56 28 33 11 67 30 48 2 64 21 49 16 65 73 50 7 66 26
42 11 61 30 47 2 62 21 51 16 55 73 46 7 54 26 41 9 60 28 40 0 63 19 45 14 58 71 52 5 59 24 37 13 69 32 39 4 64 23 36 18 38 75 44 8 57 27 34 10 68 29 43 1 56 20 35 15 70 72 33 6 67 25 48 12 65 31 50 3 66 22 49 17 53 74
50 8 61 27 47 11 60 30 51 1 55 20 46 15 62 72 44 5 58 24 41 14 63 33 40 4 59 23 45 18 52 75 37 9 54 28 39 12 64 31 36 2 69 21 38 16 57 73 42 6 68 25 43 13 56 32 35 3 70 22 34 17 71 74 48 7 65 26 49 10 66 29 53 0 67 19
47 14 62 71 42 4 61 23 51 12 60 31 46 3 54 22 41 18 45 75 40 8 58 27 53 10 63 29 52 1 59 20 39 16 55 73 37 6 69 25 36 11 68 30 44 2 57 21 38 17 34 74 43 7 70 26 35 9 56 28 33 0 67 19 48 15 64 72 49 5 65 24 50 13 66 32
47 4 55 23 42 18 51 75 41 9 61 28 46 11 62 30 40 1 60 20 44 15 58 72 45 6 63 25 52 12 59 31 39 2 54 21 37 16 69 73 36 7 64 26 38 10 57 29 43 0 68 19 34 14 70 71 35 5 56 24 33 13 67 32 48 3 65 22 50 17 49 74 53 8 66 27
42 10 62 29 47 1 60 20 51 15 61 72 46 6 54 25 45 12 58 31 41 3 63 22 40 17 53 74 52 7 59 26 37 9 55 28 39 0 68 19 36 14 69 71 44 5 57 24 34 13 70 32 38 4 56 23 43 18 35 75 33 8 67 27 48 11 65 30 50 2 64 21 49 16 66 73
50 7 61 26 47 12 62 31 51 2 55 21 41 17 46 74 45 8 60 27 40 10 63 29 53 0 58 19 52 15 59 72 37 5 69 24 39 14 64 33 36 4 57 23 38 18 44 75 42 9 68 28 43 11 56 30 35 1 70 20 34 16 71 73 48 6 65 25 49 13 66 32 54 3 67 22
47 17 42 74 51 7 61 26 41 10 62 29 46 0 54 19 40 14 60 71 45 4 58 23 53 13 63 32 52 3 59 22 39 18 37 75 36 8 69 27 38 11 55 30 44 1 57 20 43 15 68 72 34 5 70 24 35 12 56 31 33 2 67 21 48 16 64 73 49 6 65 25 50 9 66 28
47 0 62 19 42 14 61 71 51 5 60 24 46 13 54 32 41 4 58 23 45 18 40 75 53 9 63 28 52 11 59 30 39 2 55 21 37 16 69 73 36 7 68 26 44 12 57 31 38 3 70 22 34 17 43 74 35 8 56 27 33 10 67 29 48 1 64 20 49 15 65 72 50 6 66 25
42 13 55 32 47 4 61 23 51 18 41 75 46 8 62 27 44 10 60 29 40 1 63 20 45 15 58 72 52 6 59 25 37 11 54 30 39 2 64 21 36 16 69 73 38 7 57 26 34 9 68 28 43 0 56 19 35 14 70 71 33 5 67 24 48 12 65 31 50 3 66 22 49 17 53 74
50 8 62 27 47 11 60 30 51 1 61 20 46 16 55 73 45 6 58 25 41 13 63 32 40 3 59 22 53 17 52 74 37 7 64 26 39 10 68 29 36 0 69 19 44 15 57 72 42 5 70 24 38 14 56 33 43 4 71 23 35 18 34 75 48 9 65 28 49 12 66 31 54 2 67 21
47 16 61 73 42 6 53 25 51 11 62 30 46 2 54 21 40 17 60 74 41 7 58 26 45 9 63 28 52 0 59 19 39 14 55 71 37 4 69 23 36 13 68 32 44 3 57 22 38 18 34 75 43 8 70 27 35 10 56 29 33 1 67 20 48 15 64 72 49 5 65 24 50 12 66 31
47 3 61 22 42 17 51 74 41 8 62 27 46 10 55 29 40 0 60 19 45 14 58 71 53 5 63 24 52 13 59 32 39 4 69 23 37 18 36 75 38 9 64 28 44 11 57 30 43 1 68 20 34 15 70 72 35 6 56 25 33 12 67 31 48 2 65 21 50 16 49 73 54 7 66 26
42 9 62 28 47 0 60 19 51 14 61 71 46 5 54 24 45 13 58 32 41 4 63 23 40 18 53 75 52 8 59 27 37 11 55 30 39 2 68 21 36 16 69 73 44 6 57 25 34 12 70 31 38 3 56 22 43 17 35 74 33 7 67 26 48 10 65 29 50 1 64 20 49 15 66 72
50 6 55 25 47 14 61 33 51 4 62 23 41 18 46 75 44 9 60 28 40 11 63 30 45 1 58 20 52 16 59 73 37 7 54 26 39 12 64 31 36 2 69 21 38 17 57 74 42 8 68 27 43 10 56 29 35 0 70 19 34 15 71 72 48 5 65 24 49 13 66 32 53 3 67 22
47 17 42 74 51 7 61 26 41 10 62 29 46 1 55 20 40 15 60 72 45 5 58 24 53 12 63 31 52 2 59 21 39 16 37 73 36 6 69 25 38 9 64 28 44 0 57 19 43 14 68 71 34 4 70 23 35 13 56 32 33 3 67 22 48 18 50 75 49 8 65 27 54 11 66 30
47 2 61 21 42 16 53 73 51 7 62 26 46 12 54 31 40 3 60 22 41 17 58 74 45 8 63 27 52 10 59 29 39 0 55 19 37 14 69 71 36 5 68 24 44 13 57 32 38 4 70 23 34 18 43 75 35 9 56 28 33 11 67 30 48 1 64 20 49 15 65 72 50 6 66 25
42 12 61 31 47 3 62 22 51 17 41 74 46 7 54 26 45 9 60 28 40 0 63 19 53 14 58 71 52 5 59 24 37 13 69 32 39 4 55 23 36 18 38 75 44 8 57 27 34 10 68 29 43 1 56 20 35 15 70 72 33 6 67 25 48 11 65 30 50 2 64 21 49 16 66 73
50 7 62 26 47 10 60 29 51 0 61 19 46 15 55 72 45 5 58 24 41 14 63 33 40 4 59 23 53 18 52 75 37 9 64 28 39 12 68 31 36 2 69 21 44 16 57 73 42 6 70 25 38 13 56 32 43 3 71 22 35 17 34 74 48 8 65 27 49 11 66 30 54 1 67 20
47 15 62 72 42 5 61 24 51 13 60 32 46 3 54 22 41 18 45 75 40 8 58 27 53 10 63 29 52 1 59 20 39 16 55 73 37 6 69 25 36 11 68 30 44 2 57 21 38 17 34 74 43 7 70 26 35 9 56 28 33 0 67 19 48 14 64 71 49 4 65 23 50 12 66 31
47 3 61 22 42 17 51 74 41 8 62 27 46 11 55 30 40 1 60 20 45 15 58 72 53 6 63 25 52 12 59 31 39 2 69 21 37 16 36 73 38 7 64 26 44 10 57 29 43 0 68 19 34 14 70 71 35 5 56 24 33 13 67 32 48 4 65 23 50 18 49 75 54 9 66 28
42 11 61 30 47 2 62 21 51 16 53 73 46 6 54 25 41 12 60 31 40 3 63 22 45 17 58 74 52 7 59 26 37 9 55 28 39 0 68 19 36 14 69 71 44 5 57 24 34 13 70 32 38 4 56 23 43 18 35 75 33 8 67 27 48 10 65 29 50 1 64 20 49 15 66 72
50 6 61 25 47 13 62 32 51 3 55 22 41 17 46 74 45 8 60 27 40 10 63 29 53 0 58 19 52 15 59 72 37 5 69 24 39 14 64 33 36 4 57 23 38 18 44 75 42 9 68 28 43 11 56 30 35 1 70 20 34 16 71 73 48 7 65 26 49 12 66 31 54 2 67 21
47 16 61 73 42 6 55 25 51 9 62 28 46 0 54 19 40 14 60 71 41 4 58 23 45 13 63 32 52 3 59 22 39 18 37 75 36 8 69 27 38 11 64 30 44 1 57 20 43 15 68 72 34 5 70 24 35 12 56 31 33 2 67 21 48 17 50 74 49 7 65 26 53 10 66 29
47 1 61 20 42 15 53 72 51 6 60 25 46 13 62 32 41 4 58 23 44 18 40 75 45 9 63 28 52 11 59 30 39 2 54 21 37 16 69 73 36 7 55 26 38 12 57 31 43 3 68 22 34 17 70 74 35 8 56 27 33 10 67 29 48 0 64 19 49 14 65 71 50 5 66 24
42 12 61 31 47 3 62 22 51 17 41 74 46 8 55 27 45 10 60 29 40 1 63 20 53 15 58 72 52 6 59 25 37 11 69 30 39 2 64 21 36 16 38 73 44 7 57 26 34 9 68 28 43 0 56 19 35 14 70 71 33 5 67 24 48 13 65 32 50 4 66 23 49 18 54 75
50 9 61 28 47 12 62 31 51 2 55 21 46 16 54 73 41 6 60 25 40 13 63 32 45 3 58 22 52 17 59 74 37 7 64 26 39 10 68 29 36 0 69 19 44 15 57 72 42 5 70 24 38 14 56 33 43 4 71 23 35 18 34 75 48 8 65 27 49 11 66 30 53 1 67 20
47 15 62 72 42 5 61 24 51 12 60 31 46 2 54 21 41 17 45 74 40 7 58 26 53 9 63 28 52 0 59 19 39 14 55 71 37 4 69 23 36 13 68 32 44 3 57 22 38 18 34 75 43 8 70 27 35 10 56 29 33 1 67 20 48 16 64 73 49 6 65 25 50 11 66 30
47 2 61 21 42 16 55 73 51 7 62 26 46 10 54 29 40 0 60 19 41 14 58 71 45 5 63 24 52 13 59 32 39 4 69 23 37 18 36 75 38 9 64 28 44 11 57 30 43 1 68 20 34 15 70 72 35 6 56 25 33 12 67 31 48 3 65 22 50 17 49 74 53 8 66 27
42 10 61 29 47 1 60 20 51 15 53 72 46 5 62 24 44 13 58 32 41 4 63 23 40 18 45 75 52 8 59 27 37 11 54 30 39 2 55 21 36 16 69 73 38 6 57 25 34 12 68 31 43 3 56 22 35 17 70 74 33 7 67 26 48 9 65 28 50 0 64 19 49 14 66 71
50 5 61 24 47 13 62 32 51 3 55 22 41 18 46 75 45 9 60 28 40 11 63 30 53 1 58 20 52 16 59 73 37 7 69 26 39 12 64 31 36 2 57 21 38 17 44 74 42 8 68 27 43 10 56 29 35 0 70 19 34 15 71 72 48 6 65 25 49 14 66 33 54 4 67 23
47 18 42 75 51 8 55 27 41 11 61 30 46 1 62 20 40 15 60 72 44 5 58 24 45 12 63 31 52 2 59 21 39 16 54 73 37 6 69 25 36 9 64 28 38 0 57 19 43 14 68 71 34 4 70 23 35 13 56 32 33 3 67 22 48 17 50 74 49 7 65 26 53 10 66 29
47 1 62 20 42 15 61 72 51 6 60 25 46 12 54 31 41 3 58 22 45 17 40 74 53 8 63 27 52 10 59 29 39 0 55 19 37 14 69 71 36 5 68 24 44 13 57 32 38 4 70 23 34 18 43 75 35 9 56 28 33 11 67 30 48 2 64 21 49 16 65 73 50 7 66 26
42 11 61 30 47 2 62 21 51 16 41 73 46 7 55 26 45 9 60 28 40 0 63 19 53 14 58 71 52 5 59 24 37 13 69 32 39 4 64 23 36 18 38 75 44 8 57 27 34 10 68 29 43 1 56 20 35 15 70 72 33 6 67 25 48 12 65 31 50 3 66 22 49 17 54 74
50 8 61 27 47 11 60 30 51 1 55 20 46 15 62 72 44 5 58 24 41 14 63 33 40 4 59 23 45 18 52 75 37 9 54 28 39 12 64 31 36 2 69 21 38 16 57 73 42 6 68 25 43 13 56 32 35 3 70 22 34 17 71 74 48 7 65 26 49 10 66 29 53 0 67 19
47 14 62 71 42 4 61 23 51 12 60 31 46 3 54 22 41 18 45 75 40 8 58 27 53 10 63 29 52 1 59 20 39 16 55 73 37 6 69 25 36 11 68 30 44 2 57 21 38 17 34 74 43 7 70 26 35 9 56 28 33 0 67 19 48 15 64 72 49 5 65 24 50 13 66 32
47 4 55 23 42 18 51 75 41 9 61 28 46 11 62 30 40 1 60 20 44 15 58 72 45 6 63 25 52 12 59 31 39 2 54 21 37 16 69 73 36 7 64 26 38 10 57 29 43 0 68 19 34 14 70 71 35 5 56 24 33 13 67 32 48 3 65 22 50 17 49 74 53 8 66 27
42 10 62 29 47 1 60 20 51 15 61 72 46 6 54 25 45 12 58 31 41 3 63 22 40 17 53 74 52 7 59 26 37 9 55 28 39 0 68 19 36 14 69 71 44 5 57 24 34 13 70 32 38 4 56 23 43 18 35 75 33 8 67 27 48 11 65 30 50 2 64 21 49 16 66 73
50 7 61 26 47 12 62 31 51 2 55 21 46 17 54 74 41 8 60 27 40 10 63 29 45 0 58 19 52 15 59 72 37 5 69 24 39 14 64 33 36 4 57 23 38 18 44 75 42 9 68 28 43 11 56 30 35 1 70 20 34 16 71 73 48 6 65 25 49 13 66 32 53 3 67 22
47 17 42 74 51 7 61 26 41 10 62 29 46 0 54 19 40 14 60 71 45 4 58 23 53 13 63 32 52 3 59 22 39 18 37 75 36 8 69 27 38 11 55 30 44 1 57 20 43 15 68 72 34 5 70 24 35 12 56 31 33 2 67 21 48 16 64 73 49 6 65 25 50 9 66 28
47 0 62 19 42 14 61 71 51 5 60 24 46 13 54 32 41 4 58 23 45 18 40 75 53 9 63 28 52 11 59 30 39 2 55 21 37 16 69 73 36 7 68 26 44 12 57 31 38 3 70 22 34 17 43 74 35 8 56 27 33 10 67 29 48 1 64 20 49 15 65 72 50 6 66 25
42 13 55 32 47 4 61 23 51 18 41 75 46 8 62 27 44 10 60 29 40 1 63 20 45 15 58 72 52 6 59 25 37 11 54 30 39 2 64 21 36 16 69 73 38 7 57 26 34 9 68 28 43 0 56 19 35 14 70 71 33 5 67 24 48 12 65 31 50 3 66 22 49 17 53 74
50 8 62 27 47 11 60 30 51 1 61 20 46 16 55 73 45 6 58 25 41 13 63 32 40 3 59 22 53 17 52 74 37 7 64 26 39 10 68 29 36 0 69 19 44 15 57 72 42 5 70 24 38 14 56 33 43 4 71 23 35 18 34 75 48 9 65 28 49 12 66 31 54 2 67 21
47 16 61 73 42 6 53 25 51 11 62 30 46 2 54 21 40 17 60 74 41 7 58 26 45 9 63 28 52 0 59 19 39 14 55 71 37 4 69 23 36 13 68 32 44 3 57 22 38 18 34 75 43 8 70 27 35 10 56 29 33 1 67 20 48 15 64 72 49 5 65 24 50 12 66 31
47 3 61 22 42 17 51 74 41 8 62 27 46 10 54 29 40 0 60 19 45 14 58 71 53 5 63 24 52 13 59 32 39 4 69 23 37 18 36 75 38 9 55 28 44 11 57 30 43 1 68 20 34 15 70 72 35 6 56 25 33 12 67 31 48 2 64 21 49 16 65 73 50 7 66 26
42 9 62 28 47 0 60 19 51 14 61 71 46 5 54 24 45 13 58 32 41 4 63 23 40 18 53 75 52 8 59 27 37 11 55 30 39 2 68 21 36 16 69 73 44 6 57 25 34 12 70 31 38 3 56 22 43 17 35 74 33 7 67 26 48 10 65 29 50 1 64 20 49 15 66 72
50 6 61 25 47 14 62 33 51 4 55 23 41 18 46 75 45 9 60 28 40 11 63 30 53 1 58 20 52 16 59 73 37 7 69 26 39 12 64 31 36 2 57 21 38 17 44 74 42 8 68 27 43 10 56 29 35 0 70 19 34 15 71 72 48 5 65 24 49 13 66 32 54 3 67 22
47 17 42 74 51 7 61 26 41 10 62 29 46 1 55 20 40 15 60 72 45 5 58 24 53 12 63 31 52 2 59 21 39 16 37 73 36 6 69 25 38 9 64 28 44 0 57 19 43 14 68 71 34 4 70 23 35 13 56 32 33 3 67 22 48 18 50 75 49 8 65 27 54 11 66 30
47 2 61 21 42 16 53 73 51 7 62 26 46 12 54 31 40 3 60 22 41 17 58 74 45 8 63 27 52 10 59 29 39 0 55 19 37 14 69 71 36 5 68 24 44 13 57 32 38 4 70 23 34 18 43 75 35 9 56 28 33 11 67 30 48 1 64 20 49 15 65 72 50 6 66 25
42 12 61 31 47 3 62 22 51 17 41 74 46 7 54 26 45 9 60 28 40 0 63 19 53 14 58 71 52 5 59 24 37 13 69 32 39 4 55 23 36 18 38 75 44 8 57 27 34 10 68 29 43 1 56 20 35 15 70 72 33 6 67 25 48 11 65 30 50 2 64 21 49 16 66 73
50 7 62 26 47 10 60 29 51 0 61 19 46 15 55 72 45 5 58 24 41 14 63 33 40 4 59 23 53 18 52 75 37 9 64 28 39 12 68 31 36 2 69 21 44 16 57 73 42 6 70 25 38 13 56 32 43 3 71 22 35 17 34 74 48 8 65 27 49 11 66 30 54 1 67 20
47 15 61 72 42 5 53 24 51 13 60 32 46 3 62 22 41 18 44 75 40 8 58 27 45 10 63 29 52 1 59 20 39 16 54 73 37 6 69 25 36 11 55 30 38 2 57 21 43 17 68 74 34 7 70 26 35 9 56 28 33 0 67 19 48 14 64 71 49 4 65 23 50 12 66 31
47 3 61 22 42 17 51 74 41 8 62 27 46 11 55 30 40 1 60 20 45 15 58 72 53 6 63 25 52 12 59 31 39 2 69 21 37 16 36 73 38 7 64 26 44 10 57 29 43 0 68 19 34 14 70 71 35 5 56 24 33 13 67 32 48 4 65 23 50 18 49 75 54 9 66 28
42 11 61 30 47 2 62 21 51 16 53 73 46 6 54 25 41 12 60 31 40 3 63 22 45 17 58 74 52 7 59 26 37 9 55 28 39 0 68 19 36 14 69 71 44 5 57 24 34 13 70 32 38 4 56 23 43 18 35 75 33 8 67 27 48 10 65 29 50 1 64 20 49 15 66 72
50 6 61 25 47 13 62 32 51 3 55 22 41 17 46 74 45 8 60 27 40 10 63 29 53 0 58 19 52 15 59 72 37 5 69 24 39 14 64 33 36 4 57 23 38 18 44 75 42 9 68 28 43 11 56 30 35 1 70 20 34 16 71 73 48 7 65 26 49 12 66 31 54 2 67 21
47 16 61 73 42 6 55 25 51 9 62 28 46 0 54 19 40 14 60 71 41 4 58 23 45 13 63 32 52 3 59 22 39 18 37 75 36 8 69 27 38 11 64 30 44 1 57 20 43 15 68 72 34 5 70 24 35 12 56 31 33 2 67 21 48 17 50 74 49 7 65 26 53 10 66 29
47 1 61 20 42 15 53 72 51 6 60 25 46 13 62 32 41 4 58 23 44 18 40 75 45 9 63 28 52 11 59 30 39 2 54 21 37 16 69 73 36 7 55 26 38 12 57 31 43 3 68 22 34 17 70 74 35 8 56 27 33 10 67 29 48 0 64 19 49 14 65 71 50 5 66 24
42 12 61 31 47 3 62 22 51 17 41 74 46 8 55 27 45 10 60 29 40 1 63 20 53 15 58 72 52 6 59 25 37 11 69 30 39 2 64 21 36 16 38 73 44 7 57 26 34 9 68 28 43 0 56 19 35 14 70 71 33 5 67 24 48 13 65 32 50 4 66 23 49 18 54 75
50 9 61 28 47 12 62 31 51 2 55 21 46 16 54 73 41 6 60 25 40 13 63 32 45 3 58 22 52 17 59 74 37 7 64 26 39 10 68 29 36 0 69 19 44 15 57 72 42 5 70 24 38 14 56 33 43 4 71 23 35 18 34 75 48 8 65 27 49 11 66 30 53 1 67 20
47 15 62 72 42 5 61 24 51 12 60 31 46 2 54 21 41 17 45 74 40 7 58 26 53 9 63 28 52 0 59 19 39 14 55 71 37 4 69 23 36 13 68 32 44 3 57 22 38 18 34 75 43 8 70 27 35 10 56 29 33 1 67 20 48 16 64 73 49 6 65 25 50 11 66 30
47 2 61 21 42 16 51 73 41 7 62 26 46 10 55 29 40 0 60 19 45 14 58 71 53 5 63 24 52 13 59 32 39 4 69 23 37 18 36 75 38 9 64 28 44 11 57 30 43 1 68 20 34 15 70 72 35 6 56 25 33 12 67 31 48 3 65 22 50 17 49 74 54 8 66 27
42 10 61 29 47 1 60 20 51 15 53 72 46 5 62 24 44 13 58 32 41 4 63 23 40 18 45 75 52 8 59 27 37 11 54 30 39 2 55 21 36 16 69 73 38 6 57 25 34 12 68 31 43 3 56 22 35 17 70 74 33 7 67 26 48 9 65 28 50 0 64 19 49 14 66 71
50 5 61 24 47 13 62 32 51 3 55 22 41 18 46 75 45 9 60 28 40 11 63 30 53 1 58 20 52 16 59 73 37 7 69 26 39 12 64 31 36 2 57 21 38 17 44 74 42 8 68 27 43 10 56 29 35 0 70 19 34 15 71 72 48 6 65 25 49 14 66 33 54 4 67 23
47 18 42 75 51 8 55 27 41 11 61 30 46 1 62 20 40 15 60 72 44 5 58 24 45 12 63 31 52 2 59 21 39 16 54 73 37 6 69 25 36 9 64 28 38 0 57 19 43 14 68 71 34 4 70 23 35 13 56 32 33 3 67 22 48 17 50 74 49 7 65 26 53 10 66 29
47 1 62 20 42 15 61 72 51 6 60 25 46 12 54 31 41 3 58 22 45 17 40 74 53 8 63 27 52 10 59 29 39 0 55 19 37 14 69 71 36 5 68 24 44 13 57 32 38 4 70 23 34 18 43 75 35 9 56 28 33 11 67 30 48 2 64 21 49 16 65 73 50 7 66 26
42 11 61 30 47 2 62 21 51 16 55 73 46 7 54 26 41 9 60 28 40 0 63 19 45 14 58 71 52 5 59 24 37 13 69 32 39 4 64 23 36 18 38 75 44 8 57 27 34 10 68 29 43 1 56 20 35 15 70 72 33 6 67 25 48 12 65 31 50 3 66 22 49 17 53 74
50 8 62 27 47 11 60 30 51 1 61 20 46 15 55 72 45 5 58 24 41 14 63 33 40 4 59 23 53 18 52 75 37 9 64 28 39 12 68 31 36 2 69 21 44 16 57 73 42 6 70 25 38 13 56 32 43 3 71 22 35 17 34 74 48 7 65 26 49 10 66 29 54 0 67 19
47 14 62 71 42 4 61 23 51 12 60 31 46 3 54 22 41 18 45 75 40 8 58 27 53 10 63 29 52 1 59 20 39 16 55 73 37 6 69 25 36 11 68 30 44 2 57 21 38 17 34 74 43 7 70 26 35 9 56 28 33 0 67 19 48 15 64 72 49 5 65 24 50 13 66 32
47 4 55 23 42 18 51 75 41 9 61 28 46 11 62 30 40 1 60 20 44 15 58 72 45 6 63 25 52 12 59 31 39 2 54 21 37 16 69 73 36 7 64 26 38 10 57 29 43 0 68 19 34 14 70 71 35 5 56 24 33 13 67 32 48 3 65 22 50 17 49 74 53 8 66 27
42 10 62 29 47 1 60 20 51 15 61 72 46 6 54 25 45 12 58 31 41 3 63 22 40 17 53 74 52 7 59 26 37 9 55 28 39 0 68 19 36 14 69 71 44 5 57 24 34 13 70 32 38 4 56 23 43 18 35 75 33 8 67 27 48 11 65 30 50 2 64 21 49 16 66 73
50 7 61 26 47 12 62 31 51 2 55 21 46 17 54 74 41 8 60 27 40 10 63 29 45 0 58 19 52 15 59 72 37 5 69 24 39 14 64 33 36 4 57 23 38 18 44 75 42 9 68 28 43 11 56 30 35 1 70 20 34 16 71 73 48 6 65 25 49 13 66 32 53 3 67 22
47 17 42 74 51 7 61 26 41 10 62 29 46 0 54 19 40 14 60 71 45 4 58 23 53 13 63 32 52 3 59 22 39 18 37 75 36 8 69 27 38 11 55 30 44 1 57 20 43 15 68 72 34 5 70 24 35 12 56 31 33 2 67 21 48 16 64 73 49 6 65 25 50 9 66 28
47 0 62 19 42 14 61 71 51 5 60 24 46 13 54 32 41 4 58 23 45 18 40 75 53 9 63 28 52 11 59 30 39 2 55 21 37 16 69 73 36 7 68 26 44 12 57 31 38 3 70 22 34 17 43 74 35 8 56 27 33 10 67 29 48 1 64 20 49 15 65 72 50 6 66 25
42 13 61 32 47 4 62 23 51 18 41 75 46 8 55 27 45 10 60 29 40 1 63 20 53 15 58 72 52 6 59 25 37 11 69 30 39 2 64 21 36 16 38 73 44 7 57 26 34 9 68 28 43 0 56 19 35 14 70 71 33 5 67 24 48 12 65 31 50 3 66 22 49 17 54 74
50 8 62 27 47 11 60 30 51 1 61 20 46 16 55 73 45 6 58 25 41 13 63 32 40 3 59 22 53 17 52 74 37 7 64 26 39 10 68 29 36 0 69 19 44 15 57 72 42 5 70 24 38 14 56 33 43 4 71 23 35 18 34 75 48 9 65 28 49 12 66 31 54 2 67 21
47 16 61 73 42 6 53 25 51 11 62 30 46 2 54 21 40 17 60 74 41 7 58 26 45 9 63 28 52 0 59 19 39 14 55 71 37 4 69 23 36 13 68 32 44 3 57 22 38 18 34 75 43 8 70 27 35 10 56 29 33 1 67 20 48 15 64 72 49 5 65 24 50 12 66 31
47 3 61 22 42 17 51 74 41 8 62 27 46 10 54 29 40 0 60 19 45 14 58 71 53 5 63 24 52 13 59 32 39 4 69 23 37 18 36 75 38 9 55 28 44 11 57 30 43 1 68 20 34 15 70 72 35 6 56 25 33 12 67 31 48 2 64 21 49 16 65 73 50 7 66 26
42 9 62 28 47 0 60 19 51 14 61 71 46 5 54 24 45 13 58 32 41 4 63 23 40 18 53 75 52 8 59 27 37 11 55 30 39 2 68 21 36 16 69 73 44 6 57 25 34 12 70 31 38 3 56 22 43 17 35 74 33 7 67 26 48 10 65 29 50 1 64 20 49 15 66 72
50 6 61 25 47 14 62 33 51 4 55 23 41 18 46 75 45 9 60 28 40 11 63 30 52 1 58 20 53 16 59 73 37 7 64 26 39 12 68 31 44 2 69 21 38 17 57 74 42 8 70 27 43 10 56 29 35 0 71 19 36 15 67 34 48 5 65 24 49 13 66 32 54 3 72 22
47 17 42 74 51 7 61 26 41 10 62 29 46 1 55 20 40 15 60 72 45 5 58 24 53 12 63 31 52 2 59 21 39 16 37 73 36 6 69 25 38 9 64 28 44 0 57 19 43 14 68 71 34 4 70 23 35 13 56 32 33 3 67 22 48 18 50 75 49 8 65 27 54 11 66 30
47 2 61 21 42 16 53 73 51 7 62 26 46 12 54 31 40 3 60 22 41 17 58 74 45 8 63 27 52 10 59 29 39 0 55 19 37 14 69 71 36 5 68 24 44 13 57 32 38 4 70 23 34 18 43 75 35 9 56 28 33 11 67 30 48 1 64 20 49 15 65 72 50 6 66 25
42 12 61 31 47 3 62 22 51 17 41 74 46 7 54 26 45 9 60 28 40 0 63 19 53 14 58 71 52 5 59 24 37 13 69 32 39 4 55 23 36 18 38 75 44 8 57 27 34 10 68 29 43 1 56 20 35 15 70 72 33 6 67 25 48 11 65 30 50 2 64 21 49 16 66 73
50 7 62 26 47 10 60 29 51 0 61 19 46 15 55 72 45 5 58 24 41 14 63 33 40 4 59 23 53 18 52 75 37 9 64 28 39 12 68 31 36 2 69 21 44 16 57 73 42 6 70 25 38 13 56 32 43 3 71 22 35 17 34 74 48 8 65 27 49 11 66 30 54 1 67 20
47 15 61 72 42 5 53 24 51 13 60 32 46 3 62 22 41 18 44 75 40 8 58 27 45 10 63 29 52 1 59 20 39 16 54 73 37 6 69 25 36 11 55 30 38 2 57 21 43 17 68 74 34 7 70 26 35 9 56 28 33 0 67 19 48 14 64 71 49 4 65 23 50 12 66 31
47 3 61 22 42 17 51 74 41 8 62 27 46 11 55 30 40 1 60 20 45 15 58 72 53 6 63 25 52 12 59 31 39 2 69 21 37 16 36 73 38 7 64 26 44 10 57 29 43 0 68 19 34 14 70 71 35 5 56 24 33 13 67 32 48 4 65 23 50 18 49 75 54 9 66 28
