-51 -73 -11 -59 -80 -75 -33 -42 -59 -5
90 -85 2 85 -47 -14 -29 42 -32 2
-26 -16 -51 -50 74 -23 -46 -47 -74 -44
60 52 -6 34 -41 88 25 62 -2 -46
58 -34 -23 -54 -5 -68 -52 15 -21 70
-56 50 97 11 98 -78 20 17 98 52
-91 -50 49 -23 -94 -63 66 39 29 91
-82 86 43 90 -22 -62 -13 -45 5 -70
15 95 -9 -19 12 46 -98 -89 -74 -29
13 94 -83 71 -18 92 62 -69 58 -54
36 94 66 -66 -39 -97 -30 -4 70 39
-67 -19 -78 37 54 -92 84 -43 -61 -74
90 12 75 67 -84 87 -88 99 -98 89
-71 -45 78 -89 -5 34 -57 -40 97 59
72 -31 -43 37 68 -44 -24 59 82 99
8 21 -32 -7 -6 25 47 -69 14 -89
-91 13 -77 22 1 -61 -27 -59 43 -32
45 90 13 -85 21 53 -77 -37 13 58
-23 87 77 -62 -12 -74 48 -73 -34 -40
76 -7 -31 34 -19 59 19 94 -47 44
-25 -99 -10 85 -7 -70 -40 36 51 17
-1 -99 14 -72 -11 -27 -16 -81 68 -79
-41 37 -74 38 -48 -80 24 -77 63 49
89 72 0 -97 -16 -47 7 -63 -84 93
-51 -25 -11 76 23 66 -94 81 -34 22
1 83 -80 12 54 60 -27 -18 25 86
-16 -58 96 81 61 -29 34 -29 82 12
65 -61 81 51 -55 -69 -75 -95 60 14
22 -48 23 26 13 -26 -41 -10 -71 99
-10 -83 35 54 -54 79 62 -22 -90 53
8 83 62 71 -91 80 -31 -98 -31 92
64 -78 -36 90 -33 45 -53 78 77 -42
49 26 54 8 68 -6 80 51 -3 11
-83 -41 -48 0 46 -25 66 -53 -91 12
-27 -21 44 0 -47 -52 -73 34 55 -20
-91 -62 -41 -34 -6 13 -77 -49 -48 27
-14 -7 -58 -81 79 -80 38 59 8 8
98 55 1 -31 57 42 99 19 9 -87
74 77 28 76 81 -54 -94 70 -53 42
-31 22 0 96 32 72 -20 73 -10 -1
67 84 46 28 13 -7 60 -79 -18 -64
-22 62 17 34 -73 -26 69 73 -55 3
2 34 -20 -88 -82 64 28 13 87 78
-97 85 -15 -61 6 -17 21 -71 -67 12
-34 -77 69 -55 -4 -34 70 -44 -63 -78
-13 7 -50 -51 -18 51 -81 63 28 -51
64 73 -18 -42 46 -22 63 -73 30 54
4 31 86 -27 18 -57 -96 95 -49 80
-67 -59 -65 44 65 -38 85 -53 -45 93
11 -52 24 -84 1 -93 8 94 -29 51
-50 59 17 33 -63 44 -69 -23 -16 17
56 82 -70 90 76 -30 79 -27 -54 -67
69 -45 89 78 -93 -58 -66 -99 22 -87
-84 -31 -94 -41 57 -74 -92 21 -85 -23
83 -91 -72 29 70 78 -57 40 -51 7
-22 75 -9 13 -25 34 -6 53 34 -13
29 -55 -47 -19 -59 -55 -38 97 44 5
3 -99 -36 34 24 15 35 -9 90 -16
51 -20 79 -86 -73 4 -87 0 -21 65
-72 -81 -16 -96 -1 32 84 49 -2 90
-8 61 -45 -70 15 57 21 -36 -22 -19
-67 -47 -16 54 -35 79 50 -36 83 -24
-47 -33 -2 -94 99 -83 -54 -11 44 -30
-14 -9 -21 14 61 73 49 73 4 59
-37 -61 -19 84 -17 44 90 57 -71 96
84 18 66 70 -81 98 57 -2 35 -34
28 -84 -71 26 -67 -12 -86 -65 -39 -73
1 -29 -14 -28 -34 -61 33 92 3 1
60 73 50 96 -68 -99 25 56 10 -75
14 74 75 -92 -22 -13 -69 -63 -70 -55
29 9 90 68 -30 38 -20 39 89 -92
98 -85 88 -72 94 36 -49 69 44 -77
-61 53 -62 77 -7 60 77 46 79 86
-56 -3 18 -98 67 -9 4 73 -16 11
93 25 -74 45 10 -45 -86 -87 15 57
95 60 -61 -13 -54 52 -87 75 -16 81
-74 47 17 -13 -97 13 10 4 -18 -8
-51 66 23 -95 -40 1 -1 22 91 -24
80 65 -71 -54 67 -77 34 -16 89 63
54 16 4 -13 25 -54 14 42 -13 30
7 -55 -8 -35 48 45 15 -73 10 13
-76 -51 74 40 80 -71 -81 -67 2 -26
78 60 -83 -27 60 57 6 51 29 35
-90 17 -34 26 2 34 -79 -6 20 -44
-46 -45 -19 28 -49 15 -43 58 -12 75
-3 -62 -58 -50 0 -34 4 56 5 10
96 90 -97 -71 -28 84 82 -70 75 -97
69 -52 -68 11 -84 -18 97 11 19 86
-40 -93 22 96 -44 -32 82 28 -15 -54
56 -27 59 1 88 -8 50 85 92 -99
-89 -32 -41 41 16 52 -56 -89 64 79
-82 50 -87 43 -64 71 -70 -6 55 -88
32 -59 30 15 0 -9 54 -58 64 -73
45 -87 -72 -57 82 -24 86 55 66 -78
-62 15 -38 90 21 -21 -18 -58 -98 -37
-67 -36 96 93 6 -23 93 25 -63 -36
-72 -81 71 0 39 -27 77 10 -61 -41
-39 -11 -23 41 86 -11 97 -34 -77 -9
34 -55 90 -54 94 2 7 -94 48 -3
26 -91 -63 31 90 21 -16 53 73 39
