-56 59 55 12 -34 -93 -39 32 43 -72
73 -78 48 -17 25 -60 21 56 33 53
-29 -22 -57 -16 -53 -78 4 -2 -20 9
-8 26 10 -56 34 13 60 -86 47 -83
-78 20 88 94 13 52 61 58 -52 -37
48 -66 57 -50 59 -26 -14 -50 95 -52
74 -4 5 2 84 52 78 82 17 -7
-11 4 89 15 -38 -74 42 -55 10 9
-19 -50 92 -18 34 80 -31 -63 -89 96
-42 78 -93 29 72 -13 51 -6 -56 -7
-92 -80 82 50 -58 90 -98 -65 -35 -63
-3 -58 -2 12 11 -30 43 55 43 -21
30 -15 26 -58 36 -4 94 -81 55 -17
73 49 52 11 0 -81 5 -77 53 33
89 68 -52 10 -44 -35 -85 -54 78 -79
49 61 -63 -8 -92 -90 78 7 69 78
-90 88 65 73 7 87 93 25 36 98
-31 72 90 44 42 -69 -96 26 85 69
-8 59 39 98 -88 58 21 88 -5 -28
-71 58 -71 75 -2 28 -20 100 15 -45
30 86 -80 -33 16 -51 0 62 -86 34
-56 71 55 -3 -13 -36 -39 -25 -60 -30
-64 14 -58 -57 10 -4 10 15 76 95
-77 0 74 -28 71 -89 -75 12 -95 38
-48 50 24 15 78 92 -88 -56 32 -54
31 -28 43 -90 -43 -24 0 55 -5 -84
-12 -53 -81 61 76 -36 75 62 -74 -4
4 41 -34 11 96 -6 81 -40 -88 -62
11 30 76 -15 71 70 61 -14 -13 86
85 17 -95 -24 59 -22 6 37 31 -30
80 15 -46 16 65 -40 -89 66 51 63
97 84 -91 4 -94 -96 43 -75 -2 81
26 31 98 76 -51 43 -24 0 -35 -87
24 -38 65 92 -84 -20 72 43 44 28
95 -3 69 -39 57 36 44 -9 0 91
-85 -49 -94 -80 25 -76 88 87 -2 -90
31 -7 -97 -45 42 -95 33 -72 56 -89
21 65 -95 -16 67 9 -66 -45 -39 95
7 -64 -24 -32 21 -95 83 53 -30 96
82 -34 88 29 -69 70 47 87 11 -11
23 -67 97 94 76 -75 89 3 93 -28
-87 -94 22 -58 -5 8 -35 -13 31 -85
-74 23 26 -52 33 -84 0 12 52 -39
-7 85 27 -10 85 -78 29 33 46 -44
-39 -9 -71 24 76 -25 66 1 95 38
56 5 -68 93 80 -35 88 28 53 47
-8 54 55 -10 -16 69 -49 -23 -80 39
58 56 -82 -47 -71 62 94 57 61 79
31 92 -26 85 -32 -5 -48 -36 0 91
-26 64 63 96 55 35 -62 36 -32 39
19 61 -43 -81 -11 -59 -1 98 0 -84
73 -58 -19 -49 63 18 -3 -52 -44 -1
90 64 -97 -45 89 97 -46 -13 -68 49
12 72 62 -51 40 4 46 96 97 81
94 72 77 45 -18 25 -54 15 92 59
-98 68 88 -8 -73 -72 -59 24 43 -85
84 78 53 -55 -39 86 34 20 3 -97
86 88 31 83 41 -1 -30 -47 32 98
84 11 -57 78 -44 -82 7 57 82 -81
-69 -80 -58 -59 10 84 -52 -46 14 -41
-5 44 89 45 39 33 -4 49 1 66
32 47 32 48 10 10 37 -83 -88 -94
-45 -46 22 26 -7 -46 89 -74 -7 -8
-60 26 4 48 64 38 -97 47 -74 89
-96 -29 90 -26 86 -46 -7 -40 53 82
-11 -38 -75 50 -21 91 9 9 21 68
56 37 -56 35 95 29 16 86 71 -71
61 98 -97 72 84 29 -91 -93 78 4
40 69 -36 87 -93 -37 -48 65 -25 23
-9 51 94 -6 24 -11 -62 40 -96 -74
-3 51 -26 2 50 -30 -73 61 -42 27
34 -47 99 -84 28 98 -75 0 -51 -30
-86 -22 35 83 -41 -59 66 64 -3 -39
53 -47 -92 86 93 -82 99 46 13 20
-27 -39 -92 -34 0 67 -7 -35 68 73
24 48 -87 42 95 28 62 -75 45 15
-19 54 -98 48 39 -50 -6 45 76 15
-59 64 -64 -5 36 -43 -21 65 62 60
-5 2 44 32 46 13 31 -16 94 -19
98 88 -81 -13 -5 -32 -5 7 52 92
26 25 -59 35 63 -82 60 10 -95 22
-68 47 54 -69 -97 -2 6 68 70 -51
92 -48 -65 91 62 72 97 27 -55 -26
-65 91 -32 88 -11 -16 51 46 -43 32
-99 40 -34 -22 -33 19 -21 69 23 91
80 31 -61 28 -24 -77 46 -39 13 43
-9 -7 -66 -57 87 -78 -39 -93 -98 -48
-96 8 23 57 -30 84 61 -95 -66 94
-10 -60 -72 87 1 98 -41 81 -75 89
-94 -15 71 49 -4 28 -11 92 -85 -89
-80 55 -30 -87 -6 -78 70 56 40 -98
-95 59 -50 -71 -22 -76 81 -89 -91 13
-81 -42 97 46 4 90 -10 -30 25 -88
94 46 14 14 -7 65 36 -16 -36 93
-60 -40 14 -48 -90 79 27 -90 43 -83
2 15 97 94 75 32 16 -9 -67 -10
10 -3 84 -22 -5 -72 31 -56 -49 64
41 -89 51 -37 -92 41 -64 52 -62 75
-32 7 -94 12 96 -26 97 -5 -50 81
-35 -7 -97 81 -74 48 69 -49 -96 -56
