-22 -28 77 -28 -72 -28 27 -28 -28 -28
71 -28 -78 -28 21 -28 -3 -28 96 -28
-53 -28 46 -28 -41 -28 58 -28 -91 -28
8 -28 -16 -28 83 -28 -66 -28 33 -28
-32 -28 67 -28 -82 -28 17 -28 -7 -28
92 -28 -57 -28 42 -28 -44 -28 55 -28
-94 -28 5 -28 -19 -28 80 -28 -69 -28
30 -28 -25 -28 74 -28 -75 -28 24 -28
0 -28 99 -28 -50 -28 49 -28 -38 -28
61 -28 -88 -28 11 -28 -13 -28 86 -28
-63 -28 36 -28 -36 -28 63 -28 -86 -28
13 -28 -11 -28 88 -28 -61 -28 38 -28
-49 -28 50 -28 -99 -28 0 -28 -24 -28
75 -28 -74 -28 25 -28 -30 -28 69 -28
-80 -28 19 -28 -5 -28 94 -28 -55 -28
44 -28 -42 -28 57 -28 -92 -28 7 -28
-17 -28 82 -28 -67 -28 32 -28 -33 -28
66 -28 -83 -28 16 -28 -8 -28 91 -28
-58 -28 41 -28 -46 -28 53 -28 -96 -28
3 -28 -21 -28 78 -28 -71 -28 28 -28
-27 -28 72 -28 -77 -28 22 -28 -2 -28
97 -28 -52 -28 47 -28 -39 -28 60 -28
-89 -28 10 -28 -14 -28 85 -28 -64 -28
35 -28 -35 -28 64 -28 -85 -28 14 -28
-10 -28 89 -28 -60 -28 39 -28 -48 -28
51 -28 -98 -28 1 -28 -23 -28 76 -28
-73 -28 26 -28 -29 -28 70 -28 -79 -28
20 -28 -4 -28 95 -28 -54 -28 45 -28
-41 -28 58 -28 -91 -28 8 -28 -16 -28
83 -28 -66 -28 33 -28 -32 -28 67 -28
-82 -28 17 -28 -7 -28 92 -28 -57 -28
42 -28 -44 -28 55 -28 -94 -28 5 -28
-19 -28 80 -28 -69 -28 30 -28 -26 -28
73 -28 -76 -28 23 -28 -1 -28 98 -28
-51 -28 48 -28 -38 -28 61 -28 -88 -28
11 -28 -13 -28 86 -28 -63 -28 36 -28
-37 -28 62 -28 -87 -28 12 -28 -12 -28
87 -28 -62 -28 37 -28 -49 -28 50 -28
-99 -28 0 -28 -24 -28 75 -28 -74 -28
25 -28 -30 -28 69 -28 -80 -28 19 -28
-5 -28 94 -28 -55 -28 44 -28 -43 -28
56 -28 -93 -28 6 -28 -18 -28 81 -28
-68 -28 31 -28 -33 -28 66 -28 -83 -28
16 -28 -8 -28 91 -28 -58 -28 41 -28
-46 -28 53 -28 -96 -28 3 -28 -21 -28
78 -28 -71 -28 28 -28 -27 -28 72 -28
-77 -28 22 -28 -2 -28 97 -28 -52 -28
47 -28 -40 -28 59 -28 -90 -28 9 -28
-15 -28 84 -28 -65 -28 34 -28 -34 -28
65 -28 -84 -28 15 -28 -9 -28 90 -28
-59 -28 40 -28 -47 -28 52 -28 -97 -28
2 -28 -22 -28 77 -28 -72 -28 27 -28
-28 -28 71 -28 -78 -28 21 -28 -3 -28
96 -28 -53 -28 46 -28 -41 -28 58 -28
-91 -28 8 -28 -16 -28 83 -28 -66 -28
33 -28 -31 -28 68 -28 -81 -28 18 -28
-6 -28 93 -28 -56 -28 43 -28 -44 -28
55 -28 -94 -28 5 -28 -19 -28 80 -28
-69 -28 30 -28 -25 -28 74 -28 -75 -28
24 -28 0 -28 99 -28 -50 -28 49 -28
-37 -28 62 -28 -87 -28 12 -28 -12 -28
87 -28 -62 -28 37 -28 -36 -28 63 -28
-86 -28 13 -28 -11 -28 88 -28 -61 -28
38 -28 -48 -28 51 -28 -98 -28 1 -28
-23 -28 76 -28 -73 -28 26 -28 -30 -28
69 -28 -80 -28 19 -28 -5 -28 94 -28
-55 -28 44 -28 -42 -28 57 -28 -92 -28
7 -28 -17 -28 82 -28 -67 -28 32 -28
-33 -28 66 -28 -83 -28 16 -28 -8 -28
91 -28 -58 -28 41 -28 -45 -28 54 -28
-95 -28 4 -28 -20 -28 79 -28 -70 -28
29 -28 -26 -28 73 -28 -76 -28 23 -28
-1 -28 98 -28 -51 -28 48 -28 -39 -28
60 -28 -89 -28 10 -28 -14 -28 85 -28
-64 -28 35 -28 -35 -28 64 -28 -85 -28
14 -28 -10 -28 89 -28 -60 -28 39 -28
-48 -28 51 -28 -98 -28 1 -28 -23 -28
76 -28 -73 -28 26 -28 -29 -28 70 -28
-79 -28 20 -28 -4 -28 95 -28 -54 -28
45 -28 -41 -28 58 -28 -91 -28 8 -28
-16 -28 83 -28 -66 -28 33 -28 -32 -28
67 -28 -82 -28 17 -28 -7 -28 92 -28
-57 -28 42 -28 -45 -28 54 -28 -95 -28
4 -28 -20 -28 79 -28 -70 -28 29 -28
-26 -28 73 -28 -76 -28 23 -28 -1 -28
98 -28 -51 -28 48 -28 -38 -28 61 -28
-88 -28 11 -28 -13 -28 86 -28 -63 -28
36 -28 -37 -28 62 -28 -87 -28 12 -28
-12 -28 87 -28 -62 -28 37 -28 -49 -28
50 -28 -99 -28 0 -28 -24 -28 75 -28
-74 -28 25 -28 -31 -28 68 -28 -81 -28
18 -28 -6 -28 93 -28 -56 -28 43 -28
-43 -28 56 -28 -93 -28 6 -28 -18 -28
81 -28 -68 -28 31 -28 -34 -28 65 -28
-84 -28 15 -28 -9 -28 90 -28 -59 -28
40 -28 -46 -28 53 -28 -96 -28 3 -28
-21 -28 78 -28 -71 -28 28 -28 -27 -28
72 -28 -77 -28 22 -28 -2 -28 97 -28
-52 -28 47 -28 -40 -28 59 -28 -90 -28
9 -28 -15 -28 84 -28 -65 -28 34 -28
