13 30 38 23 6 22 16 25 8 42 49 14 39 29 31 3 11 26 41 20 48 2 44 24 51 45 0 32 12 27 15 40 21 47 17 43 50 7 5 33 4 1 19 28 18 34 35 37 36 46 10 9
22 6 35 13 8 0 38 36 25 46 31 16 9 10 41 51 3 18 47 2 49 34 27 29 48 42 24 19 7 37 40 32 45 4 30 21 20 15 26 39 11 50 44 43 12 5 28 17 33 1 23 14
47 40 6 44 23 1 14 34 51 17 35 7 33 38 20 15 22 31 4 42 18 36 2 48 26 45 28 3 16 37 8 25 46 27 21 0 19 43 11 13 50 32 30 29 5 49 10 24 9 39 41 12
49 8 13 22 11 3 45 25 47 35 18 15 12 2 23 21 33 7 26 28 44 48 30 40 50 14 32 29 4 6 46 10 43 31 9 42 19 17 24 0 41 1 5 51 27 34 16 20 36 37 38 39
38 15 0 29 36 41 30 20 27 43 21 49 50 11 17 28 14 8 3 47 23 16 12 4 51 19 1 2 33 25 9 18 22 31 39 26 35 6 42 32 44 7 5 34 46 24 48 13 45 40 37 10
6 0 16 20 28 47 48 4 35 3 14 18 9 45 19 11 24 38 41 23 42 49 15 22 50 31 43 32 33 30 2 8 40 17 12 44 51 25 1 34 27 13 10 37 36 39 5 46 21 7 26 29
50 38 36 33 1 9 28 7 17 34 49 22 35 4 11 13 30 18 46 14 8 48 44 47 21 42 26 20 29 24 31 45 6 2 5 12 10 0 37 32 41 39 3 23 43 16 19 25 40 15 27 51
26 3 19 31 11 32 45 16 6 5 43 33 38 22 47 18 20 25 24 39 51 12 23 21 46 17 35 30 49 48 8 40 29 2 37 36 0 1 34 14 44 41 27 4 7 10 9 42 50 13 15 28
6 4 30 18 26 41 46 33 34 28 25 21 2 49 9 35 22 39 1 29 51 20 11 0 12 14 38 32 7 47 48 16 31 10 40 19 37 3 42 24 15 44 23 45 8 50 43 17 5 13 36 27
33 26 48 19 36 51 40 5 8 37 28 31 21 34 2 39 30 41 17 42 0 35 3 47 7 10 32 6 12 22 16 9 38 50 4 25 11 49 20 43 1 13 27 46 45 44 15 24 23 14 18 29
26 30 20 32 48 49 16 11 38 33 31 27 7 40 36 18 24 4 6 35 3 12 1 19 44 39 21 23 13 9 0 46 51 25 10 43 14 22 37 17 5 47 45 50 41 34 42 28 8 15 2 29
46 47 16 45 19 7 40 0 13 41 33 17 37 27 42 28 26 34 25 1 3 48 11 49 51 30 8 5 43 44 14 38 6 2 4 18 36 23 32 9 35 50 22 21 15 10 12 31 39 20 29 24
8 0 46 7 34 43 50 40 51 20 23 21 1 47 41 26 16 9 22 11 6 32 4 13 28 35 17 42 48 25 49 14 45 33 15 19 5 38 2 36 10 27 12 18 24 44 3 37 31 30 29 39
21 25 50 36 7 2 46 9 34 28 14 29 5 43 11 38 3 44 23 39 4 51 22 6 49 18 24 20 26 13 48 37 40 15 27 12 17 8 45 41 31 32 35 33 0 30 19 16 10 42 1 47
13 34 43 25 39 18 14 17 36 15 45 23 51 42 33 3 1 7 24 47 4 19 9 46 21 28 12 0 40 16 5 29 2 27 35 20 26 30 6 32 41 37 31 44 10 11 8 48 22 49 50 38
18 19 7 38 28 50 34 37 10 2 9 27 32 46 40 0 17 20 39 13 21 24 33 26 3 14 41 43 48 31 6 23 8 45 25 35 4 47 1 36 42 51 12 29 16 44 11 30 15 5 49 22
42 7 4 21 6 11 1 38 13 40 31 33 10 17 12 36 24 35 16 15 49 41 23 37 29 27 25 39 28 51 2 47 43 3 5 9 50 45 46 18 8 19 22 34 20 48 30 32 0 44 26 14
22 1 16 17 30 32 39 27 46 26 15 23 14 10 29 42 38 25 7 33 48 43 18 31 47 51 28 37 41 36 12 11 34 5 21 6 8 3 20 19 24 9 0 50 44 13 40 49 45 35 4 2
43 1 30 44 24 27 2 35 16 4 28 8 49 20 12 17 31 26 45 14 21 0 51 11 32 9 46 39 47 40 15 23 48 50 19 36 22 41 6 38 3 7 34 33 42 18 5 25 10 13 37 29
43 18 42 23 12 21 15 40 2 9 8 28 47 20 6 45 11 13 3 37 19 10 51 46 49 44 48 7 50 22 35 16 27 38 17 29 0 5 33 4 14 41 25 31 36 1 26 34 24 30 32 39
33 50 6 1 28 24 40 4 46 49 8 15 26 2 25 51 36 20 7 17 41 42 34 21 35 14 47 38 43 32 45 23 29 39 10 5 3 16 19 11 22 27 9 31 48 12 0 44 37 30 18 13
46 29 1 5 35 0 10 38 4 51 17 31 24 11 27 33 22 7 42 12 6 40 43 8 16 14 25 44 18 47 37 34 20 3 39 48 30 23 36 15 49 45 2 26 19 41 50 21 32 9 28 13
21 40 5 14 31 13 16 4 2 51 27 30 50 22 18 42 26 15 6 19 37 29 28 49 39 47 33 23 1 46 24 10 34 48 7 43 3 44 35 41 11 45 12 0 32 38 25 8 9 36 17 20
38 29 32 31 34 45 1 17 43 6 5 48 39 36 0 35 49 20 22 28 33 21 8 11 10 4 9 16 3 2 25 12 24 27 40 30 50 13 47 46 18 41 37 26 44 7 51 19 42 14 15 23
5 8 25 31 47 1 16 21 20 39 35 42 13 38 7 4 9 51 34 22 40 28 14 45 49 0 17 41 37 24 33 23 18 15 46 27 10 12 48 3 6 43 36 30 19 44 32 2 11 29 50 26
27 45 34 32 50 37 20 17 51 38 44 49 15 26 29 14 4 35 19 46 31 7 25 43 10 36 39 12 16 6 23 2 5 33 3 28 21 48 13 0 18 1 8 42 11 40 9 47 30 41 24 22
45 26 38 51 29 20 18 25 27 5 33 41 16 4 47 48 7 24 31 32 36 46 11 40 34 1 42 10 8 43 14 15 37 2 44 50 39 49 3 9 13 12 0 19 21 30 22 6 35 23 28 17
31 20 21 38 1 23 27 15 12 30 25 44 34 39 33 11 6 42 29 18 49 51 14 32 50 9 22 19 36 13 2 46 16 40 35 10 0 5 17 41 8 28 24 7 37 26 48 43 45 4 47 3
26 16 32 33 49 11 37 13 15 5 40 24 0 6 22 36 35 1 21 41 45 18 23 34 30 4 28 31 47 20 3 43 7 19 2 10 39 27 44 29 46 17 8 42 12 50 9 14 51 25 38 48
25 5 28 35 50 20 41 26 2 37 29 21 15 45 33 31 7 12 0 6 39 4 19 16 8 47 1 51 27 32 44 22 30 43 11 40 36 46 24 13 49 48 17 42 23 38 18 34 14 9 10 3
51 43 35 16 12 34 0 6 10 45 2 29 30 26 23 24 44 48 17 38 47 13 40 8 39 3 27 9 28 36 33 41 14 20 25 15 18 5 49 50 7 46 19 22 32 42 31 21 4 11 1 37
51 20 36 15 1 47 13 27 10 14 50 46 6 3 39 38 7 9 26 45 44 49 29 41 43 28 11 42 40 21 16 32 18 12 48 31 25 34 2 0 24 37 19 17 30 8 5 23 35 4 33 22
24 12 33 29 10 21 35 3 26 48 28 36 27 51 6 15 11 7 9 17 38 2 32 43 20 8 25 0 5 34 44 41 50 13 4 19 42 16 23 47 31 22 1 45 14 30 18 37 39 46 40 49
30 28 0 24 25 22 38 43 46 32 3 45 42 2 12 4 1 18 49 19 14 26 16 51 5 6 40 8 41 34 20 10 23 35 29 21 13 50 44 11 7 27 36 39 37 33 31 17 15 9 47 48
16 51 1 29 13 6 40 50 35 9 23 8 44 32 42 39 22 18 36 30 47 43 3 2 0 24 49 34 25 33 41 20 4 11 28 10 38 48 15 26 19 5 37 12 31 7 45 21 17 46 27 14
49 19 18 36 38 13 8 46 41 3 12 11 17 20 22 32 50 44 21 42 0 30 31 9 16 7 51 48 39 40 25 23 37 1 15 33 35 43 45 4 34 29 14 5 2 10 28 26 24 6 47 27
15 9 33 49 31 30 51 12 6 27 32 28 8 7 42 2 0 10 13 16 24 40 37 47 46 3 50 36 43 29 48 35 38 17 34 39 5 1 11 45 19 26 22 25 21 44 20 14 18 41 23 4
21 11 41 35 27 33 3 39 25 32 49 50 2 19 38 31 29 24 16 14 5 48 43 12 4 34 6 17 36 42 9 44 51 20 1 22 30 13 7 23 10 8 18 45 46 26 47 37 0 15 28 40
22 36 6 39 0 21 45 47 43 19 51 29 40 31 38 42 11 4 46 49 30 23 48 50 17 33 37 15 3 35 16 8 7 32 24 41 27 20 14 5 12 2 28 9 25 34 26 10 13 1 44 18
11 5 42 13 26 39 8 23 49 19 44 18 21 6 51 24 12 46 34 33 47 3 1 15 16 10 0 38 29 41 35 22 2 37 20 7 50 48 32 14 45 30 36 31 27 9 17 25 28 4 43 40
45 8 31 50 10 41 44 43 1 17 34 24 0 29 48 9 30 12 40 6 3 18 4 15 51 26 5 21 22 39 11 38 16 27 42 47 36 23 28 2 49 46 14 19 13 33 20 25 37 7 35 32
49 7 44 12 27 19 5 50 48 21 11 15 18 47 23 42 8 16 26 0 39 37 34 32 35 46 10 17 51 36 33 31 40 45 25 22 1 2 14 4 29 13 24 6 43 9 28 3 41 20 38 30
7 49 5 2 40 25 45 24 10 47 3 17 0 51 29 14 16 9 21 1 27 38 36 26 8 19 4 41 42 34 20 15 28 23 46 11 18 22 44 12 31 30 43 32 13 35 33 6 50 39 37 48
19 3 42 15 32 0 37 49 28 47 44 20 9 24 5 27 22 41 2 30 13 43 35 7 40 51 10 39 1 14 26 46 36 16 50 38 23 25 6 33 11 34 4 18 12 21 8 45 29 48 17 31
49 25 37 34 43 28 19 48 17 41 18 0 23 51 36 46 38 13 9 33 11 50 44 26 47 42 21 12 16 39 22 10 20 29 32 4 5 27 6 35 45 8 1 30 24 7 2 15 40 3 14 31
10 40 38 26 7 16 13 34 27 2 46 41 0 50 30 23 15 51 1 45 18 3 47 4 48 25 11 22 20 42 12 24 21 29 37 9 43 49 35 32 28 44 39 6 5 19 31 33 17 8 14 36
50 31 0 20 21 16 34 14 9 22 29 41 45 4 8 44 38 6 10 26 33 42 2 35 39 17 43 27 28 48 46 37 51 19 12 49 7 32 36 30 18 24 11 25 1 3 40 23 5 15 13 47
34 48 7 3 35 31 10 33 36 37 22 51 13 4 21 39 19 20 16 46 2 41 45 9 49 38 44 12 5 27 28 18 30 11 14 40 8 29 42 15 17 23 1 32 43 26 24 47 6 0 25 50
44 33 4 18 5 35 13 40 15 23 39 24 43 37 26 36 14 8 22 47 27 50 51 30 45 34 16 9 42 17 0 6 7 20 10 2 19 49 3 1 31 11 41 46 29 48 28 32 38 25 12 21
32 48 47 2 45 43 24 22 36 26 18 42 7 10 31 1 30 3 13 12 11 27 34 15 20 33 40 28 39 37 0 9 41 38 35 17 51 25 23 5 19 14 8 6 4 21 46 29 50 44 16 49
3 18 43 0 39 26 21 4 19 5 12 50 42 49 40 41 27 35 36 6 45 10 7 38 16 11 24 32 46 2 22 47 34 37 30 48 15 14 44 28 1 9 33 13 17 51 8 29 25 23 20 31
45 44 0 20 29 51 28 14 37 22 40 15 24 6 8 48 36 21 17 39 10 41 43 35 13 26 42 30 1 2 46 19 4 38 34 32 49 11 5 18 50 23 33 31 12 27 9 25 47 3 16 7
28 40 37 41 21 8 48 31 19 33 45 22 14 4 17 16 23 2 24 25 50 42 0 11 6 39 30 49 29 12 9 46 10 26 5 32 38 3 7 51 27 15 20 44 47 18 34 35 36 13 43 1
43 16 5 10 24 29 23 19 44 17 14 22 48 46 34 28 35 18 36 25 9 21 41 3 30 49 0 40 45 6 8 11 42 39 13 47 51 27 20 38 32 7 15 12 37 31 26 33 4 50 2 1
5 9 48 11 42 12 41 8 7 32 2 17 21 36 28 10 4 0 29 1 34 33 20 49 35 30 44 13 45 6 47 26 24 46 38 51 23 22 37 15 50 3 19 39 31 27 25 18 43 14 40 16
18 47 8 46 43 45 29 21 20 40 0 26 28 2 44 39 25 6 30 35 41 27 16 12 42 19 33 4 50 1 23 34 32 36 38 37 51 15 5 10 17 11 3 31 13 7 48 22 24 49 9 14
15 36 18 23 42 29 37 1 25 16 24 40 41 28 26 3 11 33 38 51 6 35 20 39 2 19 17 13 34 44 27 8 50 30 22 10 43 12 32 46 31 49 9 14 0 47 21 48 4 7 5 45
22 23 7 30 26 46 50 6 28 14 29 27 3 51 36 13 10 18 24 12 25 34 16 45 44 43 38 41 42 32 4 21 48 17 39 11 33 2 19 9 20 1 31 5 35 15 8 49 37 0 47 40
28 32 13 41 24 0 11 36 23 22 27 31 39 4 21 5 40 37 18 49 20 35 46 19 38 51 34 9 15 17 10 1 30 12 50 42 48 47 43 7 6 44 25 26 8 33 14 45 2 29 16 3
17 49 32 7 45 23 4 22 6 18 11 20 42 27 51 15 25 21 3 44 28 2 30 35 50 8 24 40 10 48 19 9 47 1 33 46 38 29 0 36 43 16 14 13 5 31 37 34 41 12 26 39
12 49 46 23 32 5 26 41 19 38 17 3 34 8 37 43 51 15 42 33 45 10 4 22 30 50 27 1 9 35 40 39 25 16 6 36 21 2 44 31 48 28 47 29 0 20 7 13 14 24 18 11
44 29 51 1 25 37 47 40 4 34 2 43 13 46 41 0 24 16 12 28 15 8 48 50 3 38 31 23 33 35 9 39 27 18 17 7 30 22 6 20 42 49 5 11 19 32 36 26 45 21 10 14
32 6 19 37 16 10 1 33 26 27 44 38 34 17 12 51 14 24 41 35 18 43 13 7 49 15 25 46 48 21 8 47 28 5 42 11 2 3 23 0 9 31 36 30 20 50 22 40 39 45 4 29
30 34 26 9 27 51 20 47 10 31 37 8 39 44 17 16 21 13 15 11 35 33 14 1 4 19 22 2 49 7 36 29 32 25 42 12 28 5 46 43 3 23 45 38 6 41 18 48 50 0 24 40
37 24 23 25 1 2 31 21 35 51 49 40 50 29 17 19 48 12 38 30 39 22 5 43 6 9 8 44 13 14 18 11 34 26 32 15 3 45 33 28 27 16 20 7 41 36 10 46 4 47 0 42
14 34 31 26 27 24 37 35 6 17 49 44 20 13 39 36 7 43 47 18 12 50 51 16 30 41 42 38 1 40 11 2 46 15 21 29 45 22 23 10 33 48 19 5 8 9 25 28 4 3 32 0
37 47 48 50 40 46 5 45 16 9 39 10 29 15 27 35 6 41 22 19 0 38 24 43 26 2 33 18 42 13 3 7 21 49 23 36 30 1 17 28 25 32 44 12 20 14 8 11 31 34 51 4
6 41 22 38 32 20 10 49 31 3 13 30 19 17 47 23 26 29 12 45 44 43 21 40 39 8 35 18 2 16 24 27 33 36 5 25 50 28 0 7 9 14 51 42 11 4 15 1 37 48 34 46
11 5 14 39 50 26 29 13 32 44 33 16 42 43 9 45 21 24 8 2 15 41 37 0 19 27 7 18 12 30 3 31 28 4 25 46 10 35 23 6 47 38 20 36 34 48 40 51 1 49 22 17
29 8 48 4 10 51 2 49 17 41 36 45 30 46 38 28 27 34 5 26 21 33 47 24 13 12 14 3 44 42 50 25 15 23 43 20 22 31 18 6 35 9 11 32 19 7 39 16 1 37 40 0
0 30 6 1 44 29 10 38 41 40 8 24 18 46 9 33 22 34 19 39 43 11 49 25 51 12 35 14 36 42 50 32 21 23 5 7 31 4 45 17 27 28 3 47 20 2 13 37 48 26 16 15
25 40 29 17 5 51 50 28 26 6 39 21 23 48 33 38 27 46 18 12 43 49 15 24 35 13 41 3 45 11 32 20 9 16 44 34 1 10 22 31 19 14 8 47 0 42 30 2 4 37 36 7
36 6 20 34 12 13 19 10 14 33 22 30 16 38 2 4 45 50 26 17 28 43 0 27 23 37 15 31 11 1 41 48 42 51 32 47 3 24 18 5 44 8 25 49 9 39 46 29 21 7 40 35
24 36 21 2 41 39 17 42 11 35 45 22 14 7 48 27 33 12 20 5 19 30 50 37 10 46 23 9 18 0 40 44 15 32 8 28 47 29 16 1 43 25 51 26 34 31 38 49 4 6 3 13
48 38 6 2 21 44 15 36 47 16 32 29 12 39 10 41 27 18 22 23 9 7 46 49 13 34 26 0 5 19 30 37 8 35 11 28 45 25 1 40 3 4 24 31 51 42 50 14 20 33 17 43
23 41 33 34 15 25 5 17 28 1 12 37 44 2 40 26 8 19 3 11 9 45 24 47 51 32 18 38 21 48 36 0 49 27 20 31 42 14 10 46 39 4 22 43 30 29 7 13 16 35 50 6
10 35 29 30 43 46 48 32 1 50 0 16 13 37 9 28 49 23 12 14 44 19 36 26 21 40 22 24 34 41 17 47 20 4 39 42 11 18 31 5 6 38 7 25 51 8 3 45 27 33 15 2
9 7 32 0 5 31 18 8 13 29 16 19 38 4 50 30 22 36 10 15 17 35 34 33 21 11 47 27 46 44 48 24 3 28 26 2 43 23 1 6 40 37 25 42 12 41 14 49 20 39 45 51
37 35 3 4 40 41 23 42 26 16 44 14 22 13 19 30 32 28 24 34 49 48 11 20 38 5 45 29 6 17 21 33 15 18 12 51 8 7 36 0 50 27 39 46 1 9 47 2 10 25 31 43
27 19 40 33 20 39 21 28 49 17 37 29 31 25 22 41 0 46 34 9 10 18 30 44 43 45 51 50 6 7 14 1 8 16 4 35 42 3 32 11 2 36 15 12 26 47 23 24 5 48 13 38
28 34 25 12 43 4 40 6 36 44 29 45 7 1 49 19 33 39 48 23 16 31 35 24 30 38 42 41 13 9 46 37 20 26 32 0 5 21 10 17 22 14 50 47 15 11 3 8 51 2 27 18
31 18 9 34 51 36 10 39 29 8 14 12 11 2 22 43 4 35 16 1 45 0 38 20 21 33 23 37 30 5 3 41 24 27 13 26 32 44 42 7 49 17 6 50 46 15 40 47 28 25 48 19
4 24 23 47 34 49 1 14 29 12 10 46 43 28 50 32 6 15 48 40 38 33 19 0 35 5 45 3 16 42 31 30 25 20 11 27 2 39 18 36 22 26 44 7 13 17 41 9 8 21 37 51
39 37 31 47 5 30 42 36 29 1 0 27 12 33 21 6 49 17 32 25 35 13 38 16 28 11 22 2 19 34 3 4 18 8 44 20 40 9 23 24 48 26 15 14 10 50 43 46 51 41 7 45
19 27 12 16 18 44 22 24 26 36 8 15 37 1 51 21 14 17 41 49 4 42 13 29 20 45 0 39 32 7 43 47 38 25 23 48 2 31 6 30 10 5 46 9 3 34 11 35 33 40 50 28
42 25 1 30 39 40 37 3 46 5 2 33 7 14 36 38 19 11 50 17 16 10 27 13 34 32 51 4 24 49 26 43 0 23 29 22 15 12 6 44 8 47 21 9 41 35 20 45 31 18 28 48
41 24 8 7 9 6 48 45 1 25 43 4 26 46 12 13 47 51 2 40 28 0 20 21 27 38 29 11 5 37 36 3 50 31 35 30 19 16 18 33 10 32 15 42 34 39 17 22 44 49 14 23
37 9 15 46 10 2 41 23 7 14 27 50 3 11 40 36 17 47 35 48 43 51 1 29 24 18 25 6 44 16 5 20 34 49 45 33 13 4 12 42 38 30 39 31 19 22 0 28 32 8 26 21
32 36 51 18 28 37 23 40 30 41 12 14 27 17 34 20 9 10 5 7 33 21 48 46 49 44 31 42 3 13 11 16 26 35 24 8 6 43 47 29 2 25 45 39 22 0 38 4 50 19 1 15
4 29 47 14 36 13 11 22 38 3 34 44 6 31 19 48 50 8 9 12 23 20 51 5 28 27 33 49 17 24 25 10 1 2 43 16 41 30 0 42 7 37 32 18 15 35 45 46 40 26 21 39
15 30 33 29 3 28 13 51 19 6 23 4 2 21 16 39 31 10 27 48 8 14 12 34 18 1 43 42 20 35 24 22 9 46 5 25 44 49 45 17 7 0 40 41 36 11 38 26 50 47 32 37
10 41 25 40 4 23 27 20 34 14 39 12 5 42 45 37 2 28 38 35 21 49 13 6 15 1 47 29 11 36 7 44 26 50 19 24 33 0 46 31 51 8 48 22 3 32 30 16 18 17 9 43
38 6 10 44 47 15 25 1 22 23 5 8 43 35 40 24 41 2 50 30 45 4 34 31 27 16 36 39 7 42 12 33 18 17 9 11 51 3 46 37 32 21 48 14 20 28 13 29 26 0 49 19
15 20 45 33 40 18 13 26 48 9 16 3 29 14 1 22 21 37 8 35 50 43 19 12 0 47 17 44 41 38 7 36 39 34 5 23 6 24 49 10 51 25 31 32 42 27 46 4 30 28 11 2
43 51 11 17 2 49 9 25 31 4 46 33 38 35 28 44 34 50 21 45 23 10 19 22 40 0 26 20 42 47 1 41 6 15 3 32 7 24 18 13 12 27 48 30 29 37 14 36 8 5 16 39
29 39 24 17 36 43 33 23 4 31 44 0 27 10 18 19 21 35 32 40 34 14 16 3 42 20 25 50 46 41 26 45 5 13 11 38 12 8 15 9 47 22 49 30 1 37 6 28 2 48 51 7
39 48 41 3 5 44 9 49 33 6 17 11 20 16 22 1 30 0 2 32 37 36 45 19 34 13 50 43 38 24 10 12 29 23 8 4 21 31 7 35 25 27 40 51 28 47 14 26 18 46 15 42
1 37 23 21 33 34 17 9 5 3 28 36 10 31 42 11 4 18 29 6 45 50 38 12 24 43 32 7 40 22 35 30 0 26 19 20 2 48 49 13 27 47 46 44 39 15 25 41 16 14 51 8
23 5 40 2 14 26 39 44 17 10 50 45 7 11 8 12 51 16 3 32 20 35 38 13 9 24 33 27 34 47 22 43 31 0 1 29 49 30 48 4 19 18 41 42 37 28 25 46 15 6 21 36
27 46 11 18 41 34 16 1 42 23 8 17 26 22 45 50 9 15 49 40 3 37 5 35 13 4 44 2 38 39 7 10 47 25 19 0 48 24 6 43 51 29 28 21 30 33 36 31 20 14 12 32
