16 10 42 40 43 25 2 27 21 1 9 4 31 22 29 0 35 45 48 13 6 30 7 20 47 46 23 26 37 36 41 15 11 3 32 33 18 12 8 24 17 38 51 28 5 19 50 49 44 39 34 14
29 46 42 6 19 38 31 35 36 12 11 1 47 34 32 14 15 21 22 0 48 40 28 3 30 41 9 45 4 8 27 26 33 7 20 2 23 44 10 13 24 5 51 50 39 25 49 16 43 17 18 37
42 7 50 49 2 29 33 27 0 39 12 21 18 9 11 37 8 35 4 41 6 23 45 14 24 20 43 44 26 46 32 28 13 34 19 3 51 17 16 36 5 40 22 48 31 25 1 10 15 30 47 38
9 26 24 17 21 11 4 50 35 38 25 29 16 33 43 14 3 47 15 0 27 23 46 42 10 2 22 40 36 37 13 45 51 30 28 32 6 39 49 44 31 20 41 5 48 34 1 18 19 7 12 8
30 11 33 26 43 38 15 29 45 32 28 9 27 37 49 0 16 20 10 44 51 48 21 14 46 25 3 34 41 19 35 36 12 4 42 18 2 8 1 23 6 7 39 5 17 31 24 40 50 13 47 22
0 21 19 13 42 39 29 36 43 4 46 49 45 18 23 51 25 35 33 37 10 1 6 47 7 26 14 11 15 38 20 32 22 40 31 24 30 41 12 8 28 34 48 2 3 17 9 16 44 5 27 50
19 45 22 37 46 11 36 26 18 5 15 39 2 7 33 42 8 32 23 44 0 10 50 24 9 6 21 20 25 28 43 27 35 1 34 40 16 29 41 13 31 48 4 14 51 17 12 47 30 38 49 3
0 7 29 49 22 51 5 38 42 13 39 23 30 45 33 31 26 48 32 40 36 35 4 8 27 34 28 25 15 24 41 46 1 17 20 37 3 12 9 19 2 11 10 16 47 44 18 6 50 43 21 14
44 3 9 43 25 19 26 47 50 29 51 5 21 4 36 12 45 20 11 10 22 18 34 8 42 14 49 13 33 1 38 40 28 32 23 24 41 16 48 17 6 0 15 35 7 30 37 46 31 27 39 2
11 15 36 34 25 31 5 39 44 49 28 0 16 43 37 51 13 24 26 40 32 38 21 23 30 14 19 8 9 1 29 27 33 4 22 7 6 35 12 47 42 46 41 2 18 3 45 48 50 20 10 17
42 27 38 22 21 0 30 46 24 48 39 35 44 37 13 25 11 7 31 12 2 50 47 16 15 17 28 4 45 41 20 9 3 19 34 49 23 36 14 8 40 29 6 18 51 10 43 1 26 32 5 33
15 13 20 6 42 33 12 50 44 14 22 35 49 3 32 46 48 16 19 29 0 43 24 39 30 36 27 37 9 21 38 31 34 5 18 51 7 45 25 10 11 26 41 40 2 1 8 28 23 4 17 47
18 6 46 23 1 37 30 13 38 48 14 15 16 10 28 19 22 3 20 34 7 4 25 39 32 35 40 31 29 26 33 9 17 2 44 50 49 0 11 41 27 45 5 47 24 8 21 51 43 12 36 42
17 39 10 46 7 15 20 14 40 16 31 42 12 19 43 50 0 51 37 2 35 47 41 27 6 26 9 44 5 32 33 21 29 38 28 24 45 49 48 22 36 3 11 13 18 23 25 34 30 8 4 1
26 0 40 17 49 47 3 23 46 30 32 21 22 39 15 44 1 19 18 4 38 5 29 36 8 24 51 20 34 2 13 31 14 11 45 9 33 42 28 12 48 10 35 37 25 41 43 7 6 27 50 16
23 20 31 24 51 5 39 26 17 12 35 18 25 1 2 46 11 4 16 30 9 27 49 6 37 19 34 15 13 41 47 21 0 50 7 42 10 45 3 29 22 32 44 8 36 28 33 38 40 43 14 48
32 35 13 3 49 9 31 40 45 14 41 28 8 20 33 2 7 38 34 30 51 10 12 23 15 6 46 21 0 26 27 24 1 4 39 44 47 11 48 37 16 5 36 43 25 50 19 22 18 17 42 29
10 14 48 46 28 24 3 12 51 41 49 27 35 37 11 31 39 16 19 45 15 13 22 20 25 1 29 30 8 7 2 26 9 42 47 21 50 36 34 4 5 6 23 0 18 38 17 32 40 43 33 44
6 10 39 2 40 47 30 51 14 33 37 5 3 32 11 35 38 43 15 16 13 4 19 12 34 49 17 9 24 46 29 42 26 28 50 27 21 44 20 23 7 0 18 25 48 31 45 8 22 36 1 41
39 19 18 13 48 23 10 25 30 22 29 6 32 12 34 50 2 1 20 49 37 21 38 45 41 47 35 28 42 31 40 4 44 33 0 26 7 24 27 14 16 43 11 15 51 9 3 17 46 36 8 5
44 20 4 12 23 5 32 36 39 0 33 50 8 48 26 6 9 29 15 40 49 34 7 3 10 1 24 18 37 2 41 25 43 14 31 35 38 27 11 51 47 28 19 42 30 22 21 46 17 16 45 13
50 4 8 1 48 35 38 24 30 15 29 10 42 12 17 21 39 41 49 26 22 2 14 13 31 51 46 34 9 5 32 45 33 44 6 25 37 47 7 0 28 36 3 23 16 11 40 27 20 18 19 43
14 18 22 20 7 40 34 46 48 25 28 11 30 24 15 1 49 45 8 47 9 16 42 21 36 33 4 6 13 2 10 35 12 19 32 17 37 50 27 5 26 3 51 41 39 43 31 23 44 29 38 0
40 31 6 45 4 44 41 28 25 36 11 18 0 38 46 39 20 8 48 19 37 7 50 3 34 51 16 23 2 30 9 42 43 35 22 5 47 21 29 24 12 10 15 27 13 17 33 26 49 1 32 14
48 39 6 11 17 46 3 23 2 4 1 50 36 31 26 43 0 30 49 32 7 35 47 10 25 21 14 9 8 12 24 18 34 37 38 27 5 22 44 33 28 51 29 16 15 20 45 13 42 19 41 40
24 18 21 12 16 17 6 26 13 29 10 30 49 42 31 32 2 44 25 36 50 51 20 11 27 43 19 3 14 35 1 37 40 0 22 34 28 7 47 48 38 45 4 39 46 8 41 5 33 15 9 23
2 45 12 27 10 17 31 0 51 3 48 8 32 23 15 18 40 46 28 47 44 43 30 39 42 37 11 6 9 49 36 21 24 26 41 38 13 19 7 34 25 5 20 14 50 33 22 16 29 1 35 4
31 33 5 34 46 7 21 43 41 32 20 13 3 14 0 48 17 1 39 9 45 27 38 25 10 50 51 22 23 6 29 40 49 47 44 16 26 4 37 12 19 30 8 18 24 2 15 42 36 11 35 28
7 34 1 9 42 41 0 4 8 36 29 35 28 47 23 11 6 14 25 49 18 44 3 32 31 27 19 5 22 38 30 43 16 15 17 37 51 2 13 24 20 10 50 12 21 46 45 48 40 33 39 26
21 0 34 14 39 12 40 23 45 47 51 25 11 27 31 6 10 7 49 16 44 46 50 24 1 26 43 42 18 20 30 32 4 41 8 35 15 19 17 9 29 22 37 38 48 33 2 5 28 3 36 13
22 36 42 49 20 31 38 39 26 23 7 2 10 48 21 37 29 17 35 33 40 3 34 28 25 0 13 27 41 9 50 4 43 1 8 6 47 30 45 15 46 18 16 24 51 32 14 11 44 5 12 19
39 19 29 31 43 8 32 33 1 38 7 5 28 42 35 20 2 47 21 10 17 48 36 27 0 14 4 34 25 24 15 18 30 49 44 13 9 37 6 3 26 23 40 41 50 16 22 45 11 46 51 12
33 35 45 18 38 22 27 13 49 11 4 21 15 37 1 24 17 39 9 47 48 32 41 36 10 44 5 42 29 26 51 6 19 20 30 25 16 8 28 12 50 14 0 23 43 34 3 7 2 46 40 31
6 3 20 44 29 5 46 18 17 40 4 32 37 8 51 39 35 16 28 7 50 1 36 49 22 21 14 31 13 24 12 9 43 42 34 23 11 2 0 38 19 45 33 48 30 27 47 15 41 25 26 10
30 34 44 31 7 19 35 13 27 3 12 5 18 25 32 51 20 21 33 49 14 0 16 10 6 41 39 9 38 1 48 37 29 46 4 8 23 28 24 26 42 15 17 47 11 45 50 40 2 36 43 22
24 3 36 1 4 22 23 47 34 26 7 8 42 29 10 48 35 27 43 33 5 39 40 41 6 16 9 31 13 38 25 30 2 45 50 15 28 19 49 21 20 18 37 44 12 17 11 14 46 32 51 0
33 0 13 44 8 32 41 50 7 27 6 12 36 23 46 43 19 21 16 11 51 10 47 37 9 45 26 28 14 35 49 20 40 25 42 3 30 29 34 48 38 22 4 5 1 2 17 39 15 18 24 31
21 31 44 14 43 2 4 39 28 33 32 36 19 24 51 25 8 12 35 26 40 7 42 49 5 3 41 9 10 27 30 29 17 37 47 0 45 22 6 46 23 1 18 48 15 13 16 20 11 50 34 38
10 37 45 3 35 8 9 22 43 21 2 17 31 12 44 14 49 46 32 26 34 33 30 29 0 41 36 13 40 4 11 24 47 6 42 18 48 38 16 51 23 19 39 28 15 20 7 27 25 50 5 1
31 18 41 3 29 28 51 9 8 16 33 2 38 0 27 14 42 43 46 36 17 32 25 47 10 11 6 26 5 4 37 40 21 44 23 12 34 22 50 20 24 13 35 7 39 49 48 45 1 15 30 19
31 51 12 24 48 1 17 19 30 45 11 42 18 38 49 9 8 20 46 35 26 43 5 37 7 3 4 25 41 10 14 16 15 33 27 13 39 21 34 29 44 36 28 32 23 40 6 2 22 50 47 0
38 41 31 0 7 47 21 37 12 18 26 32 48 19 5 4 39 35 29 1 24 46 3 44 25 28 34 10 33 8 9 15 23 36 11 51 17 49 2 43 42 27 16 22 45 50 13 30 6 40 20 14
32 1 10 44 13 47 33 9 11 14 18 7 19 41 6 21 50 26 29 24 35 0 37 28 39 31 42 27 25 2 23 34 51 49 30 20 40 15 38 4 8 5 43 16 22 3 48 17 36 46 12 45
50 19 40 43 0 27 5 24 48 18 46 8 49 6 32 26 45 47 17 23 13 29 12 51 41 28 9 39 36 38 30 4 15 35 31 44 25 1 16 42 3 33 20 14 2 21 11 10 34 37 22 7
7 10 4 1 29 24 25 8 46 6 0 49 31 35 17 30 38 48 21 43 40 9 34 47 11 33 23 22 20 14 39 51 5 41 37 19 36 2 50 27 42 16 45 15 28 12 18 44 3 32 26 13
28 51 27 3 9 29 30 4 36 14 37 45 20 48 34 7 44 41 1 8 40 16 15 5 18 35 19 13 39 2 47 43 12 21 31 25 0 49 10 23 46 42 6 26 32 24 22 17 50 38 11 33
25 3 1 39 23 49 8 6 22 15 27 12 30 10 35 17 48 5 43 13 46 7 50 0 45 42 20 40 29 9 47 4 18 38 21 24 36 31 41 2 32 33 44 37 14 26 28 16 19 34 51 11
38 12 39 42 37 34 1 20 41 8 46 27 50 30 24 3 48 44 29 11 4 25 17 23 47 16 7 43 22 21 0 45 2 14 15 28 19 49 18 35 26 51 33 40 36 31 5 9 10 13 32 6
0 21 30 14 42 49 9 16 29 7 15 19 20 22 33 35 6 8 34 25 28 4 50 5 44 47 48 18 27 43 46 32 23 39 12 36 31 10 51 17 26 1 24 37 40 38 3 41 45 2 13 11
22 12 31 29 20 42 15 46 28 19 1 14 33 43 34 49 41 5 11 40 3 17 35 8 18 21 38 37 2 51 4 6 10 44 36 50 25 32 23 30 45 13 24 16 7 26 9 0 47 39 27 48
42 49 33 44 35 13 16 8 26 40 32 23 34 37 19 24 18 46 10 41 39 2 29 3 27 50 22 7 47 12 31 36 43 51 0 38 30 45 6 17 28 15 48 25 1 4 20 9 11 5 21 14
24 5 7 35 4 34 22 21 10 39 50 20 6 43 9 48 15 17 26 3 49 30 8 13 12 18 28 47 23 38 29 42 36 46 11 40 37 14 45 19 41 16 32 0 25 31 51 27 2 1 33 44
46 41 33 48 29 17 19 43 34 8 9 12 14 20 47 51 30 4 2 49 28 11 15 16 38 42 37 50 31 26 5 44 1 39 45 27 6 21 25 18 0 23 13 36 40 35 24 7 10 3 22 32
17 2 28 49 12 46 51 34 24 37 20 42 18 22 14 39 45 40 3 25 11 15 47 9 26 4 27 5 32 30 29 10 43 33 35 7 6 16 41 50 19 48 1 31 0 13 23 44 36 8 21 38
0 39 14 44 10 40 6 9 18 15 24 25 45 16 2 49 46 32 34 48 47 41 19 8 17 13 4 28 29 11 7 27 23 50 30 43 1 5 33 31 35 22 20 37 21 38 51 12 26 36 3 42
21 20 3 35 48 8 47 30 6 44 27 28 19 5 0 11 2 4 33 9 16 24 50 25 45 12 23 29 1 38 36 51 40 7 39 22 46 41 14 32 37 43 31 42 34 10 18 17 15 13 49 26
13 28 37 20 8 27 15 25 12 26 1 19 3 32 41 42 43 14 33 21 16 24 34 39 18 6 5 22 29 40 23 31 30 49 35 48 10 44 36 7 9 0 2 46 45 11 50 47 51 17 38 4
31 33 34 38 29 4 13 46 40 44 45 37 32 27 18 24 5 20 51 11 50 41 15 10 6 49 42 19 43 8 36 47 35 17 26 0 1 7 3 2 23 14 9 28 25 22 39 30 16 21 48 12
39 22 42 8 13 36 24 0 33 43 45 40 18 51 27 11 47 19 3 12 29 9 37 49 10 34 4 17 32 15 23 14 21 46 31 38 28 25 5 16 48 35 7 20 2 41 50 30 6 1 44 26
24 31 47 43 6 30 25 14 11 10 37 7 49 12 4 19 35 9 23 45 1 46 38 13 28 33 8 26 50 5 32 36 34 21 41 3 27 39 17 22 16 20 0 48 2 15 18 51 42 29 44 40
30 38 12 40 14 16 10 22 34 36 20 28 41 46 35 4 18 11 48 51 37 39 50 44 45 0 49 3 15 21 17 32 33 31 5 6 2 23 26 42 25 9 19 27 43 24 47 29 1 8 7 13
11 51 5 34 47 22 31 36 4 43 23 1 38 29 19 8 41 24 25 30 45 9 10 33 21 18 49 20 46 13 0 14 32 48 7 42 3 2 27 6 50 12 26 16 15 40 44 28 17 37 35 39
6 0 43 27 3 40 38 9 7 26 31 35 5 25 30 39 50 18 51 28 36 37 46 22 17 10 41 24 21 23 20 34 16 4 12 1 29 44 45 14 13 47 8 33 15 42 2 32 48 11 49 19
14 21 47 40 4 43 46 41 36 39 51 12 45 35 34 10 48 30 6 5 22 28 24 42 8 15 3 20 17 2 13 37 18 11 23 16 38 29 49 31 44 50 9 19 33 7 26 1 32 25 27 0
15 37 48 27 35 12 23 2 8 11 28 24 4 40 1 25 10 13 3 41 21 30 44 43 36 22 38 32 9 34 18 31 20 0 19 42 47 14 51 7 26 45 16 39 50 17 33 5 29 49 6 46
36 10 23 1 26 48 6 12 22 51 2 0 38 14 28 37 46 47 42 39 11 5 44 13 9 35 34 18 27 43 25 41 3 7 29 16 31 32 24 33 8 17 40 21 15 45 50 4 30 19 49 20
22 42 31 1 41 38 0 33 4 49 30 50 39 47 45 5 6 8 29 25 21 26 14 40 23 44 37 32 28 43 2 7 10 16 20 3 27 13 24 9 17 35 19 48 11 51 36 15 12 46 18 34
0 18 45 10 40 3 15 13 16 43 51 5 33 49 7 38 42 11 48 41 36 8 25 32 6 44 20 12 30 21 46 23 37 50 2 22 24 19 31 39 27 26 28 34 35 14 47 4 9 17 1 29
42 12 20 24 6 0 7 2 27 17 16 37 45 48 22 29 32 14 34 26 13 4 33 40 46 41 31 30 23 49 15 18 1 21 51 38 8 28 25 50 5 3 43 47 35 39 44 19 9 36 10 11
23 32 17 34 35 2 24 1 47 29 38 25 9 49 19 40 30 45 21 44 11 43 20 4 48 12 42 5 0 7 41 16 36 8 10 50 31 33 14 3 37 39 15 28 26 51 46 13 22 27 18 6
38 6 44 29 50 11 39 7 20 42 17 2 34 22 12 32 24 14 0 48 41 31 25 49 9 35 5 18 40 27 45 33 4 47 46 30 10 43 21 1 23 51 15 16 37 13 19 3 26 8 28 36
11 41 13 40 25 36 33 18 7 45 35 44 17 23 2 0 21 34 29 51 42 6 14 49 3 5 20 1 22 31 46 48 4 26 12 15 47 43 30 10 50 37 27 39 24 9 8 32 19 16 38 28
47 5 37 6 12 9 15 21 43 20 39 29 18 14 3 44 41 45 13 16 30 33 23 32 35 34 26 17 42 8 38 50 46 19 36 25 1 28 40 24 7 31 4 2 22 49 10 51 27 11 0 48
10 48 16 12 27 47 31 15 38 17 18 44 25 32 49 4 33 2 42 21 24 45 0 11 40 51 35 22 6 50 41 13 23 36 43 30 29 26 19 20 7 28 34 1 8 5 14 37 3 46 39 9
47 20 23 37 39 32 9 10 46 36 49 4 7 18 5 45 50 14 19 28 29 27 12 11 0 22 42 40 6 15 31 30 8 48 26 17 2 13 1 35 25 21 33 38 34 51 24 3 43 16 41 44
25 43 10 35 26 23 34 7 30 31 19 46 17 48 27 38 13 28 51 33 15 5 22 29 42 11 9 41 24 32 4 0 44 36 39 18 49 6 14 16 47 20 45 21 37 1 8 12 50 3 40 2
45 2 15 31 47 38 34 0 44 24 16 3 30 37 26 46 20 6 12 39 4 10 50 42 1 32 35 41 27 22 11 18 23 48 29 28 5 21 36 25 7 40 19 17 9 49 8 51 14 33 13 43
8 14 13 46 17 38 3 43 28 15 30 40 22 27 21 33 41 4 9 44 47 35 16 10 6 18 48 25 49 5 7 36 23 32 12 24 39 51 26 50 0 11 29 1 34 45 19 20 31 2 37 42
0 40 7 35 48 29 34 33 30 31 4 43 9 32 49 50 5 24 26 38 18 36 16 47 13 15 19 12 2 20 44 17 3 45 46 1 37 42 39 21 10 23 41 25 22 28 27 8 6 14 11 51
43 41 12 23 17 31 10 29 7 48 15 18 39 3 30 20 24 35 46 33 32 11 49 38 42 47 1 9 34 14 2 27 45 6 25 5 50 26 36 4 19 8 22 37 44 13 21 0 40 51 16 28
16 20 21 50 32 12 24 11 34 45 10 44 48 15 2 19 40 13 5 39 23 41 6 4 1 37 47 3 49 46 28 17 38 29 30 35 18 7 26 36 8 33 42 27 25 0 31 14 9 43 51 22
38 48 42 47 43 46 33 29 36 50 24 13 26 35 10 2 20 34 32 0 18 9 8 19 41 23 27 22 6 5 14 7 51 17 25 39 16 44 28 11 37 21 12 30 40 49 3 45 31 4 15 1
32 17 26 31 40 38 6 9 1 16 24 29 13 33 3 4 43 30 51 5 0 2 49 14 50 34 45 10 41 25 27 46 37 42 11 39 7 28 20 44 36 19 15 12 47 8 23 22 35 21 48 18
42 6 47 24 12 16 45 20 41 36 30 5 31 46 19 37 29 48 7 10 33 22 17 8 23 3 35 25 15 38 1 13 26 11 14 34 49 27 18 2 44 28 51 32 50 39 40 43 4 9 0 21
27 8 12 44 2 5 15 42 25 43 33 20 9 30 17 14 39 45 47 34 4 23 49 46 37 40 28 26 32 11 7 48 36 22 18 24 19 31 13 38 3 29 1 21 16 35 51 10 41 50 0 6
3 35 43 48 34 32 15 49 45 13 7 24 14 5 19 38 33 21 1 47 40 44 22 17 9 36 12 4 30 25 10 11 37 31 28 23 6 0 16 51 39 50 27 41 2 46 8 29 20 18 42 26
0 7 10 24 37 13 48 39 32 35 30 4 19 33 3 11 18 43 46 20 47 9 6 40 16 12 28 50 23 15 44 41 49 26 1 29 31 34 25 17 22 14 2 21 5 27 42 51 8 45 36 38
21 16 15 39 0 44 18 26 3 32 28 13 41 27 45 37 7 48 42 9 49 38 20 2 36 43 40 19 34 33 14 29 10 50 4 6 35 51 11 5 30 31 47 8 23 25 12 17 22 24 46 1
49 4 11 43 8 21 48 15 44 41 32 7 25 1 47 27 26 40 16 24 2 50 22 6 5 34 45 10 38 9 42 35 46 31 51 13 0 14 18 3 30 20 37 17 12 29 39 19 23 33 28 36
42 31 33 26 3 47 37 34 36 1 24 40 5 16 2 13 7 49 46 20 29 23 11 17 21 35 6 9 19 45 25 44 30 48 0 27 41 39 22 50 4 18 12 51 38 8 28 15 32 10 43 14
32 18 2 41 4 11 51 0 19 44 24 17 26 35 31 30 39 23 14 5 48 1 12 40 25 36 45 29 38 21 37 47 22 28 8 49 10 6 15 3 46 34 42 43 20 9 50 13 16 27 7 33
19 39 27 30 35 36 11 42 51 0 9 38 2 34 45 41 3 44 50 49 17 23 15 33 7 12 10 20 31 13 26 43 29 14 4 46 22 21 32 28 48 6 5 37 25 47 24 40 1 18 8 16
13 2 34 25 3 43 26 36 23 12 30 35 28 42 38 33 16 8 20 31 9 29 45 27 18 4 15 50 19 10 48 22 47 5 17 37 49 41 24 44 40 32 11 46 51 14 21 1 7 6 39 0
15 40 14 31 0 27 48 11 21 29 18 16 17 24 33 23 20 1 45 32 30 47 28 9 42 8 37 12 36 22 38 6 25 5 49 43 51 2 44 7 50 13 46 19 3 4 26 41 34 35 39 10
22 48 40 7 30 50 36 3 26 17 10 34 45 2 24 14 0 27 8 13 1 4 29 51 43 38 31 28 5 19 42 41 16 44 21 11 46 18 32 35 15 37 6 23 12 20 47 25 33 39 9 49
29 24 18 22 34 49 25 20 2 37 12 7 35 38 44 8 4 31 32 14 45 5 0 21 19 11 42 26 48 6 30 27 16 3 41 9 51 28 50 36 46 1 47 23 17 40 43 15 39 33 10 13
40 28 29 27 5 10 42 34 31 15 25 20 2 4 35 30 1 18 51 44 48 22 45 36 14 19 39 26 37 24 21 3 43 9 11 46 0 6 41 7 33 50 13 16 32 8 17 49 23 12 38 47
21 24 27 9 43 20 29 49 1 37 36 34 46 4 19 40 39 31 11 18 2 28 42 0 3 45 17 26 25 16 50 35 14 48 23 13 12 44 15 51 41 10 47 38 8 5 32 22 6 30 7 33
50 3 51 31 11 35 47 46 22 5 21 48 38 34 6 10 25 24 17 16 26 0 30 32 18 37 44 12 40 15 8 19 29 1 49 39 43 45 4 7 28 20 14 41 27 42 9 33 36 2 13 23
36 37 24 14 22 44 10 32 25 16 28 42 35 18 45 1 5 31 12 29 30 7 8 39 26 27 23 4 0 3 48 46 33 11 50 47 6 41 43 21 9 15 17 2 40 51 38 34 19 13 49 20
