6 42 38 35 15 9 21 1 50 40 28 32 16 26 39 11 41 33 14 20 30 45 44 3 4 2 23 12 43 25 48 24 8 34 7 29 5 51 27 18 46 17 13 47 49 37 19 31 36 0 22 10
35 29 34 49 13 17 25 39 28 50 31 6 14 46 7 47 20 16 27 8 26 36 32 41 40 2 1 33 15 37 23 42 30 24 11 0 12 4 5 18 22 48 19 10 3 43 45 9 51 38 21 44
15 2 12 13 49 18 14 5 31 30 50 19 7 26 44 17 28 47 40 6 22 16 21 27 25 8 38 35 0 39 43 46 42 9 37 33 24 4 45 48 10 29 41 51 11 1 34 32 23 36 3 20
15 33 32 7 42 13 44 10 49 2 25 39 34 9 26 36 27 18 24 29 16 11 17 5 37 23 38 3 1 6 21 20 8 0 4 35 40 41 45 51 47 48 28 50 31 46 14 30 43 19 22 12
7 13 28 10 46 17 38 35 26 20 5 47 43 18 1 49 4 11 9 29 0 42 30 23 8 16 39 32 14 37 15 36 19 40 45 31 50 33 22 21 3 34 48 6 27 24 12 51 25 2 44 41
14 40 29 18 1 19 31 0 38 4 28 22 16 9 3 21 48 2 43 12 50 34 10 49 13 17 35 47 5 36 51 41 15 11 42 27 20 46 24 30 39 37 45 23 6 32 26 7 33 44 8 25
9 46 36 14 12 50 0 23 37 32 13 51 43 35 18 49 28 5 7 11 44 27 34 30 45 17 48 41 26 8 3 19 1 21 24 6 10 2 31 29 39 4 15 33 42 16 38 20 22 47 25 40
16 5 37 27 48 43 20 3 23 4 19 34 14 39 2 22 42 47 30 8 21 25 33 49 7 9 51 24 28 15 11 41 40 44 0 1 45 31 13 35 10 36 17 38 32 18 6 12 50 26 46 29
22 45 39 7 14 30 36 33 28 37 46 10 19 16 17 49 51 12 3 9 2 40 1 47 50 41 44 20 0 25 23 35 4 26 48 11 8 27 42 31 15 6 13 43 34 24 21 29 38 5 32 18
32 5 9 21 37 11 33 2 38 46 50 35 18 44 13 23 26 30 10 29 36 14 0 42 3 47 1 7 48 19 24 41 28 22 4 43 8 25 39 51 12 17 16 31 15 27 34 40 20 6 45 49
37 30 48 25 14 46 26 17 1 50 51 45 6 23 20 42 34 2 40 11 4 38 43 21 35 8 12 9 3 22 15 7 16 47 13 0 32 28 18 31 36 19 39 49 44 41 29 27 24 33 5 10
20 17 44 2 14 6 8 27 11 35 7 13 47 39 4 5 49 19 16 51 10 34 9 43 1 12 46 36 42 40 37 50 22 3 26 41 24 28 30 18 45 23 15 48 29 0 31 32 25 21 33 38
39 37 8 24 49 25 22 20 35 15 50 51 14 32 5 2 45 12 38 29 46 21 18 13 33 10 23 19 4 36 42 3 40 43 1 30 7 28 41 47 17 16 44 31 0 11 27 48 34 9 26 6
1 15 30 26 24 22 45 36 41 29 38 37 44 7 48 0 33 31 46 18 3 49 14 6 12 13 5 50 27 23 10 11 47 40 43 17 21 39 42 32 51 2 8 16 28 35 34 4 20 25 9 19
6 41 31 29 42 48 28 34 18 33 50 20 9 7 26 44 30 1 35 40 12 10 45 39 3 32 51 46 23 17 8 47 43 25 0 38 4 2 27 21 19 14 24 22 11 5 49 16 37 13 36 15
8 47 6 27 29 34 19 14 25 43 23 51 15 4 22 45 38 36 48 42 26 12 5 16 50 7 24 46 41 40 18 39 35 31 33 3 21 49 17 11 9 37 44 28 30 0 1 2 13 20 32 10
46 36 3 30 37 17 26 44 50 8 16 24 22 7 41 51 33 38 27 32 18 0 42 2 48 10 12 4 11 29 39 15 25 43 49 9 21 14 20 40 19 28 47 6 5 35 23 34 1 45 31 13
20 26 27 39 45 32 33 30 34 46 9 43 7 48 47 49 24 11 3 44 19 17 13 41 35 22 0 23 6 25 42 4 16 12 5 21 1 51 40 15 31 28 8 14 36 37 50 10 38 2 29 18
28 38 24 37 48 5 29 10 3 11 35 7 2 21 19 46 9 4 49 8 20 16 1 14 0 41 22 15 39 45 44 40 18 50 32 36 43 26 31 6 13 23 17 30 27 12 25 33 42 51 47 34
5 45 51 23 13 48 46 15 1 49 6 8 27 9 4 29 26 38 10 3 36 14 17 20 18 31 22 35 2 37 47 42 12 41 34 16 24 39 21 0 25 33 30 50 44 7 43 28 32 19 11 40
17 31 38 11 19 33 42 0 43 25 44 5 4 21 40 29 15 51 24 46 8 32 30 50 28 22 12 1 6 47 45 36 37 23 26 27 7 20 9 13 18 49 34 3 41 2 16 39 35 14 10 48
22 47 11 25 32 43 46 1 24 6 34 50 48 9 8 35 42 38 49 18 26 21 3 29 14 19 5 37 7 0 40 33 44 20 39 31 16 30 51 27 36 23 17 12 15 4 13 2 28 41 45 10
42 30 0 14 50 31 38 19 22 12 7 17 37 26 6 10 39 44 1 11 9 18 45 2 23 21 28 47 16 34 40 20 43 25 35 33 5 13 51 3 8 48 41 36 32 49 15 46 29 4 27 24
35 0 50 15 21 26 6 51 19 30 3 41 36 4 22 49 11 17 20 23 43 46 40 27 31 38 25 16 12 32 8 45 48 34 2 24 47 7 33 44 29 37 14 10 5 1 28 9 42 13 39 18
19 42 7 34 47 23 16 43 14 10 28 0 12 51 40 44 26 30 22 2 38 39 4 35 29 41 21 36 48 15 25 18 32 50 13 6 33 27 46 11 37 8 20 49 3 31 1 24 9 17 5 45
46 1 41 51 22 2 33 50 31 43 32 38 16 24 15 4 45 19 25 8 5 14 29 18 17 0 12 21 44 48 11 47 27 40 35 10 3 7 30 34 26 39 23 13 20 49 37 28 9 6 42 36
36 39 6 47 7 40 32 26 30 25 27 9 35 38 34 41 49 14 29 11 33 17 42 1 43 21 2 23 15 4 10 48 31 44 19 51 16 46 13 24 50 20 0 45 8 28 12 37 5 18 3 22
12 39 24 13 23 10 42 38 32 34 27 22 16 40 31 15 1 9 2 44 20 25 3 28 33 41 26 45 17 30 14 4 0 29 8 11 7 50 18 47 37 5 36 43 6 35 49 21 46 19 48 51
33 31 3 11 51 49 27 2 46 18 10 28 26 0 38 39 41 32 23 35 19 30 45 9 44 1 7 42 37 40 24 25 6 17 36 50 4 48 13 8 21 5 29 22 14 34 20 12 47 16 43 15
25 46 28 10 0 43 11 32 47 13 30 7 8 38 9 16 17 23 51 39 31 34 1 35 3 21 36 5 27 42 40 2 29 20 12 19 4 14 26 49 50 22 41 48 15 24 18 45 44 33 37 6
13 0 16 39 50 26 30 6 35 48 40 11 21 3 15 8 24 37 34 49 2 45 25 12 4 18 51 29 20 36 14 44 19 10 41 46 1 7 31 22 42 9 5 17 33 47 23 27 32 38 43 28
24 2 35 17 37 4 16 33 31 7 22 11 47 29 0 19 23 13 8 46 45 21 6 28 40 20 15 43 44 10 51 38 41 14 18 48 30 32 36 12 3 27 1 49 5 25 50 39 26 9 34 42
12 33 15 36 26 43 49 22 45 21 20 0 28 44 17 50 19 38 8 32 42 34 48 51 27 18 46 31 24 13 39 6 11 1 29 16 10 37 3 7 30 2 4 47 14 25 9 40 5 23 35 41
8 3 37 22 44 15 39 4 41 32 51 24 26 2 36 48 9 17 11 6 13 33 16 42 31 47 23 46 20 19 30 10 5 7 29 1 35 45 40 34 14 43 12 0 49 27 21 25 50 18 28 38
42 17 50 26 40 1 8 11 32 6 9 2 43 38 21 7 15 37 28 29 44 10 39 13 20 3 24 34 46 49 25 33 22 4 30 48 31 51 47 27 14 23 45 16 12 18 0 35 36 5 19 41
24 26 10 42 3 11 19 9 27 31 43 0 15 8 49 14 35 46 5 20 12 45 30 40 17 36 28 50 16 2 29 47 22 1 33 41 23 4 44 6 32 25 39 37 48 21 13 7 34 51 18 38
6 31 11 44 43 50 34 9 2 51 36 26 5 45 32 33 16 10 15 39 42 46 1 38 23 24 48 0 17 7 13 29 4 18 25 49 40 14 27 41 19 35 47 30 20 28 21 3 8 12 22 37
12 26 37 38 23 30 25 35 2 3 18 28 40 41 7 42 17 27 19 9 22 8 5 20 16 32 14 4 13 6 0 15 46 51 44 1 29 21 24 50 31 11 39 33 36 48 47 43 34 45 10 49
25 16 6 35 21 28 13 34 38 46 18 15 5 31 12 10 44 30 49 1 47 40 48 4 45 20 9 39 29 33 0 2 19 8 11 50 42 17 37 24 14 7 27 3 22 43 32 36 26 41 23 51
30 8 10 40 4 12 38 26 28 17 50 39 41 6 48 18 49 16 32 20 1 13 5 45 24 33 43 19 46 27 37 15 34 44 14 31 9 35 23 2 47 7 25 0 36 3 42 51 29 21 11 22
27 2 43 9 19 23 44 35 1 33 51 48 16 38 20 8 15 12 18 39 22 50 32 5 28 4 26 10 40 47 37 31 30 21 34 45 13 41 29 7 3 6 0 46 42 49 24 25 11 14 17 36
38 51 31 32 50 42 48 19 37 12 10 29 22 5 9 6 17 13 26 25 40 3 36 0 45 39 49 41 2 43 44 34 35 28 11 21 23 7 47 24 16 15 4 14 27 33 46 1 20 18 8 30
48 23 15 45 37 51 42 2 12 34 44 6 17 13 22 40 38 4 35 10 20 50 46 39 41 7 16 27 43 3 9 21 0 47 29 25 32 14 1 49 31 28 11 30 33 18 26 36 8 24 19 5
36 0 11 1 19 14 5 27 26 39 9 25 28 47 40 33 24 41 43 49 34 50 15 38 37 30 3 29 22 42 35 23 4 7 21 6 31 10 2 8 32 46 45 51 16 20 18 48 17 44 13 12
34 1 11 26 18 40 30 0 43 9 29 15 31 28 22 46 8 25 17 27 19 10 3 51 42 16 20 5 33 13 44 32 21 2 48 37 12 14 36 4 39 35 38 23 50 41 7 47 6 24 49 45
22 20 47 50 25 4 9 27 16 18 48 12 13 24 36 41 32 30 29 51 26 34 10 2 6 28 1 33 8 15 43 3 19 5 38 14 35 0 17 23 31 45 11 37 46 39 44 21 7 42 40 49
23 20 4 30 34 2 42 28 11 21 16 33 49 0 13 32 45 48 24 19 37 12 18 41 14 15 44 46 8 17 25 7 29 1 50 43 6 27 5 38 47 31 9 35 10 26 40 39 22 36 3 51
15 50 8 23 34 37 38 49 2 20 14 35 0 47 32 12 25 16 40 44 6 28 36 22 18 46 10 26 11 7 42 30 17 24 31 45 51 39 41 43 9 5 27 1 4 19 29 21 13 48 33 3
39 14 49 43 40 19 36 17 45 20 23 47 33 32 29 41 31 44 16 3 0 51 7 21 12 2 8 35 10 46 25 4 48 24 28 1 26 5 42 15 38 37 13 6 34 18 22 9 11 30 50 27
31 47 4 11 30 50 34 36 5 15 3 1 32 27 25 39 41 0 42 44 22 13 37 19 29 46 16 17 18 45 28 33 10 24 48 14 23 20 40 8 21 7 2 6 51 26 49 43 9 38 12 35
47 21 40 17 38 30 29 6 43 24 34 16 37 0 50 44 8 14 4 26 13 3 12 19 1 45 22 42 11 32 27 18 28 41 20 51 46 35 23 31 25 49 33 36 5 48 15 9 39 2 10 7
17 19 11 27 28 13 30 43 39 10 44 50 16 14 46 8 9 42 7 51 21 37 0 33 18 22 6 15 34 24 26 40 38 12 47 5 32 3 45 29 2 36 1 49 20 48 4 41 35 25 23 31
21 35 12 27 34 29 49 23 19 6 14 25 37 20 24 39 8 50 41 5 28 33 40 9 47 2 48 43 46 51 0 11 4 15 30 26 17 22 45 31 18 16 32 3 13 38 7 36 1 42 10 44
17 32 15 5 46 12 19 4 24 3 16 18 14 45 38 26 37 1 39 42 40 20 50 36 0 7 41 44 49 6 11 31 33 21 48 35 28 34 43 9 2 25 30 8 27 29 22 47 51 23 13 10
34 27 31 39 2 32 17 20 7 21 12 48 3 33 49 4 22 1 18 47 45 44 13 28 5 10 43 0 16 38 15 11 25 42 19 35 23 50 24 26 40 36 46 29 41 14 8 30 51 9 37 6
48 38 49 47 25 34 40 2 1 36 46 31 18 43 51 7 14 30 9 33 22 35 32 15 11 3 29 10 5 27 13 20 12 28 24 50 26 42 37 45 21 0 17 44 23 16 8 19 39 41 4 6
6 47 40 13 43 0 33 32 31 10 20 48 2 24 26 8 36 29 11 25 21 50 27 39 46 35 1 41 45 3 44 38 7 5 42 17 12 34 23 18 51 4 9 37 28 16 19 22 49 30 14 15
26 2 1 41 9 11 44 24 22 6 16 36 0 4 35 49 34 28 51 5 18 42 30 23 14 7 3 37 45 40 19 47 8 15 50 38 25 46 48 39 10 33 21 27 13 31 32 20 12 29 17 43
38 6 25 16 28 0 26 19 13 39 51 1 44 48 49 21 45 17 27 29 7 4 31 11 46 50 36 10 8 47 12 22 33 34 35 30 40 43 24 2 3 14 18 20 5 42 37 41 23 9 32 15
28 25 15 5 14 19 29 38 32 8 50 35 23 41 24 10 51 16 49 42 17 44 31 40 18 26 13 3 20 36 6 48 46 45 1 11 4 9 43 30 39 34 47 27 2 22 12 33 7 21 0 37
20 33 34 15 24 14 8 19 29 51 9 6 27 49 44 3 1 38 50 0 41 28 36 21 40 46 11 22 30 7 37 25 35 32 47 10 48 17 12 2 16 39 42 23 26 5 31 13 4 45 18 43
20 51 12 49 47 14 25 38 29 39 4 18 40 11 50 36 34 21 16 41 27 9 0 37 6 46 22 48 45 13 19 28 35 32 10 1 3 43 7 42 2 26 5 31 30 23 24 33 44 15 17 8
2 44 13 0 34 16 1 24 39 33 26 30 38 40 43 14 50 32 4 36 31 25 37 46 21 6 41 9 45 42 48 51 7 47 23 28 15 18 19 10 35 8 11 29 27 49 22 12 17 20 3 5
9 48 11 21 41 5 36 15 39 4 31 19 46 37 32 18 29 50 34 3 42 26 35 33 13 6 0 8 45 24 44 47 23 49 27 1 16 20 30 28 14 38 10 51 43 40 7 22 12 17 25 2
36 10 40 45 51 43 44 31 34 20 27 37 0 47 5 8 1 28 46 24 7 19 25 39 16 42 3 18 29 15 26 38 4 21 17 30 35 32 23 9 48 49 6 13 14 11 12 22 50 33 41 2
2 1 13 27 29 20 35 16 43 11 9 6 25 12 18 23 45 48 41 26 33 17 51 4 44 0 40 47 15 8 24 10 39 5 36 28 31 46 42 22 34 32 19 38 50 14 30 21 3 7 37 49
28 12 10 49 47 35 31 2 24 19 7 43 27 51 23 32 25 20 9 6 39 17 45 42 38 41 11 4 36 22 21 40 1 16 30 37 50 5 46 29 44 34 18 14 33 3 8 15 0 26 13 48
0 47 16 31 27 22 3 51 36 43 49 15 34 45 33 9 44 50 17 1 4 8 21 35 19 24 37 25 14 2 39 6 26 48 23 10 7 40 11 30 38 12 13 42 41 18 20 28 46 29 32 5
17 35 38 29 10 49 11 51 26 5 23 12 3 32 40 44 22 36 30 39 20 37 27 33 1 6 41 34 18 48 19 28 7 31 21 43 25 45 15 9 16 50 4 2 14 0 47 13 8 24 46 42
34 20 38 6 35 45 15 10 25 39 40 32 1 17 29 42 13 37 48 9 44 12 16 7 28 11 14 33 2 0 8 31 3 4 49 47 24 27 19 46 26 30 18 43 23 51 36 5 21 22 41 50
14 9 24 21 23 33 18 7 20 34 44 27 10 5 25 49 50 46 43 26 35 17 38 13 45 51 28 16 8 32 0 6 31 22 1 40 3 2 11 42 41 19 4 48 30 15 36 47 39 29 37 12
3 49 23 31 38 9 11 37 17 26 22 41 51 27 15 48 10 5 34 12 36 6 28 4 35 47 30 20 50 2 45 19 39 13 7 18 8 16 25 24 21 0 1 44 29 33 32 40 46 43 42 14
46 11 41 15 5 20 51 43 18 30 17 4 23 25 21 24 50 33 47 31 37 1 3 26 49 36 9 19 22 28 38 44 10 34 35 6 8 7 42 29 32 27 16 45 0 39 13 12 2 40 48 14
0 12 11 19 37 3 7 49 24 44 9 33 6 25 5 30 40 8 43 18 1 50 23 39 2 31 47 20 32 46 48 42 45 26 21 4 27 14 41 17 35 13 10 51 28 34 15 29 16 36 38 22
51 37 15 14 34 36 13 26 9 32 35 47 40 20 27 11 33 2 5 31 38 6 18 41 23 28 49 3 7 48 1 21 10 42 30 43 4 29 16 39 50 44 25 24 0 12 17 8 45 19 22 46
32 45 37 16 38 5 9 51 24 13 1 23 14 44 15 40 18 10 28 48 35 12 46 19 21 33 0 34 39 43 3 30 36 2 49 8 27 31 42 41 11 4 17 20 50 6 29 22 47 25 7 26
22 10 21 33 35 3 50 6 0 51 25 37 30 39 12 7 2 34 31 27 28 9 11 49 38 29 43 23 18 4 14 16 36 41 19 48 24 44 13 45 17 42 47 5 40 46 32 15 1 26 20 8
51 31 50 0 5 39 19 20 17 26 1 23 22 41 35 29 44 30 46 38 15 24 9 11 40 18 21 28 3 49 34 6 42 13 47 25 8 45 36 33 2 16 37 43 4 14 10 27 32 48 7 12
22 6 32 46 0 43 34 9 3 16 10 23 4 18 25 48 42 13 1 14 26 29 39 44 30 41 17 12 19 11 40 36 47 51 20 7 33 8 2 49 27 15 21 31 24 38 35 50 45 37 5 28
48 33 37 0 2 51 28 42 4 5 8 34 7 21 47 12 10 40 46 27 9 1 26 29 43 39 20 32 13 23 19 30 3 15 25 17 22 11 6 38 50 14 49 31 44 18 36 35 45 24 16 41
18 32 3 42 26 37 25 51 14 22 31 47 38 11 13 1 35 16 34 7 27 17 44 9 28 6 15 49 4 39 21 33 24 23 2 19 5 50 36 20 46 41 12 8 48 0 45 30 10 29 43 40
25 18 2 16 32 36 3 13 7 34 49 39 48 11 19 21 31 24 42 35 26 29 22 30 27 12 15 17 38 44 23 14 20 40 5 33 8 4 1 37 9 6 50 28 41 51 0 43 10 45 46 47
40 32 2 44 48 36 34 19 13 6 28 9 18 0 22 38 23 37 16 15 5 1 27 29 3 17 12 33 42 11 43 31 47 51 24 35 20 8 25 14 45 4 46 21 41 49 39 7 50 26 30 10
15 17 50 8 43 42 41 20 33 49 4 45 40 30 46 35 28 39 1 44 48 3 7 26 18 31 11 14 25 22 2 12 0 51 47 34 27 5 13 10 16 19 6 29 38 24 21 36 32 23 37 9
3 1 5 43 42 21 41 34 26 39 16 23 47 27 25 51 13 22 32 46 15 30 8 10 18 49 24 44 37 19 35 14 0 33 36 38 50 31 17 40 45 6 20 12 9 7 4 2 29 48 11 28
10 27 49 2 25 4 34 41 5 17 36 30 50 28 40 1 39 19 29 18 32 46 9 20 45 43 14 44 7 38 11 8 0 37 42 31 23 51 33 15 21 13 24 48 22 47 35 26 3 16 6 12
42 44 10 8 13 35 37 39 6 30 1 41 24 38 17 25 4 51 11 15 20 3 34 14 16 5 22 29 32 43 2 46 47 45 31 26 40 36 0 50 19 9 12 48 27 21 18 28 33 23 49 7
3 28 31 39 35 51 41 12 45 24 30 27 21 34 14 44 17 16 37 22 25 0 29 43 4 8 38 20 7 36 19 48 40 18 9 46 23 15 50 26 33 42 11 13 32 1 47 2 5 49 6 10
9 44 5 20 34 17 0 43 2 49 33 13 3 48 40 19 35 36 4 8 30 14 21 22 51 45 10 7 32 28 46 18 41 37 47 12 50 29 26 24 31 11 27 42 16 1 23 39 38 25 6 15
47 10 31 46 32 25 0 22 19 18 40 17 9 35 16 51 13 45 42 14 33 20 8 48 26 5 29 28 30 11 49 44 23 1 2 41 37 38 39 4 6 50 12 34 21 43 7 24 15 3 27 36
19 42 0 33 8 5 28 35 47 25 46 3 17 36 41 4 1 9 12 15 48 37 16 38 34 29 21 27 23 40 50 7 14 30 2 43 45 32 26 44 51 22 6 31 10 39 18 20 11 49 24 13
20 14 22 28 12 45 46 38 23 33 39 1 51 24 4 32 31 0 17 49 7 19 10 27 9 13 50 11 40 29 21 15 47 2 36 41 42 34 18 8 37 16 30 5 43 26 6 25 44 35 48 3
48 5 20 18 11 51 29 45 33 24 14 36 4 21 1 26 42 35 44 3 15 25 2 8 31 23 49 30 17 46 16 13 9 50 40 12 6 10 22 32 7 0 43 38 34 47 41 39 37 27 28 19
2 43 37 7 34 24 31 20 17 1 26 19 8 5 42 16 13 35 9 0 18 47 44 39 28 21 6 32 46 3 41 36 49 27 25 12 11 4 22 14 38 15 10 50 51 29 23 30 33 45 48 40
32 16 1 21 47 43 3 41 36 20 28 8 44 24 22 15 38 31 14 10 9 35 0 23 33 49 18 39 37 50 13 26 25 34 7 27 6 40 42 17 48 5 51 2 46 11 45 12 30 19 4 29
22 37 38 39 34 2 6 19 42 1 41 47 14 43 48 30 29 13 8 24 20 0 3 16 17 31 27 5 10 33 35 7 45 9 44 46 21 50 36 32 25 15 11 4 51 18 23 26 12 40 49 28
15 23 10 39 49 4 44 2 48 50 38 18 24 14 7 41 33 26 27 1 43 25 30 47 31 51 32 16 20 40 42 12 35 22 11 6 36 45 29 8 21 19 9 3 13 37 17 34 46 28 5 0
25 38 36 30 5 9 40 28 41 37 46 51 15 44 29 11 0 20 27 22 1 47 10 50 42 19 16 34 39 35 6 17 21 3 45 48 49 14 43 7 26 31 18 2 4 8 32 23 24 13 12 33
8 24 39 27 4 13 18 47 10 1 49 32 51 28 20 48 45 19 5 23 15 29 25 44 3 35 31 9 42 17 6 43 7 36 16 21 46 37 41 22 38 33 40 14 34 50 0 30 11 12 2 26
19 24 9 33 1 17 41 43 0 48 11 37 35 25 8 46 40 2 50 38 16 36 47 51 12 49 31 27 26 20 4 14 10 15 22 45 3 13 7 28 30 44 29 23 39 42 18 21 6 5 32 34
