73 -39 -71 97 18 51 85 30 36 -75
-34 -76 90 62 -67 -40 -89 57 82 9
-16 77 10 -54 -46 34 25 -74 -29 48
-4 29 40 74 34 -64 3 24 -64 -46
-5 -87 -62 -29 39 42 -6 36 23 65
70 -43 -19 46 80 50 -73 -12 6 61
15 -84 91 -99 75 40 66 -56 56 37
10 -38 18 -86 7 26 32 -62 -20 87
73 40 -95 -20 84 86 78 18 -22 -61
58 -78 -67 -90 87 78 83 91 -34 95
-43 90 -75 13 -70 21 -80 -87 71 -91
92 -67 -30 38 -19 -81 -91 81 65 -70
-28 97 43 49 -85 -40 -7 38 77 54
-71 84 -40 61 54 -28 33 93 -69 -19
12 91 39 20 -74 -88 -1 -20 25 81
32 10 62 -49 45 -37 -39 33 39 -68
-27 56 -90 -14 -86 47 12 46 98 53
-8 23 59 71 39 10 94 63 80 5
88 -1 -10 92 27 -18 -24 61 -33 -52
-39 -67 -71 58 -40 -63 -79 48 -17 10
67 69 -30 -69 -85 54 26 51 -27 -39
16 21 82 -56 -99 -49 83 -37 -4 40
-18 98 -38 15 -36 -56 -47 0 -25 -33
53 0 59 57 52 77 82 21 -20 -48
-54 83 -83 94 -94 -76 41 -16 72 -9
21 79 -91 -1 41 95 -9 89 92 -84
-46 -52 -83 -51 86 90 44 65 96 -32
9 -23 -23 -26 45 -50 -2 77 59 80
90 -35 99 -30 10 77 43 89 -10 -1
73 1 51 -18 20 -66 23 -43 -25 -98
15 -1 17 -10 65 58 67 -9 44 -44
26 35 70 -89 -9 -80 -60 45 -71 80
-46 -35 -43 -47 45 -63 77 67 70 22
-63 34 54 -86 -42 83 -94 64 -90 -62
-51 -11 61 92 -70 18 87 64 28 -72
-52 64 75 -81 98 26 -31 46 -48 -30
-64 -62 -71 97 32 -85 -69 -48 35 99
-82 11 -42 -63 34 -2 53 -10 96 -45
16 -24 -14 52 -86 -21 -60 78 -14 -66
-26 -37 -65 64 65 74 83 28 65 47
11 88 -90 -30 24 -36 39 -52 26 24
-19 -62 38 -51 -99 24 -84 -75 49 45
90 -82 -29 51 -91 -55 -92 -50 97 -1
-46 -54 36 -48 38 -56 -82 0 21 0
84 -73 -7 -16 31 -30 52 38 -13 59
-44 -80 6 -73 -68 94 19 -37 66 -46
-8 -36 -68 87 93 -76 -78 48 -17 0
-94 -76 18 94 19 57 -21 17 19 -2
10 -92 22 -67 61 7 97 68 -8 -36
70 8 64 22 76 -35 9 -5 51 -17
91 48 -71 -31 -17 -78 -99 32 -60 3
3 -14 6 47 -64 60 51 74 -39 -5
-37 10 -26 -65 -21 57 -88 43 -55 13
28 -42 -93 -70 85 65 -13 74 73 86
-41 -15 -23 31 -5 -6 89 -92 23 69
0 20 -6 -12 26 41 56 58 -95 6
85 0 -67 -87 -83 -24 84 -3 -41 -81
99 -69 55 -22 39 -70 40 91 34 -5
-72 5 6 -62 30 59 0 15 79 78
-35 66 6 -64 -40 -14 -13 95 73 -55
-6 71 -91 -24 -7 -11 16 -66 33 -27
-87 93 38 -99 21 75 48 -42 48 55
-4 19 97 -31 -22 26 -38 -33 28 -50
-82 -18 59 4 54 7 -92 93 58 25
-80 -85 -77 -77 -77 2 -97 -83 70 -45
-67 -42 -56 78 -82 36 -50 -2 20 15
15 62 86 -8 52 -73 -65 -65 31 -18
-72 5 47 -90 -12 19 -70 -73 99 62
18 -48 -92 -73 90 -15 -46 72 67 74
72 47 -69 0 54 85 84 90 86 28
-79 -57 -70 11 -69 81 -40 60 -89 -24
78 57 81 -59 -62 -2 -37 -21 30 -98
61 -48 -33 33 -31 8 -83 -17 46 17
-41 72 55 19 42 38 9 -8 74 -87
-56 -64 79 -52 -38 72 26 11 92 -60
-77 37 44 72 58 -18 -95 -58 -68 42
73 -99 -73 22 -96 -80 -99 41 90 -26
78 -99 59 32 -95 13 72 35 -72 49
-89 -53 43 -60 73 3 -5 73 -40 -1
-56 -65 -35 3 -29 -12 -9 -24 84 64
2 -26 -5 60 81 -21 -44 23 29 58
-50 25 5 -12 -22 62 41 -22 12 68
37 -35 25 -85 -1 89 61 -91 -29 67
71 71 -67 29 -18 12 76 -97 59 -13
-9 -96 11 -85 -16 -65 96 -50 -19 -65
21 -92 -91 19 -60 -18 -2 73 14 -22
-59 87 17 -76 75 86 -57 18 -65 -13
-90 3 39 66 21 -6 -59 14 -18 -54
96 -78 63 64 77 -82 -57 -63 74 90
48 -21 -19 -7 -77 35 45 -45 -49 -80
-6 -14 -94 -29 44 43 -40 46 92 12
30 88 28 63 51 -39 5 36 91 -48
-68 -46 97 11 89 28 59 80 66 61
76 86 -3 -29 9 40 53 -56 -28 87
15 -39 29 -75 -81 -7 73 3 -8 -28
-7 91 96 47 -51 5 -80 -57 -94 73
-77 3 -91 41 62 49 27 33 -11 65
-42 -47 93 1 -96 -50 -83 -56 -96 -18
-90 89 33 60 -18 -52 -58 38 -84 85
38 -41 -22 -3 -20 71 -14 -51 22 -39
