-93 11 88 -79 -97 -35 -94 -60 -3 10
31 -56 1 -17 53 51 66 -1 31 21
78 83 67 -87 -37 53 -49 -57 94 86
13 -97 -42 -38 74 97 69 78 11 -78
9 55 -19 -5 16 -57 -15 4 -30 -43
-1 21 -6 81 16 91 50 89 -23 -90
91 29 60 -74 -13 15 -56 -1 79 25
-24 15 0 -57 -52 -56 -16 -26 -27 -92
-52 -2 -46 77 39 76 -44 -31 90 97
-54 73 37 78 19 -85 32 94 -98 21
-15 -44 -50 61 -74 99 18 -47 94 12
80 45 96 61 -31 31 48 -95 47 69
12 85 -88 80 23 -79 1 38 58 12
-68 -68 -88 9 55 42 -36 -9 -17 62
44 -73 -52 -59 43 -46 -66 -37 23 70
30 -69 -84 -46 28 -26 63 -16 -2 64
-44 -21 -37 -81 -64 33 -36 -76 -61 14
13 -18 59 46 -44 -24 75 -80 57 10
-69 19 89 -7 -99 70 68 56 35 -53
-84 -4 -81 66 -45 -94 11 -10 -86 15
-35 -38 -12 -69 75 81 1 4 66 44
-34 -17 52 -29 -5 -90 -1 87 -52 81
-26 -93 -49 -11 -4 53 39 -6 -2 -94
50 12 0 70 24 23 17 -48 -69 77
2 -53 4 52 55 -7 -38 -92 -83 50
-42 71 12 28 -94 -58 5 -12 96 -5
60 79 45 -1 -78 78 71 -31 0 3
-12 13 -51 34 40 -46 32 -76 -22 -69
82 74 -9 31 50 -94 48 -1 5 42
83 77 -56 -50 49 51 -19 -70 -6 80
19 -95 90 -37 -1 32 45 -77 -95 -72
-91 12 24 33 -47 -2 -86 -6 45 -16
-86 -27 64 78 -64 -36 20 80 98 -41
27 42 -57 7 13 -51 -26 -79 12 90
-86 -48 -25 94 50 -57 88 44 84 40
77 44 31 -19 -87 72 -83 18 -81 -26
53 44 94 -57 92 6 -72 18 22 -29
10 49 -26 7 10 56 98 -88 6 -69
13 -77 35 36 -21 -97 87 -33 58 -41
-41 -74 30 -77 64 -63 -93 -69 98 -42
-38 -21 62 12 -13 -56 -42 53 55 7
-64 58 82 -58 -37 66 40 -40 -36 -94
-73 -95 -84 37 -39 69 44 -26 -4 41
-93 95 71 58 -1 8 -67 -74 78 25
-40 50 -54 -67 46 56 -44 -95 -20 57
-43 20 -83 -73 -63 5 -39 -74 23 -57
-60 70 7 39 95 -76 60 38 -7 -58
53 -88 58 96 78 -16 45 17 -38 31
26 -66 79 -81 61 -23 70 -98 73 -13
-75 27 -17 42 75 31 12 -42 -52 -93
46 -41 -43 -53 91 8 -60 -58 36 -49
-42 -36 -5 2 5 52 46 -45 43 -34
23 -14 2 85 -63 -93 4 55 0 -87
10 -37 59 49 -66 23 -12 -18 -52 -26
-55 16 3 -33 87 58 23 95 46 70
-15 -46 0 -90 39 -11 43 -95 -15 -40
70 58 85 0 -6 96 -34 75 -97 -47
-85 -97 15 23 -22 59 77 92 -48 55
56 -98 97 -2 -48 23 -48 53 -5 70
57 -76 25 -18 51 11 -20 -48 36 -52
5 -58 -77 37 52 -69 12 73 -23 68
-12 5 -12 -75 -67 56 -98 -87 45 48
82 9 -11 -77 34 -33 87 34 17 -50
-99 -32 -41 -53 76 22 20 95 -97 9
-79 72 92 -34 45 89 0 -76 -27 75
86 17 0 -18 13 73 -60 -10 39 -88
90 85 40 -48 74 -92 12 -31 -57 3
67 -55 -95 -25 2 61 36 -39 -32 -82
-31 12 34 -66 7 31 17 -44 27 -16
-57 5 -51 67 86 70 97 -54 -60 -24
26 16 46 -29 35 -3 62 86 65 59
-28 94 -76 -26 6 52 45 41 -84 -77
32 80 63 -16 -8 42 -3 70 -99 52
82 67 12 49 -22 -91 11 -44 9 -58
-51 -27 70 -78 8 -64 37 -42 -23 18
-55 -46 17 -31 -49 38 -86 89 -88 1
8 -83 33 -38 -43 43 13 55 17 80
-91 98 74 -17 1 89 98 33 57 99
-4 20 -85 62 44 86 -71 52 4 -76
11 68 -54 71 40 -24 -32 -88 95 -81
-40 21 4 93 81 -83 28 -5 -9 97
22 18 59 -96 -52 5 72 83 -36 -44
-24 30 -96 -45 -73 72 0 -31 -30 98
51 71 22 87 -75 -31 -4 -72 -50 68
-72 47 -25 72 -13 -27 -4 -32 -72 33
43 44 -45 -8 -1 -24 91 -3 -42 -74
47 -53 26 -25 44 -3 7 -13 -12 -15
-47 -29 16 0 11 -24 56 -81 -8 -49
-43 -15 23 -24 -58 -5 -23 18 36 -57
-1 42 39 72 9 69 -59 -5 -49 -63
63 40 -38 -95 -51 54 -24 -46 74 -86
-74 34 -50 71 37 79 23 93 -99 71
16 -56 -46 51 -52 6 -62 -43 20 -17
0 -38 36 -26 38 85 -39 14 19 79
71 -83 -8 2 54 -35 64 -65 -22 -9
22 62 58 -59 -62 -57 -1 -36 54 -39
-70 66 -29 -2 0 -52 85 12 -89 -31
-96 13 44 -7 5 49 41 8 -12 -73
-66 -93 77 -87 -78 -97 69 16 -12 83
93 -3 76 69 -31 19 -80 -54 -50 -12
