-16 -94 -41 -30 -50 61 86 -67 99 23
-29 -62 -29 -29 -45 -98 30 -49 56 -14
16 -86 -38 -63 47 -1 -73 33 19 -72
20 -94 67 95 -70 -78 -60 95 76 71
16 -4 86 50 -61 32 99 17 -89 -10
74 -45 0 5 4 -25 9 -65 13 61
32 92 -90 86 -13 39 -64 25 -91 -71
16 -19 -79 4 -28 -19 -10 -1 -66 28
35 69 -53 -83 70 -48 95 -12 -24 -36
53 65 -91 -32 -34 -76 -30 89 -40 -85
-59 -29 2 0 43 -67 30 -65 -14 -29
14 -13 -41 78 -90 12 -56 -39 75 -92
23 27 41 -17 -75 -18 -51 64 18 68
-97 14 -25 4 -35 -29 -66 -93 53 -70
50 -57 -57 87 -87 50 33 -72 -22 36
-84 53 -29 -56 -55 69 -39 -8 -26 -14
-16 12 74 -56 -85 50 -36 -61 51 15
-80 -2 33 -16 90 -78 -30 7 88 -61
46 -98 90 14 62 -6 -19 -13 84 87
26 -84 35 -14 -63 98 24 71 4 -22
-61 -96 41 81 52 23 -35 31 -94 -31
65 -16 42 -62 93 -31 77 52 -59 20
54 55 88 93 -88 -10 84 83 -4 -69
-72 0 -93 -14 92 -18 24 -36 49 13
44 61 7 -35 26 -21 64 -75 24 -42
-39 51 -61 49 -61 -18 -28 -90 19 -5
82 -27 -98 58 -75 11 39 -81 -50 -14
52 4 -42 -32 -90 95 -27 43 70 -30
-84 81 70 -73 -36 -30 66 73 -98 -28
7 -16 60 -89 -21 -14 0 -66 -43 22
18 -81 81 -10 -79 15 -6 -58 -56 0
39 -62 3 43 -57 -67 80 79 -16 -16
47 -24 9 52 -96 -54 48 -34 -4 -56
-87 31 97 -25 -53 1 14 -16 -16 35
75 -42 41 31 -82 85 3 50 99 -70
-74 67 1 70 19 74 21 -79 -23 67
57 -14 -38 30 -34 50 34 -84 -55 90
74 -22 40 -94 -40 -75 32 -93 10 53
34 6 -95 31 -5 -74 -69 2 68 -23
-46 -47 -40 -54 -98 -88 -99 -24 -63 -74
83 -63 -87 -28 -48 -69 -39 69 -51 -36
-57 -15 35 -78 82 95 13 -7 8 83
91 -76 -13 13 52 24 33 -23 73 81
37 14 78 -28 -45 -39 -95 -8 -9 98
-2 44 -8 5 14 65 33 -63 78 97
60 -54 -18 0 47 -63 -34 73 31 0
78 -79 -76 -83 91 12 27 9 -49 -81
5 -58 -2 16 32 -58 80 -52 14 -23
-91 -25 23 6 37 6 73 -91 10 95
-43 64 98 7 -64 92 8 -39 13 7
-35 27 28 -6 91 94 -63 -83 -79 -86
-30 86 96 17 -23 0 -97 48 86 33
-41 -88 46 -95 51 30 25 83 9 -61
70 -75 -2 -68 -60 98 7 14 -60 48
14 49 64 -59 55 2 24 40 44 53
1 -38 -45 68 -98 0 -80 -98 -1 -49
-19 37 72 -52 76 -97 -40 9 97 78
-65 54 20 53 -20 61 50 48 -17 23
85 42 94 -65 -67 29 -50 -37 -79 -45
-48 55 41 -20 27 4 0 13 -88 40
94 73 33 72 -36 -58 33 98 90 61
14 93 -16 80 61 53 95 95 12 -83
-44 -35 -63 -44 -31 8 -23 -78 76 -53
-47 43 -50 76 -97 -55 -16 37 -35 -46
-26 10 86 15 -21 -2 84 37 46 5
-17 10 -70 -8 78 -9 -39 -77 21 -71
22 -49 9 40 -40 14 44 24 2 -57
84 46 -4 68 -97 20 30 -11 4 64
-17 92 60 26 -74 -17 -59 -58 60 -86
-97 87 18 73 51 39 52 16 38 50
-3 -60 -30 57 -85 66 55 79 -94 -51
31 7 -30 19 94 -81 68 56 -90 56
50 38 -69 -32 -92 40 26 -20 -95 61
-17 55 -63 -20 -99 -12 -18 98 -92 -55
93 -7 57 -29 -51 -34 77 -43 -67 0
-67 72 40 -61 -90 52 -77 43 36 44
-66 -58 55 9 44 -69 -48 -95 -38 50
66 -60 34 48 55 -34 -61 -37 41 -22
-33 -34 -60 59 -50 -35 -65 42 61 -30
-41 -57 0 -52 83 -38 -97 92 -1 -70
73 -4 -36 -32 22 -57 -32 16 -42 -94
21 76 54 14 66 -2 -85 -62 33 16
46 30 -26 90 67 -73 -96 -45 96 -6
77 -90 29 -93 -77 10 12 30 84 47
-24 83 28 30 -63 58 91 0 -6 -98
-48 -34 22 56 30 -69 -5 51 -42 -53
86 -6 -72 -70 89 -43 0 55 -51 26
-22 51 -55 61 -86 -4 -26 -98 -34 14
51 69 35 79 -17 1 78 46 44 -79
84 -16 99 9 93 -85 -91 10 -30 8
67 -77 -35 -51 -40 -75 58 81 -26 72
-54 -96 -2 -82 29 3 -14 -88 95 76
-1 -66 -68 76 -23 -58 -71 -65 53 98
-43 -51 50 -26 -38 -28 -1 -94 49 -87
-58 -86 -85 -55 59 -83 3 -91 -86 76
10 -18 88 -8 10 76 -69 96 -32 -19
38 -26 98 -72 96 74 0 -7 -74 -21
72 14 69 68 6 62 -21 8 -9 -98
30 26 -16 -92 11 19 -1 37 63 38
-85 6 27 61 14 24 -88 -25 -37 -76
