-90 -91 74 -42 -58 -29 -26 -19 45 -89
-46 65 -62 -19 -71 -96 -86 -14 59 -82
98 24 92 -22 50 -31 69 -51 81 6
11 -76 -15 -57 -98 -45 15 -85 -40 -33
13 33 -79 6 -65 -38 74 -39 -32 -27
-6 3 -56 -81 -43 -47 -40 95 37 -77
54 74 82 64 94 69 -35 87 94 11
-25 -34 90 43 -8 12 1 -49 22 24
-70 -80 -85 -33 -70 0 62 30 -2 3
24 -7 0 -35 90 -94 33 -54 -31 39
10 -7 25 43 32 -70 -56 -42 -40 -89
-22 78 -29 -30 45 -4 17 19 -55 -66
-40 -7 -73 -25 67 74 32 -3 -51 39
15 25 87 -41 -29 42 25 -1 76 -62
76 -80 -39 -3 -90 71 31 71 21 51
96 91 71 42 82 92 -18 68 -26 -74
-40 -50 40 0 20 0 86 0 25 64
23 -11 -19 -70 -23 -47 -90 -49 82 10
-15 -9 64 -86 29 -27 -74 87 -92 57
-30 -54 90 60 28 76 -62 2 -79 -86
-7 13 -91 42 -71 -98 56 90 96 -83
69 -13 -33 97 -80 8 -12 -14 77 45
-22 43 51 8 -79 10 -46 -1 -93 -14
-96 -41 -53 89 72 50 45 -64 59 -60
85 28 81 96 40 92 -65 4 13 95
-62 9 98 89 -99 5 27 14 87 61
51 89 88 -75 -52 -53 46 65 54 95
68 -24 11 -47 0 13 -91 51 -77 -76
3 21 -36 69 -5 38 -9 26 -82 -32
-45 34 -1 84 29 20 22 85 -19 -45
-89 -31 -7 -69 12 84 98 -44 13 -1
63 -89 -93 56 -7 49 -70 -78 1 6
88 -62 44 6 -83 96 27 -4 87 91
58 63 27 -40 -24 39 73 -63 91 98
74 -25 -83 -78 -93 0 61 -13 4 6
92 71 83 37 -47 27 94 -10 -68 84
-58 -62 -3 72 96 -65 -6 78 -27 25
-39 93 22 -98 51 94 -61 76 -11 49
71 -70 -98 -46 -95 54 53 97 96 -29
-14 -22 -44 92 -71 69 -1 -99 76 -54
48 -67 -54 29 57 -20 -52 -69 -85 6
-83 -2 -13 76 81 99 -40 -31 62 63
10 -35 89 82 85 -30 -12 10 -48 -29
88 37 -21 -92 33 10 79 17 -47 -88
-73 56 36 35 14 -97 -82 57 -77 31
-78 -20 -39 -91 18 -38 87 -50 14 -61
-77 55 92 -71 51 -12 17 30 8 14
-24 71 -96 -72 42 -50 -33 47 85 -65
-72 -6 -90 15 -78 41 24 59 22 -95
11 41 -31 63 -84 -45 61 -9 10 55
-8 -74 -91 51 -49 52 -71 5 33 -56
-56 -58 -69 -48 -30 99 -45 -7 43 72
-66 -60 35 13 -81 49 95 -8 22 47
-24 -99 -93 -17 7 95 68 -8 80 -59
-88 14 -55 58 -1 94 -95 -85 61 -49
-27 50 41 -46 30 79 68 -62 34 -41
-29 -58 36 21 80 -86 47 -35 -87 -95
-71 26 -6 91 14 3 -85 -38 3 -48
-58 72 78 -87 12 -10 -90 -55 -86 -62
-51 62 -98 66 70 -31 -3 68 -29 -97
9 43 85 39 57 17 70 55 -71 -77
-63 -60 11 -75 -22 -67 60 82 -18 89
1 -35 -25 -6 22 52 -73 20 66 -19
-79 46 51 75 92 85 60 35 -85 95
-36 69 -88 37 64 27 -84 8 78 24
87 48 18 6 39 -65 -97 -75 90 -17
-37 -21 86 -85 87 26 0 98 -36 -37
30 -21 40 -4 -84 57 4 99 -49 70
-89 36 -62 -1 -97 -16 -3 41 -91 29
-60 -51 95 -92 48 -89 80 40 54 -20
-24 -13 -98 -90 49 21 -68 15 -16 -67
-59 -50 24 55 -13 51 -57 31 25 -36
80 56 61 -35 5 75 -78 45 -62 91
-29 -27 18 8 65 -88 -47 77 9 -22
-40 12 -32 -42 -8 -46 -24 30 65 73
3 77 2 -24 18 90 54 41 -64 -37
21 87 33 -40 -75 -42 20 37 -75 -25
51 92 35 -9 80 -59 26 -89 57 19
68 -67 -46 5 51 -75 64 29 35 13
-46 -22 -26 -12 5 -28 -76 -6 12 -27
-99 49 58 55 17 -1 -77 21 -48 73
-23 -15 -73 17 94 26 37 39 -52 16
63 -17 -32 83 29 54 -61 38 53 -10
-91 -50 73 37 -64 58 23 95 83 93
51 -88 -37 39 -74 46 45 2 -87 -56
34 50 -63 -25 -39 -66 75 -57 -11 90
-52 79 -82 29 -32 55 93 -63 60 -15
67 -67 97 87 35 47 93 9 -24 22
22 -25 24 -4 -65 -58 -10 29 -9 17
-99 66 -44 93 67 -31 65 19 73 -99
-96 -90 -8 79 -45 -83 36 -92 -12 -5
21 49 21 41 97 -8 -19 -86 -87 -27
-44 -20 31 -97 -10 23 42 -32 -42 -49
46 99 79 26 18 19 -31 -73 12 45
68 66 -75 -3 29 -30 -12 86 19 -16
-73 42 38 65 -3 8 8 99 62 87
69 75 48 63 -20 97 -24 -11 -40 90
-59 29 7 32 -88 -29 -65 66 9 -81
35 23 40 -27 -21 -5 0 11 -51 25
-25 30 -16 47 -35 29 -65 0 -90 79
