-78 47 15 54 68 -85 -26 51 -28 -72
48 -49 37 44 54 76 37 -5 -99 63
4 -81 90 98 63 35 -92 5 -35 39
-68 59 2 44 -1 75 -22 -7 -31 61
82 1 1 39 -51 -6 1 -50 59 -84
60 30 -36 -25 0 -57 -90 -28 -54 -52
-76 -2 90 -3 -72 -25 97 11 23 48
-3 75 -69 0 -65 32 -65 38 -64 64
-95 -37 57 84 -44 -22 -72 -71 -60 -52
64 -13 -93 77 -34 -44 81 -21 5 14
-15 66 -86 -20 7 -98 -19 49 -1 43
99 31 -73 -85 59 -46 -10 14 78 -25
75 17 -98 -88 11 83 5 -15 -77 -57
-2 -31 -35 55 -12 22 -69 3 64 -9
9 -78 -84 98 -64 0 22 17 -39 -42
89 47 51 -99 -34 -51 68 63 -54 31
58 -13 11 99 15 -41 27 -30 28 -31
84 -56 4 55 77 -6 81 0 -97 -40
25 -4 -69 56 -80 80 -31 60 -82 27
66 -66 -93 31 71 2 40 -75 12 -17
-73 -73 -3 -66 83 1 84 68 -47 29
65 2 -55 -38 -55 53 5 -68 19 -71
-8 -24 82 -84 8 82 46 -91 -90 -96
72 -10 15 -96 54 -99 96 18 -48 -42
-78 -79 -10 26 36 -98 26 75 69 -53
94 16 -26 -99 73 -92 47 -13 84 -93
1 63 30 -30 -17 -28 -72 59 40 -30
-37 -4 43 -86 15 20 50 -43 -82 45
-77 56 -98 -26 27 -2 -25 94 -25 -9
99 16 28 64 -59 -34 76 58 -60 39
81 42 52 -65 -20 53 71 93 -73 5
81 -89 -65 71 66 80 -90 75 -18 -96
-41 97 34 80 -65 -29 53 62 77 32
14 71 95 52 -21 83 -46 66 34 0
44 17 20 36 -45 -43 32 85 3 70
58 72 0 -21 60 0 48 41 -5 -81
-50 88 65 -71 6 16 30 55 -62 -41
86 6 -8 -77 88 99 65 -83 -21 -26
-80 99 -14 -49 7 -23 -80 33 -7 48
-21 -8 -84 -14 -8 -27 58 83 -17 -59
-98 -53 -18 -90 -82 79 -45 60 97 -21
27 5 -80 56 -6 -28 -67 39 -34 50
91 -22 5 -89 14 42 -77 -97 41 -5
-17 54 -54 -31 -8 -95 -43 -10 82 92
-58 -54 12 -88 -3 94 82 -3 20 52
59 -31 4 85 -1 -34 90 -26 13 49
-14 94 67 88 -98 -26 -13 -57 91 8
3 -73 -67 32 -71 -4 44 62 47 4
27 -23 -75 -44 -65 -74 -6 -18 54 35
30 3 0 80 73 -1 -80 80 50 -2
-83 -77 35 80 53 83 43 -48 47 -14
-88 4 -1 65 28 -58 -77 -23 95 -18
25 -32 68 -73 20 0 84 -34 25 -28
41 40 68 61 11 -86 36 -69 34 53
-12 74 -33 2 72 -58 7 99 -1 -78
75 -31 -95 55 -72 -21 -26 -75 68 57
-49 90 82 -32 12 68 -77 92 72 53
34 56 -99 70 40 8 -27 40 -99 66
-82 2 -76 -11 -53 84 -63 23 -80 86
-86 0 22 -43 74 23 -74 12 17 25
42 -30 -28 91 -79 47 -46 68 -80 90
81 -12 -50 42 39 18 -90 84 -49 -38
65 77 59 62 10 3 74 53 -45 -54
-68 -5 -6 63 -53 -62 -97 8 -89 96
-54 -84 80 99 -13 -76 26 -42 61 74
94 -30 48 -16 95 -48 -28 -13 12 49
-21 75 89 -40 32 55 43 -3 -80 31
-56 -74 -14 99 59 -19 43 64 15 55
46 41 17 -96 88 45 -91 41 -34 -76
-3 -58 92 74 -68 -70 -95 4 50 87
77 -59 -83 41 58 55 -2 -56 -25 88
-89 93 30 -24 -91 -57 -85 -76 13 26
55 93 -36 -6 21 -46 -34 25 45 -30
86 -52 38 5 -99 -1 -57 -5 62 -74
6 -84 45 62 -84 40 22 9 -5 28
-62 -41 5 -74 -60 -59 -26 79 -98 -14
28 -91 -97 75 81 -59 98 -17 -80 14
-16 -76 6 79 -40 -14 -1 -78 15 -84
11 -14 -77 27 -7 61 -4 75 -32 60
52 84 67 -86 26 54 -55 80 -69 50
-15 81 -19 67 -93 0 55 -66 67 17
-52 -13 -44 -60 -61 -41 -82 51 2 -26
6 37 99 -63 70 6 43 4 63 -65
97 -2 -47 -13 -34 -25 -73 -85 23 72
35 -73 4 -81 -15 11 -33 -6 48 2
-67 47 22 -61 6 -14 5 -45 95 16
88 -70 -45 -64 -91 -92 91 -78 -60 -77
56 76 95 -94 58 -47 78 -42 19 -76
-36 -8 -37 60 -16 -18 -49 10 -71 43
2 -29 -33 30 -89 14 80 74 -17 -60
98 -90 29 12 -58 87 -4 -16 24 -31
-10 -6 -15 85 69 77 14 43 69 -82
-65 -17 37 -81 56 -74 79 68 45 -95
29 -22 27 2 41 -75 84 -79 -14 -84
82 -37 29 79 89 -53 -92 7 88 -81
-14 45 -19 -29 -65 13 -34 -39 -35 8
76 93 24 8 27 -16 -1 28 43 3
-25 -69 -18 51 -17 59 -59 99 0 -10
-14 -57 4 -16 -95 51 55 74 66 33
-77 -12 -21 -84 96 -27 -50 53 56 26
