-69 -43 38 -95 90 8 -78 -94 2 -25
22 -16 -29 40 0 39 -67 -71 -74 -40
93 21 11 -67 -71 98 -5 -73 34 -44
31 -83 64 -16 -6 85 97 -76 61 -29
92 93 -12 36 5 23 82 -48 -20 19
-17 -36 -2 -78 -95 -73 57 -83 72 25
-63 -4 -46 -74 30 23 -22 -66 68 62
94 -49 -92 91 -78 96 8 49 -98 98
14 66 -34 50 -12 -85 -26 36 82 -55
-54 53 5 -94 95 -4 -86 24 63 -51
67 75 -40 69 82 -82 97 -46 -8 55
44 -11 75 -93 -88 66 36 70 -82 -36
98 -6 47 99 35 57 91 22 -77 43
85 69 -45 -7 -11 -88 95 -99 60 -32
-92 -43 -54 -49 -89 -51 14 -9 1 52
-92 88 35 88 -28 -46 -63 65 -19 -95
-96 -30 -30 -74 -33 61 33 47 -92 98
52 97 65 75 31 30 -11 -6 -20 59
49 -34 -80 -71 -41 82 2 10 -82 17
-78 37 64 -42 85 24 -26 -18 -82 40
-5 52 -23 3 45 -70 -69 -49 22 19
-66 5 -51 10 88 -97 -64 -19 -55 36
-94 52 -80 -97 -85 38 69 -73 59 -88
-55 -29 -56 -75 71 -44 88 15 62 -22
88 -82 -44 96 -82 26 27 41 -24 -18
95 -9 -41 -75 -32 -96 85 36 -57 50
20 23 17 57 -81 -23 24 -55 64 -12
-33 56 80 -63 91 11 -13 26 -58 34
-2 25 39 -9 -71 47 -65 90 -12 20
-33 -75 -2 -18 94 90 70 81 -43 40
-79 55 69 39 0 38 96 43 9 -18
77 -56 66 0 45 6 -66 -29 24 -13
98 -57 95 97 -86 -37 -4 -5 -76 -28
60 -64 40 62 17 -8 -52 -71 57 -63
9 96 9 47 75 -17 41 33 61 9
-56 92 59 90 -21 13 -41 -24 -78 1
33 79 -15 84 -35 -77 -23 20 -91 -38
3 21 26 -57 -47 -46 -79 -5 -94 -78
-22 67 58 -33 -61 54 -35 -55 32 40
-36 35 -1 -61 88 -47 77 -27 -32 20
-84 59 -64 -9 49 76 33 -92 -54 33
-64 9 20 -72 0 65 -13 -42 -18 -2
-19 65 -30 83 -17 -79 20 33 -18 -36
45 39 27 99 93 -51 -48 46 47 -21
54 84 -52 84 -70 85 -91 -6 84 -94
8 -12 17 -26 -17 98 47 -55 85 88
-45 51 78 44 -16 -40 76 -41 23 -76
-2 -23 34 -86 -9 95 81 10 86 -11
-6 -43 -41 9 -63 10 44 -57 46 -64
-11 61 -62 -13 -39 -6 -1 92 -67 84
27 71 -56 51 75 91 -31 23 81 -17
-63 -40 -20 -36 76 93 -73 -4 38 6
-79 -18 -81 65 -37 -24 46 -72 32 99
99 -24 31 -83 -23 -3 -82 -67 -3 36
-29 -49 -75 -7 -81 -17 1 46 64 -16
96 64 79 -6 -46 -37 -9 -61 -75 -60
-6 99 50 90 61 69 0 25 23 -53
34 53 33 -36 -14 -13 0 20 -16 -31
-77 12 -56 -29 67 -20 73 -8 60 -4
53 -66 -26 4 86 6 -81 -43 -86 15
50 -4 -35 39 92 -27 -79 -37 -22 85
-43 -10 -63 21 86 9 -41 63 83 57
4 21 2 -86 -13 -8 -50 -51 50 -39
-65 -58 -74 -79 9 73 91 -52 -73 0
-86 36 43 35 66 50 -15 -82 -99 2
75 -81 -51 27 0 -32 4 -38 76 21
-26 49 64 46 -55 56 14 -4 -26 86
-73 66 -57 -16 -98 -45 77 83 57 -93
-16 -66 11 -20 41 50 -94 -62 83 -58
94 -80 -97 -92 -94 -69 -9 90 -45 54
-91 46 0 80 74 -86 -14 97 50 5
-1 -23 -50 97 -92 70 -25 -29 -3 -96
70 87 -16 92 82 0 -97 -52 -93 76
-80 -52 -8 70 10 52 -20 98 61 -76
-99 55 55 -33 -18 46 -78 -5 52 59
71 -88 -37 -48 98 38 81 -9 -66 -83
-99 16 82 -52 -84 56 -29 27 97 -92
98 28 64 90 -8 6 24 52 -55 21
22 89 36 62 26 24 54 -31 71 18
88 63 -28 30 -72 80 15 -14 -6 -98
37 80 28 -71 -18 17 77 64 21 41
-37 4 42 -67 25 1 -38 -37 89 48
-46 -52 -1 68 -11 -72 -68 -59 -34 -99
94 -91 5 68 -40 -97 -40 1 12 -48
9 54 25 -73 76 -35 -78 62 -99 -56
-83 93 20 -65 -98 -20 52 -68 -25 -30
42 -66 49 41 47 55 -79 40 -54 65
62 41 66 1 53 -60 88 93 -25 75
-30 -39 20 50 -37 9 50 46 -21 -93
-83 -20 56 2 -67 64 -77 -69 55 -76
-46 -50 -25 83 12 37 82 42 -20 -73
-71 -43 56 -54 -68 -88 -62 18 -54 71
-11 -6 72 -78 16 -36 7 6 9 -57
60 -77 -35 98 52 58 -17 73 16 54
-28 11 30 -66 -54 -72 -31 -71 -73 -24
45 -45 70 -36 29 1 10 82 -4 87
26 84 -61 -8 71 13 93 25 69 14
-13 -9 -81 17 -46 -71 5 -49 -32 -20
82 -76 81 54 -41 -90 -98 50 -62 35
-55 78 -65 55 -77 -23 27 -7 -14 28
