40 90 -45 -2 -26 -16 -66 91 -49 -79
37 -82 95 -1 -3 5 11 4 25 45
-45 19 5 -43 -48 35 -54 -22 -70 -84
-29 3 45 82 -64 -21 -79 -31 21 40
-6 24 56 89 -43 -76 -25 92 10 41
94 -97 -52 82 27 15 26 -96 -36 91
-41 -10 32 -85 66 -16 63 49 65 52
29 -97 66 98 10 69 24 -93 78 44
71 -2 95 75 -78 18 -92 -29 93 -90
82 76 21 87 92 -47 -98 16 63 0
66 -43 43 64 38 -20 4 -75 16 52
5 39 7 13 36 -10 -4 -4 -9 -83
23 65 -32 86 66 82 -67 74 96 -95
-30 92 0 -72 -86 -19 20 -85 -7 -49
16 40 82 11 57 -24 57 -15 -16 55
53 26 68 79 -8 3 46 44 -16 -37
-44 -19 -17 69 35 -67 17 -44 83 56
-46 19 -38 78 60 -39 79 27 1 -98
71 -90 -17 -16 71 74 -22 -66 94 59
-33 -61 -41 -77 -95 -42 -97 -38 61 54
-74 52 54 -93 71 -4 -77 65 -34 18
-26 -62 -43 31 15 81 23 62 -13 -59
13 8 -10 -61 -87 88 90 46 99 43
-84 -13 8 -33 73 -19 66 89 37 -80
2 -11 -80 85 -5 24 35 52 83 -77
22 13 26 -41 -15 15 -7 75 83 78
-87 -41 90 -29 42 11 -45 52 -71 -92
-55 -32 -54 -42 46 41 57 5 48 -65
-22 -20 -69 -49 83 -98 -44 -66 -23 -34
-19 -70 64 -47 -56 49 -18 23 36 21
-64 58 -36 -37 -9 16 42 25 -56 49
-32 99 38 -86 -80 92 76 98 -24 -42
52 -39 82 96 -86 -92 35 -99 -23 -27
20 2 12 -84 25 87 12 -88 -84 -57
25 -78 88 -27 0 65 -15 35 77 24
-88 -42 83 -33 -34 16 -65 94 41 99
38 -56 -79 75 -6 56 -96 -52 4 47
-82 88 -11 -15 -47 -63 -21 -14 66 46
-57 50 -32 -47 -66 -53 -42 -36 96 66
-34 91 80 -50 -14 31 58 -77 58 65
97 89 -61 -14 68 -67 -54 -5 46 31
44 5 -98 78 -22 -54 56 70 -25 -30
76 10 -67 73 37 86 -97 79 -70 6
73 -1 17 14 8 36 -64 16 54 -91
-68 14 57 38 -27 -64 36 18 0 -11
-51 27 37 -43 88 35 -11 37 -40 30
78 18 -67 17 15 -81 -72 -81 16 -99
89 -77 -29 25 26 -1 17 79 6 86
-82 -34 -19 31 90 38 0 -13 25 -63
72 -4 22 -33 -63 -26 -52 76 -94 24
23 -81 -30 64 96 65 82 -88 -22 -17
67 74 -13 89 44 55 97 -76 -38 -29
53 4 -18 34 18 17 61 -77 -65 -37
-64 98 -63 -96 77 0 -10 -75 21 3
27 -50 -15 -76 37 64 72 23 -89 37
-71 -54 -32 -25 -49 -37 78 19 -54 -15
-55 -51 -75 -68 -69 68 58 -14 41 -65
85 92 36 56 20 -68 -61 -78 56 -94
91 -62 -10 -93 23 53 -3 0 -7 -85
98 -61 48 5 4 90 -39 -63 -23 12
-12 -69 45 67 -65 -50 56 53 11 -43
69 66 19 34 17 41 -88 -39 -34 2
85 -42 -88 77 44 -37 70 88 -50 86
59 41 58 -79 2 27 -21 -12 57 12
94 0 -95 -79 -78 -52 -12 80 77 3
75 93 26 -91 44 86 52 -32 -80 0
1 78 65 99 59 37 39 -96 -61 -84
60 35 34 -51 -50 35 42 60 -91 -47
-42 4 98 -54 95 68 54 -82 62 -91
-28 8 -12 37 -22 10 79 15 -23 0
-29 27 -52 77 -97 -20 -90 65 20 53
-57 19 -1 -22 -83 20 77 -25 -48 -70
29 -80 -14 55 45 -40 71 74 -91 -64
53 -22 70 -20 80 -38 38 -93 -78 -97
83 -82 31 24 -45 -12 35 26 -10 -90
2 -38 -72 -94 -7 -98 32 -99 -2 -68
38 -67 79 73 40 12 -5 -84 53 92
90 -84 -57 -40 -9 40 50 -65 -89 -86
14 22 48 16 51 -8 -29 3 -77 59
-96 80 36 13 5 15 -4 47 -73 34
-78 -34 81 -60 16 10 -42 -14 80 -97
-2 -80 -51 74 -47 -44 88 -24 34 -39
-82 62 18 -22 59 -35 51 -75 -57 3
-56 -50 45 -1 -69 -84 -55 75 -78 87
95 -90 89 -58 -60 1 -71 -98 42 -6
15 40 -60 23 57 37 -85 -27 -79 -36
-65 -21 86 -37 -18 59 -19 2 -64 -44
-96 -69 6 -69 -67 -58 96 16 -47 95
-94 91 -45 61 -74 -13 -43 0 24 -93
65 87 -4 -32 74 -77 13 -29 -3 -71
-65 6 90 18 73 66 -3 28 76 65
-50 38 41 -97 -68 62 40 93 5 19
91 17 -57 85 -7 -30 30 -37 7 -41
58 60 54 71 -76 68 -96 -81 14 -77
-80 75 -81 92 77 13 22 16 16 44
-19 -87 79 34 84 -67 -79 36 86 37
-2 -4 -32 -35 -83 79 -6 -99 -97 -99
-95 54 -71 72 -74 21 -78 -75 -32 61
93 11 81 -98 -90 47 30 73 -53 28
-56 -88 7 -77 -13 97 35 89 31 54
