8 14 11 0 32 2 27 19 13 42 40 17 50 31 25 18 39 15 1 45 29 34 46 30 49 10 41 44 9 28 47 37 38 23 48 5 12 36 16 21 24 4 3 26 20 43 35 6 51 7 22 33
0 17 13 23 29 20 30 27 32 38 7 50 35 26 12 44 8 28 34 16 39 9 2 43 36 31 41 33 1 51 45 5 18 3 25 4 48 19 42 22 37 49 24 40 14 47 6 15 11 21 46 10
30 12 46 36 44 45 33 15 9 4 0 17 24 13 29 49 40 26 5 27 42 16 1 31 20 11 14 39 34 25 18 22 43 28 7 8 3 10 38 50 2 41 51 21 47 23 37 19 6 48 32 35
42 23 29 17 27 5 41 1 8 15 35 19 32 6 44 2 18 28 47 43 4 25 3 21 13 0 16 24 9 48 49 11 10 37 38 7 33 40 46 12 51 31 36 26 30 22 20 50 45 34 14 39
10 32 4 44 34 15 12 9 3 27 8 11 14 47 21 19 16 39 40 41 20 1 46 31 29 6 37 45 0 5 28 18 42 36 51 33 2 26 43 49 22 23 17 30 38 7 13 24 50 35 48 25
6 23 35 38 42 44 10 17 11 39 9 47 3 8 13 0 50 21 33 43 20 48 12 29 40 4 32 24 19 36 22 31 14 7 5 28 46 27 37 2 1 45 16 30 26 18 25 41 51 34 15 49
50 30 20 29 31 34 49 14 4 27 19 6 32 25 35 21 3 46 28 33 23 0 36 39 48 12 41 2 26 16 15 13 47 18 10 44 45 51 22 38 43 17 1 37 5 11 42 24 8 7 9 40
47 46 1 49 32 45 22 50 16 21 28 33 34 30 43 51 5 27 39 14 9 44 48 7 20 17 29 18 31 4 23 19 2 8 41 40 35 13 38 11 15 10 25 42 24 26 3 6 37 0 36 12
37 42 7 25 48 27 11 38 17 29 13 18 5 36 23 33 1 26 28 32 45 14 4 34 50 30 9 41 43 19 21 47 40 3 2 8 22 31 16 49 46 24 20 12 35 39 44 10 15 0 51 6
41 16 8 12 22 45 39 18 15 44 2 19 34 6 0 11 9 13 14 50 38 17 30 24 32 26 40 35 37 49 42 28 46 3 48 23 51 29 4 43 27 47 20 5 31 1 10 33 7 25 21 36
42 36 9 49 7 22 20 47 8 13 29 4 50 3 34 12 45 51 39 23 0 16 46 10 31 43 18 24 33 26 35 5 30 14 21 2 27 1 38 25 37 28 32 48 19 17 11 44 41 6 15 40
33 15 38 48 19 35 21 2 17 40 25 13 6 46 10 4 43 14 51 28 18 36 27 30 50 16 37 20 22 44 8 32 5 41 26 34 45 31 24 11 42 12 39 1 23 0 49 3 9 47 29 7
13 41 23 50 21 48 5 33 10 2 11 51 36 44 35 45 19 24 8 31 4 17 40 32 9 47 20 6 43 18 39 26 38 25 7 29 46 27 34 1 14 22 28 16 49 42 0 37 12 3 30 15
22 4 46 45 39 30 16 25 7 42 31 9 28 33 24 18 3 35 41 6 26 1 13 38 17 44 32 2 23 51 43 49 21 5 37 14 47 12 20 11 10 15 19 40 29 36 8 0 48 27 50 34
42 2 12 26 23 11 48 29 35 17 32 4 1 47 18 22 19 21 10 34 9 40 27 0 24 25 14 46 28 20 3 30 6 50 49 37 38 51 33 7 31 13 16 8 45 36 5 44 15 41 43 39
13 23 38 44 36 51 34 27 15 16 7 41 29 26 12 37 47 31 0 6 3 2 39 4 30 24 50 25 20 17 28 19 8 49 5 40 10 14 1 33 9 48 45 11 22 32 35 18 46 42 21 43
28 15 30 8 7 17 16 9 47 4 25 22 43 10 5 14 37 26 44 40 18 31 3 6 33 21 46 2 27 1 13 36 51 29 12 45 20 0 48 39 34 42 32 11 41 24 35 50 49 38 19 23
25 20 18 35 16 22 43 30 49 33 38 41 19 12 9 6 3 17 28 1 13 36 39 8 23 37 31 29 46 10 24 42 5 15 34 26 40 11 27 14 47 4 48 21 50 0 51 7 2 32 45 44
20 8 6 2 16 46 38 31 18 17 37 0 19 43 30 26 25 50 27 28 51 29 36 1 12 7 39 32 14 33 47 10 13 45 48 34 11 24 49 4 15 23 9 35 5 41 3 44 42 21 22 40
32 9 17 40 50 38 7 24 34 44 12 14 1 16 26 47 23 27 25 19 18 35 33 36 41 0 48 29 20 31 15 4 37 2 39 46 13 51 45 42 5 49 6 30 28 21 8 22 43 3 10 11
15 20 21 51 43 0 6 10 16 47 33 39 8 18 41 50 36 27 3 42 19 38 49 32 34 17 26 46 2 11 22 25 29 40 28 14 1 24 5 48 7 23 35 31 9 12 4 37 45 13 44 30
2 37 0 45 42 32 11 13 22 43 23 39 24 33 5 26 36 30 28 10 6 12 16 35 21 41 19 1 9 31 44 15 47 27 17 38 4 50 25 20 7 29 51 18 3 46 48 49 14 34 40 8
48 29 3 22 39 18 44 46 26 15 11 9 10 5 49 51 30 21 6 0 28 41 40 45 24 31 12 20 50 16 8 25 27 42 32 37 34 47 38 36 19 4 7 43 2 1 14 17 35 33 23 13
37 14 7 41 10 32 35 19 4 48 5 27 47 22 30 13 9 18 45 21 3 43 34 39 1 38 0 26 12 28 24 25 44 8 51 15 16 50 20 2 49 11 29 17 42 36 23 40 31 46 33 6
12 35 1 40 44 45 3 11 30 38 4 50 37 16 7 46 9 29 42 28 23 8 39 49 34 22 0 25 2 24 41 31 18 14 21 5 6 26 43 36 47 51 33 48 15 13 19 32 10 17 27 20
3 5 38 4 29 31 35 39 15 13 32 42 40 37 47 30 26 34 16 22 25 11 21 14 46 8 24 17 43 12 41 36 18 51 45 2 50 44 10 48 28 0 9 1 19 20 6 23 27 7 33 49
44 49 23 9 22 15 19 4 47 28 21 33 42 50 3 17 10 31 27 11 18 46 16 13 1 43 30 2 12 51 26 34 48 0 41 39 14 8 7 25 29 20 38 6 35 36 40 32 5 37 45 24
40 17 14 15 31 13 22 25 3 30 8 33 29 51 37 36 9 50 4 23 32 44 12 49 1 48 41 7 34 24 19 45 21 16 28 10 18 46 0 5 39 43 6 38 20 27 2 47 26 42 11 35
36 7 19 26 12 46 15 8 27 51 33 49 14 22 25 2 31 9 16 50 32 11 0 47 43 23 5 37 41 10 24 3 35 30 48 45 20 39 4 28 13 17 38 34 1 44 18 42 29 21 6 40
21 37 16 47 36 40 6 38 23 0 45 35 17 13 41 28 29 42 11 4 26 48 50 7 12 24 30 1 49 32 10 27 18 44 51 2 43 15 19 34 9 22 20 31 39 46 14 5 25 33 8 3
28 44 2 11 49 18 41 14 37 10 35 26 27 25 1 31 40 4 8 46 15 13 7 19 36 42 6 17 51 16 43 24 5 39 48 12 9 47 20 23 38 34 45 50 29 0 21 3 33 30 22 32
4 31 35 9 29 18 46 20 1 14 5 17 33 36 45 27 30 49 22 28 8 32 44 41 42 12 11 47 0 7 26 23 21 2 24 25 43 19 40 39 37 10 15 48 6 50 34 13 38 16 3 51
7 6 25 18 37 26 33 31 12 20 32 1 2 51 48 30 11 8 23 27 36 3 14 5 44 16 17 10 35 24 38 13 19 9 39 41 49 15 28 47 50 21 34 29 46 4 43 0 40 22 45 42
14 19 33 22 13 20 40 5 28 41 2 12 15 6 34 44 1 0 35 24 43 27 50 38 46 17 25 49 3 18 47 29 48 11 23 8 42 31 4 39 10 21 30 51 36 37 32 7 9 26 45 16
35 27 32 21 40 11 0 50 13 8 42 47 38 29 44 20 9 49 33 41 30 2 17 15 22 39 3 23 34 1 10 16 12 4 45 51 19 37 25 36 26 5 18 28 46 31 7 6 43 48 14 24
7 46 10 5 15 36 37 20 3 16 49 35 18 11 48 43 26 47 1 2 0 23 27 50 31 13 21 45 41 33 51 12 9 42 38 30 24 29 28 22 4 40 8 19 25 34 14 17 44 32 6 39
22 0 12 20 28 35 43 40 45 4 7 25 19 10 47 17 14 1 36 37 31 41 42 21 26 49 9 23 34 51 6 5 11 30 33 15 24 32 8 38 44 13 50 46 39 48 2 29 18 3 16 27
41 8 31 47 25 5 9 4 30 17 19 35 7 20 22 10 6 51 36 37 14 32 11 1 46 18 39 40 43 49 44 23 24 38 50 3 29 26 28 34 27 2 13 12 15 42 21 16 33 48 0 45
20 14 36 15 17 38 32 3 43 25 21 9 40 4 34 7 27 19 29 18 11 28 0 1 16 31 48 12 37 22 47 42 35 45 13 50 26 24 39 30 46 33 2 44 49 23 8 5 10 6 41 51
46 43 42 7 13 18 40 25 38 50 10 17 26 30 2 6 31 16 4 21 51 11 23 1 49 27 45 24 39 29 3 19 28 8 15 0 5 20 44 36 14 37 33 47 35 12 41 9 32 22 48 34
30 21 8 4 37 50 38 27 42 10 40 29 31 12 9 45 34 46 15 14 35 39 33 49 11 32 23 51 20 43 26 6 22 19 16 2 48 3 41 17 18 47 25 7 28 36 24 13 1 5 0 44
37 35 31 41 29 23 48 30 1 50 18 6 21 0 33 9 45 26 47 3 44 49 13 17 46 20 25 7 2 4 22 32 27 36 42 12 8 16 14 51 40 24 19 34 10 15 11 5 38 39 43 28
7 0 36 22 5 38 46 16 43 11 24 13 33 6 9 44 18 4 8 51 25 30 29 42 37 3 28 19 12 35 31 1 21 32 34 48 26 10 45 23 40 27 41 20 39 17 15 47 49 14 50 2
3 32 40 1 44 31 37 0 47 9 48 5 6 12 33 29 45 26 28 16 39 27 51 20 49 15 8 13 42 10 25 19 30 4 41 38 36 17 46 50 2 22 14 43 18 24 21 23 34 7 35 11
47 50 30 16 4 1 20 23 39 28 10 34 49 21 18 35 37 12 19 9 51 40 38 0 5 26 25 42 24 32 45 6 13 33 2 29 7 43 44 41 8 27 48 15 36 3 46 11 22 17 31 14
13 2 19 41 25 28 30 26 18 49 37 7 45 51 5 48 38 6 11 40 42 27 21 33 46 14 12 4 0 8 29 36 31 16 35 34 15 43 47 22 44 24 50 23 17 20 3 9 39 1 32 10
32 30 15 39 49 20 29 3 35 1 38 17 28 43 27 9 37 21 50 42 19 13 7 24 40 5 36 51 44 11 16 23 46 12 31 26 25 47 41 33 10 18 14 48 4 22 8 0 34 45 2 6
44 7 16 24 47 35 19 11 6 4 37 28 40 50 45 31 0 30 46 13 20 48 5 22 43 26 23 33 42 29 14 9 1 25 36 2 12 51 10 41 39 34 18 15 21 32 17 8 27 3 49 38
49 14 30 6 35 31 38 33 44 40 7 45 23 26 46 22 4 10 13 16 9 12 3 17 19 15 42 0 11 25 1 43 32 20 36 18 34 39 29 8 37 21 51 48 41 28 27 50 5 24 47 2
41 10 20 1 50 45 2 28 21 27 0 19 47 38 15 8 36 3 26 31 39 32 6 5 34 14 37 12 22 16 7 33 9 51 23 25 29 43 13 44 11 17 35 4 48 49 46 24 18 42 40 30
30 17 15 50 2 37 10 19 9 8 44 22 0 27 21 48 31 20 26 39 45 13 46 16 14 25 32 3 35 34 7 49 33 11 51 41 28 42 18 40 12 6 24 5 29 47 38 36 4 43 23 1
11 24 45 0 42 32 46 18 13 5 14 7 6 43 47 34 41 21 12 25 35 20 50 30 40 3 9 1 51 49 10 26 4 44 28 16 2 39 23 29 36 33 8 48 27 37 38 22 17 19 31 15
6 4 10 51 32 33 43 8 3 34 9 14 31 12 50 20 44 45 11 38 40 7 15 19 37 13 25 5 23 48 36 22 0 42 46 47 41 27 39 35 21 16 24 26 18 1 17 49 30 2 28 29
40 35 14 30 29 9 10 19 16 32 43 50 12 8 27 23 3 20 38 4 48 1 11 39 46 45 0 15 33 51 28 26 31 34 49 6 42 47 41 13 37 5 17 18 24 7 22 2 44 21 25 36
37 17 44 3 34 27 41 6 18 21 39 38 11 40 26 7 19 23 31 10 29 8 50 46 51 30 22 5 15 35 4 36 9 14 33 25 28 20 24 0 16 43 13 1 49 12 32 45 42 2 47 48
38 19 47 51 8 16 40 18 5 20 45 36 13 15 49 37 25 34 23 41 0 46 33 12 35 7 10 17 32 44 14 27 39 9 24 42 48 22 26 50 31 4 6 29 1 21 2 3 43 11 30 28
36 30 20 50 34 16 15 45 51 25 38 43 4 23 8 22 47 14 5 24 21 42 46 49 13 2 41 17 39 31 48 44 10 27 19 7 9 35 32 18 37 6 12 0 3 1 28 11 40 33 26 29
24 26 36 44 43 38 0 9 16 34 45 48 5 1 35 23 15 6 18 28 39 41 33 12 31 42 32 3 20 30 51 14 50 11 19 10 2 27 47 22 40 46 13 4 17 25 7 8 49 37 21 29
13 16 9 47 6 48 44 7 1 21 36 30 11 51 2 45 25 3 4 10 42 37 38 18 20 33 26 17 5 50 22 0 34 39 24 32 14 31 40 15 35 41 19 27 28 23 43 8 49 46 29 12
21 12 50 31 11 39 51 41 34 48 49 42 25 44 0 38 23 8 36 35 1 19 3 33 6 24 47 43 27 13 45 9 30 2 4 32 26 18 28 29 14 16 37 46 10 20 22 7 17 15 5 40
25 3 21 50 46 10 42 0 26 20 5 39 34 44 45 27 49 24 8 14 1 36 29 7 9 28 30 33 16 23 22 43 4 31 17 12 11 37 40 2 41 48 6 38 51 15 13 47 19 32 18 35
12 30 40 21 0 14 5 39 43 18 20 16 4 35 33 47 22 17 48 50 46 3 42 27 36 34 37 31 6 13 41 26 8 11 28 2 44 10 25 38 1 9 32 45 23 7 51 24 19 49 15 29
9 22 5 19 48 47 4 33 13 14 12 11 44 50 0 2 34 31 38 42 21 35 43 49 1 16 30 40 6 25 7 8 27 24 3 37 36 20 23 41 10 32 17 45 18 26 39 51 15 29 28 46
0 40 44 18 42 51 2 17 35 3 16 11 7 4 29 12 47 24 36 21 5 22 13 14 27 15 38 1 31 10 20 34 32 8 6 9 23 50 39 33 48 49 45 46 19 30 28 37 25 43 26 41
29 30 22 37 20 28 17 41 0 51 19 14 12 25 23 36 5 43 9 16 7 35 24 48 32 2 1 34 38 27 40 50 15 47 42 44 3 45 6 4 33 13 10 46 8 31 11 18 39 21 49 26
6 23 24 25 7 5 44 51 46 34 38 4 15 0 21 45 19 50 9 8 14 29 35 27 17 2 31 13 42 30 11 10 26 41 33 1 43 16 20 48 39 22 3 47 40 28 32 37 18 12 36 49
9 31 5 1 47 27 20 10 23 30 19 51 29 50 21 39 4 28 37 11 3 17 33 32 49 36 35 26 6 12 15 43 8 24 13 2 22 16 42 48 7 44 40 41 25 46 0 34 45 38 18 14
7 8 16 25 50 3 33 11 39 46 28 41 2 35 31 48 32 6 30 1 13 38 40 5 9 36 42 23 14 22 43 21 51 49 26 37 19 45 17 47 18 20 24 27 15 44 4 12 10 29 0 34
24 40 18 10 14 51 45 7 34 25 23 2 19 9 46 36 20 13 5 35 32 49 42 8 39 29 17 50 28 16 33 48 11 6 38 26 22 31 27 0 44 37 1 43 3 47 12 21 4 30 41 15
0 9 5 18 35 42 6 20 12 39 27 48 3 41 10 45 38 11 33 24 19 32 8 51 49 2 43 21 25 23 37 47 16 34 22 28 26 29 50 46 13 4 7 30 31 1 15 36 44 14 17 40
31 22 13 41 33 36 7 10 2 1 48 49 15 40 42 6 24 0 5 17 46 19 45 26 29 11 20 3 51 23 44 12 37 43 35 16 34 47 8 39 30 25 27 14 28 18 9 32 50 38 21 4
14 3 38 43 5 36 26 7 17 32 35 16 30 39 9 33 37 6 34 44 13 51 12 10 4 20 48 8 41 50 23 47 46 25 18 29 24 42 1 31 2 28 0 27 45 49 15 22 11 21 40 19
14 10 20 37 35 4 49 16 47 9 45 43 24 29 15 13 46 31 39 28 21 1 0 18 32 34 12 23 11 33 42 26 48 5 51 8 17 44 25 36 50 2 22 19 30 3 41 27 40 38 7 6
45 27 21 34 46 50 0 8 22 44 41 35 25 40 9 6 2 26 36 42 29 38 37 4 18 33 20 49 39 47 11 12 3 17 43 30 28 7 23 16 31 24 19 51 15 14 1 32 48 10 13 5
44 7 33 20 15 12 42 11 19 13 40 1 3 9 21 37 41 2 32 39 8 4 26 47 0 31 17 30 25 50 6 51 45 29 22 27 18 38 35 10 46 5 48 24 36 43 34 16 28 23 14 49
4 9 31 5 8 34 36 12 1 27 45 16 25 0 10 21 41 29 28 22 37 48 33 50 24 43 30 32 49 40 38 26 6 2 18 11 35 44 39 20 51 23 15 7 42 13 19 47 46 3 17 14
2 39 37 17 22 47 10 4 5 49 1 50 21 16 18 44 36 28 20 35 48 8 40 26 9 0 24 43 14 32 19 12 51 34 42 11 3 15 38 27 31 30 41 23 33 6 7 13 29 45 46 25
12 24 5 6 20 13 29 18 40 28 10 49 0 31 3 32 8 34 25 43 41 46 36 14 23 1 44 19 27 17 2 30 33 39 7 26 38 16 4 35 21 51 11 15 22 50 37 42 45 48 9 47
5 19 3 20 12 40 10 17 41 34 32 50 29 6 25 7 45 42 27 11 33 38 35 24 39 0 47 48 14 15 4 26 30 44 23 22 16 51 36 31 9 8 46 18 1 28 2 13 49 37 21 43
39 24 16 35 31 15 46 10 7 23 8 17 19 51 0 42 34 48 21 28 12 6 25 18 30 3 14 41 32 11 47 33 27 20 13 40 50 49 38 43 4 9 36 26 5 1 37 44 29 22 2 45
47 44 17 25 10 41 11 6 49 18 4 19 42 15 33 46 24 20 27 1 45 43 29 23 37 13 38 3 14 39 7 2 28 32 48 31 30 34 9 21 50 35 40 8 5 12 36 0 22 16 26 51
30 45 21 9 19 10 12 49 8 16 28 33 14 29 44 51 47 31 23 50 36 6 3 20 37 46 26 22 38 34 48 40 17 11 39 43 1 32 27 42 5 7 15 35 24 2 18 25 0 4 13 41
47 16 21 49 15 42 8 10 38 31 17 50 9 30 35 34 29 37 44 0 27 46 36 39 11 45 26 5 7 24 19 1 4 2 22 25 23 40 41 18 33 32 51 43 6 48 3 12 28 20 13 14
47 42 5 46 0 44 31 3 29 16 50 12 32 35 38 23 1 40 21 34 8 30 39 37 14 41 25 20 33 10 24 22 13 51 15 19 4 7 18 28 27 43 48 9 26 45 2 17 36 11 49 6
39 1 29 22 13 44 33 12 32 9 2 24 0 46 8 28 35 31 34 40 6 41 7 3 15 38 42 50 10 23 4 48 20 47 16 17 30 37 11 49 26 51 5 25 45 43 19 27 36 18 21 14
39 30 41 32 2 15 23 48 38 34 12 36 46 37 29 22 6 4 42 11 5 7 8 50 20 0 31 14 25 45 19 24 47 40 13 35 27 3 16 17 21 43 9 51 28 49 26 10 44 18 33 1
27 47 14 42 17 5 8 26 2 6 49 44 45 15 37 19 40 51 32 11 39 12 31 28 33 30 38 13 23 9 10 22 43 18 3 21 35 1 25 4 48 50 20 24 34 7 16 46 29 0 41 36
7 42 21 13 22 1 46 4 36 0 48 34 30 38 45 35 50 16 47 40 29 20 37 12 11 39 24 41 14 15 49 32 3 10 19 2 23 31 51 5 9 8 33 43 17 25 6 18 26 27 44 28
49 38 40 11 35 28 24 46 10 12 23 7 32 8 19 50 4 14 37 6 29 27 33 48 39 9 13 26 42 17 41 21 25 43 20 2 18 22 44 30 45 47 5 36 16 3 51 34 0 1 15 31
11 34 39 12 31 2 49 4 18 30 9 0 29 32 17 45 27 37 48 21 51 41 23 43 35 7 24 46 22 5 36 15 19 20 10 28 50 14 6 47 1 44 42 40 38 3 8 26 13 33 25 16
13 4 41 45 31 33 8 16 27 17 21 35 9 32 38 39 23 43 49 28 12 1 42 46 40 36 30 10 18 14 37 7 51 22 0 50 29 15 26 6 3 47 25 5 24 20 48 34 19 44 11 2
20 1 17 4 30 19 48 10 31 13 39 7 26 38 47 14 37 21 49 5 15 28 35 45 43 23 34 27 3 9 6 16 22 40 18 32 0 12 51 44 36 29 33 46 11 25 50 42 2 8 24 41
42 40 51 34 36 46 17 44 35 25 16 0 31 37 45 10 41 6 50 27 15 7 2 47 32 33 24 11 26 22 1 3 48 5 28 21 49 23 19 8 38 4 43 30 29 12 13 18 39 9 14 20
23 22 46 39 21 1 35 37 5 34 16 12 15 43 6 3 44 41 31 40 30 27 48 4 50 42 8 24 17 25 19 32 10 47 49 0 45 13 36 26 9 11 33 51 38 28 7 20 18 14 2 29
51 32 38 9 28 5 45 35 50 1 14 39 27 17 22 18 11 25 26 0 41 2 31 49 43 23 36 13 16 21 34 33 6 30 46 7 8 47 29 37 15 40 3 4 24 19 42 10 12 20 44 48
26 36 41 40 34 6 16 12 1 0 37 9 20 25 29 30 43 19 47 27 21 18 3 22 51 33 2 8 5 28 31 50 35 11 14 7 4 48 39 45 24 46 32 15 44 17 23 10 38 49 42 13
40 5 50 48 1 35 44 13 39 49 32 21 0 34 36 27 19 42 8 41 4 18 11 31 20 10 2 47 6 24 16 12 30 46 3 23 51 38 29 17 43 28 37 45 33 9 26 7 25 14 22 15
24 12 2 7 45 1 33 3 31 10 28 50 29 48 34 23 42 51 44 25 14 30 32 41 27 19 8 13 40 35 11 46 20 38 9 18 5 16 21 6 36 4 47 15 37 22 0 17 26 43 39 49
43 19 23 27 5 31 3 46 10 40 14 20 11 21 0 7 18 39 6 22 15 42 17 9 24 45 12 13 1 50 44 33 26 47 32 51 2 38 35 36 30 37 28 34 29 41 25 49 48 16 4 8
13 24 41 33 40 49 4 34 46 32 45 48 9 50 43 39 19 17 2 30 21 47 36 44 11 8 27 18 26 22 7 14 25 1 16 0 31 6 10 37 51 28 20 15 3 12 35 5 38 23 42 29
