5 29 44 27 7 28 46 26 0 33 13 21 10 32 49 20 3 30 42 17 9 39 48 15 2 31 41 19 12 14 51 16 6 36 45 22 8 38 47 25 1 35 40 18 11 34 50 24 4 37 43 23
8 34 47 27 1 28 40 26 11 33 50 20 4 32 43 25 6 30 45 15 0 31 13 19 10 39 49 16 3 29 42 14 9 36 48 22 2 38 41 17 12 18 51 24 5 35 44 23 7 37 46 21
1 34 40 27 11 28 50 26 5 33 44 20 8 32 47 25 2 30 41 14 12 15 51 19 6 31 45 16 7 29 46 18 0 38 13 22 10 39 49 17 4 36 43 23 9 35 48 24 3 37 42 21
12 27 51 26 5 34 44 20 7 28 46 14 1 33 40 25 10 30 49 16 3 32 42 15 8 31 47 19 2 29 41 18 11 38 50 22 4 39 43 17 6 35 45 24 0 36 13 23 9 37 48 21
3 34 42 27 9 28 48 26 2 33 41 20 12 25 51 13 6 30 45 16 7 32 46 15 0 31 39 19 10 29 49 14 4 36 43 22 8 38 47 17 1 35 40 18 11 24 50 23 5 37 44 21
6 29 45 27 0 28 13 26 10 32 49 20 3 33 42 21 9 30 48 17 2 39 41 15 12 19 51 14 5 31 44 16 7 36 46 22 1 38 40 25 11 35 50 18 4 34 43 24 8 37 47 23
2 34 41 27 11 28 50 26 5 33 44 20 7 32 46 25 0 30 13 15 10 31 49 19 4 39 43 16 9 29 48 14 3 36 42 22 12 17 51 18 6 38 45 23 8 35 47 24 1 37 40 21
10 34 49 27 4 29 43 26 7 33 46 20 1 32 40 28 11 15 50 19 5 30 44 14 6 31 45 17 0 39 13 16 9 36 48 21 3 38 42 25 8 37 47 18 2 35 41 24 12 23 51 22
6 34 45 26 8 28 47 24 1 33 40 20 11 32 50 25 4 30 43 14 9 31 48 15 2 29 41 19 12 27 51 18 5 38 44 22 7 39 46 17 0 35 13 16 10 36 49 23 3 37 42 21
9 34 48 27 2 28 41 26 12 20 51 25 5 33 44 13 7 30 46 16 0 32 39 15 10 31 49 19 3 29 42 14 8 36 47 22 1 38 40 17 11 18 50 24 4 35 43 23 6 37 45 21
0 29 13 27 10 28 49 26 4 32 43 20 9 33 48 21 3 30 42 17 12 15 51 19 6 39 45 16 7 31 46 14 1 36 40 22 11 38 50 25 5 35 44 18 8 34 47 24 2 37 41 23
11 27 50 26 4 34 43 28 6 29 45 15 0 32 13 20 9 33 48 17 3 39 42 16 8 31 47 19 2 30 41 14 12 22 51 25 5 36 44 18 7 38 46 23 1 35 40 24 10 37 49 21
4 34 43 27 8 28 47 26 1 33 40 20 11 25 50 13 5 30 44 16 7 32 46 15 0 31 39 19 10 29 49 14 3 36 42 22 9 38 48 17 2 35 41 18 12 24 51 23 6 37 45 21
7 34 46 26 1 28 40 24 11 33 50 20 4 32 43 25 8 30 47 14 2 31 41 15 12 29 51 19 5 27 44 18 6 38 45 22 0 39 13 17 10 36 49 23 3 35 42 16 9 37 48 21
3 34 42 27 12 26 51 28 6 35 45 14 8 33 47 25 1 30 40 16 10 32 49 15 4 31 43 19 9 29 48 18 2 38 41 20 11 21 50 17 5 39 44 23 7 37 46 24 0 36 13 22
9 29 48 25 3 28 42 26 8 33 47 20 2 32 41 21 12 13 51 15 5 30 44 19 6 31 45 16 0 27 39 14 10 36 49 22 4 38 43 17 7 35 46 18 1 34 40 24 11 37 50 23
5 29 44 27 7 28 46 26 0 33 13 21 10 32 49 20 3 30 42 17 9 39 48 15 2 31 41 19 12 14 51 16 6 36 45 22 8 38 47 25 1 35 40 18 11 34 50 24 4 37 43 23
8 34 47 27 1 29 40 26 11 20 50 28 4 33 43 15 6 30 45 17 0 32 13 19 10 39 49 16 3 31 42 14 9 36 48 22 2 38 41 25 12 18 51 24 5 35 44 23 7 37 46 21
1 34 40 26 11 28 50 24 5 33 44 20 8 32 47 25 2 30 41 14 12 31 51 15 6 29 45 19 7 27 46 18 0 38 13 22 10 39 49 17 4 36 43 23 9 35 48 16 3 37 42 21
12 27 51 26 5 34 44 28 7 35 46 14 1 33 40 25 10 30 49 16 3 32 42 15 8 31 47 19 2 29 41 18 11 20 50 17 4 38 43 24 6 39 45 22 0 36 13 23 9 37 48 21
3 29 42 25 9 28 48 26 2 33 41 20 12 21 51 13 6 30 45 16 7 32 46 15 0 31 39 19 10 27 49 14 4 36 43 22 8 38 47 17 1 35 40 18 11 34 50 24 5 37 44 23
6 29 45 27 0 28 13 26 10 32 49 20 3 33 42 21 9 30 48 17 2 39 41 15 12 19 51 14 5 31 44 16 7 36 46 22 1 38 40 25 11 35 50 18 4 34 43 24 8 37 47 23
2 34 41 27 11 26 50 20 5 29 44 15 7 33 46 28 0 30 13 17 10 32 49 19 4 39 43 16 9 31 48 14 3 36 42 22 12 25 51 18 6 38 45 23 8 35 47 24 1 37 40 21
10 34 49 27 4 28 43 26 7 33 46 20 1 32 40 25 11 30 50 15 5 31 44 19 6 29 45 14 0 39 13 16 9 36 48 21 3 38 42 17 8 37 47 18 2 35 41 24 12 23 51 22
6 34 45 27 8 28 47 26 1 33 40 20 11 32 50 25 4 30 43 14 9 31 48 15 2 29 41 19 12 18 51 16 5 38 44 22 7 39 46 17 0 35 13 24 10 36 49 23 3 37 42 21
9 29 48 25 2 28 41 26 12 20 51 21 5 33 44 13 7 30 46 16 0 32 39 15 10 31 49 19 3 27 42 14 8 36 47 22 1 38 40 17 11 35 50 18 4 34 43 24 6 37 45 23
0 29 13 27 10 28 49 26 4 32 43 20 9 33 48 21 3 30 42 17 12 15 51 19 6 39 45 16 7 31 46 14 1 36 40 22 11 38 50 25 5 35 44 18 8 34 47 24 2 37 41 23
11 27 50 26 4 34 43 28 6 29 45 15 0 32 13 20 9 33 48 17 3 39 42 16 8 31 47 19 2 30 41 14 12 22 51 25 5 36 44 18 7 38 46 23 1 35 40 24 10 37 49 21
4 34 43 27 8 28 47 26 1 33 40 20 11 32 50 25 5 30 44 15 7 31 46 19 0 29 13 14 10 39 49 16 3 36 42 22 9 38 48 17 2 35 41 18 12 24 51 23 6 37 45 21
7 34 46 27 1 28 40 26 11 33 50 20 4 32 43 25 8 30 47 14 2 31 41 15 12 19 51 18 5 29 44 16 6 38 45 22 0 39 13 17 10 36 49 23 3 35 42 24 9 37 48 21
3 34 42 27 12 26 51 28 6 35 45 14 8 33 47 25 1 30 40 16 10 32 49 15 4 31 43 19 9 29 48 18 2 38 41 20 11 21 50 17 5 39 44 23 7 37 46 24 0 36 13 22
9 34 48 27 3 28 42 26 8 33 47 20 2 32 41 25 12 13 51 15 5 30 44 19 6 31 45 16 0 29 39 14 10 36 49 21 4 38 43 17 7 37 46 18 1 35 40 24 11 23 50 22
5 29 44 25 7 28 46 26 0 33 39 20 10 32 49 21 3 30 42 13 9 31 48 15 2 27 41 19 12 14 51 16 6 36 45 22 8 38 47 17 1 35 40 18 11 34 50 24 4 37 43 23
8 34 47 27 1 28 40 26 11 33 50 20 4 32 43 25 6 30 45 15 0 31 13 19 10 39 49 16 3 29 42 14 9 36 48 22 2 38 41 17 12 18 51 24 5 35 44 23 7 37 46 21
1 34 40 27 11 28 50 26 5 33 44 20 8 32 47 25 2 30 41 14 12 15 51 19 6 31 45 16 7 29 46 18 0 38 13 22 10 39 49 17 4 36 43 23 9 35 48 24 3 37 42 21
12 27 51 26 5 34 44 20 7 28 46 14 1 33 40 25 10 30 49 16 3 32 42 15 8 31 47 19 2 29 41 18 11 38 50 22 4 39 43 17 6 35 45 24 0 36 13 23 9 37 48 21
3 34 42 27 9 28 48 26 2 33 41 20 12 25 51 13 6 30 45 16 7 32 46 15 0 31 39 19 10 29 49 14 4 36 43 22 8 38 47 17 1 35 40 18 11 24 50 23 5 37 44 21
6 29 45 27 0 28 13 26 10 32 49 20 3 33 42 21 9 30 48 17 2 39 41 15 12 19 51 14 5 31 44 16 7 36 46 22 1 38 40 25 11 35 50 18 4 34 43 24 8 37 47 23
2 34 41 27 11 28 50 26 5 33 44 20 7 32 46 25 0 30 13 15 10 31 49 19 4 39 43 16 9 29 48 14 3 36 42 22 12 17 51 18 6 38 45 23 8 35 47 24 1 37 40 21
10 34 49 27 4 29 43 26 7 33 46 20 1 32 40 28 11 15 50 19 5 30 44 14 6 31 45 17 0 39 13 16 9 36 48 21 3 38 42 25 8 37 47 18 2 35 41 24 12 23 51 22
6 34 45 27 8 28 47 26 1 33 40 20 11 32 50 25 4 30 43 14 9 31 48 15 2 29 41 19 12 18 51 16 5 38 44 22 7 39 46 17 0 35 13 24 10 36 49 23 3 37 42 21
9 34 48 27 2 28 41 26 12 20 51 25 5 33 44 13 7 30 46 16 0 32 39 15 10 31 49 19 3 29 42 14 8 36 47 22 1 38 40 17 11 18 50 24 4 35 43 23 6 37 45 21
0 29 13 27 10 28 49 26 4 32 43 20 9 33 48 21 3 30 42 17 12 15 51 19 6 39 45 16 7 31 46 14 1 36 40 22 11 38 50 25 5 35 44 18 8 34 47 24 2 37 41 23
11 34 50 27 4 28 43 26 6 33 45 25 0 32 13 20 9 30 48 16 3 39 42 15 8 31 47 19 2 29 41 14 12 22 51 17 5 36 44 18 7 38 46 23 1 35 40 24 10 37 49 21
4 34 43 27 8 29 47 26 1 33 40 20 11 28 50 15 5 30 44 17 7 32 46 19 0 31 13 14 10 39 49 16 3 36 42 22 9 38 48 25 2 35 41 18 12 24 51 23 6 37 45 21
7 34 46 26 1 28 40 24 11 33 50 20 4 32 43 25 8 30 47 14 2 31 41 15 12 29 51 19 5 27 44 18 6 38 45 22 0 39 13 17 10 36 49 23 3 35 42 16 9 37 48 21
3 34 42 27 12 26 51 28 6 35 45 14 8 33 47 25 1 30 40 16 10 32 49 15 4 31 43 19 9 29 48 18 2 38 41 20 11 21 50 17 5 39 44 23 7 37 46 24 0 36 13 22
9 29 48 25 3 28 42 26 8 33 47 20 2 32 41 21 12 13 51 15 5 30 44 19 6 31 45 16 0 27 39 14 10 36 49 22 4 38 43 17 7 35 46 18 1 34 40 24 11 37 50 23
5 29 44 27 7 28 46 26 0 33 13 21 10 32 49 20 3 30 42 17 9 39 48 15 2 31 41 19 12 14 51 16 6 36 45 22 8 38 47 25 1 35 40 18 11 34 50 24 4 37 43 23
8 34 47 27 1 29 40 26 11 20 50 28 4 33 43 15 6 30 45 17 0 32 13 19 10 39 49 16 3 31 42 14 9 36 48 22 2 38 41 25 12 18 51 24 5 35 44 23 7 37 46 21
1 34 40 27 11 28 50 26 5 33 44 20 8 32 47 25 2 30 41 14 12 15 51 19 6 31 45 16 7 29 46 18 0 38 13 22 10 39 49 17 4 36 43 23 9 35 48 24 3 37 42 21
12 27 51 26 5 34 44 20 7 28 46 13 1 33 40 25 10 30 49 16 3 32 42 15 8 31 47 19 2 29 41 14 11 22 50 17 4 36 43 18 6 38 45 23 0 35 39 24 9 37 48 21
3 29 42 25 9 28 48 26 2 33 41 20 12 21 51 13 6 30 45 16 7 32 46 15 0 31 39 19 10 27 49 14 4 36 43 22 8 38 47 17 1 35 40 18 11 34 50 24 5 37 44 23
6 29 45 27 0 28 13 26 10 32 49 20 3 33 42 21 9 30 48 17 2 39 41 15 12 19 51 14 5 31 44 16 7 36 46 22 1 38 40 25 11 35 50 18 4 34 43 24 8 37 47 23
2 34 41 27 11 26 50 20 5 29 44 15 7 33 46 28 0 30 13 17 10 32 49 19 4 39 43 16 9 31 48 14 3 36 42 22 12 25 51 18 6 38 45 23 8 35 47 24 1 37 40 21
10 34 49 27 4 28 43 26 7 33 46 20 1 32 40 25 11 30 50 15 5 31 44 19 6 29 45 14 0 39 13 16 9 36 48 21 3 38 42 17 8 37 47 18 2 35 41 24 12 23 51 22
6 34 45 27 8 28 47 26 1 33 40 20 11 32 50 25 4 30 43 14 9 31 48 15 2 29 41 19 12 18 51 16 5 38 44 22 7 39 46 17 0 35 13 24 10 36 49 23 3 37 42 21
9 29 48 25 2 28 41 26 12 20 51 21 5 33 44 13 7 30 46 16 0 32 39 15 10 31 49 19 3 27 42 14 8 36 47 22 1 38 40 17 11 35 50 18 4 34 43 24 6 37 45 23
0 29 13 27 10 28 49 26 4 32 43 20 9 33 48 21 3 30 42 17 12 15 51 19 6 39 45 16 7 31 46 14 1 36 40 22 11 38 50 25 5 35 44 18 8 34 47 24 2 37 41 23
11 27 50 26 4 34 43 28 6 29 45 15 0 32 13 20 9 33 48 17 3 39 42 16 8 31 47 19 2 30 41 14 12 22 51 25 5 36 44 18 7 38 46 23 1 35 40 24 10 37 49 21
4 34 43 27 8 28 47 26 1 33 40 20 11 32 50 25 5 30 44 15 7 31 46 19 0 29 13 14 10 39 49 16 3 36 42 22 9 38 48 17 2 35 41 18 12 24 51 23 6 37 45 21
7 34 46 27 1 28 40 26 11 33 50 20 4 32 43 25 8 30 47 14 2 31 41 15 12 19 51 18 5 29 44 16 6 38 45 22 0 39 13 17 10 36 49 23 3 35 42 24 9 37 48 21
3 34 42 27 12 26 51 20 6 28 45 14 8 33 47 25 1 30 40 16 10 32 49 15 4 31 43 19 9 29 48 18 2 38 41 21 11 39 50 23 5 37 44 17 7 35 46 24 0 36 13 22
9 34 48 27 3 28 42 26 8 33 47 20 2 32 41 25 12 13 51 15 5 30 44 19 6 31 45 16 0 29 39 14 10 36 49 21 4 38 43 17 7 37 46 18 1 35 40 24 11 23 50 22
5 29 44 27 7 28 46 26 0 33 13 21 10 32 49 20 3 30 42 17 9 39 48 15 2 31 41 19 12 14 51 16 6 36 45 22 8 38 47 25 1 35 40 18 11 34 50 24 4 37 43 23
8 34 47 27 1 28 40 26 11 33 50 20 4 32 43 25 6 30 45 15 0 31 13 19 10 39 49 16 3 29 42 14 9 36 48 22 2 38 41 17 12 18 51 24 5 35 44 23 7 37 46 21
1 34 40 27 11 28 50 26 5 33 44 20 8 32 47 25 2 30 41 14 12 15 51 19 6 31 45 16 7 29 46 18 0 38 13 22 10 39 49 17 4 36 43 23 9 35 48 24 3 37 42 21
12 27 51 26 5 34 44 20 7 28 46 14 1 33 40 25 10 30 49 16 3 32 42 15 8 31 47 19 2 29 41 18 11 38 50 22 4 39 43 17 6 35 45 24 0 36 13 23 9 37 48 21
3 34 42 27 9 28 48 26 2 33 41 20 12 25 51 13 6 30 45 16 7 32 46 15 0 31 39 19 10 29 49 14 4 36 43 22 8 38 47 17 1 35 40 18 11 24 50 23 5 37 44 21
6 29 45 27 0 28 13 26 10 32 49 20 3 33 42 21 9 30 48 17 2 39 41 15 12 19 51 14 5 31 44 16 7 36 46 22 1 38 40 25 11 35 50 18 4 34 43 24 8 37 47 23
2 34 41 27 11 26 50 20 5 29 44 15 7 33 46 28 0 30 13 17 10 32 49 19 4 39 43 16 9 31 48 14 3 36 42 22 12 25 51 18 6 38 45 23 8 35 47 24 1 37 40 21
10 34 49 27 4 28 43 26 7 33 46 20 1 32 40 25 11 13 50 15 5 30 44 19 6 31 45 16 0 29 39 14 9 36 48 21 3 38 42 17 8 37 47 18 2 35 41 24 12 23 51 22
6 34 45 26 8 28 47 24 1 33 40 20 11 32 50 25 4 30 43 14 9 31 48 15 2 29 41 19 12 27 51 18 5 38 44 22 7 39 46 17 0 35 13 16 10 36 49 23 3 37 42 21
9 34 48 27 2 28 41 26 12 20 51 25 5 33 44 13 7 30 46 16 0 32 39 15 10 31 49 19 3 29 42 14 8 36 47 22 1 38 40 17 11 18 50 24 4 35 43 23 6 37 45 21
0 29 13 27 10 28 49 26 4 32 43 20 9 33 48 21 3 30 42 17 12 15 51 19 6 39 45 16 7 31 46 14 1 36 40 22 11 38 50 25 5 35 44 18 8 34 47 24 2 37 41 23
11 34 50 27 4 28 43 26 6 33 45 25 0 32 13 20 9 30 48 16 3 39 42 15 8 31 47 19 2 29 41 14 12 22 51 17 5 36 44 18 7 38 46 23 1 35 40 24 10 37 49 21
4 34 43 27 8 29 47 26 1 33 40 20 11 28 50 15 5 30 44 17 7 32 46 19 0 31 13 14 10 39 49 16 3 36 42 22 9 38 48 25 2 35 41 18 12 24 51 23 6 37 45 21
7 34 46 26 1 28 40 24 11 33 50 20 4 32 43 25 8 30 47 14 2 31 41 15 12 29 51 19 5 27 44 18 6 38 45 22 0 39 13 17 10 36 49 23 3 35 42 16 9 37 48 21
3 34 42 27 12 26 51 28 6 35 45 14 8 33 47 25 1 30 40 16 10 32 49 15 4 31 43 19 9 29 48 18 2 38 41 20 11 21 50 17 5 39 44 23 7 37 46 24 0 36 13 22
9 29 48 25 3 28 42 26 8 33 47 20 2 32 41 21 12 13 51 15 5 30 44 19 6 31 45 16 0 27 39 14 10 36 49 22 4 38 43 17 7 35 46 18 1 34 40 24 11 37 50 23
5 29 44 27 7 28 46 26 0 33 13 21 10 32 49 20 3 30 42 17 9 39 48 15 2 31 41 19 12 14 51 16 6 36 45 22 8 38 47 25 1 35 40 18 11 34 50 24 4 37 43 23
8 34 47 27 1 29 40 26 11 20 50 28 4 33 43 15 6 30 45 17 0 32 13 19 10 39 49 16 3 31 42 14 9 36 48 22 2 38 41 25 12 18 51 24 5 35 44 23 7 37 46 21
1 34 40 26 11 28 50 24 5 33 44 20 8 32 47 25 2 30 41 14 12 31 51 15 6 29 45 19 7 27 46 18 0 38 13 22 10 39 49 17 4 36 43 23 9 35 48 16 3 37 42 21
12 27 51 26 5 34 44 28 7 35 46 14 1 33 40 25 10 30 49 16 3 32 42 15 8 31 47 19 2 29 41 18 11 20 50 17 4 38 43 24 6 39 45 22 0 36 13 23 9 37 48 21
3 29 42 25 9 28 48 26 2 33 41 20 12 21 51 13 6 30 45 16 7 32 46 15 0 31 39 19 10 27 49 14 4 36 43 22 8 38 47 17 1 35 40 18 11 34 50 24 5 37 44 23
6 29 45 27 0 28 13 26 10 32 49 20 3 33 42 21 9 30 48 17 2 39 41 15 12 19 51 14 5 31 44 16 7 36 46 22 1 38 40 25 11 35 50 18 4 34 43 24 8 37 47 23
2 34 41 27 11 26 50 20 5 29 44 15 7 33 46 28 0 30 13 17 10 32 49 19 4 39 43 16 9 31 48 14 3 36 42 22 12 25 51 18 6 38 45 23 8 35 47 24 1 37 40 21
10 34 49 27 4 28 43 26 7 33 46 20 1 32 40 25 11 30 50 15 5 31 44 19 6 29 45 14 0 39 13 16 9 36 48 21 3 38 42 17 8 37 47 18 2 35 41 24 12 23 51 22
6 34 45 27 8 28 47 26 1 33 40 20 11 32 50 25 4 30 43 14 9 31 48 15 2 29 41 19 12 18 51 16 5 38 44 22 7 39 46 17 0 35 13 24 10 36 49 23 3 37 42 21
9 34 48 27 2 28 41 26 12 20 51 25 5 33 44 13 7 30 46 16 0 32 39 15 10 31 49 19 3 29 42 14 8 36 47 22 1 38 40 17 11 18 50 24 4 35 43 23 6 37 45 21
0 29 13 27 10 28 49 26 4 32 43 20 9 33 48 21 3 30 42 17 12 15 51 19 6 39 45 16 7 31 46 14 1 36 40 22 11 38 50 25 5 35 44 18 8 34 47 24 2 37 41 23
11 27 50 26 4 34 43 20 6 28 45 13 0 33 39 25 9 30 48 16 3 32 42 15 8 31 47 19 2 29 41 14 12 22 51 17 5 36 44 18 7 38 46 23 1 35 40 24 10 37 49 21
4 34 43 27 8 28 47 26 1 33 40 20 11 32 50 25 5 30 44 15 7 31 46 19 0 29 13 14 10 39 49 16 3 36 42 22 9 38 48 17 2 35 41 18 12 24 51 23 6 37 45 21
7 34 46 27 1 28 40 26 11 33 50 20 4 32 43 25 8 30 47 14 2 31 41 15 12 19 51 18 5 29 44 16 6 38 45 22 0 39 13 17 10 36 49 23 3 35 42 24 9 37 48 21
3 34 42 27 12 26 51 20 6 28 45 14 8 33 47 25 1 30 40 16 10 32 49 15 4 31 43 19 9 29 48 18 2 38 41 21 11 39 50 23 5 37 44 17 7 35 46 24 0 36 13 22
9 34 48 27 3 28 42 26 8 33 47 20 2 32 41 25 12 13 51 15 5 30 44 19 6 31 45 16 0 29 39 14 10 36 49 21 4 38 43 17 7 37 46 18 1 35 40 24 11 23 50 22
5 29 44 27 7 28 46 26 0 33 13 21 10 32 49 20 3 30 42 17 9 39 48 15 2 31 41 19 12 14 51 16 6 36 45 22 8 38 47 25 1 35 40 18 11 34 50 24 4 37 43 23
8 34 47 27 1 28 40 26 11 33 50 20 4 32 43 25 6 30 45 15 0 31 13 19 10 39 49 16 3 29 42 14 9 36 48 22 2 38 41 17 12 18 51 24 5 35 44 23 7 37 46 21
1 34 40 27 11 28 50 26 5 33 44 20 8 32 47 25 2 30 41 14 12 15 51 19 6 31 45 16 7 29 46 18 0 38 13 22 10 39 49 17 4 36 43 23 9 35 48 24 3 37 42 21
12 27 51 26 5 34 44 20 7 28 46 14 1 33 40 25 10 30 49 16 3 32 42 15 8 31 47 19 2 29 41 18 11 38 50 22 4 39 43 17 6 35 45 24 0 36 13 23 9 37 48 21
