-8 81 -47 -6 -20 34 -21 60 -8 -63
27 73 -36 -60 -61 -88 -20 -13 -82 38
-19 -70 -71 91 -50 -99 -11 -63 54 -52
-77 24 -83 24 12 47 -55 10 64 -64
-54 -91 -82 -75 10 -86 -74 -37 48 21
-43 -63 -92 -37 17 -93 73 96 -25 -54
-1 -76 58 -71 -33 -26 44 -30 16 32
-2 -74 -29 4 31 4 10 -43 -61 26
89 -81 5 81 35 16 -65 67 3 4
92 -2 51 -30 -85 85 79 -76 94 -79
-27 20 85 -49 1 -87 -63 -60 -10 -1
-27 -37 -31 -40 19 -46 21 -92 8 66
85 -32 -1 34 -30 41 -50 -1 -30 26
-84 83 -80 -6 -76 18 59 -46 -64 -61
10 55 -41 47 54 -43 -58 94 -52 53
-8 -32 99 -51 84 31 35 31 2 -57
15 -18 -55 -8 -96 86 46 -80 6 -91
-97 -36 -25 34 -90 15 44 91 29 -52
51 6 -26 67 -99 22 36 81 81 16
24 -19 64 24 -60 -83 91 -18 -18 -18
-95 -68 43 84 -21 -37 33 -89 63 24
36 -50 62 -66 -2 -51 -35 -81 97 7
-91 22 83 -43 39 -89 49 63 0 -4
-43 -62 -18 -1 -57 65 54 -44 19 50
-41 -95 -80 -93 -20 3 47 30 -80 -8
31 -57 -61 -22 -70 -96 -53 85 -70 83
32 -72 65 30 -7 40 18 -67 -78 -10
1 -63 -66 -50 -39 27 -36 -40 -18 55
-52 34 -14 32 -44 -22 31 -25 -90 -57
-2 -17 41 -11 66 -23 54 -81 -80 -65
-14 48 -70 -73 69 -80 2 -74 -93 51
58 23 -94 62 65 -17 -79 -47 68 -15
96 44 -34 46 -35 -76 -74 -13 -17 24
19 28 0 76 -9 -43 95 -87 -53 -58
-92 -42 -59 -67 -62 -86 98 85 46 -27
-39 -12 88 43 -88 -18 33 98 19 -74
-76 -35 -37 92 -84 91 40 -78 -10 -80
-33 -1 42 46 30 85 -76 -76 97 -56
80 -12 -90 4 7 31 -9 -79 -4 -26
-85 68 -76 -88 -53 -26 -77 -9 -78 -37
-13 -26 64 31 23 -57 -47 9 -9 -59
34 51 42 18 -70 -69 93 -9 -20 -63
20 63 66 -44 42 82 -1 -75 -26 7
-45 91 -48 -16 -45 16 48 57 -63 44
11 12 -9 -61 -96 -96 29 -57 40 -9
41 0 23 8 -3 73 87 74 35 95
48 72 -34 -43 -69 12 37 -17 -24 -5
-14 62 4 -38 76 72 6 -26 -82 -53
-33 -30 17 -97 -77 24 82 16 -91 -48
-35 -95 -83 -30 -42 -88 95 73 59 84
95 82 -85 -17 97 5 -24 73 -74 66
44 95 42 39 7 -97 8 27 63 61
59 53 63 -58 -40 52 -70 -75 66 2
-5 -29 -3 95 2 5 -65 37 57 48
-87 2 29 -46 -94 49 -83 10 34 -56
7 -17 10 46 71 50 -97 -65 -3 -33
-33 -20 -57 -59 43 29 -92 70 -16 35
61 -61 -19 -84 -91 -2 -18 43 -73 -21
-62 21 -21 -33 -94 -88 18 71 -55 -54
96 59 71 -54 0 83 35 48 91 -91
-1 23 -34 76 -67 -89 -65 1 77 -81
-77 -59 70 -72 -26 -17 5 -49 73 77
14 -7 -83 -70 -8 83 -66 28 68 25
46 -11 -99 77 14 26 74 44 -35 -19
-69 65 90 -74 -80 -94 -28 96 40 -15
23 -86 62 -91 74 -74 91 69 -97 -12
-22 -68 -58 -82 69 64 18 2 -32 -92
3 -7 -93 71 -40 -37 -9 -4 46 85
-93 89 8 -51 57 -79 56 38 -31 57
42 -40 -79 11 34 -20 0 5 -55 -77
96 82 -5 -2 -85 24 44 57 11 -98
-72 70 -85 -46 -70 -77 -14 -26 -77 30
25 52 -17 -9 -12 -23 92 -38 -71 80
-96 60 -4 -32 48 66 30 -46 -48 9
-63 -46 -50 -22 -42 -97 -63 -27 10 76
35 -29 -46 -36 -8 93 34 -50 -94 -9
-4 -61 -94 60 -21 -80 1 40 69 56
-7 -25 12 -29 -16 3 -7 -43 -62 42
-9 -26 14 -22 -37 -99 -76 28 -58 48
-70 -20 60 73 -21 13 -11 73 77 65
87 -14 -69 57 -49 -68 -70 14 9 24
-66 55 -17 -85 45 -24 -75 -91 -20 7
83 18 45 35 -38 -64 -44 -30 -25 42
0 61 71 0 -9 47 68 4 -76 -68
37 -64 82 -68 -17 -77 48 -77 -92 56
68 -17 17 35 -8 -94 -55 59 12 30
-85 -45 87 60 -3 22 -70 89 -29 -80
40 43 21 -37 -46 19 1 -28 -29 79
-76 19 -81 -64 43 24 47 34 -17 51
63 -1 51 -69 33 86 26 74 37 2
65 11 50 -41 -91 50 -31 -37 39 -6
81 0 78 -31 22 -10 84 95 -54 -63
-23 48 -88 -25 -1 -20 38 75 43 78
11 26 30 -79 -71 27 37 39 45 -62
76 2 13 -72 29 0 41 62 31 7
22 -2 71 -31 -34 -35 94 69 -95 -18
23 94 -16 -32 64 59 41 -46 -47 -33
20 -51 -56 -25 2 90 56 45 43 21
63 -30 37 -61 -53 -73 38 44 36 -4
10 71 39 -49 -60 -50 -84 75 -92 -78
