60 -36 4 -20 73 3 3 99 -27 79
82 61 43 -39 72 30 44 16 -16 -69
-64 83 -65 99 -66 64 52 -52 42 -68
-12 -25 -78 90 -2 -48 -9 -80 27 93
-65 22 72 5 96 -43 93 49 46 -68
9 68 -86 -4 -57 -8 -24 87 36 -48
49 -85 -91 33 -3 -46 -5 -59 -2 39
85 36 9 -76 -1 -50 56 95 -14 -41
98 85 82 -45 24 45 51 23 98 -60
40 -91 0 -2 -63 41 11 81 91 -9
78 -69 88 80 90 91 -68 -3 4 12
55 -2 -5 -72 -2 68 -20 -91 -33 -55
16 29 83 77 -71 -52 7 -55 -51 21
0 -65 96 -5 9 8 8 -36 -78 42
-92 -7 -54 68 11 -78 -41 35 -27 34
83 79 -30 37 64 -79 87 -66 -51 -35
77 -29 24 -12 -92 41 -60 -92 0 -47
63 67 95 0 -46 35 27 -13 26 85
83 -57 6 57 80 67 16 -17 -78 -41
-23 -14 6 0 -68 87 33 -44 -34 -26
-42 4 55 94 -14 -37 -58 -51 14 72
-33 -75 -78 -83 -54 72 -90 90 -62 -14
-13 -52 45 -10 35 21 -32 83 80 6
-49 73 -31 -3 77 85 70 72 -41 -76
42 -29 8 -41 72 -92 -89 -48 79 49
33 14 28 -36 -75 -90 36 61 -22 -60
56 56 -45 97 -32 -20 -67 -1 33 42
-64 57 32 43 7 99 31 44 99 39
-12 -45 17 96 -4 -75 -60 54 45 54
-86 25 -56 -84 -60 85 34 99 48 75
38 -99 -33 39 69 24 -79 -69 51 23
97 -23 95 -90 -6 66 -26 -60 85 68
46 79 56 89 0 66 55 86 55 11
59 -53 -28 -22 41 3 15 86 43 -56
-2 -10 61 -94 -83 18 42 45 -85 -92
-37 -96 84 -11 -2 -47 -99 -8 98 74
-23 -48 47 12 -51 -45 22 46 13 -18
14 -57 -10 -53 -43 -11 74 -43 86 -89
-34 80 54 20 88 20 -13 81 95 23
43 -69 -61 -98 6 88 -9 -28 10 59
73 -29 -11 2 37 -83 5 32 70 30
-7 53 23 50 32 -67 75 89 94 9
87 18 39 -95 32 50 43 -43 36 63
-57 73 46 -73 -44 -79 29 70 61 33
-68 -51 -93 -72 -79 92 -91 -83 4 -80
-75 0 -76 59 21 18 -48 -85 9 21
-59 62 -20 -78 95 93 -39 -96 81 94
-26 95 7 48 84 -97 93 6 -25 46
87 67 -52 35 -53 46 88 48 -13 91
62 35 94 34 81 -62 0 -71 32 76
-4 -84 -62 -39 8 39 -65 62 -99 -35
69 -1 68 73 72 15 19 66 57 -86
-22 -76 -38 87 68 -26 57 15 -31 -96
52 39 23 -1 36 87 70 -98 78 -85
-20 -24 94 -39 34 -15 -39 -65 49 -39
-29 72 -93 51 -37 -1 9 78 -84 -30
21 97 35 -61 -43 46 -19 73 91 -22
-45 -53 67 47 -52 40 -8 -42 82 -56
86 47 -95 73 78 49 -55 -30 27 -28
45 79 -37 -12 -84 -23 48 80 -45 31
-75 31 15 -50 87 -79 -11 -17 50 32
-5 -1 -35 -2 -74 -66 25 -25 83 89
-40 -8 72 79 26 -48 97 25 -13 89
30 95 -10 -22 38 -26 -54 73 38 95
58 -22 -45 65 65 -98 21 49 48 -20
89 16 58 -81 -3 -41 -38 43 74 52
58 -23 18 78 75 80 35 -96 56 57
-84 68 -17 16 84 -2 69 -68 29 -50
-74 -8 -52 81 -73 3 16 -56 85 30
-84 -56 99 77 -40 49 -84 -44 40 -5
21 54 -92 -40 88 -90 81 -27 56 60
6 -43 5 50 66 41 -97 54 -71 21
-25 89 20 92 23 -12 15 25 -25 1
-11 16 62 68 0 37 -71 -37 57 -59
22 -73 1 27 55 -62 -12 -1 -4 0
-60 86 88 12 5 -29 41 -43 -1 -84
-27 -75 -73 19 71 81 -18 51 68 -21
89 -55 -57 78 -33 27 -8 -34 44 63
68 16 -31 67 17 35 0 -47 86 49
-89 -60 10 35 3 89 40 -39 -66 45
23 -54 -87 93 83 59 64 -91 -21 -1
-99 -66 -83 -27 16 74 -69 69 9 14
83 62 -91 -9 -67 -24 46 27 40 -66
-52 -83 -34 -21 68 -8 82 27 -2 -29
-74 -97 89 85 -27 89 -51 5 -70 95
5 72 -24 13 83 -69 -96 48 -96 -45
-24 88 -4 42 5 -9 17 37 2 -29
69 12 36 -36 -31 -75 39 53 25 99
-34 32 -88 59 -54 24 -11 -21 50 -68
-67 51 -28 -50 80 52 58 -9 1 -38
-50 92 -71 14 71 -9 34 13 70 87
-84 -42 -41 19 23 17 -62 -39 46 -19
-57 -91 -73 16 28 -30 -59 -74 -30 -44
42 -42 43 -41 12 -86 45 2 -67 -18
-90 -79 -74 82 -90 -19 70 57 99 93
-37 64 -66 76 86 25 92 17 -33 -32
-65 -12 80 -35 48 74 73 43 -94 -98
37 -78 -12 49 10 62 -23 -79 -6 -7
19 17 -20 12 -74 -31 66 88 1 53
-25 -62 63 7 95 -62 78 11 92 81
