16 39 -75 52 31 41 42 1 58 16
-2 -58 14 -6 -39 4 -30 -36 -89 81
92 -29 -6 -2 -62 58 88 75 -18 82
69 -48 52 37 -46 54 -82 -46 -3 -60
-36 99 -74 -40 58 37 0 24 -28 75
-23 -67 -51 48 -98 -49 4 28 -88 -38
70 90 -50 56 52 -14 -29 0 -32 38
-66 -11 40 -95 -76 14 -17 60 -33 -55
-86 -14 84 -35 -8 60 87 -9 -53 -64
56 42 -2 -47 17 6 -82 50 62 -78
-85 97 5 37 -88 78 52 -69 17 -59
-61 -68 2 10 32 55 -34 -8 44 -48
2 6 -54 -21 12 -63 -62 -60 25 -3
20 22 -46 52 -8 63 9 76 0 -87
-83 36 -81 -81 77 -7 87 -38 -46 -24
80 21 91 82 95 -99 27 66 -17 -2
11 7 -81 53 64 15 92 53 -54 -55
-55 57 -14 -90 39 48 48 82 21 94
-77 -87 12 -33 2 -26 31 48 -40 17
61 84 16 -24 71 -41 23 -94 45 46
-4 -5 92 -69 -94 -16 97 -81 12 -92
7 -75 37 -28 88 -32 19 -64 66 97
-53 56 -38 67 13 6 -84 -36 74 99
-28 82 -45 17 16 89 -25 -40 90 39
-74 -56 -84 72 -41 -80 46 57 -88 -50
27 76 28 -76 -12 -87 -46 16 -92 -15
53 -59 -27 -47 -37 -37 -70 -65 -33 74
-5 -50 -21 61 34 -14 -90 -64 -10 89
92 71 -38 53 -77 27 20 42 -48 58
-15 97 -74 -56 -86 -2 17 -97 83 -31
-8 -16 61 61 65 82 44 -23 63 -47
0 74 58 41 -21 -48 -44 54 -85 93
77 -87 -53 62 -55 -12 10 87 -44 79
-79 39 92 -35 86 -48 34 95 -46 91
-41 -50 39 -5 63 -19 -2 91 -87 33
-15 -71 -96 68 23 -70 87 -13 53 -39
-57 -15 2 -11 0 74 -45 18 51 -28
39 -28 -56 87 59 -23 -73 30 -21 49
26 13 31 5 77 -46 67 42 -2 -33
83 -27 95 15 -20 93 14 30 55 -10
15 99 0 42 -98 64 -59 -77 -94 -26
30 13 -96 -48 77 -35 71 -8 -87 43
19 -79 3 19 13 -56 69 42 4 10
23 -47 44 -13 30 56 40 85 -64 -22
-49 46 69 67 -51 11 -72 18 -98 6
74 18 75 9 -38 -74 87 -3 -17 75
3 -52 -39 87 86 48 -5 56 37 60
30 -4 17 -18 -50 -22 -50 99 -20 -74
-28 50 -4 -61 41 -21 53 95 31 74
-48 5 -15 -10 17 46 -74 -93 -55 5
0 38 69 91 -34 61 28 45 30 78
-98 24 9 -49 11 61 59 38 -20 73
11 31 -31 -16 -97 -10 40 30 64 14
-23 65 -29 20 70 -44 12 -43 -63 27
-90 77 43 -69 -61 92 -21 67 -60 -14
-67 -60 -12 82 -68 -95 68 77 -56 76
-30 23 90 61 0 -11 -62 -14 87 -37
44 80 -6 95 -7 -58 -63 50 77 59
54 42 -78 18 47 -35 7 -12 73 93
-76 65 87 -7 -13 83 15 32 87 92
-21 -2 -74 -20 22 28 -31 73 71 15
-53 75 -36 50 -79 2 -62 -66 57 -54
-22 -76 -51 -1 -80 64 -10 0 69 18
86 -57 30 2 46 46 -61 -74 61 -68
73 -78 57 88 76 -27 -34 60 3 37
67 52 -30 79 12 -96 -97 -24 32 7
65 -38 82 -78 1 24 -58 54 -99 85
1 -59 66 -35 66 66 73 -22 -54 -22
-79 -99 -55 46 -8 -40 65 -15 -42 -81
-90 -6 20 34 -93 -47 40 -40 -81 -26
-25 -72 18 -37 -37 -93 37 72 97 59
-8 -20 13 35 -25 23 69 93 -34 23
11 -44 49 68 -41 25 78 -35 69 75
84 -95 -81 -6 -26 44 -58 7 41 -78
29 -22 -99 -13 48 83 85 48 63 -86
7 -47 -72 17 -80 -21 74 75 77 -8
98 -93 -72 21 -13 -20 1 63 -42 -32
17 54 -69 -8 91 0 -31 -47 86 -74
18 -50 96 46 0 -77 95 -36 6 -11
36 78 83 92 -55 57 59 -92 -57 88
-15 -55 -63 -37 75 -98 -62 13 33 -97
98 -62 84 -87 -40 -65 4 -36 18 36
-51 -39 63 12 -50 33 57 59 72 -31
45 -34 -64 -75 -71 0 71 16 44 -55
-11 -1 -3 -95 -45 -54 -54 -88 97 38
-42 -97 68 -33 -81 33 -33 55 90 92
24 -6 -29 -36 -98 60 89 -54 99 40
-65 12 -78 39 52 41 -36 -93 -85 -68
-94 56 29 -31 -85 50 47 -90 15 -72
58 81 30 -19 -98 59 -44 -22 -17 91
-27 36 -9 -36 0 -20 88 21 17 -80
-92 75 -25 -49 79 -15 67 71 -20 36
31 -86 -65 -79 -14 -40 27 -67 -87 31
23 90 29 87 -95 82 -6 -19 -82 84
-39 -93 -20 20 -8 7 81 52 -94 40
-32 -65 79 -75 34 86 -39 -42 -60 7
-92 -44 -63 80 32 81 -29 -66 24 28
63 -28 -21 57 6 -69 76 61 10 35
-47 -62 -33 -63 -68 61 13 93 31 90
-89 -64 -55 -19 86 88 -71 -46 -21 19
