48 -11 48 88 48 -61 48 38 48 -48
48 51 48 -98 48 1 48 -23 48 76
48 -73 48 26 48 -29 48 70 48 -79
48 20 48 -4 48 95 48 -54 48 45
48 -42 48 57 48 -92 48 7 48 -17
48 82 48 -67 48 32 48 -33 48 66
48 -83 48 16 48 -8 48 91 48 -58
48 41 48 -45 48 54 48 -95 48 4
48 -20 48 79 48 -70 48 29 48 -26
48 73 48 -76 48 23 48 -1 48 98
48 -51 48 48 48 -39 48 60 48 -89
48 10 48 -14 48 85 48 -64 48 35
48 -35 48 64 48 -85 48 14 48 -10
48 89 48 -60 48 39 48 -48 48 51
48 -98 48 1 48 -23 48 76 48 -73
48 26 48 -29 48 70 48 -79 48 20
48 -4 48 95 48 -54 48 45 48 -41
48 58 48 -91 48 8 48 -16 48 83
48 -66 48 33 48 -32 48 67 48 -82
48 17 48 -7 48 92 48 -57 48 42
48 -44 48 55 48 -94 48 5 48 -19
48 80 48 -69 48 30 48 -26 48 73
48 -76 48 23 48 -1 48 98 48 -51
48 48 48 -38 48 61 48 -88 48 11
48 -13 48 86 48 -63 48 36 48 -37
48 62 48 -87 48 12 48 -12 48 87
48 -62 48 37 48 -49 48 50 48 -99
48 0 48 -24 48 75 48 -74 48 25
48 -30 48 69 48 -80 48 19 48 -5
48 94 48 -55 48 44 48 -43 48 56
48 -93 48 6 48 -18 48 81 48 -68
48 31 48 -34 48 65 48 -84 48 15
48 -9 48 90 48 -59 48 40 48 -46
48 53 48 -96 48 3 48 -21 48 78
48 -71 48 28 48 -27 48 72 48 -77
48 22 48 -2 48 97 48 -52 48 47
48 -40 48 59 48 -90 48 9 48 -15
48 84 48 -65 48 34 48 -34 48 65
48 -84 48 15 48 -9 48 90 48 -59
48 40 48 -47 48 52 48 -97 48 2
48 -22 48 77 48 -72 48 27 48 -28
48 71 48 -78 48 21 48 -3 48 96
48 -53 48 46 48 -41 48 58 48 -91
48 8 48 -16 48 83 48 -66 48 33
48 -31 48 68 48 -81 48 18 48 -6
48 93 48 -56 48 43 48 -44 48 55
48 -94 48 5 48 -19 48 80 48 -69
48 30 48 -25 48 74 48 -75 48 24
48 0 48 99 48 -50 48 49 48 -37
48 62 48 -87 48 12 48 -12 48 87
48 -62 48 37 48 -36 48 63 48 -86
48 13 48 -11 48 88 48 -61 48 38
48 -48 48 51 48 -98 48 1 48 -23
48 76 48 -73 48 26 48 -30 48 69
48 -80 48 19 48 -5 48 94 48 -55
48 44 48 -42 48 57 48 -92 48 7
48 -17 48 82 48 -67 48 32 48 -33
48 66 48 -83 48 16 48 -8 48 91
48 -58 48 41 48 -45 48 54 48 -95
48 4 48 -20 48 79 48 -70 48 29
48 -27 48 72 48 -77 48 22 48 -2
48 97 48 -52 48 47 48 -39 48 60
48 -89 48 10 48 -14 48 85 48 -64
48 35 48 -35 48 64 48 -85 48 14
48 -10 48 89 48 -60 48 39 48 -47
48 52 48 -97 48 2 48 -22 48 77
48 -72 48 27 48 -28 48 71 48 -78
48 21 48 -3 48 96 48 -53 48 46
48 -41 48 58 48 -91 48 8 48 -16
48 83 48 -66 48 33 48 -32 48 67
48 -82 48 17 48 -7 48 92 48 -57
48 42 48 -44 48 55 48 -94 48 5
48 -19 48 80 48 -69 48 30 48 -25
48 74 48 -75 48 24 48 0 48 99
48 -50 48 49 48 -38 48 61 48 -88
48 11 48 -13 48 86 48 -63 48 36
48 -36 48 63 48 -86 48 13 48 -11
48 88 48 -61 48 38 48 -49 48 50
48 -99 48 0 48 -24 48 75 48 -74
48 25 48 -30 48 69 48 -80 48 19
48 -5 48 94 48 -55 48 44 48 -43
48 56 48 -93 48 6 48 -18 48 81
48 -68 48 31 48 -33 48 66 48 -83
48 16 48 -8 48 91 48 -58 48 41
48 -46 48 53 48 -96 48 3 48 -21
48 78 48 -71 48 28 48 -27 48 72
48 -77 48 22 48 -2 48 97 48 -52
48 47 48 -39 48 60 48 -89 48 10
48 -14 48 85 48 -64 48 35 48 -34
48 65 48 -84 48 15 48 -9 48 90
48 -59 48 40 48 -46 48 53 48 -96
48 3 48 -21 48 78 48 -71 48 28
48 -28 48 71 48 -78 48 21 48 -3
48 96 48 -53 48 46 48 -40 48 59
48 -90 48 9 48 -15 48 84 48 -65
48 34 48 -31 48 68 48 -81 48 18
48 -6 48 93 48 -56 48 43 48 -43
48 56 48 -93 48 6 48 -18 48 81
48 -68 48 31 48 -25 48 74 48 -75
48 24 48 0 48 99 48 -50 48 49
