22 112 98 58 48 110 109 108 92 14 122 72 46 25 59 69 17 87 85 42 67 75 57 30 40 81 83 49 4 82 116 35 84 73 51 12 33 28 36 117 20 24 38 77 43 89 23 76 99 60 18 103 80 45 65 68 86 37 119 54 26 0 61 104 13 56 62 2 9 8 44 105 125 79 121 126 1 32 39 7 53 3 74 96 66 50 111 88 16 71 31 21 15 64 100 29 93 52 107 91 124 123 95 106 27 90 120 97 102 34 118 114 10 70 6 41 113 5 101 78 63 19 55 94 115 11 47
113 41 83 106 32 26 46 25 29 62 10 110 2 120 124 122 35 12 80 60 93 43 13 59 50 117 71 38 115 17 92 119 31 101 0 73 86 67 36 97 84 81 123 103 125 61 64 104 11 37 65 98 87 57 100 6 95 90 30 56 55 28 4 16 49 27 78 47 126 21 39 109 52 105 96 89 112 94 33 19 18 68 107 54 75 85 76 77 45 53 44 121 1 116 48 9 79 99 74 14 15 8 42 3 114 22 66 34 118 72 88 7 24 108 102 69 91 40 51 20 23 111 5 63 82 70 58
11 40 47 36 14 121 100 49 58 85 35 12 10 117 64 65 68 99 118 120 53 15 5 25 3 84 22 48 52 26 86 109 31 103 9 54 78 82 55 119 97 115 17 20 45 8 81 108 122 70 76 0 110 94 42 95 72 51 29 113 98 39 2 19 56 73 24 57 102 105 89 91 107 27 61 16 34 18 41 33 63 90 4 60 28 6 92 123 87 101 75 112 38 67 83 1 79 13 88 21 124 44 104 32 62 126 46 23 30 66 43 80 106 7 77 37 69 125 93 74 59 116 114 96 50 71 111
72 93 81 40 10 112 69 86 31 64 11 42 60 83 45 104 35 7 44 73 106 103 114 38 18 68 70 4 100 107 53 6 117 17 61 22 122 82 19 25 16 123 75 77 43 101 5 76 116 95 29 12 27 23 9 124 47 110 50 105 48 49 65 79 115 91 111 59 108 24 102 120 46 13 94 80 28 32 56 8 41 85 97 33 63 51 78 92 88 55 66 58 125 109 0 71 26 98 34 126 113 3 87 96 119 1 37 62 39 14 67 121 54 99 21 90 118 84 2 30 57 52 36 89 20 74 15
104 55 7 72 16 121 114 12 99 84 40 58 90 73 18 93 24 85 117 102 106 37 14 29 120 80 88 61 60 25 39 0 95 3 125 57 48 110 86 103 13 78 67 109 31 9 126 74 42 50 44 43 75 41 23 65 118 28 76 49 119 20 51 62 27 111 100 34 83 122 94 115 46 96 116 30 54 64 11 77 53 8 113 71 92 1 38 56 33 45 19 105 108 15 22 52 10 36 66 17 112 47 70 101 107 5 35 98 2 4 81 82 26 68 91 63 89 123 59 79 32 21 124 87 69 97 6
24 83 13 102 106 52 1 19 89 69 7 75 76 108 35 15 17 18 95 123 79 60 36 73 113 114 119 98 3 44 99 94 22 41 14 23 10 31 20 59 84 11 28 103 88 0 91 118 51 56 72 54 25 8 63 126 39 29 109 64 9 65 58 66 92 32 90 50 4 80 40 78 71 37 5 104 55 12 26 49 120 97 2 105 33 124 112 122 100 81 93 43 27 86 53 96 125 34 77 117 87 74 6 42 48 46 107 47 115 57 82 110 61 68 67 111 70 85 116 30 38 121 21 16 62 101 45
106 81 115 0 40 86 71 44 16 78 45 108 3 1 77 123 43 94 69 10 15 25 4 36 91 21 48 92 79 61 11 118 88 29 96 80 116 125 57 47 85 84 62 5 93 54 82 63 114 41 8 22 6 104 117 17 38 103 113 121 55 50 105 112 76 53 32 122 119 19 37 68 89 73 24 99 18 64 107 42 75 2 109 126 66 20 70 90 87 35 65 9 39 13 83 101 111 97 67 124 120 7 74 98 110 56 28 27 26 59 60 33 30 51 49 12 52 100 34 58 46 14 95 102 72 31 23
58 26 112 117 94 106 120 81 74 47 40 90 12 63 118 41 51 119 83 100 123 92 53 104 110 31 122 86 115 14 33 55 73 15 71 109 1 13 46 60 4 25 10 6 19 39 35 85 107 22 18 125 38 111 36 0 7 121 45 105 56 42 32 80 23 103 29 77 59 88 87 21 113 114 50 78 69 52 48 99 20 98 101 54 93 2 65 28 89 97 62 64 70 5 37 76 34 8 84 27 9 17 91 44 43 49 11 96 79 30 126 67 95 124 72 61 82 108 3 66 116 16 68 24 102 75 57
121 97 30 21 14 89 73 80 79 22 66 25 106 43 102 37 63 45 4 38 87 8 124 112 82 98 42 103 49 11 105 83 59 60 126 65 23 99 93 64 115 116 108 46 85 75 92 114 62 67 13 111 52 117 32 26 5 47 72 33 2 96 119 15 10 78 40 35 28 90 110 81 44 41 56 101 54 19 55 91 69 53 100 74 109 57 6 77 68 104 51 18 48 123 70 125 16 12 3 0 120 24 39 1 36 88 50 107 122 58 84 113 7 118 29 86 17 94 27 20 61 76 71 34 9 95 31
84 68 1 33 80 98 79 27 110 67 103 124 4 30 8 74 102 42 22 51 101 66 29 121 10 37 47 14 52 126 63 88 71 62 93 114 13 40 81 99 18 64 104 11 39 122 21 92 45 112 91 20 26 61 105 44 15 109 94 118 100 116 24 108 125 58 54 77 70 89 12 7 57 65 95 53 5 16 115 46 56 113 96 35 28 0 90 85 82 6 106 120 123 43 78 59 50 17 41 117 32 2 25 48 19 3 107 119 38 23 83 73 49 86 9 69 60 76 72 31 111 55 34 75 36 97 87
54 122 70 12 26 81 103 125 53 98 93 101 82 23 52 88 105 6 1 28 40 68 91 59 7 45 15 10 123 65 90 86 79 29 72 5 73 36 47 109 51 44 77 126 32 110 35 38 84 92 94 27 11 102 66 24 25 64 62 0 21 71 83 18 118 57 87 8 37 43 30 111 95 96 120 99 74 16 55 13 48 56 85 108 58 46 116 76 17 20 78 33 100 2 63 42 106 114 14 50 39 69 41 107 117 61 80 124 49 104 97 3 22 113 60 9 89 4 121 112 31 34 119 75 115 67 19
19 85 40 87 55 73 65 113 12 35 1 21 66 101 107 49 83 93 106 22 41 100 119 59 75 120 91 79 16 94 18 7 114 56 61 122 53 60 9 42 67 121 88 74 25 26 13 89 11 76 110 6 123 36 72 34 80 112 28 58 33 81 47 23 31 3 27 115 57 68 96 70 116 69 102 8 52 38 86 92 10 90 95 108 109 37 78 126 51 24 4 71 98 44 14 29 111 124 99 50 82 17 84 125 0 54 32 62 46 104 39 77 15 64 20 117 2 43 5 103 97 63 45 30 48 105 118
117 53 9 11 2 108 103 26 13 85 5 48 16 81 125 58 98 82 110 18 71 122 76 25 54 50 75 39 123 95 49 106 93 36 17 88 99 113 89 33 80 4 84 79 64 124 24 55 6 114 87 57 21 34 44 78 38 41 15 90 52 23 7 14 27 45 118 73 109 28 100 19 10 112 83 60 92 102 111 59 42 72 115 119 40 0 22 8 12 107 67 32 104 74 1 86 68 70 37 47 29 97 31 51 65 77 121 62 56 116 120 69 66 43 35 105 46 96 94 91 30 20 3 61 101 126 63
117 74 66 50 51 60 63 82 36 40 43 8 125 89 77 109 81 16 9 84 37 69 118 38 107 104 119 68 90 49 6 44 97 122 83 7 116 46 64 75 85 105 30 56 112 95 126 108 15 14 54 76 0 33 124 19 80 48 100 1 3 110 35 87 121 26 22 42 21 45 113 29 92 120 12 114 98 32 111 41 71 57 61 73 28 55 91 2 39 96 101 79 5 59 102 47 78 62 115 93 72 10 86 34 20 11 53 25 106 99 31 23 27 13 65 67 24 4 52 58 88 18 94 70 17 123 103
71 15 119 30 23 44 79 62 78 33 52 111 94 76 61 121 91 115 116 86 55 64 20 63 46 70 80 19 103 96 98 82 60 74 123 100 87 66 32 117 38 45 50 21 72 122 16 47 17 108 57 39 43 0 77 28 88 3 13 10 7 69 27 40 81 24 34 42 1 29 75 22 104 110 105 67 25 8 5 6 58 35 90 18 51 41 36 48 4 93 49 73 109 11 107 113 101 124 2 102 54 85 106 84 37 92 97 68 56 14 31 89 112 99 83 9 12 120 53 126 95 125 26 118 114 65 59
96 2 107 120 6 110 115 27 41 56 86 74 69 113 26 63 91 89 4 60 1 100 10 22 112 36 92 20 87 44 45 49 94 83 42 48 76 0 79 61 75 32 29 101 23 108 66 13 77 64 47 102 30 109 53 55 8 103 16 43 11 71 38 31 73 72 116 37 50 93 14 34 90 125 111 114 40 33 78 58 46 98 105 121 81 97 24 106 119 19 39 84 82 15 7 9 18 5 28 65 117 70 3 118 62 124 51 12 85 67 57 88 25 95 68 123 104 21 80 126 17 122 59 99 35 54 52
26 90 70 0 81 5 45 117 69 73 31 119 35 120 28 78 58 48 110 122 46 79 118 97 42 80 96 2 59 124 103 83 82 95 91 116 87 114 1 56 72 115 76 67 33 13 107 123 47 68 25 40 64 29 63 98 60 92 65 23 50 21 10 93 88 55 39 8 9 101 125 20 75 27 3 30 4 52 126 19 111 15 61 37 74 102 16 121 14 49 77 24 44 109 54 99 53 66 84 32 86 17 100 41 36 62 113 6 105 106 7 108 12 34 18 22 89 51 38 85 94 11 112 71 43 104 57
46 50 109 70 71 108 89 6 79 45 64 100 123 92 112 13 103 33 1 54 32 57 8 69 87 60 114 122 35 44 4 105 73 77 12 0 21 81 84 14 116 28 10 111 93 56 53 106 65 72 82 26 121 27 95 66 126 15 118 104 97 119 99 52 58 80 86 75 110 2 43 117 9 17 3 96 25 19 125 34 22 5 37 78 67 24 62 23 120 47 36 74 55 68 107 88 91 20 59 90 76 102 113 101 94 30 7 85 31 29 124 39 48 98 83 11 38 40 16 63 42 18 61 51 115 49 41
97 71 124 31 83 12 76 47 68 23 30 92 90 104 36 114 80 78 62 17 98 66 94 88 85 55 53 69 74 35 64 109 63 122 91 112 45 87 121 40 57 107 49 37 50 67 29 48 41 59 86 65 105 125 46 119 7 73 99 123 81 113 43 54 10 19 110 33 111 51 44 28 42 38 108 34 96 1 6 93 116 103 75 79 58 89 0 25 18 115 126 100 61 84 5 21 20 101 72 32 3 22 117 26 13 60 52 2 4 95 16 120 15 27 70 39 102 56 106 24 14 82 8 11 118 9 77
48 21 103 37 32 26 78 0 106 91 40 95 86 62 84 36 118 64 92 25 45 63 55 89 87 72 110 43 49 94 2 59 93 47 85 13 44 121 101 97 114 96 33 20 56 119 31 19 53 70 112 69 54 50 39 73 58 29 124 1 111 100 35 113 102 126 67 17 76 7 117 6 27 77 66 24 38 57 46 61 10 107 71 15 52 34 81 68 16 28 116 5 30 105 65 123 104 12 75 42 88 8 9 120 98 79 3 90 22 125 4 74 14 51 41 80 115 23 108 18 83 82 99 11 122 60 109
108 124 12 46 15 121 113 70 114 87 51 112 78 71 125 13 107 72 64 25 77 99 73 19 111 2 17 74 18 9 56 91 118 76 59 41 119 97 86 36 57 123 105 35 21 53 20 45 24 44 52 38 109 31 47 23 101 3 122 82 8 5 60 102 93 92 33 117 110 63 14 27 37 100 26 75 58 116 48 94 42 106 79 120 55 1 81 69 88 7 90 54 4 84 65 29 96 10 103 126 28 95 32 30 80 62 66 49 16 50 67 61 39 11 83 85 22 89 34 104 68 6 0 115 43 40 98
25 63 118 111 32 82 125 18 45 123 101 13 10 66 31 69 120 16 126 47 12 9 122 34 108 28 11 72 48 62 105 36 46 52 85 59 5 0 37 43 50 23 8 75 83 103 29 76 109 121 89 97 87 35 15 17 95 96 80 33 44 106 19 113 7 56 104 20 6 60 78 84 42 49 114 3 93 53 90 22 65 70 116 107 117 79 115 112 86 24 102 100 14 58 55 40 94 57 119 99 41 51 77 39 73 92 1 38 74 26 110 67 4 91 61 27 124 81 54 88 71 68 64 2 98 21 30
93 26 40 10 56 108 126 7 104 94 32 45 2 42 28 83 76 22 43 109 113 79 24 123 17 66 88 31 122 121 112 89 33 111 114 85 65 103 53 90 86 68 37 62 46 8 58 102 21 116 27 101 12 51 18 61 55 41 34 44 60 14 117 100 72 5 35 97 4 11 99 52 15 39 107 3 71 38 74 20 13 47 92 80 75 67 57 48 70 98 9 1 64 82 69 25 29 125 6 81 106 95 59 54 115 49 50 0 96 23 84 77 63 16 87 36 120 91 105 78 19 30 110 73 124 119 118
65 74 118 91 47 76 125 62 6 92 106 42 2 64 112 73 36 19 58 84 67 100 39 55 115 86 17 14 71 27 5 117 104 11 56 13 45 122 22 57 119 103 126 81 1 88 107 99 38 70 87 95 53 98 31 40 105 83 50 41 72 33 37 23 89 51 113 108 93 110 97 66 24 21 28 90 116 109 94 78 69 32 114 20 30 82 3 9 123 0 102 16 7 4 60 25 34 26 54 61 18 29 77 124 96 48 44 120 121 12 15 111 79 85 68 80 75 52 10 63 8 35 49 46 43 101 59
76 60 48 107 35 98 90 39 9 82 64 74 95 58 56 16 84 34 126 45 78 13 1 42 62 80 21 19 36 109 101 113 61 123 85 44 99 94 83 54 73 92 2 91 32 70 3 118 79 88 68 117 17 87 49 75 14 41 86 31 93 97 112 22 105 59 53 77 114 119 43 46 103 0 4 52 29 115 47 67 125 26 10 23 106 65 124 20 122 102 25 63 111 104 108 37 69 18 50 24 110 40 30 6 71 81 121 28 96 120 7 11 100 116 72 27 66 15 57 8 51 38 55 89 12 33 5
81 47 39 24 111 90 118 58 30 92 116 114 26 79 6 46 56 86 83 98 105 74 63 32 19 87 64 9 60 121 67 12 20 84 69 51 0 85 120 55 29 53 1 18 38 57 68 34 119 106 42 113 103 109 117 77 27 36 37 17 41 78 44 5 89 54 3 50 99 124 2 80 125 102 123 15 16 122 45 96 4 66 82 94 8 28 49 21 35 48 33 73 70 93 59 72 10 65 7 101 23 14 13 126 61 75 62 100 88 110 112 25 22 97 11 52 104 71 40 107 76 31 43 91 115 108 95
126 47 123 4 53 54 41 124 111 69 71 119 108 44 116 18 40 117 105 29 42 68 100 11 35 52 73 109 27 122 102 56 10 19 20 61 64 86 25 93 95 39 66 57 89 97 7 65 9 77 118 60 8 99 14 72 2 51 38 28 30 37 58 84 70 75 90 45 46 120 106 48 5 16 0 67 26 115 32 6 76 24 112 55 36 74 98 85 81 1 50 113 103 33 12 88 21 3 59 63 101 23 110 49 31 91 96 13 83 78 22 94 121 79 82 104 34 114 80 62 92 107 17 15 87 125 43
66 62 113 70 59 109 84 18 17 81 72 6 23 103 101 118 31 25 34 125 63 46 40 48 41 120 9 110 126 85 38 96 11 21 1 64 99 68 56 124 20 28 30 14 8 87 108 19 88 35 2 91 105 111 80 61 90 32 58 55 43 97 15 52 106 83 3 93 121 100 119 82 86 95 74 76 115 73 24 42 102 51 4 94 57 0 79 12 69 13 7 122 71 77 37 45 114 29 112 50 116 54 89 16 33 49 44 22 53 65 27 39 98 78 107 47 10 60 36 26 67 5 92 75 104 123 117
67 98 76 102 87 110 52 38 55 6 122 25 80 51 82 49 96 63 85 114 37 31 107 21 32 8 16 24 46 74 115 12 48 62 112 86 109 68 4 65 78 0 20 53 90 36 72 118 84 56 124 94 73 113 28 123 116 99 92 81 40 30 121 41 35 13 89 2 59 100 111 42 70 9 45 19 11 33 108 101 71 15 1 54 60 43 39 10 3 106 14 26 93 88 125 22 27 17 57 91 105 61 18 44 23 103 29 34 75 7 95 50 77 66 120 47 97 64 58 117 79 104 83 5 126 69 119
88 58 48 13 25 63 87 122 31 23 32 15 113 45 2 47 21 54 94 78 121 107 43 5 53 56 6 49 39 91 97 76 57 115 62 101 38 59 20 55 4 16 89 99 64 69 10 30 36 67 44 29 46 98 106 7 108 60 19 79 118 50 82 27 34 114 28 110 90 93 11 85 95 17 37 123 72 80 65 111 81 77 68 84 26 124 24 41 51 1 116 9 12 119 74 0 66 61 126 125 100 105 52 92 109 35 70 3 22 117 18 103 71 8 42 96 102 86 75 33 73 83 120 112 104 40 14
6 47 17 120 60 124 102 63 105 18 8 3 66 76 116 121 19 95 83 58 50 23 87 96 43 98 112 125 99 115 45 5 37 68 113 65 34 64 55 93 90 114 13 0 32 78 56 97 48 69 53 46 100 70 36 61 30 82 10 106 101 20 2 89 29 57 35 49 44 39 111 67 59 122 91 109 25 41 26 81 72 14 85 15 103 4 74 117 126 40 79 51 80 104 24 107 77 94 12 92 88 75 11 123 33 108 86 71 119 27 16 21 54 84 118 42 9 73 110 62 38 1 31 22 28 7 52
1 5 33 63 101 27 13 98 119 106 68 57 6 41 69 84 103 7 70 110 74 66 39 96 42 58 25 82 117 48 38 11 89 0 56 15 99 14 109 123 54 79 88 81 8 124 59 112 115 95 49 16 77 65 125 21 17 87 22 53 61 43 83 37 108 60 51 3 18 64 40 118 90 97 76 12 121 111 4 120 24 114 31 55 126 116 26 34 107 30 92 113 28 35 20 29 75 86 105 67 23 50 52 2 47 91 62 9 85 36 10 100 45 32 94 80 46 93 102 72 44 19 71 78 122 104 73
69 27 22 96 56 12 120 85 52 5 125 117 74 23 44 92 87 3 61 86 88 64 104 39 102 103 99 4 14 107 29 20 80 53 16 38 118 7 55 15 68 35 31 51 60 77 58 40 49 95 122 109 79 6 34 115 46 33 2 1 70 114 112 101 54 72 17 71 93 18 10 111 30 124 94 65 59 119 81 83 66 48 32 75 21 19 0 28 24 89 97 76 82 98 90 57 62 13 47 73 110 8 26 123 42 121 113 105 126 116 50 37 41 91 36 78 108 63 43 11 84 25 67 106 45 100 9
68 42 67 2 85 8 92 23 91 37 94 109 82 26 48 70 54 73 60 100 95 114 10 123 1 52 45 55 16 99 0 115 110 105 72 24 75 11 103 29 53 107 56 81 3 7 46 13 15 43 14 33 47 116 4 19 83 50 20 36 59 101 96 120 97 12 90 106 113 87 57 38 65 25 79 80 21 76 124 18 88 86 17 74 28 40 44 30 125 9 117 126 61 35 118 39 89 119 5 77 111 27 22 51 6 31 58 104 32 41 84 98 112 121 122 78 34 71 108 49 62 64 63 66 69 93 102
16 94 102 74 91 87 76 70 122 107 42 32 39 69 49 109 36 66 95 40 43 82 121 114 105 18 100 58 75 120 37 81 15 9 77 3 97 31 71 56 104 38 111 63 61 44 19 29 117 106 83 88 6 52 118 53 24 123 8 72 103 64 2 4 14 23 92 119 51 67 62 34 48 5 59 17 99 57 80 73 28 47 54 41 84 108 21 126 79 22 33 46 113 13 12 89 115 125 98 78 96 86 11 45 26 101 30 116 110 50 55 0 60 68 27 20 112 85 35 1 90 7 93 10 25 124 65
39 53 94 59 80 19 72 6 123 17 52 23 58 30 24 38 104 31 27 76 22 63 66 118 64 49 84 116 40 5 61 77 42 107 71 32 36 125 33 47 105 67 111 69 73 83 75 101 8 56 37 15 89 120 87 12 16 54 70 78 88 14 4 20 26 103 126 43 68 74 86 60 114 55 34 122 110 119 90 18 21 44 112 100 115 99 45 106 124 109 11 117 92 93 95 62 46 29 65 0 81 28 1 102 57 113 108 9 121 7 82 3 48 85 51 50 41 79 97 35 2 25 98 13 91 10 96
23 78 75 121 25 41 12 91 114 70 65 89 71 51 57 40 97 62 82 120 54 1 22 21 86 45 116 112 17 14 104 103 111 5 55 96 72 100 7 3 76 68 43 113 93 123 119 31 39 95 117 66 83 122 15 37 20 67 87 94 109 124 98 59 115 29 32 35 73 80 64 42 63 46 58 77 50 34 11 38 101 49 16 110 53 0 44 19 18 61 48 88 90 92 28 69 8 81 105 102 108 9 33 126 13 85 60 27 106 56 99 52 74 47 4 107 2 10 6 118 36 79 84 30 125 24 26
1 55 75 38 113 101 65 108 94 121 0 115 107 2 83 49 123 106 15 10 105 90 29 110 32 97 24 12 71 91 45 11 48 6 47 84 85 116 7 95 39 30 77 86 111 88 53 40 117 23 119 62 120 59 16 102 36 74 50 9 67 114 109 27 76 25 126 33 61 22 5 89 35 44 64 81 72 3 80 93 96 78 20 66 4 125 28 87 124 73 103 57 46 79 69 26 37 56 31 60 122 51 8 43 68 42 21 100 52 14 82 112 92 54 34 13 104 41 98 70 17 19 58 118 63 99 18
51 65 125 101 80 52 12 62 3 5 95 40 112 72 124 59 28 58 0 26 96 98 94 105 37 41 83 19 75 104 17 122 107 84 7 6 32 29 13 69 66 35 43 39 79 91 68 14 70 106 56 85 116 60 81 49 63 123 110 34 78 89 71 102 67 46 108 61 114 11 42 15 74 16 120 8 93 54 92 126 97 9 36 48 73 27 31 2 88 64 25 1 90 111 113 76 117 55 109 33 82 10 100 77 30 103 99 22 50 47 20 115 21 23 118 87 121 18 86 38 57 119 4 45 53 44 24
119 5 78 113 21 35 77 80 51 95 43 45 3 25 23 54 7 73 94 84 81 90 101 103 0 46 48 65 97 49 75 110 124 82 88 41 96 61 112 122 93 125 67 31 69 91 89 50 116 118 59 4 27 26 40 58 120 20 104 92 83 72 44 98 63 18 22 79 2 38 121 68 99 108 74 76 32 117 37 53 42 17 13 71 55 57 36 66 123 1 15 24 39 12 29 64 8 9 62 115 114 60 11 10 28 102 19 86 33 30 56 107 14 34 85 106 47 52 126 109 70 105 16 87 111 6 100
92 57 80 14 123 94 85 8 51 74 18 60 63 56 40 118 49 37 110 47 66 106 75 95 72 22 126 73 117 27 64 122 71 48 4 17 31 109 116 59 115 68 112 46 23 43 97 90 82 119 36 77 88 79 93 62 21 35 26 0 7 44 34 81 91 38 121 41 2 33 114 67 58 42 113 104 120 3 45 84 87 55 10 29 102 30 53 86 52 12 100 24 25 69 28 98 78 125 32 61 6 11 19 1 108 54 76 50 20 96 39 105 5 13 107 124 89 70 65 103 111 16 99 101 9 15 83
84 34 4 5 33 109 115 44 2 80 123 41 21 101 10 91 13 70 114 89 88 93 102 8 67 108 48 17 62 46 30 61 1 104 69 9 116 52 57 11 19 15 63 96 53 110 79 77 14 36 12 126 51 106 47 22 7 90 94 117 85 45 32 83 29 82 38 78 16 124 66 59 40 121 92 87 20 72 58 43 113 68 24 25 64 49 86 54 18 6 75 0 105 103 56 122 81 26 71 76 60 42 27 97 95 55 50 73 35 100 118 119 28 98 31 99 107 120 125 74 3 39 65 111 23 37 112
58 19 36 30 23 11 57 45 1 89 72 60 4 54 46 90 22 98 24 81 5 20 56 106 53 33 105 31 12 15 102 123 14 51 91 96 8 92 59 37 75 49 87 69 97 27 63 114 26 115 71 29 83 88 100 35 126 118 73 112 103 16 40 18 47 108 6 25 7 0 13 67 124 116 113 120 107 61 21 117 110 66 41 70 94 2 68 28 109 79 82 39 101 85 77 34 42 9 10 32 95 93 38 50 64 62 78 17 52 104 44 86 3 55 74 99 121 48 119 80 111 122 65 76 125 84 43
18 6 125 95 118 110 25 51 104 7 122 64 69 90 46 65 103 97 107 62 119 29 5 72 102 22 17 26 32 99 76 16 79 35 0 43 105 82 2 114 13 108 45 30 73 14 33 20 91 3 94 61 53 86 92 109 80 124 15 9 120 101 89 60 55 52 28 75 48 27 47 21 57 37 40 34 39 68 117 31 84 83 93 77 10 116 42 81 44 1 8 63 106 41 19 87 66 121 54 56 36 74 100 24 4 85 126 71 98 49 88 59 70 58 113 23 96 38 123 50 78 12 115 67 111 112 11
121 3 85 0 117 15 42 62 88 40 79 123 87 70 56 114 101 21 59 96 22 72 78 119 12 19 45 18 7 92 97 105 52 36 126 30 122 33 125 90 104 110 10 89 95 1 14 91 11 67 5 77 103 69 8 71 47 100 48 107 23 66 49 34 86 29 102 54 46 31 93 68 82 76 25 6 44 16 60 2 115 65 64 75 51 38 4 108 124 20 9 112 63 81 113 80 61 94 98 32 37 84 27 43 99 116 58 118 24 26 83 106 17 35 50 109 55 41 120 57 28 39 73 74 53 13 111
67 27 20 5 28 30 91 119 124 104 80 22 76 66 50 39 79 51 49 23 61 81 113 18 34 64 16 11 82 53 36 115 19 116 102 109 8 112 70 106 12 73 86 118 33 92 10 25 88 90 7 107 37 38 100 63 29 4 57 58 75 71 97 87 6 32 17 89 26 44 3 59 96 99 41 52 85 108 98 78 42 35 14 122 60 45 1 125 77 0 9 93 84 72 121 24 62 126 120 55 54 13 83 43 117 65 103 46 114 31 101 94 105 69 68 48 56 110 40 111 74 2 95 123 47 15 21
109 53 6 10 121 71 69 70 112 40 13 18 114 55 90 96 106 50 29 124 103 73 20 25 54 118 30 116 94 117 39 97 84 3 89 105 15 42 44 125 101 79 115 59 27 1 104 22 45 67 113 86 9 0 68 110 61 17 126 87 120 64 35 74 102 83 75 100 34 62 11 60 47 123 88 111 58 46 33 36 14 56 52 41 8 63 2 7 91 99 12 65 76 122 37 16 4 23 28 24 43 92 38 49 82 95 85 57 31 21 78 26 77 72 66 48 119 32 80 51 93 19 5 107 108 98 81
81 4 120 29 57 99 33 45 61 108 76 9 16 2 118 119 3 87 103 56 23 36 73 79 67 77 58 18 121 125 30 105 91 97 21 40 124 11 63 35 26 78 6 104 84 39 47 71 65 90 111 7 100 72 83 110 70 52 41 28 123 122 117 55 44 5 12 20 0 8 112 19 92 107 27 98 62 37 59 74 126 13 64 24 22 42 93 69 31 102 89 53 115 82 25 51 48 49 10 116 1 15 80 50 68 113 109 32 17 101 66 96 86 14 43 114 85 95 38 94 75 54 60 34 46 106 88
19 57 75 20 65 123 11 37 121 118 23 8 95 54 83 60 107 71 94 24 6 5 0 50 18 52 58 98 55 2 64 13 119 125 4 105 70 43 56 9 22 124 30 92 38 41 81 77 110 90 46 17 114 113 53 72 112 31 87 36 7 26 73 120 108 74 126 34 76 69 79 59 88 102 111 61 40 14 49 21 104 122 109 84 117 42 78 116 51 68 101 93 63 27 115 48 91 10 99 96 44 82 100 67 25 106 103 28 85 15 39 32 16 62 80 89 86 33 47 97 3 66 29 12 1 45 35
117 124 47 16 83 94 75 74 14 27 23 30 37 69 24 36 17 85 87 3 120 52 61 122 103 42 45 15 106 68 19 123 57 125 70 60 50 53 21 79 59 81 51 31 54 114 107 43 44 39 89 126 49 112 11 102 55 8 66 92 96 1 115 78 121 95 73 110 80 71 88 29 116 2 105 4 84 111 35 97 34 104 10 6 48 119 77 100 9 33 13 5 38 118 41 64 108 99 86 20 93 65 62 76 25 90 98 101 0 67 58 28 40 12 46 72 18 56 7 26 91 82 63 22 32 113 109
2 72 17 37 5 28 110 80 113 19 82 86 3 0 83 27 116 125 52 87 39 9 126 41 96 66 1 63 78 105 74 23 65 123 77 60 8 21 102 67 45 42 89 73 50 106 71 59 81 61 79 57 69 76 32 58 98 92 107 115 31 30 18 119 56 40 47 95 4 20 68 36 12 34 44 97 70 124 85 13 33 84 103 90 99 114 117 54 104 108 51 109 122 35 93 64 100 6 101 25 46 53 22 38 26 49 16 14 121 15 24 118 55 88 91 7 29 75 11 120 62 43 48 112 94 10 111
13 25 20 22 36 54 38 110 12 7 63 52 46 81 19 104 49 60 116 111 18 123 37 4 124 16 101 79 47 9 66 21 83 102 59 114 98 75 85 5 106 55 119 41 77 89 70 28 86 27 51 76 100 29 50 126 113 33 112 117 26 42 91 120 2 105 90 108 69 23 125 118 39 44 74 35 103 115 31 121 14 6 94 67 3 30 32 56 78 11 96 109 57 43 107 53 24 73 64 45 68 17 48 34 62 84 40 82 72 87 15 93 71 10 99 61 0 65 97 58 8 80 1 95 92 122 88
31 60 79 35 41 12 55 85 68 20 28 6 78 16 38 1 76 111 54 21 81 62 32 105 14 30 108 39 5 65 3 119 44 42 101 66 77 74 34 100 9 84 121 53 93 107 122 47 98 50 29 63 4 116 124 88 11 120 70 95 99 56 37 97 48 25 45 103 82 17 102 49 64 57 109 115 67 61 87 15 126 72 7 71 106 89 114 10 83 125 118 117 40 33 19 58 23 104 52 22 27 26 91 90 94 24 43 69 36 59 0 80 123 110 86 2 92 8 113 73 13 75 46 18 96 51 112
100 26 4 85 0 104 1 69 28 27 19 38 24 59 90 52 111 65 76 14 103 121 118 11 61 125 16 83 109 22 78 72 77 51 44 33 93 71 70 3 36 10 98 35 8 89 57 92 62 9 15 6 63 82 106 40 117 119 94 31 81 47 97 73 108 68 120 56 18 41 7 48 74 107 30 110 116 60 58 105 20 53 12 115 5 25 67 32 124 66 54 86 23 102 79 84 17 50 29 13 95 122 21 114 43 96 80 91 45 123 101 2 88 99 49 126 112 113 55 34 39 75 37 42 46 64 87
111 87 4 77 122 19 89 93 92 25 12 71 119 64 90 26 27 6 35 126 57 53 112 28 60 18 30 51 117 66 99 21 114 84 72 56 52 46 107 96 34 62 85 0 63 108 7 36 118 47 110 8 41 68 10 3 38 54 73 123 98 120 49 70 50 125 81 40 103 43 31 113 88 80 91 79 65 37 78 61 42 74 105 33 106 22 95 29 121 104 32 102 39 82 20 14 83 9 124 11 55 86 1 23 97 45 48 76 44 2 13 100 5 17 58 109 24 101 59 75 15 69 67 94 16 116 115
61 90 51 123 22 125 121 95 124 1 100 40 77 72 16 92 32 107 19 21 5 63 25 47 29 69 99 116 118 120 103 122 45 66 50 70 58 113 84 24 55 30 76 13 9 96 7 110 108 6 68 15 11 109 78 39 126 26 86 104 23 36 4 94 44 56 59 3 48 20 93 43 71 31 18 101 64 57 65 111 35 8 14 80 75 81 0 49 89 82 27 102 91 73 17 28 34 79 53 106 119 37 33 10 12 87 85 112 115 62 88 114 2 67 41 54 42 52 46 117 105 97 83 60 38 98 74
90 4 101 76 25 16 112 45 59 57 11 30 125 31 100 91 104 94 61 70 17 119 42 68 48 86 49 9 113 69 41 103 117 24 6 111 97 75 64 20 18 40 5 13 98 81 14 35 26 89 21 95 0 99 8 72 65 105 38 87 15 33 37 114 55 39 58 77 109 88 73 115 122 54 83 62 51 3 85 121 84 22 56 71 63 82 27 74 47 43 50 28 67 46 2 102 53 120 66 44 93 107 32 108 52 116 60 7 110 10 124 23 19 78 123 12 1 126 36 34 79 92 96 29 106 80 118
126 92 10 79 27 81 60 101 20 49 13 31 9 3 104 80 19 91 16 98 39 62 40 51 125 105 50 21 95 30 57 124 42 69 84 122 26 11 22 44 116 64 114 4 108 28 32 6 83 47 85 46 120 12 77 82 90 117 61 106 110 53 100 119 86 34 66 17 54 15 24 109 1 112 38 63 87 93 36 94 5 37 89 48 70 25 23 35 68 65 111 102 74 72 118 121 43 71 14 33 123 58 29 103 18 52 73 8 59 113 97 67 7 2 76 45 0 115 107 99 88 78 56 55 75 96 41
1 67 6 116 86 123 98 103 59 25 76 72 38 69 15 117 55 53 60 119 32 10 37 65 75 9 70 54 49 50 40 82 39 79 52 95 84 73 41 51 66 77 90 21 4 83 97 20 47 24 17 104 8 22 64 94 7 85 102 0 78 124 58 96 87 105 46 81 43 35 125 12 106 68 26 63 14 91 107 34 89 42 71 88 112 36 5 111 101 33 30 27 100 23 118 61 44 13 121 45 99 126 113 120 57 114 16 48 2 122 80 108 28 19 62 29 11 92 93 3 109 115 74 18 31 110 56
108 89 5 115 26 48 90 34 109 104 46 105 7 56 19 32 20 118 10 124 53 75 44 51 101 79 120 111 70 97 35 63 43 81 71 121 98 73 95 65 57 64 76 106 54 119 67 37 47 61 55 42 82 23 31 28 84 11 96 12 24 93 94 30 4 69 58 78 2 16 85 87 45 123 36 103 15 18 99 68 38 50 112 83 117 125 126 77 22 102 107 39 110 25 27 1 116 13 14 100 29 17 113 66 21 60 122 86 92 41 72 74 80 88 62 114 9 0 40 52 49 59 91 6 3 8 33
59 3 115 57 77 67 63 98 0 17 46 117 93 36 119 45 47 2 114 10 97 38 102 1 122 72 106 21 53 23 71 112 35 27 6 9 116 84 32 37 62 110 50 12 123 11 103 13 111 48 41 94 69 126 40 54 76 31 101 5 30 92 56 80 65 100 52 42 108 19 64 82 88 125 120 4 109 124 89 44 24 79 68 39 121 55 87 8 105 18 58 75 96 66 86 34 118 91 85 43 14 99 81 70 61 95 26 7 33 16 90 78 51 83 20 15 73 28 104 60 29 25 22 49 107 74 113
117 92 27 22 15 93 63 41 89 67 19 64 14 97 46 28 86 26 96 57 47 79 13 42 5 37 101 112 76 43 119 12 110 29 17 72 10 109 51 121 35 52 114 126 31 123 108 62 124 40 115 80 98 82 39 23 102 95 9 103 20 53 78 68 85 83 49 118 104 36 106 111 25 24 81 66 77 71 69 48 7 16 65 32 60 0 34 45 100 11 91 1 18 54 88 59 75 122 6 56 84 33 50 105 58 8 113 44 21 90 99 125 3 107 4 61 38 74 120 94 70 55 30 116 87 73 2
86 34 12 60 75 90 54 85 11 39 103 93 84 16 22 105 32 91 7 72 17 94 44 78 21 95 46 120 14 0 121 3 23 79 126 25 70 98 6 38 43 88 102 40 55 97 83 49 109 99 87 123 15 33 117 107 13 24 18 80 37 57 89 52 108 113 9 26 50 27 8 119 63 112 48 1 71 10 125 104 110 100 82 31 53 114 65 35 56 62 47 101 28 42 68 115 77 81 45 124 30 20 61 5 51 2 29 64 118 36 111 4 41 106 74 59 67 58 19 96 92 76 69 73 116 66 122
89 31 23 104 95 42 6 35 113 1 85 101 62 124 83 13 52 90 3 106 47 50 2 67 109 5 25 76 97 11 8 96 107 73 20 87 119 30 49 64 29 84 16 65 44 59 66 39 126 7 114 103 88 72 63 36 100 53 77 24 58 9 99 45 81 86 71 12 70 27 93 68 61 34 82 112 57 48 33 46 122 105 0 78 121 4 60 40 92 18 43 32 74 110 120 102 94 26 116 21 54 38 117 10 14 69 51 41 123 125 98 80 79 75 15 55 56 22 17 19 91 37 111 108 115 28 118
36 110 68 52 10 33 39 15 28 22 41 7 23 70 76 43 62 54 111 3 106 122 63 88 87 18 102 114 38 46 85 71 57 91 21 11 65 0 53 78 60 32 13 8 89 1 61 29 84 108 95 50 83 115 40 103 45 81 17 82 26 67 48 74 59 126 2 117 90 112 100 125 92 4 16 42 25 35 96 64 58 51 19 86 14 104 30 123 5 24 66 118 37 124 9 119 120 94 72 93 20 73 56 107 49 113 34 47 44 12 31 99 80 116 101 77 79 97 109 6 105 98 69 55 121 27 75
74 114 11 113 118 26 58 124 101 91 63 13 72 30 92 32 1 46 108 62 2 44 112 33 39 59 106 111 120 4 64 86 47 61 6 56 10 21 34 18 84 16 79 66 119 22 60 102 9 43 96 104 41 116 110 31 5 42 48 25 73 67 126 14 55 97 82 19 76 37 105 53 15 89 125 49 123 51 88 65 70 100 40 75 107 109 69 78 83 71 98 94 121 54 87 115 29 20 24 122 85 90 117 28 23 7 27 3 57 8 0 68 50 36 77 52 17 99 35 38 12 80 103 81 93 95 45
85 106 92 81 61 76 35 109 55 16 43 97 72 31 116 112 105 125 17 13 42 24 57 12 113 9 75 29 7 101 18 94 90 104 71 45 84 19 103 50 89 40 37 3 20 2 73 28 91 58 98 65 88 5 8 126 1 102 51 41 23 121 93 54 80 70 47 107 118 117 14 110 66 64 119 34 115 123 108 30 44 69 59 6 52 26 46 39 77 67 79 60 122 124 48 11 0 95 27 62 68 36 10 87 111 82 83 33 114 21 74 120 4 32 78 25 22 56 99 96 53 63 49 86 100 38 15
9 70 61 42 34 59 88 10 124 94 105 81 99 118 22 45 107 89 30 96 67 93 32 47 5 102 19 108 14 121 41 106 38 18 92 55 100 56 20 53 110 68 21 116 79 113 83 109 85 117 6 63 15 120 80 75 25 123 46 50 17 115 26 60 62 44 71 12 90 97 8 13 86 119 58 65 111 54 77 122 72 29 87 43 24 69 27 57 84 98 33 103 11 48 76 36 64 91 1 114 95 52 40 112 82 49 31 126 37 28 51 66 39 73 7 4 16 0 125 3 2 78 35 74 104 23 101
124 6 62 5 44 93 104 74 59 48 3 39 102 2 65 51 73 103 35 69 75 95 79 91 17 72 71 119 122 54 66 11 99 8 67 58 81 13 112 68 106 42 7 37 41 125 26 45 120 115 15 21 28 107 98 88 96 64 76 12 16 109 118 77 121 52 33 86 32 22 36 46 113 123 24 61 34 116 114 31 101 78 60 4 82 87 110 108 29 18 14 126 56 97 90 89 30 43 85 70 27 80 10 55 47 53 49 105 40 83 111 92 25 20 1 19 23 50 9 63 57 100 0 84 117 94 38
11 12 100 62 92 98 3 26 85 81 44 102 72 1 91 118 108 5 24 21 30 14 42 65 17 56 97 51 58 52 37 34 101 78 121 95 15 38 119 28 67 90 6 46 8 107 75 114 32 115 126 124 7 64 84 76 50 106 9 59 20 4 40 79 103 112 16 83 61 2 117 47 69 31 10 80 66 111 23 116 29 74 120 122 49 73 68 48 19 125 110 54 96 71 25 41 13 86 63 57 0 104 109 87 55 77 43 53 60 113 99 36 94 35 89 18 27 123 88 33 39 105 82 45 70 22 93
69 26 21 124 52 84 109 51 100 14 82 126 88 111 81 117 118 41 90 35 24 54 36 101 57 78 55 53 113 71 98 61 63 102 74 94 76 106 95 116 62 64 5 37 119 32 105 34 25 92 16 86 3 89 48 73 45 68 11 29 58 15 1 110 125 59 104 91 23 43 107 27 123 33 50 103 12 6 96 28 120 0 49 77 30 22 97 18 38 44 83 40 75 108 93 79 122 8 19 70 65 9 2 39 10 115 80 112 85 31 67 72 87 121 46 60 47 20 56 66 42 17 13 4 114 99 7
27 92 54 6 36 65 34 13 86 53 28 82 73 72 55 0 110 5 87 12 41 17 96 95 106 112 52 29 48 124 49 120 33 90 58 115 7 83 19 100 98 84 9 45 114 24 101 118 21 105 20 56 37 103 30 88 11 43 70 109 121 81 40 91 25 108 126 8 35 42 99 125 79 31 62 119 111 107 3 57 117 2 69 14 116 122 61 51 77 39 4 32 75 63 59 44 38 74 113 47 64 93 22 94 15 85 71 23 104 68 123 60 89 18 66 46 78 26 50 1 76 102 67 16 10 97 80
24 71 28 47 74 1 69 25 108 19 27 93 6 66 30 50 119 51 77 12 100 49 4 105 123 70 95 110 23 2 101 104 18 118 63 0 92 126 68 42 38 34 53 11 76 112 46 22 73 117 82 16 60 32 109 75 62 102 78 81 90 99 45 20 43 121 87 36 5 64 114 52 86 15 113 67 84 59 57 89 103 37 79 122 106 21 8 125 124 40 56 96 111 85 98 116 41 26 55 14 39 107 44 120 31 3 7 88 115 83 58 94 65 13 9 10 48 72 80 54 61 29 91 35 17 97 33
5 115 57 66 10 85 49 125 79 28 97 94 72 81 12 75 9 6 18 51 37 26 46 15 96 34 0 111 20 80 82 119 33 17 114 1 65 104 110 87 102 8 27 36 78 44 69 120 45 11 39 122 118 41 106 112 76 70 47 23 83 84 89 53 95 30 61 67 3 31 116 24 38 88 71 56 42 2 60 126 100 64 99 108 58 7 123 74 105 59 113 16 73 93 55 90 43 4 77 48 19 86 62 117 50 52 124 68 98 63 107 92 40 29 25 22 35 54 13 21 91 121 101 32 14 103 109
9 50 40 45 7 77 58 122 106 57 96 78 32 68 94 16 80 63 1 88 23 52 12 117 18 107 113 60 14 99 61 126 42 118 24 110 10 119 53 21 72 29 26 46 0 35 90 6 8 79 36 37 76 30 101 100 112 13 41 28 124 95 22 5 86 120 43 19 108 75 39 104 15 91 89 70 74 44 66 98 93 3 65 114 38 84 105 48 81 33 85 55 73 125 54 111 109 92 11 97 83 51 87 27 102 115 71 20 62 116 31 17 64 56 4 49 25 103 34 67 47 121 2 69 82 59 123
91 84 40 2 63 94 59 96 52 58 27 74 114 5 67 47 88 124 69 39 60 3 0 31 37 77 107 70 106 9 117 20 93 108 66 61 29 28 62 4 8 111 23 115 80 71 65 79 126 32 97 34 92 49 45 7 12 11 36 121 85 24 120 87 122 123 51 109 118 30 33 72 26 16 113 38 73 13 14 102 42 90 125 99 17 10 100 57 83 43 1 86 35 56 78 46 101 81 19 50 116 21 48 103 76 41 25 53 112 110 64 95 105 55 104 89 75 82 15 18 6 22 44 54 68 98 119
111 34 21 61 38 19 28 9 48 85 33 101 46 91 93 32 110 43 27 87 109 5 70 94 71 52 112 7 121 83 77 60 73 68 92 75 124 4 31 98 115 74 100 123 53 50 96 8 76 58 39 47 24 55 81 106 15 116 2 6 122 40 69 119 10 67 23 36 3 16 35 42 0 66 103 105 65 86 89 45 117 59 120 26 29 79 118 14 72 1 113 99 95 44 90 62 64 11 88 125 107 25 57 80 12 104 84 22 13 114 82 54 30 97 78 102 56 20 17 49 126 41 51 108 18 37 63
49 65 18 31 110 71 68 47 15 42 44 35 73 19 80 125 92 104 55 64 11 24 102 113 25 57 34 14 86 77 1 9 60 81 99 4 111 51 119 74 84 94 106 20 43 52 63 93 40 124 122 59 70 29 36 126 97 17 76 107 21 67 2 53 26 54 79 117 8 112 90 115 50 41 118 72 16 116 6 82 12 108 62 22 91 121 109 39 88 58 95 27 56 101 0 23 45 87 33 120 100 30 96 105 85 10 89 103 13 123 3 46 83 32 75 66 5 98 28 7 78 69 48 114 37 38 61
75 103 31 20 3 89 32 8 38 9 120 23 28 70 56 116 117 2 72 52 83 37 46 95 100 91 26 82 105 96 11 124 101 99 62 5 108 125 64 112 25 15 76 69 12 126 94 17 1 49 34 84 18 59 93 36 73 107 42 123 109 67 97 98 47 79 66 54 43 87 119 22 40 61 104 65 63 80 33 4 92 6 50 57 55 60 86 110 77 113 118 106 14 39 45 7 0 68 53 90 115 35 121 102 24 111 21 58 27 85 44 13 29 16 71 78 48 30 51 88 10 81 41 19 122 114 74
21 104 34 105 106 94 59 7 51 109 57 53 9 55 126 40 15 75 23 123 22 103 37 107 14 98 66 29 79 115 1 122 11 85 102 5 62 72 36 10 35 6 2 41 19 86 80 120 96 112 87 100 18 65 42 30 33 16 82 12 70 46 76 119 78 77 84 44 73 90 43 63 20 50 101 28 97 45 110 113 3 67 68 118 31 8 48 4 49 32 71 121 47 95 89 108 56 58 54 60 88 64 69 13 114 117 81 92 83 27 38 24 17 26 99 39 125 74 91 52 93 0 61 116 124 111 25
45 118 101 19 34 95 125 78 115 103 75 28 63 109 11 62 6 27 68 29 20 52 5 56 9 74 93 121 32 111 102 72 116 50 7 46 106 83 107 42 122 25 120 71 8 51 59 57 48 110 41 21 87 88 23 4 117 112 53 33 1 2 84 30 12 100 92 24 22 0 35 18 79 126 3 108 70 73 40 31 123 44 89 104 94 97 65 85 86 67 36 17 13 90 43 54 99 64 98 119 105 26 38 114 60 66 77 124 81 58 16 82 49 14 55 39 80 61 113 37 10 15 76 47 96 91 69
69 107 82 78 90 109 84 8 94 45 100 47 102 119 42 9 17 15 10 110 65 71 4 48 76 63 114 20 27 40 14 50 86 77 75 121 116 44 120 26 11 126 115 56 67 93 39 34 97 46 81 91 61 3 95 92 19 7 96 0 12 79 35 89 122 25 1 124 58 99 5 6 57 113 108 88 83 43 103 104 53 33 60 52 23 29 28 66 55 54 64 72 18 73 37 49 21 123 117 31 36 125 24 13 41 16 62 38 30 59 87 32 68 101 111 98 112 85 80 118 105 74 106 51 2 70 22
26 43 52 125 25 64 92 93 102 28 12 61 0 66 21 17 14 83 53 68 89 107 91 56 58 63 112 115 40 67 29 24 37 2 4 45 27 87 114 44 35 82 30 79 118 73 71 97 10 20 47 7 74 18 117 49 76 108 48 41 16 109 5 111 110 105 75 96 122 90 60 3 46 22 99 77 8 23 31 98 39 38 54 59 120 126 81 123 119 36 116 65 34 121 100 62 32 51 15 69 11 94 42 13 106 88 101 70 6 104 1 84 9 85 50 80 95 78 72 19 124 103 57 113 86 33 55
96 119 47 29 64 118 111 18 68 33 30 80 74 81 82 15 25 122 49 72 83 57 41 88 108 92 31 0 90 56 43 93 51 100 23 10 37 50 38 114 67 112 63 110 125 16 58 17 113 3 27 12 55 28 8 107 22 35 104 20 32 34 106 102 77 2 61 105 40 19 121 99 94 86 98 126 85 123 13 39 6 52 54 14 95 69 59 5 103 109 91 115 117 45 66 11 62 89 4 53 60 87 79 97 73 65 120 7 42 70 78 101 76 36 75 26 21 44 116 48 9 46 84 1 124 71 24
56 9 65 19 87 122 2 79 107 45 21 5 85 28 43 69 98 46 116 11 115 114 1 23 7 42 90 75 67 82 17 83 38 109 81 16 30 51 40 54 26 105 97 27 125 4 108 37 31 73 34 55 22 48 53 102 103 52 44 106 119 29 94 92 120 124 101 49 20 41 47 13 59 93 35 78 112 6 118 33 63 77 57 24 91 74 89 3 18 113 110 84 58 121 36 14 32 61 88 50 104 117 111 76 0 68 70 12 95 126 64 71 72 15 123 86 66 80 8 62 39 25 100 96 10 60 99
2 67 97 109 32 33 36 107 72 44 45 124 27 15 90 0 99 75 59 78 40 60 117 47 25 38 35 126 55 98 86 53 26 123 41 34 43 118 85 68 13 113 1 65 19 116 49 79 5 70 10 66 31 91 87 37 69 122 12 29 9 16 73 64 51 111 57 92 17 58 82 74 94 30 120 14 100 80 104 110 6 46 95 81 103 119 21 61 4 83 7 3 108 96 105 125 39 84 77 114 88 48 8 89 50 22 121 93 52 18 28 102 63 101 54 76 112 11 24 56 62 115 71 20 42 23 106
81 73 90 25 64 104 120 38 84 87 19 71 67 56 60 99 46 98 5 17 85 112 7 32 121 80 95 102 13 83 9 50 2 122 24 125 49 86 28 43 78 111 27 6 92 15 58 10 109 55 30 75 18 108 22 62 105 119 74 51 57 52 66 33 82 76 4 20 113 37 97 69 63 12 124 117 93 11 35 115 29 126 0 31 45 16 79 54 100 48 106 53 68 3 77 39 65 40 88 103 42 107 14 96 61 91 59 41 26 36 1 118 47 110 114 34 101 72 23 116 89 21 70 94 44 123 8
89 28 120 70 49 6 10 98 32 53 122 59 58 64 36 94 90 91 25 26 2 20 69 41 24 23 39 77 0 37 71 3 4 85 29 88 121 117 95 46 17 99 76 115 93 107 87 16 35 61 123 100 30 126 42 43 101 7 63 1 47 108 119 112 5 103 75 51 66 78 62 50 52 55 67 33 116 72 114 48 56 12 80 9 45 57 11 102 109 44 97 31 106 79 113 13 73 34 86 22 110 92 96 19 81 68 65 84 21 38 83 82 14 40 15 74 27 124 104 111 54 8 60 105 18 118 125
30 110 66 97 38 23 10 18 116 65 93 100 24 61 1 89 81 54 63 120 67 53 69 57 71 39 124 84 19 58 106 111 25 29 115 4 50 102 62 87 55 7 64 34 11 44 114 48 78 107 37 103 2 45 8 126 59 26 20 90 101 76 118 75 85 104 92 121 28 52 15 83 14 60 13 6 40 91 73 5 56 22 117 70 96 79 123 98 35 125 86 80 31 0 112 99 33 72 95 119 94 88 47 113 109 122 74 36 16 49 42 51 3 68 12 46 108 41 43 17 32 105 9 77 27 82 21
77 46 93 24 38 35 14 31 63 87 33 62 12 20 84 39 21 90 102 74 42 65 60 40 57 43 85 82 59 73 118 30 69 107 36 103 8 115 41 18 25 92 122 61 17 123 2 124 75 76 100 32 6 34 126 66 16 121 1 58 125 64 52 119 49 29 72 96 55 116 105 106 79 9 51 10 111 54 99 56 70 101 7 13 15 117 112 47 86 19 88 80 110 3 28 108 37 11 114 26 98 67 95 0 44 23 109 89 78 83 22 68 120 48 53 50 71 27 94 91 5 104 97 4 81 45 113
119 46 3 30 51 82 108 44 62 116 93 23 126 48 89 101 85 11 124 105 9 107 104 2 64 73 40 110 76 97 7 98 78 72 112 28 52 31 53 8 102 100 79 18 33 13 12 1 86 56 99 113 17 25 43 68 122 5 67 29 117 96 42 10 109 49 22 94 125 81 63 50 80 87 114 115 70 6 27 71 20 41 14 88 61 95 118 15 77 83 39 123 45 90 59 0 16 34 35 121 54 106 37 55 24 36 32 4 19 38 84 26 91 65 47 69 92 120 21 75 60 66 111 58 103 74 57
61 74 20 11 99 62 92 87 104 59 19 100 122 96 8 45 108 72 46 55 28 105 64 98 93 80 14 75 85 13 24 26 44 78 121 102 82 54 103 118 91 109 39 90 47 41 52 16 76 81 110 32 5 84 42 21 35 58 38 119 114 117 69 116 88 29 53 49 1 3 30 95 125 9 115 63 25 6 2 22 79 83 94 107 27 111 0 86 57 33 15 50 106 31 66 68 18 73 7 126 120 4 37 101 70 48 12 124 17 51 71 23 65 123 10 40 113 36 112 56 43 89 77 60 34 67 97
124 27 25 88 90 68 52 81 28 93 87 115 48 41 22 119 112 116 29 34 3 122 37 32 2 20 102 24 42 17 76 98 118 64 61 10 101 54 11 43 15 30 110 117 59 72 23 73 44 47 0 121 79 96 126 45 67 78 106 33 31 109 108 57 46 99 74 38 19 1 71 107 82 104 89 5 111 66 14 70 63 9 36 114 60 69 95 4 84 97 55 77 86 123 6 35 51 113 92 21 40 100 80 18 125 75 53 56 50 7 26 49 62 8 85 83 103 58 94 120 16 12 39 105 91 65 13
35 103 123 88 3 43 46 92 126 53 51 104 42 2 50 89 14 95 97 118 102 39 125 28 62 112 9 121 29 63 31 105 115 100 120 71 30 79 107 38 82 19 5 114 6 8 24 83 10 122 78 56 57 55 32 81 36 45 98 17 113 15 106 1 20 33 0 27 96 44 16 73 23 4 68 25 22 91 47 70 66 60 40 12 11 54 85 111 59 65 21 74 119 37 116 109 58 61 86 93 117 26 48 110 99 69 76 87 101 13 108 84 80 75 41 90 52 94 77 67 49 18 7 124 34 64 72
47 64 112 80 52 84 110 108 33 29 98 68 45 15 99 73 100 119 2 106 46 114 76 35 87 40 83 41 95 79 121 103 21 30 93 63 118 36 97 56 107 48 39 67 66 34 42 51 71 65 10 88 60 37 4 18 78 94 25 53 44 22 27 117 20 57 61 11 125 6 5 23 1 24 116 70 92 50 102 111 26 126 69 124 72 32 17 59 91 75 38 77 62 96 31 9 82 81 58 89 74 55 3 85 12 19 49 109 123 14 101 113 28 54 104 120 105 13 90 86 43 0 122 7 8 115 16
114 10 104 14 31 79 11 26 120 30 33 102 63 17 38 36 125 46 110 116 9 52 69 90 123 89 13 48 35 68 56 8 87 51 15 20 86 85 50 100 96 106 23 108 6 4 42 61 67 109 98 84 95 53 88 57 29 65 62 28 12 32 77 78 18 1 93 66 0 81 3 74 115 97 44 107 16 19 113 122 22 49 92 39 58 21 45 124 27 103 80 55 37 54 83 25 59 121 64 91 112 40 2 34 71 99 7 117 5 126 75 70 24 105 73 76 118 111 72 82 60 94 119 101 47 43 41
20 4 94 27 120 86 68 98 72 87 76 12 100 40 82 123 19 78 26 90 63 67 29 51 42 121 102 91 2 70 15 105 48 13 62 34 66 39 58 73 126 106 112 88 28 56 7 64 97 47 85 81 49 11 114 61 37 46 104 45 18 5 38 65 54 57 16 93 43 25 32 52 33 36 122 110 124 96 31 23 84 103 92 21 125 117 77 60 119 75 89 74 17 55 59 118 113 35 6 22 111 14 116 107 71 80 41 99 44 53 95 109 9 1 83 30 24 101 50 8 0 10 3 69 79 108 115
0 126 72 10 69 117 124 46 115 53 37 85 88 83 111 14 43 93 91 71 56 39 25 32 80 97 105 36 87 76 100 106 2 16 30 26 23 31 50 12 77 34 112 59 4 104 92 15 27 122 35 86 54 57 13 58 113 116 125 74 114 3 107 29 94 123 52 8 119 5 118 20 103 67 68 18 9 17 38 89 78 40 95 55 47 61 6 73 110 28 101 99 79 96 60 75 45 63 49 19 33 11 1 24 22 44 98 62 90 84 109 70 51 42 102 121 65 7 48 81 66 64 41 82 21 108 120
40 49 14 108 75 98 55 12 45 103 90 50 77 11 117 26 18 76 87 70 58 21 10 57 74 44 115 31 107 7 63 124 5 36 2 52 80 99 112 41 123 38 65 42 19 102 22 60 121 88 97 61 35 79 8 56 62 114 122 28 82 34 118 71 73 16 92 68 105 81 53 67 39 46 59 17 109 30 33 116 69 95 24 113 0 3 25 96 111 27 20 119 83 37 6 101 64 72 29 1 66 15 32 9 4 106 54 93 91 100 125 85 84 47 43 104 23 78 94 86 126 110 120 51 48 13 89
39 98 105 89 62 103 18 109 53 112 79 116 27 123 86 56 40 76 45 75 49 6 125 23 78 119 64 88 55 36 87 32 90 107 92 94 44 21 110 12 66 121 81 5 16 17 102 95 43 42 124 13 126 11 3 28 114 115 120 41 73 99 8 2 33 122 71 77 24 20 65 25 84 0 51 48 34 14 30 117 61 104 31 106 100 57 54 58 118 26 91 68 80 9 70 72 111 74 35 108 85 47 60 97 67 96 38 59 69 82 63 83 1 93 113 50 29 37 10 46 22 15 52 4 101 19 7
