30 20 118 76 15 6 4 82 77 121 12 3 101 116 123 7 42 19 56 28 125 46 22 52 10 24 39 23 8 69 75 109 83 45 50 14 31 92 44 112 94 78 90 11 95 48 62 27 119 107 66 13 40 104 120 122 68 51 111 80 37 41 87 47 63 5 96 58 60 49 0 117 54 86 35 113 103 43 67 18 79 32 98 97 110 55 99 124 59 61 70 88 89 38 106 105 21 29 2 26 71 65 115 36 34 81 72 91 102 108 73 16 9 53 114 100 93 1 74 25 85 17 84 64 57 126 33
96 6 125 0 48 83 94 85 22 89 70 118 66 103 78 49 14 122 80 51 42 46 87 33 99 109 13 43 88 72 8 119 54 3 77 12 10 73 26 44 5 100 40 90 7 126 17 81 117 105 52 1 84 107 91 25 113 16 64 97 120 110 95 61 93 62 53 2 24 9 123 106 102 65 37 98 41 82 23 115 79 76 4 39 47 57 58 63 111 74 112 31 121 56 86 36 19 124 35 68 45 92 30 50 27 75 69 34 116 28 18 15 11 114 20 38 108 104 60 67 55 71 59 32 21 29 101
67 97 83 32 92 51 103 31 60 93 5 49 63 115 55 110 6 98 14 117 66 24 47 89 91 18 82 101 70 26 17 71 36 78 54 124 19 23 13 22 100 112 116 40 37 76 96 104 105 118 8 125 39 120 27 1 35 74 58 123 10 61 11 9 44 12 109 108 106 62 64 68 28 73 53 34 102 15 85 29 2 111 75 0 107 57 46 56 42 79 43 7 88 94 80 52 16 45 3 65 20 41 33 4 25 21 38 113 122 84 50 48 95 81 114 72 69 119 77 121 99 86 30 90 59 126 87
27 47 60 46 40 119 34 19 71 35 36 115 24 16 58 61 66 123 29 63 94 13 7 101 15 12 30 118 70 102 25 106 44 85 79 33 8 68 116 22 81 64 103 52 88 113 74 37 56 75 48 41 20 5 96 39 9 28 110 91 3 55 54 99 87 111 107 62 4 6 104 65 95 49 45 21 17 108 18 43 86 93 80 2 67 112 125 76 69 31 84 59 120 51 50 0 42 26 90 1 38 53 98 10 73 97 14 121 11 114 89 77 92 126 23 105 32 122 109 57 100 78 72 117 82 124 83
114 74 108 22 78 38 117 104 35 102 11 99 48 7 112 52 17 4 21 1 66 72 125 26 12 45 29 44 14 53 65 83 19 106 69 64 86 28 34 73 81 43 40 46 8 59 91 6 115 9 126 110 36 0 107 15 124 103 121 100 33 84 105 88 10 41 32 62 54 31 47 77 76 111 50 3 63 96 122 89 30 27 68 80 98 79 13 95 101 37 2 39 61 24 118 25 116 123 60 5 70 90 57 97 94 58 82 18 93 75 56 113 55 120 49 67 85 51 92 71 23 20 119 109 87 42 16
42 81 125 45 14 79 91 22 56 113 0 41 37 108 94 65 78 96 35 59 77 106 66 54 5 123 121 38 52 116 47 115 71 31 72 3 68 24 1 8 27 4 88 13 120 117 122 15 99 114 44 16 73 40 67 58 95 64 74 112 2 126 82 98 48 87 39 20 51 109 36 124 18 102 75 11 23 43 90 105 104 70 89 76 97 33 55 49 93 10 61 60 21 86 7 26 111 107 118 12 84 30 17 80 6 110 19 53 69 29 100 83 46 103 62 101 34 63 85 92 9 50 32 28 57 25 119
28 36 4 40 11 27 121 76 99 110 24 74 12 103 124 37 68 17 77 101 57 93 67 80 10 95 6 104 41 58 22 18 47 48 35 33 94 120 23 75 61 107 46 62 88 1 112 44 0 29 92 20 82 113 2 66 25 50 119 52 122 69 79 34 98 70 117 71 102 15 45 73 16 32 21 5 109 91 97 43 81 90 26 54 89 63 84 105 39 116 49 114 86 96 87 7 38 108 111 106 72 9 19 13 3 125 118 53 55 14 56 8 64 59 60 83 65 51 42 85 78 100 30 31 123 115 126
69 105 110 112 91 126 9 51 75 106 12 45 47 14 61 54 87 81 115 80 38 103 107 53 10 50 4 32 84 114 23 73 33 118 63 116 49 8 25 94 44 76 55 74 111 108 60 19 1 39 123 56 48 20 15 46 122 11 95 27 101 26 86 90 17 96 98 79 18 71 57 28 68 64 109 78 37 22 62 41 83 30 102 104 100 16 43 3 2 120 7 70 97 6 82 117 124 35 125 66 88 93 13 72 5 99 31 59 29 65 21 67 119 40 36 92 113 85 89 34 58 121 24 42 77 52 0
30 99 51 108 82 123 20 31 110 70 27 80 32 126 8 24 81 88 116 37 28 104 9 74 54 119 71 3 62 78 113 21 84 90 124 33 19 77 69 121 55 61 100 105 102 29 122 96 23 111 58 95 65 6 86 73 26 44 48 10 16 107 45 46 97 11 4 92 83 13 2 56 14 36 59 42 91 17 53 39 41 114 89 0 79 63 57 125 1 67 22 38 43 75 25 47 34 103 87 68 66 120 112 64 5 40 76 72 115 117 49 7 15 94 101 52 60 12 35 50 85 98 109 118 106 18 93
60 36 70 39 10 57 119 94 107 100 62 5 17 116 33 46 84 38 45 55 58 8 123 47 18 9 64 14 35 54 102 92 6 23 118 124 74 63 2 76 99 31 122 3 86 96 30 121 93 59 97 98 80 52 75 72 26 90 1 56 53 32 51 43 4 22 108 37 87 15 88 106 95 27 50 105 68 19 113 114 71 24 89 79 0 48 109 104 40 61 115 117 28 125 81 41 44 73 66 25 42 112 67 21 110 16 85 120 126 7 11 34 83 20 78 12 82 69 101 91 49 103 29 13 77 65 111
60 19 18 72 15 35 99 78 125 39 77 44 113 22 13 8 24 73 26 5 70 111 93 116 68 4 85 88 98 29 55 80 102 45 65 51 62 58 14 92 95 27 42 110 17 31 76 114 91 122 107 0 101 36 43 89 106 109 28 41 124 11 52 83 56 46 67 61 7 2 54 63 33 96 123 50 12 100 47 94 1 16 120 121 119 48 79 82 53 115 23 9 59 112 117 66 118 108 87 90 6 38 34 25 71 49 103 105 84 104 126 37 20 21 57 32 64 69 97 10 3 75 30 86 74 40 81
125 77 53 82 95 4 120 57 113 119 68 107 34 59 69 50 65 18 25 63 27 28 78 9 56 7 80 76 118 10 116 38 115 12 37 101 85 51 98 67 61 111 1 31 86 79 22 35 64 122 40 106 62 100 109 110 96 117 39 8 92 15 124 24 58 72 45 29 20 112 93 19 70 66 105 52 88 0 6 102 14 11 3 41 97 48 54 81 2 114 103 26 121 84 71 17 32 90 43 5 126 55 49 23 30 74 75 60 108 91 46 42 44 13 94 73 89 16 87 47 36 104 33 21 83 99 123
35 27 40 91 15 7 51 4 28 76 25 32 63 70 74 68 100 90 126 85 66 78 87 82 97 5 34 124 73 83 60 9 42 54 96 2 121 62 18 12 36 24 56 67 125 99 14 119 29 103 88 120 0 69 105 21 61 26 53 93 115 72 33 44 16 108 58 102 47 89 84 1 98 31 106 117 77 101 23 3 64 75 48 86 113 111 38 6 17 80 109 92 122 71 81 22 11 10 39 13 116 8 55 79 123 114 52 65 43 104 112 59 37 19 50 20 95 118 94 49 41 45 107 110 57 30 46
5 62 74 31 52 72 86 27 96 91 120 34 83 67 41 106 38 110 22 15 37 60 101 113 18 46 121 124 17 93 119 24 71 10 114 12 116 58 56 43 118 4 92 111 85 97 14 40 35 39 125 76 44 126 28 36 9 95 7 51 19 11 33 90 65 55 81 99 104 6 49 108 107 69 123 26 98 77 70 63 23 122 94 64 87 2 42 80 59 102 78 48 57 89 8 100 1 0 25 61 54 103 32 29 88 3 84 30 75 68 73 21 53 13 112 45 50 16 66 115 105 79 20 47 82 109 117
42 20 81 109 75 107 97 124 95 69 59 101 82 93 41 68 106 40 10 91 27 71 7 35 19 125 65 110 115 84 21 6 98 30 44 23 39 56 61 111 57 55 113 85 32 96 0 9 104 120 17 108 49 50 52 86 36 100 70 8 45 38 43 4 102 37 105 66 12 112 3 126 25 53 64 28 18 26 54 87 79 123 118 122 15 114 11 121 74 5 13 60 99 92 90 77 29 67 76 94 103 33 31 62 89 72 14 63 119 51 16 78 48 1 46 34 58 83 22 117 47 80 116 88 2 24 73
71 126 111 8 122 65 30 37 21 79 25 75 23 26 108 64 47 73 6 15 110 100 49 93 125 27 105 35 20 46 72 12 3 7 34 116 61 59 119 68 52 2 96 28 114 99 76 42 83 88 80 0 54 66 51 22 87 112 86 13 41 109 31 58 10 92 67 38 69 60 118 106 113 1 19 44 104 95 121 17 94 50 124 39 63 57 53 120 45 102 48 43 4 77 70 84 89 29 103 32 11 91 85 36 62 56 55 97 98 16 14 123 90 74 78 117 40 101 82 81 107 33 9 115 18 24 5
28 100 50 70 20 118 57 103 101 36 44 113 123 9 18 65 90 61 71 91 8 108 85 19 1 39 76 125 80 124 77 6 84 96 7 78 59 115 87 104 94 102 110 34 41 5 109 63 49 42 55 16 75 122 88 60 74 83 64 107 117 35 0 32 45 98 95 43 11 10 111 40 13 51 119 114 38 4 116 26 48 68 54 79 69 89 22 67 86 25 92 66 31 46 30 99 81 17 24 105 52 23 62 82 29 15 93 47 2 106 3 73 14 56 112 21 126 121 33 58 120 72 37 97 53 27 12
40 84 6 34 105 102 67 115 13 47 7 64 16 87 65 92 18 55 58 73 93 43 45 94 38 111 24 88 119 99 41 75 78 17 113 31 12 19 49 22 23 68 11 120 104 76 35 36 124 56 81 101 9 114 126 122 59 98 63 52 112 70 1 44 79 86 96 97 106 2 32 95 72 74 103 118 26 15 48 20 29 37 66 30 109 116 90 33 57 77 39 51 54 8 85 0 10 71 27 46 107 3 21 50 53 121 117 42 25 91 100 89 83 5 110 80 28 62 60 14 123 125 69 61 108 4 82
72 115 63 23 19 70 116 89 120 78 88 16 41 50 14 4 33 3 95 45 93 57 104 118 90 6 69 98 9 0 25 47 5 124 103 43 119 18 20 121 59 86 42 117 84 32 114 27 75 110 13 34 60 44 125 61 29 22 82 71 83 17 100 94 67 40 87 111 92 54 62 97 96 46 52 74 10 105 12 2 8 39 35 76 109 11 49 30 122 38 37 101 65 107 51 99 79 58 64 102 73 108 28 123 31 55 15 36 26 7 21 106 91 1 24 113 48 80 53 66 81 112 126 56 68 77 85
118 117 81 20 66 15 65 120 3 71 123 5 1 90 74 86 68 97 24 78 42 33 30 75 63 10 43 27 94 99 122 82 73 37 67 17 46 35 125 109 115 80 38 49 11 64 4 62 60 77 92 104 25 8 87 58 114 34 44 98 126 69 107 88 101 41 12 14 28 6 112 106 19 61 91 39 105 119 16 0 124 52 13 32 121 70 50 116 110 47 48 55 93 96 53 84 2 79 113 51 23 29 9 18 21 72 102 103 57 31 95 40 108 83 26 54 59 36 89 45 7 111 76 56 22 85 100
16 44 86 77 46 25 89 17 88 33 31 20 48 30 69 79 105 72 34 12 120 42 122 50 1 87 24 7 64 63 83 123 104 47 61 37 115 124 101 13 54 95 114 74 116 71 109 75 125 23 65 29 84 19 76 3 11 66 102 68 52 4 93 21 40 27 60 9 55 80 112 53 126 81 5 85 56 118 32 49 22 107 73 6 36 94 98 28 121 67 100 57 113 18 35 10 8 119 103 82 41 91 14 39 78 111 108 90 0 96 26 99 106 43 110 45 2 59 92 97 38 62 58 15 117 70 51
48 124 126 82 0 92 59 12 76 112 77 101 106 109 5 9 99 16 61 63 123 100 71 120 23 35 46 54 102 32 19 72 37 1 69 116 34 38 18 28 56 73 80 64 96 105 57 51 118 83 10 68 86 26 27 22 47 107 50 84 65 58 3 4 52 42 49 13 121 78 25 119 31 113 40 62 75 74 66 85 97 125 6 41 81 2 11 89 98 103 24 44 36 17 7 104 14 79 67 30 87 45 43 114 117 94 88 39 33 55 110 91 8 111 15 70 90 115 60 21 20 93 53 108 122 95 29
34 27 107 38 113 121 87 99 5 80 14 32 43 119 86 55 60 20 100 112 53 16 40 48 64 8 126 17 116 29 47 74 67 124 62 10 89 118 84 26 6 24 68 95 30 13 123 108 2 49 15 44 90 56 31 115 19 91 76 101 18 0 75 7 59 122 25 61 22 88 58 81 46 54 77 120 57 114 102 3 52 51 83 117 82 71 104 110 33 79 65 39 96 111 12 72 11 125 92 41 78 93 63 23 106 21 85 37 109 98 1 97 105 35 69 4 28 45 66 50 94 36 103 70 9 42 73
21 44 5 97 58 3 113 46 81 101 32 60 7 54 78 70 79 82 88 117 126 35 31 125 104 36 89 25 19 27 123 41 66 109 49 4 94 56 29 17 112 64 42 57 106 12 8 93 43 1 124 74 37 14 62 26 80 10 91 69 53 76 65 45 86 52 108 24 63 67 116 72 6 22 95 30 118 20 13 77 122 15 71 115 96 120 83 105 107 114 11 119 18 39 98 38 50 111 47 34 48 73 51 0 9 40 92 2 84 102 16 85 68 110 61 90 59 23 87 99 75 103 121 28 100 33 55
26 38 45 85 90 74 76 68 88 106 117 91 10 8 62 94 54 49 1 100 96 101 41 124 35 64 61 30 9 14 58 7 111 31 6 25 107 21 55 53 118 113 2 78 70 121 29 60 40 108 19 69 12 123 56 67 24 75 15 32 115 39 57 37 93 72 77 119 95 51 0 46 52 63 81 47 92 86 13 99 3 17 34 98 122 43 114 16 97 79 84 23 59 33 36 83 27 105 80 42 28 104 126 73 4 120 65 116 103 11 5 20 22 18 87 112 44 71 102 48 110 109 50 66 125 82 89
13 37 27 97 99 69 35 77 45 14 68 19 54 39 29 20 93 102 75 61 48 31 123 51 11 38 78 121 85 5 101 100 7 56 116 94 87 6 105 26 17 24 1 55 40 10 57 23 15 30 91 107 9 117 41 32 79 46 49 28 103 63 58 83 82 108 16 112 22 126 53 59 3 118 73 104 92 34 90 109 113 95 111 44 119 21 36 70 67 65 64 96 50 115 42 125 2 76 74 0 25 110 4 18 88 89 66 33 43 124 80 86 122 98 120 8 47 106 81 62 84 52 60 114 12 71 72
100 118 106 32 98 3 86 25 11 14 50 51 116 77 125 114 63 42 82 57 17 9 15 64 26 95 112 55 38 56 76 113 99 119 93 30 102 5 122 44 80 61 97 74 7 72 123 1 84 23 33 92 49 96 60 68 104 70 120 34 111 71 53 27 8 62 20 21 52 6 73 36 115 12 39 65 31 69 124 48 45 83 54 78 94 67 35 75 91 117 89 108 88 40 28 10 126 18 107 4 121 29 47 0 90 2 22 101 24 109 58 85 79 41 81 110 19 16 59 105 66 37 43 87 13 46 103
91 114 70 102 99 30 112 111 84 47 96 49 93 116 38 5 48 107 15 63 2 37 28 83 22 66 50 59 78 24 13 58 41 118 6 75 27 19 26 92 42 31 44 0 85 90 3 33 1 54 34 121 52 88 53 62 43 9 74 8 109 126 40 108 106 56 86 45 51 17 21 7 57 55 95 11 119 35 79 105 73 87 104 46 117 81 98 18 120 4 36 64 76 103 69 122 123 67 61 72 101 115 77 39 29 20 16 89 97 65 71 25 10 113 80 32 12 68 94 14 100 124 60 23 110 82 125
59 86 43 6 105 77 22 102 80 44 19 85 120 47 23 81 87 40 118 96 101 55 124 2 72 84 24 18 36 15 32 83 71 75 111 41 31 62 63 117 100 4 82 20 76 37 108 65 99 112 49 17 14 113 91 51 79 33 109 16 67 116 89 5 27 35 115 68 114 125 21 74 39 122 42 7 69 93 73 53 29 8 98 97 64 88 1 25 94 11 50 66 3 28 12 92 48 90 46 61 45 126 56 110 121 119 104 78 70 38 106 54 10 60 34 95 52 26 13 9 57 107 30 103 123 58 0
14 29 36 50 88 79 37 25 75 28 60 125 106 93 107 56 8 30 112 122 69 48 24 1 71 9 121 84 98 57 109 45 94 52 110 62 89 47 18 55 38 32 118 42 108 67 100 31 20 126 11 6 39 83 119 35 63 99 116 101 65 92 124 2 80 81 23 19 43 86 33 78 64 4 76 40 46 115 26 77 21 104 68 91 117 102 53 0 3 7 95 74 87 17 13 22 114 113 120 61 51 49 90 34 103 54 5 97 16 111 96 44 82 85 10 73 66 58 123 105 41 70 27 72 59 15 12
0 18 71 95 64 61 39 94 99 62 2 98 83 27 32 38 1 111 84 126 106 48 88 114 113 81 107 78 37 9 43 55 118 69 105 116 92 26 119 91 100 53 75 123 22 115 102 101 108 85 54 124 50 34 20 14 24 66 44 36 82 47 3 42 58 121 21 17 10 77 30 46 49 68 104 57 89 59 122 23 60 79 7 76 6 96 5 40 12 4 80 90 120 52 16 35 86 25 29 33 67 87 125 31 109 13 51 15 28 93 112 117 63 70 45 72 56 19 110 8 65 11 41 74 97 103 73
119 27 12 30 105 81 11 64 10 72 91 46 70 52 123 21 56 43 124 107 115 76 101 114 90 73 58 1 32 42 61 39 82 121 29 83 69 53 104 125 71 100 13 54 89 85 51 97 77 109 113 14 80 126 6 112 41 57 0 65 110 111 34 99 4 49 96 33 95 75 38 62 60 22 24 59 86 84 50 92 35 26 19 98 74 5 2 122 16 106 87 7 55 68 36 9 120 102 37 40 63 78 47 23 44 3 31 94 66 93 28 117 15 79 67 17 8 20 48 88 108 25 45 116 18 103 118
70 10 18 117 89 48 30 72 45 119 22 53 60 52 74 31 57 35 80 4 5 98 55 79 99 56 12 19 24 47 49 38 82 50 90 86 104 75 103 61 93 78 122 54 26 111 112 9 65 32 118 43 94 66 116 17 25 81 108 68 62 102 21 8 6 40 88 124 71 110 83 7 28 106 101 14 67 20 34 33 97 95 59 0 115 92 84 23 96 36 107 15 37 126 73 121 46 39 123 114 51 113 109 77 27 3 64 2 42 91 125 85 87 76 11 69 29 58 100 63 120 13 16 44 105 1 41
77 19 108 114 37 97 44 109 30 68 113 58 96 88 1 122 98 34 75 20 31 47 90 6 66 26 14 78 118 89 4 8 39 112 83 76 73 95 117 110 102 3 70 18 94 59 46 62 5 27 93 56 42 49 15 119 12 74 115 22 48 92 104 13 11 60 124 36 65 25 67 126 17 40 86 45 72 53 57 69 125 9 71 81 41 87 61 33 91 10 101 63 16 120 116 35 106 32 54 79 21 2 64 100 7 38 84 24 0 82 107 28 80 50 121 111 52 103 23 105 43 29 123 85 99 51 55
94 93 104 26 90 105 15 114 98 83 33 113 40 88 120 1 23 53 74 51 44 6 75 19 41 45 16 11 71 126 123 47 35 95 38 89 21 77 36 14 116 24 84 27 49 112 76 32 79 86 42 118 109 81 31 8 87 117 65 50 12 22 25 99 52 85 101 48 30 63 43 69 20 55 13 124 58 4 111 107 121 28 0 97 125 70 2 68 80 18 17 34 66 60 10 7 73 91 39 115 37 56 96 61 59 57 5 64 122 110 108 3 100 78 103 54 46 102 29 106 67 9 72 119 62 92 82
34 93 55 46 103 67 124 22 10 48 54 117 99 0 11 9 109 105 112 18 85 42 45 41 16 28 121 125 57 13 19 91 84 122 60 3 23 71 119 107 35 47 49 30 56 92 31 126 2 98 43 110 1 97 25 62 76 59 52 6 65 63 86 82 70 81 15 24 74 104 20 8 83 115 78 66 40 75 39 7 100 44 37 36 89 69 106 114 94 68 50 32 38 96 113 77 88 90 123 61 53 87 80 17 120 14 58 21 116 51 64 101 5 27 108 111 33 26 72 12 29 102 95 118 73 4 79
95 8 75 43 11 98 22 103 48 14 94 109 78 53 46 125 92 44 60 100 88 25 101 3 79 54 110 107 45 39 71 32 113 31 0 115 17 99 24 61 123 55 27 83 5 114 96 68 26 90 104 66 58 102 41 85 19 63 13 59 42 50 21 120 15 4 30 81 16 74 52 6 40 82 97 51 126 62 118 64 12 112 38 34 108 121 86 76 9 124 36 20 2 117 49 7 28 18 29 91 119 73 65 37 111 84 69 72 23 87 93 77 106 122 1 89 70 80 105 116 56 10 47 67 33 57 35
111 44 57 40 96 68 95 103 49 107 43 41 118 24 125 122 19 81 93 46 8 21 114 3 94 28 60 90 121 13 66 35 101 4 88 63 53 83 98 77 27 74 116 69 18 2 126 64 9 61 113 20 25 16 73 45 29 75 22 56 1 91 11 37 39 10 72 70 100 109 110 89 117 106 26 6 112 87 34 23 67 71 31 47 14 62 104 86 48 0 52 80 120 51 12 123 5 108 82 76 65 105 84 54 124 38 78 36 115 79 92 119 33 97 58 42 85 17 99 55 7 59 102 30 15 32 50
106 77 55 122 121 48 113 50 66 90 123 60 89 13 100 74 47 96 49 63 44 119 45 36 8 57 98 76 86 30 93 52 116 9 58 67 21 33 41 110 102 88 12 80 108 26 118 124 53 101 84 71 69 112 115 20 16 104 27 11 97 82 94 51 15 99 25 85 39 23 81 61 62 40 59 32 4 105 54 38 64 46 24 17 109 31 37 120 95 35 75 91 0 111 19 29 42 78 34 114 83 2 68 22 107 10 1 103 92 65 126 5 125 18 79 56 73 14 87 3 7 70 117 72 43 6 28
30 80 2 126 87 70 31 46 81 100 112 52 53 55 73 116 115 5 88 7 41 12 113 69 35 21 89 61 107 101 8 84 86 34 76 103 119 16 105 63 49 47 29 65 24 94 37 93 22 121 4 36 38 17 123 67 104 18 9 77 1 15 118 28 3 40 96 42 23 54 111 45 90 56 91 50 19 72 102 64 106 43 58 109 27 108 20 60 26 62 14 11 48 83 120 71 85 68 82 13 95 39 59 98 6 57 51 75 114 33 0 97 32 110 79 10 99 124 44 78 66 125 74 92 117 122 25
2 88 71 102 100 31 6 66 94 36 103 1 73 97 65 90 117 81 114 63 69 47 40 96 0 53 3 22 84 38 61 62 54 82 23 67 10 42 95 58 4 11 29 121 17 39 123 98 56 92 113 75 57 48 72 50 80 108 44 109 91 124 93 7 101 19 18 59 13 21 20 111 115 16 107 43 105 55 37 34 46 30 70 12 24 122 87 99 68 52 51 104 26 86 28 8 77 14 116 119 89 60 110 33 112 5 25 106 85 9 74 64 125 76 79 27 78 120 118 45 15 32 83 126 35 49 41
61 88 22 112 80 116 8 26 64 37 52 21 4 12 60 111 39 126 32 46 6 68 74 40 98 9 59 108 66 24 102 115 53 2 100 50 117 119 58 23 1 125 86 38 72 79 30 89 41 54 95 84 73 56 82 105 71 90 0 85 83 33 19 104 122 17 109 35 45 123 29 49 75 31 67 106 25 48 77 91 93 94 124 3 96 34 28 69 78 44 13 47 76 101 43 27 103 110 92 87 55 118 10 114 97 51 42 11 16 113 99 62 14 63 121 20 81 36 120 18 15 107 7 5 57 70 65
6 106 120 49 50 63 85 47 88 80 45 4 39 74 42 76 22 26 29 81 53 125 33 122 89 90 113 117 54 71 97 115 123 38 83 2 66 110 3 87 121 13 24 94 10 59 77 72 18 86 8 103 91 28 92 14 31 75 104 82 124 20 96 112 57 11 19 79 105 102 93 107 69 118 48 34 46 119 78 5 111 25 52 68 41 116 44 23 15 73 114 21 62 70 0 109 61 101 17 16 99 60 32 35 37 95 43 100 27 9 36 65 1 64 56 126 51 108 58 30 40 84 55 7 12 67 98
121 85 36 115 44 122 69 108 25 114 28 23 93 55 39 38 45 12 32 56 68 99 88 52 103 124 24 102 92 70 41 51 11 58 91 77 30 18 29 57 17 60 16 8 119 74 89 106 40 67 21 1 5 15 116 50 123 101 75 76 34 46 95 90 10 19 96 84 31 120 7 64 107 20 80 111 43 105 59 72 13 125 37 117 22 42 0 6 87 9 104 98 65 112 78 94 82 54 71 47 118 126 79 110 53 81 97 27 33 4 49 83 100 14 35 109 2 66 73 26 86 48 62 63 3 61 113
61 88 33 89 37 17 80 19 96 66 75 103 63 111 76 11 50 48 10 36 84 14 56 67 105 44 97 42 7 54 49 112 83 65 13 73 23 46 104 34 64 31 125 18 81 16 71 120 28 52 21 8 110 90 22 87 113 94 70 85 93 86 15 43 95 39 57 0 55 123 59 41 58 121 27 6 107 69 78 60 26 74 100 98 25 47 38 62 20 99 119 3 108 53 114 24 29 82 109 32 35 92 51 101 5 91 68 122 102 126 72 124 106 30 45 115 117 9 1 77 116 118 79 2 12 4 40
105 93 116 40 87 104 71 0 89 78 90 73 68 58 43 86 94 13 59 107 95 102 17 55 72 69 47 5 46 125 97 50 110 36 117 83 126 111 118 1 38 119 14 79 84 92 37 4 48 103 2 7 44 106 100 45 65 39 29 19 120 24 114 109 22 76 60 25 57 42 62 121 27 113 41 122 115 49 98 67 61 66 16 96 101 75 31 6 28 53 9 21 85 124 33 54 3 70 99 64 12 56 18 51 123 23 15 77 35 112 80 81 91 30 88 26 63 11 108 52 20 10 8 32 82 74 34
23 71 32 109 73 0 34 40 120 88 60 84 63 90 44 108 80 8 81 93 104 17 35 101 68 75 51 69 95 24 20 65 50 2 100 77 9 52 39 72 3 83 57 87 10 53 126 56 94 55 82 30 67 114 119 92 86 16 98 102 43 54 97 48 31 36 61 58 46 121 7 117 111 29 25 64 12 125 62 91 85 124 11 105 106 76 70 115 78 123 74 6 47 22 15 122 13 33 26 27 113 45 96 116 21 107 19 18 110 49 5 4 99 1 112 37 66 89 79 28 59 103 118 42 41 14 38
91 55 98 45 76 116 108 73 7 17 97 9 50 39 18 2 52 6 66 65 88 44 29 120 103 41 37 95 43 117 84 96 10 114 93 4 85 16 33 113 26 67 1 28 86 112 23 118 94 104 111 82 49 63 34 106 101 56 8 71 48 107 68 90 123 14 75 74 100 5 13 122 87 80 25 109 54 78 21 42 102 32 105 53 62 36 92 58 99 69 24 60 119 126 70 83 89 27 72 40 11 19 31 81 115 61 79 59 124 77 0 47 121 38 110 12 15 51 64 125 22 20 57 30 46 35 3
47 19 48 21 102 114 11 33 85 10 15 28 14 78 20 112 86 77 99 113 101 116 30 25 115 34 40 90 23 55 7 18 104 83 45 61 49 41 2 93 88 67 51 29 96 70 100 79 121 9 46 105 110 5 24 125 27 95 122 62 36 59 38 103 68 126 73 8 16 64 118 37 92 111 109 69 17 94 63 119 81 44 76 13 56 120 66 1 106 91 0 26 58 4 12 74 35 89 54 3 80 117 97 57 87 53 75 39 123 60 32 50 82 31 65 72 22 84 108 42 124 107 71 6 52 43 98
17 1 72 69 8 74 36 78 48 49 57 24 50 10 94 53 115 107 103 61 47 110 32 68 109 6 97 52 87 101 59 51 82 122 19 34 63 80 46 104 106 90 42 33 117 91 76 45 100 121 0 5 88 21 41 2 37 13 123 7 65 83 86 38 77 95 71 18 85 125 25 14 124 43 11 3 119 26 44 67 15 12 55 70 120 54 114 4 89 22 16 30 56 40 79 118 92 9 75 93 28 29 108 27 116 66 112 102 35 20 23 111 113 99 39 81 60 126 96 64 58 31 73 62 84 98 105
44 4 56 81 122 91 74 101 26 51 21 100 24 8 41 117 67 120 77 121 79 31 47 93 34 38 43 126 36 10 94 33 95 40 28 84 49 70 88 68 107 75 7 14 16 37 125 11 22 23 99 57 29 112 39 106 109 118 87 110 104 42 20 6 64 124 1 90 54 73 98 19 0 116 78 108 46 55 123 115 50 30 103 66 61 83 5 13 18 82 3 111 32 45 71 86 63 48 89 92 65 15 12 35 58 25 76 69 62 80 119 27 2 113 114 72 60 9 105 52 17 85 102 53 96 97 59
82 39 48 17 29 40 49 13 92 69 57 116 37 109 96 63 9 112 64 24 5 81 2 36 72 100 79 10 86 123 111 71 3 47 51 125 89 66 65 117 11 99 70 53 7 110 25 84 105 26 121 104 102 88 38 60 62 30 54 21 8 44 106 80 93 95 74 126 98 90 15 114 101 0 4 14 34 122 22 91 75 61 42 32 85 87 73 58 19 12 6 119 1 55 16 23 46 31 41 77 67 45 18 56 108 43 124 35 83 68 118 50 107 27 113 59 120 97 78 52 94 33 28 20 115 103 76
0 27 117 28 40 116 110 54 53 15 60 75 73 107 115 90 106 64 84 9 72 112 121 8 113 81 45 6 50 101 31 52 48 35 93 123 56 78 55 19 5 51 34 57 65 39 37 2 25 66 17 58 41 61 94 102 44 120 49 70 7 108 69 103 79 10 68 111 98 24 3 126 21 76 125 74 46 4 29 33 122 85 114 26 96 59 16 77 1 30 42 32 63 67 104 95 14 118 87 89 124 13 62 12 91 119 22 82 11 109 99 105 92 83 43 80 20 86 18 38 23 71 88 36 47 97 100
90 53 41 54 52 21 107 117 69 126 92 125 59 42 61 29 91 110 108 14 121 77 28 18 8 70 72 120 51 11 40 124 93 111 45 35 48 112 25 19 86 60 102 0 24 37 96 85 106 32 113 13 83 122 12 1 5 76 9 67 71 109 88 89 73 114 16 7 4 34 31 84 3 101 123 66 17 115 55 118 44 62 6 20 23 98 57 99 49 103 15 2 81 39 56 22 68 100 38 94 33 36 43 63 78 116 82 46 64 74 50 30 97 87 95 79 47 27 26 10 104 75 80 65 105 119 58
99 45 79 69 121 52 76 35 36 26 108 73 80 74 97 83 77 23 1 57 27 123 3 38 68 24 50 28 4 120 117 19 42 96 56 107 18 55 2 58 112 32 0 64 65 72 104 125 14 12 47 85 60 122 34 116 7 102 71 43 20 114 54 75 124 15 103 48 101 81 86 22 126 44 95 88 67 63 6 46 118 66 109 111 40 49 94 119 90 61 93 41 29 82 31 87 8 70 53 110 16 89 105 39 21 84 25 106 51 37 100 5 17 91 9 30 113 98 10 62 92 78 11 13 59 115 33
88 63 118 94 67 113 27 104 2 93 92 70 33 51 21 23 110 17 38 115 25 37 95 34 75 71 57 108 47 122 50 84 24 96 112 15 18 62 76 44 36 12 52 48 80 61 100 59 117 3 123 16 65 10 111 116 1 55 86 72 56 82 7 43 58 64 74 106 102 32 41 31 97 30 49 40 99 87 8 105 98 66 19 46 5 9 121 83 119 20 81 11 114 28 54 124 101 126 73 109 91 60 53 42 107 89 69 90 14 39 6 120 26 22 78 29 79 125 68 103 45 77 4 85 13 35 0
41 87 34 117 4 29 99 100 38 27 94 39 8 123 16 93 105 43 23 6 5 20 54 31 79 56 103 52 89 11 30 28 125 77 60 55 71 126 83 84 109 53 17 101 22 112 119 67 122 110 121 14 49 82 0 92 15 50 35 73 59 26 9 1 65 47 32 19 78 76 116 96 70 51 75 57 33 21 37 113 25 12 24 90 124 108 80 74 7 69 62 64 42 13 66 120 36 97 107 10 45 104 3 98 115 88 85 106 81 63 95 91 86 114 68 61 102 2 40 118 111 18 72 48 46 44 58
19 121 96 60 88 11 62 40 25 27 24 31 47 17 66 16 52 92 4 77 41 101 81 84 75 9 21 45 110 2 114 122 106 71 85 23 93 28 26 124 125 82 103 107 20 89 115 70 100 116 50 3 43 99 102 105 6 8 34 30 113 104 54 72 18 117 78 0 32 90 97 95 98 123 33 112 63 94 126 56 120 37 5 76 39 44 69 51 109 29 15 67 79 1 80 42 74 111 12 53 119 48 22 57 49 83 46 61 68 65 10 108 73 38 91 13 64 58 7 35 86 55 87 118 36 59 14
103 52 32 49 40 100 57 91 117 62 97 17 8 71 0 6 55 41 102 14 66 80 54 39 111 7 5 116 3 79 90 12 63 56 35 22 58 82 88 18 33 64 98 38 112 124 109 70 83 107 84 104 9 53 81 60 19 121 94 114 87 4 106 69 10 73 89 118 113 101 119 1 31 28 26 23 34 77 37 16 25 86 24 115 36 78 20 11 125 75 47 42 46 50 21 67 44 95 43 65 122 68 72 99 85 93 13 105 76 110 126 27 29 51 123 92 48 30 61 15 96 108 120 2 45 59 74
96 2 112 76 105 10 39 62 82 22 56 115 11 71 87 8 61 58 17 117 55 15 118 52 45 63 125 23 9 64 101 103 51 57 114 3 110 38 81 26 47 107 106 34 90 36 42 91 7 27 78 102 0 54 13 74 73 68 95 83 79 66 37 109 80 93 123 72 104 120 24 98 6 86 12 92 19 49 121 89 5 84 108 69 43 25 94 18 1 100 48 21 50 111 35 20 33 4 124 67 41 40 77 126 88 29 16 30 122 46 53 65 14 28 31 116 70 44 113 85 119 75 97 32 59 99 60
43 26 62 27 29 9 55 21 91 126 117 34 54 82 112 85 110 83 30 23 20 22 80 59 40 90 99 56 0 13 69 39 115 100 92 105 15 19 101 3 116 37 32 51 77 113 79 109 52 11 70 38 124 31 102 75 86 41 94 97 123 65 119 106 47 53 7 33 10 64 36 120 111 103 76 96 24 68 28 88 81 4 16 107 125 46 78 63 73 71 87 108 60 8 95 17 61 84 49 45 35 14 58 42 98 122 6 12 89 114 57 67 72 50 44 25 5 121 66 104 2 118 1 93 74 18 48
29 66 78 31 122 8 16 24 40 90 105 116 102 43 53 80 50 58 30 96 60 27 98 23 114 89 57 39 107 95 37 118 13 20 75 69 38 65 111 5 42 52 76 74 35 71 92 1 3 44 117 91 18 10 101 124 41 34 82 14 97 54 64 19 93 47 81 77 21 62 63 32 72 17 119 28 48 11 84 68 55 85 59 7 79 120 94 36 70 46 123 86 49 73 45 106 99 6 83 67 25 115 110 113 87 126 51 103 4 88 109 125 61 22 12 0 100 26 56 2 9 33 121 112 15 108 104
111 16 114 49 33 97 9 30 85 45 95 1 59 106 61 51 91 2 88 6 4 122 7 72 83 104 124 92 115 126 53 11 89 84 78 96 24 69 35 80 71 75 87 26 65 41 117 56 107 57 27 105 0 34 90 21 8 62 23 108 28 68 37 70 60 94 44 99 63 79 109 13 40 31 32 58 120 66 50 22 67 36 77 123 55 15 82 112 74 98 102 14 39 18 113 118 116 46 103 101 52 81 110 19 119 125 29 38 20 12 47 3 25 93 64 100 5 73 48 43 10 42 76 121 17 54 86
32 114 112 104 107 13 42 73 48 44 57 74 84 23 39 126 10 9 105 33 117 2 20 35 92 83 64 6 77 90 68 95 0 103 125 46 26 19 15 28 41 80 49 81 111 18 72 47 102 12 31 100 110 94 119 36 65 121 11 101 123 58 60 22 70 43 34 37 88 109 55 45 98 67 87 120 61 93 76 124 38 54 27 113 3 4 40 79 78 14 1 5 108 82 16 63 59 89 122 50 96 91 8 106 86 66 62 69 30 21 99 115 85 97 7 53 52 17 51 75 71 118 56 24 29 25 116
75 59 83 5 34 58 6 84 108 80 81 33 44 27 19 87 3 86 71 72 61 77 93 48 1 37 121 76 57 69 123 64 117 104 88 12 24 2 52 118 91 15 85 35 100 107 92 16 94 41 90 21 119 74 70 23 40 102 62 18 36 67 116 63 82 78 112 25 114 97 56 38 120 53 54 17 109 7 13 50 113 98 115 96 111 8 30 124 49 55 20 46 28 4 122 45 11 0 60 47 65 9 95 89 39 32 22 14 43 110 103 51 10 79 26 29 99 66 106 125 126 101 105 68 31 73 42
3 112 97 39 126 50 60 103 26 64 4 102 46 68 105 21 45 16 77 59 123 28 49 41 52 113 100 48 23 37 81 5 70 47 104 15 86 75 8 69 1 106 9 108 74 22 12 10 67 31 107 89 110 84 55 96 36 27 87 20 43 83 116 24 111 11 44 0 93 6 53 54 101 85 71 119 114 34 109 91 13 65 120 121 17 40 125 62 118 58 61 25 124 99 94 33 18 78 35 82 57 56 38 42 79 2 63 80 90 98 122 51 19 72 92 66 76 14 95 73 88 115 32 29 7 30 117
104 101 25 95 54 103 66 16 109 97 79 67 63 45 115 64 113 62 15 77 56 107 38 88 27 86 23 22 71 49 7 46 1 53 84 124 96 13 116 41 70 93 68 74 98 5 58 11 73 80 119 28 89 105 6 3 43 125 14 90 76 81 52 30 91 26 44 9 87 99 59 50 83 117 32 111 61 33 37 39 4 21 106 100 10 47 18 29 118 82 42 57 94 51 121 108 65 75 102 0 69 123 78 126 85 120 24 40 35 31 92 112 12 72 60 17 48 36 34 55 20 110 8 19 114 2 122
82 89 23 29 99 119 104 49 7 117 10 73 95 50 74 112 58 54 32 45 80 42 8 90 12 61 4 27 109 107 108 0 1 123 105 113 76 106 43 96 46 115 15 33 102 78 36 120 17 70 31 93 79 40 35 68 75 26 39 52 56 9 71 65 14 38 67 37 121 51 13 122 103 100 28 77 114 55 11 69 41 5 16 62 20 124 101 19 72 48 111 6 83 18 86 60 81 94 97 125 66 3 47 91 116 110 118 98 22 63 57 24 87 25 88 53 85 92 59 2 21 30 64 34 44 84 126
29 27 9 69 111 106 114 72 40 18 46 83 123 88 104 56 3 66 115 31 12 74 5 98 28 124 101 57 77 33 97 87 41 86 65 70 78 34 125 0 30 42 94 126 23 85 81 4 93 89 44 79 103 80 51 26 47 13 61 118 76 75 48 24 109 100 52 84 120 7 73 1 82 2 107 19 53 116 55 49 35 39 67 11 58 25 108 95 91 16 17 6 112 43 45 8 105 54 99 113 10 14 15 110 21 20 68 64 38 121 62 59 71 102 90 37 96 117 119 92 22 32 63 50 36 60 122
74 68 12 95 1 112 62 54 119 108 65 9 93 61 99 90 49 45 121 10 25 35 84 42 101 73 18 17 91 94 23 102 82 4 107 47 115 83 21 75 59 124 20 53 104 44 26 39 5 71 11 51 81 15 37 88 86 63 14 96 117 32 64 40 98 8 38 22 57 67 19 100 31 85 70 126 114 7 29 79 60 48 3 2 43 120 69 89 36 41 118 33 122 66 6 106 80 111 110 92 34 27 46 76 0 24 125 72 13 56 109 30 123 105 97 78 52 113 16 87 58 77 103 28 50 116 55
76 60 67 6 33 77 51 17 36 121 73 106 101 61 96 108 109 91 123 71 81 103 95 50 83 118 0 1 14 27 117 49 30 35 16 5 43 65 124 52 13 88 75 28 92 29 66 20 48 78 45 119 39 116 55 104 85 97 23 72 2 59 37 15 112 56 25 63 126 38 74 41 90 99 80 7 32 64 22 100 102 54 40 44 26 8 107 62 125 69 57 79 42 47 114 19 31 24 68 94 122 53 87 10 84 89 12 82 70 34 120 58 115 18 111 4 86 9 3 110 105 93 98 11 113 46 21
78 43 5 121 115 60 112 69 79 47 65 7 3 61 81 63 2 73 12 101 1 27 32 38 48 126 85 94 83 31 95 118 11 51 120 30 16 96 84 125 6 4 19 113 106 114 119 57 98 117 109 58 116 0 105 17 44 99 21 13 87 68 92 107 29 72 28 25 111 24 40 10 75 23 70 103 124 42 35 59 41 77 20 64 45 93 71 122 102 54 108 55 97 100 86 9 52 62 37 82 26 53 67 91 89 36 18 33 14 15 50 56 80 66 76 104 123 49 8 22 74 90 88 110 46 39 34
66 67 61 24 50 111 82 10 103 29 12 58 33 55 5 106 98 27 38 74 89 77 39 109 14 23 32 104 95 91 15 115 78 107 90 25 53 6 94 86 88 34 28 51 26 68 73 108 54 44 62 87 93 105 81 96 124 101 113 11 84 112 72 7 63 19 99 22 110 122 31 117 21 0 119 41 42 100 97 47 52 83 125 60 30 9 126 20 75 36 92 48 56 80 8 123 121 114 102 16 85 46 1 76 49 4 79 13 17 59 70 65 64 18 120 35 2 43 37 71 116 57 3 40 118 45 69
99 95 109 3 124 55 54 94 126 100 52 125 33 84 28 61 24 72 64 104 21 9 96 17 37 11 74 118 18 49 115 38 16 0 46 121 41 107 6 116 111 14 19 105 106 51 73 44 20 71 113 101 43 31 89 120 1 32 90 36 40 25 87 75 53 66 10 122 5 48 123 78 103 23 117 69 13 86 57 108 7 114 65 34 8 63 79 112 98 85 47 42 29 58 39 91 83 81 80 59 67 92 45 62 60 110 30 70 2 82 4 119 88 50 93 56 27 35 76 15 12 22 97 102 77 68 26
124 43 3 47 91 55 26 54 95 121 122 38 108 112 21 100 74 93 71 24 66 109 27 110 117 20 30 59 96 118 35 72 33 17 83 77 16 79 31 65 78 49 13 12 73 82 116 123 68 98 63 6 126 7 89 23 57 46 58 97 44 9 88 87 42 103 36 28 111 2 15 60 125 52 106 5 1 67 10 113 114 115 22 25 40 86 70 50 107 92 45 101 8 105 120 37 0 99 81 19 32 41 64 51 48 76 29 14 84 18 61 11 94 4 69 119 53 104 34 85 102 56 90 62 75 39 80
36 35 75 6 110 99 28 126 55 65 122 52 117 83 91 106 66 101 42 70 105 54 11 29 114 45 118 47 119 13 1 33 51 38 24 0 41 22 102 23 107 37 53 16 124 27 43 97 87 77 50 40 20 18 34 98 3 59 25 76 32 88 69 115 90 121 80 60 57 64 9 68 48 78 14 26 46 94 100 93 95 123 82 44 8 7 108 19 104 67 21 39 89 111 4 92 31 61 5 112 79 113 71 62 15 73 81 10 63 72 96 125 30 58 12 49 84 109 86 56 17 85 103 2 116 74 120
14 108 85 37 86 60 72 105 97 33 83 7 68 10 78 117 2 70 103 29 42 1 20 40 48 21 80 100 120 122 4 31 30 115 112 22 50 46 92 12 93 19 35 56 90 104 69 3 111 75 0 77 61 88 11 84 59 106 18 36 39 34 24 49 23 57 47 101 110 79 64 27 116 63 66 32 99 58 67 26 65 94 91 25 109 43 96 95 119 28 118 113 6 82 45 102 16 74 9 15 89 5 124 87 126 41 17 51 52 98 55 8 125 71 38 107 121 123 54 44 114 62 76 81 13 53 73
61 8 103 58 5 84 55 45 6 62 41 96 91 0 12 69 15 37 28 51 3 46 118 23 49 97 35 94 29 126 105 109 86 70 82 92 76 18 54 4 88 57 114 99 14 22 74 34 108 125 112 26 122 102 50 111 107 32 104 78 13 106 30 123 47 66 11 7 48 52 39 124 83 27 65 67 60 81 21 121 80 36 115 33 9 100 31 2 90 24 59 44 101 38 73 56 1 110 89 79 85 113 25 98 40 75 20 68 87 19 93 77 17 10 16 64 95 42 71 63 72 117 119 43 53 120 116
51 35 101 125 89 113 96 9 121 31 59 103 70 22 46 58 110 119 63 50 80 124 37 99 4 60 65 66 107 118 29 2 18 26 109 55 71 10 126 64 114 24 117 15 88 16 62 57 43 6 123 112 12 83 75 21 108 100 74 20 104 49 105 7 19 25 44 17 13 73 82 0 11 116 30 33 92 84 27 79 102 40 115 23 67 81 52 78 86 91 61 120 87 28 68 39 34 14 8 93 90 76 36 69 32 98 106 56 1 72 41 94 45 3 97 53 48 38 42 5 111 85 47 122 54 77 95
32 87 20 9 22 63 116 43 8 30 12 26 110 101 93 95 11 81 54 104 84 91 50 19 37 74 97 62 60 3 67 28 126 94 61 86 5 56 2 82 45 96 120 99 33 118 77 79 48 65 119 57 90 103 125 29 68 6 40 98 75 42 76 108 10 0 51 73 55 36 123 53 17 24 106 69 52 25 88 27 102 1 122 83 124 117 16 35 121 115 31 4 113 107 41 15 38 18 64 112 58 105 92 100 80 109 39 71 59 66 13 46 89 85 49 44 111 34 7 114 70 78 23 72 21 47 14
103 41 87 75 115 14 100 110 91 124 5 59 46 36 28 37 93 23 114 43 123 30 56 10 50 117 122 88 22 113 73 38 34 20 95 106 121 71 72 64 35 90 101 45 24 118 66 112 33 85 51 55 102 11 2 126 96 63 68 16 0 77 1 7 58 8 78 40 109 39 49 62 13 6 119 76 17 25 111 107 69 18 61 9 74 26 15 12 99 86 81 47 44 52 79 32 94 21 3 105 70 98 92 82 80 19 67 84 4 83 54 31 48 53 57 125 60 108 97 120 42 65 104 116 27 29 89
118 24 1 124 74 73 68 113 100 81 116 82 67 12 32 39 8 31 90 72 37 41 111 9 79 17 96 71 40 109 94 49 45 13 62 59 110 115 54 4 119 16 15 75 80 51 19 123 114 57 2 120 18 99 35 122 97 38 104 29 28 50 105 108 10 52 64 69 20 84 36 48 30 87 14 47 61 27 83 11 63 60 112 91 22 95 86 25 66 42 44 92 103 98 117 77 126 3 70 121 6 21 76 34 88 56 85 93 65 102 78 33 55 43 101 89 5 46 58 26 23 107 106 0 53 7 125
93 58 69 72 99 40 76 101 8 107 109 79 43 19 1 46 3 28 2 35 80 85 44 102 10 126 42 0 60 86 11 16 5 24 88 73 122 12 106 77 14 75 54 94 110 38 103 104 87 53 119 124 59 90 111 26 4 22 50 95 64 116 61 33 18 67 6 27 49 7 39 96 105 9 37 45 121 89 32 120 66 82 29 97 70 34 113 92 63 81 108 98 13 68 62 84 15 91 114 117 71 100 118 23 78 56 47 51 65 57 30 83 48 41 20 74 125 31 52 21 123 36 17 55 115 25 112
123 95 51 111 36 59 107 63 15 77 104 90 87 120 24 11 12 102 0 56 119 25 40 112 58 28 10 64 60 110 79 105 67 21 33 103 115 108 88 43 94 74 49 72 125 1 85 68 62 96 69 106 27 38 93 23 41 81 57 44 13 113 78 65 26 116 34 121 82 35 3 99 20 32 8 2 17 4 47 92 98 31 76 109 114 75 53 42 91 45 80 5 14 71 117 46 29 126 124 50 89 86 83 18 84 19 52 118 30 22 37 66 61 6 55 100 9 97 7 48 70 73 39 54 122 16 101
101 61 36 52 107 2 46 21 123 73 95 120 67 33 87 41 15 29 93 66 34 119 99 72 116 78 105 17 79 16 32 71 118 82 7 3 23 12 64 88 117 5 1 24 91 27 56 86 113 44 28 59 77 38 8 57 74 13 98 19 53 26 84 108 81 75 65 54 89 125 63 58 100 39 111 90 25 9 126 103 60 106 42 97 110 14 121 83 49 104 55 114 50 45 122 43 115 40 20 11 96 76 102 31 62 18 48 37 30 6 10 92 69 22 94 51 112 109 80 124 70 4 47 85 35 0 68
105 107 4 110 17 76 118 77 14 21 103 9 1 59 50 84 97 123 119 100 11 26 28 115 75 70 41 69 60 86 65 61 48 36 94 39 83 37 38 111 117 2 63 40 120 33 108 18 102 67 51 35 116 90 54 92 32 46 23 71 79 25 99 45 49 101 47 5 42 6 31 15 82 44 29 88 104 80 106 64 81 78 72 93 57 85 52 66 109 13 74 73 87 98 122 16 58 12 125 114 95 43 10 20 121 96 112 24 113 91 8 34 124 7 19 89 62 0 22 27 53 3 55 56 30 68 126
7 68 34 2 101 80 71 90 59 51 8 84 114 110 78 70 38 27 39 5 18 55 102 103 98 48 28 31 35 77 24 121 67 11 17 26 111 85 89 44 47 36 1 120 29 118 21 64 60 113 63 72 119 53 12 106 115 22 81 107 94 16 88 33 10 19 87 105 95 9 125 3 99 82 15 97 54 83 49 23 75 109 96 57 42 52 40 6 46 58 13 37 86 123 50 92 61 124 112 116 126 4 122 104 25 74 117 43 56 65 100 76 69 30 0 62 45 73 79 91 108 66 20 32 41 93 14
122 106 33 84 61 73 30 14 67 46 93 100 121 76 88 104 53 91 124 110 20 66 120 97 59 41 83 107 45 119 58 0 108 87 79 89 34 40 48 4 39 24 75 27 118 18 116 92 50 16 115 56 7 47 29 32 13 68 21 114 15 86 90 1 72 96 51 36 69 25 60 64 65 109 42 125 95 26 55 117 78 99 70 112 85 111 52 103 12 23 54 5 6 17 57 22 2 80 11 3 63 105 9 62 101 94 35 77 98 8 31 81 37 38 10 71 49 74 28 113 44 126 19 82 43 123 102
97 110 29 2 25 89 9 78 57 22 52 100 1 33 40 64 44 95 116 17 115 77 103 124 73 15 74 7 31 79 51 11 13 42 70 23 55 71 47 45 120 41 59 113 121 86 80 108 119 61 102 6 72 88 39 118 14 12 19 16 50 38 125 67 114 92 69 83 99 93 27 20 101 122 68 10 81 90 4 56 34 26 58 54 94 96 21 3 111 98 49 8 46 126 107 30 87 105 66 62 106 48 60 32 18 91 43 109 35 65 37 112 123 85 82 53 76 0 28 5 104 63 24 36 117 84 75
42 87 37 30 84 61 60 2 32 120 51 38 117 94 80 64 19 3 65 68 45 49 90 25 63 125 27 82 66 58 0 77 48 14 79 101 15 5 89 62 52 111 121 92 9 96 21 95 12 28 33 7 13 98 85 103 67 91 59 72 104 43 93 126 116 35 20 1 53 29 124 88 110 17 23 55 106 4 11 99 108 97 31 26 22 39 44 81 107 41 122 16 73 83 123 86 36 50 69 74 113 18 54 10 75 109 78 24 57 34 119 76 8 70 56 40 47 100 46 6 102 71 112 115 105 118 114
103 116 1 66 87 80 95 115 34 99 40 3 46 121 17 90 60 50 44 0 21 39 48 73 64 52 61 55 22 120 57 77 18 20 4 9 82 88 89 62 31 102 92 45 126 56 83 15 104 38 100 23 124 76 29 6 85 42 58 68 41 12 19 119 69 53 109 24 32 74 27 43 36 91 8 93 16 67 14 30 2 84 5 11 122 59 108 114 117 51 72 78 107 33 75 106 79 125 54 110 49 26 13 47 98 25 71 112 10 35 96 105 123 101 37 63 7 28 70 86 113 65 111 118 94 97 81
44 26 36 0 113 23 87 92 99 35 74 86 109 118 85 68 101 27 32 71 40 96 63 56 18 67 3 7 5 89 22 125 21 98 10 97 58 34 70 93 79 42 76 41 75 12 112 55 39 14 28 95 4 69 29 117 61 103 6 49 122 45 43 16 30 84 52 25 121 53 102 65 20 33 31 15 2 19 115 54 94 100 80 111 83 88 120 51 81 59 17 13 72 123 114 47 78 9 1 116 37 24 107 108 90 126 48 105 124 11 77 60 64 38 119 82 66 46 62 50 57 110 91 106 104 73 8
79 118 125 96 87 104 74 55 93 90 18 4 120 115 64 13 107 124 113 83 34 82 99 108 86 16 81 126 122 38 5 78 40 32 95 48 69 21 28 63 88 89 27 6 75 59 0 36 67 19 105 45 85 39 52 76 23 58 117 31 100 12 24 37 71 60 49 56 11 110 41 1 15 54 51 91 50 20 10 42 94 114 17 29 111 3 7 92 98 106 103 101 102 80 73 84 46 65 116 44 33 121 47 62 97 2 14 43 123 66 9 119 8 109 72 68 35 57 77 112 22 70 30 61 25 26 53
12 90 125 56 124 115 53 79 11 50 49 8 113 101 51 19 35 74 98 95 118 31 71 103 61 117 21 102 81 2 83 87 39 27 108 84 82 0 24 57 29 107 52 116 99 94 100 69 75 85 91 114 15 48 5 70 77 105 93 38 62 20 33 121 30 16 122 7 54 76 59 25 10 22 44 26 28 92 65 109 80 88 126 18 63 17 41 60 112 66 97 46 119 23 120 36 58 86 96 111 45 73 123 43 106 67 1 34 110 78 6 42 9 3 13 47 55 37 104 72 68 89 32 40 14 4 64
90 79 103 10 109 107 24 110 83 116 29 112 40 17 37 12 64 111 89 91 78 32 44 41 35 113 65 50 5 119 43 52 81 99 80 23 4 100 28 42 72 7 51 76 57 18 122 106 126 60 124 105 2 114 55 95 22 82 108 11 39 25 45 59 38 115 0 27 61 62 9 56 74 93 34 14 75 8 30 87 104 63 48 70 47 66 49 69 97 31 67 15 3 26 71 20 102 117 125 85 58 94 53 88 101 13 120 92 77 73 33 1 123 36 98 6 86 96 19 21 46 84 121 118 54 68 16
76 88 36 68 32 85 43 13 79 81 63 58 78 112 125 99 48 40 101 92 25 55 27 89 31 86 74 7 49 91 45 69 70 1 51 109 126 41 114 83 98 5 4 0 39 38 10 53 75 107 46 8 60 123 34 90 72 96 122 120 102 111 84 116 118 113 29 93 6 64 62 56 97 66 17 119 12 117 104 103 73 9 37 121 100 124 59 26 61 77 23 108 3 67 35 52 87 16 11 24 14 28 22 19 21 65 18 95 94 80 82 2 105 110 42 115 33 47 106 15 71 30 54 50 20 57 44
73 7 49 82 9 62 100 72 26 124 52 91 84 101 92 64 39 68 108 20 36 41 42 110 75 4 70 77 120 61 32 122 5 118 88 10 109 115 63 103 6 116 48 71 78 99 35 43 113 23 11 87 86 28 45 74 59 125 15 2 102 55 54 30 126 33 96 117 90 21 97 123 79 114 80 12 18 89 57 106 47 31 98 95 65 53 60 93 37 105 3 34 94 121 112 85 24 76 50 38 14 19 1 0 29 16 104 81 56 25 40 8 107 119 44 46 111 13 69 66 51 22 67 17 58 83 27
101 86 108 22 6 107 1 46 27 81 2 4 96 63 89 32 28 7 103 35 112 113 42 55 50 9 29 87 80 69 85 110 45 126 64 10 24 76 99 41 122 11 70 54 65 66 74 115 61 105 124 34 25 40 26 125 21 73 78 92 49 119 18 57 82 104 56 67 33 30 94 116 88 17 83 8 38 118 114 20 62 37 111 75 3 71 53 12 97 36 16 39 91 121 84 95 51 93 60 90 106 0 15 100 77 44 68 5 117 109 43 48 72 120 102 123 13 19 52 98 14 23 31 59 79 58 47
59 35 47 98 87 104 39 60 86 116 30 124 53 103 105 85 56 54 43 9 84 112 58 113 25 16 71 79 31 109 19 26 99 55 27 100 78 49 44 122 114 28 97 4 83 74 125 126 106 111 32 17 73 120 52 20 37 117 45 89 8 3 108 68 72 88 38 48 22 40 10 57 5 91 101 2 21 95 119 24 82 70 65 110 96 76 63 94 46 121 11 67 75 33 80 61 123 51 102 14 64 36 66 93 12 92 6 90 62 77 1 41 7 18 42 118 115 0 107 81 15 23 69 29 34 13 50
39 119 82 14 103 2 35 50 44 118 12 112 79 7 17 58 19 75 46 10 36 106 31 77 37 60 26 27 73 117 11 3 40 74 25 91 99 29 87 85 96 66 53 45 41 6 63 48 100 18 24 115 9 121 102 38 122 49 28 51 107 90 21 69 72 20 80 52 22 34 93 42 71 126 104 4 76 110 57 94 120 5 105 64 54 47 114 83 67 97 1 68 108 65 109 125 0 113 56 81 32 101 92 95 33 59 84 13 86 89 16 55 30 88 62 111 124 43 15 23 70 123 116 98 61 8 78
