31 93 52 124 48 13 84 108 30 17 63 112 29 1 62 97 28 89 83 120 27 9 82 104 51 87 81 118 50 7 61 102 24 95 25 126 23 15 74 110 49 19 60 114 26 3 80 99 55 91 59 122 54 11 58 106 22 20 57 115 21 4 56 100 32 92 79 123 39 12 73 107 33 16 77 111 34 0 78 96 35 88 72 119 36 8 69 103 38 86 75 117 53 6 76 101 47 94 45 125 44 14 68 109 46 18 71 113 37 2 70 98 40 90 67 121 41 10 66 105 43 85 65 116 42 5 64
100 31 92 49 124 48 13 82 108 30 17 63 112 29 1 62 96 28 88 81 120 27 9 74 104 51 86 61 118 26 7 60 102 24 94 22 126 23 15 55 110 25 19 80 114 50 3 73 98 54 90 59 122 52 11 58 106 20 83 57 115 21 4 56 99 32 91 79 123 39 12 72 107 33 16 77 111 34 0 78 95 35 87 68 119 36 8 69 103 38 85 75 117 53 6 76 101 47 93 45 125 44 14 65 109 46 18 71 113 37 2 70 97 40 89 67 121 41 10 66 105 43 84 64 116 42 5
81 100 31 92 48 124 52 12 63 108 30 16 62 112 29 1 83 96 28 88 82 120 27 8 73 104 51 86 61 118 50 6 55 102 24 94 23 126 25 14 60 110 49 18 80 114 26 3 59 98 53 90 58 122 22 10 57 106 20 19 56 115 21 4 79 99 32 91 72 123 39 11 77 107 33 15 78 111 34 0 68 95 35 87 74 119 54 7 75 103 36 85 76 117 37 5 70 101 47 93 46 125 44 13 71 109 38 17 69 113 45 2 67 97 42 89 66 121 41 9 64 105 40 84 65 116 43
5 82 100 31 92 49 124 48 13 63 108 30 17 62 112 29 1 81 96 28 88 74 120 27 9 61 104 51 86 60 118 26 7 55 102 24 94 22 126 23 15 80 110 25 19 73 114 50 3 59 98 54 90 58 122 52 11 57 106 20 83 56 115 21 4 72 99 32 91 38 123 39 12 79 107 33 16 78 111 34 0 68 95 35 87 75 119 36 8 77 103 37 85 76 117 53 6 70 101 47 93 44 125 42 14 71 109 46 18 69 113 45 2 67 97 40 89 66 121 41 10 65 105 43 84 64 116
31 5 84 101 52 93 48 124 30 13 63 109 29 17 62 113 28 1 83 97 27 89 82 120 51 9 81 105 50 87 61 118 24 7 74 103 25 95 23 126 49 15 60 111 26 19 80 115 55 3 59 99 54 91 58 122 22 11 57 107 21 20 56 116 32 4 79 100 39 92 73 123 33 12 77 108 34 16 78 112 35 0 72 96 36 88 69 119 38 8 75 104 53 86 76 117 47 6 68 102 45 94 44 125 46 14 71 110 37 18 70 114 40 2 67 98 41 90 66 121 43 10 65 106 42 85 64
116 31 5 81 100 52 92 48 124 30 13 63 108 29 17 62 112 28 1 83 96 27 88 82 120 51 9 73 104 50 86 61 118 24 7 74 102 25 94 23 126 49 15 60 110 26 19 80 114 55 3 59 98 54 90 58 122 22 11 57 106 21 20 56 115 32 4 79 99 39 91 72 123 33 12 77 107 34 16 78 111 35 0 68 95 36 87 69 119 38 8 75 103 53 85 76 117 47 6 65 101 45 93 44 125 46 14 71 109 37 18 70 113 40 2 67 97 41 89 66 121 43 10 64 105 42 84
62 116 31 5 84 100 48 92 30 124 29 13 63 108 52 17 83 112 28 1 82 96 27 88 81 120 51 9 61 104 50 86 80 118 24 7 74 102 23 94 49 126 26 15 60 110 25 19 59 114 55 3 58 98 54 90 57 122 22 11 56 106 21 20 79 115 32 4 73 99 39 91 77 123 33 12 78 107 34 16 72 111 35 0 69 95 36 87 75 119 38 8 76 103 53 85 70 117 47 6 68 101 44 93 46 125 37 14 71 109 45 18 67 113 40 2 66 97 41 89 65 121 43 10 64 105 42
84 63 116 31 5 82 100 30 92 48 124 29 13 62 108 49 17 55 112 27 1 81 96 28 88 61 120 51 9 60 104 26 86 80 118 24 7 54 102 25 94 23 126 50 15 73 110 22 19 58 114 52 3 59 98 53 90 57 122 20 11 56 106 21 83 79 115 32 4 78 99 33 91 72 123 34 12 77 107 39 16 74 111 36 0 68 95 35 87 75 119 38 8 76 103 37 85 71 117 47 6 69 101 46 93 44 125 45 14 70 109 41 18 67 113 42 2 66 97 40 89 65 121 43 10 64 105
31 85 63 116 30 5 84 101 48 93 29 124 49 13 62 108 27 17 82 112 28 1 83 97 51 89 61 120 26 9 60 105 24 87 80 118 25 7 75 103 23 95 50 126 22 15 81 110 54 19 58 114 55 3 59 99 21 91 57 122 53 11 56 106 39 20 74 115 32 4 79 100 33 92 73 123 38 12 78 107 34 16 69 111 35 0 72 96 36 88 77 119 52 8 76 104 47 86 71 117 46 6 68 102 44 94 37 125 45 14 70 109 41 18 66 113 40 2 67 98 43 90 65 121 42 10 64
105 31 84 63 116 30 5 82 100 48 92 29 124 49 13 62 108 27 17 74 112 28 1 83 96 51 88 61 120 26 9 60 104 24 86 80 118 25 7 75 102 23 94 50 126 22 15 81 110 54 19 58 114 55 3 59 98 21 90 57 122 53 11 56 106 39 20 72 115 32 4 79 99 33 91 73 123 38 12 78 107 34 16 69 111 35 0 68 95 36 87 77 119 52 8 76 103 47 85 71 117 46 6 66 101 44 93 37 125 45 14 70 109 41 18 64 113 40 2 67 97 43 89 65 121 42 10
63 105 31 84 82 116 30 5 62 100 48 92 49 124 29 12 74 108 27 16 83 112 28 1 61 96 51 88 60 120 26 9 80 104 24 86 55 118 25 7 81 102 23 94 22 126 50 14 58 110 52 18 59 114 54 3 57 98 20 90 56 122 21 10 72 106 39 19 79 115 32 4 73 99 33 91 78 123 38 11 75 107 34 15 68 111 35 0 77 95 36 87 76 119 53 8 71 103 47 85 69 117 46 6 70 101 44 93 45 125 37 13 67 109 40 17 66 113 41 2 65 97 42 89 64 121 43
10 63 105 31 84 82 116 30 5 62 100 48 92 29 124 49 13 74 108 27 17 81 112 28 1 61 96 51 88 60 120 26 9 80 104 24 86 55 118 25 7 73 102 23 94 50 126 22 15 58 110 52 19 59 114 54 3 57 98 20 90 56 122 21 11 79 106 32 83 72 115 33 4 78 99 39 91 34 123 38 12 75 107 36 16 68 111 35 0 77 95 37 87 76 119 53 8 71 103 47 85 69 117 46 6 70 101 44 93 45 125 41 14 67 109 42 18 66 113 40 2 64 97 43 89 65 121
31 10 63 106 30 85 84 117 48 5 62 101 29 93 49 124 27 13 82 109 28 17 83 113 51 1 61 97 26 89 60 121 24 9 80 105 25 87 75 119 23 7 81 103 50 95 22 126 54 15 58 111 55 19 59 115 21 3 57 99 53 91 56 122 39 11 74 107 32 20 79 116 33 4 73 100 38 92 78 123 34 12 69 108 35 16 72 112 36 0 77 96 52 88 76 120 47 8 71 104 46 86 68 118 44 6 70 102 37 94 45 125 41 14 66 110 40 18 67 114 43 2 65 98 42 90 64
121 31 10 63 105 30 84 82 116 48 5 62 100 29 92 49 124 27 13 74 108 28 17 83 112 51 1 61 96 26 88 60 120 24 9 80 104 25 86 75 118 23 7 81 102 50 94 22 126 54 15 58 110 55 19 59 114 21 3 57 98 53 90 56 122 39 11 72 106 32 20 79 115 33 4 73 99 38 91 78 123 34 12 69 107 35 16 68 111 36 0 77 95 52 87 76 119 47 8 71 103 46 85 66 117 44 6 70 101 37 93 45 125 41 14 64 109 40 18 67 113 43 2 65 97 42 89
63 121 31 10 62 105 30 85 84 116 29 5 83 100 49 92 28 124 48 13 82 108 51 17 61 112 27 1 60 96 26 89 80 120 24 9 81 104 25 87 75 118 50 7 59 102 22 94 55 126 23 15 58 110 21 19 57 114 54 3 56 98 53 90 74 122 39 11 79 106 32 20 73 115 33 4 78 99 38 91 69 123 34 12 72 107 35 16 77 111 36 0 76 95 52 88 71 119 47 8 70 103 46 86 68 117 37 6 67 101 45 93 40 125 44 14 66 109 43 18 65 113 41 2 64 97 42
89 63 121 31 10 62 105 30 84 82 116 29 5 81 100 49 92 48 124 28 13 55 108 27 17 61 112 51 1 60 96 26 88 80 120 24 9 73 104 25 86 54 118 50 7 59 102 22 94 23 126 53 15 58 110 52 19 57 114 20 3 56 98 21 90 79 122 32 11 78 106 33 83 72 115 34 4 77 99 39 91 68 123 35 12 74 107 36 16 75 111 38 0 76 95 37 87 71 119 47 8 70 103 46 85 66 117 45 6 69 101 44 93 40 125 41 14 67 109 43 18 65 113 42 2 64 97
31 90 63 121 30 10 62 105 29 85 84 116 49 5 83 100 48 93 28 124 27 13 82 108 51 17 61 112 26 1 60 97 24 89 80 120 25 9 81 104 50 87 75 118 22 7 59 102 23 95 55 126 54 15 58 110 21 19 57 114 53 3 56 98 32 91 79 122 39 11 74 106 33 20 73 115 38 4 78 99 35 92 72 123 34 12 69 107 36 16 77 111 52 0 76 96 47 88 71 119 46 8 70 103 37 86 68 117 45 6 67 101 44 94 40 125 41 14 66 109 43 18 65 113 42 2 64
97 31 89 63 121 30 10 62 105 29 84 82 116 49 5 81 100 48 92 28 124 27 13 74 108 51 17 61 112 26 1 60 96 24 88 80 120 25 9 73 104 50 86 55 118 22 7 59 102 23 94 54 126 52 15 58 110 20 19 57 114 21 3 56 98 32 90 79 122 33 11 78 106 34 83 72 115 39 4 77 99 35 91 68 123 36 12 69 107 38 16 75 111 53 0 76 95 47 87 71 119 46 8 70 103 37 85 66 117 45 6 67 101 44 93 40 125 41 14 65 109 43 18 64 113 42 2
63 97 31 89 62 121 30 9 82 105 29 84 83 116 49 4 74 100 48 92 27 124 28 12 61 108 51 16 60 112 26 1 80 96 24 88 81 120 25 8 55 104 50 86 59 118 22 6 58 102 23 94 52 126 54 14 57 110 20 18 56 114 21 2 79 98 32 90 72 122 39 10 73 106 33 19 78 115 38 3 68 99 35 91 75 123 34 11 77 107 36 15 76 111 53 0 71 95 47 87 70 119 46 7 66 103 37 85 69 117 45 5 67 101 40 93 44 125 41 13 65 109 43 17 64 113 42
2 63 97 31 89 62 121 30 10 82 105 29 84 81 116 49 5 74 100 48 92 28 124 27 13 61 108 51 17 60 112 26 1 80 96 24 88 73 120 25 9 55 104 50 86 59 118 22 7 58 102 23 94 54 126 52 15 57 110 20 19 56 114 21 3 79 98 32 90 78 122 33 11 72 106 34 83 68 115 38 4 75 99 39 91 35 123 36 12 77 107 37 16 76 111 53 0 71 95 47 87 70 119 46 8 66 103 45 85 69 117 44 6 67 101 40 93 41 125 43 14 65 109 42 18 64 113
31 2 63 98 30 90 62 121 29 10 84 106 49 85 83 116 48 5 82 101 28 93 27 124 51 13 61 109 26 17 60 113 24 1 80 97 25 89 81 120 50 9 75 105 22 87 59 118 23 7 58 103 55 95 54 126 21 15 57 111 53 19 56 114 32 3 79 99 39 91 74 122 33 11 73 107 38 20 78 115 35 4 72 100 34 92 69 123 36 12 77 108 52 16 76 112 47 0 71 96 46 88 70 119 37 8 68 104 45 86 67 117 44 6 66 102 40 94 41 125 43 14 65 110 42 18 64
113 31 2 63 97 30 89 62 121 29 10 82 105 49 84 83 116 48 5 74 100 28 92 27 124 51 13 61 108 26 17 60 112 24 1 80 96 25 88 81 120 50 9 75 104 22 86 59 118 23 7 58 102 55 94 54 126 21 15 57 110 53 19 56 114 32 3 79 98 39 90 72 122 33 11 73 106 38 20 78 115 35 4 68 99 34 91 69 123 36 12 77 107 52 16 76 111 47 0 71 95 46 87 70 119 37 8 66 103 45 85 67 117 44 6 65 101 40 93 41 125 43 14 64 109 42 18
63 113 31 2 62 97 30 89 82 121 29 10 83 105 49 84 60 116 48 5 74 100 27 92 51 124 26 13 61 108 28 17 80 112 24 1 81 96 25 88 55 120 50 9 59 104 22 86 56 118 23 7 58 102 52 94 20 126 21 15 57 110 54 18 79 114 32 3 72 98 39 90 73 122 33 11 78 106 38 19 68 115 35 4 75 99 34 91 77 123 36 12 76 107 53 16 71 111 47 0 70 95 46 87 66 119 37 8 69 103 45 85 67 117 40 6 65 101 44 93 41 125 42 14 64 109 43
18 82 113 48 2 63 97 31 89 55 121 30 10 62 105 29 84 81 116 28 5 61 100 49 92 27 124 51 13 60 108 26 17 54 112 23 1 80 96 24 88 58 120 25 9 73 104 50 86 59 118 53 7 57 102 22 94 52 126 20 15 56 110 21 19 72 114 39 3 79 98 32 90 77 122 33 11 78 106 34 83 68 115 35 4 74 99 36 91 75 123 38 12 76 107 37 16 65 111 44 0 71 95 47 87 69 119 46 8 70 103 45 85 67 117 40 6 66 101 41 93 43 125 42 14 64 109
48 18 84 113 31 2 63 98 30 90 82 121 29 10 62 106 28 85 83 116 49 5 61 101 27 93 51 124 26 13 60 109 23 17 75 112 24 1 80 97 25 89 58 120 50 9 81 105 55 87 59 118 22 7 57 103 54 95 21 126 53 15 56 110 39 19 74 114 32 3 79 99 33 91 73 122 38 11 78 107 34 20 69 115 35 4 72 100 36 92 77 123 52 12 76 108 44 16 68 111 47 0 71 96 46 88 66 119 37 8 70 104 40 86 67 117 45 6 65 102 41 94 43 125 42 14 64
109 48 18 82 113 31 2 63 97 30 89 74 121 29 10 62 105 28 84 83 116 49 5 61 100 27 92 51 124 26 13 60 108 23 17 75 112 24 1 80 96 25 88 58 120 50 9 81 104 55 86 59 118 22 7 57 102 54 94 21 126 53 15 56 110 39 19 72 114 32 3 79 98 33 90 73 122 38 11 78 106 34 20 69 115 35 4 68 99 36 91 77 123 52 12 76 107 44 16 65 111 47 0 71 95 46 87 66 119 37 8 70 103 40 85 67 117 45 6 64 101 41 93 43 125 42 14
82 109 48 17 63 113 31 2 74 97 30 89 62 121 29 10 83 105 28 84 61 116 49 5 60 100 27 92 26 124 51 13 55 108 23 16 80 112 24 1 58 96 25 88 81 120 50 9 59 104 54 86 57 118 22 7 56 102 52 94 21 126 20 14 72 110 39 18 79 114 32 3 73 98 33 90 78 122 38 11 75 106 34 19 68 115 35 4 77 99 36 91 76 123 53 12 65 107 46 15 71 111 47 0 69 95 37 87 70 119 45 8 67 103 44 85 66 117 41 6 64 101 40 93 43 125 42
14 82 109 48 18 63 113 31 2 74 97 30 89 62 121 29 10 81 105 28 84 61 116 49 5 60 100 27 92 51 124 26 13 55 108 23 17 80 112 24 1 58 96 25 88 73 120 50 9 59 104 54 86 57 118 22 7 56 102 52 94 20 126 21 15 72 110 39 19 79 114 32 3 75 98 33 90 78 122 34 11 68 106 35 83 77 115 38 4 76 99 36 91 37 123 53 12 65 107 44 16 71 111 47 0 69 95 46 87 70 119 45 8 67 103 40 85 66 117 41 6 64 101 43 93 42 125
48 14 84 110 31 18 63 114 30 2 82 98 29 90 62 122 28 10 83 106 49 85 61 117 27 5 60 101 51 93 26 125 23 13 75 109 24 17 80 113 25 1 58 97 50 89 81 121 55 9 59 105 22 87 57 119 54 7 56 103 21 95 53 126 39 15 74 111 32 19 79 115 33 3 73 99 38 91 78 123 34 11 69 107 35 20 72 116 36 4 77 100 52 92 76 124 44 12 68 108 47 16 71 112 46 0 66 96 37 88 70 120 40 8 67 104 45 86 65 118 41 6 64 102 43 94 42
125 48 14 82 109 31 18 63 113 30 2 74 97 29 89 62 121 28 10 83 105 49 84 61 116 27 5 60 100 51 92 26 124 23 13 55 108 24 17 80 112 25 1 58 96 50 88 81 120 54 9 59 104 22 86 57 118 52 7 56 102 21 94 53 126 39 15 72 110 32 19 79 114 33 3 73 98 38 90 78 122 34 11 75 106 35 20 68 115 37 4 77 99 36 91 76 123 44 12 65 107 47 16 71 111 46 0 69 95 45 87 70 119 40 8 67 103 41 85 66 117 43 6 64 101 42 93
49 125 31 14 84 109 30 18 63 113 48 2 62 97 29 90 83 121 28 10 82 105 27 85 61 116 51 5 60 100 26 93 22 124 24 13 75 108 25 17 80 112 23 1 81 96 50 89 59 120 55 9 58 104 54 87 57 118 21 7 56 102 53 94 37 126 32 15 74 110 33 19 73 114 39 3 79 98 38 91 78 122 34 11 72 106 35 20 77 115 36 4 76 99 52 92 68 123 44 12 71 107 47 16 69 111 46 0 70 95 45 88 67 119 40 8 66 103 41 86 65 117 43 6 64 101 42
93 31 125 49 14 82 109 48 18 63 113 30 2 62 97 29 89 81 121 28 10 74 105 27 84 61 116 51 5 60 100 26 92 24 124 22 13 55 108 23 17 80 112 25 1 73 96 50 88 59 120 54 9 58 104 52 86 57 118 20 7 56 102 21 94 32 126 38 15 72 110 39 19 79 114 33 3 78 98 34 90 68 122 35 11 75 106 36 83 77 115 37 4 76 99 53 91 47 123 44 12 70 107 42 16 71 111 46 0 69 95 45 87 67 119 40 8 66 103 41 85 64 117 43 6 65 101
31 94 49 125 48 14 84 109 30 18 63 113 29 2 62 98 28 90 83 121 27 10 82 105 51 85 61 116 26 5 60 101 24 93 22 124 23 13 75 108 25 17 80 112 50 1 81 97 55 89 59 120 54 9 58 104 21 87 57 118 53 7 56 102 32 95 37 126 39 15 74 110 33 19 73 114 38 3 79 99 35 91 72 122 34 11 78 106 36 20 77 115 52 4 76 100 47 92 71 123 44 12 68 107 46 16 69 111 45 0 70 96 40 88 67 119 41 8 66 103 43 86 65 117 42 6 64
101 31 93 49 125 48 14 82 109 30 18 63 113 29 2 62 97 28 89 81 121 27 10 74 105 51 84 61 116 26 5 60 100 24 92 22 124 23 13 55 108 25 17 80 112 50 1 73 96 54 88 59 120 52 9 58 104 20 86 57 118 21 7 56 102 32 94 38 126 39 15 72 110 33 19 79 114 34 3 78 98 35 90 68 122 36 11 75 106 37 83 77 115 53 4 76 99 47 91 71 123 44 12 65 107 46 16 69 111 45 0 70 95 40 87 67 119 41 8 66 103 43 85 64 117 42 6
82 101 31 93 48 125 49 13 63 109 30 17 62 113 29 2 83 97 28 89 74 121 27 9 61 105 51 84 60 116 26 5 55 100 24 92 23 124 22 12 80 108 25 16 81 112 50 1 59 96 54 88 58 120 52 8 57 104 20 86 56 118 21 6 72 102 32 94 39 126 37 14 73 110 33 18 79 114 38 3 75 98 35 90 78 122 34 10 77 106 36 19 76 115 53 4 71 99 47 91 70 123 46 11 69 107 44 15 68 111 45 0 67 95 42 87 66 119 41 7 64 103 40 85 65 117 43
6 82 101 31 93 49 125 48 14 63 109 30 18 62 113 29 2 81 97 28 89 74 121 27 10 61 105 51 84 60 116 26 5 55 100 24 92 22 124 23 13 80 108 25 17 73 112 50 1 59 96 54 88 58 120 52 9 57 104 20 86 56 118 21 7 72 102 32 94 38 126 39 15 79 110 33 19 78 114 34 3 68 98 35 90 75 122 36 11 77 106 37 83 76 115 53 4 70 99 47 91 44 123 42 12 71 107 46 16 69 111 45 0 67 95 40 87 66 119 41 8 65 103 43 85 64 117
31 6 84 102 49 94 48 125 30 14 63 110 29 18 62 114 28 2 83 98 27 90 82 121 51 10 61 106 26 85 60 117 24 5 75 101 22 93 23 124 25 13 80 109 50 17 81 113 55 1 59 97 54 89 58 120 21 9 57 105 53 87 56 118 32 7 74 103 37 95 39 126 33 15 73 111 38 19 79 115 35 3 72 99 34 91 78 122 36 11 77 107 52 20 76 116 47 4 71 100 44 92 68 123 46 12 69 108 45 16 70 112 40 0 67 96 41 88 66 119 43 8 65 104 42 86 64
117 31 6 82 101 49 93 48 125 30 14 63 109 29 18 62 113 28 2 83 97 27 89 74 121 51 10 61 105 26 84 60 116 24 5 75 100 22 92 23 124 25 13 80 108 50 17 81 112 55 1 59 96 54 88 58 120 21 9 57 104 53 86 56 118 32 7 72 102 37 94 39 126 33 15 73 110 38 19 79 114 35 3 68 98 34 90 78 122 36 11 77 106 52 20 76 115 47 4 71 99 44 91 65 123 46 12 69 107 45 16 70 111 40 0 67 95 41 87 66 119 43 8 64 103 42 85
62 117 31 6 84 101 48 93 30 125 29 14 63 109 49 18 83 113 28 2 82 97 27 89 61 121 51 10 60 105 26 85 81 116 24 5 75 100 23 92 25 124 50 13 80 108 22 17 59 112 55 1 58 96 54 88 57 120 21 9 56 104 53 86 79 118 32 7 74 102 39 94 33 126 38 15 73 110 37 19 72 114 35 3 78 98 34 90 77 122 36 11 76 106 52 20 71 115 47 4 68 99 44 91 69 123 46 12 70 107 45 16 67 111 40 0 66 95 41 87 65 119 43 8 64 103 42
85 63 117 31 6 82 101 30 93 48 125 29 14 62 109 49 18 55 113 27 2 81 97 28 89 61 121 51 10 60 105 26 84 80 116 24 5 54 100 25 92 23 124 50 13 73 108 22 17 58 112 52 1 59 96 53 88 57 120 20 9 56 104 21 86 79 118 32 7 72 102 33 94 39 126 34 15 78 110 38 19 74 114 36 3 75 98 35 90 77 122 44 11 76 106 37 83 71 115 47 4 70 99 46 91 69 123 45 12 68 107 41 16 67 111 42 0 66 95 40 87 65 119 43 8 64 103
31 86 63 117 30 6 84 102 48 94 29 125 49 14 62 109 27 18 82 113 28 2 83 98 51 90 61 121 26 10 60 105 24 85 80 116 25 5 75 101 23 93 50 124 22 13 81 108 54 17 58 112 55 1 59 97 21 89 57 120 53 9 56 104 32 87 79 118 33 7 74 103 39 95 34 126 38 15 78 110 52 19 73 114 35 3 72 99 36 91 77 122 37 11 76 106 44 20 69 115 47 4 71 100 46 92 68 123 45 12 70 107 41 16 66 111 40 0 67 96 43 88 65 119 42 8 64
103 31 85 63 117 30 6 82 101 48 93 29 125 49 14 62 109 27 18 74 113 28 2 83 97 51 89 61 121 26 10 60 105 24 84 80 116 25 5 75 100 23 92 50 124 22 13 81 108 54 17 58 112 55 1 59 96 21 88 57 120 53 9 56 104 32 86 79 118 33 7 73 102 39 94 34 126 38 15 78 110 52 19 69 114 35 3 72 98 36 90 77 122 37 11 76 106 44 20 68 115 47 4 71 99 46 91 66 123 45 12 70 107 41 16 64 111 40 0 67 95 43 87 65 119 42 8
63 103 31 85 82 117 30 6 62 101 48 93 49 125 29 13 74 109 27 17 83 113 28 2 61 97 51 89 60 121 26 9 80 105 24 84 55 116 25 5 81 100 23 92 22 124 50 12 58 108 52 16 59 112 54 1 57 96 20 88 56 120 21 8 79 104 32 86 73 118 33 7 78 102 39 94 38 126 34 14 75 110 36 18 72 114 35 3 77 98 37 90 76 122 53 10 68 106 44 19 71 115 47 4 69 99 46 91 70 123 45 11 67 107 40 15 66 111 41 0 65 95 42 87 64 119 43
8 63 103 31 85 82 117 30 6 62 101 48 93 29 125 49 14 74 109 27 18 81 113 28 2 61 97 51 89 60 121 26 10 80 105 24 84 55 116 25 5 73 100 23 92 50 124 22 13 58 108 52 17 59 112 54 1 57 96 20 88 56 120 21 9 79 104 32 86 72 118 33 7 78 102 39 94 34 126 38 15 75 110 36 19 68 114 35 3 77 98 37 90 76 122 53 11 71 106 47 83 69 115 46 4 70 99 44 91 45 123 41 12 67 107 42 16 66 111 40 0 64 95 43 87 65 119
31 8 63 104 30 86 84 118 48 6 62 102 29 94 49 125 27 14 82 110 28 18 83 114 51 2 61 98 26 90 60 121 24 10 80 106 25 85 75 117 23 5 81 101 50 93 22 124 54 13 58 109 55 17 59 113 21 1 57 97 53 89 56 120 32 9 79 105 33 87 74 119 39 7 78 103 34 95 38 126 52 15 73 111 35 19 72 115 36 3 77 99 37 91 76 122 44 11 69 107 47 20 71 116 46 4 68 100 45 92 70 123 41 12 66 108 40 16 67 112 43 0 65 96 42 88 64
119 31 8 63 103 30 85 82 117 48 6 62 101 29 93 49 125 27 14 74 109 28 18 83 113 51 2 61 97 26 89 60 121 24 10 80 105 25 84 75 116 23 5 81 100 50 92 22 124 54 13 58 108 55 17 59 112 21 1 57 96 53 88 56 120 32 9 79 104 33 86 73 118 39 7 78 102 34 94 38 126 52 15 69 110 35 19 72 114 36 3 77 98 37 90 76 122 44 11 68 106 47 20 71 115 46 4 66 99 45 91 70 123 41 12 64 107 40 16 67 111 43 0 65 95 42 87
63 119 31 8 62 103 30 86 84 117 29 6 83 101 49 93 28 125 48 14 82 109 51 18 61 113 27 2 60 97 26 89 80 121 24 10 81 105 25 85 75 116 50 5 59 100 22 92 55 124 23 13 58 108 21 17 57 112 54 1 56 96 53 88 79 120 32 9 78 104 33 87 74 118 34 7 72 102 38 94 35 126 39 15 73 110 36 19 77 114 52 3 76 98 37 90 69 122 44 11 71 106 47 20 68 115 46 4 70 99 45 91 66 123 41 12 67 107 40 16 65 111 43 0 64 95 42
87 63 119 31 8 62 103 30 85 82 117 29 6 81 101 49 93 48 125 28 14 55 109 27 18 61 113 51 2 60 97 26 89 80 121 24 10 73 105 25 84 54 116 50 5 59 100 22 92 23 124 53 13 58 108 52 17 57 112 20 1 56 96 21 88 79 120 32 9 78 104 33 86 72 118 34 7 75 102 38 94 39 126 35 15 74 110 36 19 77 114 44 3 76 98 37 90 71 122 47 11 70 106 46 83 69 115 45 4 68 99 41 91 67 123 40 12 66 107 43 16 65 111 42 0 64 95
31 88 63 119 30 8 62 103 29 86 84 117 49 6 83 101 48 94 28 125 27 14 82 109 51 18 61 113 26 2 60 97 24 90 80 121 25 10 81 105 50 85 75 116 22 5 59 100 23 93 55 124 54 13 58 108 21 17 57 112 53 1 56 96 32 89 79 120 33 9 78 104 34 87 74 118 38 7 72 102 39 95 35 126 52 15 73 110 36 19 77 114 37 3 76 98 47 91 71 122 44 11 69 106 46 20 68 115 45 4 70 99 40 92 67 123 41 12 66 107 43 16 65 111 42 0 64
95 31 87 63 119 30 8 62 103 29 85 82 117 49 6 83 101 48 93 28 125 27 14 74 109 51 18 61 113 26 2 60 97 24 89 80 121 25 10 81 105 50 84 75 116 22 5 59 100 23 92 55 124 54 13 58 108 21 17 57 112 53 1 56 96 32 88 79 120 33 9 78 104 34 86 73 118 38 7 72 102 39 94 35 126 52 15 69 110 36 19 77 114 37 3 76 98 47 90 71 122 44 11 68 106 46 20 66 115 45 4 70 99 40 91 67 123 41 12 65 107 43 16 64 111 42 0
63 95 31 87 62 119 30 7 82 103 29 85 83 117 49 5 74 101 48 93 27 125 28 13 61 109 51 17 60 113 26 1 80 97 24 89 81 121 25 9 55 105 50 84 59 116 22 4 58 100 23 92 52 124 54 12 57 108 20 16 56 112 21 0 79 96 32 88 78 120 33 8 73 104 34 86 72 118 38 6 75 102 39 94 36 126 35 14 77 110 37 18 76 114 53 2 71 98 47 90 68 122 44 10 69 106 46 19 70 115 45 3 67 99 40 91 66 123 41 11 65 107 43 15 64 111 42
0 63 95 31 87 62 119 30 8 82 103 29 85 81 117 49 6 74 101 48 93 28 125 27 14 61 109 51 18 60 113 26 2 80 97 24 89 73 121 25 10 55 105 50 84 59 116 22 5 58 100 23 92 54 124 52 13 57 108 20 17 56 112 21 1 79 96 32 88 78 120 33 9 72 104 34 86 68 118 38 7 75 102 39 94 35 126 36 15 77 110 37 19 76 114 53 3 71 98 47 90 70 122 46 11 66 106 45 83 69 115 44 4 67 99 40 91 41 123 43 12 65 107 42 16 64 111
31 0 63 96 30 88 62 119 29 8 84 104 49 86 83 117 48 6 82 102 28 94 27 125 51 14 61 110 26 18 60 113 24 2 80 98 25 90 81 121 50 10 75 106 22 85 59 116 23 5 58 101 55 93 54 124 21 13 57 109 53 17 56 112 32 1 79 97 33 89 78 120 34 9 74 105 38 87 72 118 39 7 73 103 35 95 52 126 36 15 77 111 37 19 76 114 47 3 71 99 44 91 69 122 46 11 68 107 45 20 70 115 40 4 67 100 41 92 66 123 43 12 65 108 42 16 64
111 31 0 63 95 30 87 62 119 29 8 82 103 49 85 83 117 48 6 74 101 28 93 27 125 51 14 61 109 26 18 60 113 24 2 80 97 25 89 81 121 50 10 75 105 22 84 59 116 23 5 58 100 55 92 54 124 21 13 57 108 53 17 56 112 32 1 79 96 33 88 78 120 34 9 73 104 38 86 72 118 39 7 69 102 35 94 52 126 36 15 77 110 37 19 76 114 47 3 71 98 44 90 68 122 46 11 66 106 45 20 70 115 40 4 67 99 41 91 65 123 43 12 64 107 42 16
63 111 31 0 62 95 30 87 82 119 29 8 83 103 49 85 60 117 48 6 74 101 27 93 51 125 26 14 61 109 28 17 80 113 24 2 81 97 25 89 55 121 50 10 59 105 22 84 56 116 23 5 58 100 52 92 20 124 21 13 57 108 54 16 79 112 32 1 78 96 33 88 73 120 34 9 72 104 38 86 76 118 39 7 75 102 36 94 37 126 53 15 77 110 35 18 71 114 47 3 68 98 44 90 69 122 46 11 70 106 45 19 67 115 40 4 66 99 41 91 65 123 43 12 64 107 42
16 82 111 48 0 63 95 31 87 55 119 30 8 62 103 29 85 81 117 28 6 61 101 49 93 27 125 51 14 60 109 26 18 54 113 23 2 80 97 24 89 58 121 25 10 73 105 50 84 59 116 53 5 57 100 22 92 52 124 20 13 56 108 21 17 72 112 39 1 79 96 32 88 74 120 33 9 78 104 34 86 75 118 35 7 77 102 38 94 36 126 44 15 76 110 37 19 70 114 42 3 71 98 47 90 69 122 46 11 68 106 45 83 67 115 40 4 66 99 41 91 64 123 43 12 65 107
48 16 84 111 31 0 63 96 30 88 82 119 29 8 62 104 28 86 83 117 49 6 61 102 27 94 51 125 26 14 60 109 23 18 75 113 24 2 80 98 25 90 58 121 50 10 81 106 55 85 59 116 22 5 57 101 54 93 21 124 53 13 56 108 39 17 74 112 32 1 79 97 33 89 73 120 34 9 78 105 35 87 72 118 38 7 77 103 52 95 36 126 37 15 76 110 44 19 69 114 47 3 71 99 46 91 68 122 45 11 70 107 41 20 66 115 40 4 67 100 43 92 65 123 42 12 64
107 48 16 82 111 31 0 63 95 30 87 74 119 29 8 62 103 28 85 83 117 49 6 61 101 27 93 51 125 26 14 60 109 23 18 75 113 24 2 80 97 25 89 58 121 50 10 81 105 55 84 59 116 22 5 57 100 54 92 21 124 53 13 56 108 39 17 73 112 32 1 79 96 33 88 69 120 34 9 78 104 35 86 72 118 38 7 77 102 52 94 36 126 37 15 76 110 44 19 68 114 47 3 71 98 46 90 66 122 45 11 70 106 41 20 64 115 40 4 67 99 43 91 65 123 42 12
82 107 48 15 63 111 31 0 74 95 30 87 62 119 29 8 83 103 28 85 61 117 49 6 60 101 27 93 26 125 51 13 55 109 23 17 80 113 24 2 58 97 25 89 81 121 50 10 59 105 54 84 57 116 22 5 56 100 52 92 21 124 20 12 73 108 39 16 79 112 32 1 75 96 33 88 78 120 34 9 72 104 35 86 77 118 38 7 76 102 36 94 53 126 37 14 68 110 44 18 71 114 47 3 69 98 46 90 70 122 45 11 67 106 40 19 66 115 41 4 65 99 42 91 64 123 43
12 82 107 48 16 63 111 31 0 74 95 30 87 62 119 29 8 81 103 28 85 61 117 49 6 60 101 27 93 51 125 26 14 55 109 23 18 80 113 24 2 58 97 25 89 73 121 50 10 59 105 54 84 57 116 22 5 56 100 52 92 20 124 21 13 72 108 39 17 79 112 32 1 75 96 33 88 78 120 34 9 68 104 35 86 77 118 38 7 76 102 36 94 37 126 53 15 65 110 44 19 71 114 47 3 69 98 46 90 70 122 45 11 67 106 40 83 66 115 41 4 64 99 43 91 42 123
48 12 84 108 31 16 63 112 30 0 82 96 29 88 62 120 28 8 83 104 49 86 61 118 27 6 60 102 51 94 26 125 23 14 75 110 24 18 80 114 25 2 58 98 50 90 81 122 55 10 59 106 22 85 57 117 54 5 56 101 21 93 53 124 39 13 74 109 32 17 79 113 33 1 73 97 34 89 78 121 35 9 72 105 38 87 77 119 52 7 76 103 36 95 37 126 44 15 69 111 47 19 71 115 46 3 68 99 45 91 70 123 41 11 66 107 40 20 67 116 43 4 65 100 42 92 64
123 48 12 82 107 31 16 63 111 30 0 74 95 29 87 62 119 28 8 83 103 49 85 61 117 27 6 60 101 51 93 26 125 23 14 75 109 24 18 80 113 25 2 58 97 50 89 81 121 55 10 59 105 22 84 57 116 54 5 56 100 21 92 53 124 39 13 73 108 32 17 79 112 33 1 69 96 34 88 78 120 35 9 72 104 38 86 77 118 52 7 76 102 36 94 37 126 44 15 68 110 47 19 71 114 46 3 66 98 45 90 70 122 41 11 64 106 40 20 67 115 43 4 65 99 42 91
84 123 48 12 63 107 31 16 61 111 30 0 62 95 29 88 83 119 28 8 82 103 27 86 59 117 49 6 60 101 26 93 22 125 24 14 75 109 25 18 80 113 23 2 81 97 50 90 76 121 55 10 58 105 54 85 57 116 21 5 56 100 53 92 35 124 32 13 74 108 33 17 79 112 39 1 78 96 34 89 72 120 51 9 73 104 52 87 70 118 36 7 77 102 37 94 46 126 47 15 69 110 38 19 68 114 44 3 71 98 45 91 66 122 41 11 67 106 40 20 65 115 43 4 64 99 42
91 63 123 31 12 82 107 48 16 61 111 30 0 62 95 29 87 81 119 28 8 74 103 27 85 59 117 49 6 60 101 26 93 24 125 22 14 54 109 23 18 80 113 25 2 73 97 50 89 55 121 51 10 58 105 52 84 57 116 20 5 56 100 21 92 32 124 38 13 72 108 39 17 79 112 33 1 78 96 34 88 68 120 35 9 75 104 36 86 77 118 37 7 76 102 53 94 47 126 44 15 70 110 42 19 71 114 46 3 69 98 45 90 67 122 40 11 66 106 41 83 64 115 43 4 65 99
31 92 63 123 48 12 84 107 30 16 61 111 29 0 62 96 28 88 83 119 27 8 82 103 49 86 59 117 26 6 60 101 24 94 22 125 23 14 75 109 25 18 80 113 50 2 81 98 55 90 76 121 54 10 58 105 21 85 57 116 53 5 56 100 32 93 35 124 39 13 74 108 33 17 79 112 34 1 78 97 51 89 72 120 52 9 73 104 36 87 70 118 37 7 77 102 47 95 46 126 44 15 69 110 38 19 68 114 45 3 71 99 40 91 67 122 41 11 66 106 43 20 65 115 42 4 64
99 31 91 63 123 48 12 82 107 30 16 61 111 29 0 62 95 28 87 81 119 27 8 74 103 49 85 59 117 26 6 60 101 24 93 22 125 23 14 75 109 25 18 80 113 50 2 73 97 51 89 55 121 54 10 58 105 20 84 57 116 21 5 56 100 32 92 38 124 39 13 72 108 33 17 79 112 34 1 78 96 35 88 68 120 52 9 69 104 36 86 77 118 53 7 76 102 47 94 45 126 44 15 65 110 46 19 71 114 37 3 70 98 40 90 67 122 41 11 66 106 43 83 64 115 42 4
63 99 31 91 82 123 48 11 61 107 30 15 62 111 29 0 83 95 28 87 74 119 27 7 59 103 49 85 60 117 26 5 75 101 24 93 23 125 22 13 80 109 25 17 81 113 50 2 55 97 51 89 58 121 54 9 57 105 20 84 56 116 21 4 73 100 32 92 39 124 38 12 79 108 33 16 78 112 34 1 72 96 35 88 69 120 52 8 77 104 36 86 76 118 53 6 68 102 47 94 44 126 45 14 71 110 46 18 70 114 37 3 67 98 40 90 66 122 41 10 65 106 43 19 64 115 42
4 63 99 31 91 82 123 48 12 61 107 30 16 62 111 29 0 81 95 28 87 74 119 27 8 59 103 49 85 60 117 26 6 54 101 24 93 22 125 23 14 80 109 25 18 73 113 50 2 55 97 51 89 58 121 52 10 57 105 20 84 56 116 21 5 72 100 32 92 38 124 39 13 79 108 33 17 78 112 34 1 68 96 35 88 75 120 36 9 77 104 37 86 76 118 53 7 70 102 47 94 44 126 42 15 71 110 46 19 69 114 45 3 67 98 40 90 66 122 41 11 65 106 43 83 64 115
31 4 84 100 49 92 48 123 30 12 63 108 29 16 62 112 28 0 83 96 27 88 82 119 56 8 61 104 26 86 60 117 24 6 75 102 22 94 23 125 25 14 80 110 50 18 81 114 55 2 76 98 54 90 58 121 21 10 59 106 53 85 57 116 32 5 74 101 35 93 39 124 33 13 79 109 34 17 78 113 51 1 72 97 52 89 73 120 36 9 70 105 37 87 77 118 47 7 69 103 46 95 44 126 38 15 68 111 45 19 71 115 40 3 67 99 41 91 66 122 43 11 65 107 42 20 64
115 31 4 63 99 48 91 82 123 30 12 61 107 29 16 62 111 28 0 83 95 27 87 74 119 49 8 59 103 26 85 60 117 24 6 75 101 22 93 23 125 25 14 80 109 50 18 81 113 55 2 76 97 54 89 58 121 21 10 57 105 53 84 56 116 32 5 73 100 35 92 39 124 33 13 79 108 34 17 78 112 51 1 72 96 52 88 69 120 36 9 70 104 37 86 77 118 47 7 68 102 46 94 44 126 38 15 66 110 45 19 71 114 40 3 67 98 41 90 65 122 43 11 64 106 42 20
63 115 31 4 82 99 48 91 61 123 30 12 62 107 29 16 83 111 28 0 74 95 27 87 59 119 49 8 60 103 26 85 81 117 24 6 75 101 23 93 25 125 50 14 80 109 22 18 55 113 51 2 58 97 54 89 57 121 20 10 56 105 21 84 78 116 32 5 73 100 39 92 33 124 34 13 79 108 38 17 72 112 35 1 69 96 52 88 77 120 36 9 76 104 53 86 70 118 47 7 68 102 44 94 46 126 37 15 71 110 45 19 67 114 40 3 66 98 41 90 65 122 43 11 64 106 42
20 81 115 48 4 63 99 31 91 82 123 30 12 62 107 49 16 74 111 29 0 83 95 28 87 61 119 51 8 60 103 27 85 80 117 24 6 55 101 25 93 23 125 50 14 73 109 26 18 58 113 52 2 59 97 54 89 57 121 22 10 56 105 21 84 79 116 32 5 72 100 33 92 39 124 34 13 78 108 38 17 75 112 36 1 68 96 35 88 77 120 37 9 76 104 53 86 71 118 47 7 69 102 46 94 44 126 45 15 70 110 41 19 67 114 42 3 66 98 40 90 65 122 43 11 64 106
31 84 63 115 30 4 62 100 29 92 82 123 48 12 61 107 27 16 74 111 28 0 83 96 49 88 59 119 26 8 60 104 24 86 80 117 25 6 75 102 23 94 50 125 22 14 81 109 54 18 58 113 51 2 55 98 20 90 57 121 21 10 56 106 32 85 79 116 33 5 73 101 39 93 34 124 38 13 78 108 52 17 69 112 35 1 72 97 36 89 77 120 53 9 76 105 47 87 71 118 46 7 68 103 44 95 37 126 45 15 70 110 41 19 66 114 40 3 67 99 43 91 65 122 42 11 64
106 48 20 81 115 31 4 63 99 30 91 82 123 49 12 62 107 29 16 74 111 28 0 83 95 51 87 61 119 27 8 60 103 24 85 80 117 25 6 75 101 23 93 50 125 26 14 73 109 54 18 58 113 55 2 59 97 22 89 57 121 21 10 56 105 32 84 79 116 33 5 72 100 39 92 34 124 38 13 78 108 52 17 69 112 35 1 68 96 36 88 77 120 53 9 76 104 47 86 71 118 46 7 66 102 44 94 37 126 45 15 70 110 41 19 64 114 40 3 67 98 43 90 65 122 42 11
81 106 48 19 63 115 31 4 82 99 30 91 62 123 49 11 74 107 29 15 83 111 28 0 61 95 51 87 60 119 27 8 80 103 24 85 55 117 25 6 73 101 23 93 26 125 50 13 58 109 22 17 59 113 54 2 57 97 20 89 56 121 21 10 79 105 32 84 72 116 33 5 78 100 39 92 38 124 34 12 75 108 52 16 68 112 35 1 77 96 36 88 76 120 53 9 71 104 47 86 69 118 46 7 70 102 44 94 45 126 37 14 67 110 40 18 66 114 41 3 65 98 42 90 64 122 43
11 81 106 48 20 63 115 31 4 82 99 30 91 62 123 49 12 74 107 29 16 83 111 28 0 61 95 51 87 60 119 27 8 80 103 24 85 55 117 25 6 73 101 23 93 50 125 26 14 58 109 52 18 59 113 54 2 57 97 22 89 56 121 21 10 79 105 32 84 72 116 33 5 78 100 39 92 34 124 38 13 75 108 36 17 68 112 35 1 77 96 37 88 76 120 53 9 71 104 47 86 69 118 46 7 70 102 44 94 45 126 41 15 67 110 42 19 66 114 40 3 64 98 43 90 65 122
31 11 63 107 30 84 82 116 48 4 62 100 29 92 49 123 27 12 74 108 28 16 83 112 51 0 61 96 26 88 60 120 24 8 80 104 25 86 75 118 23 6 81 102 50 94 22 125 54 14 58 110 55 18 59 114 20 2 57 98 21 90 56 122 32 10 79 106 33 85 73 117 39 5 78 101 34 93 38 124 52 13 69 109 35 17 72 113 36 1 77 97 53 89 76 121 47 9 71 105 46 87 68 119 44 7 70 103 37 95 45 126 41 15 66 111 40 19 67 115 43 3 65 99 42 91 64
122 48 11 81 106 31 20 63 115 30 4 82 99 49 91 62 123 29 12 74 107 28 16 83 111 51 0 61 95 27 87 60 119 24 8 80 103 25 85 75 117 23 6 73 101 50 93 26 125 54 14 58 109 55 18 59 113 22 2 57 97 21 89 56 121 32 10 79 105 33 84 72 116 39 5 78 100 34 92 38 124 52 13 69 108 35 17 68 112 36 1 77 96 53 88 76 120 47 9 71 104 46 86 66 118 44 7 70 102 37 94 45 126 41 15 64 110 40 19 67 114 43 3 65 98 42 90
84 122 48 11 63 106 31 20 82 115 30 4 62 99 49 91 74 123 29 12 83 107 28 16 61 111 51 0 60 95 27 88 80 119 24 8 81 103 25 86 75 117 50 6 59 101 26 93 55 125 23 14 58 109 22 18 57 113 54 2 56 97 21 90 79 121 32 10 78 105 33 85 73 116 34 5 72 100 38 92 35 124 39 13 69 108 36 17 77 112 52 1 76 96 53 89 71 120 47 9 70 104 46 87 68 118 37 7 67 102 45 94 40 126 44 15 66 110 43 19 65 114 41 3 64 98 42
90 63 122 31 11 81 106 48 20 82 115 30 4 62 99 49 91 83 123 28 12 74 107 29 16 61 111 51 0 60 95 27 87 80 119 24 8 73 103 25 85 55 117 50 6 59 101 26 93 23 125 54 14 58 109 52 18 57 113 22 2 56 97 21 89 79 121 32 10 78 105 33 84 72 116 34 5 68 100 38 92 39 124 35 13 75 108 36 17 77 112 37 1 76 96 53 88 71 120 47 9 70 104 46 86 66 118 45 7 69 102 44 94 40 126 41 15 67 110 43 19 65 114 42 3 64 98
31 91 63 122 30 11 62 106 29 84 82 115 48 4 61 99 28 92 83 123 27 12 74 107 49 16 59 111 26 0 60 96 24 88 80 119 25 8 81 103 50 86 75 117 22 6 55 101 23 94 51 125 54 14 58 109 20 18 57 113 21 2 56 98 32 90 79 121 33 10 78 105 34 85 73 116 38 5 72 100 39 93 35 124 52 13 69 108 36 17 77 112 53 1 76 97 47 89 71 120 46 9 70 104 37 87 68 118 45 7 67 102 44 95 40 126 41 15 66 110 43 19 65 114 42 3 64
98 31 90 63 122 48 11 81 106 30 20 82 115 49 4 62 99 28 91 83 123 29 12 74 107 51 16 61 111 27 0 60 95 24 87 80 119 25 8 73 103 50 85 75 117 26 6 59 101 23 93 55 125 54 14 58 109 22 18 57 113 21 2 56 97 32 89 79 121 33 10 78 105 34 84 72 116 38 5 68 100 39 92 35 124 52 13 69 108 36 17 77 112 53 1 76 96 47 88 71 120 46 9 70 104 37 86 66 118 45 7 67 102 44 94 40 126 41 15 65 110 43 19 64 114 42 3
63 98 31 90 81 122 30 10 82 106 29 48 62 115 49 3 83 99 28 91 74 123 27 11 61 107 51 15 60 111 26 0 80 95 24 87 73 119 25 7 55 103 50 85 59 117 19 5 58 101 23 93 22 125 54 13 57 109 20 17 56 113 21 2 79 97 32 89 78 121 33 9 72 105 34 84 68 116 38 4 75 100 39 92 52 124 35 12 77 108 36 16 76 112 53 1 71 96 47 88 70 120 46 8 66 104 37 86 69 118 45 6 67 102 40 94 44 126 41 14 65 110 43 18 64 114 42
3 63 98 31 90 81 122 48 11 82 106 30 20 62 115 49 4 83 99 28 91 74 123 29 12 61 107 51 16 60 111 27 0 80 95 24 87 73 119 25 8 55 103 50 85 59 117 26 6 58 101 23 93 54 125 52 14 57 109 22 18 56 113 21 2 79 97 32 89 78 121 33 10 72 105 34 84 68 116 38 5 75 100 39 92 35 124 36 13 77 108 37 17 76 112 53 1 71 96 47 88 70 120 46 9 66 104 45 86 69 118 44 7 67 102 40 94 41 126 43 15 65 110 42 19 64 114
31 3 63 99 30 91 62 122 29 11 82 107 49 84 83 115 48 4 74 100 28 92 27 123 51 12 61 108 26 16 60 112 24 0 80 96 25 88 81 119 50 8 75 104 22 86 59 117 23 6 58 102 55 94 54 125 20 14 57 110 21 18 56 114 32 2 79 98 33 90 78 121 34 10 73 106 38 85 72 116 39 5 69 101 35 93 52 124 36 13 77 109 53 17 76 113 47 1 71 97 46 89 70 120 37 9 68 105 45 87 67 118 44 7 66 103 40 95 41 126 43 15 65 111 42 19 64
114 31 3 63 98 48 90 81 122 30 11 82 106 49 20 62 115 28 4 83 99 29 91 74 123 51 12 61 107 27 16 60 111 24 0 80 95 25 87 73 119 50 8 75 103 26 85 59 117 23 6 58 101 55 93 54 125 22 14 57 109 21 18 56 113 32 2 79 97 33 89 78 121 34 10 72 105 38 84 68 116 39 5 69 100 35 92 52 124 36 13 77 108 53 17 76 112 47 1 71 96 46 88 70 120 37 9 66 104 45 86 67 118 44 7 65 102 40 94 41 126 43 15 64 110 42 19
63 114 31 3 81 98 48 90 82 122 30 11 62 106 49 19 83 115 28 4 74 99 29 91 61 123 51 12 60 107 27 16 80 111 24 0 73 95 25 87 55 119 50 8 59 103 26 85 56 117 23 6 58 101 22 93 20 125 21 14 57 109 54 18 79 113 32 2 78 97 33 89 72 121 34 10 68 105 38 84 76 116 39 5 75 100 52 92 36 124 53 13 77 108 35 17 71 112 47 1 70 96 46 88 66 120 37 9 69 104 45 86 67 118 40 7 65 102 44 94 41 126 42 15 64 110 43
19 81 114 48 3 63 98 31 90 82 122 30 11 62 106 49 20 74 115 29 4 83 99 28 91 61 123 51 12 60 107 27 16 55 111 23 0 80 95 24 87 58 119 25 8 73 103 50 85 59 117 54 6 57 101 26 93 52 125 22 14 56 109 21 18 72 113 39 2 79 97 32 89 75 121 33 10 78 105 34 84 68 116 35 5 77 100 38 92 36 124 37 13 76 108 53 17 65 112 44 1 71 96 47 88 69 120 46 9 70 104 45 86 67 118 40 7 66 102 41 94 43 126 42 15 64 110
48 19 82 114 31 3 63 99 30 91 61 122 29 11 62 107 28 84 83 115 27 4 74 100 49 92 59 123 26 12 60 108 23 16 75 111 24 0 80 96 25 88 58 119 50 8 81 104 51 86 55 117 22 6 57 102 54 94 20 125 21 14 56 110 39 18 73 113 32 2 79 98 33 90 69 121 34 10 78 106 35 85 72 116 38 5 77 101 52 93 36 124 53 13 76 109 44 17 68 112 47 1 71 97 46 89 66 120 37 9 70 105 40 87 67 118 45 7 65 103 41 95 43 126 42 15 64
110 48 19 81 114 31 3 63 98 30 90 82 122 49 11 62 106 29 20 74 115 28 4 83 99 51 91 61 123 27 12 60 107 23 16 75 111 24 0 80 95 25 87 58 119 50 8 73 103 55 85 59 117 26 6 57 101 54 93 22 125 21 14 56 109 39 18 72 113 32 2 79 97 33 89 69 121 34 10 78 105 35 84 68 116 38 5 77 100 52 92 36 124 53 13 76 108 44 17 65 112 47 1 71 96 46 88 66 120 37 9 70 104 40 86 67 118 45 7 64 102 41 94 43 126 42 15
81 110 48 18 63 114 31 3 82 98 30 90 62 122 49 11 74 106 29 19 83 115 28 4 61 99 51 91 60 123 27 12 55 107 23 15 80 111 24 0 58 95 25 87 73 119 50 8 59 103 54 85 57 117 26 6 56 101 22 93 21 125 20 14 72 109 39 17 79 113 32 2 75 97 33 89 78 121 34 10 68 105 35 84 77 116 38 5 76 100 52 92 53 124 36 13 65 108 46 16 71 112 47 1 69 96 37 88 70 120 45 9 67 104 44 86 66 118 41 7 64 102 40 94 43 126 42
15 81 110 48 19 63 114 31 3 82 98 30 90 62 122 49 11 74 106 29 20 83 115 28 4 61 99 51 91 60 123 27 12 55 107 23 16 80 111 24 0 58 95 25 87 73 119 50 8 59 103 54 85 57 117 26 6 56 101 52 93 22 125 21 14 72 109 39 18 79 113 32 2 75 97 33 89 78 121 34 10 68 105 35 84 77 116 38 5 76 100 36 92 37 124 53 13 65 108 44 17 71 112 47 1 69 96 46 88 70 120 45 9 67 104 40 86 66 118 41 7 64 102 43 94 42 126
48 15 82 111 31 19 63 115 30 3 74 99 29 91 62 123 28 11 83 107 49 84 61 116 27 4 60 100 51 92 26 124 23 12 75 108 24 16 80 112 25 0 58 96 50 88 81 120 55 8 59 104 22 86 57 118 54 6 56 102 20 94 21 126 39 14 73 110 32 18 79 114 33 2 69 98 34 90 78 122 35 10 72 106 38 85 77 117 52 5 76 101 36 93 53 125 44 13 68 109 47 17 71 113 46 1 66 97 37 89 70 121 40 9 67 105 45 87 65 119 41 7 64 103 43 95 42
126 48 15 81 110 31 19 63 114 30 3 82 98 49 90 62 122 29 11 74 106 28 20 83 115 51 4 61 99 27 91 60 123 23 12 55 107 24 16 80 111 25 0 58 95 50 87 73 119 54 8 59 103 26 85 57 117 52 6 56 101 22 93 21 125 39 14 72 109 32 18 79 113 33 2 75 97 34 89 78 121 35 10 68 105 38 84 77 116 36 5 76 100 37 92 53 124 44 13 65 108 47 17 71 112 46 1 69 96 45 88 70 120 40 9 67 104 41 86 66 118 43 7 64 102 42 94
50 126 31 15 84 110 30 19 82 114 48 3 63 98 49 91 62 122 29 11 83 106 28 20 61 115 51 4 60 99 27 92 75 123 23 12 80 107 24 16 74 111 25 0 81 95 26 88 59 119 55 8 58 103 54 86 57 117 22 6 56 101 21 94 38 125 32 14 73 109 33 18 79 113 39 2 78 97 34 90 72 121 35 10 69 105 52 85 77 116 36 5 76 100 53 93 45 124 47 13 68 108 46 17 71 112 44 1 70 96 37 89 67 120 40 9 66 104 41 87 65 118 43 7 64 102 42
94 31 126 50 15 81 110 48 19 82 114 30 3 63 98 49 90 83 122 28 11 62 106 29 20 61 115 51 4 60 99 27 91 80 123 24 12 55 107 23 16 74 111 25 0 73 95 26 87 59 119 54 8 58 103 52 85 57 117 22 6 56 101 21 93 32 125 38 14 72 109 39 18 79 113 33 2 78 97 34 89 68 121 35 10 75 105 36 84 77 116 37 5 76 100 53 92 47 124 44 13 70 108 42 17 71 112 46 1 69 96 45 88 67 120 40 9 66 104 41 86 64 118 43 7 65 102
31 95 49 126 48 15 82 110 30 19 63 114 29 3 62 99 28 91 83 122 27 11 74 106 51 84 61 115 26 4 60 100 24 92 22 123 23 12 75 107 25 16 80 111 50 0 81 96 55 88 59 119 54 8 58 103 20 86 57 117 21 6 56 102 32 94 38 125 39 14 73 109 33 18 79 113 34 2 78 98 35 90 72 121 52 10 69 105 36 85 77 116 53 5 76 101 47 93 45 124 44 13 68 108 46 17 71 112 37 1 70 97 40 89 67 120 41 9 66 104 43 87 65 118 42 7 64
102 31 94 50 126 48 15 81 110 30 19 82 114 49 3 63 98 28 90 83 122 29 11 62 106 51 20 61 115 27 4 60 99 24 91 80 123 23 12 75 107 25 16 74 111 26 0 73 95 55 87 59 119 54 8 58 103 22 85 57 117 21 6 56 101 32 93 38 125 39 14 72 109 33 18 79 113 34 2 78 97 35 89 68 121 52 10 69 105 36 84 77 116 53 5 76 100 47 92 45 124 44 13 65 108 46 17 71 112 37 1 70 96 40 88 67 120 41 9 66 104 43 86 64 118 42 7
82 102 31 94 48 126 49 14 63 110 30 18 62 114 29 3 81 98 28 90 59 122 27 10 61 106 50 83 60 115 26 4 80 99 24 91 54 123 23 11 74 107 25 15 73 111 19 0 55 95 51 87 58 119 22 7 57 103 20 85 56 117 21 6 72 101 32 93 39 125 38 13 79 109 33 17 78 113 34 2 68 97 35 89 75 121 52 9 77 105 36 84 76 116 53 5 70 100 47 92 46 124 44 12 71 108 37 16 69 112 45 1 67 96 42 88 66 120 41 8 64 104 40 86 65 118 43
7 81 102 31 94 50 126 48 15 82 110 30 19 63 114 49 3 83 98 28 90 62 122 29 11 61 106 51 20 60 115 27 4 80 99 24 91 55 123 23 12 74 107 25 16 73 111 26 0 59 95 54 87 58 119 52 8 57 103 22 85 56 117 21 6 72 101 32 93 38 125 39 14 79 109 33 18 78 113 34 2 68 97 35 89 75 121 36 10 77 105 37 84 76 116 53 5 70 100 47 92 44 124 42 13 71 108 46 17 69 112 45 1 67 96 40 88 66 120 41 9 65 104 43 86 64 118
