-5 -75 84 -85 23 2 54 88 -16 10
96 -71 -35 -93 4 71 95 -10 91 80
-69 -66 72 -11 -83 -92 -92 91 6 52
27 -86 30 -30 -27 94 -58 90 52 16
-4 -2 18 52 43 54 -56 80 -4 -5
-8 -91 77 -26 48 33 70 -25 -11 98
34 19 -99 93 33 -22 9 -29 -60 8
-29 67 -28 -28 89 -82 1 10 20 22
-34 75 -37 55 72 -39 79 -91 -73 -70
37 62 13 -53 -32 -77 53 44 -58 -98
95 0 40 -19 -65 -85 -64 15 -15 -59
-94 48 -57 25 -67 -72 -44 -64 -68 47
77 -81 66 68 82 33 -95 -40 -66 -98
38 -20 57 32 -1 48 -22 95 -99 73
-13 43 -13 -63 -41 84 19 -16 -91 -6
2 -53 79 4 57 -8 9 -72 38 77
-13 -53 -47 90 -18 -13 44 -56 -76 43
-42 4 -63 3 1 -59 18 -64 31 -31
76 36 7 -44 -46 25 43 4 -72 77
74 75 24 84 -12 -58 -81 -76 -9 90
28 -37 -39 90 92 -19 -95 35 97 -59
-43 -74 -48 65 46 67 -81 -83 -63 17
-54 -82 74 -81 47 15 -17 34 24 45
90 25 -31 76 -79 45 -11 48 -51 49
70 3 76 38 88 96 93 40 -88 -35
-83 -97 46 -81 79 38 22 -3 39 31
77 75 -31 -22 -81 98 79 40 -26 67
-44 -98 18 97 -19 14 -36 4 -17 99
94 -57 35 -95 4 -85 -29 31 46 2
60 87 25 -81 -89 -3 -93 2 60 -82
48 42 -48 -58 73 41 97 -97 68 -6
42 20 -72 -39 -86 -52 30 -19 -35 -39
-54 68 22 -22 30 -54 -58 78 -66 -68
-23 -64 67 -49 -66 0 -73 -21 26 60
80 62 30 64 -36 -99 -53 -60 -21 60
-58 89 -71 -99 -55 78 -17 99 33 96
36 0 -57 48 -17 3 -18 -74 59 99
-25 -26 -78 -56 -22 23 55 36 85 -37
-91 0 -61 34 -40 33 20 87 84 90
1 -11 64 -70 -12 -28 -75 -17 33 30
25 0 -42 -49 -76 69 6 67 -43 91
77 -52 72 40 -26 13 87 -39 -24 29
34 91 16 -48 63 36 77 -6 -99 -97
-22 63 43 -25 -98 -63 -91 -85 -11 15
17 -88 95 32 -73 -27 75 87 88 -6
70 -85 7 -30 6 -18 -46 -61 -66 -6
-48 -82 -90 -86 -75 -85 -1 -7 87 60
31 -51 49 81 97 -68 -33 -52 -58 -38
66 42 46 11 -76 56 41 46 -9 -5
23 48 30 45 -47 25 27 92 -71 35
-17 95 0 -16 -73 -32 88 16 92 -98
48 -67 -65 -51 21 33 -76 46 22 91
-94 13 2 -39 74 27 -11 -15 55 -36
-38 -11 -30 -51 26 -54 -49 -75 -94 99
-66 -88 -13 6 20 -46 -12 28 -64 -72
88 -27 -32 -14 -77 55 71 -15 82 -54
-76 67 -18 -31 82 92 -65 70 8 -5
-5 4 83 -9 36 -71 -6 59 -70 86
64 55 23 -78 -71 73 70 59 51 -51
87 -69 -31 -16 36 97 47 -40 51 -25
53 -43 73 26 -41 -53 60 95 -51 -8
31 62 20 8 21 37 -24 -7 -19 -46
-25 25 37 48 -27 59 94 -49 -12 55
51 -89 9 99 -90 39 -24 -5 78 -29
-11 -15 -49 -53 84 -70 63 -62 59 51
63 80 6 98 87 13 42 9 -95 61
-36 5 62 -38 35 -37 -38 -71 11 29
-30 -46 98 73 -66 61 92 37 -2 87
49 -2 -39 38 -44 72 17 88 -25 97
-59 49 84 -61 -26 49 79 94 31 -19
56 -62 99 90 12 84 -93 7 -65 -19
21 -41 -14 85 58 -81 -54 73 -77 21
70 26 56 78 -49 -9 49 -60 -93 59
40 99 -55 -40 -99 42 -54 69 -97 73
-33 85 0 18 58 94 45 -4 79 36
14 68 93 -5 62 3 -1 53 -18 5
-37 82 -61 80 -88 82 38 -40 15 47
-41 40 66 79 -76 0 32 -87 -22 -46
45 -69 -76 -38 -60 -62 85 -46 -14 84
17 -57 53 7 -3 -52 26 -7 9 -57
-66 73 5 4 88 83 85 -40 -79 14
10 -58 -31 -11 87 47 -12 -64 72 -3
-60 47 59 -28 59 -10 -43 61 -69 -61
91 28 -32 2 0 -18 -71 64 81 69
-82 67 76 -55 -59 27 -85 -77 88 86
-89 -4 -97 85 80 -13 -74 96 -59 20
-19 77 33 -7 -32 13 93 26 68 66
-74 -74 -10 -29 -1 45 86 -67 82 47
32 -63 -61 -5 -12 9 -33 88 -14 31
6 -62 -62 94 -56 -32 -62 -36 -90 18
-76 -19 31 39 75 -18 10 -96 7 37
72 -55 -85 10 33 61 82 -19 72 -51
-16 -87 41 86 85 -14 77 -96 -70 55
-96 -69 1 -62 38 73 -84 75 -51 -92
-38 -83 41 38 9 55 -75 83 76 20
72 93 -89 -65 45 -47 16 39 87 72
-65 -42 45 -60 -9 -54 97 -50 -75 8
51 58 -79 56 -90 71 81 -72 54 -6
14 -34 67 28 -64 -47 28 -92 -52 88
3 6 15 89 34 59 65 96 72 -82
