92 67 -95 -79 -53 -5 -65 49 34 24
-8 18 87 29 -6 -30 -68 -28 40 87
-13 75 -98 55 0 -82 -11 26 -45 62
69 9 78 -72 -5 -61 -42 -63 -16 -1
58 93 86 56 63 -51 19 -90 3 68
-45 24 96 -30 -10 32 -30 -54 -35 4
-9 70 -28 64 20 -66 -62 -99 2 -53
43 -14 14 -17 -61 -51 -96 94 -35 -15
81 50 -16 -70 33 -54 -58 -61 8 -23
-53 -57 90 45 -75 -44 -55 -65 22 -60
83 -73 -75 -18 -22 9 -71 -75 61 50
74 94 -31 51 -43 -31 -8 -44 62 -77
19 -36 -70 42 66 -41 66 19 26 -17
-25 52 -88 28 72 -55 35 -96 23 57
64 -83 46 -78 -69 44 81 -44 -85 -82
4 -41 -93 5 -67 55 -46 -18 74 20
11 57 43 34 19 36 -1 14 92 -36
56 88 40 77 -56 24 34 -89 62 24
13 -16 59 -33 -48 -65 -57 -2 16 1
7 24 -63 -63 -48 44 99 58 20 -21
-65 -30 -68 -50 54 67 31 18 8 -81
-64 47 55 -3 64 -84 17 -50 99 90
-77 81 73 8 -75 -98 -9 32 -11 10
-68 -16 -27 -26 -49 25 -21 28 64 -22
44 66 53 0 -98 -25 38 17 32 39
89 -32 -93 20 -77 -30 -33 -48 55 -20
21 -85 -39 -32 -42 -44 11 -86 12 32
-4 3 -77 50 -76 -45 12 43 99 -93
80 -17 -75 -62 47 67 -53 19 -31 -8
-90 0 53 -52 -89 -82 -42 -60 -82 77
9 -79 64 64 -49 54 -60 22 -54 20
-42 25 48 19 -23 45 28 -40 -93 -73
-11 -45 49 -1 81 -96 -32 11 50 19
18 87 29 52 7 -57 -96 -18 27 -55
-27 -58 -70 95 1 -66 -99 -59 51 97
39 -44 22 -4 25 -39 51 -67 -80 -96
-96 -91 40 8 81 -76 13 -88 -14 -89
2 75 -97 -14 -67 -24 66 10 -76 57
-94 -70 -35 14 77 48 40 85 10 96
-43 -2 -20 28 41 -1 9 -53 73 -29
-39 66 -88 -44 22 57 -37 98 -4 28
74 -80 -53 76 45 -48 90 -26 -41 -85
13 98 60 -84 28 48 46 -20 26 2
42 -6 21 29 12 -48 -10 -5 17 44
90 -67 -2 95 -16 -70 -4 -66 34 71
45 -9 48 -24 13 48 -73 41 78 45
45 -89 -69 85 -79 24 98 9 25 -92
96 87 -29 -46 -74 4 91 -41 81 -30
37 -66 -1 -60 97 -39 -54 33 -9 -55
38 -61 10 -33 99 -10 22 -93 67 22
28 6 -53 68 65 14 21 13 -94 -99
55 57 -48 10 -22 71 -75 -39 16 48
53 99 67 61 -28 19 22 -13 78 -72
35 -18 -97 16 96 36 -30 -5 73 -44
-68 21 16 -10 -14 -41 -73 -90 -65 55
58 27 18 -59 -41 23 -65 16 35 25
33 99 37 3 -42 13 23 4 -77 82
-34 -68 17 -22 22 -22 -31 -12 -3 -27
17 -84 48 25 -62 35 -90 22 68 -3
75 51 -22 -84 -26 -32 -16 91 27 26
-32 -85 68 69 -24 16 87 39 5 -10
-75 13 -94 -39 -34 -71 0 66 -4 19
-68 16 -6 70 -32 -41 -53 18 6 87
-35 15 38 -6 -65 -85 -68 55 -19 -53
-38 -59 67 32 81 -44 10 -21 46 86
-75 -75 16 -84 52 89 -52 21 -57 -90
88 19 72 19 94 12 98 37 67 68
67 -69 79 -11 15 -78 -57 -48 62 -57
61 96 -21 -22 51 2 -78 -93 35 -11
-48 -74 -79 -21 -6 21 95 -34 75 -47
-30 13 37 55 -38 -9 35 3 10 -13
-24 -35 15 -14 -19 46 58 -95 10 -23
55 -42 -35 52 20 -94 -3 54 -27 -33
74 24 -56 -10 46 -29 -62 47 -30 33
28 28 -96 93 89 -62 46 61 49 67
-91 62 -10 52 -5 -98 -49 85 -2 87
-16 -99 13 -95 94 15 33 61 3 69
37 22 18 34 -42 75 -44 49 24 99
-97 -88 10 -51 36 14 -8 64 -49 54
-5 58 94 2 -14 42 46 92 -39 -48
-25 -15 30 56 -72 -23 4 -9 92 35
-77 -89 49 12 24 21 -58 16 -42 95
-54 38 97 -39 99 -27 26 -32 15 -67
-63 77 74 39 -45 -95 -83 -44 -74 97
-38 65 -99 42 95 -18 47 13 16 19
60 -44 5 -52 26 -3 -58 62 22 -40
-29 64 -61 51 65 68 -80 82 81 -27
-72 17 52 39 -55 -84 43 24 36 56
-31 62 5 -42 63 -81 11 -52 -37 70
-95 -89 64 -77 78 40 -30 -45 83 69
89 4 27 96 -56 -91 -22 -5 -62 69
4 64 37 8 -91 48 24 5 -51 18
76 -77 -70 27 -29 -86 -44 -14 -77 -20
22 -74 -75 -30 -55 61 15 10 78 -8
44 -60 -2 -68 -68 82 -98 -28 -87 -57
-58 96 -92 -72 -45 53 -68 -79 -6 -81
14 32 27 69 -50 -6 -65 26 -1 -14
-82 -96 58 42 15 -86 -98 53 -7 -34
25 -93 0 -19 -17 70 -37 -91 -34 30
-67 -73 96 4 -87 50 -38 87 -33 45
