-20 -49 -51 -50 4 88 -54 70 0 -56
-46 -50 -72 -67 75 77 29 38 82 65
90 -55 -61 74 22 75 29 -17 -64 -49
0 -57 17 90 -92 2 16 25 83 -23
-41 35 -43 -57 -90 98 -94 -86 32 29
-57 -19 52 -70 -92 -44 60 59 94 23
54 -22 -27 -40 -55 -2 97 -3 60 -43
-75 -63 -30 -80 -48 28 46 96 12 -90
12 73 6 50 -55 83 -84 48 70 74
-2 -45 53 21 -95 74 78 67 36 46
75 51 77 -88 56 -85 35 -22 -87 13
75 69 -36 -56 0 -59 99 34 65 67
98 -68 99 -10 84 75 -32 92 95 30
-92 -5 -28 -37 -20 -54 -50 -36 23 -99
-43 -58 -25 82 61 -68 -16 49 1 0
-76 -35 -47 35 46 71 -2 58 -37 -7
1 35 -77 -92 -73 45 73 -67 -6 -2
96 -94 29 -46 -69 53 -17 94 82 39
8 3 -74 11 64 -63 -76 76 75 30
-31 -39 17 -16 9 62 -83 -9 -15 -29
3 9 -52 -69 -8 35 -80 25 22 -48
-93 30 85 67 15 -31 -95 45 -52 -32
-64 -66 -25 -11 -87 -68 -91 -80 82 -82
1 3 16 88 -37 34 24 65 -45 -69
-74 -86 -15 -88 4 -58 9 -37 -42 5
57 -59 54 99 -4 -68 -70 -73 -14 -25
-93 -45 89 -31 -45 4 -80 -41 69 38
-49 -17 -93 42 71 16 -17 77 60 22
47 -60 -96 69 43 -52 77 98 87 -68
-84 -36 -70 88 -85 80 72 71 29 -16
23 90 30 79 -77 12 -36 59 58 -70
61 89 -49 42 -40 3 -19 92 10 -39
55 -65 -55 -31 82 85 60 53 61 -78
-68 54 35 -15 95 -48 90 77 -14 -1
94 -42 -61 -61 -23 -50 0 40 5 43
85 -85 27 -25 97 39 -75 -80 -36 -41
-40 32 -63 -70 71 -53 81 65 -39 -42
-81 17 88 -5 -69 -35 -38 -77 72 42
76 -2 -20 23 -94 -6 -69 53 43 59
79 56 37 42 -77 53 -58 67 -2 -44
18 -67 -6 51 -63 21 -40 5 -92 -69
-9 64 47 13 -79 -3 -68 32 -47 -41
-46 38 84 -91 -66 -6 70 -93 50 -69
51 -30 -73 75 -11 -89 -22 4 23 10
42 -16 -43 -1 -27 -82 -90 97 51 97
-89 -8 1 -24 16 -99 73 33 -10 -22
58 79 0 35 68 79 20 12 60 -40
-3 79 32 98 -98 -74 -14 -32 -52 -10
17 57 -86 -73 62 28 6 45 77 -23
-90 -94 -2 -25 49 21 39 3 -58 -35
-4 -78 44 16 64 -44 44 45 24 17
-56 90 81 86 10 -18 -76 -71 8 67
-56 -1 -28 -55 42 -76 54 75 31 61
72 -1 36 -90 27 75 -19 -35 -58 22
28 50 -4 58 64 53 -47 49 97 79
4 29 29 85 -39 42 22 -58 -52 77
-53 61 47 41 -91 -43 -26 49 57 -43
-21 96 0 -52 5 9 -7 15 33 -93
12 50 60 4 -91 -35 -72 -22 -13 74
52 39 86 -43 -88 -56 21 71 55 -96
71 64 -97 59 51 -29 26 -74 -21 8
63 57 -33 -76 34 8 8 -94 71 46
-48 73 -98 -53 27 -30 -39 -30 -64 0
-46 -31 89 -59 -70 -49 83 88 49 91
30 -43 86 5 9 24 -25 51 -35 -76
-99 50 48 -50 -6 -23 97 24 41 -96
63 -48 -40 5 29 44 57 84 84 51
-12 -54 -75 -11 -43 -25 -62 26 26 25
-98 23 83 -51 -34 70 19 -41 28 0
-67 32 27 -55 -26 -9 0 -5 -55 -70
-60 90 -33 -44 -27 49 69 -23 85 39
8 -72 35 68 39 -42 43 61 8 -67
8 -40 -67 4 -26 22 56 -9 -91 -22
68 -84 -31 96 11 59 -62 -99 4 50
38 17 -8 98 76 -1 -57 -63 -6 -47
36 46 43 67 91 -40 10 -98 -20 50
-28 -56 28 59 -44 74 -66 -89 -9 -60
12 0 -42 -97 -11 30 -85 -55 78 65
47 -78 68 82 85 0 42 -79 52 -73
-90 81 84 -61 80 -47 94 49 -46 26
-41 -66 55 -5 -33 10 4 -49 19 -63
-80 -69 2 -18 -87 49 27 8 -55 -55
-59 -42 -90 53 -57 -44 -9 93 -67 -18
-74 0 -37 81 45 81 31 -83 -45 -64
-32 -13 38 -18 -28 -11 -29 -24 59 -79
11 67 -77 -54 -17 -25 8 53 13 -56
49 39 -59 -71 47 -34 89 -47 -54 1
21 -60 -57 -13 -52 -33 -22 73 -90 8
-99 -39 90 -10 15 -27 -41 -45 -81 -21
84 -36 -84 11 -36 68 -71 -49 -42 53
16 55 90 89 24 -23 -62 -34 55 95
-53 76 -47 -63 61 4 84 47 79 -99
48 -79 20 9 -21 0 -58 -89 -9 82
-43 -75 37 -29 16 35 -13 -69 35 97
-30 91 16 -4 38 6 -9 58 31 11
44 -85 83 76 -58 78 -1 -52 70 18
71 45 84 -93 93 7 -86 11 -8 -10
40 -75 9 -25 -53 -89 -23 -17 64 -88
-73 73 94 -81 -22 16 21 -78 64 -45
52 -79 33 58 70 -7 -31 21 66 -81
