13 51 9 11 43 76 14 6 64 24 80 93 56 37 81 70 16 96 62 88 82 61 5 21 27 69 12 92 85 1 36 90 91 3 75 45 31 30 87 44 41 65 77 72 8 84 98 10 78 48 25 83 38 33 71 55 54 66 53 60 79 89 0 15 94 49 50 2 52 19 39 4 58 86 68 23 99 95 57 29 100 63 22 28 17 73 59 46 18 32 47 40 35 74 26 42 97 7 67 34 20
77 11 5 62 14 75 48 71 86 47 44 0 79 56 64 23 43 9 97 26 53 84 41 25 81 29 35 24 46 67 21 92 27 76 19 54 16 63 100 40 95 68 74 32 98 69 72 91 90 88 37 1 10 50 61 36 70 45 3 80 33 93 87 38 65 82 55 6 96 22 58 28 78 83 89 57 73 34 51 20 49 17 42 15 39 12 18 4 66 59 7 30 13 31 52 60 94 85 8 2 99
66 71 64 78 9 94 15 51 25 61 11 53 59 14 0 43 70 22 18 21 47 6 60 96 80 7 85 33 87 13 26 90 79 17 19 97 4 62 49 88 75 73 76 100 83 42 31 81 84 89 36 35 91 48 23 5 92 52 57 77 41 98 20 16 37 67 72 44 99 38 27 3 32 12 82 24 68 8 28 86 2 1 74 45 65 29 10 54 50 40 93 95 46 39 63 30 56 58 69 55 34
26 7 42 31 67 61 35 45 96 60 1 84 44 95 25 78 15 75 87 66 32 11 69 92 30 12 55 3 39 57 43 21 17 97 9 41 22 27 94 52 36 73 98 4 82 81 88 8 0 24 2 76 46 62 6 48 28 85 79 68 19 91 63 33 10 74 54 14 38 18 51 16 70 93 71 99 13 56 89 83 5 20 53 34 50 40 80 90 65 58 47 59 49 29 77 23 64 37 86 72 100
46 94 48 52 20 68 29 31 15 13 0 6 62 17 39 2 51 28 9 91 38 5 16 81 87 32 35 72 7 44 12 90 67 36 25 88 23 63 82 34 26 89 47 30 60 22 99 74 59 41 71 37 27 57 80 61 65 77 64 50 18 100 70 24 33 8 97 55 66 45 43 14 83 78 58 86 56 19 42 85 75 84 76 96 3 40 98 95 93 54 69 92 49 73 1 11 10 21 53 4 79
48 7 12 50 95 25 40 57 31 81 42 59 61 56 1 58 90 5 88 79 51 74 15 26 36 23 82 65 69 86 19 16 39 20 28 54 43 83 55 70 66 52 18 0 33 29 24 35 46 49 17 96 32 37 30 94 97 8 53 34 14 85 80 41 78 9 71 38 91 60 63 92 27 6 22 3 11 89 100 72 13 99 21 73 10 4 84 68 75 76 62 77 64 67 98 87 45 47 2 93 44
8 43 93 24 70 90 87 29 58 5 12 1 28 79 69 84 10 98 54 21 88 25 99 77 57 33 81 15 34 26 73 23 50 80 19 45 3 53 62 30 63 44 82 61 72 27 65 42 11 49 60 39 37 0 52 17 55 51 86 91 18 14 2 4 20 71 75 22 67 97 7 13 16 32 96 9 74 48 38 47 59 36 41 76 35 6 68 56 31 46 66 94 40 64 100 85 92 89 83 78 95
68 18 67 99 47 58 70 2 53 22 86 25 31 65 1 33 73 60 20 54 39 14 69 92 79 78 32 94 64 71 27 23 77 87 55 26 90 35 81 51 72 91 19 76 40 48 36 83 9 29 62 16 93 52 13 74 21 28 100 44 43 37 17 61 56 34 84 98 8 38 97 4 88 50 49 0 11 10 75 95 46 80 63 89 42 6 57 24 15 59 3 5 96 82 41 30 12 7 45 85 66
34 47 80 90 81 16 22 93 19 55 25 50 65 30 89 66 79 75 60 31 5 28 92 52 82 2 56 27 7 3 10 64 11 23 70 6 14 26 36 44 100 71 72 41 61 76 58 54 1 45 32 33 39 43 84 29 37 63 48 97 86 18 4 53 68 42 20 88 15 0 35 98 73 96 24 21 87 49 94 9 12 62 13 8 74 40 57 59 69 78 77 46 91 38 85 67 83 99 51 17 95
67 32 79 10 73 69 9 19 63 13 39 59 56 50 97 34 60 14 75 86 20 78 43 64 87 54 81 100 30 40 53 70 66 42 37 36 88 22 98 76 41 35 49 4 74 45 33 6 38 23 29 48 55 0 7 52 31 5 99 18 83 89 15 2 8 82 3 77 12 85 27 28 44 16 71 93 21 72 95 62 90 80 61 92 51 11 47 68 58 25 91 17 46 26 1 24 65 84 57 96 94
16 49 62 71 64 4 42 95 57 23 100 70 77 76 35 81 38 12 18 44 19 47 99 11 90 0 87 78 40 88 63 48 80 8 72 75 1 96 51 54 92 85 65 61 13 50 2 21 53 55 34 22 7 84 93 27 28 52 82 14 17 33 79 45 6 25 46 36 91 74 58 39 83 9 69 43 67 5 3 98 26 89 41 73 94 30 60 59 56 15 10 37 32 20 31 29 66 68 97 24 86
96 9 35 36 92 27 59 70 78 46 23 79 99 12 41 51 90 13 44 32 67 95 84 98 68 0 50 24 48 6 83 73 86 55 87 89 17 19 7 2 21 22 66 100 45 57 40 30 14 54 11 72 94 62 5 74 26 52 49 56 15 77 71 61 20 75 28 4 34 47 43 88 10 53 39 85 60 81 3 64 33 1 29 25 18 38 91 63 16 76 97 58 8 69 82 31 37 42 80 65 93
44 78 0 100 35 25 60 18 90 51 55 62 53 93 57 24 95 10 32 34 81 61 27 45 1 86 28 84 22 2 67 99 87 7 20 73 21 6 29 68 33 72 4 89 39 91 19 14 70 58 80 98 76 79 48 42 50 5 3 74 23 63 9 47 54 31 49 17 94 97 83 13 66 82 85 75 69 41 26 8 56 59 52 38 46 11 40 88 36 96 64 37 12 71 92 43 15 30 65 16 77
79 71 78 31 70 57 24 22 45 68 90 37 42 6 9 34 59 16 0 14 85 92 65 13 30 12 64 19 3 15 69 76 51 87 18 32 21 47 80 81 10 75 99 54 44 56 82 52 61 49 50 84 28 25 36 5 26 98 100 94 62 95 88 60 48 29 27 43 33 1 96 97 20 17 35 23 73 55 77 91 86 39 40 67 58 4 83 63 74 7 11 2 8 93 46 41 66 89 53 72 38
95 55 60 23 2 21 96 64 36 72 43 99 91 65 100 56 3 97 15 83 9 32 51 57 82 80 70 14 37 27 98 30 19 28 4 18 90 12 58 79 10 11 25 50 71 35 33 86 45 87 20 85 17 88 46 26 68 24 8 1 31 67 0 47 73 63 5 13 94 39 41 7 76 93 59 48 84 66 52 78 40 49 69 81 16 29 92 22 34 38 42 75 53 77 74 54 61 6 89 44 62
85 81 92 18 4 1 20 23 27 54 51 47 14 87 57 94 42 76 34 73 84 65 15 31 46 16 96 22 88 63 80 19 5 75 0 41 68 48 29 12 50 58 10 40 49 36 83 25 11 6 13 37 52 30 64 44 66 28 90 33 26 24 72 8 67 82 86 89 71 70 97 55 3 2 62 99 43 78 91 38 61 35 9 79 60 7 32 45 56 100 17 77 93 95 53 39 69 98 59 74 21
44 4 40 69 80 68 66 53 33 82 45 79 5 16 54 17 50 76 22 72 75 87 37 39 52 86 0 97 74 10 93 6 85 20 27 55 63 3 81 29 49 32 35 62 61 24 15 43 83 31 38 8 99 30 58 36 59 18 14 57 12 25 51 100 41 28 91 19 67 90 46 56 96 77 2 88 73 21 95 65 89 26 70 60 92 34 42 13 71 98 1 78 84 64 7 23 47 11 9 94 48
30 25 53 2 40 81 26 11 51 5 71 75 32 84 95 0 100 10 7 52 4 28 56 43 27 48 79 87 13 14 49 86 92 24 54 90 35 55 42 82 59 65 6 57 20 36 85 44 41 33 61 62 29 68 12 21 31 74 83 70 39 91 37 99 9 18 38 23 76 67 94 89 34 98 19 72 45 66 64 22 46 73 93 50 60 15 97 3 16 80 88 58 8 78 69 47 77 1 63 17 96
0 11 64 12 16 28 73 56 82 25 76 100 1 96 79 92 14 53 66 4 58 31 42 74 41 65 93 26 98 78 22 90 3 19 36 61 44 70 9 60 71 68 15 67 5 30 94 29 50 52 40 2 10 8 83 13 35 32 33 99 49 57 38 27 7 77 87 88 91 75 72 45 17 18 63 69 80 54 55 84 51 62 34 59 21 48 46 24 81 97 47 6 86 37 20 85 43 39 23 95 89
15 81 19 93 20 14 25 87 4 42 71 89 54 10 83 36 47 75 58 39 99 97 100 43 22 65 84 18 0 91 86 32 29 51 26 69 12 88 21 3 34 2 27 53 64 82 40 90 56 13 67 72 62 70 35 95 68 98 76 38 1 78 49 30 8 79 46 11 59 60 33 80 85 37 57 61 66 28 17 7 63 23 77 44 31 55 41 45 74 92 16 24 52 9 96 73 50 94 48 5 6
19 34 45 76 8 93 72 68 69 33 94 38 51 60 41 37 46 28 30 23 44 25 91 7 48 55 92 50 36 15 66 63 78 29 9 14 97 2 86 81 82 6 16 85 11 4 83 47 22 56 59 35 67 53 98 12 17 62 84 71 32 64 52 88 58 10 24 0 73 1 26 77 61 42 20 79 100 54 49 80 40 13 95 27 99 74 96 57 87 3 75 70 89 31 90 43 5 39 21 65 18
52 8 20 6 27 81 13 14 23 53 91 12 3 41 16 96 83 49 92 50 28 72 61 2 51 9 37 98 33 56 80 32 67 94 73 29 89 10 34 60 84 18 78 59 97 0 38 86 88 17 35 40 77 87 24 5 26 4 15 44 79 93 63 62 95 46 11 48 71 100 68 45 43 55 90 82 36 58 74 75 31 65 57 99 64 7 39 70 1 42 66 30 85 54 69 76 47 25 22 19 21
49 44 41 73 27 3 15 40 31 100 69 54 19 78 52 58 64 7 2 72 17 18 9 16 33 22 81 47 98 67 62 59 0 83 74 11 21 95 26 76 84 75 38 48 25 65 57 14 37 96 43 32 1 30 45 56 42 88 90 94 82 87 99 24 91 39 10 29 12 55 8 63 92 4 61 93 71 66 34 97 77 51 13 70 80 5 60 79 53 50 36 85 23 86 68 6 46 89 28 35 20
12 42 86 78 59 32 26 76 18 72 91 77 80 7 94 89 87 48 56 64 81 69 1 65 82 23 75 14 60 4 25 73 99 41 98 100 17 13 37 40 33 55 79 88 66 46 58 9 19 50 71 30 6 92 0 52 35 44 28 11 24 39 47 96 27 2 45 67 95 34 16 83 10 22 5 74 97 8 36 21 84 62 29 57 53 70 31 54 51 38 90 3 49 61 93 15 68 85 43 20 63
12 31 47 77 53 69 50 72 73 25 92 33 16 75 24 23 93 8 27 42 5 22 20 66 35 2 34 38 18 85 52 74 67 82 81 83 4 55 100 44 61 90 37 9 43 30 89 91 1 41 56 60 17 68 26 21 51 7 15 76 13 86 6 36 99 57 84 97 40 79 65 29 70 28 71 11 59 87 64 62 94 63 45 46 0 48 10 39 80 49 32 58 95 19 14 88 78 54 3 96 98
15 5 44 34 38 21 51 71 69 47 88 48 1 86 60 35 64 50 25 84 28 66 49 10 58 79 8 2 26 73 54 4 93 57 24 29 17 23 74 39 32 75 99 18 11 19 80 52 72 27 87 97 63 61 6 62 65 76 31 13 53 40 9 59 16 20 30 45 55 77 89 46 95 42 22 94 33 90 41 3 37 7 43 12 96 70 85 68 56 100 67 36 78 98 81 91 83 92 82 14 0
57 12 73 90 17 28 50 35 76 66 81 32 11 53 36 63 95 29 77 23 6 24 40 80 88 41 65 39 37 96 1 38 48 2 44 13 60 45 33 25 79 3 61 99 85 97 54 7 74 27 4 71 94 72 78 69 49 9 14 18 91 92 75 84 87 42 46 21 8 0 67 34 56 93 59 30 82 16 58 98 89 20 52 70 64 83 62 68 43 22 31 26 55 10 100 86 19 51 47 15 5
6 22 50 100 34 48 67 15 35 54 68 29 19 36 24 58 27 55 64 87 95 90 12 73 21 75 79 70 80 56 7 11 88 94 17 9 69 66 46 47 45 10 4 76 26 53 42 33 77 85 63 37 89 5 2 59 30 44 71 43 41 14 98 39 81 82 72 23 83 52 97 16 3 8 38 20 32 84 78 28 86 40 0 51 65 13 49 1 60 31 25 18 93 62 57 92 61 91 74 96 99
3 99 93 78 47 28 64 77 92 34 85 24 54 94 30 31 43 37 68 39 98 79 69 7 63 14 46 59 27 19 11 83 36 33 40 4 96 6 15 21 38 100 2 16 89 20 81 56 45 70 88 97 44 53 61 32 75 17 29 71 23 67 87 49 48 41 66 73 57 22 62 82 50 0 58 12 80 90 51 52 10 86 13 1 8 35 60 72 55 25 5 84 76 95 9 18 74 42 91 26 65
89 45 43 4 47 58 32 12 56 16 35 31 10 98 79 74 1 15 22 29 57 25 27 36 61 51 94 0 24 5 6 85 14 44 100 87 40 50 13 88 41 93 71 46 97 65 86 82 67 78 64 26 2 28 54 18 75 83 55 80 99 96 17 9 81 8 20 7 66 3 30 19 39 73 63 92 90 95 42 76 48 53 70 59 33 84 72 69 68 37 38 34 77 11 21 52 60 91 23 62 49
17 63 46 15 65 71 61 9 39 87 33 68 88 97 81 78 96 62 55 28 64 69 56 16 0 49 1 76 31 19 91 12 79 2 13 92 42 48 20 54 85 67 3 99 93 86 37 58 50 90 59 52 8 75 83 72 38 22 43 77 57 82 45 5 11 66 27 4 41 24 73 51 44 26 6 74 30 80 14 10 32 60 21 100 18 40 34 53 84 70 94 98 36 29 25 23 89 7 47 95 35
24 36 25 87 91 12 19 22 94 65 58 40 48 76 92 46 6 35 80 66 100 27 49 38 32 56 59 13 71 84 79 75 57 68 61 2 4 18 44 88 98 41 82 26 3 30 29 11 39 99 70 9 60 5 51 90 31 78 34 50 8 81 54 42 17 53 93 96 72 0 95 67 10 23 62 14 37 64 28 43 85 1 55 73 52 45 83 16 77 63 47 20 97 69 7 15 74 89 21 86 33
1 60 30 81 17 93 0 47 15 85 35 95 32 89 25 83 36 19 55 57 38 65 80 13 67 63 99 43 6 87 41 4 39 54 26 33 18 23 49 52 62 7 14 86 10 64 29 59 16 24 8 82 78 28 56 84 88 31 51 34 3 11 22 73 75 100 20 45 71 92 68 94 61 27 76 40 21 69 42 70 37 44 74 77 66 46 12 97 2 53 58 79 50 72 5 48 91 9 90 96 98
64 78 84 73 52 77 5 35 61 71 20 55 3 13 22 81 42 18 88 39 50 90 21 9 69 70 27 1 85 28 51 31 45 93 4 60 72 92 91 86 53 57 97 65 11 59 38 99 47 6 58 62 10 40 15 23 36 12 14 76 49 96 32 33 67 8 83 89 30 48 56 82 0 25 16 66 44 95 19 34 43 74 100 68 37 79 94 46 98 41 29 26 2 17 87 63 7 24 54 75 80
40 67 25 0 39 72 31 15 45 7 76 99 13 68 43 59 5 100 87 66 26 71 64 16 37 58 78 36 77 61 22 12 52 34 32 50 95 20 57 19 14 89 91 6 24 82 80 62 88 23 53 54 49 3 51 70 17 60 83 98 69 10 18 47 44 74 48 93 96 8 79 41 33 92 30 27 63 4 90 9 86 11 1 65 2 42 29 55 85 21 56 97 94 35 81 38 84 75 46 73 28
83 52 61 74 51 94 69 98 9 32 73 30 45 66 42 56 62 86 87 57 20 5 36 39 33 11 15 97 49 13 6 54 70 68 48 55 60 90 88 59 7 92 21 18 40 81 34 16 1 75 2 63 14 4 50 95 19 80 76 91 31 67 85 65 38 23 64 53 84 99 82 47 17 93 29 41 3 78 46 10 27 44 71 26 79 24 37 43 77 0 58 22 25 35 72 96 8 100 89 12 28
55 79 25 19 88 21 76 37 95 77 28 18 98 24 8 12 7 69 87 3 41 67 74 14 61 62 31 99 60 39 52 63 94 66 92 29 57 16 96 54 40 0 83 9 38 27 47 93 73 22 68 33 15 78 6 11 100 97 70 10 59 72 64 17 30 50 51 13 45 44 34 75 82 46 86 20 36 32 71 80 56 65 58 81 48 4 84 26 89 23 85 35 43 91 2 53 42 1 90 5 49
50 85 38 53 28 13 22 12 46 52 40 83 78 89 59 98 54 8 93 47 35 65 79 41 86 77 94 96 21 49 11 36 57 60 95 74 73 16 15 17 69 32 3 91 31 24 33 18 56 30 19 42 45 99 51 92 90 26 64 62 20 4 23 0 55 39 70 68 63 1 58 2 43 66 7 61 6 34 87 67 5 75 37 97 82 14 9 76 25 80 81 48 71 29 100 27 44 10 72 84 88
59 39 77 73 14 11 52 53 71 25 15 56 10 89 40 87 9 55 26 70 22 65 3 1 69 92 41 66 100 91 6 81 68 38 24 80 35 16 63 90 49 43 12 95 78 37 19 76 13 64 18 28 93 29 88 17 62 48 86 75 54 34 31 82 79 27 61 74 47 94 36 58 51 96 99 67 57 8 84 7 21 23 50 4 45 0 32 30 46 72 20 5 2 98 60 85 83 97 44 42 33
70 65 15 19 21 47 71 22 14 8 10 66 77 87 2 75 51 37 11 34 45 24 67 26 74 13 35 100 54 17 83 90 55 98 38 50 94 40 29 28 39 44 99 64 33 0 72 48 20 82 60 42 80 86 32 92 96 52 7 61 68 56 6 23 78 30 89 16 93 3 91 36 43 27 25 57 63 1 62 31 4 84 73 85 5 79 58 46 81 76 69 97 18 88 95 41 53 9 49 12 59
42 36 58 55 13 68 75 2 93 34 1 19 67 74 32 24 56 18 83 85 30 6 38 100 8 28 14 62 77 50 20 81 73 72 69 90 94 16 3 26 78 64 92 39 37 41 97 99 7 60 61 86 79 98 33 43 25 52 59 29 10 96 4 47 11 9 84 0 23 76 31 48 91 15 66 57 44 88 95 89 65 46 71 80 21 35 53 70 49 40 22 51 27 17 5 12 54 82 45 87 63
67 84 45 31 71 9 54 39 93 82 58 14 13 5 49 7 65 50 91 21 15 26 72 92 16 25 38 77 40 30 59 68 86 11 63 56 24 60 8 90 12 69 83 29 46 62 44 97 64 80 41 51 3 70 66 79 35 75 27 74 36 34 23 76 100 98 19 52 96 88 0 10 17 33 32 99 2 85 61 81 57 89 42 1 95 37 53 78 94 55 87 22 6 48 18 28 43 20 47 73 4
52 23 37 86 98 49 28 13 94 62 77 2 69 30 11 38 27 17 72 54 43 100 45 22 92 10 32 24 50 88 56 89 74 96 68 90 80 25 63 67 87 76 9 20 70 85 42 31 51 40 53 19 66 78 29 21 26 75 93 8 79 6 4 97 58 83 44 5 82 64 35 48 46 55 81 15 57 33 73 91 18 12 71 47 16 59 7 99 14 36 84 3 41 1 39 95 60 34 0 61 65
40 4 68 35 70 72 38 83 89 88 11 45 29 17 76 22 54 19 81 59 98 13 82 34 30 6 39 14 57 21 94 71 50 46 84 90 62 100 69 7 2 25 65 43 79 74 78 1 53 86 12 92 28 20 27 8 3 0 32 44 42 10 63 80 67 87 60 15 96 52 66 85 61 36 47 16 37 58 64 26 77 73 31 99 9 33 97 95 75 91 23 18 56 48 5 41 93 51 49 24 55
46 97 99 95 27 98 13 48 55 64 26 73 66 56 67 1 9 4 52 12 6 93 68 41 77 45 32 7 50 10 87 14 90 94 86 18 15 91 0 72 22 35 42 100 8 53 49 61 54 5 16 24 92 59 29 60 47 39 19 85 78 63 74 80 38 83 96 31 82 2 81 57 75 25 30 88 62 37 79 89 3 28 70 20 65 76 84 58 36 21 43 17 33 69 34 51 71 11 44 23 40
82 53 27 10 60 11 85 75 12 34 43 13 0 28 9 30 37 97 59 56 70 93 16 71 98 15 81 20 48 49 18 52 6 100 42 94 44 96 90 40 78 79 17 51 4 22 45 33 65 88 86 73 69 23 80 35 3 8 38 46 21 84 47 19 58 14 1 64 31 62 74 7 5 76 66 91 41 99 68 83 72 36 63 61 55 50 89 54 95 32 26 29 2 92 77 25 39 87 67 24 57
9 48 81 56 60 11 47 52 45 73 91 51 59 84 5 88 34 54 98 65 69 17 29 61 22 31 39 66 87 25 90 16 33 96 82 10 27 3 32 89 23 28 15 86 83 13 41 38 62 97 80 6 37 8 40 53 50 4 1 100 24 79 95 36 7 26 93 75 30 0 19 14 21 43 42 18 78 68 55 49 2 85 64 20 46 74 12 70 99 92 72 71 57 77 58 44 63 67 94 35 76
56 12 96 51 85 33 10 99 61 39 37 19 66 48 68 15 22 1 50 26 95 64 5 84 41 98 78 2 35 32 49 20 75 4 17 81 93 83 8 55 13 90 91 30 79 80 53 31 57 54 6 25 67 29 21 3 77 47 18 94 58 60 89 76 11 46 43 0 86 100 52 16 72 71 38 74 45 23 70 63 42 9 24 27 97 14 40 34 28 82 92 44 69 87 59 88 73 65 36 7 62
91 41 54 20 24 94 34 79 6 72 0 40 9 38 30 68 48 23 33 53 43 44 14 98 56 32 42 52 71 75 77 93 82 67 17 4 81 63 37 8 5 39 99 35 25 59 15 62 92 11 19 57 1 64 60 96 95 55 90 16 2 7 83 47 84 76 3 87 51 89 29 70 21 12 65 100 27 78 73 97 36 61 80 46 58 74 10 85 28 86 66 49 50 31 26 88 69 45 18 22 13
92 56 66 44 17 5 90 91 93 32 34 29 27 38 55 24 10 14 62 28 47 7 22 20 52 4 36 97 82 61 80 99 54 94 3 57 2 23 79 39 70 48 64 84 89 53 87 25 42 19 51 35 69 9 43 81 37 83 68 73 88 74 45 31 46 60 58 76 18 75 30 8 63 59 98 41 12 1 49 40 78 96 77 16 26 65 85 15 100 21 95 33 50 13 6 0 72 67 71 11 86
77 26 59 7 90 23 52 43 63 0 22 53 10 76 18 11 45 48 80 100 87 44 69 15 88 93 38 94 61 37 1 65 28 5 99 30 91 97 55 20 2 58 83 6 40 9 73 95 42 3 64 67 12 8 25 27 49 17 32 89 68 36 13 74 60 34 78 79 41 50 70 92 14 47 31 56 57 33 84 51 4 98 29 24 62 75 82 81 54 86 96 35 21 71 16 85 19 66 39 72 46
97 24 18 53 86 71 72 99 5 42 93 7 95 41 98 88 59 45 32 58 31 57 63 96 60 3 90 76 81 55 48 78 17 23 19 89 11 64 22 21 16 13 38 43 85 49 0 28 91 92 54 39 79 62 33 52 34 27 36 51 83 4 15 14 67 74 44 73 84 25 9 10 50 2 68 20 77 6 8 1 65 87 12 80 69 70 47 40 56 82 75 61 46 30 100 66 26 29 35 94 37
94 58 1 43 64 89 26 96 98 14 95 99 45 60 18 29 74 27 11 83 59 42 92 91 3 77 69 47 82 5 32 65 34 35 30 0 97 75 15 72 76 20 67 70 62 86 55 7 12 36 56 33 80 40 46 54 23 93 31 2 87 61 37 4 68 49 81 52 28 8 100 84 78 71 10 41 9 90 21 48 63 25 66 24 51 22 50 73 6 39 13 38 16 17 44 88 53 19 57 85 79
70 87 29 41 100 99 47 14 95 83 35 73 31 24 12 21 86 72 44 11 96 32 98 49 90 75 19 2 43 48 81 66 40 4 26 6 42 64 54 77 37 27 93 71 52 53 16 68 79 46 39 34 65 15 84 18 82 28 69 45 17 3 0 59 8 5 60 74 36 22 30 88 80 33 23 91 20 85 89 1 63 9 92 78 67 25 50 51 38 97 13 76 94 62 7 61 10 55 58 56 57
94 47 3 46 23 43 45 2 100 67 25 93 84 76 30 35 49 98 86 0 60 59 27 12 5 69 88 80 70 36 81 33 64 74 7 85 79 9 83 39 19 56 32 92 40 82 11 37 51 24 48 41 68 26 87 57 28 6 21 58 38 66 1 72 63 75 97 89 91 71 14 42 78 52 55 34 54 4 16 53 99 15 10 13 29 96 22 8 65 17 50 73 44 18 61 31 20 90 62 77 95
95 99 9 28 50 75 83 93 29 96 18 58 76 49 98 78 8 89 67 57 19 100 3 23 24 70 10 62 0 25 20 17 69 37 35 5 82 27 73 13 42 61 4 91 46 22 77 21 72 34 54 51 97 7 14 43 80 64 52 6 26 55 86 94 65 44 56 66 88 36 87 60 2 53 74 47 31 32 71 30 15 12 40 41 59 1 68 38 92 33 90 85 16 39 48 63 84 81 11 45 79
59 92 94 57 48 11 62 39 63 10 33 14 51 6 1 67 0 60 61 2 26 34 5 100 27 99 30 35 87 80 45 47 98 12 54 66 65 16 74 40 86 52 90 82 78 41 9 15 84 29 21 25 69 31 28 81 55 43 88 73 20 44 7 71 22 64 49 79 19 76 85 83 4 56 23 96 17 8 93 50 42 3 68 72 46 18 97 91 75 89 38 36 53 77 70 95 32 58 37 24 13
64 100 47 36 73 10 37 56 31 28 50 81 78 89 33 54 99 8 13 38 9 85 16 69 41 26 49 46 48 90 18 1 58 62 24 7 42 29 15 77 27 14 30 82 79 75 71 66 23 84 52 32 40 96 5 80 34 3 4 35 76 45 94 59 61 97 2 51 91 70 44 57 17 98 95 55 11 72 6 39 25 43 92 68 86 74 0 83 53 22 63 21 88 93 67 60 19 12 20 87 65
45 16 98 14 12 53 100 78 20 62 0 93 63 55 22 43 77 8 4 25 9 79 38 67 87 95 33 35 39 34 71 72 52 40 46 80 48 29 86 50 92 26 49 88 7 10 85 94 91 3 58 37 19 69 82 28 21 42 90 70 27 23 24 75 6 54 66 74 31 59 17 81 32 30 47 18 84 44 97 1 56 15 65 11 68 99 51 13 36 73 96 2 64 57 61 41 83 60 5 76 89
75 17 13 51 97 14 33 25 37 20 32 90 57 79 16 43 91 9 58 30 62 68 38 61 35 83 44 88 71 28 84 93 53 50 63 6 15 92 65 45 99 27 81 72 46 76 60 3 55 7 2 22 49 42 82 21 64 70 39 80 67 85 40 19 100 36 10 69 95 18 59 47 96 0 29 54 98 31 48 24 8 41 89 1 78 5 52 26 74 87 23 12 86 4 94 11 73 77 66 34 56
100 26 81 38 31 11 63 66 98 44 70 54 15 36 9 89 84 55 2 19 58 28 14 52 69 53 99 18 20 50 46 71 65 72 76 32 0 60 49 96 92 13 59 87 35 91 97 10 24 77 30 90 17 6 22 83 7 93 67 16 5 56 88 34 62 74 12 42 37 86 68 95 21 29 41 27 3 8 43 33 64 78 57 75 94 4 61 45 39 79 82 1 23 25 51 80 85 40 48 47 73
99 39 57 66 20 29 49 35 48 68 43 3 8 61 10 65 84 92 75 60 44 34 94 95 42 11 24 17 14 63 13 58 21 89 74 0 80 33 76 69 26 97 9 5 51 23 37 45 41 2 36 16 59 96 22 47 28 50 93 53 87 46 56 32 4 82 27 98 72 55 7 19 54 71 6 15 67 91 25 31 64 90 62 83 30 79 78 85 38 77 40 1 86 73 12 70 18 52 88 100 81
8 28 91 43 64 76 13 32 9 63 74 60 7 58 83 56 77 51 54 18 92 27 95 46 75 14 72 71 11 15 1 57 0 94 86 53 40 26 37 79 33 25 90 69 98 34 82 6 20 12 39 29 66 70 3 89 22 5 36 30 84 21 35 100 44 48 10 85 42 16 67 47 2 73 88 81 97 50 24 61 17 87 93 41 68 38 59 80 23 19 62 4 78 31 96 99 49 65 52 45 55
12 74 62 6 16 55 72 57 86 40 70 20 77 79 19 13 48 49 3 93 17 9 54 76 27 56 29 50 78 14 97 98 5 33 94 67 58 2 64 87 80 92 38 39 83 91 28 85 81 18 46 7 10 53 100 4 65 84 41 42 36 26 43 60 47 68 88 24 52 44 45 37 89 90 1 73 15 96 32 63 69 82 35 22 34 0 95 71 51 21 31 8 23 25 30 11 66 99 61 59 75
22 21 81 24 25 40 60 2 36 27 20 51 34 62 46 10 73 16 94 82 9 80 66 85 23 41 30 38 12 55 45 86 65 56 29 15 61 64 63 68 42 93 76 0 3 18 75 59 69 99 19 13 88 79 8 48 53 90 57 71 92 5 70 31 67 11 47 52 78 77 97 1 4 28 72 33 37 50 43 54 35 7 95 84 58 39 74 87 91 32 17 83 26 14 89 98 44 100 49 96 6
12 89 20 59 91 81 90 36 4 32 96 75 63 22 77 30 29 97 37 54 71 21 42 100 6 31 93 82 56 46 68 44 3 60 52 74 35 7 64 39 92 78 26 94 33 16 99 53 15 61 66 85 88 34 84 57 62 58 2 27 67 13 18 48 38 49 95 87 0 23 40 43 83 9 55 25 19 86 72 1 51 8 10 80 50 79 65 5 45 28 11 73 14 76 69 41 70 47 98 17 24
81 36 86 89 42 74 23 8 53 59 66 32 3 31 18 25 82 70 20 10 28 27 63 43 39 21 92 77 98 62 13 48 97 14 69 83 91 75 9 5 24 7 2 94 47 40 11 6 45 72 44 93 76 0 61 60 100 4 34 35 26 33 65 41 56 1 17 29 16 79 99 80 19 38 30 55 22 49 68 15 96 87 57 95 37 46 12 52 85 64 51 50 73 71 54 58 67 84 88 78 90
48 82 88 78 50 97 16 1 52 10 13 49 79 77 5 71 87 27 0 53 21 68 57 37 47 36 19 43 62 32 11 23 41 81 66 42 45 61 22 95 100 44 63 58 60 55 7 64 29 65 31 4 2 54 26 85 20 72 67 30 6 8 38 94 84 34 69 51 9 76 96 70 73 3 83 93 35 86 24 90 91 75 15 46 74 39 56 18 12 28 92 33 59 14 25 17 80 40 98 99 89
16 68 69 23 51 24 67 58 55 32 0 52 5 87 37 10 18 81 39 66 7 97 99 84 41 13 30 38 40 42 3 36 17 95 90 78 62 94 63 35 77 29 79 45 80 47 49 93 85 72 86 43 70 26 57 100 28 88 92 25 27 14 60 12 53 44 19 76 82 75 89 98 2 96 71 46 21 15 61 11 74 22 65 33 1 64 83 8 56 34 50 9 4 31 48 54 59 73 20 6 91
49 91 23 42 54 28 15 34 65 55 33 56 16 47 12 58 82 44 41 1 93 25 32 66 0 11 31 81 75 30 84 4 36 37 68 20 51 53 2 62 29 64 86 97 57 35 38 77 46 22 17 9 72 50 71 67 48 98 10 99 39 27 19 96 69 59 8 14 76 63 24 92 61 3 95 87 45 79 6 73 7 60 83 52 40 18 80 43 13 78 21 90 89 26 85 74 94 70 100 5 88
71 18 35 52 65 59 34 57 72 29 76 1 86 99 5 64 49 16 3 23 25 84 92 2 58 20 36 88 33 69 22 15 85 83 79 61 51 41 50 21 11 56 48 10 87 93 27 89 9 39 81 13 77 74 73 70 8 91 62 26 96 94 37 45 95 44 75 24 38 82 46 6 32 14 66 42 100 17 55 63 12 90 97 31 30 53 54 68 67 4 0 80 47 78 60 19 7 98 43 40 28
21 60 14 85 2 86 87 51 57 68 45 71 92 58 1 35 26 29 84 50 95 6 54 83 46 97 41 34 7 80 20 98 12 11 75 38 24 47 72 59 61 78 5 79 32 18 27 43 33 90 9 77 70 99 73 89 42 13 66 82 39 4 100 52 81 0 3 64 10 17 37 48 96 16 88 69 93 74 23 91 8 15 31 19 36 67 76 94 25 56 22 55 63 44 28 62 53 65 30 40 49
94 68 58 42 17 93 3 4 90 48 20 60 70 13 59 26 11 64 52 80 50 54 98 47 30 16 76 23 33 69 51 57 19 24 41 12 67 73 35 95 18 44 22 36 86 79 84 40 21 15 77 53 49 25 27 83 37 82 75 92 2 63 74 29 61 87 1 32 6 5 100 91 88 31 34 65 10 78 97 89 9 66 56 7 99 72 28 14 96 85 55 81 8 46 39 0 38 71 43 45 62
48 58 44 96 21 31 90 42 82 46 89 16 15 8 61 19 75 99 18 4 84 56 32 71 43 67 95 74 87 5 51 2 62 52 14 29 91 83 25 49 17 85 37 22 41 76 70 53 63 94 81 60 11 13 100 20 86 66 12 50 98 45 39 92 7 26 40 34 88 77 10 33 59 6 35 30 78 65 23 3 55 97 38 64 69 47 1 0 73 54 36 27 80 72 93 24 28 57 68 9 79
60 61 22 48 24 74 98 81 88 17 92 68 13 31 42 99 11 9 86 23 27 44 5 91 95 65 84 10 28 69 40 55 39 89 29 18 12 52 59 45 97 63 0 94 38 53 50 32 51 67 4 70 37 3 79 58 46 34 90 21 43 1 66 77 73 64 100 16 80 6 62 85 96 30 93 75 25 47 26 15 8 76 7 41 71 33 83 72 36 19 20 14 2 57 78 49 82 54 87 56 35
58 20 26 87 91 68 89 75 65 30 62 57 79 64 12 16 27 97 8 37 1 84 46 56 55 61 44 48 35 33 13 93 3 73 52 41 4 88 22 43 47 78 66 24 21 36 100 99 39 74 76 18 0 31 53 6 38 15 85 90 81 50 11 9 49 14 23 59 98 92 42 95 94 71 2 60 45 80 77 40 86 83 96 7 29 34 69 72 54 10 63 19 67 5 25 32 82 28 51 70 17
41 67 37 86 62 60 25 51 43 87 58 92 13 28 49 11 82 97 90 76 69 95 2 73 65 100 72 7 12 55 52 96 32 81 88 24 8 27 38 46 42 23 1 33 48 19 77 80 20 71 53 26 56 63 0 45 34 94 29 59 85 50 99 5 68 54 16 93 57 4 31 3 9 74 47 14 83 30 17 84 40 44 10 89 36 79 35 39 22 64 18 66 91 78 61 98 6 75 15 21 70
54 52 74 26 7 77 27 44 28 14 64 33 61 8 41 20 42 19 89 35 58 12 92 43 55 91 75 84 86 21 79 88 70 62 5 15 81 0 66 71 80 23 96 38 95 68 25 78 76 29 6 82 99 24 93 37 53 73 97 32 30 46 10 100 94 60 22 49 72 85 18 9 16 98 65 56 34 45 40 1 48 59 13 17 36 47 50 83 63 90 87 69 31 39 3 57 11 51 4 67 2
90 95 12 0 40 13 41 45 29 36 8 21 44 53 71 23 19 3 67 83 25 15 98 2 20 11 33 66 50 34 56 57 39 89 42 59 77 68 35 97 7 75 1 84 6 60 85 38 49 91 17 80 27 51 14 94 54 76 26 99 72 24 88 22 64 65 96 74 63 87 73 5 58 69 9 55 43 86 61 79 16 92 100 30 52 10 37 47 70 46 82 18 28 62 31 93 81 4 32 48 78
9 39 52 67 54 6 80 51 4 58 62 27 70 93 61 18 36 57 82 15 3 83 63 73 5 26 71 75 46 65 89 40 23 68 8 25 55 16 59 48 22 92 66 96 0 90 44 95 13 91 45 1 17 43 84 31 87 28 94 42 64 85 78 19 79 100 41 38 49 7 10 32 81 72 77 74 29 21 98 47 37 86 97 56 14 76 20 69 50 24 88 35 99 60 11 34 2 12 33 30 53
34 1 91 64 61 97 28 18 12 11 53 31 80 55 15 62 14 67 68 5 22 2 50 13 42 45 46 56 48 60 96 86 77 81 47 25 7 30 58 70 92 95 90 94 89 49 72 74 23 78 52 17 82 10 40 84 36 43 41 27 57 0 37 87 54 19 4 100 32 83 93 3 24 98 76 29 26 39 73 75 99 51 79 16 85 69 6 66 38 9 35 65 8 20 33 44 63 59 88 21 71
82 97 53 99 100 66 20 52 42 1 60 21 32 24 50 95 64 6 63 93 27 35 30 68 13 84 90 86 48 39 98 9 46 89 10 0 65 62 76 71 36 34 15 18 19 80 23 57 94 37 4 77 81 12 87 16 28 14 47 79 85 61 22 69 58 55 26 92 29 31 67 43 44 38 51 73 3 59 45 70 56 88 74 33 83 72 2 11 41 96 17 91 75 78 5 8 54 25 49 7 40
36 5 83 55 53 74 98 60 61 85 50 99 97 2 75 8 7 15 63 52 44 87 54 30 51 71 82 57 49 27 35 48 84 73 34 95 76 64 72 37 89 93 0 46 16 18 40 33 47 100 70 23 41 58 31 67 43 24 14 94 81 17 32 1 88 26 6 69 45 19 77 21 4 86 80 9 91 42 12 66 28 25 29 11 79 96 78 90 3 38 68 39 20 59 56 13 22 92 10 65 62
83 39 78 1 10 90 20 56 85 61 33 80 99 70 53 94 41 17 30 65 21 50 64 38 26 98 88 59 74 47 2 76 45 13 46 12 43 62 48 91 3 89 16 18 87 84 42 29 63 55 0 4 22 72 24 35 81 7 92 14 97 37 49 68 66 8 86 100 19 82 77 93 58 73 54 60 44 79 34 28 51 15 25 27 32 23 96 11 6 52 69 71 36 5 31 75 40 9 67 57 95
44 50 11 42 86 5 37 61 31 57 97 84 51 71 18 38 82 85 67 81 3 40 33 62 59 64 89 72 93 7 9 49 54 45 22 78 4 16 73 66 27 1 13 74 68 47 23 41 95 69 29 98 35 100 90 12 46 60 43 92 0 28 32 88 8 83 79 99 96 25 30 55 39 77 80 52 6 65 53 70 87 75 36 63 19 24 48 17 20 15 34 76 10 91 2 58 94 21 56 14 26
51 79 27 3 86 30 7 5 62 57 84 21 25 72 90 13 76 15 52 46 11 96 40 73 69 19 26 65 22 100 4 35 94 20 99 87 95 47 63 91 75 61 77 0 60 34 70 53 68 85 33 58 32 24 88 71 45 67 36 50 17 43 64 41 98 92 66 59 54 80 83 12 39 56 29 78 28 10 44 23 81 1 55 97 18 89 93 8 82 42 14 48 37 31 16 38 9 2 74 6 49
35 21 7 59 50 94 96 67 38 99 77 48 62 4 68 37 66 75 87 9 64 70 52 53 93 46 51 74 18 73 55 97 88 71 36 79 72 6 34 81 92 85 29 61 47 69 84 42 91 0 22 23 56 11 26 83 86 98 58 60 39 12 2 49 14 45 3 19 44 31 90 57 33 43 16 32 10 89 28 30 24 63 41 5 8 82 1 65 78 95 25 15 80 40 100 13 17 76 20 27 54
16 99 23 34 18 1 82 98 14 55 8 65 6 90 24 85 20 42 44 81 95 30 47 29 22 91 92 89 74 71 27 70 25 48 43 49 4 57 80 39 21 69 96 66 15 68 72 76 60 94 10 2 40 58 13 79 86 28 56 97 37 0 35 38 33 64 46 75 53 54 93 84 67 83 59 52 88 31 11 100 62 73 17 63 61 12 26 87 19 41 5 78 7 9 45 50 51 3 36 32 77
72 81 25 52 80 73 45 68 62 85 27 48 53 28 67 32 74 84 51 17 70 46 54 7 60 35 22 66 92 86 11 40 96 90 23 3 71 5 6 58 9 49 37 4 75 18 14 79 88 98 87 39 24 15 47 43 1 77 55 12 50 82 31 21 34 8 13 91 61 78 94 83 0 36 59 42 41 63 56 44 65 20 38 33 16 57 2 64 97 10 99 76 26 89 93 30 29 19 100 95 69
6 12 74 22 42 31 11 88 99 66 17 79 68 5 57 61 46 70 67 0 80 28 49 1 81 32 20 58 83 36 14 16 55 86 85 4 47 29 35 25 41 26 78 27 10 39 15 69 37 21 91 23 94 2 38 93 54 97 63 51 8 62 53 87 3 43 44 33 90 30 92 34 52 9 95 13 40 45 65 60 50 64 24 73 76 18 75 56 98 19 100 59 84 89 48 77 96 7 71 72 82
54 100 44 63 0 84 88 53 23 95 81 9 82 10 22 61 19 39 27 32 79 90 31 62 51 91 64 70 29 83 78 12 97 96 4 48 35 1 47 74 38 80 8 18 30 15 36 49 34 28 40 86 56 71 93 7 69 24 65 59 99 92 76 50 33 41 17 75 55 45 26 52 25 5 3 67 60 6 37 66 46 73 14 94 68 43 98 16 87 85 21 72 58 20 13 57 2 42 77 11 89
43 60 94 47 51 97 100 14 36 59 73 8 6 33 21 68 18 15 87 26 9 27 99 29 24 5 40 3 34 70 72 91 30 46 71 65 90 41 22 28 62 80 86 82 79 4 69 49 63 25 98 55 64 75 7 1 84 2 42 67 44 85 83 81 78 61 48 53 20 0 19 13 93 57 74 11 31 58 56 10 37 16 23 54 39 77 66 12 50 95 32 35 89 45 52 17 92 38 88 96 76
49 10 38 9 3 20 42 63 91 92 15 75 68 89 84 33 36 41 55 28 99 96 74 85 60 25 67 6 8 32 16 65 52 100 7 82 26 87 81 37 71 93 78 90 40 17 58 14 43 83 57 80 27 11 62 22 69 61 86 77 97 46 47 88 34 19 73 94 18 54 4 31 23 44 45 1 0 24 79 35 59 76 64 13 30 95 12 39 51 29 98 66 50 48 5 56 72 70 53 21 2
63 79 71 14 36 13 51 49 89 4 69 64 81 12 58 82 100 26 27 84 86 93 5 96 42 97 57 76 39 45 55 25 16 24 6 3 80 34 19 31 66 2 43 11 8 10 29 47 0 52 41 99 62 33 20 88 21 78 32 61 56 94 40 60 1 7 67 73 87 59 75 92 17 15 68 48 9 90 70 50 54 77 38 91 74 72 85 46 35 37 22 30 44 23 53 28 18 65 98 95 83
73 71 55 22 50 79 87 25 44 41 96 53 66 35 98 45 91 20 32 14 2 8 19 0 61 13 28 72 74 47 48 1 75 56 58 49 100 43 24 89 60 69 70 93 9 38 82 85 12 29 17 30 15 51 57 86 99 77 26 16 52 36 39 78 40 4 68 81 11 64 94 97 33 95 37 31 84 46 34 63 10 62 65 88 76 21 6 18 23 42 80 67 54 59 27 7 3 90 92 83 5
22 29 89 8 43 30 24 82 11 79 69 57 95 61 73 86 21 19 48 68 10 35 84 5 87 77 25 37 63 40 99 17 53 92 71 18 46 64 27 16 51 34 75 14 62 74 42 76 56 49 54 52 96 41 12 13 28 36 72 1 2 81 88 23 90 100 80 67 4 58 94 45 33 39 32 98 78 6 26 55 44 65 7 20 91 9 38 31 83 47 59 66 85 60 70 93 0 97 15 50 3
95 32 7 47 38 56 26 52 33 53 31 3 90 74 41 78 29 46 10 14 15 62 35 4 13 45 8 30 65 84 97 69 24 77 39 63 22 79 17 91 49 93 42 25 6 72 36 68 70 67 85 94 60 58 75 80 89 57 34 19 20 64 86 23 55 100 82 83 99 81 43 2 71 5 12 54 18 1 59 50 48 87 92 11 61 16 96 44 9 37 51 28 21 88 73 76 40 27 66 0 98
23 31 25 35 79 52 96 54 22 38 26 9 72 60 95 44 37 45 86 36 33 70 63 87 76 100 1 88 30 65 92 90 0 69 19 75 13 43 11 50 12 46 84 81 85 80 78 83 82 64 10 51 93 58 28 3 91 21 94 16 6 34 66 5 71 2 47 67 48 74 57 7 15 40 14 20 68 98 4 61 27 53 99 8 42 32 59 56 17 49 41 18 55 89 62 39 24 77 29 97 73
17 59 89 92 62 31 15 35 90 2 23 81 7 95 26 65 74 0 69 4 16 79 48 21 97 64 45 86 41 75 82 40 78 80 18 66 13 46 37 98 32 77 19 44 53 43 99 58 54 55 42 22 20 38 94 84 47 73 24 67 33 71 12 29 51 68 91 70 50 88 6 9 83 96 14 72 76 39 5 1 25 27 61 34 30 93 56 100 85 11 28 57 87 52 63 3 60 10 8 36 49
3 11 83 27 76 24 59 61 16 4 81 48 33 28 77 34 18 75 70 71 86 89 97 93 9 74 31 23 42 96 40 100 79 82 53 25 47 41 91 44 32 10 21 38 67 20 99 80 43 90 51 49 29 12 45 94 6 58 72 54 63 19 39 13 30 64 5 15 69 1 14 17 92 73 36 66 52 85 7 68 56 50 84 22 2 35 78 65 46 57 60 55 26 0 8 37 95 62 87 88 98
