94 13 24 53 29 92 61 84 71 88 54 32 0 73 8 50 48 34 42 86 85 63 65 15 83 46 100 18 68 33 74 87 81 12 98 69 37 9 75 21 4 57 30 26 10 35 60 17 47 6 93 66 41 72 22 96 82 7 99 14 2 58 90 25 36 19 11 3 44 89 20 43 5 56 51 76 27 31 59 78 95 55 91 52 97 45 64 40 62 70 1 67 77 38 80 23 28 49 39 16 79
45 52 9 80 95 1 91 23 5 49 27 56 2 7 96 8 84 97 37 90 24 94 76 63 48 77 33 41 86 4 25 100 55 64 87 39 44 38 17 85 40 28 70 82 30 83 32 31 53 58 26 6 11 34 43 22 60 93 92 16 78 73 50 36 68 42 59 61 57 12 71 99 47 46 18 62 74 15 0 67 54 81 29 75 98 88 19 13 51 14 69 65 35 21 79 66 3 89 10 20 72
71 45 18 92 85 46 5 33 12 37 100 96 7 3 80 6 93 50 48 32 43 10 2 89 77 66 14 69 26 23 44 16 51 68 99 35 79 40 4 41 20 95 36 90 81 59 25 29 28 60 78 22 86 54 58 98 75 11 57 13 94 49 63 9 65 73 42 70 53 76 87 30 72 55 97 34 17 1 8 21 27 19 67 64 15 74 83 39 61 91 82 47 31 88 84 52 56 24 0 62 38
32 67 95 65 11 37 33 47 42 59 15 82 19 34 12 17 76 41 73 5 31 99 68 58 56 14 89 9 64 84 93 83 38 39 3 18 75 45 91 85 28 57 74 16 88 72 62 6 87 86 10 66 96 8 79 55 53 98 43 23 24 81 46 90 94 44 21 50 26 54 7 100 4 1 48 63 92 51 2 49 80 61 22 20 35 71 60 70 13 78 36 29 40 69 27 77 0 30 52 97 25
70 3 45 81 44 6 86 30 87 93 19 22 51 15 43 21 85 57 29 18 55 50 91 26 17 32 78 42 52 65 80 90 73 28 97 96 99 46 83 39 23 60 66 100 41 14 25 76 16 77 69 38 84 79 10 2 82 34 11 92 71 0 98 68 36 4 56 13 12 88 40 59 47 33 58 1 31 64 24 5 7 54 67 89 8 9 48 95 94 53 37 49 20 27 74 63 61 35 72 75 62
6 96 57 78 45 50 35 23 63 53 3 41 81 4 8 34 73 22 46 7 68 24 83 54 2 74 98 64 77 51 11 89 14 39 72 100 67 62 5 88 16 30 25 38 85 17 99 60 87 18 65 69 21 1 40 0 19 58 84 10 79 61 55 97 43 31 20 86 76 92 80 91 70 82 13 15 94 26 33 36 59 29 44 12 56 9 27 48 49 47 93 90 28 95 42 71 37 52 66 32 75
41 9 21 53 43 75 50 65 17 90 58 39 74 13 11 83 93 28 2 51 29 92 95 32 20 3 26 79 62 88 70 47 96 31 45 72 55 0 52 1 6 30 10 54 8 98 76 63 24 66 33 59 44 97 81 46 15 99 80 48 7 38 91 42 37 14 61 16 64 85 94 19 77 22 73 57 67 35 5 40 36 86 56 84 12 23 69 78 34 49 60 89 71 27 68 87 100 25 82 18 4
28 1 69 65 8 47 4 31 62 32 49 56 54 46 88 98 95 21 35 3 78 66 97 70 15 67 83 89 57 10 71 74 92 22 52 16 27 7 45 29 61 25 90 24 37 41 72 99 30 93 82 34 87 77 43 23 75 55 48 20 53 33 64 18 40 9 85 0 68 17 50 11 2 59 51 84 12 73 100 58 42 79 39 91 26 19 5 81 80 60 6 14 38 96 63 36 94 86 76 13 44
73 12 40 36 75 2 24 51 84 44 58 80 72 1 39 69 31 37 35 97 92 11 95 47 32 98 23 64 8 0 78 22 61 26 100 52 53 38 74 20 56 45 16 83 46 99 65 5 28 77 94 30 6 79 89 90 48 93 66 4 13 33 86 21 59 34 96 91 7 3 10 17 27 29 87 55 62 70 63 43 54 14 15 49 81 71 19 67 9 41 50 25 42 68 76 57 88 60 82 18 85
30 93 22 71 61 86 46 5 52 88 65 34 47 79 4 84 45 6 44 15 73 39 55 85 18 69 48 36 24 80 29 57 8 74 98 51 0 13 78 92 32 72 27 70 68 81 50 89 43 94 91 82 66 42 90 87 64 49 9 38 62 1 53 96 63 99 76 54 12 75 3 33 77 23 58 67 95 20 97 11 19 37 2 28 41 83 17 14 59 31 16 21 25 10 40 26 100 56 7 60 35
6 59 80 21 49 40 0 19 94 14 39 71 31 2 46 9 41 93 75 17 65 97 28 23 56 85 69 1 33 20 52 5 99 42 25 100 91 35 43 26 74 98 57 29 3 66 18 47 12 30 7 38 87 48 89 96 13 81 15 60 61 73 79 90 55 16 44 8 64 22 37 51 54 27 24 78 77 36 62 83 92 34 10 63 58 88 11 4 50 53 76 45 70 95 67 72 68 32 84 86 82
13 27 54 75 22 76 70 71 39 51 67 37 29 21 2 38 50 3 17 74 94 0 69 47 66 95 84 6 91 60 53 30 32 42 73 34 97 56 98 41 48 40 1 59 31 26 62 77 80 46 9 45 35 24 88 55 7 52 93 25 92 57 81 11 100 78 83 14 15 90 18 23 8 43 72 4 89 5 10 64 82 61 28 16 99 79 68 20 44 85 36 96 65 12 87 19 58 33 86 63 49
52 85 91 60 36 93 41 9 42 51 33 55 50 30 26 0 96 8 83 7 99 28 13 86 80 72 78 63 12 29 40 100 16 24 95 89 75 57 11 34 54 27 45 53 67 62 4 90 48 66 87 46 94 84 39 98 92 17 20 25 44 82 73 61 31 81 10 79 2 74 76 97 88 35 56 19 22 3 15 49 21 68 59 38 6 37 5 69 14 47 58 43 64 77 23 70 65 71 32 18 1
11 1 76 69 16 62 24 57 70 19 58 56 29 97 48 82 9 55 87 3 32 63 23 34 5 45 18 25 77 88 41 44 22 71 28 54 2 38 49 60 52 99 17 10 68 89 21 46 94 59 98 7 93 14 85 96 40 81 84 30 26 64 4 80 15 83 65 6 39 67 72 53 91 61 37 20 92 35 36 33 13 73 78 100 75 42 8 66 74 50 12 95 0 27 90 51 79 43 47 31 86
15 53 62 19 27 84 64 30 97 49 89 18 72 2 11 57 69 8 14 40 90 5 95 80 20 92 6 99 17 16 85 43 93 98 96 1 75 81 37 58 100 66 34 63 45 0 78 28 54 52 50 60 51 39 65 68 32 76 44 61 83 82 31 35 41 9 73 94 86 24 48 38 91 55 70 87 7 4 25 21 3 88 59 79 42 67 12 23 13 47 26 36 46 33 56 29 22 10 74 77 71
22 80 11 5 61 36 46 90 39 45 92 56 88 66 4 28 52 15 41 50 59 47 30 58 97 37 13 2 35 55 79 63 71 16 98 7 17 42 18 85 1 89 68 64 0 87 21 33 93 31 51 14 48 8 57 76 67 82 40 77 72 34 78 94 65 19 83 43 54 20 86 24 6 25 29 69 96 9 10 75 26 73 53 49 99 81 44 74 12 95 70 38 100 84 27 60 3 32 23 91 62
4 40 33 89 100 73 34 97 21 18 90 63 42 57 51 53 46 37 60 39 67 1 12 28 85 91 13 43 88 44 5 69 58 27 25 29 56 32 80 98 49 72 92 76 22 16 14 78 17 50 2 70 24 15 84 68 52 30 3 94 71 59 8 95 41 65 99 0 77 11 87 10 31 47 48 62 36 81 83 23 54 74 20 79 93 61 86 38 26 66 35 45 9 19 82 6 75 7 96 55 64
6 68 80 23 37 88 63 30 25 86 94 54 29 15 3 0 64 99 90 13 18 5 21 11 82 19 44 72 16 46 52 51 77 87 55 69 97 48 34 75 2 70 27 100 66 92 65 12 36 57 81 47 4 35 14 98 41 96 17 22 28 58 79 53 31 93 33 89 42 83 95 91 84 8 40 76 62 73 7 39 85 71 78 50 45 59 1 26 61 32 49 10 38 56 67 60 20 9 43 24 74
32 46 93 27 79 17 30 24 7 89 43 57 87 83 10 48 76 22 26 20 98 81 65 67 34 42 41 90 47 5 61 52 56 31 92 13 94 11 29 6 4 74 40 62 9 54 63 77 36 85 71 37 45 99 58 66 23 2 25 0 55 73 59 69 28 19 35 53 70 78 86 14 38 68 33 21 60 75 16 82 95 96 50 3 44 49 100 91 18 80 8 51 97 88 64 15 39 84 1 12 72
77 15 38 55 88 8 30 41 51 93 86 4 14 44 100 25 66 39 16 80 95 72 71 65 94 85 97 98 49 13 17 7 91 53 48 90 46 6 63 35 26 68 62 9 50 69 64 22 2 59 19 60 47 27 56 43 96 29 99 82 74 92 33 1 52 24 45 31 61 11 58 42 0 75 73 12 18 87 3 89 21 79 57 5 70 78 67 10 54 81 83 40 76 28 36 37 23 34 32 84 20
42 71 87 88 48 47 68 33 73 13 14 83 40 1 51 80 86 37 49 67 98 2 0 36 78 57 94 23 39 34 11 62 46 17 61 29 72 8 27 84 81 59 16 64 66 10 96 4 41 91 45 82 93 70 19 21 65 85 9 15 5 20 18 89 25 58 90 79 56 75 24 30 43 74 63 100 31 6 55 52 77 28 97 54 26 92 22 35 3 44 7 99 69 12 60 38 53 76 50 95 32
91 88 45 6 20 11 10 74 19 67 17 49 43 38 9 96 92 12 75 100 14 79 46 76 50 3 33 4 66 59 71 61 21 80 22 31 81 90 2 94 48 69 93 97 54 41 30 86 0 95 73 85 16 56 1 40 87 15 27 42 25 64 99 65 18 60 98 24 77 47 62 28 37 7 36 52 82 68 55 26 51 35 83 89 32 39 29 8 5 84 57 44 58 23 13 78 70 53 63 72 34
58 26 24 77 51 53 16 6 40 31 45 93 73 89 52 56 32 65 61 86 66 2 95 5 11 72 85 64 44 21 99 49 62 59 46 9 1 76 10 50 67 63 33 82 81 20 83 18 87 91 80 70 19 78 90 30 13 55 23 79 75 14 34 98 36 12 25 35 38 15 37 97 88 17 68 43 7 71 69 74 29 84 48 60 96 22 42 28 57 27 39 41 54 3 94 8 47 0 4 100 92
47 51 87 81 89 79 18 14 13 23 29 76 93 49 31 35 90 73 33 64 20 2 98 96 0 56 36 3 75 17 27 30 78 44 25 70 92 69 26 71 62 24 11 52 68 63 94 39 59 28 95 8 7 58 91 85 10 55 46 9 43 66 86 72 67 21 40 83 61 100 50 4 32 97 82 53 19 45 77 38 34 60 57 48 65 80 16 37 42 1 41 6 15 88 5 99 74 12 22 54 84
31 11 81 13 10 29 14 60 39 88 91 36 63 71 99 9 18 8 25 66 65 95 6 45 92 56 51 35 59 96 0 97 85 38 55 48 72 73 83 90 28 57 75 12 42 44 79 64 50 22 70 43 2 21 4 76 52 20 80 32 58 47 61 74 77 68 87 67 16 37 34 15 5 24 41 27 3 93 62 23 78 100 53 98 46 94 26 82 89 86 30 49 84 19 69 54 17 33 40 7 1
85 30 20 9 81 12 0 87 4 65 31 59 8 5 93 1 94 91 95 88 34 72 86 32 60 24 78 26 23 16 55 66 21 6 68 54 96 51 64 97 74 89 17 29 98 3 84 56 13 45 43 73 75 7 46 19 27 53 50 58 10 100 44 69 80 67 71 90 36 42 62 33 49 11 15 40 41 25 18 92 70 63 99 76 38 52 22 39 2 61 35 14 83 37 47 28 77 82 48 79 57
85 20 44 31 66 81 95 41 100 4 87 82 77 70 58 21 50 25 9 64 98 19 5 36 14 94 7 75 23 16 34 89 72 46 45 68 24 15 65 11 62 43 86 71 38 91 76 97 92 90 0 80 84 2 48 51 88 33 74 57 26 59 28 42 69 96 60 3 37 32 39 13 27 53 18 63 49 93 67 10 17 54 47 61 55 12 78 1 83 73 8 6 35 79 99 52 40 22 30 56 29
63 88 94 87 83 41 64 59 82 39 81 60 50 69 37 38 71 34 61 54 14 93 51 12 80 11 36 13 44 30 20 53 1 8 28 2 95 75 90 9 27 89 47 7 46 76 78 74 57 55 40 33 21 70 25 16 99 45 92 6 26 22 52 58 17 0 77 98 43 73 49 67 84 65 35 72 18 68 91 86 42 79 3 97 62 32 15 5 96 19 100 31 23 24 85 56 10 48 29 4 66
81 1 11 76 20 48 9 60 22 86 92 55 64 61 65 44 88 93 15 50 8 63 45 51 57 58 54 26 21 3 19 59 10 73 2 23 36 25 62 90 24 83 78 70 87 5 16 74 18 99 56 100 32 12 84 95 96 68 7 53 77 72 35 91 33 30 43 94 13 31 75 79 40 29 52 17 97 4 27 14 69 34 89 39 28 37 38 6 49 80 42 67 71 85 66 47 98 41 46 82 0
42 47 52 85 41 95 33 92 45 58 76 99 44 91 97 100 0 60 37 70 24 68 72 74 14 86 49 84 31 34 4 90 67 13 53 11 82 30 10 65 18 3 88 66 77 20 21 98 59 81 19 71 8 50 43 93 89 80 51 6 28 94 96 16 26 40 25 78 54 9 61 69 46 38 63 55 35 83 79 32 75 73 5 1 23 87 56 39 27 22 36 12 48 29 7 64 17 2 15 62 57
68 69 92 70 60 16 42 78 23 19 90 22 21 24 8 96 20 14 38 46 12 57 37 74 9 54 10 52 26 40 73 72 48 93 4 67 95 5 47 34 80 99 7 44 35 63 64 13 82 31 97 83 65 55 49 28 87 81 51 45 89 50 53 15 25 77 3 1 62 86 32 18 58 71 11 41 91 6 29 39 59 75 100 27 61 36 0 43 84 17 2 94 79 56 33 66 98 88 85 30 76
74 77 68 98 84 69 16 48 36 63 64 100 85 82 88 51 0 6 53 10 49 95 28 13 5 8 47 50 25 7 70 32 15 78 23 62 56 92 21 11 75 57 66 39 90 71 79 9 34 33 80 35 29 44 37 14 24 93 27 94 60 18 65 45 76 87 52 86 26 59 61 4 19 12 22 81 30 73 96 91 89 42 20 54 72 40 55 2 43 1 17 67 38 58 31 3 99 97 46 41 83
57 39 44 71 25 0 55 29 48 63 38 7 1 83 69 67 50 56 79 45 98 9 68 73 97 58 12 65 43 10 75 28 80 47 33 59 53 41 3 51 2 78 89 37 23 70 87 4 24 32 52 86 91 88 6 61 62 13 46 21 99 26 40 49 93 16 18 5 22 76 64 11 42 36 96 27 74 66 60 82 30 34 54 31 81 14 94 20 19 77 92 72 100 17 84 15 95 85 90 35 8
97 0 48 29 88 83 63 43 94 47 57 3 45 100 28 42 19 78 71 34 50 18 31 11 64 95 68 26 60 85 12 65 70 98 27 69 37 6 51 40 13 21 72 59 84 22 30 44 4 67 1 24 20 56 62 23 53 81 7 14 25 36 89 2 73 17 52 82 79 9 58 80 33 46 15 66 55 10 16 87 76 49 38 91 74 86 39 93 99 35 61 75 54 90 32 77 5 96 92 8 41
26 62 56 46 51 71 48 84 52 93 5 29 12 16 82 61 60 38 94 8 73 76 24 33 83 87 74 17 58 64 69 55 54 34 11 35 3 27 15 90 40 37 72 95 78 44 89 88 53 86 80 45 63 19 7 67 28 65 70 91 50 49 0 36 59 14 79 41 42 43 22 4 97 9 92 30 68 21 25 13 10 20 6 66 85 18 75 39 1 31 98 47 100 2 32 99 23 77 96 57 81
78 27 61 94 86 44 57 6 82 22 97 49 95 50 96 15 53 12 69 51 80 47 11 66 63 13 10 20 89 21 67 14 16 54 72 81 37 42 0 92 83 28 43 90 79 74 70 55 75 73 100 88 26 99 33 87 93 52 41 1 68 18 4 7 85 9 29 5 59 23 46 17 38 32 45 19 34 2 64 25 31 39 56 58 35 77 40 71 62 91 60 24 65 3 36 76 48 8 84 30 98
4 59 47 48 41 50 27 35 78 11 5 37 70 79 24 72 45 20 6 91 1 66 77 75 61 9 83 65 58 3 7 86 49 85 34 97 30 51 93 62 74 67 8 14 63 10 71 100 33 56 39 25 16 90 60 64 29 82 31 17 32 84 43 36 89 98 21 42 22 40 2 80 94 23 12 92 68 57 13 15 73 46 38 52 54 76 88 81 69 19 44 18 95 26 28 87 53 96 55 0 99
30 32 4 99 67 28 68 63 17 24 39 45 52 53 8 22 44 1 76 96 34 12 5 85 58 0 100 66 48 80 77 50 29 83 62 36 41 18 43 2 89 7 55 57 33 92 87 11 31 97 95 47 10 51 84 35 70 9 26 21 90 91 59 74 73 71 61 98 88 3 16 69 15 14 60 93 79 42 38 25 40 20 27 75 78 86 49 13 81 19 23 72 94 46 65 54 64 6 56 82 37
74 27 9 69 53 15 21 0 76 47 36 41 96 23 83 50 62 24 58 4 56 2 22 51 34 85 86 64 60 81 6 57 3 82 90 17 89 93 99 55 11 28 5 35 61 26 29 7 46 49 68 97 77 80 44 37 45 100 42 40 13 73 75 78 48 54 33 65 10 18 19 67 52 91 14 98 92 72 88 94 79 87 31 32 70 25 95 8 66 1 59 71 63 39 38 30 12 43 84 20 16
87 30 41 1 64 85 97 78 18 91 49 38 47 75 89 37 63 12 11 13 6 71 16 24 7 61 51 3 28 66 62 53 44 88 52 57 83 2 58 8 81 22 59 36 50 42 60 48 72 93 14 86 25 67 54 39 35 74 92 95 4 23 76 26 31 40 99 68 100 9 65 80 33 55 0 19 27 29 69 79 15 5 10 20 98 46 32 96 45 84 56 34 17 90 43 77 70 21 73 94 82
78 66 0 69 12 99 61 74 83 54 57 59 91 29 47 58 2 73 93 85 16 92 10 82 39 100 43 27 41 94 18 97 88 31 55 7 38 30 90 65 34 98 72 51 52 40 13 75 44 53 84 80 62 14 28 4 3 6 8 96 5 24 48 23 87 63 89 56 9 21 81 95 26 71 68 79 32 35 20 60 33 77 15 1 49 25 17 19 45 22 11 76 42 67 70 86 37 50 64 36 46
23 67 14 33 8 12 58 88 91 90 50 15 52 100 24 77 62 55 5 63 54 30 0 78 37 92 36 57 76 32 48 94 4 38 81 17 29 44 25 20 65 11 26 99 19 53 85 39 75 96 72 41 35 80 61 95 71 83 86 7 60 1 84 68 43 74 9 79 73 82 13 6 47 69 64 16 40 59 18 10 3 49 70 87 98 27 21 66 93 2 28 56 22 89 45 97 51 31 42 46 34
77 23 80 34 44 25 81 61 10 4 12 36 21 43 41 83 70 82 92 8 14 20 50 62 11 86 58 15 53 90 16 84 13 76 52 1 57 85 22 27 99 46 38 17 45 40 19 100 54 3 74 33 93 95 73 35 39 97 7 49 56 66 72 51 65 0 67 64 68 28 6 42 89 26 87 30 91 29 79 75 55 24 18 59 37 78 71 47 60 48 98 69 96 88 94 32 9 31 2 63 5
19 100 44 46 61 84 31 43 65 25 99 93 13 4 67 24 6 64 94 38 68 71 97 81 76 48 55 58 63 85 73 20 26 28 40 50 89 92 57 90 69 42 2 18 11 56 60 16 15 23 78 54 37 17 62 70 5 34 83 87 45 59 1 30 47 98 82 22 74 80 14 35 41 95 33 27 36 29 51 7 12 79 91 39 3 96 72 66 86 9 49 53 0 77 21 52 8 75 10 32 88
90 17 32 31 100 16 79 30 91 52 56 65 35 73 29 83 92 81 33 60 27 13 36 84 18 59 8 5 67 87 96 61 98 74 11 0 75 3 20 15 38 26 25 10 54 44 43 48 71 4 66 94 82 49 68 97 51 34 19 58 7 46 23 39 53 78 50 86 77 85 40 70 9 80 41 55 24 21 28 62 88 95 37 22 6 14 42 89 69 93 57 1 76 99 45 63 72 47 12 64 2
83 65 19 22 81 93 7 66 9 34 99 91 96 95 32 3 17 62 64 61 46 36 39 98 15 31 33 8 57 56 23 100 0 18 41 79 92 14 40 54 45 87 26 80 43 82 94 6 16 1 48 27 21 52 88 2 38 10 53 35 44 68 89 75 69 78 74 70 55 13 60 72 4 5 84 42 24 97 49 67 76 90 85 20 37 86 63 30 50 12 58 25 71 59 47 29 77 28 11 73 51
73 74 93 38 99 36 78 91 43 21 29 37 97 60 24 33 15 48 3 54 98 85 55 67 46 0 80 6 57 75 63 10 35 13 7 69 8 96 41 50 58 68 11 76 47 71 87 100 17 12 28 40 5 49 83 92 1 22 14 64 42 9 53 52 20 23 27 59 89 82 66 34 26 39 90 25 84 31 86 18 94 61 62 16 81 44 65 77 79 56 72 4 19 32 70 45 51 2 95 30 88
75 90 96 79 72 78 98 5 55 21 41 8 44 54 59 74 3 71 76 6 43 53 84 60 47 28 17 73 34 67 52 56 97 33 45 81 88 27 89 37 42 9 16 32 46 61 64 0 51 70 39 86 35 87 92 4 1 40 85 25 10 99 15 69 19 57 49 2 93 66 24 30 82 18 48 22 36 80 58 23 65 13 95 12 11 29 63 100 50 38 68 62 31 77 94 20 7 83 14 91 26
77 46 73 50 41 33 71 47 19 8 79 21 80 78 86 98 96 14 0 38 82 52 51 23 32 10 60 42 20 34 29 17 59 99 94 75 35 11 22 53 25 13 18 31 57 97 88 7 44 87 15 69 28 63 67 36 100 4 3 64 95 84 58 89 9 74 93 39 66 24 12 85 37 48 2 55 70 91 65 56 61 16 90 72 40 54 6 1 81 49 76 30 27 45 83 5 26 92 43 68 62
37 20 31 29 1 78 3 47 6 97 69 84 40 94 12 19 93 46 18 38 68 48 32 35 30 61 49 21 65 55 67 25 41 74 86 88 33 27 89 87 24 75 28 83 80 92 2 77 26 34 64 56 62 5 53 13 60 9 7 57 58 15 59 96 39 82 16 42 4 73 45 72 43 23 95 70 54 99 44 66 63 100 71 81 14 11 79 50 91 8 36 52 90 22 0 98 17 85 76 51 10
73 37 2 79 85 53 50 14 5 33 67 88 97 59 41 10 57 89 62 87 81 30 86 98 12 93 32 11 21 45 80 35 84 54 99 23 42 31 13 7 29 0 17 40 26 18 16 52 55 22 4 82 8 39 69 48 76 20 46 91 78 75 65 95 1 90 34 61 96 3 24 77 6 92 58 100 43 64 70 38 9 25 49 71 56 19 27 66 94 51 47 83 74 63 36 60 28 15 72 44 68
83 50 49 51 59 32 82 18 10 76 3 23 12 11 45 72 15 30 79 69 52 5 62 27 6 20 64 100 40 78 73 67 84 88 81 44 47 48 31 92 16 95 39 61 57 63 8 99 34 60 25 87 28 71 97 77 4 29 17 46 21 89 90 43 24 2 68 75 58 42 19 35 66 33 7 53 85 96 13 54 55 86 36 41 65 14 38 26 91 56 22 37 74 80 98 94 1 70 93 0 9
19 64 2 77 34 24 97 60 11 43 82 20 7 71 95 36 62 4 89 91 10 90 28 53 31 98 17 59 63 69 83 1 88 94 30 93 25 22 27 65 57 51 49 8 61 78 80 72 13 52 37 79 9 67 32 46 81 68 58 84 23 55 44 45 33 75 50 41 6 99 0 18 35 38 21 12 5 96 39 26 14 74 85 66 100 42 54 29 47 16 86 76 15 40 70 73 48 3 56 92 87
83 97 57 10 26 85 84 38 14 90 69 70 3 39 88 0 11 23 15 30 62 32 87 37 61 12 92 89 5 35 47 46 28 95 66 78 6 42 67 22 44 79 99 93 58 49 52 4 36 18 41 53 29 60 48 100 64 25 75 1 91 80 77 13 43 21 55 65 19 63 7 27 50 73 96 2 86 33 68 40 54 59 20 82 8 76 51 81 98 74 71 56 72 45 9 17 31 94 16 24 34
42 74 36 76 9 37 75 30 62 84 34 67 66 14 28 57 26 91 82 72 39 6 16 94 90 93 47 83 20 24 15 92 58 53 71 31 8 97 4 23 99 1 27 89 40 73 88 41 64 7 25 50 10 56 87 46 100 59 33 32 12 70 61 68 63 44 11 35 51 95 45 21 69 18 2 96 80 79 17 29 5 55 60 48 65 81 54 49 38 19 13 22 0 3 98 85 77 52 78 86 43
9 18 10 22 33 24 93 21 82 66 44 84 8 89 99 32 14 76 62 16 72 63 57 26 55 90 1 71 64 58 5 12 52 7 43 38 83 56 25 98 13 94 96 47 75 45 78 69 6 15 50 37 81 85 79 46 42 95 3 54 2 49 48 41 29 65 19 30 27 68 77 11 4 36 35 28 39 80 100 97 20 23 31 88 67 34 86 51 70 0 59 17 61 40 53 74 73 92 91 60 87
66 72 71 16 39 78 53 81 13 33 29 12 49 30 45 90 96 9 25 11 89 69 23 59 62 20 77 70 63 38 64 88 61 58 50 98 1 97 55 43 2 73 60 95 6 36 51 37 4 17 18 74 3 48 93 54 56 100 80 8 34 86 85 28 83 21 42 15 7 92 57 99 82 35 44 24 10 19 84 67 22 94 5 47 79 75 31 68 41 40 32 76 0 46 26 87 27 65 14 91 52
4 12 90 77 99 7 2 0 52 19 95 8 40 32 15 53 38 5 97 6 63 3 44 35 68 69 58 98 29 79 18 55 1 24 33 16 65 20 92 88 28 94 27 50 48 93 23 89 59 13 25 87 62 64 74 21 91 11 86 45 47 70 26 9 84 73 76 49 96 71 56 80 57 82 51 78 81 37 14 36 17 61 31 100 22 75 39 42 10 67 34 43 72 54 30 66 85 60 46 41 83
0 34 93 11 42 6 53 65 13 78 17 91 39 1 88 85 36 99 43 87 71 95 27 57 26 81 55 80 21 70 94 25 29 61 7 30 98 45 72 86 49 51 4 59 28 83 56 9 22 73 40 97 2 84 79 12 67 68 92 19 10 46 48 32 54 69 64 75 82 41 63 44 100 89 3 16 14 31 18 37 24 33 35 66 15 77 23 38 58 20 96 8 74 60 90 50 76 52 47 62 5
7 26 87 43 88 25 61 46 83 40 16 48 59 6 69 60 100 70 73 97 57 79 67 44 11 15 63 98 33 31 9 51 5 91 76 47 55 72 81 22 85 53 28 82 2 65 62 95 80 89 68 4 50 8 78 42 56 14 66 64 90 54 94 92 17 12 96 39 13 71 58 3 74 10 99 18 21 19 86 41 32 49 35 37 24 75 38 77 52 84 20 0 29 36 30 93 27 23 1 34 45
96 97 75 14 28 83 54 1 76 68 98 15 0 100 29 56 92 89 33 2 43 5 87 94 67 62 60 66 38 9 12 4 91 7 57 40 45 50 34 59 73 22 31 80 82 58 69 18 84 20 78 6 77 63 47 93 79 70 8 10 71 99 26 51 49 52 88 72 21 13 30 95 35 86 17 16 24 61 39 27 32 42 41 81 74 37 90 3 23 36 25 44 64 46 65 11 85 55 48 53 19
5 80 62 100 64 63 71 93 25 69 13 94 87 95 6 78 56 47 79 90 49 58 41 21 2 46 44 98 43 32 76 61 3 18 89 68 67 99 0 16 85 84 37 8 26 86 50 10 30 65 28 7 82 24 19 15 34 35 42 31 33 22 40 29 9 54 53 57 38 92 20 59 88 83 4 70 27 74 45 55 60 17 72 97 14 66 11 77 12 81 23 51 48 52 39 73 96 36 75 91 1
9 88 57 23 89 26 78 14 33 38 79 91 95 48 94 69 82 43 96 40 70 58 45 12 62 46 29 17 4 25 53 81 92 15 30 63 47 44 60 73 51 83 42 31 61 59 7 97 3 28 10 85 5 77 32 0 1 55 72 6 84 35 56 87 98 100 74 41 80 2 34 66 71 22 11 37 8 36 27 86 19 99 65 24 64 18 54 76 93 39 13 50 21 75 52 20 68 16 67 90 49
88 25 56 14 32 59 100 3 16 65 33 89 78 68 67 40 81 73 1 92 69 96 17 53 9 30 90 48 99 70 79 12 86 31 74 84 43 2 10 94 7 76 45 58 62 28 41 51 35 75 87 49 24 39 5 55 22 34 11 29 85 52 60 4 47 37 38 93 82 71 54 64 80 23 57 15 21 72 63 98 26 36 97 95 66 91 50 19 44 77 61 27 20 8 13 83 46 6 0 42 18
58 73 57 38 72 84 43 66 83 13 25 45 30 100 41 11 17 16 52 96 91 49 23 60 94 78 50 99 9 67 39 21 28 97 68 34 85 20 47 0 61 26 35 69 32 93 70 64 40 88 56 7 27 1 5 98 90 51 54 44 46 6 80 31 79 62 77 74 10 2 81 87 86 36 14 95 59 8 37 33 76 12 24 22 89 19 71 29 55 42 15 75 53 18 48 3 92 82 4 63 65
48 38 47 58 89 100 45 62 68 61 12 83 33 86 87 29 70 24 14 13 44 56 57 19 91 52 80 97 54 82 31 46 40 28 93 16 69 3 2 98 60 66 75 74 1 94 41 92 34 88 22 53 42 20 71 0 65 77 81 17 90 8 43 4 37 32 9 96 76 55 21 73 50 23 59 10 64 79 85 49 26 39 6 15 63 51 18 67 7 99 78 25 84 35 5 30 95 11 72 27 36
34 5 9 70 77 44 3 39 27 93 98 100 17 37 96 11 24 13 18 63 10 65 25 67 16 14 64 32 53 50 85 31 82 97 78 0 45 48 21 89 56 76 58 73 54 74 46 99 79 33 90 42 57 43 22 38 30 51 26 40 20 23 68 75 19 60 2 1 28 83 7 36 52 49 95 91 8 92 41 71 94 55 29 59 72 35 4 84 15 12 69 47 86 66 81 61 87 62 88 6 80
91 41 20 82 78 24 47 83 2 84 16 17 36 53 25 76 88 50 29 79 59 40 3 68 22 56 8 86 34 5 45 71 43 9 89 57 0 100 38 11 30 58 6 14 62 70 28 13 69 7 27 46 19 60 55 74 77 39 99 75 21 63 26 85 31 67 15 95 33 81 49 12 35 96 94 44 37 4 32 93 23 98 42 80 65 52 18 97 66 72 54 48 61 10 73 64 87 1 90 92 51
73 41 98 66 35 14 84 20 81 29 51 82 60 21 39 69 63 38 83 89 79 42 68 49 37 5 70 10 48 6 75 100 30 7 62 18 36 33 26 19 54 94 15 16 90 92 40 88 64 22 96 0 24 12 25 1 95 78 61 80 23 59 4 85 74 55 91 77 86 28 67 17 57 52 8 9 27 93 11 56 50 47 31 2 32 34 43 53 99 46 72 3 87 44 65 58 76 97 13 71 45
66 7 15 49 81 40 62 44 43 100 91 67 64 5 0 99 38 41 32 26 27 25 39 8 85 89 74 56 34 23 11 19 13 59 57 45 58 33 47 82 72 30 84 83 55 35 78 9 21 93 24 12 63 22 17 60 68 87 50 14 1 98 20 54 79 65 90 46 53 28 73 18 75 61 70 6 16 76 2 42 52 88 36 29 31 48 94 77 4 51 69 86 37 95 97 92 96 71 10 80 3
91 61 83 93 13 47 14 6 57 0 36 77 46 42 50 3 25 86 84 52 76 4 100 98 73 74 55 21 27 15 29 31 49 97 16 44 11 71 79 90 82 33 63 37 26 66 19 72 10 64 7 92 23 78 85 22 39 80 5 70 43 45 34 99 58 24 54 1 96 68 88 9 32 75 35 89 28 17 51 48 69 94 38 62 95 40 56 59 18 60 12 67 8 81 65 87 20 2 30 53 41
42 46 98 61 33 68 12 85 65 2 40 14 72 28 69 44 23 7 91 94 41 95 15 88 54 21 16 59 86 19 70 1 64 93 43 9 66 92 22 35 55 25 58 39 62 10 45 48 26 57 83 87 78 79 11 17 20 31 6 36 67 53 3 60 49 27 63 80 13 18 75 52 37 51 97 100 89 47 74 96 56 82 77 73 24 90 0 5 99 30 84 81 4 29 38 76 34 8 71 32 50
13 1 69 67 12 32 91 17 64 43 14 48 65 100 93 99 24 50 9 58 15 36 59 95 46 56 62 96 57 21 26 81 42 25 77 31 20 92 5 70 45 85 4 28 87 86 19 0 72 79 94 8 84 2 88 75 54 98 47 23 37 33 61 60 63 80 34 83 52 11 55 71 38 29 51 22 6 89 66 7 41 53 74 82 44 73 39 27 49 35 40 90 18 10 78 30 16 97 68 3 76
73 70 6 37 52 4 32 59 39 60 5 35 93 1 9 90 62 64 27 80 75 33 22 48 21 26 30 19 41 89 47 87 18 14 98 76 92 86 97 53 79 77 34 16 54 51 45 8 74 36 99 46 71 3 11 28 61 67 94 69 42 29 68 78 100 95 55 24 58 40 44 96 49 83 91 88 57 85 7 17 38 25 10 43 0 84 81 56 20 82 31 15 63 2 66 12 50 13 23 65 72
98 16 90 77 25 64 27 0 15 57 80 33 83 36 11 14 12 93 31 3 96 91 21 59 79 54 20 70 74 8 56 68 22 37 26 39 10 85 17 92 62 29 75 18 7 78 89 58 51 87 49 86 43 53 13 44 73 38 69 30 66 99 65 94 88 100 82 9 6 52 50 76 71 23 45 46 95 67 61 5 55 2 1 81 32 41 72 4 42 19 28 47 24 84 63 97 35 40 34 60 48
49 9 31 19 1 30 86 61 41 68 57 81 47 6 97 71 83 80 48 42 45 79 63 59 87 16 92 78 50 21 15 88 75 99 26 14 64 74 3 95 44 5 93 82 25 18 96 100 90 91 27 55 12 94 40 38 66 8 34 2 65 33 85 37 56 69 58 43 89 51 62 35 36 73 23 84 10 24 11 76 20 22 13 17 4 32 98 39 67 52 46 60 28 0 77 72 29 53 7 70 54
22 49 57 69 18 80 25 68 33 79 71 89 99 34 67 16 3 55 38 47 4 54 78 87 41 43 82 90 75 52 63 66 7 64 35 91 39 11 44 94 96 36 88 86 92 15 76 46 14 50 59 42 26 17 12 72 32 21 40 56 1 53 0 84 27 85 81 73 20 51 70 74 65 6 97 13 93 98 24 8 2 58 28 48 5 62 83 37 77 100 23 61 19 29 9 45 95 31 60 30 10
52 38 75 31 53 67 7 46 42 77 39 88 24 90 29 80 12 71 76 95 45 94 61 58 65 26 44 83 43 85 34 59 37 20 14 9 73 87 35 10 2 40 25 81 51 98 49 55 6 62 11 91 79 63 68 36 15 3 21 8 99 18 54 33 19 28 27 50 70 86 5 84 22 41 93 100 92 82 64 13 60 0 48 17 23 1 96 47 97 78 74 16 72 30 4 32 56 66 57 89 69
88 8 7 63 67 24 34 77 37 0 17 52 61 99 86 97 26 21 58 71 60 20 87 70 32 75 48 73 27 31 59 18 40 65 25 50 45 4 38 100 96 94 47 84 81 93 1 98 78 42 41 15 79 13 6 57 51 80 55 53 23 5 64 33 83 22 91 49 2 66 30 62 28 35 90 92 85 76 19 9 14 39 43 10 89 82 95 29 36 72 3 74 56 68 11 69 54 46 12 16 44
93 11 91 7 47 54 92 52 35 89 20 60 3 67 63 31 5 28 21 100 80 12 40 95 66 1 69 48 42 57 87 74 33 9 16 78 26 70 88 75 22 50 41 68 79 62 99 81 83 94 30 53 85 72 32 37 49 25 23 43 65 6 61 55 45 14 56 59 15 29 4 58 71 36 24 98 64 76 44 0 82 2 39 38 51 46 8 34 10 84 19 96 90 13 73 86 17 18 77 27 97
41 48 54 69 91 29 86 62 24 89 23 78 58 4 8 61 95 25 74 46 51 53 27 68 81 21 32 1 10 14 63 50 85 83 39 66 38 87 96 6 35 33 17 2 3 43 64 94 15 44 70 92 31 67 19 98 75 97 71 37 13 34 93 59 28 57 60 52 72 7 99 49 22 88 65 55 18 82 0 90 9 45 77 42 47 79 100 56 20 11 80 84 73 12 30 26 40 16 36 76 5
10 76 57 87 37 58 32 56 26 86 27 80 12 71 35 68 18 100 89 95 24 92 38 25 91 15 49 64 40 23 2 59 36 34 84 65 97 29 4 83 46 66 39 0 93 31 60 3 69 70 8 41 90 75 42 98 67 79 55 85 94 99 78 96 1 9 47 33 88 62 73 17 74 28 30 6 50 5 11 52 53 77 54 13 14 16 72 22 43 20 45 82 7 63 81 44 21 48 61 51 19
41 65 69 50 60 1 89 40 25 18 4 70 52 76 21 53 51 81 10 78 47 85 31 67 98 3 93 100 56 6 79 87 99 30 96 63 97 0 11 26 45 68 27 71 46 9 19 43 80 17 20 59 73 36 7 39 24 22 32 55 95 62 44 84 90 92 12 8 34 72 16 74 33 42 28 14 88 57 58 82 77 91 61 37 2 83 15 35 23 38 75 66 54 64 86 94 48 49 29 13 5
9 55 88 44 65 73 79 4 32 74 93 90 15 78 69 50 82 17 87 7 62 26 3 71 21 38 1 61 95 77 24 45 92 27 30 59 85 42 33 35 36 0 96 8 84 94 52 37 28 19 91 20 99 13 14 81 11 51 98 41 29 22 80 12 83 60 75 6 46 66 23 16 48 63 56 68 67 39 47 34 25 2 49 97 10 76 70 40 43 31 100 53 86 18 57 5 64 89 54 58 72
58 97 13 86 45 31 41 36 22 89 24 79 18 83 67 8 93 80 63 72 49 20 77 25 68 46 62 55 75 78 56 30 74 35 29 64 9 99 47 73 48 87 14 33 12 95 3 90 5 27 66 88 38 61 94 23 59 85 65 53 51 91 26 96 100 40 32 81 0 37 2 34 92 1 57 17 60 19 69 44 4 28 7 11 10 52 82 39 54 98 76 21 84 70 42 71 43 16 50 15 6
100 49 10 72 23 42 6 66 86 44 41 76 57 97 2 30 25 8 87 74 22 27 84 70 58 14 96 98 28 4 12 20 61 68 35 89 40 46 32 29 85 80 52 88 45 77 53 55 75 50 9 59 38 51 63 47 69 67 99 0 16 31 13 24 81 90 62 3 78 93 65 83 37 17 54 7 92 79 60 71 19 36 1 95 11 64 48 34 33 43 39 26 21 82 91 15 73 5 56 18 94
89 22 9 36 3 83 18 26 66 82 62 64 63 88 44 45 13 41 77 11 20 4 91 95 24 55 48 21 93 8 35 60 51 92 12 73 27 43 65 6 74 42 85 52 50 33 32 40 19 49 76 96 5 37 2 46 54 31 47 34 79 16 10 84 67 25 71 87 59 30 80 17 75 56 1 86 97 61 81 38 53 15 29 57 78 94 68 100 39 90 69 70 72 7 98 14 23 0 99 58 28
56 8 59 6 30 24 27 96 61 13 94 34 29 58 44 53 87 100 85 2 60 0 7 75 43 38 42 16 74 52 55 90 26 78 93 47 91 9 19 62 76 23 98 69 54 67 72 5 21 28 50 97 57 81 14 88 15 12 31 3 32 84 95 66 35 68 77 73 45 40 51 4 22 71 49 65 25 80 79 11 63 17 70 82 64 46 83 10 1 86 33 20 39 89 99 18 41 48 92 37 36
13 1 35 53 89 40 95 18 11 9 10 8 67 38 0 54 81 68 77 58 26 88 39 22 28 86 30 32 7 42 87 70 37 66 50 91 82 23 61 93 43 36 29 60 5 45 75 16 14 31 73 21 2 97 46 94 27 15 64 90 19 69 52 98 59 62 92 84 100 17 65 25 3 79 56 57 71 78 24 44 72 85 49 80 74 63 99 47 55 12 20 34 4 6 96 76 83 33 41 48 51
19 93 70 38 18 9 89 59 36 37 4 27 95 35 81 44 80 21 31 14 74 42 83 67 2 40 60 90 29 68 15 1 85 24 34 53 12 92 11 6 75 94 66 62 46 39 33 82 10 58 78 7 65 91 5 72 50 71 84 56 30 57 0 99 100 77 51 86 3 25 69 88 20 47 64 48 87 32 98 54 61 96 13 49 22 16 45 8 79 73 41 76 43 63 17 26 28 52 97 23 55
84 83 66 93 88 43 67 65 77 4 35 63 24 73 10 89 0 80 17 62 90 54 59 99 16 70 6 72 94 69 23 36 40 74 11 47 92 45 91 64 8 86 44 60 71 37 5 51 30 81 82 79 95 1 57 53 85 41 34 18 68 14 52 2 38 32 61 22 46 96 33 48 39 19 56 100 29 42 75 27 15 9 98 28 13 87 55 58 7 78 20 12 21 50 49 25 31 97 3 26 76
27 98 99 8 66 82 19 39 89 86 37 97 53 5 28 83 30 95 75 40 1 74 71 35 88 60 61 80 10 21 78 58 42 13 18 92 9 68 2 73 0 6 46 11 59 15 70 93 41 55 84 90 17 3 63 49 33 52 87 31 81 32 79 20 77 96 45 48 72 62 91 43 14 4 94 16 85 23 26 12 65 54 51 57 47 67 44 29 38 7 34 76 50 24 56 36 69 22 25 100 64
28 24 52 29 86 56 37 45 42 87 57 65 23 99 4 79 98 46 84 91 17 90 43 68 3 12 16 67 72 7 70 63 1 88 75 21 54 49 20 76 80 6 96 47 82 31 2 25 18 95 77 35 73 11 15 51 89 94 26 0 32 85 69 8 61 9 34 27 13 53 41 10 66 71 64 93 38 36 39 22 40 19 48 97 14 58 78 59 5 30 81 83 62 100 74 50 33 92 44 60 55
87 25 22 38 52 4 62 66 16 32 37 86 74 53 43 49 57 93 82 15 76 56 45 97 80 89 47 59 41 81 85 40 0 67 73 14 79 3 8 30 10 5 39 90 34 2 48 18 50 92 24 1 99 19 94 91 63 95 6 54 98 12 7 72 33 26 84 51 9 31 78 36 96 55 83 58 68 71 27 13 64 75 17 35 61 69 23 20 88 28 42 29 65 44 77 46 70 11 21 60 100
21 35 59 23 42 41 9 36 4 85 88 15 74 16 65 52 78 73 64 30 51 98 31 10 19 58 43 75 6 67 1 14 86 69 66 84 13 60 87 81 57 50 54 45 7 8 44 38 40 63 91 17 49 37 33 55 72 83 27 47 56 61 12 32 62 34 82 89 53 94 96 39 76 11 90 0 29 3 99 95 46 68 71 100 70 48 77 22 24 26 20 2 25 92 28 80 18 5 93 79 97
87 54 5 21 28 56 12 81 2 7 13 89 80 26 75 93 20 3 0 15 8 46 85 60 9 96 44 32 66 14 18 23 1 4 71 11 65 97 40 88 69 31 41 77 84 22 30 50 90 38 58 51 59 91 24 25 19 35 43 72 49 53 16 82 68 36 76 10 63 52 29 67 98 64 62 27 48 92 55 33 37 47 57 74 99 39 34 78 100 70 42 45 94 61 95 6 83 73 17 79 86
22 98 97 38 61 85 74 2 9 84 63 58 66 53 25 14 27 6 62 42 26 35 31 64 57 7 89 12 24 76 82 95 56 19 54 17 5 94 3 20 78 86 77 55 41 40 81 47 11 59 29 100 45 10 96 30 0 33 75 60 71 67 13 79 49 93 37 32 80 18 50 39 91 68 23 73 28 87 46 69 70 83 99 90 15 43 36 16 92 65 72 1 51 21 88 52 44 4 34 48 8
99 9 34 13 33 69 29 91 17 14 62 46 87 75 94 70 55 57 5 47 80 56 19 45 38 82 72 48 85 8 44 60 64 6 93 97 90 89 26 74 54 40 16 7 86 25 100 81 58 20 10 3 4 79 92 39 28 95 61 43 22 53 35 36 18 21 41 2 24 0 66 37 83 23 32 59 31 15 71 52 63 98 68 49 27 76 78 50 88 65 30 11 51 67 96 1 84 73 12 77 42
83 67 95 86 8 39 77 66 81 48 56 4 26 36 72 20 71 11 25 9 99 46 1 13 54 75 21 87 49 5 100 73 14 96 43 89 23 34 29 90 84 94 44 69 37 45 53 22 27 16 76 57 17 41 3 88 2 18 91 28 6 15 42 47 93 68 58 59 19 35 51 50 38 80 92 62 60 0 40 70 7 78 31 85 74 79 63 64 65 82 12 24 32 10 98 55 33 52 97 30 61
34 16 94 9 2 84 71 79 48 13 46 99 80 21 54 97 36 43 49 60 76 45 56 10 69 100 62 63 65 29 38 86 78 88 58 22 11 24 83 51 47 6 28 64 93 27 3 37 14 42 74 53 77 96 23 68 7 8 30 95 41 26 17 70 85 19 25 55 73 5 75 31 15 40 57 72 44 89 92 20 52 33 1 39 66 18 91 4 81 12 59 87 50 32 98 82 61 67 0 35 90
