2 -78 -19 3 -23 89 5 17 -38 -3
92 31 53 -42 -82 30 -76 -15 -31 -13
42 -5 24 67 74 42 -61 0 -37 -70
-89 -57 -96 17 -54 85 4 -58 24 -75
-89 79 79 7 47 81 -60 -98 33 4
0 -1 -52 2 -67 -62 94 -96 72 -33
-38 89 34 -19 25 -44 -47 90 20 -68
58 54 -55 -96 30 -54 11 71 67 -61
66 -6 -11 94 67 -52 10 55 75 -91
28 85 -83 -64 64 -9 -24 -48 -91 -52
-16 -75 -67 -61 -72 53 85 59 -72 42
2 -46 11 -13 25 -82 -52 14 34 -3
-84 63 -5 80 22 14 59 52 -32 -52
74 35 56 33 97 -46 82 -23 97 -75
-14 -12 -67 -73 60 73 30 -22 -63 0
32 49 -23 38 26 -6 -86 85 34 -60
-90 11 -34 -2 -81 -14 -92 -61 53 -27
-46 -91 87 38 77 77 38 18 -22 8
-86 30 25 47 73 15 15 91 -51 -10
67 53 -12 -25 -87 67 32 -92 89 -48
-38 60 -31 -81 -72 -35 91 -92 71 77
43 93 -94 -28 21 -19 -95 -84 56 -64
97 -84 68 -81 -72 -43 -1 -36 45 -18
46 -55 41 -52 71 33 29 25 -4 71
25 72 15 0 -43 -70 -65 -30 77 66
-61 17 0 54 50 -3 50 34 -98 1
-13 4 -53 84 56 -30 0 8 -42 21
-73 57 49 80 72 18 -96 3 24 -65
43 -89 -88 -50 -99 89 -89 -9 -51 -8
-8 82 69 40 39 -44 66 78 -3 -90
46 90 72 79 -99 -40 14 -67 47 -66
-78 -80 11 -95 -30 39 -91 -12 -95 -16
83 18 81 -28 96 -78 51 26 90 -11
81 20 -21 -47 -55 -63 21 -5 -76 -38
21 44 -49 -86 -15 -49 25 2 98 -11
61 45 -67 47 -69 34 29 -62 -22 -26
93 -13 -1 35 84 -16 75 -13 67 85
34 -14 59 75 -93 33 69 -2 -81 85
-22 39 -57 -41 85 18 -78 -14 -20 -16
-74 -49 27 -76 -81 67 -66 -13 38 -69
-25 70 -71 -40 66 63 97 68 30 85
-63 41 -40 -46 93 26 -37 -22 66 49
-8 3 43 -47 3 76 -28 68 -79 -18
63 19 -79 70 65 66 53 43 75 5
-84 37 87 0 76 -17 -63 -41 4 11
-35 -45 -10 -79 -97 -44 -20 -50 73 -68
78 -28 15 -52 -38 50 -75 -88 20 -73
-74 88 -57 99 56 53 9 49 46 -67
-13 -1 66 -24 -24 -32 -68 1 1 -53
22 31 33 -29 43 22 -56 -81 -63 24
43 9 -99 -90 78 98 63 4 10 50
62 23 -39 2 88 -35 18 72 -80 94
-59 -43 -89 -54 47 54 92 90 30 10
-87 66 -49 -11 -24 15 -2 -54 -75 -61
-21 70 34 20 35 85 -13 0 -10 -7
69 -62 -47 62 -96 -7 51 52 72 -93
-19 -32 -53 42 -23 -32 -59 -1 -4 89
-74 -2 3 -63 13 -45 23 66 -96 42
-13 69 91 29 -53 -40 -91 47 42 11
65 56 -45 0 -47 -49 49 36 77 50
6 64 -66 70 -38 -19 -27 49 18 54
-36 -3 9 -60 26 -73 6 -7 -86 -84
-79 82 -17 -12 29 26 0 -23 -50 -7
-26 -2 17 80 67 54 -52 63 46 -80
-56 -77 -92 -98 14 3 44 35 -59 -23
-66 -84 -38 -4 -97 56 -32 45 -47 5
-78 -66 -19 36 -30 44 -80 -23 -24 22
29 30 -76 29 -82 -17 -59 92 32 53
47 21 -42 -26 -68 9 -75 86 57 73
82 -94 81 83 -68 -38 -36 96 -52 -42
-7 13 29 -94 28 46 -44 98 10 3
-25 0 -24 30 27 -52 0 -49 85 -27
29 3 -26 -22 59 8 22 40 58 -61
-30 10 79 68 -75 -83 -95 -31 -83 64
31 70 31 -53 48 65 82 8 45 -12
70 19 42 -95 0 -23 -30 5 -87 -91
-59 33 69 83 18 -64 -49 10 55 43
-87 79 -52 77 92 49 29 -52 -66 -32
-43 3 -98 9 -90 -34 -48 -31 -52 -19
-95 -46 33 42 66 -9 81 83 -47 51
-11 97 75 -99 51 16 -64 48 -23 -19
-72 -1 -62 -53 60 -21 -76 2 -68 11
-62 55 -91 -87 61 14 80 77 -96 -20
58 63 29 -15 11 89 30 94 26 8
69 -43 -80 45 -52 -47 -30 39 62 -1
92 13 -20 84 -91 -96 72 16 31 -84
26 39 -4 60 -71 80 -42 -3 -51 -58
-64 -53 98 97 -6 -12 -21 50 12 -28
-21 -58 64 -3 -3 -2 -65 70 11 87
41 -17 62 95 -49 -28 82 -66 -93 44
-39 -92 59 5 -71 -19 77 -95 -49 -71
-22 67 72 -3 51 -61 65 -11 20 -37
61 -39 7 11 68 1 9 -74 96 -68
77 9 -74 -76 32 -30 46 -76 -15 23
-28 -57 4 35 48 72 -55 36 21 -6
83 -10 -90 -96 -36 -12 -40 50 17 -29
-74 -86 -22 -33 -80 36 -58 -23 41 60
85 -43 81 -3 -37 -12 87 -92 64 65
-96 66 -81 -16 81 35 32 99 -2 97
20 -48 -67 -55 -70 -99 -85 -94 -70 17
