88 40 -96 21 47 85 -1 29 53 28
-93 -98 10 95 -14 -1 -43 -4 60 -98
81 -51 -43 73 77 -15 43 37 -24 15
92 79 -74 21 -91 -53 -38 0 84 -77
-12 85 11 28 -72 -39 52 -86 13 -76
34 16 -39 3 60 -83 37 45 -27 -65
43 55 71 -1 40 -1 -22 16 -78 -14
84 27 -95 77 12 81 16 -58 40 -15
59 81 21 -68 6 -93 -14 -75 -89 -90
-29 19 -81 76 -54 14 57 48 95 -15
-51 -30 59 -27 -2 80 67 87 -91 -88
-76 18 -27 40 97 -40 -74 97 -62 29
12 5 -42 -34 66 -95 -81 27 -63 65
-4 -83 -67 -87 57 -3 -16 -98 17 -26
-21 -65 5 67 39 34 39 92 46 73
-50 62 84 45 -10 -56 -17 10 60 -71
85 -17 -78 83 -26 93 36 -56 56 -36
26 -72 -58 49 90 -44 -85 63 87 74
-94 -90 -29 -3 -38 58 -28 81 66 -63
-80 76 -97 -1 63 74 -75 73 -17 -73
-22 62 80 18 19 81 -49 16 -55 -49
68 58 10 -93 15 -75 80 57 -6 70
-27 48 25 -30 -92 41 -75 78 27 -81
41 -22 54 -10 42 9 45 -89 -18 91
87 -32 -36 -71 -71 -37 81 76 87 7
86 86 -31 -64 46 -64 32 -98 -11 -80
-34 -13 81 -75 50 10 26 -88 -94 15
35 -62 25 74 -47 -14 91 58 -50 54
-19 93 77 80 0 85 95 -52 -18 21
47 95 2 89 3 55 -24 -8 52 79
51 -70 -2 -27 -72 3 -18 -55 -57 66
-4 -46 45 71 91 18 -96 -3 54 67
5 -32 -15 -33 -86 67 -49 78 51 -91
0 73 49 73 -28 -67 5 53 -41 60
77 89 81 -85 -30 79 53 59 75 97
98 -4 -31 37 77 -63 64 23 -18 76
-25 83 -59 -48 -68 -89 66 46 -80 -54
24 67 64 -25 55 -75 -20 -41 62 91
-76 46 -74 90 -47 83 -5 90 93 -67
-39 69 -26 91 -78 60 28 1 40 -30
-23 -10 -12 40 53 -71 25 76 45 36
21 -53 -99 5 85 -34 86 0 -11 -53
0 21 -55 4 47 -90 76 60 29 66
19 35 78 -99 74 81 -12 -47 -82 90
-77 -70 -34 -14 -39 -27 -26 41 -57 -37
-11 -43 4 -89 73 13 -50 -71 -57 -23
75 15 59 69 -62 -70 -53 -5 49 23
17 58 28 51 -47 -22 -49 25 -2 8
25 -78 27 44 -74 -18 40 30 81 -17
-28 34 -15 29 -87 99 -68 -7 -26 -73
62 -96 25 23 62 -51 9 58 74 -84
78 35 50 75 49 -52 -96 89 -83 -74
75 -37 66 -35 83 91 81 -91 -64 -22
-11 27 28 45 -5 97 12 59 62 -55
-97 -97 21 -78 59 85 -8 43 56 -19
-78 41 91 94 -9 -66 -72 -76 -98 9
-58 61 -82 -51 -47 63 20 -38 64 1
22 58 86 -35 -4 -68 11 7 -3 -6
71 -10 -58 57 5 -84 -65 33 85 32
-62 5 70 -36 30 -86 -83 -95 40 -94
64 86 27 -4 -21 -90 -18 50 10 81
61 44 56 98 -10 62 76 -42 -48 97
-70 -7 83 -2 7 8 -30 79 38 7
88 41 -5 -10 -1 63 75 -81 45 -57
68 -71 -73 -66 72 -13 -24 -66 -13 -78
-52 -52 59 -67 0 67 38 -12 46 77
-6 98 29 -65 25 21 88 -53 -54 -63
78 -11 -9 -72 32 87 94 -56 -88 92
-43 54 -1 74 -60 -18 -28 -16 37 15
-81 43 10 -33 48 12 -83 0 -90 -62
-48 63 7 73 -21 -97 -86 -40 -95 93
78 -14 -55 42 -76 -41 -15 -86 -91 -5
20 71 32 -95 95 97 4 49 20 61
-53 55 -76 98 -9 -31 -7 41 96 0
40 60 -94 -78 -82 -31 83 13 -82 -29
99 95 -92 -33 -88 64 -54 -32 85 -45
-37 -69 73 68 68 50 41 23 -99 97
-4 -80 -94 30 -23 -63 94 -26 49 -75
-28 -42 54 -80 -22 5 -49 -36 14 -91
-4 -32 -53 -37 -93 -65 -94 45 -42 56
-32 90 -81 -66 -78 -30 -41 73 -31 63
50 -22 70 61 -68 92 -47 79 75 11
49 74 -75 -31 -81 85 92 -31 -6 40
73 -66 -86 80 61 78 32 92 -54 56
59 -91 -18 -67 -19 51 6 -38 -69 -2
-98 92 15 -10 23 -53 -34 -32 56 92
77 -17 55 -86 -75 -61 10 88 -66 -73
70 -32 -94 92 -75 -46 57 -16 90 -21
20 54 84 -16 24 -50 61 -67 -18 -66
-70 -90 -2 -3 44 41 -35 8 -49 67
-15 -55 0 -58 -12 -4 4 -40 24 11
-27 13 45 49 -93 -37 95 -23 28 82
19 77 -64 41 -83 -18 65 0 67 37
-3 -7 14 15 -71 0 -12 -6 -49 58
-39 7 57 -9 68 90 -46 31 70 -67
-67 -11 -48 77 56 -89 -61 9 -97 99
-28 -20 43 82 64 6 -73 -59 -99 60
-31 85 38 46 81 -45 37 2 76 65
8 -5 38 94 67 94 -16 -52 83 -67
80 -89 -51 -75 98 -67 19 64 -11 -9
