-79 -16 -30 27 4 52 -53 95 77 0
48 23 51 10 -4 86 -5 -38 -84 48
54 82 21 -2 -1 -74 -70 -79 -43 57
-64 69 -97 -58 29 -11 -38 18 86 41
-45 -54 89 -21 73 79 81 17 -36 -50
13 -59 -97 44 95 15 29 -11 -41 43
60 -82 -92 35 63 2 -56 9 -83 -10
15 75 0 -7 -40 -24 37 0 -96 38
-38 -52 -79 84 -63 87 68 -84 53 -98
62 60 41 46 36 -62 -40 -41 7 -70
-60 7 -61 -66 -41 -3 92 -5 50 56
78 86 30 -92 45 82 -33 -78 -70 93
-82 13 -83 78 -89 -82 55 92 31 92
-52 -38 19 38 -87 -80 1 19 -17 4
-8 -89 -38 80 98 20 44 -84 -78 -44
-64 -61 0 37 -52 77 25 -60 -33 57
-10 70 32 -37 46 -48 40 33 -55 93
90 22 34 88 -66 20 -24 24 0 -96
66 -28 0 17 -75 65 89 49 -66 61
-95 29 -96 -35 98 -21 -11 -47 -19 5
27 77 -39 -88 -17 -43 7 -53 70 -26
-36 -35 41 -49 0 -63 -58 15 -39 -15
19 -42 -55 -68 -82 -55 -40 -89 -65 -97
-76 77 31 -40 -59 62 73 -61 29 -78
-34 97 98 -89 -94 22 62 31 -87 -36
-93 -61 92 -64 11 59 35 62 20 -11
19 79 -81 -57 -49 28 50 -9 78 12
-92 -59 -45 -28 5 -94 33 18 17 -22
-75 36 2 -1 99 -49 18 80 0 8
82 41 89 90 -64 9 -48 72 98 85
99 88 57 -3 73 -48 -32 -4 -78 -79
88 -30 -21 42 -64 27 15 -23 39 3
-2 18 33 86 -45 80 18 56 -71 62
-78 -25 67 30 51 71 5 60 41 34
-99 79 57 -89 -39 37 -87 36 -19 30
-3 -87 -33 -43 5 -20 -12 22 9 96
-3 -54 87 17 7 6 -26 6 -96 59
49 89 -35 -71 27 -80 -80 93 76 66
97 58 -13 -97 68 48 -88 36 -91 67
-8 -25 70 58 67 49 -31 39 -1 -80
-26 84 -98 8 28 88 -49 -8 -27 63
85 60 -35 39 65 28 -86 49 71 19
-95 -31 22 -73 12 96 24 -48 50 33
86 71 -94 -14 -35 42 -32 -96 -77 80
65 -93 -52 -6 39 -13 -23 28 58 31
37 -32 57 91 58 -35 82 -58 12 3
-29 71 59 -35 -29 84 -26 94 93 -53
-85 -3 -44 -57 37 8 -56 7 18 63
-23 -89 56 84 -53 -29 -92 82 19 70
14 35 44 -30 21 54 -42 30 -62 -53
92 -74 25 18 -19 31 64 59 -61 74
2 52 -39 31 19 56 -22 18 7 61
26 15 -32 3 82 24 -78 -74 -87 15
-98 6 -47 -61 -71 44 61 -52 -74 91
81 -7 -22 54 -72 -16 -97 1 -93 -89
-52 92 -57 72 7 -54 -25 54 35 -39
70 57 -9 -45 52 4 -4 -34 69 -92
-80 55 23 26 -88 95 -38 92 45 87
-70 32 -58 -27 -71 78 -53 -87 -46 18
-92 -42 -13 -84 -12 -32 35 65 -75 72
26 49 71 63 -3 -79 -90 -15 -83 -78
-11 51 2 -71 -73 -16 -69 32 33 -82
2 -8 28 -83 64 68 11 -58 56 27
10 -18 -2 -83 58 27 -63 41 -19 84
-46 28 51 -1 67 -95 31 -38 -89 -20
14 29 -16 -59 -62 -97 -28 -12 -4 74
61 73 5 -20 -42 20 16 -73 77 -41
-6 -30 -65 2 6 87 63 35 -33 17
45 69 75 -24 -78 87 91 81 -68 72
26 -79 79 68 37 -25 -58 -58 23 41
98 76 -44 -33 -14 81 -81 -98 -48 -77
37 75 -13 57 -3 -33 39 -99 -56 9
88 -24 -97 9 16 -44 46 -27 -61 2
-10 -62 63 -82 -19 71 9 -52 43 -50
-56 97 46 -67 -80 61 -62 86 -50 65
-18 -91 -24 -45 92 68 38 -57 1 -94
-42 41 88 80 -73 76 83 85 40 75
-13 83 33 98 35 28 18 14 91 78
82 -12 98 -95 89 -24 -21 19 -59 28
-29 27 57 -71 38 -90 78 94 -80 -45
-98 79 41 99 26 -95 81 -22 -62 -50
0 33 39 -3 35 54 28 67 -56 26
-17 62 -60 -93 0 95 -66 52 -83 -74
-91 0 -41 -96 32 26 36 30 -7 -46
84 -85 69 96 44 20 53 -1 73 83
-92 -58 -22 78 -11 88 -34 77 91 -71
-27 63 93 41 51 9 -57 -2 -83 76
-21 48 85 -95 57 5 11 -27 -23 12
95 -3 11 -71 85 -43 -84 35 28 -45
-5 -23 26 70 -8 83 16 5 93 -71
-88 35 24 9 -65 -54 73 -50 99 72
-72 -84 -87 -58 -3 -98 47 -62 84 24
-87 66 45 69 -39 -47 -86 -10 51 54
51 61 -62 -86 71 -5 15 -34 60 -99
-44 -41 82 34 -88 -59 57 -7 31 -70
-57 5 -96 -90 -9 -18 -48 -98 52 -84
44 93 -97 9 -43 -20 77 88 10 -90
-12 -11 45 73 89 0 -21 -63 54 -16
95 46 3 -8 -80 -91 -98 45 -45 2
-38 23 -83 -36 14 -25 -65 95 -96 -92
