-32 -3 83 38 95 29 -15 -56 40 77
29 -94 78 57 -94 84 54 -21 48 59
40 -77 -53 59 -88 66 -88 -98 14 60
-33 41 -61 -37 -21 14 94 -90 -39 52
60 -87 -53 24 -34 25 -69 95 -99 -33
-15 22 -32 87 -44 87 45 11 -79 48
-41 83 -88 92 81 -96 17 -11 -7 -64
42 -86 -38 49 -51 -8 -67 -10 -58 94
-64 -16 -59 68 -64 -55 95 -4 -77 -77
62 94 -31 0 13 46 87 68 -43 -51
-8 67 89 52 67 -99 -48 48 -70 48
72 10 -37 66 75 29 -62 -42 54 -70
94 -5 -97 -48 14 43 -54 81 99 -33
-20 -49 -86 7 -40 53 23 -4 -14 -25
-6 56 -37 -2 -15 -5 75 -4 44 48
63 62 22 79 38 -72 -26 -85 4 9
-81 -37 -54 83 96 91 77 -74 -6 38
25 -64 43 -78 -57 27 -17 48 74 94
-89 31 -88 65 9 -18 -58 9 -78 -43
-82 52 33 12 -27 -4 -86 42 0 54
-55 92 -29 67 70 -67 -29 53 1 -90
2 -67 2 -49 40 -6 -97 66 -96 -19
63 89 52 -97 -9 57 -87 11 -32 -95
-72 93 6 -48 -59 -58 -27 -21 -20 34
98 -45 3 84 39 87 68 15 -47 5
23 -4 -6 58 47 -35 51 76 97 -94
10 36 -85 58 -55 27 -81 -71 98 -32
-87 54 -64 -48 -30 -54 88 64 1 -18
-95 -73 81 28 -33 54 59 -71 -11 -37
-61 -55 74 61 29 81 -60 4 -40 -30
-34 -46 -5 58 -46 54 77 -54 -35 65
51 -40 -51 -68 39 53 -90 23 22 -40
26 35 -73 77 76 20 -5 -78 93 52
67 18 64 27 32 -11 98 54 -38 59
-57 -18 -5 32 -98 48 60 12 42 -78
-76 -34 -28 -43 10 -87 -91 19 19 34
-60 61 35 64 97 -2 -34 6 1 83
-6 36 97 90 38 3 -31 -21 -60 61
-27 10 -42 -13 96 18 -4 -70 -84 -78
92 91 -90 22 -45 81 82 -82 64 -87
67 -40 -59 -9 -64 -96 -81 45 59 -41
-79 33 -21 -98 83 39 64 89 -99 76
-99 -52 46 -32 9 -49 86 21 -31 87
31 44 -51 84 -93 -92 -55 76 -93 -60
-45 -38 -37 -94 -22 60 32 -64 -59 -3
-69 -25 -36 -16 13 -62 40 -48 -70 -80
64 -90 -75 -20 -66 -32 10 -67 -38 -32
-70 10 -87 -23 -17 -29 -3 70 49 48
-13 98 -32 5 46 90 46 80 55 87
12 37 -67 60 -40 41 -20 -12 2 -6
54 96 -3 -35 -39 53 -82 -91 -77 34
-20 1 14 39 67 -26 36 -91 -50 41
3 5 97 8 -97 94 82 -1 -41 -62
81 65 22 37 77 8 -86 54 31 -67
92 -50 -12 -66 33 -27 89 81 -65 -82
-27 85 25 51 57 33 -14 34 -63 36
-78 63 -92 -62 -20 6 -8 -21 -95 -32
-76 10 2 -49 -99 -82 55 -48 46 -27
-95 3 21 1 0 16 -52 95 6 -85
-68 41 39 39 -61 -1 59 36 53 -47
-57 78 -44 92 -67 -18 -65 -21 54 -54
-35 0 -83 -58 66 28 1 -97 -75 68
-70 35 -50 86 52 -54 6 -54 -1 -27
-32 18 51 -36 63 73 89 36 59 78
-75 92 35 7 -65 68 58 1 -18 -14
-48 6 -91 30 24 82 51 22 -66 75
59 58 28 -70 4 9 -38 -81 -37 16
53 -72 -46 -59 83 -60 15 25 -63 -99
-37 -32 -33 -51 -41 84 -95 -32 -13 -52
-61 -44 -86 0 -36 97 -87 -12 -75 35
62 45 44 55 67 0 -58 82 -67 -43
-34 -69 24 72 33 58 5 45 -28 13
-18 -60 -3 95 2 20 -6 -23 51 -18
-16 53 -20 38 41 47 20 -38 94 89
-14 -60 53 -69 59 -26 48 27 -4 -16
63 39 83 75 6 20 2 83 49 -78
-70 75 -99 -24 51 90 -82 34 74 50
-9 -73 24 27 36 13 -11 25 84 14
12 -97 61 47 -8 -30 -74 44 20 71
70 33 -18 34 24 87 87 99 -23 -54
57 67 -3 -22 86 17 46 -23 -43 53
46 -52 9 9 3 -62 99 -3 -24 -80
-31 -9 67 60 42 -2 81 75 -86 -8
-90 -95 0 94 -87 -91 7 85 2 -54
-64 92 -81 -66 -59 20 -87 -55 80 5
-19 -59 -5 -13 -52 24 -7 -98 -21 63
-80 -28 54 -81 38 -49 87 -96 -42 -46
78 63 76 92 -2 -78 -99 7 19 86
58 98 -34 64 36 60 -96 -96 -65 -32
-37 64 -8 66 -17 -9 70 -75 -86 -85
6 52 16 -48 18 72 -94 98 26 52
-46 44 -55 71 87 70 -24 58 -92 30
-97 49 -6 -10 75 42 -99 -65 81 45
67 64 -15 49 -36 86 0 33 34 -37
40 -56 48 60 -36 6 -35 4 44 -16
85 -45 -51 80 85 68 66 -71 -99 87
-29 -33 10 -87 -56 64 78 -88 8 63
-93 47 73 -78 7 52 -40 14 -48 39
89 79 40 99 -17 38 -98 27 6 47
37 40 84 21 -97 56 79 -72 -16 89
