-49 -40 -49 59 -49 -90 -49 9 -49 -15
-49 84 -49 -65 -49 34 -49 -31 -49 68
-49 -81 -49 18 -49 -6 -49 93 -49 -56
-49 43 -49 -43 -49 56 -49 -93 -49 6
-49 -18 -49 81 -49 -68 -49 31 -49 -25
-49 74 -49 -75 -49 24 -49 0 -49 99
-49 -50 -49 49 -49 -37 -49 62 -49 -87
-49 12 -49 -12 -49 87 -49 -62 -49 37
-49 -36 -49 63 -49 -86 -49 13 -49 -11
-49 88 -49 -61 -49 38 -49 -48 -49 51
-49 -98 -49 1 -49 -23 -49 76 -49 -73
-49 26 -49 -29 -49 70 -49 -79 -49 20
-49 -4 -49 95 -49 -54 -49 45 -49 -42
-49 57 -49 -92 -49 7 -49 -17 -49 82
-49 -67 -49 32 -49 -33 -49 66 -49 -83
-49 16 -49 -8 -49 91 -49 -58 -49 41
-49 -45 -49 54 -49 -95 -49 4 -49 -20
-49 79 -49 -70 -49 29 -49 -26 -49 73
-49 -76 -49 23 -49 -1 -49 98 -49 -51
-49 48 -49 -39 -49 60 -49 -89 -49 10
-49 -14 -49 85 -49 -64 -49 35 -49 -35
-49 64 -49 -85 -49 14 -49 -10 -49 89
-49 -60 -49 39 -49 -48 -49 51 -49 -98
-49 1 -49 -23 -49 76 -49 -73 -49 26
-49 -29 -49 70 -49 -79 -49 20 -49 -4
-49 95 -49 -54 -49 45 -49 -42 -49 57
-49 -92 -49 7 -49 -17 -49 82 -49 -67
-49 32 -49 -32 -49 67 -49 -82 -49 17
-49 -7 -49 92 -49 -57 -49 42 -49 -45
-49 54 -49 -95 -49 4 -49 -20 -49 79
-49 -70 -49 29 -49 -26 -49 73 -49 -76
-49 23 -49 -1 -49 98 -49 -51 -49 48
-49 -38 -49 61 -49 -88 -49 11 -49 -13
-49 86 -49 -63 -49 36 -49 -37 -49 62
-49 -87 -49 12 -49 -12 -49 87 -49 -62
-49 37 -49 -49 -49 50 -49 -99 -49 0
-49 -24 -49 75 -49 -74 -49 25 -49 -31
-49 68 -49 -81 -49 18 -49 -6 -49 93
-49 -56 -49 43 -49 -43 -49 56 -49 -93
-49 6 -49 -18 -49 81 -49 -68 -49 31
-49 -34 -49 65 -49 -84 -49 15 -49 -9
-49 90 -49 -59 -49 40 -49 -46 -49 53
-49 -96 -49 3 -49 -21 -49 78 -49 -71
-49 28 -49 -28 -49 71 -49 -78 -49 21
-49 -3 -49 96 -49 -53 -49 46 -49 -40
-49 59 -49 -90 -49 9 -49 -15 -49 84
-49 -65 -49 34 -49 -35 -49 64 -49 -85
-49 14 -49 -10 -49 89 -49 -60 -49 39
-49 -47 -49 52 -49 -97 -49 2 -49 -22
-49 77 -49 -72 -49 27 -49 -28 -49 71
-49 -78 -49 21 -49 -3 -49 96 -49 -53
-49 46 -49 -41 -49 58 -49 -91 -49 8
-49 -16 -49 83 -49 -66 -49 33 -49 -31
-49 68 -49 -81 -49 18 -49 -6 -49 93
-49 -56 -49 43 -49 -44 -49 55 -49 -94
-49 5 -49 -19 -49 80 -49 -69 -49 30
-49 -25 -49 74 -49 -75 -49 24 -49 0
-49 99 -49 -50 -49 49 -49 -38 -49 61
-49 -88 -49 11 -49 -13 -49 86 -49 -63
-49 36 -49 -36 -49 63 -49 -86 -49 13
-49 -11 -49 88 -49 -61 -49 38 -49 -49
-49 50 -49 -99 -49 0 -49 -24 -49 75
-49 -74 -49 25 -49 -30 -49 69 -49 -80
-49 19 -49 -5 -49 94 -49 -55 -49 44
-49 -42 -49 57 -49 -92 -49 7 -49 -17
-49 82 -49 -67 -49 32 -49 -33 -49 66
-49 -83 -49 16 -49 -8 -49 91 -49 -58
-49 41 -49 -45 -49 54 -49 -95 -49 4
-49 -20 -49 79 -49 -70 -49 29 -49 -27
-49 72 -49 -77 -49 22 -49 -2 -49 97
-49 -52 -49 47 -49 -39 -49 60 -49 -89
-49 10 -49 -14 -49 85 -49 -64 -49 35
-49 -35 -49 64 -49 -85 -49 14 -49 -10
-49 89 -49 -60 -49 39 -49 -47 -49 52
-49 -97 -49 2 -49 -22 -49 77 -49 -72
-49 27 -49 -29 -49 70 -49 -79 -49 20
-49 -4 -49 95 -49 -54 -49 45 -49 -41
-49 58 -49 -91 -49 8 -49 -16 -49 83
-49 -66 -49 33 -49 -32 -49 67 -49 -82
-49 17 -49 -7 -49 92 -49 -57 -49 42
-49 -44 -49 55 -49 -94 -49 5 -49 -19
-49 80 -49 -69 -49 30 -49 -26 -49 73
-49 -76 -49 23 -49 -1 -49 98 -49 -51
-49 48 -49 -38 -49 61 -49 -88 -49 11
-49 -13 -49 86 -49 -63 -49 36 -49 -37
-49 62 -49 -87 -49 12 -49 -12 -49 87
-49 -62 -49 37 -49 -49 -49 50 -49 -99
-49 0 -49 -24 -49 75 -49 -74 -49 25
-49 -30 -49 69 -49 -80 -49 19 -49 -5
-49 94 -49 -55 -49 44 -49 -43 -49 56
-49 -93 -49 6 -49 -18 -49 81 -49 -68
-49 31 -49 -33 -49 66 -49 -83 -49 16
-49 -8 -49 91 -49 -58 -49 41 -49 -46
-49 53 -49 -96 -49 3 -49 -21 -49 78
-49 -71 -49 28 -49 -27 -49 72 -49 -77
-49 22 -49 -2 -49 97 -49 -52 -49 47
-49 -40 -49 59 -49 -90 -49 9 -49 -15
-49 84 -49 -65 -49 34 -49 -34 -49 65
-49 -84 -49 15 -49 -9 -49 90 -49 -59
-49 40 -49 -47 -49 52 -49 -97 -49 2
