-82 -1 -9 95 39 -85 94 -13 23 -88
-81 -64 -21 0 -99 3 28 -54 -90 79
-73 77 24 -10 75 -19 -96 -23 64 3
8 35 94 -78 -43 10 -86 39 64 -56
36 -75 -54 10 -24 -70 37 32 83 31
21 -22 -69 -31 47 31 30 -56 17 -15
24 11 3 -98 -33 -82 -17 -80 58 -26
78 63 -52 23 25 -27 16 -9 -26 -67
-77 91 -98 -62 86 16 21 -30 -39 74
-78 68 75 90 38 -2 -57 -7 -72 -60
14 -6 -96 35 -51 -52 -67 -49 70 0
-31 -58 85 23 51 -32 -95 99 -85 75
95 -76 12 -46 -52 -52 1 33 -8 -85
49 58 84 -88 -35 -22 -95 -96 -32 -63
-42 -77 2 -46 -83 70 -81 -66 -72 38
-38 44 70 -94 -21 75 -41 -49 -32 -94
-10 35 20 -10 -99 -14 -44 -96 19 -79
12 -54 53 -48 -89 54 99 43 41 -51
17 -79 79 -28 -77 80 5 10 25 -39
86 90 -63 89 -22 -66 3 15 -53 -78
13 47 -79 1 55 -46 88 47 -44 -20
29 -60 8 -94 -91 94 46 22 32 96
-82 10 36 -53 -26 -65 -28 60 23 -81
-62 81 77 -51 23 76 10 98 73 66
53 44 15 -50 -13 -40 63 70 56 -7
-41 28 -47 92 -95 -49 76 87 -26 56
-32 8 -6 60 0 -33 -96 46 76 19
80 8 33 -25 96 -46 -97 -90 33 48
93 -99 63 36 -61 -82 -68 -96 29 -38
-20 21 -36 62 17 79 -95 -83 -36 21
96 28 10 -80 96 12 9 -16 32 -53
45 84 -47 -7 -52 55 89 94 3 32
36 -94 -77 -43 -97 46 33 -67 -27 -22
-27 94 50 34 -22 -45 27 -49 55 -55
-73 90 -27 37 75 46 -43 91 -99 -73
71 -61 -8 -44 -33 27 50 14 21 25
44 18 11 -30 -69 -16 91 -22 -25 -48
13 -78 45 95 19 40 -55 4 -70 -4
38 66 37 92 31 55 -22 60 -87 -26
91 99 -54 38 -92 21 -4 87 -16 -42
-84 -36 -51 29 91 29 -53 76 -11 61
48 -66 82 25 57 -44 -14 -57 -14 82
87 64 40 26 1 41 -30 -61 -5 -30
36 -74 4 -26 -73 13 36 -40 -24 -99
28 47 50 -63 -40 5 68 -43 6 64
7 -73 0 -91 -96 -82 -56 -63 -75 83
7 -6 -95 -78 -57 -33 -24 3 19 -43
60 10 -7 -9 -57 94 -71 -19 38 65
-41 -76 -92 38 -30 -48 66 49 27 60
43 -62 50 -66 -58 72 -12 -69 49 -48
82 1 57 11 -9 -79 88 98 57 8
8 87 -84 -13 33 61 -86 -33 36 85
69 19 -2 29 98 -11 17 -38 -83 -71
0 -94 -6 -62 6 68 76 38 77 -3
92 -66 -90 -83 73 18 28 92 76 85
93 53 -93 36 -28 -55 -85 -24 -6 -71
87 -50 -90 -48 42 -62 -52 57 36 -17
75 47 -35 23 56 32 -48 -42 98 -9
99 73 63 -14 -37 -43 27 26 0 76
-45 -74 17 -90 48 -94 40 -78 0 -15
59 -77 -64 -48 83 90 10 78 63 -26
-40 -97 -98 -90 22 -62 -71 -35 43 1
-75 -56 -82 4 11 24 32 9 97 -67
-62 -33 -24 9 -12 -49 -3 88 -44 48
-19 35 66 -98 -36 11 85 86 -91 18
-10 83 79 37 15 33 72 85 10 66
-94 -86 33 -88 -40 -67 14 -10 40 -82
-63 -11 46 -90 -43 -33 92 63 -51 33
-93 -25 54 67 73 87 -83 -26 -77 74
-67 49 -70 -46 32 47 21 0 34 66
61 82 -54 56 51 19 83 -61 -58 98
18 43 -21 25 -14 -85 -56 -12 -48 71
-55 42 -68 1 -65 0 84 -13 55 74
-28 92 -88 90 -21 -38 -75 74 -56 2
47 48 82 -34 -22 -72 78 -29 65 -1
-77 -9 33 -68 91 -41 11 -22 80 27
-6 -55 25 -92 -97 -36 23 -9 -45 57
33 -66 -92 -98 9 3 -53 67 -46 -84
-69 96 -72 21 -8 83 35 -49 -14 -79
55 -83 -28 -5 94 -22 -16 -61 -20 27
19 -61 -7 -30 -19 -51 -1 76 -26 -23
94 -60 54 98 -62 -50 -63 55 60 -82
-20 -91 -27 -85 -88 28 0 54 31 -74
-60 4 82 18 56 87 68 -7 49 13
93 51 21 3 -13 -73 40 49 -80 -19
-28 8 53 53 35 -24 -95 97 -99 -15
62 -12 -75 -30 41 -35 -42 -68 -77 -63
19 79 13 32 13 -82 36 72 -35 60
-91 -97 86 -76 -43 -45 -15 -9 -47 -82
65 -31 12 88 -99 87 43 -40 13 63
-6 -68 56 -11 -72 -22 11 98 -46 -27
48 -47 -88 -56 -13 -44 -59 -51 41 96
69 -91 -1 -35 -25 -9 -75 -46 77 30
-48 48 97 -50 -25 98 23 19 -7 4
37 -20 26 56 -64 4 -69 47 -8 52
99 50 -6 26 -17 -71 10 -29 96 40
91 -75 -92 -58 -42 -77 69 24 19 -52
39 87 -89 -37 76 -57 25 -60 -4 73
-48 -75 75 96 20 -30 98 -15 85 20
20 -4 -52 -62 66 35 84 24 -15 -1
