-51 -55 73 50 -26 -26 23 -14 -46 -16
54 90 -34 45 -33 -63 23 -21 61 -74
98 -88 51 -37 -40 -2 29 -90 -31 -68
-42 -16 -3 88 10 4 -94 12 -83 -23
-37 65 -41 17 -83 -97 -79 -60 66 56
-16 5 36 4 -29 -11 -46 -34 -28 23
39 -28 -35 83 10 -6 -32 -81 -95 76
-73 64 -49 82 34 11 -90 65 72 98
-39 96 42 -19 -68 -67 -91 -46 78 -11
-58 68 -11 12 -21 -45 -91 71 92 -12
88 -21 1 68 4 20 51 24 53 91
-20 -86 -97 64 -71 13 25 -54 65 -92
-66 -50 37 6 -4 50 -58 -45 -79 20
-88 -41 -79 -6 -46 11 6 -26 3 89
-6 98 81 10 0 20 -88 -67 -61 -90
-56 -23 66 -83 -56 -28 17 68 95 -16
32 19 86 65 92 -22 -40 -48 45 -32
-45 68 -66 81 -3 -25 -47 35 -96 -27
-41 -67 91 -21 -97 -99 56 97 90 6
-64 17 -26 -16 -39 70 -54 7 -61 -1
51 -20 44 -7 -19 45 20 33 90 21
4 87 36 97 43 46 -71 84 -9 -72
-58 99 91 85 -2 -84 30 20 47 -84
29 71 8 -52 -94 -99 -66 -58 -21 -95
79 45 -13 84 -71 0 -47 49 17 -67
81 -22 -34 10 46 -83 6 11 46 -32
42 89 22 -6 37 86 -42 47 22 77
76 -79 -66 31 -99 -86 13 62 96 96
99 -56 19 52 -75 -83 18 -19 31 6
68 38 -4 56 46 -64 -67 0 -87 99
59 -30 -11 22 70 92 -60 27 -36 46
61 47 -72 39 -49 32 41 96 83 52
-74 -11 -84 14 -14 13 -43 6 -69 -69
-46 76 -25 -57 77 -9 -57 -24 -22 -72
-14 -77 75 25 50 37 52 -27 5 50
-90 44 -28 89 -50 -99 -52 55 91 -89
52 1 95 -43 23 1 43 31 57 -56
-67 15 15 -43 5 2 11 46 23 30
96 51 -42 -13 -66 -33 38 79 62 -79
91 -92 58 89 -98 90 75 -31 -51 -54
-56 -7 -65 -67 -28 -39 -31 93 -39 86
87 -29 16 -84 -9 51 48 -69 87 -41
-97 -29 -42 -5 49 -73 51 -74 -40 64
95 -65 -72 60 -11 -85 9 -46 -15 -82
71 -27 -98 -77 -72 52 50 98 40 76
-5 -88 -33 91 -47 -98 91 44 -50 -72
-29 -72 8 88 75 -67 -69 72 29 -21
75 -23 99 -45 42 31 21 54 -16 -48
96 -84 -65 -61 19 99 99 72 21 15
-74 -8 -44 -90 -69 53 23 58 -78 -90
93 45 -16 -65 -87 -89 -98 23 -47 -78
26 -13 -24 -21 87 23 74 -45 -88 37
95 36 -71 8 43 -38 99 93 37 71
94 96 -18 80 17 22 76 73 30 5
-81 -15 97 -91 74 78 87 52 -50 -8
-75 -24 66 94 -77 55 -53 -55 76 23
-35 29 -31 -26 -95 -28 45 -42 28 -20
-88 72 -1 -55 -11 91 51 -36 -16 -69
-62 62 17 -10 -87 -13 -99 -69 -37 -98
47 5 -54 -69 -89 -76 -88 -72 15 -92
-74 -20 -52 14 62 -34 67 -78 -49 -57
-21 -18 -92 34 52 71 -58 15 -68 23
45 53 -30 33 44 20 48 -26 -22 -91
53 -65 -45 -9 -35 -16 -68 98 -29 26
39 75 -12 -45 74 16 -62 92 -33 2
-37 -48 -88 -56 -8 41 25 26 82 -73
86 69 -73 20 92 95 -44 15 92 40
33 85 -52 -22 72 73 -4 22 93 89
84 -4 -55 39 7 -29 44 -13 -32 76
-79 -97 76 -24 -38 12 -51 2 2 -95
-37 98 -20 43 -57 29 -52 97 70 -23
-14 72 96 -18 -68 -57 10 -81 25 -35
-58 -78 57 -2 -83 89 -77 96 84 57
46 57 -18 -94 -31 -84 -75 87 0 61
-73 56 10 26 -38 8 39 40 -4 38
-39 -84 -22 35 6 24 26 -2 -3 8
28 -86 -49 65 69 -37 91 57 40 -54
-2 -74 -42 -75 -15 0 81 11 98 -79
35 -5 -44 89 -85 22 72 -92 54 70
-86 4 -40 -56 -63 -68 -10 -38 99 75
-16 -70 -34 68 5 33 53 68 16 -25
35 65 46 76 -56 -6 -62 9 -88 -45
3 -73 -68 -59 -52 31 83 -65 -22 39
-44 -20 24 17 -10 47 -31 94 73 -76
-48 50 -17 68 -12 16 -66 3 98 42
-70 50 85 -65 72 -89 -56 80 -5 16
-59 64 -91 82 -25 0 24 29 -90 -77
37 -37 -1 -54 -5 8 -68 -92 44 24
-78 -1 11 0 39 86 -80 48 -28 0
-24 19 -63 17 48 -10 14 -61 45 68
-10 -62 -84 -99 -54 -69 -81 -85 24 -25
42 79 -34 43 -13 75 58 96 6 15
-96 -12 82 57 19 15 -13 71 -90 89
8 11 23 74 -24 -59 20 -94 -94 96
-72 -75 -48 76 -19 16 -25 -65 49 29
50 89 31 43 90 89 96 44 8 -61
-3 2 49 1 44 71 46 -30 -59 26
-40 -20 54 -41 0 -32 33 -89 -71 -80
-57 0 7 -45 -41 -86 -57 91 -39 62
-21 -17 -41 89 37 46 -20 26 -78 43
