95 21 65 10 36 78 44 48 77 66 8 6 87 38 28 19 69 86 79 100 49 0 31 33 83 81 23 30 40 3 15 7 60 47 68 14 43 57 12 5 9 16 76 46 61 91 64 90 1 34 45 20 18 39 67 26 74 85 94 4 72 98 63 53 82 70 62 50 97 52 41 37 11 71 73 92 32 13 2 58 93 24 96 25 80 56 35 75 42 84 88 17 22 27 55 89 59 51 99 54 29
81 0 20 23 44 33 5 16 55 54 41 61 84 42 21 39 15 69 40 13 68 37 14 53 36 92 56 9 63 30 48 76 28 7 74 25 47 86 10 91 77 2 83 1 11 4 58 38 89 95 96 82 88 35 64 26 73 24 94 93 65 32 31 29 66 17 80 99 87 90 52 49 98 3 43 75 51 79 12 8 60 67 97 50 6 85 46 70 27 100 59 22 18 71 19 45 57 72 78 62 34
77 39 56 10 97 87 7 84 74 46 89 76 95 24 80 32 29 61 22 19 66 59 18 65 34 82 57 44 81 50 64 41 85 96 54 11 14 15 13 55 58 71 83 12 45 38 88 49 52 35 48 8 51 9 100 70 63 79 40 67 4 68 36 28 3 90 73 75 92 1 23 91 78 5 93 37 6 47 20 26 21 0 98 60 25 27 43 16 72 17 42 69 33 99 86 2 31 62 94 53 30
27 53 90 75 65 21 100 48 1 84 57 14 13 15 97 30 43 73 68 9 62 35 81 82 64 83 37 88 2 85 0 95 29 49 61 70 22 3 20 60 87 4 39 59 47 12 72 5 98 40 92 41 79 89 55 10 38 42 46 93 91 80 6 26 66 17 67 94 54 44 28 18 96 31 63 77 23 25 16 33 74 36 32 69 58 34 51 24 45 99 7 19 71 56 78 11 50 8 86 52 76
53 67 9 4 42 2 72 78 82 90 56 35 77 24 48 68 93 21 39 100 79 70 22 47 26 98 1 7 41 81 30 14 73 92 3 36 44 95 64 11 58 13 80 61 57 27 17 88 33 65 20 18 91 89 62 54 75 99 40 69 52 60 96 0 31 32 37 86 8 29 5 85 71 63 10 74 59 66 50 97 6 34 16 15 25 55 38 12 46 83 28 84 43 19 23 94 49 45 87 76 51
47 22 48 63 85 30 76 46 40 41 92 67 13 4 32 36 16 66 17 89 88 55 31 19 79 12 80 51 75 57 95 83 37 90 5 62 43 3 8 52 78 7 45 35 96 60 34 81 9 28 59 65 26 74 42 64 15 69 38 49 98 33 27 29 1 99 39 18 25 68 70 14 2 53 10 11 6 97 86 21 84 82 0 77 93 23 44 87 50 24 54 100 72 73 71 56 58 91 20 94 61
37 32 48 0 96 86 57 97 68 78 90 92 12 45 16 61 91 36 71 84 89 87 25 70 34 85 95 60 67 26 50 8 59 51 77 39 81 80 73 20 14 54 29 4 76 7 5 6 99 100 66 98 94 35 41 18 47 64 79 74 72 83 65 44 33 24 75 21 46 17 13 69 42 9 56 43 31 3 53 15 10 52 23 58 88 27 93 63 28 82 62 40 1 22 30 49 2 55 38 11 19
100 86 60 44 31 56 28 94 7 53 92 22 39 82 33 79 25 27 73 19 57 6 74 43 16 84 46 26 67 98 65 75 51 20 99 66 10 17 72 23 3 0 93 96 47 48 68 9 42 32 59 40 4 80 41 87 61 76 88 64 54 63 8 90 62 97 34 45 15 83 95 91 81 69 36 1 71 30 18 70 5 85 14 52 35 78 13 55 24 37 12 21 50 77 29 11 38 2 58 49 89
9 8 21 45 91 34 89 95 57 96 68 90 56 42 6 32 80 33 99 87 59 71 1 2 30 39 55 12 65 20 13 36 94 53 26 16 100 69 44 47 24 31 85 23 98 76 22 72 35 74 19 78 5 29 40 14 81 66 60 28 46 15 49 64 93 7 75 82 97 84 27 77 48 86 62 37 73 3 43 18 61 25 52 50 70 10 11 41 67 51 17 0 88 92 79 63 54 58 83 4 38
65 9 79 15 35 36 68 88 71 48 38 93 13 5 98 59 19 4 12 89 22 30 94 41 91 54 28 7 44 85 95 74 75 29 27 17 3 39 77 55 42 26 69 67 6 46 47 57 97 1 25 52 61 43 56 90 62 76 73 2 81 53 21 80 0 84 32 24 60 99 34 87 82 14 16 18 51 96 83 20 50 40 72 49 11 8 37 58 66 64 45 92 86 33 23 100 31 10 63 70 78
60 21 76 72 90 79 65 89 18 4 35 13 47 96 77 20 8 81 99 74 29 55 62 71 86 54 100 46 49 48 34 26 69 12 9 64 73 94 85 10 97 70 78 43 93 83 17 31 44 16 32 37 82 80 22 53 95 52 68 50 88 3 39 51 40 87 5 98 30 42 66 57 15 14 75 61 28 27 1 33 41 2 45 59 58 38 91 23 25 56 36 67 7 63 11 92 24 84 0 6 19
0 26 50 93 62 61 71 67 11 92 41 53 74 29 42 98 69 14 94 90 36 76 40 96 91 9 56 15 68 83 79 22 64 95 25 55 6 12 77 60 87 85 81 70 47 58 73 89 49 57 86 100 54 31 52 66 30 48 18 45 37 63 10 44 24 33 59 7 46 35 21 78 13 75 82 43 32 72 84 38 20 23 28 19 8 1 27 80 4 39 3 88 17 65 5 16 99 51 34 2 97
9 29 3 20 33 43 51 5 2 42 52 47 13 78 95 54 66 28 67 24 92 50 62 94 100 60 79 41 12 73 56 36 61 21 89 0 1 75 19 34 27 53 10 71 8 65 35 77 84 76 90 80 68 59 85 64 83 48 69 23 96 14 87 18 30 22 25 97 82 32 15 6 37 40 11 31 55 16 93 99 98 72 17 49 88 44 39 38 57 7 81 46 58 86 70 63 45 4 91 26 74
4 84 25 24 44 12 20 5 61 64 86 8 18 55 60 38 15 48 100 0 68 9 34 47 33 58 10 78 26 97 36 39 30 67 21 59 70 51 16 2 85 87 6 63 40 42 65 81 92 74 73 93 82 14 76 7 1 46 91 17 96 90 19 66 37 31 83 3 32 43 41 29 23 57 22 98 71 49 45 80 56 35 99 72 95 62 77 53 89 50 27 69 13 28 75 88 11 79 52 94 54
22 18 8 71 17 49 75 34 57 63 35 44 96 86 76 56 7 2 93 11 55 31 40 64 32 10 58 79 28 78 87 85 92 6 15 59 60 30 97 9 91 66 90 21 3 52 41 50 0 38 80 98 19 4 88 47 20 100 62 53 42 72 26 27 23 36 95 94 67 70 39 43 33 29 69 61 46 16 14 84 48 77 5 68 13 51 65 83 45 12 54 99 1 82 25 73 89 37 81 24 74
71 7 10 98 61 63 54 65 20 67 40 26 72 36 48 68 23 47 52 92 74 100 89 73 39 35 2 33 22 99 46 93 9 70 32 24 45 87 97 91 1 41 56 17 8 66 59 50 31 49 78 21 84 28 25 85 11 90 3 79 86 51 55 4 6 12 43 42 57 58 80 75 15 96 19 0 30 18 14 34 38 29 88 76 94 53 82 95 27 69 64 60 37 77 62 16 13 83 44 5 81
29 9 99 4 80 92 60 85 71 91 58 100 1 62 68 10 77 27 54 90 41 76 83 39 38 40 59 13 7 23 53 18 89 51 65 52 25 0 28 31 66 74 26 78 70 43 12 98 64 69 84 61 21 95 22 79 19 46 24 82 6 55 56 97 14 96 11 35 93 15 17 16 32 88 50 3 94 72 87 47 67 63 49 8 33 75 73 36 30 20 44 86 45 5 42 2 57 34 81 37 48
78 81 34 68 7 38 26 89 52 61 22 4 46 75 47 49 9 37 95 20 33 82 59 2 72 3 58 86 39 6 19 18 71 73 57 80 25 63 92 77 48 13 85 90 29 100 28 5 97 17 79 0 40 44 24 96 51 74 41 76 64 83 99 14 62 84 42 65 27 70 1 36 32 56 12 66 21 87 88 55 16 54 31 23 45 35 98 50 11 60 10 94 91 53 30 67 15 93 69 43 8
23 74 77 32 26 78 87 30 71 36 31 39 3 81 94 21 14 48 44 27 57 67 49 59 28 68 17 93 34 47 64 7 60 63 99 98 90 97 4 66 35 69 95 76 82 13 73 15 0 62 52 19 70 11 8 16 2 91 86 88 65 85 79 61 24 100 10 56 22 6 72 84 33 1 83 45 96 12 75 29 25 5 40 37 80 46 92 89 20 9 53 43 54 51 42 41 55 18 50 58 38
85 57 69 86 62 74 83 99 51 63 53 33 20 61 10 56 6 78 4 58 59 9 95 21 92 84 64 8 67 75 1 36 79 7 37 27 26 38 72 23 93 14 87 91 24 80 54 11 81 43 48 71 60 35 65 82 28 90 52 22 32 68 16 97 34 30 66 77 19 89 94 42 25 40 76 96 44 100 55 73 15 31 0 45 17 41 50 98 29 46 5 47 39 88 18 3 49 13 2 12 70
66 85 70 82 74 95 16 8 75 65 6 56 29 25 54 41 91 76 24 64 84 28 19 33 63 27 67 78 0 86 53 83 34 37 99 9 68 98 79 46 7 3 81 38 87 40 12 90 58 21 47 10 39 88 31 62 57 35 94 61 14 42 5 77 72 69 71 13 92 59 55 97 17 11 23 36 30 51 44 52 1 50 80 73 43 4 2 96 100 22 20 45 32 18 49 48 60 93 26 89 15
18 33 59 6 17 25 24 94 5 56 35 38 65 60 96 85 79 22 93 21 9 0 70 10 77 19 3 32 46 84 51 2 55 26 37 63 74 40 53 91 67 23 27 89 82 31 97 92 100 28 87 14 30 62 88 75 71 11 15 13 81 48 95 66 41 42 58 98 36 52 39 43 64 78 44 4 47 72 54 68 83 45 29 73 80 7 50 49 61 34 90 8 57 16 86 1 12 20 69 76 99
28 35 87 50 0 34 54 25 85 92 78 66 83 53 71 3 86 67 90 41 6 75 12 97 55 58 10 1 18 77 52 49 32 13 4 48 95 20 47 38 37 51 96 94 64 21 99 79 60 36 26 17 39 24 59 16 100 8 91 76 15 84 65 33 81 11 14 45 30 23 31 56 40 27 22 70 98 46 69 5 73 9 61 19 89 62 88 29 74 57 72 7 42 43 68 44 93 82 2 63 80
86 76 23 7 17 13 91 47 43 25 11 69 39 58 0 38 77 73 99 90 97 72 64 100 74 32 34 62 66 19 6 8 98 3 71 21 60 85 5 92 14 41 54 29 4 42 12 50 80 93 20 15 53 49 2 89 65 27 61 81 84 45 83 18 44 75 94 31 68 88 1 52 79 95 35 36 46 67 63 26 37 22 96 48 24 51 40 9 70 56 82 78 28 87 16 10 57 30 59 55 33
19 39 52 38 26 34 16 30 48 62 80 70 57 1 88 78 6 20 63 9 60 56 97 91 23 90 41 74 96 94 83 11 54 46 25 76 2 77 65 10 58 82 92 79 44 32 69 29 17 87 35 50 3 43 73 64 36 31 61 5 33 4 85 12 24 0 99 84 89 15 55 42 81 51 47 27 49 37 86 45 53 14 66 95 21 100 22 7 75 59 72 68 8 98 13 28 71 18 93 67 40
58 0 94 20 100 65 49 16 42 60 56 46 8 87 66 21 4 48 69 89 50 95 67 6 71 9 98 63 22 53 59 10 36 51 1 85 68 79 55 88 19 90 2 24 33 97 39 76 17 81 14 25 75 83 93 84 52 64 72 44 80 57 77 13 43 27 54 99 40 7 30 96 15 12 92 62 45 28 82 61 31 70 78 5 29 3 23 86 32 11 41 35 47 91 18 34 26 38 74 73 37
12 29 21 20 73 62 89 46 52 76 60 85 35 48 68 42 88 58 27 28 91 80 90 66 3 19 32 55 96 93 40 26 59 53 98 23 8 37 13 11 14 49 5 94 2 18 74 69 31 77 97 43 57 15 17 71 67 95 38 56 99 9 63 70 30 54 6 22 44 79 82 16 61 65 72 45 36 47 78 87 64 39 24 10 81 33 100 83 1 84 7 34 51 50 4 75 25 41 86 0 92
91 46 2 5 21 24 17 40 42 34 38 85 78 29 95 53 57 84 45 1 79 93 58 31 56 39 89 25 11 10 28 26 68 86 75 47 8 33 12 60 30 6 81 13 61 19 83 3 16 20 69 82 4 9 55 97 59 71 62 74 52 80 48 7 64 14 63 51 65 15 50 43 66 98 73 67 37 23 54 27 94 36 92 32 100 0 35 77 22 96 44 76 18 88 99 87 41 70 90 72 49
69 77 71 54 11 50 66 9 59 26 84 91 47 98 94 13 41 18 6 67 0 20 97 99 70 44 37 52 28 92 12 73 85 17 53 56 61 58 86 8 16 96 21 1 29 36 43 33 10 80 75 82 72 95 90 76 57 79 89 42 68 25 40 83 46 65 38 23 78 30 55 100 45 15 39 64 7 14 51 5 34 48 49 27 32 74 81 24 88 60 3 62 35 93 4 63 31 2 87 19 22
31 23 100 41 81 35 43 4 78 94 53 51 90 77 84 82 62 66 88 61 42 73 38 93 55 18 16 6 59 19 26 54 87 33 60 29 76 74 7 97 13 52 58 5 91 9 11 40 83 30 44 50 20 72 68 71 47 96 37 57 85 86 24 21 89 22 64 15 92 27 80 67 70 28 25 45 36 8 3 0 2 46 56 69 63 95 1 17 12 49 32 75 99 14 65 39 79 10 98 48 34
6 69 58 36 46 23 21 91 93 78 41 76 25 20 72 38 7 86 87 43 95 60 2 83 11 66 67 70 49 98 96 37 53 63 45 51 99 44 32 16 59 9 56 28 8 30 35 71 85 80 75 12 55 81 39 3 48 27 90 22 26 29 40 17 42 64 50 33 94 19 57 4 62 54 79 18 84 34 14 77 97 68 13 52 89 47 92 31 61 100 88 5 74 24 65 82 73 1 0 10 15
77 56 72 31 42 78 94 69 100 22 0 6 63 51 4 20 27 48 47 90 54 80 32 93 81 24 17 39 95 36 7 84 89 75 19 96 29 9 82 15 1 76 79 70 67 61 66 13 2 64 88 30 12 83 33 73 71 50 59 8 65 57 3 38 55 11 23 14 98 62 41 58 21 46 16 10 44 86 52 35 43 87 40 26 97 99 91 85 74 25 18 34 68 60 92 45 49 37 5 28 53
13 52 56 95 26 9 32 25 62 76 4 36 33 41 86 10 21 73 94 61 99 55 87 2 79 83 14 6 74 97 72 91 3 7 85 93 75 35 11 51 18 98 48 77 84 88 89 66 5 39 38 81 53 100 46 42 45 78 69 68 37 70 92 24 71 57 59 47 16 40 50 43 65 27 22 15 8 49 20 58 34 23 54 67 28 82 29 19 80 1 30 31 90 60 64 44 63 17 96 12 0
86 62 55 4 64 45 63 9 82 43 20 0 66 99 40 39 36 94 23 71 12 69 77 53 91 41 88 58 70 59 33 79 92 17 29 85 18 51 32 6 93 14 90 42 22 10 50 68 21 49 81 83 38 27 8 65 100 37 19 72 44 34 67 57 25 28 5 46 24 60 30 78 48 15 52 56 95 11 31 87 89 74 76 3 75 16 13 35 97 47 7 73 84 26 2 98 96 1 54 80 61
88 7 16 33 63 85 41 25 55 57 5 93 76 44 98 23 14 11 97 60 58 48 19 22 74 18 30 4 95 51 36 24 82 45 12 21 99 46 70 29 32 89 71 68 84 49 6 92 50 61 72 27 56 20 78 8 17 75 13 52 69 40 96 54 79 62 100 67 9 86 15 90 59 3 39 1 28 53 77 83 10 34 47 2 38 0 65 66 43 91 37 26 81 64 42 73 87 94 80 35 31
12 3 11 52 86 58 20 53 57 30 61 70 55 51 74 21 96 31 99 49 40 35 59 42 48 29 76 34 83 27 80 4 72 93 54 26 10 65 7 24 32 6 28 47 79 5 18 73 68 69 66 87 16 14 75 85 36 44 50 15 9 67 84 19 64 92 8 41 37 98 77 88 95 82 94 46 89 60 38 17 1 62 43 2 22 97 63 81 100 23 39 45 56 33 13 78 90 0 91 71 25
10 13 59 58 75 98 95 51 62 77 69 60 42 29 56 4 92 34 24 91 16 55 18 78 1 85 54 48 32 23 86 96 71 44 22 19 68 14 33 15 41 46 72 2 52 8 25 17 88 38 89 49 53 63 79 97 5 90 99 21 45 100 81 50 76 31 80 9 35 70 27 74 43 47 82 39 7 61 12 65 64 93 3 67 73 30 6 0 57 66 40 20 28 37 11 26 87 36 94 83 84
56 49 23 69 95 18 27 83 87 41 64 3 29 43 19 32 42 54 51 58 37 13 59 74 53 68 12 66 71 75 90 16 25 24 78 62 21 5 20 85 39 65 6 79 40 94 88 70 36 38 26 77 15 91 31 8 72 52 50 4 97 45 82 93 55 34 89 76 33 46 0 35 9 84 99 100 28 22 98 7 92 67 11 60 80 47 61 44 30 73 86 81 57 63 96 17 10 1 48 2 14
47 65 19 97 76 96 70 34 83 57 45 55 82 44 18 35 41 91 99 77 100 79 69 90 31 29 94 12 92 95 46 51 63 71 21 58 38 36 89 33 32 30 88 11 72 48 1 10 14 4 43 9 60 16 54 28 78 93 67 86 40 64 85 74 81 50 7 87 25 62 6 75 3 15 73 98 52 0 20 56 59 49 39 8 13 2 37 53 26 42 17 24 23 66 22 61 5 68 27 84 80
42 78 54 32 49 77 47 8 25 89 88 83 33 70 14 58 61 85 76 28 98 3 72 39 7 65 35 9 10 94 31 56 73 11 92 43 71 29 27 84 74 86 40 50 17 80 15 16 34 24 62 19 55 57 99 18 22 69 36 79 52 37 13 100 67 2 68 20 91 30 21 23 81 97 0 75 95 46 12 26 44 53 5 60 38 4 1 96 6 82 63 90 64 59 66 51 48 93 87 45 41
40 57 97 94 85 29 71 43 66 27 75 55 86 30 67 80 38 23 7 51 2 35 24 53 59 99 26 6 15 54 5 69 76 12 72 98 36 34 83 8 50 88 79 78 21 90 4 11 18 33 3 89 63 19 95 0 16 61 84 31 9 49 14 65 32 1 82 70 73 58 37 10 13 44 93 28 87 64 25 47 45 100 39 62 46 20 48 41 52 74 22 17 56 81 60 96 91 68 77 92 42
82 97 79 13 80 96 15 7 61 65 68 75 5 10 17 32 21 24 51 85 53 48 4 44 22 64 40 74 28 87 36 60 100 50 63 0 39 45 92 35 26 77 73 9 49 14 57 18 90 71 99 86 34 56 12 11 95 46 52 72 88 3 37 23 2 93 91 8 20 47 83 43 98 6 59 78 66 33 54 67 84 31 25 42 62 76 38 55 27 30 58 19 16 89 81 41 70 69 1 29 94
31 45 0 49 5 38 54 17 35 19 51 61 10 29 28 96 82 9 66 2 44 80 73 22 62 99 57 89 78 55 53 50 56 14 25 32 72 36 71 26 37 48 23 11 60 77 40 1 42 16 90 24 86 46 92 20 41 15 12 84 34 85 21 67 81 8 63 13 3 79 88 4 6 93 75 59 70 97 58 39 100 69 47 7 74 65 64 83 30 91 68 76 27 18 43 94 98 95 52 33 87
48 10 53 39 72 68 80 60 38 93 33 65 28 87 52 25 34 11 0 46 85 78 17 74 50 95 56 76 47 2 8 77 15 84 30 22 98 3 9 59 6 71 54 43 83 97 12 29 40 55 36 86 35 16 13 14 58 91 82 20 18 63 1 88 24 49 61 99 4 42 23 45 94 64 73 5 70 51 7 79 69 75 21 100 89 66 44 90 37 41 67 96 32 31 57 19 26 62 27 92 81
59 29 44 71 15 96 40 47 75 27 28 64 45 4 13 30 88 49 24 31 58 54 66 7 92 94 42 81 55 73 53 63 18 68 95 91 98 34 8 87 61 82 51 100 93 21 20 99 48 3 37 72 90 38 9 62 69 46 83 11 84 79 0 19 33 35 14 36 2 89 65 70 26 41 16 74 25 56 60 5 17 43 78 6 80 97 22 10 50 85 67 77 86 12 52 57 23 1 39 76 32
89 24 47 95 97 61 66 91 81 10 11 52 98 26 85 1 92 35 83 20 82 34 43 79 64 76 13 63 54 60 58 44 68 15 18 31 40 93 59 7 32 2 8 17 100 74 62 65 67 77 22 84 86 4 0 36 41 9 14 46 29 56 90 28 80 37 55 16 70 23 6 69 33 94 39 48 57 49 51 42 75 99 72 3 45 96 21 30 53 5 50 73 19 71 87 27 25 12 78 38 88
100 15 60 79 53 45 13 96 7 29 22 50 23 70 98 83 27 63 64 19 66 42 5 11 76 74 73 89 31 16 4 67 17 24 33 80 43 37 85 35 51 30 20 26 72 84 12 48 32 44 88 1 25 57 71 58 97 40 52 28 9 81 99 47 38 87 8 54 46 3 56 10 39 78 59 92 61 86 94 65 0 36 21 18 93 95 2 55 75 62 91 90 68 6 34 69 14 49 41 82 77
1 98 96 86 42 11 95 61 34 25 72 51 94 33 29 74 17 54 8 63 56 65 15 50 6 47 36 24 77 27 21 93 44 2 45 59 80 41 43 55 71 73 3 88 26 69 100 78 48 32 9 35 49 68 89 83 38 82 10 20 0 14 23 99 13 66 76 70 57 84 91 60 64 58 22 5 46 97 92 79 18 4 16 53 90 37 85 62 40 67 52 19 87 28 30 12 31 39 7 81 75
17 22 5 96 77 60 100 45 68 72 57 4 59 44 12 26 31 14 6 64 27 40 32 10 76 67 69 25 13 75 81 88 79 38 34 87 3 19 99 30 49 55 41 8 21 95 18 80 52 58 53 36 97 86 50 43 65 91 90 71 42 1 15 61 66 23 29 92 16 48 47 83 2 63 94 93 78 70 51 9 35 37 11 28 84 85 33 82 98 39 74 20 7 54 73 89 62 56 0 46 24
80 33 94 44 69 32 67 22 93 71 46 53 24 37 72 4 58 99 5 79 88 66 17 11 21 95 51 7 9 36 23 96 65 68 14 62 13 28 70 56 76 59 50 73 3 15 26 10 8 16 61 52 35 55 49 41 42 75 1 12 34 30 2 64 90 86 29 92 78 60 91 47 54 83 38 18 20 19 100 63 27 57 6 89 74 81 85 97 45 25 84 48 40 43 82 77 39 0 87 31 98
92 63 49 16 12 19 73 20 15 45 1 50 72 31 51 5 9 25 58 2 17 46 8 60 47 28 11 65 39 10 79 4 29 34 6 56 98 26 3 24 100 14 13 43 96 70 87 80 86 85 77 57 84 18 55 64 54 30 38 82 94 97 36 27 59 62 52 23 41 74 78 99 33 35 42 71 88 22 68 48 61 76 66 93 67 83 0 89 95 32 21 90 7 53 40 69 75 44 91 81 37
38 61 36 70 78 31 44 75 90 52 30 96 77 15 56 94 99 74 69 34 60 100 37 0 18 72 86 66 85 84 21 98 67 82 17 48 22 43 11 53 24 92 89 2 93 64 20 46 16 49 76 10 29 41 91 95 45 26 25 83 23 58 1 4 8 57 97 71 59 80 54 50 63 5 12 81 7 6 35 39 55 47 88 27 62 3 79 14 28 19 40 65 32 9 51 87 68 42 33 73 13
83 84 16 97 68 72 40 93 91 54 88 14 18 22 52 19 71 2 24 65 58 57 46 42 28 13 63 9 56 66 82 76 26 95 10 79 60 85 81 62 96 47 100 86 64 89 36 61 6 99 34 50 59 98 4 49 3 87 41 5 29 25 74 78 38 75 31 48 44 43 92 77 30 33 94 12 73 80 1 55 70 39 7 32 27 8 0 37 11 21 15 67 23 35 17 51 20 45 53 90 69
71 81 10 73 50 84 52 16 27 15 88 56 28 49 37 89 48 57 2 41 26 7 11 72 6 98 53 82 51 80 34 94 83 64 3 65 87 45 5 96 70 100 66 90 77 76 4 22 75 85 21 35 44 74 18 20 92 23 9 1 46 54 31 30 25 60 8 19 42 86 78 68 24 95 99 32 14 55 40 13 79 33 38 47 39 97 63 91 43 67 12 61 36 69 58 93 17 0 62 59 29
49 58 91 73 61 4 52 60 98 31 46 0 51 78 25 95 83 32 56 9 85 75 71 36 68 7 3 13 82 93 87 66 37 11 10 12 41 6 40 24 67 77 29 74 35 33 97 28 47 23 94 59 65 86 69 81 50 92 76 2 72 1 17 43 70 18 30 45 21 22 84 79 16 57 54 100 48 90 20 38 27 5 63 34 26 8 39 64 53 55 42 96 89 99 80 19 62 14 15 44 88
64 16 87 86 40 76 33 28 37 79 61 20 67 72 23 32 71 25 91 63 29 68 97 1 88 38 27 34 15 5 18 43 26 74 70 81 6 96 2 12 3 13 94 95 53 80 65 83 14 7 19 62 58 98 89 21 30 39 47 77 42 4 73 44 45 51 54 36 50 82 11 24 60 84 66 59 78 46 99 41 49 9 85 75 8 55 92 57 90 100 93 0 52 48 31 17 56 22 10 35 69
42 53 37 48 10 66 17 63 90 76 99 9 12 25 68 47 49 1 16 23 94 87 20 72 44 61 51 100 91 33 21 95 64 28 71 93 13 4 46 89 6 39 50 14 19 5 3 84 41 57 59 81 55 2 18 52 73 78 34 85 7 11 83 58 65 82 0 96 74 54 43 27 38 24 69 92 8 80 88 70 35 45 26 56 75 67 40 30 36 31 62 22 32 77 98 97 86 29 60 79 15
72 27 7 59 78 18 13 83 58 93 100 35 25 6 89 31 12 33 26 64 47 97 92 46 20 79 9 34 60 16 98 77 55 23 37 29 11 88 74 94 57 81 96 39 43 30 45 4 49 84 15 2 24 67 70 66 32 48 65 82 90 40 1 75 22 38 3 19 14 71 87 63 42 41 52 62 53 91 17 73 56 68 21 44 51 54 86 69 50 10 28 5 76 61 99 95 36 8 85 0 80
39 27 69 9 83 13 1 28 37 12 53 84 43 22 99 67 64 18 4 73 94 11 45 16 79 57 95 88 35 75 72 38 46 19 56 62 98 54 92 87 66 32 44 17 48 40 100 74 8 59 30 26 50 65 96 58 21 55 71 29 85 82 78 15 33 51 41 36 63 34 97 91 49 77 47 80 81 14 6 89 5 61 90 70 52 93 23 86 60 7 3 68 20 10 42 0 24 31 2 25 76
46 61 70 92 30 97 34 86 45 69 57 59 54 20 49 31 32 90 10 15 52 43 40 11 9 12 98 80 51 35 36 50 60 8 99 79 18 76 7 39 83 62 63 68 6 88 25 19 42 66 17 75 29 58 38 44 87 47 89 67 94 77 56 93 85 13 91 96 82 72 78 81 55 1 4 28 53 23 74 22 5 100 26 27 48 3 16 0 65 33 41 73 84 95 14 24 2 71 64 37 21
88 94 12 48 33 59 46 82 68 61 23 51 73 27 15 22 97 83 66 58 62 16 56 30 34 37 52 92 39 74 7 35 80 76 78 99 53 3 14 49 21 2 29 91 45 64 79 81 85 70 96 8 65 17 26 54 41 84 5 9 86 4 69 55 93 44 24 43 32 10 20 71 1 42 28 19 98 11 50 87 63 100 25 89 77 67 31 75 57 90 38 0 18 6 13 47 72 36 95 40 60
6 99 80 10 40 20 69 60 92 36 30 86 29 88 93 26 85 9 96 68 28 24 73 52 50 72 42 75 53 98 48 46 65 63 18 31 97 78 7 81 37 2 61 94 1 25 39 90 55 87 27 0 91 76 82 56 21 8 43 84 35 62 51 17 5 54 83 71 3 34 44 70 45 95 47 13 66 33 100 32 57 14 77 79 11 74 67 58 23 59 16 89 49 38 12 15 19 64 41 4 22
10 62 81 49 83 96 25 60 41 37 22 40 91 99 74 26 32 70 57 30 84 89 76 88 55 44 16 93 13 86 20 33 66 87 15 34 79 98 71 27 65 21 2 47 59 100 48 63 42 39 53 69 85 75 6 46 61 52 28 77 35 12 73 19 82 64 78 36 5 8 31 43 97 38 58 23 51 11 90 54 94 56 45 14 29 9 3 4 18 95 72 68 50 92 80 0 7 67 24 17 1
24 90 17 46 69 21 26 47 56 13 57 1 42 28 4 27 66 0 96 53 95 58 30 85 18 3 22 29 52 81 6 80 72 41 49 97 74 20 34 64 86 65 71 36 32 11 19 89 38 40 88 87 98 55 61 94 16 79 33 5 35 2 68 45 10 67 73 50 77 54 76 14 37 91 39 60 23 78 9 59 62 15 48 8 83 84 25 100 7 44 51 12 99 70 75 82 63 31 92 93 43
91 70 74 26 0 88 40 36 95 15 66 59 73 68 76 55 51 5 11 34 28 25 90 23 30 22 35 62 83 41 24 46 13 4 57 58 12 56 77 53 27 97 52 3 45 61 82 63 16 8 38 48 20 29 79 54 17 1 7 47 19 65 49 50 100 6 18 64 72 98 43 10 84 81 69 92 89 67 33 86 44 87 60 14 93 96 75 85 94 2 78 42 39 32 80 9 71 37 21 99 31
7 39 31 74 38 57 85 23 54 64 100 94 5 60 78 87 49 36 14 92 75 0 50 59 29 82 33 12 67 62 90 98 70 88 52 4 56 68 9 61 34 24 40 3 71 76 80 58 11 30 44 55 93 65 72 19 97 81 63 6 47 10 15 89 91 53 42 13 16 17 20 66 37 45 86 95 18 43 21 35 28 69 99 26 84 73 2 8 96 25 46 77 32 48 27 22 51 83 1 41 79
90 2 54 39 74 32 33 30 68 20 94 7 44 41 25 77 49 52 91 88 53 93 69 12 99 11 21 89 4 0 36 80 73 85 8 45 19 59 24 76 63 37 98 6 43 71 83 1 46 23 58 62 48 15 47 50 17 82 81 29 22 38 72 60 9 100 5 78 27 16 26 96 84 64 42 13 3 86 70 75 10 87 56 65 92 14 97 51 31 35 18 95 79 28 57 61 66 67 40 55 34
88 83 1 74 33 92 18 32 31 94 80 44 22 24 90 40 30 82 26 100 48 63 23 41 81 56 96 37 86 21 84 42 35 71 17 28 87 47 85 55 5 68 64 65 43 0 69 34 12 99 97 76 8 46 91 50 95 3 6 89 14 4 7 10 49 36 75 60 11 51 72 52 70 2 16 93 78 38 9 58 79 62 27 19 98 15 67 39 59 53 25 66 29 57 54 20 73 45 77 61 13
73 90 89 62 32 4 88 38 65 57 50 60 74 68 12 76 26 8 16 11 17 18 53 13 77 42 93 71 98 10 30 78 84 58 9 35 51 64 67 52 15 23 7 94 56 69 28 85 72 44 100 87 86 83 20 34 45 91 39 40 66 1 95 61 24 48 22 43 5 33 47 99 41 92 70 21 81 0 79 37 59 96 82 29 27 75 2 80 36 31 49 14 25 54 46 19 55 97 3 6 63
57 35 6 56 77 62 42 65 39 80 15 33 12 59 78 88 100 85 24 44 99 94 73 45 49 0 22 4 31 34 72 51 26 16 11 55 1 58 53 81 79 76 38 86 37 68 21 43 90 70 32 67 3 61 84 7 41 40 13 66 69 27 74 92 48 10 97 82 46 60 87 75 8 14 93 30 17 91 29 25 19 96 71 83 9 50 18 5 63 36 52 64 23 98 47 20 28 54 2 89 95
24 8 58 12 28 47 99 77 42 83 88 44 68 81 91 66 36 35 84 100 48 40 55 93 87 97 63 62 57 51 65 92 53 90 82 50 32 27 98 96 34 13 72 54 0 41 29 26 20 21 11 52 94 75 61 31 86 46 22 14 10 9 95 49 15 37 23 39 30 2 4 6 38 85 64 19 79 78 5 59 17 73 70 18 56 80 33 74 43 67 16 1 89 45 69 3 7 60 25 76 71
99 23 60 1 81 22 47 5 95 58 8 87 6 39 70 48 33 16 64 96 34 27 50 54 86 7 97 41 73 53 24 100 37 68 2 17 13 71 72 65 92 31 83 40 35 84 38 93 67 19 85 46 94 63 18 89 90 88 62 69 43 26 79 9 36 51 21 30 59 57 32 78 91 45 55 75 10 0 11 12 77 14 61 74 44 80 20 76 52 28 29 82 4 98 25 66 56 49 3 15 42
33 79 72 9 52 23 91 17 87 55 82 0 10 49 19 29 25 65 3 97 37 96 68 47 70 11 98 51 53 89 93 36 88 6 1 67 95 30 50 81 5 62 43 90 35 60 54 4 2 22 48 77 44 15 21 14 45 8 26 64 78 80 24 7 75 13 94 99 71 92 63 86 18 46 69 12 31 56 28 32 100 39 38 42 74 76 34 41 84 61 58 57 83 59 73 40 27 85 20 16 66
21 59 99 80 73 77 61 60 54 86 96 45 2 84 48 97 16 50 76 63 67 11 49 18 23 17 6 70 81 65 55 7 5 40 13 24 91 3 88 12 62 37 8 98 30 100 22 4 10 44 72 92 34 95 31 26 47 52 42 15 33 74 68 46 19 9 94 29 20 79 36 57 83 71 87 75 39 41 38 66 90 58 0 1 93 69 64 14 25 82 85 51 43 89 53 32 35 56 27 28 78
89 15 21 68 33 52 67 87 17 50 32 92 53 26 99 1 20 62 9 42 46 4 51 72 60 88 85 55 91 2 70 29 28 19 81 86 8 93 75 47 36 97 84 22 83 18 48 5 64 82 49 90 11 31 13 73 57 25 79 63 0 59 54 96 16 10 71 65 100 6 76 69 24 37 30 56 95 23 38 27 43 98 40 45 14 35 41 39 44 94 74 66 80 3 12 61 77 7 78 34 58
41 6 46 23 7 70 93 74 59 92 51 58 77 63 8 96 15 48 82 69 18 86 91 62 37 68 43 98 25 30 33 16 64 17 44 73 87 47 31 57 66 22 38 50 45 11 21 72 79 52 60 35 39 65 20 36 2 89 40 10 9 12 26 84 80 34 78 94 28 95 29 49 13 32 42 0 81 85 83 61 14 76 5 88 67 100 24 4 90 55 71 3 1 27 97 99 54 56 75 53 19
74 30 81 7 78 4 49 72 53 15 82 100 83 65 56 64 86 66 11 85 1 87 95 55 43 99 39 48 54 97 16 60 40 73 69 14 3 34 75 47 42 8 24 92 17 36 20 6 57 71 9 50 23 88 46 90 52 51 33 25 32 70 27 37 35 67 59 10 77 93 89 91 80 21 76 19 26 45 41 94 12 98 5 29 62 44 63 38 18 13 58 0 84 2 28 79 61 31 96 68 22
99 31 45 28 30 84 51 43 13 48 26 25 10 55 74 89 47 79 87 72 40 15 86 64 94 54 85 24 90 69 83 78 76 70 68 41 62 39 9 49 12 61 73 46 17 81 95 67 75 27 21 77 19 7 91 53 98 6 100 71 97 8 36 16 1 29 57 14 63 33 20 80 93 66 38 88 0 22 2 44 92 18 32 82 35 58 56 4 59 23 5 65 60 37 52 42 96 50 3 11 34
70 29 6 73 18 9 10 31 87 23 32 16 78 14 71 77 88 28 36 47 95 4 46 8 41 90 54 57 64 12 40 42 61 92 58 83 99 48 45 33 98 74 50 52 93 24 1 72 63 53 68 49 75 26 37 80 89 35 3 94 67 0 19 91 13 34 55 27 85 39 56 97 25 5 7 65 79 66 2 20 21 59 51 30 11 62 100 69 82 86 22 76 38 84 17 15 44 60 43 96 81
83 49 35 54 31 87 37 26 53 86 78 38 72 94 4 56 19 66 0 93 10 91 22 73 67 65 32 14 96 81 1 44 79 71 41 18 60 46 85 68 55 48 7 90 45 52 97 80 51 36 28 16 13 47 76 62 17 75 92 9 100 30 29 50 57 24 69 12 77 58 25 2 74 5 33 89 34 98 88 99 63 11 95 61 39 40 20 64 23 70 6 42 27 3 59 82 15 8 21 43 84
87 36 92 85 80 59 70 77 55 93 16 67 45 20 27 31 38 1 35 72 11 12 47 5 9 14 79 42 21 46 95 4 7 13 69 68 17 71 100 65 6 39 58 81 34 24 94 96 82 51 0 23 86 54 83 73 75 90 32 10 25 15 52 41 48 50 56 74 64 3 53 40 89 60 88 63 18 26 97 84 76 29 19 33 22 57 44 43 61 30 37 66 62 8 98 49 78 28 91 2 99
5 68 9 57 12 78 43 13 72 29 76 98 14 51 100 96 1 65 10 85 53 87 38 50 8 33 42 92 17 31 91 62 11 15 63 90 64 83 74 7 40 88 30 66 55 39 69 28 61 93 16 58 54 99 35 20 22 56 0 47 49 81 97 94 82 52 95 48 75 77 24 6 3 84 79 27 73 4 60 45 89 36 37 19 44 86 70 25 34 41 32 67 46 23 26 18 71 2 80 59 21
74 40 86 58 53 97 88 95 56 15 7 21 81 65 71 16 89 30 24 98 73 83 75 44 62 37 50 85 6 66 12 90 38 14 9 10 23 4 33 69 64 84 34 35 92 13 42 77 20 76 2 93 36 63 70 22 61 59 91 99 11 52 29 55 80 39 87 1 27 45 17 47 46 54 68 51 18 5 57 96 19 8 67 72 32 82 100 41 25 60 94 48 28 31 78 0 79 3 26 49 43
88 84 19 93 3 67 99 7 24 96 80 5 51 11 25 91 23 15 46 21 77 34 86 29 41 63 79 26 70 100 97 61 74 72 58 55 54 95 76 83 94 98 78 1 45 66 14 33 85 92 71 39 82 89 40 35 44 28 18 6 56 16 73 8 59 62 4 9 52 87 17 47 13 75 0 65 42 48 32 38 90 36 10 27 69 22 49 57 30 50 37 2 81 12 64 20 53 60 31 68 43
68 40 77 69 1 21 47 7 43 38 9 85 13 60 81 48 33 30 53 61 90 16 42 75 74 41 100 55 59 64 56 83 18 27 98 94 79 39 96 46 88 71 5 2 45 99 10 20 80 14 44 26 51 12 11 15 23 92 66 49 36 0 3 35 4 67 6 37 89 62 58 93 28 76 24 70 65 95 19 78 8 52 34 25 82 72 73 17 31 32 63 57 87 86 50 22 29 84 91 54 97
9 66 8 18 81 71 19 30 28 38 67 44 29 77 7 41 80 16 49 27 56 33 68 42 43 90 69 82 51 32 86 24 3 36 83 14 84 59 74 26 4 2 12 88 22 72 5 0 57 65 47 63 55 53 98 15 79 58 54 11 97 40 94 73 96 50 92 21 31 34 23 91 39 70 6 93 99 100 13 45 61 25 78 52 17 20 95 87 76 48 1 10 60 35 89 37 64 75 46 85 62
92 24 30 20 49 28 22 53 88 59 76 83 74 67 61 81 99 32 94 26 50 86 35 90 4 14 51 56 72 70 82 0 23 65 58 36 93 100 64 43 47 71 66 10 18 89 48 77 42 2 38 78 69 34 96 19 5 95 21 41 25 1 91 52 31 87 7 15 97 33 29 39 46 75 8 63 17 57 16 11 80 62 3 60 13 27 85 44 84 55 37 9 54 79 6 12 68 45 73 40 98
41 96 35 78 81 33 37 47 0 5 22 2 38 60 64 52 59 54 50 27 53 57 100 31 13 19 42 76 46 1 74 94 40 58 99 61 79 72 28 15 77 17 65 56 73 7 29 85 48 70 90 69 18 91 84 16 25 6 82 68 20 30 21 14 26 36 44 24 39 66 43 88 45 51 75 49 3 80 86 67 87 92 55 12 23 89 62 97 63 93 98 9 11 95 71 83 10 34 32 8 4
98 21 82 57 32 52 84 47 8 43 97 7 62 31 86 55 73 28 100 77 50 26 54 38 80 71 96 72 4 14 41 69 64 16 53 1 5 48 46 9 88 29 15 66 58 36 19 3 90 25 63 92 61 23 13 74 67 11 33 60 45 37 0 87 70 2 59 68 78 18 30 12 85 42 40 49 94 81 10 22 89 83 95 20 27 65 44 76 34 93 39 24 79 6 75 51 17 56 91 35 99
72 33 37 57 32 9 5 90 27 65 28 83 95 62 88 44 23 92 61 18 75 82 30 87 0 17 56 25 68 10 46 59 78 13 21 51 67 12 15 84 7 97 29 19 66 81 94 77 8 35 20 16 89 53 22 26 86 76 73 79 47 36 91 1 69 60 52 34 6 80 38 31 2 98 99 24 71 48 85 45 41 3 54 64 100 55 70 4 39 11 50 63 49 43 93 96 74 40 42 14 58
20 5 35 99 50 21 14 41 88 70 86 2 91 12 39 42 23 31 93 22 77 64 76 18 62 43 57 13 98 38 59 78 56 67 61 71 55 36 46 96 95 47 24 49 33 25 37 68 30 94 52 53 72 3 92 8 19 100 45 27 58 34 69 0 66 54 87 82 11 65 97 1 63 51 89 79 16 6 44 26 15 29 28 73 48 9 83 32 10 90 60 7 84 4 85 74 17 81 80 40 75
83 82 35 50 22 12 92 90 13 98 53 48 93 8 27 17 7 67 9 62 0 52 3 57 99 78 38 61 89 37 71 28 80 97 34 51 4 25 91 45 58 19 85 70 59 43 30 24 33 31 36 6 72 46 86 56 75 26 1 15 63 60 21 76 68 66 47 2 88 10 54 16 96 87 41 23 14 32 44 20 100 84 77 94 11 55 65 49 69 79 95 74 81 29 5 64 40 18 73 39 42
36 28 81 27 44 23 5 93 34 99 80 8 58 88 78 72 91 86 19 42 9 38 51 55 25 76 54 90 77 83 92 96 57 46 53 56 33 7 62 50 32 22 24 71 31 13 89 61 40 79 14 1 60 66 75 82 41 11 48 16 29 63 2 68 95 20 0 73 30 12 69 84 98 18 21 15 52 17 37 26 100 85 3 47 39 65 10 4 70 35 94 97 45 64 74 59 49 67 87 43 6
6 56 45 70 87 78 42 11 59 8 55 91 50 57 25 2 83 41 19 15 39 44 79 24 43 5 37 84 10 82 16 7 33 89 88 18 60 26 38 12 97 34 95 29 4 47 48 35 94 52 85 98 86 67 99 80 46 68 3 62 92 72 63 17 100 49 40 61 36 65 0 76 21 32 75 14 1 77 27 90 71 22 28 64 74 53 51 54 73 96 58 20 31 30 66 93 81 69 9 13 23
7 78 20 1 23 44 62 88 65 22 97 74 33 13 2 48 15 3 82 18 98 76 10 47 30 90 67 59 24 8 92 72 75 39 49 94 64 31 99 85 4 83 11 43 84 96 52 95 51 17 29 87 36 34 26 46 79 40 19 100 14 42 50 70 41 89 91 21 86 80 54 0 6 5 45 38 58 69 25 27 35 60 28 77 12 63 81 53 9 56 61 16 32 55 68 71 93 73 66 37 57
7 24 9 33 15 97 96 62 93 92 28 2 85 59 60 4 10 74 66 37 49 30 20 61 6 42 52 12 23 13 26 73 43 11 47 99 68 65 70 44 69 19 88 54 94 34 21 22 5 8 46 51 64 18 57 67 53 27 40 45 76 82 80 41 95 89 17 25 87 35 72 48 0 71 29 81 50 63 16 84 100 55 38 75 86 78 32 36 39 98 14 56 58 1 31 77 79 90 3 83 91
20 10 66 60 96 73 62 76 40 3 57 98 49 2 48 21 93 77 58 54 25 1 71 42 95 61 100 69 12 47 38 79 41 22 24 33 26 82 52 46 84 68 11 32 43 81 65 89 53 45 16 78 15 85 87 13 51 5 29 67 30 97 18 91 86 0 44 64 92 4 75 7 6 39 19 35 23 14 55 90 34 9 70 8 17 74 72 80 37 36 27 56 59 88 50 28 31 63 99 94 83
95 25 13 15 12 54 98 93 51 67 53 29 48 96 79 20 74 43 65 73 47 87 56 41 24 78 37 7 49 31 9 76 50 42 11 94 88 6 14 34 89 4 5 61 69 26 18 64 44 80 83 71 2 36 55 99 1 90 38 66 62 22 70 92 57 0 39 60 35 52 30 68 63 33 45 77 59 97 10 17 82 28 27 72 58 86 32 91 100 23 85 21 84 8 75 46 40 19 81 3 16
7 71 87 27 19 88 0 65 48 21 49 77 10 81 59 23 72 39 76 33 8 63 26 98 3 14 75 4 38 47 57 6 24 37 79 61 86 12 62 52 25 68 44 93 40 73 97 69 42 5 89 53 70 31 96 16 45 95 17 92 80 78 58 56 67 32 84 41 36 85 28 2 64 100 66 43 90 46 13 18 54 82 34 20 60 94 99 15 30 74 11 29 83 50 22 1 51 35 91 9 55
72 50 14 91 39 0 36 29 79 84 76 87 53 78 99 75 51 66 17 68 93 5 94 11 82 85 96 57 15 58 89 59 7 1 74 16 21 97 40 27 62 65 46 92 67 52 24 22 41 12 70 81 31 83 20 77 37 35 73 64 55 33 45 28 30 44 19 98 10 56 8 2 86 71 63 18 34 95 6 4 43 13 9 80 25 48 3 47 49 90 26 88 32 42 100 69 23 54 38 60 61
