49 87 55 35 96 62 63 90 7 78 25 42 19 80 92 41 43 81 53 2 30 36 8 40 23 74 84 33 59 52 37 86 71 76 48 79 61 77 24 50 65 44 100 69 13 91 67 56 11 27 83 20 54 28 29 4 47 45 68 34 94 66 70 17 95 57 5 16 98 99 75 39 51 15 85 31 97 1 58 73 72 22 10 21 82 0 32 46 89 38 88 3 9 14 26 64 12 6 93 60 18
6 68 77 30 20 84 97 9 63 44 42 70 40 93 34 49 22 91 2 7 71 72 73 95 48 60 78 85 82 13 88 67 41 74 18 81 54 58 98 10 83 52 61 0 100 64 50 86 38 3 59 27 25 57 55 43 96 53 46 14 5 1 17 4 16 28 65 79 15 89 33 92 45 24 76 47 69 80 90 56 99 23 36 87 32 39 37 12 75 94 66 29 21 26 51 19 35 11 62 31 8
92 33 60 76 9 1 93 52 82 7 6 64 75 45 97 86 22 91 85 14 38 0 83 23 16 39 13 29 84 43 42 80 94 44 79 12 99 31 37 28 40 78 68 47 62 49 18 88 36 15 3 57 4 59 87 24 56 5 69 51 25 26 65 10 50 34 71 27 90 19 95 77 74 35 72 89 96 41 2 32 21 54 20 11 53 58 70 100 66 73 17 98 67 46 55 8 30 48 61 81 63
8 64 57 81 44 37 13 15 7 71 79 53 54 86 77 28 98 87 3 51 20 29 60 32 63 72 83 12 70 22 80 58 47 40 18 31 9 25 36 99 33 67 2 50 94 90 52 38 24 85 78 73 43 76 17 96 59 14 34 4 5 42 68 23 62 75 66 10 46 97 61 26 65 82 49 88 30 93 39 95 0 16 74 45 100 41 1 69 89 6 84 56 48 35 11 91 27 55 21 92 19
59 18 41 6 79 55 88 12 84 80 40 52 11 71 72 86 5 29 3 13 92 78 15 49 67 83 25 33 70 1 24 89 38 4 66 28 51 75 48 69 62 100 36 65 81 20 50 61 94 98 0 31 68 22 23 26 73 14 2 82 47 99 53 10 32 64 34 87 63 76 57 35 91 37 17 45 19 97 60 21 56 95 90 7 93 16 9 44 58 96 77 54 27 39 30 8 85 74 46 43 42
20 51 77 63 48 5 78 99 55 94 65 45 76 58 86 40 17 3 37 85 15 71 79 26 74 95 42 35 90 16 0 22 61 57 21 84 38 19 97 75 12 6 66 1 11 50 80 87 7 56 52 13 59 29 47 92 60 72 2 69 91 4 39 33 96 34 89 67 44 93 14 32 64 9 73 18 53 30 28 88 23 82 68 31 98 49 25 41 8 100 27 81 36 83 10 46 70 54 43 62 24
6 95 28 62 92 73 59 13 58 2 88 79 24 26 74 71 69 76 53 91 96 3 40 78 66 89 80 4 87 72 43 84 56 57 75 1 22 47 52 17 85 61 93 65 12 10 19 55 36 23 11 99 15 100 54 16 42 81 90 33 45 34 49 67 30 31 83 37 14 20 39 38 63 50 5 48 77 29 98 68 97 25 27 51 8 64 46 82 94 41 32 7 35 9 86 18 70 44 60 21 0
91 71 79 68 32 16 94 66 38 34 44 57 98 74 6 87 92 28 3 60 41 89 82 22 90 80 19 8 24 100 73 17 26 48 29 9 45 54 51 53 2 96 1 77 75 72 0 78 23 33 25 43 46 65 12 81 15 11 52 76 50 40 97 39 31 69 7 64 42 88 36 35 27 49 10 55 37 95 61 5 14 21 85 63 84 59 4 67 70 99 47 62 30 20 93 56 13 86 18 58 83
62 48 60 37 71 86 40 16 53 4 11 65 87 84 6 2 3 89 41 100 93 8 18 25 54 36 69 28 72 78 55 10 79 75 17 24 22 98 85 34 7 30 42 76 23 66 12 46 58 56 20 38 88 57 35 9 61 47 80 50 70 63 44 64 1 67 81 73 29 82 52 5 59 97 15 95 19 74 94 14 51 90 33 32 27 49 83 99 92 31 43 0 96 21 91 77 45 68 26 39 13
6 3 73 21 70 64 37 91 38 2 72 99 35 10 50 75 58 14 54 68 85 86 82 4 13 87 84 1 83 90 9 22 29 56 66 96 65 30 26 17 40 53 39 28 55 8 42 94 97 76 62 81 12 31 41 74 71 16 34 36 78 27 88 49 32 100 57 44 23 7 33 15 25 93 46 11 77 67 98 0 95 19 45 51 18 48 69 59 60 43 61 5 24 80 79 52 63 47 92 89 20
35 94 99 47 34 42 69 71 16 66 20 26 1 74 21 13 64 36 17 3 62 56 8 51 80 75 96 92 83 46 32 11 45 88 49 29 43 53 4 93 79 25 84 38 22 97 55 24 67 54 12 61 86 44 2 76 91 30 100 82 95 77 19 58 23 70 18 9 48 27 39 50 37 33 10 7 65 41 78 31 60 59 5 40 68 72 73 57 0 63 6 87 52 14 28 15 98 81 90 85 89
14 51 54 71 43 6 25 37 28 60 24 81 59 58 66 48 26 84 93 96 73 33 77 55 19 30 4 49 3 41 46 7 99 100 10 67 8 57 44 80 88 23 87 50 76 56 61 27 90 1 83 12 22 53 9 13 40 11 82 92 62 63 47 72 86 68 20 94 17 31 2 18 78 64 0 36 95 15 89 32 70 39 52 16 69 79 65 85 34 38 91 5 74 98 35 29 45 97 42 21 75
58 9 65 51 82 84 89 98 22 74 91 18 32 5 20 39 85 71 57 30 28 86 43 41 97 16 60 21 63 48 40 87 27 54 69 90 23 72 59 56 17 76 88 37 77 3 80 66 8 70 53 15 75 99 19 61 14 2 94 62 6 81 73 93 79 26 45 13 96 11 52 7 38 100 46 44 36 64 24 10 68 4 29 33 0 34 49 78 42 25 12 35 47 92 83 1 55 95 67 50 31
31 6 94 71 72 27 69 38 99 74 59 85 2 68 93 22 41 57 36 51 95 84 70 100 3 58 9 35 50 79 34 88 92 46 32 53 56 66 16 23 40 21 17 28 97 62 30 75 77 42 12 82 87 54 4 11 98 45 64 78 83 73 8 15 5 1 61 49 96 65 90 29 0 63 43 81 39 14 86 55 47 25 44 48 80 13 26 76 7 24 52 19 60 37 67 33 10 89 91 18 20
92 91 19 0 20 99 100 11 44 30 12 7 16 79 18 24 26 8 42 64 52 90 84 85 68 48 35 28 14 2 89 1 3 96 25 71 41 15 4 63 77 38 74 70 58 33 6 81 49 98 39 57 34 45 37 43 78 55 86 10 51 97 88 29 47 9 36 62 73 82 80 46 54 50 76 59 21 61 27 75 17 5 94 56 67 65 66 72 83 95 53 22 93 32 60 31 13 40 23 69 87
51 66 62 84 40 82 71 97 48 15 65 92 68 13 4 75 23 47 86 8 74 52 73 24 2 1 21 87 53 79 96 94 81 30 44 12 5 17 70 72 55 28 98 56 54 19 46 39 36 50 58 32 10 37 61 9 26 27 42 95 11 83 45 34 78 93 77 49 88 100 89 41 33 63 76 64 14 38 31 69 91 29 6 35 16 90 85 7 57 60 99 20 18 67 3 59 0 80 22 43 25
85 37 87 42 53 51 97 2 24 59 99 6 58 75 64 27 36 56 12 19 86 66 39 25 55 31 47 1 63 23 80 72 74 20 84 95 89 0 28 60 29 34 21 98 14 90 100 70 32 96 69 7 8 68 3 82 76 35 48 40 22 52 33 61 15 46 62 88 49 30 79 91 81 92 67 5 83 18 45 57 44 16 73 65 4 17 71 93 13 9 94 54 50 38 78 26 11 41 10 43 77
18 80 78 2 17 23 14 65 73 31 28 35 16 90 66 55 58 30 88 45 13 39 82 61 19 34 63 67 53 4 97 71 36 38 93 24 41 8 62 47 57 10 83 84 100 89 44 79 94 76 56 15 49 59 0 25 51 5 6 32 98 81 11 54 86 48 43 92 7 50 3 29 77 20 21 72 95 69 75 85 60 37 70 26 9 42 40 33 12 1 46 87 68 52 91 99 27 64 74 22 96
68 35 13 19 88 41 60 47 89 46 83 20 30 28 87 56 44 71 82 21 91 32 18 36 58 33 4 1 45 26 92 79 3 96 43 11 17 23 53 59 54 98 34 69 37 24 80 52 94 62 77 93 25 81 5 15 49 67 75 97 95 40 14 76 22 57 29 12 31 90 50 70 61 74 66 0 16 99 65 7 39 84 48 73 100 2 8 85 42 38 64 72 9 10 78 27 55 63 51 86 6
71 62 99 52 8 88 98 100 48 47 49 77 31 59 16 86 87 95 40 10 34 73 22 21 51 84 4 50 18 7 23 55 6 0 26 76 64 66 37 82 90 80 94 24 45 13 15 42 19 54 74 43 78 29 83 38 41 96 2 20 46 3 60 91 12 67 68 69 63 92 70 61 44 28 57 85 35 72 25 65 97 11 1 32 53 33 36 79 27 93 81 56 89 17 39 14 9 5 58 75 30
26 22 47 93 9 62 59 42 92 46 6 51 7 45 66 88 16 1 24 33 49 58 54 90 44 34 27 61 19 20 75 73 57 31 28 25 2 84 96 78 37 95 23 40 87 82 0 69 71 97 70 14 86 94 32 64 81 85 11 5 38 21 100 72 48 10 4 29 76 35 67 52 13 74 55 36 3 91 99 50 15 80 63 17 79 30 56 41 68 53 83 43 98 60 77 39 65 12 89 18 8
84 4 83 42 46 96 1 56 49 30 21 29 37 28 27 87 99 60 18 41 44 26 74 70 24 25 50 78 59 72 48 57 8 11 51 32 82 2 52 100 35 34 77 75 47 98 66 39 31 10 89 40 23 68 55 71 20 79 86 15 88 58 97 0 12 63 36 13 92 6 3 80 64 85 9 54 22 95 14 53 69 91 17 81 61 33 38 7 90 65 67 93 62 45 5 76 73 94 43 16 19
97 19 39 57 2 28 84 27 55 16 79 91 47 8 5 89 100 17 21 74 94 41 51 73 93 76 10 3 18 64 62 32 95 43 30 83 37 45 25 68 48 46 38 44 34 96 82 59 9 80 66 90 24 98 72 99 71 14 13 58 42 50 75 26 78 81 63 4 23 85 49 92 7 52 87 29 6 56 12 22 86 70 69 61 0 60 15 1 20 33 77 36 54 65 35 67 88 11 53 40 31
23 97 54 72 100 95 86 79 66 37 28 47 30 45 22 7 53 41 42 59 29 82 91 76 60 58 75 49 50 88 5 52 96 19 85 34 20 48 80 38 25 27 99 9 24 84 61 3 32 55 51 69 81 16 26 56 39 18 12 4 44 36 62 90 2 71 64 13 87 17 94 35 0 77 68 43 78 70 15 8 11 92 98 67 73 40 33 74 93 10 57 83 46 89 65 63 6 1 31 14 21
39 92 36 14 74 5 59 52 53 3 29 30 17 26 69 73 54 1 58 21 13 82 25 87 38 91 77 79 32 12 84 65 98 37 19 78 6 62 9 46 43 45 34 7 40 31 51 0 2 95 28 66 72 70 67 42 100 85 60 83 71 55 22 44 68 56 24 20 11 90 33 88 18 47 49 10 93 61 4 27 86 16 97 80 89 8 64 99 57 23 96 41 50 63 81 75 48 35 15 76 94
65 13 39 28 89 77 6 56 43 85 58 94 44 76 97 3 18 59 90 98 88 19 48 79 38 78 61 66 51 86 9 54 73 82 64 83 20 21 93 30 53 8 80 41 52 87 36 33 62 72 27 17 29 1 57 10 0 47 4 42 68 67 7 100 55 35 60 16 11 22 92 40 99 81 71 70 91 12 31 63 46 2 84 34 74 45 24 5 49 50 15 95 96 32 26 23 25 75 69 37 14
64 13 5 30 58 94 76 28 39 98 83 14 95 92 52 50 9 77 22 8 86 47 99 62 12 72 87 61 56 84 41 79 29 78 51 36 55 3 88 34 27 7 80 71 100 65 49 20 85 60 93 69 17 16 11 67 23 45 31 75 10 33 40 38 19 35 26 25 6 74 4 63 53 96 70 0 68 81 42 21 18 82 91 90 97 66 43 32 57 24 2 1 73 44 59 37 89 15 46 48 54
51 55 2 75 34 41 18 19 28 30 87 58 5 11 9 44 89 80 59 38 67 77 88 1 20 53 78 76 97 8 4 12 82 15 86 94 21 7 27 70 62 96 0 47 99 32 24 66 16 100 84 56 31 10 26 68 3 33 40 71 17 83 39 64 57 25 45 91 79 74 95 61 90 42 29 52 13 14 73 93 81 48 35 43 98 22 50 92 23 85 54 46 72 65 69 49 63 36 37 6 60
77 46 28 18 38 55 66 22 76 2 85 36 14 61 82 31 17 21 64 6 79 43 10 48 91 44 29 78 23 35 89 53 9 5 84 33 24 97 63 88 8 1 50 72 87 45 83 11 13 15 16 0 42 58 41 32 81 67 54 62 30 80 37 19 47 3 60 26 25 93 12 99 56 94 34 69 52 95 57 7 90 40 68 75 39 51 96 86 74 71 65 20 27 4 73 92 100 49 98 59 70
37 91 22 41 27 47 83 13 39 77 75 64 9 34 46 43 85 15 57 88 54 65 60 82 84 51 92 28 74 48 52 79 55 36 2 6 71 11 42 1 86 32 93 14 17 24 56 81 98 63 69 50 23 90 100 18 96 45 73 7 25 38 49 97 35 59 31 87 62 89 0 66 80 10 19 4 58 67 61 99 30 95 33 29 3 16 20 53 21 78 70 8 44 5 68 26 94 40 12 72 76
57 47 42 38 70 51 99 36 86 14 15 32 72 40 45 46 31 64 81 1 13 63 26 79 6 96 35 60 73 83 0 97 92 80 76 16 33 100 69 25 50 22 28 78 82 17 18 77 75 19 9 91 67 59 39 93 74 58 29 89 61 68 66 34 21 62 44 48 27 85 37 8 54 5 71 11 65 23 10 56 95 43 20 52 7 90 41 12 24 2 87 53 94 84 98 49 4 55 30 88 3
24 86 92 87 40 48 100 90 32 85 51 28 78 61 57 4 52 21 74 67 39 54 14 1 17 97 33 55 38 5 63 91 18 88 16 83 47 19 66 69 10 82 56 31 93 15 99 0 26 29 75 79 6 25 73 70 34 45 60 37 27 12 36 98 41 96 22 23 81 62 43 8 3 20 53 76 80 30 68 72 64 71 65 42 95 58 2 44 35 46 7 77 13 94 89 84 11 50 59 9 49
25 4 40 42 3 13 74 30 48 0 15 81 68 58 63 7 97 76 99 44 91 86 84 60 22 41 33 52 65 11 23 78 50 64 14 43 56 49 2 54 88 71 70 55 98 38 87 53 80 59 8 37 16 26 73 35 51 67 69 36 39 5 95 27 100 75 85 20 18 10 45 1 94 29 89 21 46 62 34 61 93 92 83 28 6 31 9 66 96 79 47 57 90 77 24 82 19 17 72 12 32
16 35 59 98 25 12 53 8 66 14 93 20 73 88 67 41 24 23 51 27 69 82 96 90 72 39 74 57 99 22 1 44 5 0 97 77 79 32 56 7 26 29 94 11 83 92 52 6 81 62 85 61 75 63 37 84 33 42 18 64 89 45 80 31 43 49 95 48 21 38 4 87 70 68 19 91 10 55 100 17 78 71 34 9 86 47 15 2 36 13 58 60 50 76 46 28 65 40 54 3 30
14 59 22 31 36 25 10 70 68 45 81 56 0 75 53 89 98 37 83 17 58 55 65 47 99 78 9 87 48 51 41 93 27 92 85 42 76 77 61 50 86 19 44 52 8 34 15 82 32 60 73 7 97 4 21 23 11 95 35 28 67 80 90 66 46 94 18 54 26 63 64 3 12 79 39 69 40 33 49 43 29 16 100 20 74 62 72 96 1 38 57 24 88 2 13 71 6 91 84 30 5
14 24 97 75 4 29 86 32 65 33 37 76 2 60 3 21 66 49 74 73 16 20 41 93 48 8 87 12 100 47 71 17 70 44 36 64 96 0 58 6 63 82 19 89 77 92 99 34 81 31 35 52 25 23 61 7 57 62 38 11 85 28 18 5 79 42 39 80 72 56 10 22 94 51 95 15 68 91 67 50 27 53 54 45 84 43 88 30 40 78 83 26 90 55 9 13 59 98 46 69 1
68 36 50 77 33 63 55 88 62 4 35 97 71 7 94 49 20 19 58 0 86 24 75 80 67 46 57 85 9 54 89 5 96 14 18 82 44 66 64 65 60 17 74 28 40 12 2 22 31 38 23 95 59 91 42 53 61 76 8 21 43 13 100 32 10 15 45 56 41 83 26 6 1 87 48 92 37 34 11 70 27 72 47 25 81 16 30 93 73 99 39 90 51 29 98 84 52 78 69 79 3
62 26 71 74 11 72 39 82 88 59 90 16 31 81 46 30 67 86 83 50 75 97 21 60 76 19 34 47 95 44 91 54 15 100 29 33 68 78 0 6 10 61 63 3 45 24 13 73 25 37 94 2 65 14 99 1 9 23 53 96 38 87 42 27 7 20 32 52 84 85 35 40 56 80 51 4 28 8 22 98 92 69 77 48 36 57 70 64 55 79 89 66 5 43 41 17 12 93 58 18 49
15 90 59 96 92 41 66 23 47 75 32 18 14 37 1 71 10 84 2 9 19 5 44 3 17 62 51 21 78 60 89 56 98 43 39 35 48 54 72 68 7 0 87 46 70 93 81 31 42 30 58 13 57 94 69 34 22 97 11 100 63 4 29 26 67 86 88 82 80 91 16 95 8 28 99 24 55 12 74 73 27 40 61 50 36 52 53 77 65 38 85 79 6 64 83 45 76 33 49 25 20
62 42 33 7 50 10 96 76 52 83 26 63 64 38 36 88 22 61 80 99 11 56 75 67 94 81 3 55 15 92 85 89 97 73 84 18 58 5 20 66 21 32 49 51 46 0 13 8 87 29 68 17 35 43 72 82 74 95 41 59 45 14 19 57 48 28 2 70 91 86 16 23 53 60 4 47 9 6 25 78 54 79 37 24 40 1 34 39 31 77 100 93 98 90 65 27 71 12 30 69 44
86 24 50 78 56 29 46 19 21 79 72 26 74 27 10 59 92 85 45 13 87 99 94 57 98 66 83 67 84 69 25 28 71 64 30 23 75 40 96 42 12 52 51 62 4 6 31 0 20 43 35 60 70 73 37 100 14 7 22 91 82 1 18 76 3 55 88 97 5 49 33 34 54 9 63 65 16 68 58 41 95 53 32 81 2 38 90 89 36 61 15 77 17 80 93 48 8 39 47 44 11
13 40 22 47 74 34 37 32 36 54 94 96 1 20 78 100 59 67 61 97 73 15 82 77 5 52 24 29 63 87 30 95 70 51 43 50 14 4 44 79 69 11 10 60 12 35 80 8 48 85 66 17 33 46 99 28 91 6 0 53 90 9 84 72 57 49 83 76 41 92 31 16 27 86 64 26 3 75 39 38 56 58 65 68 19 25 21 45 7 89 62 18 42 2 81 71 23 98 55 88 93
28 37 97 10 79 53 59 68 85 27 17 91 88 41 16 84 73 34 42 2 50 31 63 83 3 29 21 39 56 86 94 51 90 26 47 15 71 32 7 12 78 76 30 80 82 19 46 33 65 18 77 23 96 67 70 44 1 62 35 5 9 60 22 14 13 72 95 6 74 89 40 38 81 36 4 92 98 49 45 55 87 57 8 99 61 93 54 64 69 52 43 25 24 66 48 0 100 11 58 20 75
95 58 16 78 51 12 63 8 81 37 86 100 19 5 77 80 6 21 56 22 97 89 18 90 88 65 61 94 98 47 82 57 67 69 45 29 50 14 33 2 25 79 48 41 9 83 31 92 3 34 38 49 52 4 17 53 64 11 27 59 40 0 13 30 66 20 68 46 35 75 42 74 60 93 7 54 26 10 55 76 62 87 85 71 43 24 99 36 28 70 39 84 1 72 23 15 32 91 44 73 96
93 66 86 95 85 51 8 72 96 15 31 81 36 13 43 6 29 75 4 64 98 61 60 27 44 19 67 94 58 16 39 90 83 53 73 68 34 9 35 78 37 30 0 20 3 82 74 59 28 69 57 87 7 88 18 77 45 12 33 38 26 23 47 25 63 42 11 41 55 54 32 48 84 92 50 100 24 49 52 62 76 80 14 97 17 71 10 46 56 2 65 91 79 5 70 99 89 21 22 1 40
90 50 17 38 12 24 82 64 70 0 34 86 44 11 65 51 5 57 1 96 95 32 58 2 92 55 99 100 63 21 18 66 9 93 29 4 76 89 67 72 20 54 39 26 41 61 45 79 3 42 81 23 68 36 83 84 60 43 52 31 22 98 74 30 69 35 37 14 49 15 80 59 53 40 56 62 19 87 7 16 48 25 47 73 71 46 75 28 10 8 91 85 27 13 33 77 88 94 78 97 6
6 92 57 36 90 98 13 74 44 29 12 37 43 66 40 14 31 49 63 51 89 91 88 27 72 84 65 15 76 55 10 73 9 81 46 54 4 70 67 41 68 48 11 8 71 86 24 34 80 26 30 35 1 39 59 69 21 64 16 93 3 25 0 97 32 52 42 85 77 19 28 95 99 58 50 62 20 38 87 83 18 2 47 53 45 82 96 22 7 79 61 78 56 23 33 60 75 17 100 5 94
6 22 18 41 51 0 90 70 92 57 13 52 62 7 30 87 81 43 39 83 80 8 42 34 98 55 65 46 74 85 27 40 99 5 26 54 24 60 9 88 68 59 3 93 50 28 94 31 77 58 84 23 4 47 100 56 44 86 1 78 75 76 10 2 82 89 97 29 96 17 12 33 21 25 67 63 37 35 16 61 91 14 19 79 95 15 36 72 69 71 66 53 20 49 32 45 48 73 38 11 64
79 34 14 80 100 76 30 77 78 20 49 44 32 29 7 18 97 21 28 19 73 74 22 25 65 55 93 3 1 92 13 75 64 52 23 5 8 41 50 47 17 86 10 39 51 37 60 62 85 12 24 83 66 36 26 89 96 57 91 72 84 9 82 6 53 61 90 2 88 11 68 71 35 94 59 4 81 27 69 56 63 15 31 16 0 40 67 54 95 43 42 87 33 58 99 45 98 48 46 70 38
3 59 34 44 49 0 32 79 56 25 73 29 64 70 4 21 91 94 82 8 66 45 36 17 50 54 84 77 69 100 53 61 38 46 24 89 75 16 41 71 14 60 58 37 30 88 99 55 86 81 35 92 15 1 42 67 10 47 39 98 7 57 95 52 90 78 43 80 74 76 11 51 48 27 63 26 18 2 68 96 40 85 5 9 19 93 22 65 72 23 33 31 97 6 20 13 62 83 87 28 12
28 99 36 49 19 33 23 25 51 27 88 80 4 97 82 50 42 78 12 61 14 77 64 55 60 43 76 30 89 16 9 83 3 93 86 91 79 1 46 72 58 100 62 92 47 81 40 73 94 8 66 34 53 32 98 75 38 20 48 17 13 67 18 44 54 31 5 41 37 45 59 56 22 7 21 69 52 68 24 71 0 11 26 57 29 6 90 74 95 96 2 87 39 84 35 63 10 85 65 15 70
13 82 76 62 16 75 95 14 7 88 6 39 0 9 22 1 92 35 54 60 37 58 48 64 51 41 63 15 26 97 2 90 19 83 34 17 44 85 99 30 3 66 68 36 56 84 31 29 8 27 55 67 21 72 89 79 18 25 50 40 42 98 86 73 70 57 45 24 23 96 65 100 78 94 32 38 11 61 81 28 46 77 4 91 80 52 53 59 33 47 10 87 74 49 93 71 12 43 5 20 69
85 90 37 21 19 81 69 60 23 36 97 76 56 88 77 16 34 94 86 38 32 27 57 91 64 53 20 1 48 9 44 43 82 59 74 87 2 45 0 100 31 78 63 39 17 40 54 83 10 46 6 80 75 5 29 70 15 99 73 72 55 84 98 95 22 11 49 96 52 35 58 71 42 79 14 8 13 47 3 18 24 93 28 61 41 92 89 30 66 25 51 7 67 62 12 65 33 4 68 26 50
84 35 31 81 9 41 69 5 87 60 56 36 78 92 26 48 46 17 19 62 40 61 37 75 63 52 2 76 77 33 54 99 28 59 53 27 64 39 95 21 86 91 58 73 83 82 96 50 88 67 80 1 97 66 68 3 18 85 72 49 13 16 29 43 12 0 57 51 38 14 6 42 11 23 34 8 10 22 25 32 7 30 100 90 20 47 24 55 65 79 94 4 70 74 71 44 93 15 89 98 45
9 65 92 1 0 15 50 83 64 56 96 38 71 46 11 42 57 29 75 99 36 90 14 5 28 55 87 2 73 66 89 80 33 100 12 23 81 88 17 97 7 53 39 32 84 95 91 27 47 61 18 70 72 25 22 52 31 85 60 86 76 67 3 44 59 30 68 98 82 6 35 40 16 26 37 21 13 69 10 79 4 93 63 77 20 24 74 94 19 43 62 48 78 58 8 51 45 41 54 34 49
99 75 87 72 24 76 40 70 62 39 97 44 46 64 13 22 61 1 43 9 69 6 73 65 36 96 100 0 37 7 49 91 94 2 89 60 20 34 33 63 85 11 58 15 71 51 52 16 19 80 82 66 79 98 77 10 5 31 29 59 88 56 92 21 78 55 17 8 12 95 45 28 53 26 84 81 68 35 54 67 25 4 93 14 23 48 83 32 86 18 27 42 30 3 57 38 50 90 41 47 74
89 12 7 8 97 71 10 15 22 33 26 44 18 92 27 68 21 66 77 41 20 51 54 64 85 73 30 25 69 46 63 74 23 5 35 34 90 76 78 2 57 42 100 94 47 96 53 40 37 72 80 70 82 87 3 9 6 13 17 81 58 59 83 65 16 29 24 56 1 67 48 19 98 52 75 60 86 93 79 32 0 4 91 88 95 43 11 50 99 55 62 61 84 14 49 36 39 38 28 45 31
84 91 68 73 25 30 83 20 62 41 60 45 3 75 12 28 87 82 35 92 22 57 67 29 79 52 21 88 56 59 95 47 58 80 81 40 44 2 23 96 32 16 10 48 15 9 66 54 36 24 37 17 43 55 8 74 31 63 11 27 93 71 98 19 0 42 14 69 70 99 90 7 72 78 39 46 18 89 6 33 76 38 64 26 77 85 94 97 5 34 13 50 49 53 61 4 51 65 100 86 1
27 9 48 59 35 71 37 77 43 52 88 78 17 18 61 11 56 96 5 13 7 1 100 76 82 29 91 84 54 19 65 66 75 58 6 67 8 93 83 3 10 22 26 32 92 53 15 30 90 4 55 70 45 46 99 69 0 16 44 72 73 36 24 49 38 40 97 64 60 80 2 20 33 62 47 94 50 21 23 87 86 57 81 14 95 31 28 34 42 39 25 85 89 51 98 74 79 12 63 41 68
59 56 75 3 93 38 33 4 69 27 13 57 16 12 85 18 97 54 53 90 91 44 10 64 76 11 86 48 67 78 73 72 39 25 58 49 77 47 70 99 95 29 94 21 28 81 24 9 7 52 88 87 22 63 19 83 50 62 34 60 96 17 32 79 89 92 26 5 80 2 23 31 98 66 100 51 36 43 45 20 61 55 30 15 1 68 14 71 0 42 46 74 8 84 6 40 35 37 65 41 82
56 53 69 27 26 93 45 67 65 47 97 58 99 42 75 11 68 43 80 48 14 10 64 6 98 8 86 85 18 66 88 33 52 59 84 74 20 71 28 73 35 87 24 1 46 72 55 19 13 3 60 51 30 32 7 34 96 9 4 90 79 12 31 89 36 91 92 63 21 5 94 25 95 83 100 15 61 78 77 16 23 82 62 50 29 41 44 40 57 22 38 49 76 0 54 81 37 2 70 17 39
60 95 41 18 55 94 49 23 58 80 35 2 13 32 38 25 39 77 42 68 90 34 3 59 84 9 53 73 28 5 44 1 14 79 27 62 26 78 98 19 10 52 69 6 97 56 51 92 64 75 91 82 40 37 88 83 50 11 17 54 30 86 16 45 67 20 72 12 0 8 48 36 31 22 61 93 96 15 74 43 70 63 33 21 89 24 57 71 29 46 87 4 100 65 66 85 47 81 7 99 76
42 34 94 0 36 91 61 53 59 70 54 40 24 15 13 6 79 1 47 43 19 58 51 89 8 71 2 68 80 32 45 78 85 64 82 52 86 44 27 31 65 41 21 83 26 48 100 33 28 9 29 92 4 97 10 50 90 7 73 67 3 88 84 95 25 81 22 35 12 5 76 38 30 99 63 56 49 93 66 23 87 74 69 18 60 39 46 20 96 57 16 14 77 55 98 17 62 37 75 11 72
21 1 45 98 100 90 68 11 9 5 74 96 86 51 87 67 53 8 61 31 92 69 80 75 3 38 22 24 54 25 91 93 78 14 49 76 58 0 83 60 19 23 55 62 79 15 6 63 85 4 82 65 41 2 57 28 84 10 7 43 64 40 48 73 12 99 88 13 42 66 37 56 94 97 81 30 16 33 46 59 47 36 26 95 32 34 18 71 70 39 89 35 27 17 72 77 50 29 44 52 20
27 36 94 84 91 86 22 6 67 73 5 93 17 51 47 8 29 85 7 44 48 11 25 70 40 3 31 52 10 23 13 20 16 9 49 72 60 15 55 37 42 41 75 63 96 0 53 66 77 92 82 56 95 68 76 4 34 21 50 1 12 58 79 45 30 39 80 32 99 62 33 74 100 18 2 90 98 69 57 43 59 28 81 24 26 97 14 35 19 88 71 87 61 78 46 83 65 38 54 89 64
44 43 45 31 98 52 91 27 71 59 37 84 73 2 51 6 61 9 97 25 23 1 48 18 90 100 85 13 83 66 40 29 88 26 36 14 39 93 95 12 33 15 42 50 53 64 80 78 21 35 86 94 72 62 34 5 74 10 11 58 67 77 57 63 56 69 55 87 17 46 89 8 32 49 38 4 22 54 24 70 79 0 47 92 20 99 75 28 3 7 76 81 65 82 19 30 16 60 68 96 41
7 92 63 71 21 42 27 72 87 78 68 14 12 94 38 60 69 11 61 82 29 54 84 75 99 37 30 40 62 39 81 9 33 100 97 58 51 17 10 77 35 85 57 22 70 67 95 59 55 18 5 46 80 6 65 90 8 74 2 0 24 23 34 1 20 98 15 73 89 96 31 36 32 13 19 56 45 4 79 3 88 47 66 48 93 44 53 43 86 76 91 16 25 26 52 41 49 50 83 28 64
35 8 45 50 91 16 36 49 2 9 29 27 86 55 12 75 51 15 23 4 74 17 68 72 77 58 48 79 66 67 96 80 42 25 62 10 47 99 28 98 57 21 5 88 64 37 31 24 89 63 13 61 78 92 38 11 41 26 94 39 100 90 73 54 52 70 60 20 69 97 83 59 53 93 14 56 65 22 44 46 33 1 18 32 0 84 81 40 3 43 6 87 95 71 19 76 82 34 7 30 85
0 90 52 54 69 17 58 1 74 14 28 63 4 31 83 91 25 49 99 56 62 98 47 87 96 35 89 7 70 65 39 27 36 8 95 60 18 71 42 20 73 66 79 67 3 48 97 16 81 32 5 38 23 29 46 86 53 11 19 37 72 45 59 22 88 68 43 64 30 92 40 77 10 24 55 26 80 82 76 44 2 75 94 9 85 61 15 78 33 12 50 34 57 6 51 13 100 84 93 41 21
49 25 33 0 94 91 44 3 52 30 21 12 17 66 6 87 51 96 41 76 40 35 72 58 5 18 54 20 8 70 83 23 31 38 99 81 75 43 32 59 22 88 80 97 57 39 67 47 4 2 15 93 78 100 27 19 24 61 64 68 45 7 82 53 62 73 1 56 36 84 90 48 86 10 55 79 71 74 50 26 13 63 9 28 98 60 85 69 95 89 65 77 16 11 46 92 14 42 37 34 29
99 7 67 100 96 95 61 37 40 43 31 91 46 5 30 88 72 74 65 1 6 68 94 70 79 57 22 35 49 8 4 83 63 76 62 55 52 89 87 32 21 38 97 44 66 92 33 34 98 80 2 15 29 42 45 28 24 84 18 48 12 71 64 25 10 59 86 73 56 39 26 9 77 13 16 3 90 17 20 19 23 47 93 60 85 36 0 27 50 82 41 53 69 78 51 58 14 11 54 75 81
51 71 19 50 4 87 92 79 88 78 39 89 47 75 58 64 84 36 13 9 69 10 24 98 22 67 70 73 20 11 26 53 83 63 54 2 99 46 77 90 95 45 66 41 25 62 43 16 85 48 59 3 93 91 31 76 42 100 30 57 29 18 96 52 80 55 81 34 23 17 32 8 74 49 14 38 6 21 94 65 27 12 61 37 40 44 97 15 33 72 82 60 68 1 7 0 86 5 35 28 56
9 91 31 40 14 46 50 28 93 19 67 34 70 82 16 90 68 87 97 1 98 85 92 21 84 39 17 44 56 64 73 77 15 66 41 62 94 20 51 30 3 63 100 2 99 0 6 42 38 57 7 65 29 54 11 36 61 12 37 72 23 79 32 69 95 74 59 55 53 52 25 81 89 76 4 18 80 13 78 43 24 48 26 49 75 10 27 45 60 5 88 86 96 35 22 47 33 8 58 71 83
7 68 9 33 42 65 59 91 20 69 36 53 30 31 25 75 70 44 48 50 79 80 63 32 5 12 72 99 77 21 19 14 88 87 27 38 62 6 13 34 22 40 16 95 10 11 23 66 100 47 97 45 60 90 49 56 58 74 15 94 8 2 17 76 96 85 81 26 89 37 93 92 1 98 52 64 78 82 55 46 73 61 41 3 67 57 29 4 51 86 35 54 24 71 18 83 28 0 43 39 84
6 4 28 100 80 82 46 51 90 73 57 84 33 27 25 44 19 50 61 15 92 49 41 68 17 2 45 18 5 24 47 29 83 37 13 56 35 12 91 43 77 86 42 39 53 9 11 26 95 40 8 3 66 65 62 88 97 22 59 38 98 14 74 54 69 16 32 96 87 52 31 94 55 1 76 99 79 71 60 20 64 67 81 23 10 70 85 58 75 7 78 63 72 30 48 0 21 34 89 93 36
62 85 67 41 31 97 54 43 99 2 88 83 34 44 19 3 47 26 75 89 81 17 4 79 84 72 65 74 11 78 94 21 91 33 14 52 28 22 29 35 15 58 71 50 42 25 73 24 64 95 93 40 56 68 13 96 46 100 20 1 63 86 51 92 37 23 82 36 90 5 39 49 38 32 66 53 7 6 59 16 10 8 48 70 55 98 12 77 76 69 57 9 0 30 18 80 27 45 60 87 61
7 98 26 80 13 48 70 20 5 29 8 64 31 69 45 23 40 71 18 57 47 81 86 10 32 89 4 67 0 97 88 61 14 100 41 25 83 72 92 19 35 75 95 2 17 50 9 55 15 58 46 90 52 73 36 62 34 21 77 93 78 76 38 27 12 96 56 87 79 33 99 66 68 91 54 84 53 85 65 3 6 39 49 94 22 24 60 37 63 44 74 42 16 28 51 43 59 30 1 82 11
5 41 11 20 99 84 24 61 91 45 65 7 16 83 14 94 66 46 27 80 2 64 55 82 85 59 70 18 75 17 48 76 4 74 86 28 25 9 73 26 42 30 35 62 49 50 34 79 31 40 1 15 100 36 95 19 10 89 39 92 98 87 93 77 6 21 12 58 68 78 54 53 71 38 63 47 33 0 13 32 22 29 23 51 52 69 81 3 37 67 97 56 57 88 90 44 60 72 96 43 8
98 86 40 85 49 29 66 23 90 77 51 81 72 87 80 11 2 74 38 82 59 96 95 15 39 37 75 8 76 52 36 30 43 25 24 55 28 27 60 21 97 89 9 99 61 48 1 6 92 42 35 100 10 78 91 47 5 58 32 88 31 14 94 79 62 68 71 45 67 46 26 41 13 93 73 19 83 65 3 7 57 12 50 34 53 64 18 16 69 20 4 84 17 44 0 54 22 33 70 63 56
33 1 46 94 10 91 52 16 56 42 23 73 22 12 50 7 15 48 78 71 26 70 30 40 95 29 85 76 49 75 72 54 14 63 80 65 35 79 83 59 45 36 27 38 62 55 9 82 4 90 47 31 34 43 8 25 99 51 53 0 84 60 67 61 11 64 58 17 81 6 96 74 57 2 86 20 32 97 66 98 18 13 21 39 92 3 41 28 24 68 44 88 89 37 100 69 77 93 87 5 19
2 100 39 90 25 54 73 28 16 6 21 83 99 46 79 19 93 22 37 58 14 97 95 55 8 59 7 45 86 66 47 62 32 3 13 85 84 33 82 26 50 15 11 94 53 77 92 71 76 10 51 60 78 29 24 65 96 87 67 31 49 34 88 27 43 20 42 48 63 0 18 91 40 56 64 1 23 9 52 5 70 89 81 75 69 44 57 4 30 41 80 36 74 61 35 98 12 38 72 17 68
69 19 78 7 1 22 12 38 83 68 88 18 15 97 8 98 74 100 54 90 50 9 70 35 6 96 82 51 49 89 34 57 28 67 27 2 52 60 14 10 92 85 48 95 32 84 42 21 3 93 44 29 72 71 94 81 25 16 37 75 41 13 53 73 56 65 4 80 86 33 79 17 64 91 31 77 45 61 40 62 39 99 24 36 23 0 43 76 46 20 30 63 58 66 26 87 11 59 55 5 47
96 50 74 55 30 3 85 47 6 18 72 27 29 9 42 87 83 12 81 11 58 84 57 20 88 1 71 0 32 61 5 36 86 75 28 49 13 94 46 10 4 54 91 51 99 7 21 22 44 97 33 67 82 66 23 92 26 52 24 76 98 100 63 15 68 17 43 80 35 31 53 79 73 2 59 60 37 56 45 40 41 62 89 16 78 25 39 95 90 38 64 65 19 34 70 48 8 69 14 93 77
51 31 89 98 86 1 91 68 2 10 65 29 8 46 24 63 28 80 58 37 45 53 54 60 6 41 64 71 92 44 78 77 75 57 70 74 50 22 15 19 27 0 5 42 76 21 73 13 12 85 100 7 32 55 79 9 43 94 59 25 3 52 4 17 18 82 26 14 67 90 88 34 84 40 83 66 30 96 11 48 33 36 81 39 87 93 69 95 97 49 99 47 23 35 16 62 56 38 20 72 61
31 72 43 22 71 6 36 0 8 97 91 96 86 38 73 13 16 70 64 94 45 9 24 47 39 59 100 17 90 41 54 57 85 92 74 25 78 32 42 77 83 4 62 89 53 30 5 84 37 76 18 27 66 23 69 26 15 44 29 20 50 63 93 61 81 55 46 88 19 95 58 98 67 40 35 51 68 3 48 87 34 11 49 33 80 14 10 75 21 65 79 52 12 56 28 1 7 99 82 2 60
54 13 82 26 2 96 65 22 60 85 12 29 10 84 16 6 31 7 61 89 43 50 33 8 15 30 28 47 36 86 98 75 70 63 74 91 48 87 79 99 90 25 72 94 62 0 77 14 67 41 24 9 88 44 64 37 95 23 66 32 38 83 53 35 81 34 20 93 76 42 18 1 97 100 73 39 68 49 40 51 4 19 21 27 5 56 11 3 57 92 17 80 59 52 78 45 69 55 58 46 71
55 52 36 29 71 23 3 60 9 30 46 48 53 100 39 63 26 40 38 45 96 1 12 24 79 15 80 0 76 17 66 6 81 11 10 85 7 88 87 41 99 37 64 20 42 5 97 50 73 89 82 35 98 54 95 65 93 2 68 51 57 33 92 32 18 19 94 84 16 91 62 47 69 67 78 8 21 86 58 77 90 83 49 14 61 31 13 27 74 25 4 43 44 34 75 70 22 28 56 72 59
4 85 32 86 36 14 22 79 8 29 47 43 70 65 90 87 59 71 82 23 77 81 7 53 10 24 57 96 94 42 5 39 34 93 41 76 51 40 91 21 72 26 16 100 98 73 83 30 63 25 17 38 67 49 56 48 61 2 89 3 54 18 58 0 31 1 11 97 66 12 69 28 80 35 52 55 60 9 44 62 75 95 50 13 88 92 68 6 20 99 78 46 33 19 84 45 15 74 37 27 64
13 48 28 24 7 19 56 1 17 79 82 78 73 47 36 80 32 70 88 0 46 41 29 43 31 18 72 45 33 92 85 75 98 68 99 76 23 3 86 6 26 97 14 63 16 25 11 20 64 50 34 94 42 89 65 8 39 90 91 59 27 49 52 21 55 61 35 57 38 83 53 69 4 37 77 84 67 5 96 100 12 40 44 95 10 2 93 60 62 58 15 66 51 22 81 30 9 74 54 71 87
96 21 95 28 74 2 25 35 54 76 86 94 24 37 19 27 81 80 59 53 60 8 92 29 31 91 70 71 83 68 15 67 51 61 45 38 7 78 12 17 49 47 3 6 64 44 43 88 5 98 50 16 11 48 32 58 65 42 41 93 46 10 56 72 9 100 90 23 89 34 13 57 0 26 1 99 4 62 84 75 82 63 18 33 30 55 87 69 79 39 73 14 97 36 85 66 22 52 40 20 77
46 85 16 21 17 60 4 38 83 84 15 28 100 63 3 54 36 40 44 27 56 41 96 13 18 25 61 48 35 50 20 78 22 65 32 93 26 74 72 95 68 57 79 75 70 39 71 66 51 43 86 58 73 0 94 82 76 31 47 90 42 99 19 88 11 33 45 9 7 98 77 97 24 6 12 30 87 62 49 92 69 67 10 37 8 52 1 53 14 23 5 89 64 2 81 59 91 55 80 29 34
73 70 30 78 21 43 29 35 34 46 11 42 89 80 90 12 10 25 24 50 6 59 83 81 26 0 22 27 92 91 32 49 55 13 68 98 38 44 56 72 84 40 15 14 19 94 79 8 9 95 1 20 57 77 64 74 88 2 39 97 96 51 69 85 75 7 41 71 52 62 4 93 47 82 33 61 63 76 16 5 100 23 67 60 65 36 54 17 66 58 87 99 48 45 18 31 28 86 3 37 53
93 30 36 38 83 85 56 18 51 13 5 69 65 73 61 78 0 14 2 43 67 19 4 59 62 33 77 84 47 100 97 96 25 28 41 32 55 48 3 12 6 79 86 16 91 27 57 60 75 71 54 42 98 44 89 26 23 24 9 80 7 50 94 68 63 46 76 34 17 92 45 66 95 1 22 21 58 64 8 87 81 52 39 10 90 15 20 72 40 53 29 31 74 82 11 70 49 37 35 88 99
1 19 13 66 8 92 60 7 2 64 32 94 56 99 96 55 48 62 51 22 10 98 29 59 37 72 74 81 16 61 97 86 11 82 67 25 84 24 71 23 77 85 69 21 43 35 73 45 28 30 70 100 15 9 26 87 75 0 91 36 44 42 14 34 39 80 40 88 58 41 52 49 3 79 54 38 47 12 33 57 17 6 53 65 31 90 50 83 27 5 95 18 4 68 76 63 78 20 93 89 46
47 24 28 73 31 30 62 26 67 7 77 36 32 84 51 94 3 20 81 83 42 99 25 87 22 6 54 82 53 74 56 69 98 86 89 4 71 90 55 92 80 64 23 15 70 45 5 48 8 16 100 79 85 9 60 88 12 96 11 63 97 38 46 21 10 33 1 43 75 68 19 78 29 65 93 35 52 0 37 72 44 66 2 41 58 91 50 34 49 17 27 76 57 13 40 95 18 59 61 14 39
46 0 61 43 66 57 87 3 73 86 32 25 27 37 81 47 30 41 26 100 1 8 22 7 68 95 24 14 69 55 92 31 54 75 40 82 20 15 97 67 70 23 90 51 17 21 44 79 48 34 45 5 16 6 96 74 94 52 10 65 78 77 35 91 42 59 4 63 89 39 62 53 76 36 98 85 80 93 84 60 9 72 49 38 33 28 12 13 19 56 18 83 29 2 50 64 11 99 58 88 71
35 16 86 78 2 32 19 96 47 56 73 87 98 71 15 95 10 59 48 60 100 18 29 72 3 67 9 37 90 89 25 17 94 20 8 63 65 99 80 41 54 85 62 46 7 33 61 75 88 69 13 70 14 34 0 28 6 82 64 51 45 11 31 58 23 44 93 77 83 39 43 84 76 22 38 36 4 66 49 79 97 53 68 24 57 91 50 52 30 26 12 74 1 21 81 27 55 92 40 42 5
62 20 15 3 17 95 45 49 75 78 85 35 28 40 61 31 51 21 39 34 72 18 7 56 87 52 24 59 67 99 90 42 76 50 96 6 25 83 68 73 10 71 29 0 58 97 30 5 66 27 63 26 79 43 8 38 23 55 74 12 1 36 13 89 54 93 98 2 82 92 60 86 37 22 41 100 53 88 44 19 47 70 77 81 16 80 4 9 69 91 57 33 65 14 64 84 48 11 94 46 32
2 55 85 32 92 11 10 18 42 28 94 73 78 31 77 50 23 70 30 47 76 79 6 1 34 25 80 20 60 0 44 38 22 9 59 48 24 58 93 8 61 26 41 39 97 98 62 49 16 100 65 71 88 56 37 45 15 99 81 87 63 91 17 54 74 95 36 33 13 4 66 29 67 84 89 27 7 52 14 75 5 51 90 86 64 53 3 96 83 43 68 35 40 12 21 19 72 69 57 46 82
78 8 98 12 50 14 38 30 95 24 89 62 31 86 48 56 15 6 88 57 9 67 83 80 65 44 58 20 7 92 52 82 51 41 84 69 11 27 5 10 29 61 25 22 72 40 79 17 4 53 36 77 19 55 91 75 93 32 97 26 60 43 54 39 59 100 2 71 18 99 94 13 96 66 73 76 16 0 23 85 42 81 74 68 46 21 1 63 47 70 28 37 34 64 35 45 33 49 87 90 3
