52 -70 9 34 -93 14 90 41 -40 -76
21 11 -67 -26 14 79 -74 -6 63 72
13 66 -41 99 93 49 42 32 99 66
45 -57 35 -56 -49 -7 -28 -53 5 47
-99 -55 40 -8 -38 -10 -97 34 7 -19
84 60 -97 -47 77 -62 36 -57 15 63
19 -45 -51 41 -34 -43 42 15 35 -29
54 47 34 -30 -10 -25 -19 -8 84 95
-52 32 -23 58 53 -62 97 -57 -69 26
58 -59 -28 21 -56 -69 26 39 0 93
-28 0 -80 75 -78 -83 68 -23 -96 84
50 64 56 52 -30 -91 -43 -9 33 -27
24 -58 29 88 -57 67 91 37 -66 47
34 -21 54 -63 -77 -25 44 -20 -91 -6
-7 69 -62 -16 16 -94 24 81 -71 91
7 53 -25 19 26 23 -95 -26 21 18
32 13 32 -61 37 22 47 -58 -56 91
-31 36 98 1 -7 -39 17 83 -13 16
-1 84 98 -45 -1 55 -97 47 6 43
39 77 33 -18 -54 2 61 17 36 -38
-15 47 89 97 -79 -94 -37 49 -35 32
91 79 98 74 48 -8 -45 31 -54 60
-30 5 26 -34 38 8 36 17 -69 73
-70 0 -27 -12 -18 54 -69 27 -13 82
-62 94 54 12 -89 68 -97 -60 74 -9
42 -88 -14 -59 -93 54 -82 -92 -64 14
63 74 -68 -36 35 28 -32 -63 -28 -59
-6 21 71 95 -54 67 49 -52 19 4
-27 -65 -40 -18 11 -76 -34 40 -30 -16
34 -86 75 -53 -38 65 35 11 94 -61
49 91 -82 -82 9 -93 -86 42 -6 -33
9 -59 -62 74 12 -60 -67 -45 -85 -5
56 47 -15 -63 99 65 72 -22 -65 93
54 65 -60 -19 83 80 69 -72 -2 -14
-25 64 19 -29 60 -52 -61 36 -59 52
-13 0 58 -21 58 5 5 -85 -89 50
-29 -31 -98 34 20 -87 85 32 65 29
-18 -73 -8 -39 -84 28 -55 -45 51 30
66 -27 -51 35 -8 84 -88 -12 -67 21
-72 46 -36 0 -63 38 -64 94 28 -32
25 0 -55 -50 -95 -52 92 -54 52 47
-62 -4 94 -40 18 -92 -58 10 -9 -5
-39 -15 89 -32 -81 16 93 21 -40 1
-48 24 -17 81 95 54 89 24 81 14
-73 39 92 35 28 57 -90 55 -60 73
34 -95 -27 -2 55 -22 13 76 45 37
2 -40 25 40 68 -98 66 -66 33 -15
27 93 38 16 -51 53 -26 37 20 87
-79 80 -35 -99 -6 59 -99 36 49 3
-94 -69 55 -70 -71 -93 47 34 -53 59
25 -25 -95 -16 14 -67 -46 -18 45 -88
-59 40 58 -7 0 -51 -18 -59 50 24
-5 -80 -20 11 -84 95 -16 -50 33 -39
-94 -88 -56 94 24 22 97 27 6 38
-18 21 -94 -89 -46 -27 18 -26 47 -96
-24 86 36 -97 -7 -77 -26 -20 -63 33
10 94 -74 92 -53 31 -26 96 -28 25
-89 -12 -96 58 -89 4 -15 -75 -28 -66
-87 90 -13 -31 -12 31 -25 33 58 76
19 15 -44 95 19 81 -50 -10 7 -86
-32 -99 12 11 46 87 0 32 -99 -87
15 -83 -85 -61 94 0 88 -58 14 29
-34 6 21 -88 -7 -84 -24 -60 35 -49
9 26 4 -76 19 -8 70 -46 22 -28
46 -16 6 30 -50 46 -15 -29 -12 53
64 22 -68 -79 -72 93 81 82 -27 48
-63 24 97 98 -34 -25 -90 11 5 -65
66 0 58 9 96 -5 -71 6 27 66
-29 38 -6 -94 -17 -85 77 61 64 48
-11 -57 59 -78 30 98 -28 79 -9 47
-97 -75 21 -28 41 80 81 32 -64 95
67 -20 -33 -78 34 83 47 0 -80 -1
-60 -80 15 -67 67 98 -1 -23 8 13
33 14 -76 -59 87 -1 -74 -11 -94 82
-25 -37 -73 -94 38 36 2 40 59 77
-37 -45 71 43 -18 82 -62 2 68 66
60 -99 17 72 74 32 -11 35 -50 -8
31 -33 -78 -13 33 30 -50 -40 -59 3
7 20 96 68 -98 -28 33 95 -63 -15
26 -56 -54 -91 -38 80 45 29 36 -35
87 -61 95 12 -48 60 -74 19 -27 32
69 0 33 53 90 80 53 57 -32 88
-12 -20 -33 15 80 79 56 92 -36 35
93 -83 12 0 17 37 47 -63 -50 -36
-66 -91 77 -46 -62 -6 -16 -18 -84 -84
53 -46 63 61 50 -64 14 -25 17 33
10 -9 -22 3 -63 -85 -82 -12 71 26
-69 88 24 57 -62 36 77 30 18 12
38 -62 -65 -68 -34 17 38 -8 -34 -51
96 -41 -90 0 46 -65 -97 -31 -5 75
-81 -69 28 -13 -18 67 95 73 -89 -49
-38 4 -2 -85 58 21 -11 61 57 84
-28 78 29 95 -87 20 -77 -58 65 -45
-63 48 -19 -38 49 13 86 -38 -72 18
11 -23 -61 -92 -23 34 1 85 -83 33
-63 -41 56 -53 -71 -30 53 32 -73 10
25 -94 92 -22 63 4 39 13 34 -68
97 -82 47 -1 49 47 -30 -31 51 69
52 -51 -13 47 23 -39 55 -60 94 99
56 2 -42 3 -63 42 95 17 23 13
