63 -48 -57 -92 80 37 72 21 57 -42
-95 -57 -70 -77 -95 19 -58 11 28 -15
62 -34 -1 33 51 -95 31 28 42 -2
76 31 -55 -28 -28 42 49 50 90 35
38 -21 44 -65 -13 27 76 0 78 75
-62 -25 -17 34 -16 -12 -12 -86 -71 -60
-1 64 15 -62 44 -83 -75 -66 63 31
27 76 -75 95 26 79 -77 2 7 -68
-65 -16 -31 -10 -73 -92 -66 -39 -74 -80
-12 49 -32 85 -27 83 -12 74 -98 1
1 -85 -85 15 39 25 16 -89 79 -11
50 38 79 -14 -71 89 92 -1 -38 -8
-63 33 68 18 84 24 81 -88 59 -89
34 -79 55 -94 -71 -60 8 61 -2 92
86 85 -38 60 55 35 -51 -84 42 99
-60 -77 -76 -30 37 78 76 -11 96 62
73 29 -16 -70 56 10 -22 -81 62 15
68 0 -50 -3 64 -59 79 -75 2 -86
-30 -22 49 58 -35 -52 -78 57 17 31
-10 -39 61 81 -4 6 4 -77 -34 -57
-3 78 -61 68 -12 80 -90 -45 44 -31
-11 -6 -58 17 -20 13 -33 -13 62 -50
80 60 -14 -35 -90 85 27 -39 -94 8
29 -51 53 78 -49 -76 -74 -83 77 -46
-55 -9 65 20 -90 26 66 -63 -24 4
-4 -47 20 8 -82 95 67 -71 97 69
49 -35 15 2 -84 40 -24 28 -33 85
-31 71 31 45 -1 85 -30 -8 -27 -75
88 79 -34 91 35 -67 79 48 -10 76
79 -64 -15 70 -44 -64 -2 99 -61 10
-7 -4 -41 -14 -84 59 -94 -43 5 -30
50 72 99 86 56 37 -56 -70 59 83
-85 26 -69 -66 -33 -87 64 -64 13 76
36 -49 17 -38 -54 -29 33 -86 -47 -15
10 88 -67 -86 -90 50 -42 -21 -89 -83
-32 28 51 -37 -83 -58 -42 31 -99 -68
49 58 -39 55 -88 24 -4 69 -87 -4
29 80 -74 33 71 -44 -59 83 21 -58
-86 53 2 77 71 47 9 -75 85 -15
-75 -13 47 82 59 -62 45 47 -4 -34
80 93 -76 -84 -1 -45 -48 -74 91 60
-88 77 -51 96 34 73 -91 -32 90 -9
-37 44 -31 -31 -71 -88 -11 -31 -90 29
-43 -76 -42 -76 16 33 32 -51 40 -39
-31 47 -67 8 79 -63 -90 29 -88 9
53 -93 -17 -93 49 77 24 74 57 49
-78 30 22 -40 -67 -87 54 -11 76 -24
3 -46 70 55 -19 10 10 56 8 79
83 -26 -54 -22 -40 -92 28 -84 -40 -90
31 34 -77 -41 -53 81 -3 45 56 64
85 57 19 2 -57 -97 4 -2 52 -12
83 -87 43 -96 9 -94 8 98 83 -42
78 -6 20 2 97 0 -36 -27 13 50
-17 -7 97 16 17 -72 -9 18 42 20
19 -67 97 -23 -19 -99 68 13 23 -28
-38 55 52 83 25 -87 53 23 -92 77
-34 41 67 -90 -77 -91 24 40 -73 86
-38 -83 -95 85 -43 -98 60 -25 -24 16
29 40 -70 -53 -34 -29 36 9 67 81
-66 7 -1 35 76 21 -13 -34 -64 38
-63 91 -26 -93 -7 -60 -68 -57 -4 49
-36 15 84 -46 -62 53 -86 -17 -96 -81
14 68 -19 1 -4 -58 65 49 -93 12
-93 91 0 37 -60 -27 -77 -15 -83 29
-24 95 -79 17 12 47 66 -57 -10 20
34 26 -58 -47 -16 -20 -36 -9 45 23
55 -27 93 78 11 74 -56 -73 34 24
94 -87 -61 -86 -31 -66 24 94 83 14
-53 -57 33 -77 16 -82 -55 -54 81 -48
-24 59 59 -37 31 -1 -59 -41 -64 82
-21 59 21 -66 22 1 5 55 21 -24
77 39 83 56 -32 -71 -56 -20 84 10
-86 0 10 -34 -24 -86 98 -51 96 -94
53 -27 4 54 -69 -12 -83 73 92 59
-41 -22 -17 73 41 -48 44 -69 -15 -15
-40 0 25 -24 -86 96 22 -26 -52 -83
-55 -80 34 52 -64 10 -82 -83 1 -55
-85 74 33 53 -64 -34 97 -91 23 -29
-76 69 39 -97 75 95 3 -79 -87 -62
-31 -43 34 -32 72 -81 27 -90 -24 8
83 -88 -96 -18 -49 86 19 97 -13 -8
-18 94 -12 96 10 16 69 28 -56 94
25 45 49 -75 0 -12 23 83 1 -73
-90 -11 42 -28 -40 -38 48 -90 98 -96
99 19 35 -78 83 86 82 -31 92 -4
0 -76 89 -25 -16 -42 -14 44 -53 -95
-36 -38 -58 84 94 21 -47 -43 -57 -8
-1 -2 -93 -45 33 49 -42 -43 65 -84
-94 -83 -60 22 -78 -13 -54 -27 -93 93
-28 -5 97 -34 98 -38 -49 -87 19 73
44 99 39 -52 -65 -84 -96 9 -91 -30
-68 -9 94 33 -42 54 49 -44 -30 4
-20 -84 89 36 -51 64 80 82 -7 69
-76 61 58 -98 94 -25 82 -22 74 -86
-88 47 16 82 -77 15 99 -75 -14 37
-91 0 33 -10 -61 96 15 6 -5 -62
8 20 79 -7 7 -80 96 -72 76 35
87 43 70 71 57 -81 37 55 -58 46
90 -81 41 93 -91 -24 14 30 -60 9
-76 -48 4 4 77 -50 -27 13 96 12
