-89 75 10 75 -14 75 85 75 -64 75
35 75 -34 75 65 75 -84 75 15 75
-9 75 90 75 -59 75 40 75 -47 75
52 75 -97 75 2 75 -22 75 77 75
-72 75 27 75 -28 75 71 75 -78 75
21 75 -3 75 96 75 -53 75 46 75
-40 75 59 75 -90 75 9 75 -15 75
84 75 -65 75 34 75 -31 75 68 75
-81 75 18 75 -6 75 93 75 -56 75
43 75 -43 75 56 75 -93 75 6 75
-18 75 81 75 -68 75 31 75 -25 75
74 75 -75 75 24 75 0 75 99 75
-50 75 49 75 -37 75 62 75 -87 75
12 75 -12 75 87 75 -62 75 37 75
-36 75 63 75 -86 75 13 75 -11 75
88 75 -61 75 38 75 -48 75 51 75
-98 75 1 75 -23 75 76 75 -73 75
26 75 -29 75 70 75 -79 75 20 75
-4 75 95 75 -54 75 45 75 -42 75
57 75 -92 75 7 75 -17 75 82 75
-67 75 32 75 -32 75 67 75 -82 75
17 75 -7 75 92 75 -57 75 42 75
-45 75 54 75 -95 75 4 75 -20 75
79 75 -70 75 29 75 -26 75 73 75
-76 75 23 75 -1 75 98 75 -51 75
48 75 -39 75 60 75 -89 75 10 75
-14 75 85 75 -64 75 35 75 -35 75
64 75 -85 75 14 75 -10 75 89 75
-60 75 39 75 -48 75 51 75 -98 75
1 75 -23 75 76 75 -73 75 26 75
-29 75 70 75 -79 75 20 75 -4 75
95 75 -54 75 45 75 -42 75 57 75
-92 75 7 75 -17 75 82 75 -67 75
32 75 -32 75 67 75 -82 75 17 75
-7 75 92 75 -57 75 42 75 -45 75
54 75 -95 75 4 75 -20 75 79 75
-70 75 29 75 -26 75 73 75 -76 75
23 75 -1 75 98 75 -51 75 48 75
-38 75 61 75 -88 75 11 75 -13 75
86 75 -63 75 36 75 -37 75 62 75
-87 75 12 75 -12 75 87 75 -62 75
37 75 -49 75 50 75 -99 75 0 75
-24 75 75 75 -74 75 25 75 -31 75
68 75 -81 75 18 75 -6 75 93 75
-56 75 43 75 -43 75 56 75 -93 75
6 75 -18 75 81 75 -68 75 31 75
-34 75 65 75 -84 75 15 75 -9 75
90 75 -59 75 40 75 -46 75 53 75
-96 75 3 75 -21 75 78 75 -71 75
28 75 -27 75 72 75 -77 75 22 75
-2 75 97 75 -52 75 47 75 -40 75
59 75 -90 75 9 75 -15 75 84 75
-65 75 34 75 -35 75 64 75 -85 75
14 75 -10 75 89 75 -60 75 39 75
-47 75 52 75 -97 75 2 75 -22 75
77 75 -72 75 27 75 -28 75 71 75
-78 75 21 75 -3 75 96 75 -53 75
46 75 -41 75 58 75 -91 75 8 75
-16 75 83 75 -66 75 33 75 -31 75
68 75 -81 75 18 75 -6 75 93 75
-56 75 43 75 -44 75 55 75 -94 75
5 75 -19 75 80 75 -69 75 30 75
-25 75 74 75 -75 75 24 75 0 75
99 75 -50 75 49 75 -38 75 61 75
-88 75 11 75 -13 75 86 75 -63 75
36 75 -36 75 63 75 -86 75 13 75
-11 75 88 75 -61 75 38 75 -49 75
50 75 -99 75 0 75 -24 75 75 75
-74 75 25 75 -30 75 69 75 -80 75
19 75 -5 75 94 75 -55 75 44 75
-42 75 57 75 -92 75 7 75 -17 75
82 75 -67 75 32 75 -33 75 66 75
-83 75 16 75 -8 75 91 75 -58 75
41 75 -45 75 54 75 -95 75 4 75
-20 75 79 75 -70 75 29 75 -27 75
72 75 -77 75 22 75 -2 75 97 75
-52 75 47 75 -39 75 60 75 -89 75
10 75 -14 75 85 75 -64 75 35 75
-35 75 64 75 -85 75 14 75 -10 75
89 75 -60 75 39 75 -47 75 52 75
-97 75 2 75 -22 75 77 75 -72 75
27 75 -29 75 70 75 -79 75 20 75
-4 75 95 75 -54 75 45 75 -41 75
58 75 -91 75 8 75 -16 75 83 75
-66 75 33 75 -32 75 67 75 -82 75
17 75 -7 75 92 75 -57 75 42 75
-44 75 55 75 -94 75 5 75 -19 75
80 75 -69 75 30 75 -26 75 73 75
-76 75 23 75 -1 75 98 75 -51 75
48 75 -38 75 61 75 -88 75 11 75
-13 75 86 75 -63 75 36 75 -36 75
63 75 -86 75 13 75 -11 75 88 75
-61 75 38 75 -49 75 50 75 -99 75
0 75 -24 75 75 75 -74 75 25 75
-30 75 69 75 -80 75 19 75 -5 75
94 75 -55 75 44 75 -43 75 56 75
-93 75 6 75 -18 75 81 75 -68 75
31 75 -33 75 66 75 -83 75 16 75
-8 75 91 75 -58 75 41 75 -46 75
53 75 -96 75 3 75 -21 75 78 75
