52 29 86 44 14 3 41 24 51 50 55 82 63 28 1 94 39 17 69 26 59 74 7 81 68 5 48 65 61 58 15 64 42 54 45 62 84 72 34 38 4 89 95 10 32 8 71 91 30 79 53 22 85 31 83 49 19 43 96 66 33 47 97 13 93 12 92 27 75 37 21 87 70 40 0 46 88 11 80 100 60 20 78 23 77 56 16 99 73 6 18 98 57 2 90 67 35 9 36 25 76
33 3 23 70 48 25 39 73 38 52 62 72 93 31 96 75 65 40 51 10 35 98 26 97 5 2 16 87 34 95 85 50 81 92 6 76 77 86 64 41 94 83 36 79 90 67 91 61 21 13 68 63 20 57 78 69 82 44 4 24 47 54 80 8 15 32 11 18 37 99 43 19 56 60 89 9 17 58 84 42 71 88 27 46 55 100 59 1 0 53 12 74 28 45 49 29 66 22 7 14 30
55 28 38 3 97 63 35 60 64 66 90 87 58 0 16 48 75 84 36 100 99 22 15 86 42 65 11 33 24 7 37 67 77 89 53 21 32 6 41 54 56 73 62 51 69 13 49 39 98 45 46 88 25 91 43 34 17 44 59 4 50 83 23 82 57 61 8 71 9 26 85 30 1 70 96 68 5 27 18 10 20 2 78 72 31 80 74 14 94 81 47 79 95 92 19 40 93 12 52 29 76
24 100 33 93 51 20 56 88 25 48 77 22 15 26 41 67 21 10 64 61 92 72 82 12 75 73 60 53 65 1 66 39 18 57 13 43 42 90 45 70 79 91 50 27 29 95 2 14 52 7 8 89 58 38 68 9 28 84 54 81 40 99 16 76 19 80 37 4 69 97 94 11 47 17 49 0 23 87 46 6 71 78 34 83 96 85 55 74 31 86 3 62 35 59 5 36 63 98 30 44 32
1 84 15 16 19 59 96 45 37 68 73 21 85 23 67 87 5 91 94 72 66 65 71 90 70 50 74 35 36 54 7 4 31 17 42 79 55 82 95 63 2 56 12 14 60 81 78 46 76 57 22 97 47 93 75 24 34 58 99 30 61 10 29 53 9 39 0 27 51 77 6 38 28 11 89 80 33 32 86 41 62 18 8 40 13 69 49 3 64 98 25 100 20 26 48 44 83 92 88 52 43
89 33 6 64 40 55 61 14 34 87 59 31 38 4 35 57 52 86 66 74 95 96 53 36 45 44 29 28 56 62 15 46 23 91 30 1 12 97 13 21 78 17 90 20 100 63 69 48 99 72 60 26 37 84 92 94 77 93 16 80 42 81 5 65 50 22 43 49 67 9 83 2 32 27 88 41 79 19 76 70 85 68 7 71 11 51 0 73 82 24 8 25 39 47 75 54 18 58 3 10 98
22 19 87 99 58 33 39 52 69 6 86 92 72 66 91 30 83 73 20 9 77 11 100 17 53 46 97 3 15 80 2 78 8 56 24 18 32 43 95 25 23 89 40 96 0 68 35 88 4 81 94 79 98 93 13 10 16 21 76 42 50 7 44 26 71 57 34 63 49 29 48 74 1 51 14 28 55 62 90 47 64 61 54 82 65 75 37 60 12 67 36 27 45 41 5 59 85 84 31 70 38
96 89 50 92 64 25 10 85 80 65 93 32 91 36 95 30 79 31 87 52 69 37 33 90 51 72 38 28 41 20 22 9 6 97 58 5 62 75 26 53 84 73 12 63 1 88 56 3 18 78 67 45 21 82 34 61 59 74 13 23 14 57 42 7 98 15 48 100 70 4 19 39 54 29 60 44 46 40 55 83 0 24 71 66 68 76 94 8 86 43 49 81 2 77 35 17 11 47 16 27 99
98 46 37 57 71 54 35 100 68 20 80 42 21 96 86 49 27 47 31 60 79 26 74 55 70 3 39 17 95 5 16 76 59 52 51 8 91 4 63 2 77 0 23 61 18 75 9 11 15 38 45 73 93 84 12 1 90 33 36 25 28 62 53 81 69 43 92 82 89 13 7 41 83 65 34 29 50 56 19 32 67 40 44 6 24 58 97 64 85 48 14 78 87 94 88 22 99 66 30 72 10
99 3 71 56 16 76 52 84 85 14 54 8 43 87 9 31 95 0 28 64 6 50 98 5 62 78 4 74 66 49 41 32 18 94 100 10 42 1 58 40 97 37 11 25 24 69 96 7 72 81 35 90 61 77 30 26 17 20 59 29 86 12 65 60 15 47 55 68 46 19 91 89 73 92 27 57 51 34 23 67 70 13 45 53 83 80 22 33 44 36 79 2 21 82 39 48 88 93 63 38 75
82 69 78 13 51 35 86 85 61 74 87 46 40 93 25 67 17 3 76 56 97 45 57 14 24 95 68 80 50 28 52 43 89 2 18 5 48 32 91 62 100 58 53 44 77 36 79 11 88 19 42 55 31 37 64 96 66 29 92 99 16 84 8 21 70 27 39 6 49 30 72 47 65 71 90 4 63 94 33 81 15 1 59 12 10 9 7 41 20 60 75 34 22 73 54 0 23 26 98 83 38
3 85 41 60 5 56 94 79 43 38 30 29 69 24 61 72 95 9 73 4 89 64 100 83 58 25 53 44 84 2 21 8 88 62 68 7 34 23 27 13 48 26 97 54 40 36 66 78 98 65 46 80 81 42 87 1 15 35 99 0 55 31 20 49 33 10 59 77 39 22 18 47 75 12 90 37 16 67 96 57 6 93 19 70 86 50 82 52 51 32 11 14 76 74 28 91 45 63 92 71 17
86 73 3 49 52 78 43 51 8 29 79 83 97 71 77 41 31 88 22 70 9 57 42 47 35 23 53 6 92 40 87 38 34 10 21 4 2 12 30 59 24 15 98 54 19 75 28 60 55 37 0 82 81 84 7 68 33 25 74 67 36 72 62 61 100 99 50 85 65 69 39 91 13 11 1 20 56 58 66 93 45 80 90 18 27 48 26 14 76 46 5 95 32 89 94 96 16 44 64 63 17
82 14 48 88 16 70 65 8 76 75 32 73 38 22 72 69 42 27 57 41 78 83 96 13 56 79 85 58 2 28 50 97 19 37 90 74 18 62 17 40 11 89 51 93 12 94 91 29 54 39 81 86 1 31 25 20 24 3 7 26 44 100 49 95 63 35 77 9 99 84 52 30 61 10 43 23 66 67 0 98 47 87 36 4 60 68 80 46 64 34 55 5 71 59 45 53 6 15 21 92 33
84 75 13 68 4 29 19 88 66 5 7 20 26 71 63 40 23 3 74 45 0 91 24 58 27 32 49 11 6 82 44 42 2 9 10 81 8 85 99 48 33 43 37 12 15 39 28 51 78 64 72 53 16 54 17 56 76 50 89 97 57 96 55 73 98 34 21 77 70 80 38 52 87 95 92 60 100 79 31 65 62 69 46 14 36 35 67 93 18 83 41 86 59 94 90 1 47 25 22 30 61
25 11 63 69 37 71 14 44 20 83 79 18 47 10 62 74 52 4 95 78 6 46 88 36 89 33 28 93 51 87 65 57 94 43 5 84 27 82 75 77 56 23 49 60 91 55 39 66 54 92 9 86 70 53 29 50 97 68 90 38 42 98 32 59 76 30 35 16 81 73 67 12 72 99 26 2 22 24 48 19 21 31 3 100 61 40 15 1 80 45 13 58 8 17 7 96 41 0 34 64 85
93 49 35 71 36 20 97 89 90 11 84 37 70 48 47 59 69 88 17 66 26 94 72 96 73 52 0 22 9 62 10 5 99 61 38 74 83 91 63 25 12 77 86 3 80 43 4 19 29 51 21 8 13 39 27 78 57 32 15 46 87 56 42 44 40 31 54 65 41 30 76 33 68 34 82 24 81 55 58 79 50 16 95 85 14 100 28 53 64 18 45 1 23 75 67 98 92 7 2 6 60
56 44 13 3 88 72 48 60 80 38 84 79 87 51 62 73 97 58 77 35 92 64 8 34 26 59 19 21 68 25 93 2 24 53 11 91 70 5 20 10 7 41 99 16 55 75 40 52 82 65 17 18 37 12 1 69 15 45 46 98 47 89 14 85 71 95 96 61 100 81 42 63 9 66 83 76 39 54 23 32 31 6 74 67 50 30 27 43 28 49 33 86 90 0 29 78 4 94 57 22 36
32 36 28 35 9 41 97 89 58 86 21 90 1 73 94 77 13 11 6 53 4 55 49 63 75 98 46 25 31 93 76 78 51 42 26 67 72 30 19 59 68 88 61 70 20 82 23 12 17 99 45 38 96 44 69 65 0 60 10 79 54 47 71 57 95 56 81 66 83 24 34 100 48 74 40 33 29 39 14 62 8 85 92 5 50 2 3 43 18 37 22 16 52 84 87 80 15 91 7 27 64
80 91 72 93 16 27 97 94 10 69 12 3 66 47 78 55 76 36 68 6 43 63 75 32 99 54 61 21 5 20 84 87 50 22 34 30 92 18 24 40 51 89 41 28 26 70 83 95 88 59 42 33 71 62 57 29 79 49 58 53 11 64 9 14 19 65 7 77 1 74 100 31 4 48 98 39 60 23 17 96 52 37 56 8 81 44 67 82 35 73 85 2 13 25 38 90 46 86 45 15 0
81 68 11 79 50 70 31 40 63 65 64 57 97 87 90 61 85 24 71 30 9 7 82 1 2 18 20 89 47 54 52 0 21 44 42 72 91 58 37 94 92 10 41 56 33 88 13 69 27 22 51 14 19 3 95 8 25 23 38 43 17 67 93 46 26 28 100 73 35 98 39 5 86 99 66 59 96 62 74 34 48 60 4 32 75 12 77 76 78 45 80 29 16 15 84 6 53 49 36 55 83
77 0 14 94 48 21 2 5 85 58 83 98 70 45 11 95 9 50 76 24 64 15 40 34 65 32 13 63 54 93 68 30 49 79 59 84 99 73 42 29 43 37 62 41 78 100 16 28 80 66 8 20 12 53 6 67 92 88 71 4 56 36 19 25 87 35 22 23 57 3 1 86 17 52 91 27 74 10 51 82 55 60 61 31 26 44 89 90 33 69 47 46 72 38 7 18 97 81 39 96 75
29 21 51 66 81 76 32 60 53 10 55 49 27 30 70 28 83 94 90 24 67 77 8 78 54 15 91 2 26 86 44 68 64 4 31 56 85 88 74 52 99 71 16 1 59 84 34 18 11 23 96 48 5 100 40 36 6 72 58 79 80 75 37 50 63 87 45 22 9 3 20 35 19 43 61 57 33 46 62 25 17 47 7 82 93 97 69 41 14 92 95 42 65 98 73 38 13 0 39 89 12
69 64 60 46 80 99 13 81 96 17 0 20 61 29 95 62 56 66 1 37 63 11 55 12 57 94 7 73 83 75 52 28 4 14 5 89 90 98 84 34 31 100 77 45 9 91 42 10 71 25 40 88 3 38 79 49 53 6 18 76 36 58 48 30 72 85 67 21 87 43 32 16 82 68 33 65 24 2 19 51 92 93 26 78 44 54 74 15 97 59 70 47 35 50 41 27 86 8 23 22 39
19 37 45 62 26 54 42 9 48 87 98 5 96 95 77 61 53 11 91 78 34 74 92 60 85 35 49 97 93 25 58 41 1 14 75 31 27 46 13 29 71 21 66 100 50 84 18 64 2 22 65 57 86 63 12 0 40 6 83 72 52 16 51 38 69 43 55 17 76 68 44 15 4 30 99 20 79 28 70 73 33 89 8 81 94 36 59 47 39 67 82 3 80 56 32 10 7 24 88 90 23
71 19 16 98 29 64 13 46 76 81 4 88 52 25 7 55 24 56 72 93 28 87 69 10 44 15 60 47 57 49 40 61 42 99 85 48 23 45 62 90 31 96 84 2 89 43 50 97 22 65 30 26 12 0 91 82 58 68 9 8 32 20 75 94 95 66 38 59 1 33 80 36 67 39 17 21 41 79 14 70 6 100 63 83 34 54 3 86 77 73 92 35 5 18 53 78 51 11 37 74 27
16 51 60 21 47 66 84 30 79 7 87 6 13 96 28 53 48 2 4 23 76 98 78 27 74 29 91 52 92 0 57 55 11 82 17 93 43 75 8 10 58 64 83 67 99 18 35 95 38 24 40 20 46 70 37 26 62 50 41 68 69 19 85 97 77 25 88 15 49 54 5 45 33 61 56 42 14 36 80 89 39 72 86 44 1 100 9 73 90 22 3 59 65 94 63 81 12 34 71 32 31
19 44 17 54 31 58 41 79 39 21 38 62 14 76 11 8 40 49 37 34 69 75 15 100 51 35 50 18 30 77 5 53 12 47 6 64 68 0 60 22 78 2 3 88 82 48 10 96 97 52 92 57 43 95 29 13 83 70 1 89 65 23 85 33 42 27 99 45 28 81 66 87 26 61 24 90 55 20 56 16 93 91 73 46 72 74 59 32 84 7 86 80 67 9 36 71 4 98 94 25 63
69 0 12 74 39 13 47 76 94 83 72 41 17 93 9 92 55 54 45 96 25 3 26 21 77 90 10 86 89 88 79 16 46 38 6 53 51 60 64 1 63 30 34 62 100 73 78 37 48 67 29 65 95 32 33 5 81 40 8 75 52 11 85 71 2 58 49 66 91 82 97 50 99 56 61 18 4 15 42 24 98 14 20 22 84 19 36 80 7 87 23 27 59 28 57 35 31 43 44 70 68
14 22 93 41 5 86 46 51 17 3 25 50 40 6 37 42 47 70 88 55 84 85 28 57 26 39 43 89 35 68 12 65 100 29 8 81 74 63 91 30 34 95 9 59 83 75 60 0 32 94 66 52 15 56 20 82 23 98 71 53 92 49 21 73 44 80 76 54 4 2 99 79 10 33 61 96 48 62 77 78 11 87 31 7 18 90 13 58 24 64 27 1 67 36 69 19 97 16 72 45 38
12 17 15 70 46 11 88 61 42 32 21 93 73 18 31 2 34 57 45 39 6 14 40 81 89 55 96 65 100 38 47 54 75 94 13 4 71 85 95 76 53 0 5 87 91 69 82 80 37 92 56 59 10 60 79 99 27 36 51 26 72 1 52 86 90 97 20 8 29 77 63 35 58 84 19 98 30 3 43 78 66 83 41 9 67 44 28 50 23 49 22 33 74 68 62 64 16 24 7 25 48
14 24 12 40 19 43 18 27 75 8 48 1 37 63 73 41 61 83 36 90 13 59 99 33 46 30 89 11 79 4 29 76 49 32 58 87 47 82 17 0 57 50 28 26 80 54 39 94 51 66 10 85 42 52 56 45 71 3 6 25 69 34 100 91 23 84 2 7 97 31 68 53 64 92 22 74 9 70 38 20 21 78 35 55 72 15 60 93 44 95 86 98 5 16 65 67 62 88 81 77 96
17 52 40 54 9 57 37 70 49 93 97 73 5 35 36 13 14 67 95 42 26 21 65 72 90 27 71 6 78 75 31 2 92 91 53 82 55 63 34 41 77 61 47 100 88 11 81 45 19 3 98 4 50 32 94 23 86 0 28 58 43 18 79 51 25 89 84 39 20 22 56 46 66 80 1 7 64 74 59 15 29 87 8 48 16 10 99 12 44 30 68 62 83 85 69 33 38 96 76 24 60
63 10 61 56 12 73 49 95 9 18 62 84 58 44 31 74 47 3 14 21 48 5 91 33 97 77 45 24 87 60 88 41 86 70 90 54 68 15 19 32 69 8 29 98 37 43 17 78 4 85 27 89 50 80 46 23 13 94 75 26 22 0 64 55 66 20 76 81 39 36 67 16 71 57 83 30 38 99 2 28 40 7 82 79 65 11 52 1 6 100 53 59 35 92 34 42 93 25 96 72 51
9 88 68 16 65 93 6 14 20 69 51 77 80 92 55 81 95 29 78 7 11 99 37 59 90 1 85 23 39 17 50 5 28 24 32 75 12 10 45 0 83 63 74 71 30 4 35 67 61 94 70 86 66 33 40 48 43 82 46 98 64 21 79 26 89 57 38 47 73 13 8 100 52 27 91 18 3 49 87 31 62 41 42 2 34 53 97 56 19 76 36 60 44 96 15 25 84 54 22 72 58
80 94 61 44 46 69 98 99 96 81 22 64 59 45 21 84 33 71 66 15 72 1 93 88 47 60 8 18 78 90 83 37 28 92 58 17 57 12 40 23 24 34 53 9 74 67 39 51 14 27 62 41 32 42 50 65 35 68 82 91 25 29 95 43 86 48 36 30 20 16 76 38 85 77 7 56 19 52 11 97 13 63 10 87 49 26 54 75 55 6 70 73 3 5 79 4 31 2 0 100 89
52 60 14 91 19 36 80 67 84 69 20 8 89 56 93 98 87 92 7 73 51 28 88 29 54 21 33 37 97 100 23 32 24 38 34 68 95 76 9 6 17 70 0 59 43 46 58 44 50 1 71 78 82 99 64 72 63 55 75 66 27 13 48 25 39 31 26 22 86 83 16 3 40 12 11 65 15 74 2 18 61 62 42 35 41 47 4 53 30 94 79 85 81 45 57 96 49 90 5 10 77
96 71 59 100 46 25 35 43 80 8 92 60 45 67 85 69 99 17 18 7 15 94 42 50 27 47 5 13 88 9 38 30 74 19 89 0 11 10 82 86 52 48 3 29 83 79 90 87 37 56 97 81 34 54 65 95 49 28 31 44 76 21 12 22 14 33 62 26 32 16 73 41 98 93 55 72 68 64 91 53 4 23 61 2 78 39 1 24 63 58 20 75 51 77 84 66 57 36 6 70 40
37 36 49 46 59 21 100 71 45 62 80 38 20 76 24 39 98 83 25 91 63 11 22 10 23 8 33 29 47 9 3 72 67 44 66 89 82 68 81 50 96 93 4 79 84 61 87 19 18 2 65 73 95 17 6 55 43 48 69 57 60 75 97 13 99 90 52 5 92 42 51 53 77 32 58 1 31 85 40 94 88 56 27 86 54 35 74 41 15 16 12 34 7 64 28 26 70 78 14 0 30
64 24 75 46 44 28 71 3 40 25 90 72 55 94 42 70 89 34 99 16 9 41 62 93 39 14 48 54 53 77 66 13 35 36 60 86 6 79 52 47 4 51 26 84 1 10 0 30 82 95 2 21 56 32 59 45 57 68 76 100 19 18 29 88 17 15 50 49 91 96 8 5 23 12 37 87 58 74 78 38 43 61 11 98 92 20 33 22 67 7 83 65 81 27 63 73 80 31 97 85 69
49 44 95 79 5 57 65 9 51 14 28 59 52 97 6 20 85 74 70 87 81 98 43 12 48 29 17 41 96 63 54 76 67 94 92 30 3 45 90 88 11 33 47 86 55 83 82 21 42 36 35 50 24 0 15 22 1 10 99 37 77 91 34 8 46 56 26 16 89 75 84 73 64 72 27 39 25 38 93 60 4 31 80 62 19 2 40 71 61 18 32 23 100 7 66 78 68 13 53 69 58
77 84 70 99 13 67 35 0 6 12 26 58 30 87 25 3 45 94 41 68 95 50 81 37 53 48 92 86 73 10 1 75 52 69 51 65 85 47 62 76 18 66 46 34 5 14 20 100 16 39 31 91 17 8 38 83 60 49 23 29 57 72 78 61 54 7 15 44 27 80 74 64 88 55 63 4 56 21 89 42 24 28 2 79 22 96 43 40 36 98 71 19 32 90 11 59 9 33 82 93 97
34 78 16 21 100 61 93 19 22 99 91 96 83 86 30 53 37 73 1 94 81 89 90 66 67 74 98 92 76 3 31 54 41 38 97 63 20 5 87 7 65 80 58 40 48 12 50 2 24 68 55 95 14 33 8 45 43 17 57 15 9 69 47 18 70 60 88 32 29 64 42 44 4 35 23 0 77 25 39 75 79 36 49 72 28 84 51 59 27 71 82 11 85 62 56 6 26 13 10 46 52
13 3 64 86 58 42 91 33 95 65 47 89 67 73 36 14 85 82 28 40 60 92 100 62 23 61 30 44 35 56 66 53 88 49 29 31 6 78 2 84 4 51 74 98 68 48 94 93 59 63 16 69 87 75 18 0 45 50 12 15 1 8 83 27 11 71 10 79 34 57 37 46 90 97 70 38 41 52 20 54 19 24 22 43 17 21 7 77 72 55 25 80 26 81 5 96 76 9 32 99 39
46 33 89 82 76 84 77 62 40 0 86 39 70 2 75 73 3 26 58 66 79 60 80 27 99 25 90 42 78 35 83 64 52 30 94 5 37 28 11 81 16 68 54 93 43 49 41 18 71 65 57 61 10 34 72 17 24 55 1 100 69 29 21 50 91 31 59 95 13 7 32 53 38 96 97 6 45 47 67 8 74 4 23 36 87 20 51 92 15 85 63 88 48 12 56 22 44 19 9 98 14
50 99 4 89 12 83 97 66 60 10 35 100 98 64 23 87 81 68 19 77 31 62 71 54 93 82 25 18 24 36 80 37 88 48 47 53 59 16 15 96 56 21 46 76 6 17 32 9 42 51 90 33 3 69 85 20 61 28 8 52 67 39 11 43 73 58 95 86 7 94 72 44 84 14 29 5 63 55 0 13 38 75 34 2 22 70 26 78 45 79 65 74 30 27 92 49 41 57 1 91 40
98 49 0 90 95 58 19 34 50 69 28 35 78 53 96 72 60 56 11 62 43 74 20 39 79 24 86 33 47 13 73 88 51 71 91 29 89 87 7 6 93 48 16 14 99 75 3 42 81 52 12 4 92 85 26 27 94 15 38 77 66 36 8 59 5 63 37 25 64 31 57 21 97 18 1 32 30 100 45 2 41 76 10 9 67 83 22 65 84 23 40 44 82 46 80 17 55 61 70 68 54
48 56 99 88 52 16 86 55 28 97 62 44 78 100 72 90 24 36 31 80 12 19 3 17 47 84 65 46 13 96 21 85 8 39 1 38 35 67 87 54 69 10 73 61 53 74 71 66 58 92 70 51 7 18 11 30 0 50 57 91 32 5 37 29 20 9 6 45 81 68 93 63 22 83 15 49 42 23 40 77 95 2 60 94 33 98 26 75 64 82 89 59 25 76 79 14 4 34 41 27 43
89 58 34 61 59 11 32 44 25 8 6 64 0 47 27 12 5 68 83 67 45 13 78 75 19 7 3 71 63 60 46 37 94 87 38 35 77 90 16 2 30 70 43 100 88 17 81 93 86 99 14 80 84 54 74 48 39 1 24 28 95 50 92 55 49 98 10 9 42 33 41 29 18 40 85 36 62 69 15 56 51 23 91 53 65 79 52 22 73 57 96 31 26 66 20 97 21 4 76 72 82
47 24 88 66 36 37 15 27 58 81 83 39 30 44 80 0 21 19 92 51 75 91 64 95 29 1 41 14 84 99 4 100 33 56 53 96 69 40 67 35 17 61 49 63 20 72 78 62 50 28 90 77 79 97 18 10 12 7 3 60 5 6 2 73 48 9 22 16 87 34 54 23 68 38 71 74 13 59 8 32 76 70 89 46 42 26 98 11 65 93 31 45 86 43 57 82 85 52 25 55 94
96 59 97 49 76 31 32 91 37 70 46 34 65 95 7 48 21 90 71 56 11 4 44 1 74 89 27 0 35 63 99 20 67 86 42 45 53 26 52 2 51 29 57 69 55 54 25 62 14 43 81 75 98 40 77 16 83 79 28 87 10 6 3 13 66 8 78 92 12 58 17 82 15 38 23 24 73 33 19 72 100 61 41 93 68 88 9 30 39 85 47 18 36 60 5 50 84 80 94 22 64
40 12 6 15 98 17 62 81 82 60 14 4 32 99 10 69 1 37 61 64 35 42 71 20 13 94 21 96 41 70 78 16 58 3 34 39 73 90 22 7 5 28 53 97 86 77 11 93 31 88 36 80 55 50 91 43 8 27 19 48 65 59 0 33 25 56 44 29 57 47 38 72 74 26 85 63 95 49 51 79 68 24 100 54 75 30 45 87 92 89 66 76 9 18 2 84 52 46 23 83 67
46 5 14 71 40 81 92 34 88 10 74 53 43 90 58 1 28 2 6 87 23 35 29 11 27 3 75 13 94 67 85 47 60 64 69 16 62 55 72 100 65 26 19 25 79 91 59 89 86 52 24 33 44 70 51 37 17 95 77 49 48 45 41 8 12 31 66 4 63 7 76 96 21 22 54 98 20 83 82 99 36 61 56 97 18 38 42 15 80 32 57 84 68 78 93 50 73 39 0 9 30
15 45 41 5 18 9 33 49 63 40 60 67 62 81 88 11 72 35 61 51 74 66 21 13 7 20 59 71 39 29 57 92 1 23 27 58 76 93 24 32 70 83 97 36 98 46 14 79 48 82 8 73 89 64 37 26 17 91 54 12 65 44 77 3 43 30 94 90 100 52 34 22 16 28 56 80 31 6 95 78 99 38 86 55 96 85 53 68 84 75 4 50 10 0 19 69 42 87 25 2 47
19 18 81 100 33 40 62 48 4 94 64 63 37 30 98 75 95 50 56 89 10 52 53 7 24 46 20 6 55 82 23 84 2 11 65 66 41 87 93 78 29 45 17 76 1 34 74 12 92 58 69 60 85 99 43 49 77 16 15 8 54 57 83 42 9 22 47 36 59 88 39 79 51 38 86 90 27 73 0 97 70 96 5 80 68 28 26 35 44 31 14 91 13 71 3 61 32 25 67 21 72
44 81 18 95 7 84 79 83 94 39 90 42 68 25 64 61 58 14 97 1 63 89 66 36 27 43 8 86 23 3 13 73 85 74 32 37 51 4 69 87 72 41 45 67 33 80 78 16 100 62 52 82 20 57 65 77 12 11 60 99 76 29 96 59 46 35 98 71 17 6 2 70 21 53 28 48 0 50 92 47 38 40 49 54 19 22 55 5 15 26 88 9 24 10 31 30 93 75 56 34 91
47 38 55 14 83 44 18 27 7 73 65 40 20 58 45 76 5 67 21 92 82 25 88 84 15 68 70 48 61 90 64 8 79 53 32 10 2 6 39 19 35 23 24 49 80 33 31 86 74 41 78 75 46 54 56 85 94 36 62 98 77 42 16 50 28 69 97 63 4 89 43 66 0 34 52 95 91 99 60 37 81 12 71 1 57 51 96 11 9 13 22 30 93 100 72 29 17 87 59 3 26
35 82 84 62 90 42 7 9 67 23 88 85 51 52 43 71 92 55 34 4 25 87 28 69 50 45 97 8 48 58 1 18 20 19 26 93 65 100 99 17 70 32 37 46 68 15 63 12 86 57 39 72 60 78 21 5 10 76 91 83 73 6 41 53 66 40 31 74 95 30 3 61 47 36 13 16 89 54 75 79 0 96 14 98 56 33 49 80 94 59 29 81 22 44 27 77 38 64 11 2 24
40 73 2 98 11 12 79 19 58 43 48 61 78 1 38 3 35 13 59 77 39 10 54 76 20 30 27 75 85 57 71 14 46 52 74 7 80 94 53 95 56 22 0 47 28 29 21 63 6 86 9 36 82 37 4 84 64 68 67 32 93 51 89 83 62 90 92 87 91 44 96 42 26 17 31 8 97 99 15 69 24 18 65 81 55 45 70 34 33 72 60 49 5 16 25 66 100 41 88 50 23
70 79 89 56 15 63 72 77 84 7 93 26 83 22 23 65 76 25 48 58 38 73 97 60 27 51 81 11 85 36 6 13 86 59 41 62 47 46 53 52 64 33 3 95 35 18 71 34 37 49 14 16 68 39 82 19 2 91 57 75 45 54 28 78 80 92 99 94 100 10 44 5 21 20 8 43 4 88 32 30 17 61 69 98 96 0 66 1 90 9 40 12 42 31 29 50 55 67 74 87 24
90 53 36 15 65 97 16 0 60 26 58 7 75 12 66 23 67 64 44 50 21 70 33 38 2 13 18 1 22 51 92 85 20 27 87 69 24 6 94 30 82 46 81 47 80 57 95 56 48 29 61 63 37 14 52 17 68 3 4 76 74 93 28 88 71 5 55 19 91 54 99 41 10 89 40 42 9 31 32 59 25 62 96 72 45 8 83 78 43 49 73 100 35 39 86 84 11 77 98 34 79
49 25 81 1 31 17 30 56 91 53 8 87 84 32 94 37 90 59 83 55 0 46 98 96 22 2 11 26 57 62 12 88 24 82 47 67 10 50 78 15 68 64 65 7 48 51 79 72 28 54 35 3 5 77 34 6 42 95 14 44 99 74 66 40 41 20 97 85 73 18 92 69 70 33 61 93 71 100 16 80 60 38 43 21 36 89 58 27 63 23 52 29 39 75 45 19 13 76 9 4 86
96 10 38 13 69 19 18 39 74 44 63 0 52 73 17 57 36 95 56 3 8 88 26 78 12 84 29 77 9 32 76 40 59 62 43 20 46 41 50 71 51 83 58 14 99 21 24 82 25 87 6 67 5 100 28 23 34 80 30 53 48 7 75 60 91 81 93 45 42 1 49 16 11 72 98 37 65 54 86 97 2 55 85 79 68 27 31 89 22 15 92 47 35 33 64 70 61 4 94 90 66
86 67 37 20 77 3 61 21 25 47 73 39 42 76 52 57 45 91 66 58 2 100 28 98 49 92 14 33 79 78 48 90 36 75 44 46 10 93 13 11 18 60 62 70 35 38 29 68 51 30 6 0 31 56 54 23 50 71 4 19 16 7 40 27 32 5 89 64 80 9 87 83 15 53 41 97 55 26 59 22 82 85 43 63 74 65 96 17 69 84 12 8 1 95 94 88 34 81 99 72 24
81 83 20 88 45 97 59 91 2 79 0 75 18 77 42 72 48 47 86 69 92 87 33 74 94 29 14 50 30 35 15 5 55 63 19 58 34 54 65 16 21 62 53 17 3 85 52 93 76 51 10 78 68 80 67 26 36 11 90 40 4 100 70 32 8 60 12 13 98 49 43 95 28 37 6 73 99 46 31 41 22 25 38 57 56 66 27 96 71 23 82 39 64 1 89 61 44 24 7 84 9
8 32 63 43 13 2 96 73 64 71 70 66 1 4 6 74 57 100 48 29 76 20 38 42 21 85 52 97 7 87 82 62 75 99 37 46 41 58 45 55 5 51 95 88 12 39 19 49 50 35 79 31 61 86 36 93 9 94 56 25 65 77 69 24 18 44 80 60 26 59 3 81 84 92 0 54 98 67 89 16 17 90 53 27 78 47 28 34 40 33 14 10 22 11 30 68 91 72 15 23 83
21 63 95 50 24 19 62 69 76 85 0 93 57 12 79 38 26 53 37 86 71 20 55 6 80 15 65 11 99 98 84 58 39 33 9 89 49 96 40 97 46 42 73 2 56 17 82 14 1 90 30 94 22 75 34 100 10 64 7 23 3 81 5 32 43 87 67 74 47 52 45 92 36 41 61 59 29 77 16 88 13 48 68 4 44 70 72 51 35 66 91 83 28 60 8 18 31 54 25 27 78
14 7 93 89 74 32 69 8 88 45 62 21 34 40 86 56 44 72 52 19 59 38 18 33 0 87 95 51 100 49 94 10 80 6 1 12 37 31 43 3 96 65 20 30 9 55 91 27 82 11 77 85 4 47 17 48 25 16 78 70 46 28 66 39 90 15 79 53 64 68 36 50 22 60 29 61 99 84 71 26 42 41 24 73 75 2 23 13 97 98 35 92 83 5 63 81 76 54 57 67 58
44 86 0 80 52 21 87 78 15 58 93 41 42 38 50 63 18 9 8 3 7 24 68 91 27 82 83 88 5 90 100 4 99 69 16 60 66 95 20 31 84 76 71 19 36 49 43 61 1 73 96 30 14 85 35 72 67 75 48 53 33 17 11 12 55 25 79 40 74 6 37 70 29 59 98 46 10 13 54 56 97 39 62 64 45 51 92 89 32 81 22 34 77 65 28 47 57 26 2 94 23
53 38 46 4 30 98 74 22 99 91 83 60 84 33 8 2 44 6 40 24 34 73 50 63 14 26 100 45 36 56 43 18 57 5 9 90 88 67 80 20 95 0 42 75 77 76 66 25 16 87 96 70 7 32 79 48 61 11 54 97 71 29 15 41 51 94 23 17 64 85 65 1 59 28 68 13 47 78 89 86 62 69 21 81 39 72 92 58 3 27 37 19 12 10 35 93 31 49 82 52 55
11 17 8 22 92 81 49 95 25 38 1 71 88 41 35 5 91 96 89 12 42 79 37 99 65 63 33 24 10 78 85 32 94 48 55 43 46 50 4 20 77 68 3 56 51 34 69 39 67 82 52 73 14 16 18 80 72 60 0 2 28 44 76 23 7 27 83 98 61 6 21 59 90 29 84 100 19 47 70 58 40 53 75 64 97 86 74 54 30 36 45 66 62 26 87 31 93 57 13 9 15
93 95 43 82 78 7 41 56 77 53 0 94 89 100 81 98 75 59 84 86 10 23 90 70 39 33 48 49 38 19 55 4 35 61 88 73 29 52 31 27 72 44 69 15 25 13 21 11 30 50 62 12 71 42 83 87 8 96 66 60 51 24 37 63 18 65 1 99 14 3 28 85 47 91 54 2 16 40 17 58 68 46 67 74 26 36 45 76 9 64 97 6 22 32 34 92 20 79 80 5 57
37 44 18 30 68 76 88 32 33 62 66 94 2 70 42 81 100 79 49 77 35 11 46 43 21 57 0 80 69 47 7 53 40 86 78 67 28 64 9 55 45 51 59 98 25 52 16 74 90 85 15 22 26 5 56 10 14 75 19 17 24 92 91 93 50 34 87 72 58 71 61 63 97 8 12 65 27 73 3 6 13 48 41 95 36 60 84 23 82 96 1 39 4 29 99 20 38 89 31 83 54
42 36 25 79 82 93 65 3 72 69 92 78 68 49 1 56 6 7 46 21 45 17 63 90 22 55 91 47 31 89 62 38 24 18 19 16 60 44 53 64 51 5 99 59 88 58 27 87 14 52 57 86 41 80 15 66 97 83 4 0 50 43 32 76 74 34 2 67 70 98 77 13 26 48 28 73 94 33 11 9 23 20 100 10 75 40 39 35 12 71 37 30 84 85 96 81 8 95 29 61 54
1 6 56 34 90 40 29 3 30 55 35 87 16 74 69 50 8 91 51 39 33 11 43 57 52 41 64 20 68 93 58 37 60 66 17 19 36 100 89 44 59 23 78 18 67 9 97 2 54 49 31 63 24 71 76 12 65 75 14 15 25 7 88 83 26 72 86 13 84 46 96 85 42 27 48 22 98 10 73 77 92 99 81 28 62 4 95 5 32 38 45 94 21 82 0 53 79 80 70 61 47
52 53 77 29 10 35 38 39 27 20 17 61 0 88 55 83 44 9 94 89 72 21 92 76 8 74 65 54 6 34 26 22 15 79 58 98 78 12 19 23 30 63 11 95 80 47 82 33 37 46 31 99 25 4 96 90 45 70 59 75 32 41 24 66 14 43 57 2 42 40 67 85 64 7 86 51 3 56 87 68 81 97 5 91 73 69 13 50 49 62 28 93 60 18 100 71 84 16 1 36 48
42 97 66 8 48 24 11 64 0 60 20 89 95 54 96 77 34 88 9 86 31 73 92 2 3 49 78 15 90 18 29 70 4 22 21 28 37 12 72 36 63 57 80 100 26 84 47 85 25 33 30 61 46 68 16 19 17 23 98 59 55 93 13 1 53 83 91 27 14 75 6 94 67 41 39 5 44 56 81 7 65 79 71 82 32 51 69 87 76 40 10 38 62 74 52 35 50 43 58 45 99
45 21 98 46 7 52 88 62 56 93 20 51 17 70 96 9 32 89 42 57 86 73 36 82 64 48 28 29 3 13 55 85 74 67 75 37 23 31 79 63 25 92 26 33 18 22 34 4 5 66 94 54 47 87 69 40 30 95 100 49 97 91 6 77 80 72 2 14 84 11 61 24 53 19 1 78 50 68 12 58 65 10 76 38 41 27 59 44 39 16 35 43 60 81 90 99 71 83 0 8 15
8 76 46 70 61 90 74 66 62 45 10 56 75 28 94 26 18 86 42 25 83 12 54 2 27 84 35 57 50 73 40 16 51 93 14 77 68 78 29 58 97 13 55 30 47 34 17 4 100 81 72 53 0 64 24 23 98 22 99 87 20 43 60 44 59 11 71 3 65 95 89 6 7 1 52 49 21 91 69 38 85 79 32 88 48 80 36 37 33 39 5 92 82 96 63 41 19 31 67 9 15
80 39 95 77 92 42 61 90 64 17 48 55 29 26 99 88 68 81 21 34 27 49 20 78 22 82 2 44 71 54 13 67 70 23 36 14 31 28 40 33 72 76 65 63 85 59 58 96 69 1 56 25 6 98 79 4 94 73 11 5 91 8 47 89 18 15 30 83 57 53 45 86 51 52 74 41 84 87 10 66 38 0 75 97 19 9 7 93 46 50 35 3 43 37 32 100 12 62 16 24 60
70 80 37 82 21 34 18 5 87 71 83 45 68 23 41 59 85 27 47 40 99 98 65 100 2 64 95 89 30 77 51 31 69 38 74 39 4 66 63 53 57 22 29 36 67 20 97 13 3 91 28 6 76 61 81 24 60 55 86 10 7 25 35 50 90 11 93 49 17 56 15 33 43 0 26 54 58 14 94 84 62 88 12 19 96 8 48 79 42 52 46 44 32 16 75 1 72 78 92 73 9
96 67 100 52 93 12 30 95 0 54 15 35 76 18 19 57 99 48 47 38 69 43 65 85 4 6 46 9 21 56 29 72 24 77 83 91 84 73 50 27 22 71 53 89 90 92 1 32 87 75 66 42 59 82 5 64 51 40 97 74 33 31 13 25 41 37 26 36 8 86 60 55 63 80 94 62 61 28 78 81 20 2 16 23 17 10 58 79 34 7 44 88 70 3 49 14 39 11 98 45 68
69 6 97 2 19 88 78 79 17 20 67 15 12 98 62 100 65 54 95 77 7 49 30 73 1 10 96 92 86 45 82 90 3 44 33 28 21 75 13 99 23 5 22 0 58 71 53 38 16 26 43 52 41 80 18 70 42 64 85 24 34 25 83 47 46 8 61 91 32 76 55 59 94 37 11 31 39 93 57 81 68 84 36 35 9 66 72 29 27 56 60 50 4 51 89 40 87 63 14 74 48
27 41 65 29 50 56 11 26 69 30 84 79 24 9 10 36 77 99 63 59 34 0 89 12 1 98 39 71 60 85 51 16 44 80 23 92 40 73 4 47 19 62 76 75 49 96 54 5 95 88 70 33 28 13 91 37 6 64 14 52 38 58 15 3 25 83 53 94 72 86 57 46 82 66 100 87 35 42 93 31 97 68 7 32 55 18 8 78 90 48 67 74 22 43 45 2 81 61 17 20 21
60 58 98 37 31 6 4 84 93 64 70 78 73 62 5 14 55 66 56 91 45 68 69 7 13 35 43 74 50 42 88 92 41 82 30 48 28 20 85 51 86 65 15 81 11 61 21 25 1 32 76 16 75 2 40 90 100 79 9 96 44 46 99 24 87 54 29 71 63 52 23 80 22 95 72 57 89 19 47 3 53 34 39 8 94 67 49 17 83 26 77 36 38 59 0 10 97 12 18 33 27
38 14 37 10 84 7 68 5 9 34 18 29 52 74 41 89 92 70 4 3 22 44 62 6 91 90 86 64 69 97 21 50 27 100 28 61 87 39 42 24 2 81 25 13 59 55 54 35 17 30 56 12 63 88 83 15 49 46 77 82 60 85 72 40 94 80 23 51 98 45 73 78 95 79 57 53 16 19 48 33 1 8 76 43 36 31 65 93 67 75 66 47 11 26 99 96 32 0 58 20 71
0 25 37 23 30 90 5 72 47 6 20 18 50 74 98 85 77 100 89 42 46 29 73 45 82 44 70 71 24 84 96 19 39 31 9 51 54 64 28 97 17 76 60 80 8 87 33 43 59 41 63 79 38 94 14 91 48 52 83 99 16 49 36 57 11 3 4 69 66 86 15 22 13 55 68 92 12 75 78 67 56 88 21 61 58 81 34 32 10 65 35 27 62 53 95 93 26 1 7 2 40
71 36 48 37 97 84 56 10 53 92 41 62 98 82 80 67 28 50 23 18 95 100 1 40 31 79 15 35 46 38 99 26 91 32 78 33 44 3 43 61 75 5 0 4 64 83 66 47 72 51 19 24 52 2 60 6 89 88 87 73 9 68 27 30 8 16 11 70 25 81 74 45 63 12 69 54 55 29 65 20 57 13 94 39 21 22 96 77 76 93 86 34 42 90 7 49 58 17 14 59 85
98 47 90 32 0 41 58 76 25 95 7 72 49 65 43 85 10 18 16 9 71 82 89 80 92 55 30 6 22 87 19 40 77 100 68 91 24 78 34 83 99 96 39 21 86 31 70 97 53 4 88 67 54 69 44 94 50 84 11 63 36 8 60 64 5 26 33 48 1 3 81 46 75 27 62 93 51 17 52 35 66 23 38 79 13 56 20 37 42 29 15 59 74 12 73 2 61 14 28 45 57
77 84 86 36 13 31 22 27 48 26 99 3 29 11 20 51 93 82 39 58 59 70 68 7 24 81 85 25 40 6 35 19 67 65 90 71 10 47 23 95 55 8 79 38 63 46 87 53 80 4 44 62 88 12 15 17 92 1 83 66 21 73 32 9 97 61 56 72 49 28 100 16 14 0 78 41 69 43 94 42 2 34 60 76 50 33 89 98 96 54 74 37 5 52 91 64 75 30 45 57 18
43 58 16 71 48 78 86 96 24 57 61 66 29 69 56 25 80 13 67 2 75 9 47 74 89 26 94 34 65 42 19 81 98 44 95 38 10 64 63 1 60 32 83 0 52 6 41 84 27 8 100 73 76 23 18 35 54 21 85 72 88 77 70 22 51 37 59 68 82 4 14 92 17 45 49 3 36 79 20 99 53 15 50 62 40 33 39 28 55 93 91 12 5 46 90 11 87 31 97 30 7
2 18 54 92 63 4 81 84 36 39 53 62 65 9 30 10 99 98 0 95 80 61 75 76 24 69 55 78 29 51 41 43 1 28 77 35 88 67 90 79 73 89 68 25 59 66 83 31 93 48 5 34 16 27 94 40 11 23 52 38 33 60 45 17 49 26 74 100 82 19 57 72 56 21 14 58 96 70 15 37 13 87 22 6 86 20 97 91 7 32 8 42 71 64 46 3 50 44 85 47 12
25 92 16 90 22 87 54 70 67 52 36 72 88 82 9 97 81 62 38 68 76 6 15 8 37 91 13 14 66 30 61 75 95 74 26 27 84 98 47 41 40 4 18 80 58 100 83 2 5 89 17 73 51 24 3 32 33 29 77 69 12 57 21 96 1 94 65 31 63 46 78 7 64 71 48 28 10 55 45 23 93 44 56 35 79 0 85 19 60 99 50 49 34 53 43 20 42 39 11 86 59
22 94 37 38 27 67 9 34 64 6 91 20 12 36 43 47 44 70 82 84 50 78 87 35 68 41 72 48 74 56 2 86 62 66 60 7 89 33 100 15 55 25 83 19 46 98 10 59 90 80 18 51 81 5 49 53 17 71 3 73 28 31 24 54 52 16 14 63 0 8 96 4 92 1 69 58 23 61 21 99 57 26 32 65 85 42 97 11 39 29 30 75 95 88 76 79 13 93 77 40 45
61 42 57 92 78 30 27 28 76 11 83 87 70 84 25 71 77 24 97 56 33 1 34 54 90 44 37 32 59 13 73 58 89 88 16 39 80 82 86 68 53 31 15 66 85 74 12 72 38 14 46 0 41 20 3 64 23 99 96 50 6 40 81 17 36 95 51 49 69 52 100 93 8 75 35 18 9 4 79 55 29 60 91 45 47 26 7 5 63 19 67 2 98 22 65 21 94 10 48 62 43
37 31 95 98 76 20 89 60 74 16 36 22 4 82 55 38 73 26 51 7 14 40 8 19 25 81 58 52 46 99 62 83 88 27 47 97 39 96 29 43 78 28 86 5 23 3 68 10 64 94 90 92 48 35 2 84 66 91 85 63 49 70 72 56 44 21 93 33 50 32 61 59 65 41 18 75 42 11 71 53 54 17 67 57 79 77 9 30 80 69 12 34 0 87 45 100 24 15 13 6 1
73 0 18 88 90 22 1 26 76 100 64 20 33 35 11 14 91 68 50 94 45 32 66 7 15 43 39 96 62 67 41 84 78 95 93 77 80 31 4 6 97 79 55 58 49 57 81 72 28 27 89 53 9 37 83 70 69 47 56 54 75 51 24 52 92 40 8 13 60 46 17 59 42 85 3 99 61 36 74 10 25 34 19 63 2 48 98 82 21 87 16 65 44 5 23 71 86 29 30 12 38
49 27 63 6 35 64 34 0 79 18 62 95 92 32 21 70 30 36 80 98 25 33 7 68 66 37 78 77 89 20 26 76 31 56 39 69 19 87 73 84 57 46 90 97 24 44 58 72 61 40 47 45 51 85 29 50 9 99 4 65 91 43 1 96 100 94 22 86 2 71 38 93 55 5 17 74 8 16 13 53 42 59 14 10 23 3 12 67 28 82 83 60 48 41 54 52 81 15 75 88 11
97 70 89 2 37 53 66 33 51 17 63 45 29 46 23 76 47 1 87 81 22 93 8 100 49 69 21 42 19 36 20 3 41 50 84 60 54 75 99 16 52 96 0 39 40 88 74 5 7 31 25 94 24 55 15 73 48 68 4 83 26 90 6 85 32 9 79 78 57 11 71 61 56 43 13 80 77 27 98 28 38 58 10 67 30 34 35 14 72 82 91 44 18 12 86 92 95 59 64 62 65
54 36 27 84 10 1 6 49 62 50 59 16 99 11 61 96 29 17 93 65 92 33 22 52 23 64 85 3 88 31 94 73 38 83 25 2 90 20 42 74 58 91 30 18 98 7 13 15 44 19 53 43 48 71 82 79 12 55 95 76 57 51 41 32 21 75 56 60 66 45 63 26 9 14 34 8 80 87 35 68 69 100 5 70 72 39 86 4 46 77 40 78 89 28 0 24 67 97 81 37 47
