23 3 36 72 30 100 31 26 5 49 97 63 87 90 10 81 99 77 16 33 67 50 75 29 45 4 46 60 37 19 85 71 15 1 44 6 47 96 57 20 59 66 78 32 51 8 89 88 98 39 22 25 86 84 58 74 41 28 73 91 14 2 7 92 69 11 64 70 24 34 18 17 62 43 40 52 42 48 79 93 94 21 80 53 54 12 35 27 83 56 9 0 61 76 65 68 95 82 38 55 13
22 2 70 68 55 13 0 56 62 48 33 57 37 79 93 44 41 14 45 81 97 36 39 92 29 52 100 16 17 54 23 58 86 51 1 89 10 11 47 53 82 4 74 7 75 28 6 63 96 27 49 59 71 61 76 3 87 83 50 60 30 69 21 31 67 73 9 72 85 34 88 20 8 46 43 40 98 64 84 35 24 77 95 32 19 94 99 5 66 65 80 12 38 26 25 42 78 90 91 15 18
28 75 53 9 44 73 81 16 46 91 94 78 39 34 55 66 24 12 76 15 18 33 63 89 71 57 32 97 13 30 38 51 26 36 59 82 17 98 27 86 79 92 49 87 31 69 0 72 77 6 96 1 50 56 40 25 61 48 74 64 95 21 42 10 60 65 99 29 80 4 70 67 41 90 14 43 3 37 68 11 45 22 20 7 100 5 19 85 2 35 54 47 62 93 88 58 23 52 83 8 84
29 47 18 4 15 3 83 70 89 95 38 11 36 100 2 5 59 51 27 14 34 31 12 17 85 22 19 26 6 40 13 16 55 96 79 0 49 23 53 63 91 30 10 39 86 56 48 35 81 7 77 57 72 24 8 76 88 46 67 92 69 45 73 61 58 93 66 43 44 25 80 50 82 52 75 1 64 71 94 37 84 78 54 21 33 60 97 41 32 90 9 74 62 65 28 87 99 98 42 20 68
46 3 88 29 93 95 86 62 1 8 35 13 38 26 54 40 69 7 19 60 24 39 71 81 4 31 36 66 68 18 74 64 43 32 14 30 37 27 100 87 10 92 73 90 94 48 49 21 12 67 2 59 15 17 47 65 34 78 25 41 89 44 22 23 58 96 98 9 56 6 52 61 83 45 82 77 97 99 42 53 11 76 91 0 57 33 70 72 51 63 84 20 28 75 79 50 55 5 16 85 80
72 22 42 58 97 4 14 51 29 64 28 44 62 100 90 3 55 60 17 96 94 95 40 79 27 63 83 32 36 88 35 93 45 65 69 8 73 57 68 81 23 67 52 19 89 59 25 9 47 77 2 11 24 48 49 98 15 91 34 75 18 70 5 21 26 46 31 74 33 66 92 99 1 39 78 84 7 86 53 13 76 71 85 82 54 80 6 87 12 30 16 43 41 37 20 10 50 0 61 56 38
10 25 21 38 49 5 41 51 15 77 86 27 78 7 93 4 23 67 63 88 35 34 3 60 54 75 90 52 59 58 82 72 64 65 40 9 0 89 71 13 19 45 42 94 95 44 11 20 97 68 14 57 33 61 70 17 48 47 69 43 81 22 55 66 56 76 74 30 79 2 80 12 92 6 99 85 28 91 36 87 100 98 24 53 62 29 1 18 39 73 26 46 16 96 83 37 50 84 31 8 32
23 91 22 10 46 42 3 12 47 35 54 68 38 0 69 13 93 96 48 36 27 32 39 83 24 1 98 72 60 4 64 51 25 86 87 52 95 8 16 49 6 100 9 34 30 79 77 21 11 85 17 66 31 40 7 75 2 80 84 19 44 92 43 14 29 82 65 61 5 90 67 74 76 18 33 78 58 59 88 26 73 56 81 20 53 37 28 55 41 71 97 94 99 89 50 62 70 63 57 15 45
31 4 77 69 97 85 61 92 87 29 64 12 32 52 82 22 90 75 50 66 49 20 41 9 37 98 21 16 60 14 58 74 26 67 71 15 46 88 81 78 30 33 35 96 53 1 6 91 11 34 76 51 44 65 73 79 59 94 13 3 95 86 8 45 100 36 39 83 42 23 68 24 5 72 54 80 56 28 47 99 19 84 7 38 70 63 57 48 0 10 17 62 93 25 55 89 40 18 27 43 2
7 87 66 41 11 22 58 43 74 23 8 92 55 39 61 70 30 71 31 12 83 38 85 24 94 79 47 96 33 90 88 67 53 69 84 57 72 68 64 52 1 63 42 89 86 99 17 21 75 45 9 4 10 16 29 91 48 73 19 25 3 6 82 32 5 95 20 98 50 46 13 78 62 18 37 40 54 36 35 60 81 14 93 97 28 77 49 27 0 2 51 26 34 59 76 44 100 65 56 80 15
72 11 93 98 59 25 41 74 46 38 4 73 7 33 82 18 51 57 81 69 20 45 75 52 1 55 9 63 3 70 10 13 78 23 87 77 61 0 17 56 42 26 53 19 27 15 86 21 29 58 83 14 36 47 89 96 60 28 85 43 32 5 2 50 54 37 49 97 90 80 64 91 6 34 31 35 12 94 71 88 84 100 99 62 39 67 48 68 24 95 40 44 22 16 79 66 92 30 8 76 65
3 9 84 16 66 37 80 13 48 65 19 21 55 52 86 59 60 58 43 57 74 11 34 97 45 78 7 91 29 69 56 90 96 85 15 22 61 98 36 51 81 1 5 89 14 41 67 17 62 28 77 26 88 72 38 2 25 76 32 44 93 100 4 94 27 8 39 40 95 12 10 30 68 73 49 23 53 24 87 33 54 75 47 31 20 71 63 18 83 42 0 50 64 70 35 99 46 6 79 92 82
75 45 86 38 97 13 21 8 78 87 76 34 36 26 67 44 84 16 80 12 82 19 57 85 99 18 20 24 58 15 5 1 49 64 41 96 6 43 77 66 89 79 52 60 74 40 65 22 39 100 71 81 42 0 27 83 73 59 10 51 31 23 3 72 7 46 62 69 90 47 50 95 91 30 37 17 98 94 53 61 68 88 63 93 29 11 33 32 48 4 14 35 28 55 25 92 9 54 56 2 70
65 92 76 67 72 5 59 71 52 16 61 64 63 28 69 13 79 57 27 37 7 50 91 15 58 30 14 26 20 99 40 83 43 55 23 4 19 34 24 77 17 21 3 74 81 73 8 1 10 39 0 66 36 12 90 78 45 47 84 38 6 29 32 98 96 33 25 35 95 9 41 80 68 97 48 46 62 82 85 87 93 88 75 11 94 22 53 60 89 31 54 86 100 2 42 51 56 49 44 70 18
58 16 52 18 89 8 84 44 35 33 80 67 46 29 54 70 64 13 32 93 75 78 53 21 82 99 59 85 83 81 42 62 45 31 3 22 25 94 86 98 66 7 40 11 90 77 60 9 73 48 68 5 100 15 36 12 56 6 19 97 24 47 30 14 26 34 2 51 57 27 23 17 65 39 92 55 96 79 50 76 43 41 63 95 88 91 87 1 0 10 71 49 74 38 28 20 69 4 72 37 61
69 41 50 39 30 0 85 99 54 43 88 61 27 1 9 92 57 45 82 10 32 6 7 62 25 16 72 65 52 84 17 21 12 100 58 76 91 20 71 3 77 34 86 60 4 33 29 49 31 2 48 23 51 80 67 78 53 38 18 47 19 28 83 66 63 22 68 87 56 15 37 11 35 75 64 44 73 46 96 94 70 97 55 42 95 74 26 14 98 36 79 24 40 93 59 81 89 13 5 90 8
19 58 32 16 100 28 89 33 67 11 13 97 4 24 84 22 48 0 15 76 79 35 7 49 86 26 61 73 80 99 85 68 70 64 69 40 96 3 8 5 60 52 65 36 82 91 6 72 51 37 38 30 81 92 75 17 14 59 27 83 88 1 43 21 62 34 50 23 39 74 93 46 42 94 71 31 44 47 9 25 10 66 87 57 53 54 63 29 55 77 2 41 98 45 20 95 12 90 18 78 56
64 48 78 23 17 74 95 55 57 96 88 30 34 12 28 10 39 75 61 86 43 20 45 22 69 68 25 79 70 9 4 59 1 94 99 49 8 24 46 85 71 53 52 26 84 37 13 2 100 21 92 91 18 72 35 40 0 47 32 31 63 33 14 62 77 6 7 90 60 50 98 80 66 27 67 3 65 44 38 83 11 89 58 16 73 82 97 29 5 41 42 56 51 36 76 54 87 15 81 93 19
1 31 74 93 35 80 68 6 19 8 60 53 9 30 94 58 28 50 75 67 20 18 65 4 21 36 83 25 48 78 51 90 34 49 64 97 46 84 71 69 81 56 27 12 95 92 22 62 63 38 70 61 23 33 45 57 55 89 66 96 85 26 41 44 87 37 5 99 39 100 16 54 73 47 24 17 13 7 15 2 10 43 77 86 14 91 88 40 79 32 0 98 82 42 29 11 76 52 3 59 72
34 16 84 87 20 82 19 57 5 78 67 47 14 25 23 37 43 52 29 72 22 62 76 32 31 71 4 27 61 68 28 77 24 8 46 85 0 100 95 55 41 79 26 7 70 13 91 9 17 98 38 42 58 88 6 80 81 3 33 50 89 93 30 48 65 1 69 51 60 15 53 49 45 44 94 86 18 73 64 40 11 39 63 92 2 96 83 97 90 54 12 99 66 21 10 75 35 56 36 59 74
23 49 30 28 80 20 6 96 2 82 76 65 24 64 78 58 43 46 38 61 13 47 99 15 81 86 25 19 92 1 18 33 84 93 17 97 16 95 27 83 3 67 22 66 53 14 40 94 9 71 70 7 37 45 48 29 69 12 41 62 100 5 11 79 73 56 68 4 44 39 85 50 77 8 59 35 72 26 52 54 42 51 75 63 90 10 57 21 98 87 88 60 91 89 32 34 0 31 36 55 74
54 34 77 41 28 61 88 26 3 51 71 8 80 30 42 53 55 65 76 35 72 59 98 29 46 17 57 81 36 63 23 20 39 14 87 84 99 38 68 90 15 24 10 11 64 67 94 58 66 4 37 43 82 79 73 2 5 40 7 21 13 83 93 0 74 62 12 100 31 56 27 96 91 18 16 45 92 86 95 48 50 52 22 49 47 9 78 89 6 1 70 19 85 97 44 32 60 69 75 25 33
99 91 1 69 15 4 42 75 26 36 74 45 68 9 32 33 81 71 7 0 76 18 93 70 57 89 100 50 79 73 85 43 29 23 51 5 6 54 13 35 66 90 44 55 21 92 17 19 41 22 94 30 80 47 8 10 34 2 39 27 77 38 24 60 46 28 63 84 20 82 95 61 25 56 97 58 72 96 62 87 12 59 64 11 78 83 52 16 31 14 48 67 65 98 37 40 49 88 86 3 53
79 88 91 69 1 56 2 4 11 35 18 24 74 13 33 29 58 43 15 37 83 72 7 39 0 100 44 49 42 45 60 61 95 66 82 28 40 36 89 23 48 57 59 19 80 26 50 31 54 34 97 5 25 41 51 55 93 30 10 22 92 78 87 14 75 68 46 99 85 6 27 94 63 8 17 96 98 53 67 52 12 64 86 9 84 38 47 90 70 21 20 77 81 3 76 62 73 65 16 32 71
15 7 42 92 19 78 99 63 54 51 22 91 48 81 97 95 43 31 64 37 44 47 80 35 16 45 34 71 85 9 58 87 93 100 4 86 6 40 84 65 74 20 77 29 62 5 83 49 69 0 94 57 33 14 67 36 23 32 60 26 82 18 3 73 90 46 88 30 98 28 38 55 96 66 52 53 21 39 11 59 68 72 27 50 61 79 13 75 10 41 89 12 8 76 2 24 70 56 1 17 25
79 48 2 54 10 57 24 100 83 12 36 35 14 88 44 21 18 69 23 59 91 38 37 90 26 7 89 66 29 72 93 80 47 82 13 17 85 40 6 42 27 56 43 62 74 49 15 22 5 99 98 73 70 77 19 9 51 8 60 45 55 86 16 31 1 28 33 58 52 94 96 64 3 67 34 30 68 97 84 78 61 4 75 76 41 53 20 39 81 11 46 87 25 71 95 92 63 50 32 0 65
82 54 28 56 26 10 90 87 20 32 59 84 76 33 49 77 8 53 2 88 75 13 31 36 97 4 48 93 58 94 67 51 24 9 5 57 22 80 15 68 23 42 27 62 60 47 7 98 16 30 43 74 21 64 6 100 81 78 11 35 89 25 19 0 66 41 29 69 3 12 73 85 91 50 86 52 46 63 39 92 38 45 95 99 17 61 72 37 18 71 40 79 34 65 1 70 44 96 55 14 83
51 81 71 15 30 55 56 19 33 74 42 95 23 75 60 13 6 80 90 28 49 64 92 32 21 14 72 82 25 31 76 67 69 17 89 41 2 83 58 1 93 73 35 18 34 12 26 57 48 66 91 100 11 27 96 44 20 46 62 88 94 85 77 97 29 68 65 54 50 52 3 87 5 36 99 63 78 43 0 98 70 8 84 53 86 47 39 10 37 38 4 22 45 16 9 79 7 40 59 61 24
5 55 82 54 52 29 3 21 17 0 98 28 73 63 94 68 39 25 15 46 69 81 89 37 78 1 66 80 13 47 71 87 79 75 56 58 48 20 61 53 74 49 60 31 88 77 22 83 44 14 6 85 57 41 35 51 65 91 42 59 30 90 76 2 27 12 24 99 11 95 50 7 9 38 8 93 72 18 64 67 62 100 86 33 96 84 70 97 4 32 40 36 10 43 45 16 19 92 23 26 34
41 52 88 98 1 15 72 61 51 65 6 30 11 36 92 38 97 87 2 0 70 56 44 14 91 28 26 31 29 81 59 73 13 34 80 82 60 16 83 21 3 89 57 42 33 64 39 24 10 90 7 75 93 19 55 47 63 54 77 40 22 99 45 76 96 100 4 78 18 62 85 74 8 20 67 49 17 95 68 79 43 27 58 53 35 71 25 50 66 5 94 86 23 84 37 9 69 12 32 46 48
49 67 37 22 92 38 91 29 68 88 16 10 84 59 45 44 50 36 76 9 6 60 3 77 46 13 71 32 20 53 64 75 17 24 21 51 8 34 98 73 66 74 19 2 93 31 72 79 23 70 85 48 96 0 56 47 81 7 87 42 11 99 69 1 12 30 95 26 40 78 25 55 100 33 83 43 94 14 52 97 61 86 28 27 41 5 65 62 15 35 63 80 82 57 54 39 90 89 58 18 4
75 20 91 48 32 14 7 28 19 33 38 37 47 80 35 53 3 67 82 72 21 97 86 43 49 73 89 11 54 0 15 40 29 81 99 4 87 44 88 74 30 55 61 5 34 84 70 96 64 6 59 83 18 42 68 31 65 60 51 41 10 69 45 27 12 95 90 78 94 98 100 1 9 16 23 24 50 17 56 52 25 22 26 57 71 8 76 77 46 2 58 13 93 92 79 63 62 85 36 39 66
70 81 61 21 82 73 51 62 14 52 65 49 76 85 34 86 63 28 25 8 53 45 37 27 57 88 74 9 79 1 35 42 17 13 72 68 36 96 59 55 97 31 90 10 48 93 56 89 2 15 50 78 26 60 75 80 11 54 100 29 95 41 16 83 84 7 71 92 12 22 32 43 3 77 5 91 40 47 24 39 66 87 4 38 67 33 44 6 46 23 0 99 64 98 30 94 18 19 69 20 58
28 31 70 68 5 99 67 75 17 11 27 44 41 16 12 8 57 48 100 90 69 62 19 77 88 61 66 36 96 34 59 89 98 74 6 7 73 22 2 9 33 10 93 45 13 78 64 72 63 52 84 83 80 79 97 92 56 86 60 91 95 85 94 4 18 71 24 3 30 82 23 53 49 1 54 81 21 65 32 87 42 51 58 37 47 38 43 39 50 15 0 20 46 55 14 26 25 35 29 76 40
51 39 86 21 37 70 33 38 19 92 34 79 29 43 84 22 42 78 30 63 98 100 23 56 53 15 24 68 6 14 90 45 49 0 16 47 95 82 32 46 62 20 89 12 67 41 80 66 7 17 61 77 99 94 73 59 36 44 28 27 10 5 93 91 74 60 96 58 4 85 2 31 18 52 13 97 50 65 11 72 71 75 25 40 8 9 69 55 64 48 87 35 1 81 88 76 83 3 26 57 54
34 66 94 64 10 13 37 56 93 42 46 99 0 29 84 63 73 72 2 86 22 53 91 18 47 67 60 82 39 65 16 12 78 92 40 71 62 89 32 85 14 74 50 45 38 24 75 41 31 97 81 21 17 80 28 15 48 20 76 43 70 26 68 1 11 77 61 6 59 33 100 7 90 23 51 4 19 49 98 87 8 79 83 69 3 55 57 44 35 95 27 52 30 5 9 25 88 36 96 54 58
38 50 99 36 86 54 90 40 98 3 97 58 47 59 30 9 37 76 18 7 32 11 77 51 43 69 0 89 67 78 31 48 100 2 22 53 23 8 12 28 26 1 88 85 27 33 93 63 72 21 44 56 65 19 66 52 10 16 4 91 64 60 42 39 73 41 25 17 61 45 14 20 92 96 95 5 83 94 68 74 81 57 46 24 80 29 62 79 70 13 87 82 34 15 49 71 55 75 35 6 84
47 0 33 92 20 59 71 42 82 78 54 46 1 62 31 55 7 100 44 86 27 85 30 77 99 9 80 35 66 58 68 17 93 72 63 61 14 70 25 98 96 73 32 40 3 39 75 90 26 64 51 12 48 24 5 10 49 81 11 15 19 53 50 87 34 88 60 83 67 28 18 45 6 56 21 8 43 16 76 69 95 57 74 36 94 41 29 37 97 89 4 23 79 65 52 91 38 84 13 22 2
74 13 96 75 73 65 8 78 56 42 22 51 20 6 19 7 83 23 84 35 46 34 32 36 67 10 31 64 77 59 79 61 97 86 70 3 38 71 39 81 82 92 40 18 66 11 50 28 62 87 47 91 49 55 5 17 41 45 72 68 15 16 0 100 12 95 43 4 52 44 58 69 37 26 33 57 85 98 24 63 1 88 14 53 94 9 99 90 76 54 27 93 21 60 29 89 80 25 2 30 48
15 44 60 98 42 68 34 25 66 39 4 23 35 16 1 18 3 72 53 8 38 59 86 61 13 85 100 52 84 6 74 11 33 27 21 56 17 81 79 97 47 99 26 91 96 55 30 50 40 62 0 45 90 92 58 93 22 31 87 73 32 75 77 37 14 29 28 49 94 95 24 83 71 20 54 7 80 2 67 78 43 82 9 10 57 69 64 51 76 46 65 88 36 19 89 12 5 63 48 70 41
47 40 96 38 8 55 62 91 56 99 13 12 53 11 93 71 18 35 52 57 25 14 16 5 68 49 63 31 94 54 29 30 70 19 45 88 32 85 72 98 17 78 0 20 24 41 92 44 6 21 23 83 15 9 34 100 48 79 27 81 39 51 69 3 75 43 74 65 67 28 50 73 36 66 59 60 46 7 76 26 77 37 4 95 64 90 33 1 97 89 80 2 10 86 22 82 84 42 58 87 61
78 83 30 60 9 6 84 33 23 92 35 47 73 39 17 7 86 4 20 99 64 69 43 100 10 31 8 98 52 76 42 28 90 97 87 88 11 75 19 58 2 44 68 40 62 77 16 21 63 61 13 3 79 51 45 25 66 93 27 95 1 46 94 29 53 49 91 81 15 70 89 37 12 74 55 82 65 50 85 54 5 67 26 57 0 48 14 59 72 80 71 18 56 24 38 36 22 41 34 32 96
29 89 40 65 62 30 93 50 35 75 51 19 86 81 42 15 32 90 69 7 94 73 74 66 77 46 54 96 5 1 24 22 88 44 13 57 59 82 80 14 26 34 60 20 47 45 67 52 36 6 41 11 87 25 49 100 37 76 39 2 79 78 95 84 4 27 12 43 97 61 21 33 38 68 3 53 23 64 16 9 18 48 28 55 63 31 83 8 72 70 58 92 91 17 56 85 71 0 99 10 98
57 56 68 31 48 100 88 84 8 69 11 87 22 16 99 98 19 25 65 7 23 3 39 90 49 26 73 81 47 59 35 93 50 74 79 92 38 21 29 60 76 17 1 51 0 54 94 6 44 4 55 15 95 5 46 64 41 71 28 52 85 96 72 83 45 32 10 70 86 27 61 24 42 58 89 67 78 53 20 9 30 43 80 40 62 12 36 14 37 34 33 2 91 77 13 97 82 66 63 18 75
78 53 49 93 33 21 30 100 13 76 96 32 98 11 92 25 39 62 50 27 79 15 77 90 36 38 8 84 71 75 26 29 63 57 45 60 74 66 24 19 80 48 95 20 73 67 14 3 16 43 88 2 9 47 91 28 55 52 64 59 65 41 44 83 22 23 46 40 6 51 58 5 97 86 34 87 7 37 54 42 94 72 0 70 18 10 69 4 81 89 68 99 31 56 12 35 61 1 82 85 17
24 57 60 92 46 47 62 23 30 77 89 86 58 81 97 16 28 51 32 90 43 49 98 72 66 33 35 31 54 53 22 94 74 79 36 50 25 52 17 39 8 15 75 87 99 45 1 3 69 93 11 56 34 40 55 71 64 9 70 29 0 42 44 78 13 18 100 67 41 76 65 88 12 84 27 5 96 4 61 80 7 2 63 85 19 83 59 6 48 82 68 73 10 26 38 14 95 91 37 20 21
43 31 20 84 44 47 11 71 23 27 96 78 2 88 32 60 3 81 48 56 8 73 49 83 90 25 46 79 4 39 99 68 14 24 33 63 87 69 9 91 75 86 85 72 70 26 100 13 36 77 22 19 59 61 67 28 52 5 95 21 62 93 42 76 10 94 82 30 50 64 89 40 35 15 29 58 97 57 37 41 66 34 98 74 45 6 12 38 7 17 18 53 16 1 80 0 55 65 54 51 92
29 53 44 18 27 58 80 78 43 19 10 4 45 59 21 87 98 70 67 38 74 24 97 79 55 14 11 61 60 34 75 96 66 93 40 9 65 64 57 90 84 46 71 47 82 81 37 88 8 15 35 56 49 72 17 12 94 62 76 25 1 73 5 99 83 33 30 63 20 31 51 86 22 95 0 85 92 13 16 77 36 32 91 7 23 54 41 2 68 26 6 48 69 89 3 52 39 42 100 28 50
68 82 62 67 76 80 9 84 18 54 10 8 2 32 23 74 86 16 93 4 64 77 37 48 7 29 99 52 20 47 19 97 38 43 21 57 3 17 81 65 70 88 41 42 27 1 89 45 14 94 6 79 85 34 11 30 31 12 53 66 15 26 39 96 0 56 22 40 28 51 35 75 83 58 25 49 61 71 90 72 78 55 36 98 92 50 46 63 33 69 5 13 59 60 44 24 100 87 73 91 95
15 87 9 38 88 80 57 86 44 41 17 48 11 45 67 66 33 29 91 13 21 3 35 65 85 4 5 68 72 23 22 49 46 92 51 98 64 36 62 71 26 28 56 90 42 97 73 94 70 20 12 60 54 59 69 78 31 39 24 10 40 32 76 14 19 75 61 18 52 53 84 95 100 30 37 50 83 93 25 0 96 82 2 16 55 1 6 8 58 99 47 77 81 34 63 74 89 7 79 27 43
48 31 4 54 27 28 62 64 39 47 79 65 73 66 13 20 46 61 37 57 96 10 91 63 99 7 16 40 77 51 87 43 22 36 83 5 15 56 98 72 52 69 71 49 76 67 94 58 53 100 24 1 86 6 88 14 35 38 97 25 44 55 90 89 42 93 9 85 80 95 18 30 75 11 19 17 3 8 78 68 82 70 34 45 26 92 12 50 23 59 74 41 60 21 84 33 29 32 0 81 2
54 14 97 4 78 33 91 25 23 86 63 56 15 35 67 60 8 83 55 68 29 0 22 18 88 58 77 1 17 73 5 43 47 42 45 41 81 75 80 92 74 31 69 7 11 30 16 40 26 52 76 93 50 95 10 38 13 59 21 82 57 85 19 53 39 99 79 9 3 72 2 62 66 46 36 28 90 24 27 70 61 12 44 71 49 100 94 65 98 34 6 84 96 48 64 20 51 37 32 87 89
22 49 20 56 76 53 1 63 55 90 38 12 85 50 0 47 27 71 91 72 28 48 84 67 98 6 19 73 64 57 3 52 81 4 93 80 32 78 21 18 16 58 99 62 75 66 88 15 60 43 96 11 24 82 23 17 79 41 44 45 68 5 86 77 36 39 94 33 83 51 74 70 37 7 42 14 30 97 89 61 92 13 95 54 100 9 46 31 69 35 87 34 8 25 59 29 26 2 40 10 65
50 34 36 46 16 56 76 15 0 73 20 30 74 68 12 4 96 24 18 44 1 28 10 21 83 52 65 78 69 42 13 35 27 6 43 81 90 23 8 72 67 53 70 62 93 3 80 9 5 58 79 17 85 97 26 11 87 77 61 57 25 29 48 86 66 33 54 92 95 31 32 91 14 37 75 19 59 94 39 64 2 84 49 89 55 41 51 63 45 40 82 88 100 60 7 22 38 71 99 47 98
95 18 70 7 91 80 56 72 44 11 37 79 81 3 63 25 94 99 90 65 71 50 27 51 57 49 83 24 2 48 19 36 10 26 68 39 58 76 84 31 16 14 5 35 28 75 23 9 60 61 45 62 38 87 82 1 64 32 69 89 34 67 29 4 55 21 78 98 96 66 52 22 73 47 13 100 41 17 0 54 97 86 85 20 46 77 43 30 6 74 93 8 59 40 12 15 53 42 92 33 88
79 100 51 20 30 2 78 75 74 28 33 89 84 62 38 92 66 52 21 49 81 53 16 50 1 97 71 27 24 86 46 14 83 61 72 3 90 8 59 85 96 9 25 11 87 22 41 73 40 95 15 93 34 88 19 80 69 5 31 42 48 54 56 70 29 26 65 58 45 13 39 32 57 99 36 76 98 37 7 6 17 82 43 67 10 35 12 47 18 68 63 60 55 23 94 64 91 4 44 77 0
73 97 5 56 11 92 0 43 36 94 88 52 80 27 51 35 99 8 30 61 9 90 75 59 39 49 54 15 13 23 32 93 66 58 68 42 89 84 96 74 78 91 20 55 53 4 57 7 24 12 64 46 82 63 50 38 18 86 65 6 71 16 26 22 81 67 76 69 21 28 41 44 79 60 33 37 29 3 72 70 1 40 77 17 10 31 62 85 14 83 45 2 34 100 48 19 98 47 87 95 25
77 98 65 24 81 41 27 84 26 11 51 14 80 100 4 22 75 12 16 96 95 34 28 39 57 54 62 93 79 18 53 47 56 97 43 3 13 50 72 58 23 64 99 21 67 48 89 9 83 55 5 68 60 92 73 32 63 49 36 74 17 61 40 19 10 78 30 88 46 90 71 6 42 94 33 20 76 66 38 2 45 8 70 91 69 85 37 31 25 35 0 52 59 82 1 15 44 87 29 7 86
10 78 50 49 85 31 34 14 26 27 62 46 18 98 3 47 61 38 20 30 90 43 9 88 71 16 7 99 69 51 89 36 5 21 92 58 70 2 64 45 72 42 95 41 12 1 17 19 63 39 91 97 68 23 94 4 67 35 57 15 8 73 56 32 25 0 11 44 37 59 76 96 40 84 54 13 79 53 77 29 100 48 81 66 83 82 52 33 93 86 65 6 87 22 55 60 80 74 24 28 75
58 35 63 90 16 74 9 29 65 86 99 80 44 55 24 25 79 8 42 3 89 50 52 20 43 31 95 14 76 17 83 18 12 91 36 73 69 27 19 7 60 30 98 64 85 1 71 39 97 94 33 87 2 100 21 67 54 68 84 45 22 10 59 56 72 57 5 47 38 51 61 93 53 66 77 37 88 49 0 13 15 6 82 34 26 81 78 46 48 75 62 11 28 4 32 70 96 41 23 92 40
13 97 63 78 80 40 16 57 85 66 99 83 93 25 4 92 11 5 21 60 68 29 17 43 73 100 6 91 12 90 26 89 37 10 75 2 22 56 1 24 3 19 32 41 47 34 86 65 31 8 58 30 23 14 72 64 7 62 55 54 15 44 50 35 59 52 48 28 71 88 20 0 46 33 98 51 53 96 77 49 39 45 42 36 87 74 61 69 67 81 38 79 95 82 84 94 76 9 70 18 27
8 32 27 30 10 60 2 35 52 63 97 43 96 20 0 13 39 22 76 85 73 65 100 83 24 61 53 5 90 92 71 16 29 57 26 55 56 93 41 75 70 95 14 31 40 67 37 25 68 50 72 77 42 36 15 1 84 86 44 47 19 94 33 23 7 82 64 18 87 38 80 46 66 74 21 45 28 51 4 81 89 49 58 3 62 78 34 17 11 54 12 88 79 69 99 6 9 59 91 48 98
48 13 79 71 23 17 87 40 33 97 92 3 7 73 45 57 29 18 63 15 49 22 77 5 1 26 95 34 4 89 50 53 28 44 68 27 55 98 82 65 39 32 69 81 0 67 25 88 30 14 85 83 66 84 75 94 54 43 19 20 38 86 31 10 76 11 58 35 36 47 74 51 2 52 37 72 24 8 90 62 9 16 96 70 42 21 6 61 100 80 99 78 91 60 12 41 59 93 64 46 56
100 74 90 51 98 83 36 66 18 39 19 88 37 10 7 49 71 15 92 77 60 80 95 87 34 99 61 3 17 50 12 2 69 45 54 5 32 53 44 42 67 93 63 65 96 52 59 9 30 40 78 46 8 25 31 48 72 33 27 24 97 23 70 68 62 14 43 41 73 26 29 35 22 89 55 82 47 21 94 75 86 91 1 64 57 4 38 85 81 6 58 16 11 56 79 20 0 13 28 84 76
91 16 61 88 71 30 26 13 65 3 4 12 37 40 80 86 82 27 72 94 32 7 20 52 35 78 19 43 33 5 2 62 47 48 85 75 34 46 76 99 53 17 81 95 6 29 97 68 57 44 59 66 83 51 9 77 58 24 22 15 84 45 14 96 28 31 89 10 92 87 64 21 55 90 41 98 36 74 63 8 11 69 67 93 42 23 73 38 79 50 54 60 25 100 0 56 70 39 1 18 49
65 4 46 52 80 18 91 20 12 66 54 58 27 100 19 44 82 10 79 97 30 50 2 45 88 71 25 9 62 89 26 76 90 0 87 86 1 63 37 57 28 85 39 83 51 99 98 84 68 78 15 64 94 70 59 33 95 32 13 73 16 42 81 92 93 40 55 43 6 11 31 56 17 21 29 22 48 36 47 35 75 24 38 60 67 61 23 34 77 7 3 5 74 8 49 41 96 53 14 69 72
62 96 20 37 97 2 43 65 74 6 64 79 81 40 91 83 88 78 85 3 89 12 8 95 9 4 72 24 69 77 87 38 75 41 33 99 61 58 71 52 46 86 94 80 29 17 45 15 26 22 21 84 66 50 36 11 27 35 42 82 49 63 30 10 48 51 19 59 34 76 68 54 7 16 23 18 1 13 0 5 93 47 31 67 56 57 39 25 28 44 92 73 55 60 53 32 90 70 100 98 14
89 92 63 4 55 73 70 16 27 82 50 78 10 81 18 54 36 26 28 91 62 13 46 99 84 47 87 43 64 22 40 56 7 23 79 60 41 80 8 74 9 19 95 61 75 20 85 83 35 48 12 94 44 59 58 69 51 52 49 96 71 37 6 1 31 72 38 34 29 67 3 0 5 14 17 30 66 98 76 45 68 42 57 65 25 21 100 86 90 32 39 93 2 53 88 24 15 33 11 97 77
65 60 44 97 14 86 26 89 68 50 39 25 43 46 53 61 54 32 93 74 15 17 62 41 66 3 28 30 22 2 38 20 96 6 64 55 76 79 69 11 99 27 59 85 67 36 52 35 75 12 9 56 94 0 31 1 8 21 42 73 80 19 63 40 33 24 72 77 92 90 87 10 4 45 84 88 81 71 29 47 70 37 57 95 16 18 91 51 100 58 13 49 34 78 98 83 23 48 5 82 7
60 70 57 73 63 79 7 24 13 20 87 76 30 54 43 11 52 16 44 25 64 92 40 94 8 80 5 36 95 41 100 82 37 28 10 17 35 38 39 83 26 31 62 89 61 42 72 67 93 9 12 4 90 96 14 18 78 66 59 75 56 58 77 21 85 51 91 46 33 34 32 81 84 88 22 6 55 47 23 1 74 19 49 99 69 48 86 71 29 68 97 65 2 0 50 3 15 45 53 27 98
92 91 3 17 12 87 9 8 24 31 59 71 14 63 48 43 29 72 46 82 97 50 80 41 57 85 65 61 26 22 38 54 93 10 7 36 49 99 68 79 4 53 77 78 73 1 74 81 33 15 98 42 2 62 32 21 56 94 28 37 23 6 30 70 19 34 83 89 11 95 96 27 16 20 100 55 67 58 0 66 86 44 25 51 75 5 69 76 47 39 35 90 13 60 40 18 64 52 84 88 45
58 57 80 92 88 72 18 14 36 79 38 3 86 25 27 53 11 51 43 61 28 98 12 40 93 44 9 64 69 34 22 52 2 63 49 60 82 47 48 6 100 45 1 0 26 97 35 13 15 20 90 70 54 7 66 73 94 99 4 59 24 85 42 33 62 84 5 78 29 74 19 77 50 68 32 17 31 95 96 55 91 46 75 23 16 67 21 8 71 56 10 30 81 76 37 89 39 83 65 87 41
90 73 81 19 25 38 47 53 23 80 70 46 36 71 54 20 94 83 26 65 29 85 18 10 87 61 100 16 0 14 4 72 57 77 68 2 98 49 76 13 30 37 41 48 55 32 97 60 17 40 92 88 11 5 39 51 59 44 50 58 9 21 84 82 91 31 95 12 75 42 74 3 69 64 93 52 96 79 22 45 63 7 67 1 86 66 89 62 43 8 34 15 33 24 78 6 28 35 27 56 99
57 22 34 32 11 9 100 79 31 68 94 26 98 56 44 95 87 2 33 63 64 60 7 71 21 99 37 19 15 70 76 48 96 0 67 72 3 13 59 40 65 90 24 89 36 41 1 93 4 10 77 81 51 74 61 91 84 55 78 42 92 27 49 16 52 97 8 18 45 86 47 66 35 6 17 30 58 82 25 80 23 54 50 73 75 69 53 83 20 85 14 38 39 43 28 46 29 62 12 5 88
87 81 86 49 2 8 78 0 42 30 1 3 55 48 43 71 9 29 92 62 25 85 41 7 90 96 69 47 93 39 91 34 35 45 54 13 79 4 83 15 24 63 98 73 38 6 12 23 5 59 94 97 95 22 50 57 75 37 65 76 46 19 70 44 11 74 52 80 66 100 21 32 99 58 61 36 77 17 14 27 40 60 18 82 33 64 89 20 88 26 84 53 56 31 72 67 10 28 68 16 51
86 76 59 0 93 51 52 47 71 54 46 26 49 61 35 42 57 44 78 10 48 39 100 27 66 16 21 53 85 31 90 62 5 60 24 18 98 32 91 88 6 94 81 38 37 95 84 23 56 41 55 64 63 99 29 70 14 7 8 72 82 33 80 20 36 87 30 68 79 77 69 67 34 15 11 89 45 12 2 74 75 22 96 73 19 9 17 92 40 58 4 43 97 25 50 1 83 13 3 28 65
30 72 59 54 7 17 58 67 56 13 64 45 36 81 41 94 79 61 66 46 65 97 28 25 99 68 88 23 50 96 4 22 53 98 80 71 82 18 74 48 83 89 5 78 20 1 12 57 9 37 19 90 44 84 92 75 91 21 69 34 6 26 95 86 8 93 55 24 60 47 14 16 2 52 15 85 31 63 62 73 100 32 11 76 33 39 3 40 70 35 51 42 77 38 27 0 10 49 87 43 29
54 91 42 85 81 22 40 0 24 16 9 44 30 62 76 99 75 43 48 52 77 69 35 58 72 2 53 96 25 3 34 78 1 5 26 28 61 7 47 27 51 21 63 92 80 73 13 68 90 98 17 20 79 89 38 67 10 55 36 60 12 71 14 39 23 66 70 87 56 82 45 86 37 33 88 95 97 6 100 46 18 57 41 64 31 11 83 94 32 15 59 29 4 49 8 84 50 74 65 19 93
17 92 43 10 89 21 61 63 26 58 30 47 71 49 25 1 34 33 19 77 84 90 29 38 75 64 83 55 74 42 81 31 96 53 3 87 76 57 6 35 0 37 52 78 100 80 22 15 99 79 51 88 69 50 18 82 59 98 36 66 95 13 5 45 7 8 72 40 60 48 85 9 94 23 32 14 68 91 67 93 86 97 65 4 56 44 28 73 12 16 11 46 27 2 54 24 62 41 20 39 70
77 79 31 88 29 74 26 70 85 5 22 44 6 54 37 25 24 55 40 35 84 3 59 17 2 52 81 46 97 99 4 87 90 96 7 93 8 94 28 65 53 82 23 56 100 73 13 33 42 63 89 11 38 86 39 41 34 61 36 71 51 20 75 67 45 58 15 66 50 68 92 98 30 60 78 57 27 10 72 64 91 1 95 49 18 16 43 19 9 14 69 80 76 32 48 62 12 0 47 21 83
29 13 65 96 40 22 85 42 48 89 80 28 30 5 84 57 43 10 49 74 62 56 4 90 6 71 19 32 8 23 12 87 93 63 99 92 1 61 11 79 21 33 73 50 88 78 98 35 86 52 60 76 54 9 81 18 17 26 47 100 51 70 39 36 45 34 0 58 77 53 15 69 2 97 14 46 7 64 95 68 55 16 94 24 25 75 83 41 20 59 66 31 37 67 72 38 91 82 27 44 3
3 23 93 15 44 47 9 7 99 94 41 96 0 95 18 87 33 30 14 51 48 40 62 53 8 67 57 91 64 81 10 59 61 83 42 19 76 82 1 20 16 98 84 38 37 34 32 6 56 50 70 12 29 86 2 49 5 58 74 90 89 36 43 97 78 22 46 24 80 26 85 52 55 54 71 72 13 77 88 27 4 63 11 25 79 75 60 73 100 39 31 28 17 45 92 65 68 21 35 66 69
43 50 1 41 48 31 21 53 91 12 37 9 33 98 26 57 8 97 11 84 79 70 20 95 99 40 7 66 65 34 68 90 2 5 18 86 3 87 47 24 10 82 54 92 89 73 62 38 83 25 0 44 74 32 100 77 42 80 49 14 27 22 28 46 55 96 81 72 51 61 19 59 17 30 16 39 71 63 76 58 78 93 15 75 45 52 13 88 36 94 85 23 67 69 64 56 6 35 29 60 4
55 20 10 5 31 94 88 83 14 13 56 9 76 73 34 63 60 62 90 91 6 45 68 67 11 24 74 79 64 46 54 44 61 40 25 7 18 89 82 57 15 96 65 92 86 37 36 85 29 53 84 0 33 38 42 41 49 48 2 93 72 59 66 97 100 87 52 78 23 47 75 43 98 71 3 1 81 30 70 32 21 22 58 12 95 17 27 77 35 19 8 69 28 51 4 26 39 99 16 80 50
73 15 74 22 13 30 86 77 64 50 51 68 72 80 66 88 6 75 92 45 14 98 84 17 25 49 70 90 4 3 39 35 83 42 81 55 61 82 40 95 37 87 71 10 28 89 60 63 1 36 57 29 100 27 78 93 16 52 65 94 24 8 76 62 79 9 54 44 7 46 67 20 97 53 47 96 38 19 33 32 2 5 58 48 18 23 69 56 11 12 91 99 21 43 34 31 0 59 85 41 26
59 83 28 38 1 56 89 32 27 88 25 53 50 57 60 91 67 70 100 78 16 84 74 9 46 86 35 64 2 52 45 69 51 15 36 61 93 95 49 23 43 92 58 14 79 55 33 42 11 29 72 65 87 31 71 3 41 81 82 80 4 98 18 40 34 54 85 47 75 48 68 73 13 17 6 66 7 12 8 63 76 99 37 94 97 26 22 77 5 44 30 20 19 90 39 96 10 24 21 62 0
45 35 71 58 28 92 6 53 57 90 89 84 24 48 41 20 44 65 81 7 91 56 94 47 42 80 39 74 70 97 76 9 34 72 51 68 55 8 52 2 79 40 10 19 99 63 14 59 54 95 22 25 33 5 4 12 30 11 88 17 32 82 38 29 78 31 15 26 73 62 23 77 46 16 96 49 21 86 18 93 13 0 69 85 98 43 60 61 67 64 87 1 3 83 37 75 36 50 27 66 100
12 18 45 1 87 29 97 74 41 73 65 84 94 43 92 22 30 96 33 95 67 7 17 47 66 15 39 63 53 21 35 72 69 86 68 52 5 75 89 70 91 88 79 9 32 11 42 6 24 46 44 55 93 36 83 85 40 59 48 25 90 99 50 82 51 3 57 19 28 26 100 78 56 49 14 77 60 76 54 80 13 81 8 34 2 61 37 10 64 23 62 98 27 31 4 58 16 20 71 38 0
83 7 19 91 81 79 98 67 72 96 14 31 58 51 71 3 100 63 37 38 9 40 50 73 77 29 70 59 95 42 66 97 44 18 86 88 69 85 74 30 39 99 53 65 62 32 21 55 6 23 49 1 75 84 26 57 92 89 64 43 68 56 48 16 35 36 76 28 33 61 60 82 20 87 94 13 41 17 80 93 24 52 4 22 78 34 47 2 12 15 11 90 27 0 46 5 54 8 25 45 10
12 86 50 55 95 97 89 49 35 82 56 0 30 5 15 46 61 26 88 11 20 48 45 87 14 71 25 90 59 40 28 36 63 13 62 66 47 81 33 39 37 54 24 98 73 58 80 18 42 79 74 64 94 65 77 69 21 19 72 27 2 57 1 9 52 92 91 51 29 34 16 41 83 17 93 7 68 3 31 75 67 60 23 84 78 96 22 43 53 6 8 76 85 38 99 44 70 32 100 10 4
29 51 7 81 3 42 98 32 45 27 39 58 38 76 79 15 61 70 8 35 96 13 50 86 12 80 52 22 4 16 56 75 37 19 69 49 5 78 18 87 59 30 23 10 14 28 24 77 89 53 17 44 46 67 74 1 95 88 25 6 0 72 57 54 82 47 2 68 62 83 64 66 63 99 55 43 33 11 26 100 20 65 9 34 21 91 71 92 90 60 41 94 93 36 73 48 85 40 31 84 97
4 67 89 51 41 99 52 88 44 95 28 18 77 61 3 66 5 49 9 38 0 92 48 64 72 82 34 69 94 1 79 46 56 55 24 87 74 59 85 76 25 32 73 97 80 100 11 53 8 91 62 98 12 70 96 83 93 19 26 37 23 10 78 40 6 16 47 27 35 50 43 86 2 42 71 15 7 29 81 57 20 75 14 60 31 68 17 65 39 63 21 30 45 13 36 58 22 84 54 33 90
34 23 59 94 80 17 41 13 52 50 11 77 55 82 78 62 19 21 37 20 28 42 95 18 0 14 72 88 26 33 66 8 48 79 57 36 49 32 24 85 91 4 31 69 39 44 30 96 45 71 22 6 15 75 73 87 76 38 89 56 1 35 100 90 81 9 53 27 51 63 10 29 46 2 98 70 64 65 16 47 43 5 84 97 25 60 99 93 3 74 67 7 86 83 92 61 40 58 68 54 12
75 19 64 40 65 11 72 52 55 37 97 81 33 49 7 15 21 70 86 9 83 98 56 50 5 31 79 39 92 84 58 71 18 29 68 13 43 28 95 24 45 59 63 35 91 80 67 25 57 36 90 44 20 93 99 74 8 17 69 30 88 89 77 26 61 22 16 66 2 73 10 23 0 96 34 1 32 94 12 41 87 51 46 47 100 27 76 3 6 48 85 78 62 82 53 60 42 14 54 38 4
22 54 82 34 16 88 24 52 33 14 98 27 73 37 75 56 85 89 81 53 48 69 5 77 35 51 43 70 38 12 20 86 80 41 23 87 10 71 7 55 31 65 11 68 93 49 76 36 63 72 28 94 15 84 2 17 8 92 74 66 46 100 91 26 59 1 47 79 78 44 6 62 25 95 42 96 40 97 58 83 18 61 90 0 57 29 30 99 64 50 13 9 60 45 21 39 4 3 67 19 32
92 95 52 83 62 31 39 19 55 27 30 24 60 64 72 82 36 43 93 3 53 1 5 45 63 4 47 33 71 79 74 73 51 69 66 90 28 97 54 57 25 23 70 15 7 8 76 89 17 20 46 67 32 59 94 81 29 2 75 35 13 26 12 87 50 85 78 40 65 61 22 37 0 77 98 91 18 42 96 68 56 34 84 14 80 86 10 41 9 6 16 38 99 100 48 11 58 21 49 88 44
23 59 36 80 64 35 2 54 20 3 88 78 55 17 31 74 95 6 21 50 81 43 32 15 51 52 91 38 94 39 46 41 13 24 90 56 79 72 63 19 7 10 53 86 99 49 89 42 71 70 83 96 9 33 75 1 11 40 4 77 65 93 30 98 61 68 58 34 69 62 60 37 5 18 76 47 25 16 87 84 82 45 85 29 22 27 67 97 48 14 8 28 100 12 66 92 73 44 0 57 26
3 52 53 61 20 16 84 27 18 36 69 39 40 37 55 5 6 96 34 23 8 68 2 81 32 86 64 72 63 30 17 89 22 42 83 9 11 49 73 67 100 71 0 91 58 74 95 50 14 54 4 70 26 87 80 94 38 66 47 43 19 76 28 90 65 24 97 59 21 33 7 85 35 92 62 56 10 57 31 99 45 98 15 78 41 44 46 29 60 51 13 1 75 25 12 77 48 88 82 79 93
30 4 7 13 80 47 2 60 50 39 52 46 33 83 20 25 64 59 97 77 18 21 37 57 23 27 66 9 56 43 6 8 58 100 81 40 98 75 94 84 89 12 69 74 68 82 73 71 15 86 19 90 70 10 91 76 99 54 55 78 42 17 36 44 53 5 22 45 35 49 34 85 38 62 48 41 0 92 29 32 87 16 11 96 51 65 88 14 61 93 31 24 28 26 67 72 1 63 79 3 95
35 6 53 38 97 62 0 49 80 44 46 3 30 98 1 71 12 69 24 75 5 31 67 88 50 22 32 33 55 21 82 26 43 63 51 94 19 76 73 23 84 14 70 47 2 86 45 28 85 48 20 64 36 60 81 95 27 9 18 10 68 90 56 54 74 17 61 99 11 42 4 34 58 41 65 59 96 40 52 29 37 16 72 91 100 87 25 8 66 83 57 7 79 93 78 39 89 92 13 15 77
