98 49 10 58 85 48 14 59 89 31 1 57 76 45 20 56 95 40 7 61 82 44 18 60 93 41 5 65 80 43 74 42 100 24 12 53 87 25 15 52 90 27 2 62 77 26 21 63 96 23 8 54 83 30 16 55 91 28 3 51 78 29 22 50 97 46 9 69 84 33 13 68 88 32 0 64 75 34 19 71 94 39 6 70 81 35 17 67 92 38 4 66 79 36 73 37 99 47 11 72 86
50 14 58 90 48 1 59 77 31 20 57 96 49 7 56 83 30 17 66 93 44 4 60 80 41 74 43 99 42 10 63 86 24 13 61 89 25 0 52 76 40 19 62 95 26 6 55 82 39 18 54 94 27 5 53 81 23 75 28 100 29 11 51 87 45 15 65 91 33 2 68 78 35 21 72 97 34 8 73 84 38 16 70 92 36 3 71 79 32 22 69 98 37 9 67 85 47 12 64 88 46
0 58 76 50 19 59 95 48 7 57 83 31 17 56 93 49 5 66 81 44 74 30 99 41 11 60 87 43 14 63 90 42 2 61 78 24 21 52 97 25 9 62 85 40 16 55 92 26 4 54 80 27 73 39 98 23 10 53 86 28 13 51 89 29 1 65 77 45 20 68 96 47 8 72 84 32 18 71 94 34 6 70 82 35 75 37 100 38 12 69 88 36 15 67 91 33 3 64 79 46 22
58 97 49 9 59 84 48 16 57 91 44 3 56 79 45 22 61 98 31 10 60 85 41 13 65 88 43 0 63 76 42 19 53 94 25 6 50 82 40 18 52 93 27 5 62 81 26 75 23 100 30 12 54 87 28 15 55 90 24 2 51 78 29 21 69 96 33 8 66 83 32 17 68 92 35 4 72 80 34 74 39 99 38 11 70 86 36 14 71 89 46 1 67 77 37 20 73 95 47 7 64
82 49 18 58 94 31 5 59 80 48 74 44 100 45 11 57 87 40 14 61 90 41 2 56 77 43 21 60 97 42 8 65 84 24 15 53 91 25 3 52 78 27 22 62 98 26 9 63 85 23 12 54 88 30 0 55 75 28 19 51 95 29 6 50 81 46 17 69 93 32 4 68 79 33 73 35 99 34 10 64 86 39 13 70 89 38 1 71 76 36 20 67 96 37 7 66 83 47 16 72 92
31 4 58 80 50 74 48 99 44 11 59 87 49 14 57 90 30 1 66 77 41 20 56 96 43 8 60 84 42 18 63 94 40 6 61 82 24 75 25 100 27 12 52 88 26 15 62 91 39 2 54 78 23 21 55 97 28 9 53 85 29 16 51 92 45 3 65 79 33 22 68 98 35 10 72 86 34 13 73 89 38 0 70 76 36 19 71 95 32 7 69 83 37 17 67 93 47 5 64 81 46
74 31 99 50 11 58 86 48 14 59 89 44 1 57 77 49 20 66 95 30 7 56 83 41 17 60 92 43 4 63 80 42 73 40 98 24 10 61 85 25 13 52 88 27 0 62 76 26 19 54 94 39 6 55 82 23 18 53 93 28 5 51 81 29 75 32 100 45 12 65 87 47 15 68 90 35 2 72 78 34 21 70 96 37 8 71 84 38 16 69 91 36 3 67 79 33 22 64 97 46 9
58 85 49 12 59 89 48 0 57 76 31 19 56 95 45 6 61 82 30 17 60 93 44 4 63 80 41 74 42 99 43 10 53 87 24 14 52 91 25 2 62 78 40 21 55 97 26 8 54 84 23 16 51 92 27 3 50 79 22 73 29 98 28 9 69 86 46 13 68 90 33 1 72 77 32 20 71 96 34 7 70 83 39 18 67 94 35 5 66 81 38 75 37 100 36 11 65 88 47 15 64
91 49 3 58 78 48 21 59 97 44 9 57 84 45 16 56 92 31 4 61 79 41 22 60 98 43 10 65 85 42 13 63 88 24 0 53 75 25 19 52 95 40 7 62 82 26 18 55 94 27 6 54 81 23 74 30 100 28 12 51 87 29 15 50 90 46 2 69 77 33 20 68 96 32 8 64 83 34 17 71 93 35 5 70 80 39 73 38 99 36 11 67 86 37 14 66 89 47 1 72 76
51 19 58 95 50 7 59 83 31 17 57 93 49 5 56 81 44 75 40 100 41 11 66 87 43 14 60 90 42 2 65 78 24 21 61 97 25 8 52 84 27 15 62 91 26 3 63 79 23 22 30 98 28 9 54 85 32 12 55 88 29 0 53 76 45 18 73 94 33 6 68 82 48 16 72 92 34 4 71 80 35 74 39 99 38 10 70 86 36 13 69 89 37 1 67 77 47 20 64 96 46
8 58 84 50 17 59 93 31 4 57 80 48 74 44 99 49 11 66 87 30 14 56 90 41 1 60 77 43 21 63 96 42 7 61 83 24 19 52 94 40 5 62 81 25 75 27 100 26 12 54 88 39 15 55 91 38 2 53 78 28 22 51 97 29 9 65 85 45 16 68 92 47 3 72 79 35 23 73 98 34 10 70 86 37 13 71 89 36 0 69 76 32 20 67 95 33 6 64 82 46 18
57 93 31 5 58 80 48 74 44 99 45 11 59 86 49 14 61 89 30 1 56 77 41 20 60 96 43 8 63 83 42 17 62 92 40 4 53 79 25 73 27 98 26 10 52 85 24 13 54 88 23 0 55 76 22 19 51 95 28 7 50 82 29 18 72 94 32 6 69 81 33 75 35 100 34 12 68 87 46 15 70 90 39 2 71 78 38 21 67 97 36 9 66 84 37 16 65 91 47 3 64
78 49 21 58 97 48 9 59 85 44 12 57 88 45 0 56 75 31 18 61 94 41 6 60 82 43 16 65 92 42 4 63 80 24 73 22 99 25 11 53 87 27 14 52 90 26 2 62 77 23 20 54 96 30 8 55 84 28 15 51 91 29 3 50 79 40 72 32 98 33 10 69 86 35 13 68 89 34 1 64 76 39 19 70 95 38 7 71 83 36 17 67 93 37 5 66 81 46 74 47 100
50 12 58 88 48 15 59 91 44 2 57 78 49 21 56 97 31 8 66 84 41 16 60 92 43 3 65 79 42 22 63 98 24 9 61 85 25 13 52 89 40 0 62 76 26 19 55 95 23 6 54 82 27 18 53 94 30 5 51 81 28 75 29 100 45 11 73 87 33 14 68 90 32 1 72 77 34 20 71 96 39 7 70 83 35 17 69 93 38 4 67 80 36 74 37 99 47 10 64 86 46
14 58 89 50 1 59 77 48 21 57 96 31 8 56 83 49 19 66 94 40 6 60 81 44 75 41 100 43 12 65 87 42 16 61 91 24 3 52 78 25 22 62 97 27 9 63 84 26 17 54 92 39 4 55 79 30 23 53 98 28 10 51 85 29 13 73 88 45 0 68 76 47 20 72 95 32 7 71 82 34 18 70 93 37 5 69 80 35 74 38 99 36 11 67 86 33 15 64 90 46 2
58 78 49 20 59 96 48 7 57 84 31 16 56 93 45 4 61 81 44 74 41 99 30 10 60 87 43 13 63 90 42 1 53 77 24 19 52 95 25 6 62 83 40 17 55 94 26 5 54 82 27 75 23 100 39 11 51 88 28 14 50 91 29 2 69 79 46 21 68 97 33 8 72 85 35 15 73 92 34 3 70 80 38 22 71 98 36 9 67 86 32 12 66 89 37 0 65 76 47 18 64
94 49 6 58 81 31 17 59 92 48 4 57 79 44 73 45 99 30 11 61 86 41 14 56 89 43 1 60 76 42 20 63 96 24 8 53 83 40 16 52 91 25 3 62 78 27 72 26 98 23 10 54 85 22 13 55 88 28 0 51 75 29 19 50 95 46 7 69 82 32 18 68 93 33 5 64 80 35 74 34 100 39 12 70 87 38 15 71 90 36 2 67 77 37 21 66 97 47 9 65 84
50 15 58 91 48 3 59 79 44 22 57 98 49 9 56 85 31 12 66 88 41 0 60 76 43 19 65 95 42 6 63 82 24 17 61 93 40 5 52 81 25 75 27 100 26 11 62 87 23 14 54 90 30 2 55 78 28 21 53 97 29 8 51 84 45 16 73 92 32 4 68 80 33 74 35 99 34 10 72 86 39 13 70 89 38 1 71 77 36 20 69 96 37 7 67 83 47 18 64 94 46
6 58 82 31 75 49 100 48 12 59 88 44 15 57 91 45 2 61 78 40 21 56 97 41 9 60 85 43 16 65 92 42 3 53 79 24 22 52 98 25 10 62 86 27 13 63 89 26 0 54 76 23 19 55 95 30 7 51 83 28 18 50 94 29 5 69 81 32 74 46 99 33 11 68 87 35 14 64 90 34 1 70 77 39 20 71 96 38 8 67 84 36 17 66 93 37 4 72 80 47 73
51 98 50 10 58 86 31 14 59 89 40 1 57 77 49 20 66 95 41 7 56 83 44 18 60 93 43 5 65 81 42 75 24 100 25 12 61 87 27 15 52 90 23 2 62 78 26 21 54 96 32 8 63 84 30 16 55 91 28 3 53 79 29 22 45 97 33 9 73 85 48 13 68 88 39 0 72 76 34 19 70 94 38 6 71 82 35 17 69 92 36 4 67 80 37 74 47 99 46 11 64
86 49 14 58 90 48 1 59 76 31 20 57 96 45 7 56 82 30 17 61 93 44 4 60 79 41 73 43 99 42 10 63 85 24 13 53 89 25 0 52 75 40 19 62 95 26 6 55 81 39 18 54 94 27 5 51 80 23 74 28 100 29 11 50 87 46 15 69 91 33 2 68 77 35 21 64 97 34 8 72 83 38 16 70 92 36 3 71 78 32 22 67 98 37 9 66 84 47 12 65 88
50 0 58 76 48 19 59 95 31 7 57 83 49 17 56 93 44 5 66 81 30 74 41 99 43 11 60 87 42 14 63 90 24 2 61 78 25 21 52 97 40 9 62 85 26 16 55 92 27 4 54 80 23 73 22 98 28 10 53 86 29 13 51 89 45 1 65 77 33 20 68 96 32 8 72 84 34 18 71 94 35 6 70 82 39 75 38 100 36 12 69 88 37 15 67 91 47 3 64 79 46
22 58 97 50 9 59 84 48 16 57 91 44 3 56 79 49 23 66 98 31 10 60 85 41 13 65 88 43 0 63 76 42 19 61 94 24 6 52 82 25 18 62 93 40 5 55 81 26 75 27 100 39 12 54 87 30 15 53 90 28 2 51 78 29 21 73 96 45 8 68 83 47 17 72 92 32 4 71 80 34 74 35 99 37 11 70 86 38 14 69 89 36 1 67 77 33 20 64 95 46 7
58 83 49 18 59 94 31 5 57 81 48 75 45 100 44 11 61 88 40 14 56 91 41 2 60 78 43 21 65 97 42 8 53 85 24 15 52 92 25 3 62 79 27 22 63 98 26 9 54 86 23 12 55 89 30 0 51 76 28 19 50 95 29 6 69 82 46 17 68 93 32 4 72 80 33 74 34 99 35 10 70 87 39 13 71 90 38 1 67 77 36 20 66 96 37 7 73 84 47 16 64
92 31 4 58 79 50 73 48 99 44 11 59 86 49 14 57 89 30 1 66 76 41 20 56 96 43 8 60 83 42 18 63 94 40 6 61 81 24 74 25 100 27 12 52 87 26 15 62 90 39 2 54 77 23 21 55 97 28 9 53 84 29 16 51 91 46 3 69 78 33 22 35 98 38 10 68 85 34 13 64 88 47 0 70 75 36 19 72 95 32 7 71 82 37 17 67 93 45 5 65 80
31 74 50 99 48 10 58 86 44 13 59 89 49 1 57 77 30 19 66 95 41 7 56 83 43 16 60 92 42 4 63 80 40 73 24 98 25 9 61 85 27 12 52 88 26 0 62 76 23 18 54 94 22 6 55 82 28 17 53 93 29 5 51 81 32 75 45 100 33 11 65 87 35 14 68 90 34 2 72 78 39 20 70 96 38 8 71 84 36 15 69 91 37 3 67 79 47 21 64 97 46
9 58 85 50 13 59 89 48 0 57 76 31 20 56 95 49 6 66 82 30 18 60 93 44 4 63 80 41 74 43 99 42 11 61 87 24 15 52 91 25 2 62 78 40 22 55 97 26 8 54 84 39 17 53 92 27 3 51 79 23 73 28 98 29 10 65 86 45 14 68 90 47 1 72 77 32 21 71 96 34 7 70 83 37 19 69 94 35 5 67 81 38 75 36 100 33 12 64 88 46 16
58 91 49 3 59 78 48 21 57 97 44 9 56 84 45 16 61 92 31 4 60 79 41 22 65 98 43 10 63 85 42 13 53 88 24 0 52 76 25 19 62 95 40 7 55 82 26 18 50 94 27 6 54 81 30 75 28 100 29 12 51 87 23 15 69 90 46 2 68 77 33 20 72 96 32 8 71 83 34 17 66 93 35 5 70 80 38 74 36 99 37 11 67 86 39 14 73 89 47 1 64
76 49 19 58 95 48 7 59 83 31 17 57 93 45 5 56 81 44 74 40 100 41 11 61 87 43 14 60 90 42 2 65 78 24 21 53 97 25 8 52 84 27 15 62 91 26 3 63 79 23 22 54 98 30 9 55 85 28 12 51 88 29 0 50 75 46 18 69 94 33 6 68 82 32 16 64 92 34 4 71 80 35 73 39 99 38 10 70 86 36 13 67 89 37 1 66 77 47 20 72 96
51 8 58 84 31 17 59 93 50 4 57 80 48 74 49 99 30 11 66 87 41 14 56 90 43 1 67 77 42 20 63 96 24 7 61 83 40 18 60 94 25 5 62 81 27 75 26 100 39 12 54 88 23 15 55 91 28 2 53 78 29 21 52 97 44 9 65 85 33 16 68 92 35 3 72 79 34 22 38 98 47 10 70 86 36 13 73 89 32 0 71 76 37 19 69 95 45 6 64 82 46
18 58 93 50 5 59 80 31 74 48 99 44 11 57 86 49 14 66 89 30 1 56 77 41 21 60 96 43 8 63 83 42 17 61 92 24 4 52 79 40 73 25 98 27 10 62 85 26 13 54 88 39 0 55 76 23 20 53 95 28 7 51 82 29 19 65 94 45 6 68 81 32 75 47 100 35 12 72 87 34 15 70 90 37 2 71 78 38 22 69 97 36 9 67 84 33 16 64 91 46 3
58 79 49 21 59 98 48 9 57 86 44 12 56 89 45 0 61 76 31 18 60 95 41 6 65 83 43 16 63 93 42 4 53 81 24 74 25 100 22 11 52 88 27 14 62 91 26 2 54 78 23 20 55 97 30 8 51 85 28 15 50 92 29 3 69 80 40 73 33 99 32 10 68 87 35 13 64 90 34 1 70 77 39 19 71 96 38 7 67 84 36 17 66 94 37 5 72 82 46 75 47
100 49 12 58 87 48 15 59 90 44 2 57 77 45 21 56 96 31 8 61 83 41 16 60 91 43 3 65 78 42 22 63 97 24 9 53 84 25 13 52 88 40 0 62 75 26 19 55 94 23 6 54 81 27 18 51 93 30 5 50 80 28 74 29 99 46 11 69 86 33 14 68 89 32 1 64 76 34 20 71 95 39 7 70 82 35 17 67 92 38 4 66 79 36 73 37 98 47 10 72 85
50 13 58 89 48 1 59 77 31 20 57 96 49 7 56 83 40 18 66 94 44 5 60 81 41 75 43 100 42 11 65 87 24 15 61 91 25 2 52 78 27 21 62 97 26 8 63 84 23 16 54 92 30 3 55 79 28 22 53 98 29 9 51 85 45 12 73 88 33 0 68 76 32 19 72 95 34 6 71 82 39 17 70 93 35 4 69 80 38 74 36 99 37 10 67 86 47 14 64 90 46
2 58 78 51 21 59 96 50 8 57 84 44 17 56 93 49 5 66 81 31 24 41 99 43 11 60 87 26 14 65 90 42 1 61 77 32 20 52 95 25 7 62 83 40 18 63 94 30 6 54 82 27 75 39 100 38 12 55 88 28 15 53 91 29 3 73 79 45 22 68 97 47 9 72 85 35 16 74 92 34 4 70 80 37 23 71 98 36 10 69 86 48 13 67 89 33 0 64 76 46 19
58 94 48 6 63 82 31 17 59 92 44 4 57 80 45 74 30 99 41 11 61 86 43 14 56 89 49 1 60 77 42 20 53 96 25 8 50 84 40 16 52 91 27 3 62 79 26 73 23 98 22 10 54 85 28 13 55 88 24 0 51 76 29 19 69 95 33 7 66 83 32 18 68 93 35 5 72 81 34 75 39 100 38 12 70 87 36 15 71 90 46 2 67 78 37 21 65 97 47 9 64
84 49 15 58 91 48 3 59 78 44 22 57 98 45 9 56 85 31 12 61 88 41 0 60 75 43 19 65 95 42 6 63 81 24 17 53 93 40 5 52 80 25 74 27 100 26 11 62 87 23 14 54 90 30 2 55 77 28 21 51 97 29 8 50 83 46 16 69 92 32 4 68 79 33 73 35 99 34 10 64 86 39 13 70 89 38 1 71 76 36 20 67 96 37 7 66 82 47 18 72 94
31 6 58 82 50 75 48 100 44 12 59 88 49 15 57 91 40 2 66 78 41 21 56 97 43 9 60 85 42 16 65 92 24 3 61 79 25 22 52 98 27 10 62 86 26 13 63 89 23 0 54 76 30 19 55 95 28 7 53 83 29 18 51 94 32 5 73 81 45 74 33 99 35 11 68 87 34 14 72 90 39 1 70 77 38 20 71 96 36 8 69 84 37 17 67 93 47 4 64 80 46
73 31 98 50 10 58 86 48 14 59 89 44 1 57 77 49 20 66 95 30 7 56 83 41 18 60 93 43 5 63 81 42 75 40 100 24 12 61 87 25 15 52 90 27 2 62 78 26 21 54 96 39 8 55 84 23 16 53 91 28 3 51 79 29 22 65 97 45 9 68 85 33 13 64 88 35 0 72 76 34 19 70 94 38 6 71 82 36 17 69 92 32 4 67 80 37 74 47 99 46 11
58 87 50 14 59 90 48 1 57 77 31 20 56 96 49 7 66 83 30 17 60 93 44 4 63 80 41 74 42 99 43 10 61 86 24 13 52 89 25 0 62 76 40 19 55 95 26 6 54 82 39 18 53 94 27 5 51 81 23 75 29 100 28 11 69 88 46 15 68 91 33 2 72 78 35 21 73 97 34 8 70 84 38 16 71 92 36 3 67 79 32 22 37 98 47 9 65 85 45 12 64
88 49 0 58 75 48 19 59 95 31 7 57 82 45 17 56 93 44 5 61 80 30 73 41 99 43 11 60 86 42 14 63 90 24 2 53 77 25 21 52 97 40 9 62 84 26 16 55 92 27 4 54 79 23 72 22 98 28 10 51 85 29 13 50 89 46 1 69 76 33 20 68 96 32 8 64 83 34 18 71 94 35 6 70 81 39 74 38 100 36 12 67 87 37 15 66 91 47 3 65 78
50 21 58 97 48 8 59 84 44 15 57 91 49 3 56 79 31 22 66 98 41 9 60 85 43 12 65 88 42 0 63 76 24 18 61 94 25 6 52 82 40 17 62 93 26 5 55 81 27 75 23 100 30 11 54 87 28 14 53 90 29 2 51 78 45 20 73 96 33 7 68 83 32 16 72 92 34 4 71 80 35 74 39 99 38 10 70 86 36 13 69 89 37 1 67 77 47 19 64 95 46
7 58 83 50 19 59 94 31 5 57 81 48 75 44 100 49 12 66 88 40 15 56 91 41 2 60 78 43 22 65 97 42 9 61 85 24 16 52 92 25 3 62 79 27 23 63 98 26 10 54 86 39 13 55 89 30 0 53 76 28 20 51 95 29 6 73 82 45 18 68 93 32 4 72 80 47 74 35 99 34 11 70 87 37 14 71 90 38 1 69 77 36 21 67 96 33 8 64 84 46 17
57 92 31 4 58 80 48 74 44 99 45 11 59 86 49 14 61 89 30 1 56 77 41 20 60 96 43 8 63 83 42 18 62 94 40 6 53 81 25 75 27 100 26 12 52 87 24 15 54 90 39 2 55 78 23 21 51 97 28 9 50 84 29 16 69 91 46 3 68 79 33 22 72 98 35 10 73 85 34 13 70 88 38 0 71 76 36 19 67 95 32 7 66 82 37 17 65 93 47 5 64
80 31 73 49 99 48 10 58 86 44 13 59 89 45 1 57 76 30 19 61 95 41 7 56 83 43 16 60 92 42 4 63 79 40 72 24 98 25 9 53 85 27 12 52 88 26 0 62 75 23 18 54 94 22 6 55 82 28 17 51 93 29 5 50 81 32 74 46 100 33 11 69 87 35 14 68 90 34 2 64 77 39 20 70 96 38 8 71 84 36 15 67 91 37 3 66 78 47 21 65 97
50 9 58 85 48 13 59 89 31 0 57 76 49 19 56 95 30 6 66 82 44 17 60 93 41 4 63 80 43 74 42 99 24 11 61 87 25 15 52 91 40 2 62 78 26 21 55 97 23 8 54 84 27 16 53 92 22 3 51 79 28 73 29 98 45 10 65 86 33 14 68 90 32 1 72 77 34 20 71 96 39 7 70 83 35 18 69 94 38 5 67 81 36 75 37 100 47 12 64 88 46
16 58 91 50 3 59 78 48 22 57 97 44 9 56 84 49 17 66 92 31 4 60 79 41 23 65 98 43 10 63 85 42 13 61 88 24 0 52 76 25 20 62 95 40 7 55 82 26 19 54 94 39 6 53 81 27 75 30 100 28 12 51 87 29 15 73 90 45 2 68 77 47 21 72 96 32 8 71 83 34 18 70 93 37 5 69 80 35 74 38 99 36 11 67 86 33 14 64 89 46 1
58 77 49 19 59 96 48 7 57 84 31 17 56 94 45 5 61 82 44 75 41 100 40 11 60 88 43 14 65 91 42 2 53 79 24 21 52 97 25 8 62 85 27 15 63 92 26 3 54 80 23 22 55 98 30 9 51 86 28 12 50 89 29 0 69 76 46 18 68 95 33 6 72 83 32 16 71 93 34 4 70 81 35 74 38 99 39 10 67 87 36 13 66 90 37 1 73 78 47 20 64
96 49 8 58 83 31 17 59 92 48 4 57 79 44 73 45 99 30 11 61 86 41 14 56 89 43 1 60 76 42 20 63 95 24 7 53 82 40 18 52 93 25 5 62 80 27 74 26 100 39 12 54 87 23 15 55 90 28 2 51 77 29 21 50 97 46 9 69 84 33 16 68 91 35 3 64 78 34 22 72 98 38 10 70 85 36 13 71 88 32 0 67 75 37 19 66 94 47 6 65 81
50 17 58 93 31 4 59 80 48 74 44 99 49 10 57 86 30 13 66 89 41 1 56 77 43 20 60 96 42 7 63 83 24 16 61 92 40 3 52 79 25 73 27 98 26 9 62 85 23 12 54 88 22 0 55 76 28 19 53 95 29 6 51 82 45 18 65 94 32 5 68 81 33 75 35 100 34 11 72 87 39 14 70 90 38 2 71 78 36 21 69 97 37 8 67 84 47 15 64 91 46
3 58 79 49 22 50 98 44 10 59 86 31 13 57 89 45 0 61 76 24 19 56 95 41 7 60 83 43 17 65 93 42 5 53 81 40 74 32 100 25 12 52 88 27 15 62 91 26 2 54 78 23 21 63 97 30 9 55 85 28 16 51 92 29 4 69 80 48 73 46 99 33 11 68 87 35 14 64 90 34 1 70 77 39 20 71 96 38 8 67 84 36 18 66 94 37 6 72 82 47 75
50 100 48 12 58 87 44 15 59 90 31 2 57 78 49 21 66 96 24 8 56 84 41 16 60 91 43 3 65 79 42 22 61 97 25 9 52 85 27 13 62 88 40 0 63 76 26 19 54 94 30 6 55 82 23 18 53 93 28 5 51 81 29 75 45 99 33 11 73 86 32 14 68 89 39 1 72 77 34 20 70 95 38 7 71 83 35 17 69 92 36 4 67 80 37 74 47 98 46 10 64
85 49 13 58 89 48 1 59 76 31 20 57 96 45 7 56 82 40 18 61 94 44 5 60 80 41 74 43 100 42 11 65 87 24 15 53 91 25 2 52 77 27 21 62 97 26 8 63 83 23 16 54 92 30 3 55 78 28 22 51 98 29 9 50 84 46 12 69 88 33 0 68 75 32 19 64 95 34 6 71 81 39 17 70 93 35 4 67 79 38 73 36 99 37 10 66 86 47 14 72 90
50 2 58 78 48 20 59 96 31 8 57 84 49 17 56 93 44 5 66 81 30 74 41 99 43 11 60 87 42 14 63 90 24 1 61 77 25 19 52 95 40 7 62 83 26 18 55 94 27 6 54 82 39 75 23 100 28 12 53 88 29 15 51 91 45 3 65 79 33 21 68 97 35 9 72 85 34 16 73 92 38 4 70 80 36 22 71 98 32 10 69 86 37 13 67 89 47 0 64 76 46
19 58 94 50 6 59 82 48 17 57 92 31 4 56 80 49 74 44 99 30 11 66 86 41 14 60 89 43 1 63 77 42 21 61 96 24 8 52 84 25 16 62 91 40 3 55 79 26 73 27 98 39 10 54 85 23 13 53 88 28 0 51 76 29 20 65 95 45 7 68 83 47 18 72 93 32 5 71 81 34 75 35 100 37 12 70 87 38 15 69 90 36 2 67 78 33 22 64 97 46 9
58 85 49 15 59 92 48 3 57 79 44 22 56 98 45 9 61 86 31 12 60 89 41 0 65 76 43 19 63 95 42 6 53 82 24 17 52 94 40 5 62 81 25 75 26 100 27 11 54 88 23 14 55 91 30 2 51 78 28 21 50 97 29 8 69 84 46 16 68 93 32 4 72 80 33 74 34 99 35 10 70 87 39 13 71 90 38 1 67 77 36 20 66 96 37 7 73 83 47 18 64
94 31 6 58 81 49 74 48 100 44 12 59 87 45 15 57 90 40 2 61 77 41 21 56 97 43 9 60 84 42 16 65 91 24 3 53 78 25 22 52 98 27 10 62 85 26 13 63 88 23 0 54 75 30 19 55 95 28 7 51 82 29 18 50 93 32 5 69 80 46 73 33 99 35 11 68 86 34 14 64 89 39 1 70 76 38 20 71 96 36 8 67 83 37 17 66 92 47 4 72 79
31 73 50 98 48 10 58 86 44 13 59 89 49 1 57 77 30 19 66 95 41 7 56 83 43 17 60 93 42 5 63 81 40 75 24 100 25 11 61 87 27 14 52 90 26 2 62 78 23 20 54 96 22 8 55 84 28 15 53 91 29 3 51 79 32 21 65 97 33 9 68 85 35 12 64 88 34 0 72 76 39 18 70 94 38 6 71 82 36 16 69 92 37 4 67 80 45 74 47 99 46
11 58 87 50 15 59 90 48 1 57 77 31 21 56 96 49 7 66 83 30 18 60 93 44 4 63 80 41 74 43 99 42 10 61 86 24 14 52 89 25 0 62 76 40 20 55 95 26 6 54 82 39 19 53 94 27 5 51 81 38 75 28 100 29 12 65 88 45 16 68 91 47 2 72 78 35 22 73 97 34 8 70 84 37 17 71 92 36 3 69 79 32 23 67 98 33 9 64 85 46 13
58 88 49 0 59 76 48 19 57 95 31 7 56 82 45 17 63 93 44 5 61 80 41 74 43 99 42 11 60 86 30 14 53 90 24 2 52 78 25 21 62 97 40 9 55 84 26 16 50 92 27 4 54 79 22 73 28 98 29 10 51 85 23 13 69 89 46 1 68 77 33 20 72 96 32 8 71 83 34 18 66 94 35 6 70 81 38 75 36 100 37 12 67 87 39 15 65 91 47 3 64
78 49 21 58 97 50 8 59 84 44 15 57 91 45 3 56 79 31 22 41 98 43 9 61 85 24 12 60 88 42 0 65 75 32 18 53 94 25 6 52 82 40 17 62 93 26 5 63 81 27 74 23 100 30 11 54 87 28 14 55 90 29 2 51 77 46 20 69 96 33 7 68 83 48 16 64 92 34 4 71 80 35 73 39 99 38 10 70 86 36 13 67 89 37 1 66 76 47 19 72 95
50 7 58 83 31 18 59 94 48 5 57 81 44 75 49 100 40 12 66 88 41 15 56 91 43 2 60 78 42 21 65 97 24 9 61 85 25 16 52 92 27 3 62 79 26 22 63 98 23 10 54 86 30 13 55 89 28 0 53 76 29 19 51 95 45 6 73 82 32 17 68 93 33 4 72 80 35 74 34 99 39 11 70 87 38 14 71 90 36 1 69 77 37 20 67 96 47 8 64 84 46
17 58 92 50 4 59 80 31 74 48 99 44 11 57 86 49 14 66 89 30 1 56 77 41 21 60 96 43 8 63 83 42 19 61 94 24 6 52 81 40 75 25 100 27 12 62 87 26 15 54 90 39 2 55 78 38 22 53 97 28 9 51 84 29 16 65 91 45 3 68 79 47 23 72 98 35 10 73 85 34 13 70 88 37 0 71 76 36 20 69 95 32 7 67 82 33 18 64 93 46 5
58 81 31 74 48 99 49 10 59 87 44 13 57 90 45 1 61 77 30 19 56 96 41 7 60 84 43 16 63 93 42 4 53 80 40 73 25 98 24 9 52 86 27 12 62 89 26 0 54 76 23 18 55 95 22 6 51 83 28 17 50 94 29 5 69 82 32 75 33 100 46 11 68 88 35 14 72 91 34 2 70 78 39 20 71 97 38 8 67 85 36 15 66 92 37 3 65 79 47 21 64
97 49 9 58 84 48 13 59 88 31 0 57 75 45 19 56 94 30 6 61 81 44 17 60 92 41 4 63 79 43 73 42 99 24 11 53 86 25 15 52 90 40 2 62 77 26 21 55 96 23 8 54 83 27 16 51 91 22 3 50 78 28 72 29 98 46 10 69 85 33 14 68 89 32 1 64 76 34 20 71 95 39 7 70 82 35 18 67 93 38 5 66 80 36 74 37 100 47 12 65 87
50 15 58 91 48 2 59 78 44 21 57 97 49 8 56 84 31 16 66 92 41 3 60 79 43 22 65 98 42 9 63 85 24 12 61 88 25 0 52 76 40 19 62 95 26 6 55 82 23 18 54 94 27 5 53 81 30 75 28 100 29 11 51 87 45 14 73 90 33 1 68 77 32 20 72 96 34 7 71 83 39 17 70 93 35 4 69 80 38 74 36 99 37 10 67 86 47 13 64 89 46
1 58 77 50 20 59 96 48 8 57 84 31 18 56 94 49 6 66 82 44 75 40 100 41 12 60 88 43 15 65 91 42 3 61 79 24 22 52 97 25 9 62 85 27 16 63 92 26 4 54 80 39 23 55 98 30 10 53 86 28 13 51 89 29 0 73 76 45 19 68 95 47 7 72 83 32 17 71 93 34 5 70 81 35 74 37 99 38 11 69 87 36 14 67 90 33 2 64 78 46 21
58 96 48 8 63 83 31 17 59 92 44 4 57 80 45 74 30 99 41 11 61 86 43 14 56 89 49 1 60 77 42 20 53 95 25 7 50 82 40 18 52 93 27 5 62 81 26 75 39 100 23 12 54 87 28 15 55 90 24 2 51 78 29 21 69 97 46 9 68 84 33 16 72 91 35 3 73 79 34 22 70 98 38 10 71 85 36 13 67 88 32 0 66 76 37 19 65 94 47 6 64
81 49 17 58 93 31 4 59 79 48 73 44 99 45 10 57 86 30 13 61 89 41 1 56 76 43 20 60 96 42 7 63 83 24 16 53 92 40 3 52 78 25 72 27 98 26 9 62 85 23 12 54 88 22 0 55 75 28 19 51 95 29 6 50 82 46 18 69 94 32 5 68 80 33 74 35 100 34 11 64 87 39 14 70 90 38 2 71 77 36 21 67 97 37 8 66 84 47 15 65 91
50 3 58 79 48 22 59 98 44 10 57 86 49 13 56 89 31 0 66 76 41 19 60 95 43 7 65 83 42 17 63 93 40 5 61 81 24 75 25 100 27 12 52 88 26 15 62 91 23 2 54 78 30 21 55 97 28 9 53 85 29 16 51 92 32 4 73 80 45 74 33 99 35 11 68 87 34 14 72 90 39 1 70 77 38 20 71 96 36 8 69 84 37 18 67 94 47 6 64 82 46
75 31 100 51 12 58 87 50 15 59 90 44 2 57 78 49 21 66 96 40 8 56 84 41 16 60 91 43 3 65 79 42 22 24 97 25 9 61 85 27 13 52 88 23 0 62 76 26 19 54 94 32 6 63 82 30 18 55 93 28 5 53 81 29 74 48 99 45 11 72 86 33 14 68 89 35 1 64 77 34 20 70 95 39 7 71 83 38 17 69 92 36 4 67 80 37 73 47 98 46 10
58 86 49 13 59 90 48 1 57 77 31 20 56 96 45 7 61 83 40 18 60 94 44 5 65 81 41 75 42 100 43 11 53 88 24 15 52 91 25 2 62 78 27 21 63 97 26 8 54 84 23 16 55 92 30 3 51 79 28 22 50 98 29 9 69 85 46 12 68 89 33 0 72 76 32 19 71 95 34 6 70 82 39 17 67 93 35 4 66 80 38 74 37 99 36 10 73 87 47 14 64
90 49 2 58 77 48 20 59 96 31 8 57 83 45 17 56 93 44 5 61 80 30 73 41 99 43 11 60 86 42 14 63 89 24 1 53 76 25 19 52 95 40 7 62 82 26 18 55 94 27 6 54 81 39 74 23 100 28 12 51 87 29 15 50 91 46 3 69 78 33 21 68 97 35 9 64 84 34 16 72 92 38 4 70 79 36 22 71 98 32 10 67 85 37 13 66 88 47 0 65 75
50 18 58 94 48 6 59 82 31 16 57 92 49 4 56 80 44 74 30 99 41 10 66 86 43 13 60 89 42 1 63 77 24 20 61 96 25 8 52 84 40 15 62 91 26 3 55 79 27 73 23 98 22 9 54 85 28 12 53 88 29 0 51 76 45 19 65 95 33 7 68 83 32 17 72 93 34 5 71 81 35 75 39 100 38 11 70 87 36 14 69 90 37 2 67 78 47 21 64 97 46
9 58 85 51 16 59 92 50 3 57 79 48 23 56 98 49 10 66 86 31 13 67 89 41 0 65 76 43 20 63 95 42 6 61 82 26 18 60 94 40 5 62 81 25 75 27 100 30 12 54 88 39 15 55 91 38 2 53 78 28 22 52 97 29 8 73 84 44 17 68 93 45 4 72 80 35 24 34 99 37 11 70 87 47 14 74 90 36 1 71 77 32 21 69 96 33 7 64 83 46 19
57 94 31 6 58 81 48 75 44 100 45 12 59 87 49 15 61 90 40 2 56 78 41 21 60 97 43 9 65 84 42 16 53 91 24 3 52 79 25 22 62 98 27 10 63 85 26 13 54 88 23 0 55 76 30 19 51 95 28 7 50 82 29 18 72 93 32 5 69 80 33 74 35 99 34 11 68 86 46 14 70 89 39 1 71 77 38 20 67 96 36 8 66 83 37 17 73 92 47 4 64
79 31 72 49 98 48 10 58 86 44 13 59 89 45 1 57 76 30 19 61 95 41 7 56 83 43 17 60 93 42 5 63 81 40 74 24 100 25 11 53 87 27 14 52 90 26 2 62 77 23 20 54 96 22 8 55 84 28 15 51 91 29 3 50 78 32 21 69 97 33 9 68 85 35 12 64 88 34 0 65 75 39 18 70 94 38 6 71 82 36 16 67 92 37 4 66 80 46 73 47 99
50 11 58 87 48 14 59 90 31 1 57 77 49 20 56 96 30 7 66 83 44 17 60 93 41 4 63 80 43 74 42 99 24 10 61 86 25 13 52 89 40 0 62 76 26 19 55 95 39 6 54 82 27 18 53 94 23 5 51 81 28 75 29 100 45 12 65 88 33 15 68 91 35 2 72 78 34 21 73 97 38 8 70 84 36 16 71 92 32 3 69 79 37 22 67 98 47 9 64 85 46
13 58 88 50 0 59 76 48 20 57 95 31 7 56 82 49 18 66 93 30 5 60 80 44 74 41 99 43 11 63 86 42 15 61 90 24 2 52 78 25 22 62 97 40 9 55 84 26 17 54 92 39 4 53 79 27 73 23 98 28 10 51 85 29 14 65 89 45 1 68 77 47 21 72 96 32 8 71 83 34 19 70 94 37 6 69 81 35 75 38 100 36 12 67 87 33 16 64 91 46 3
58 79 49 21 59 97 48 8 57 85 44 15 56 92 45 3 61 80 31 22 60 98 41 9 65 86 43 12 63 89 42 0 53 76 24 18 52 95 25 6 62 83 40 17 55 94 26 5 54 82 27 75 30 100 23 11 51 88 28 14 50 91 29 2 69 78 46 20 68 96 33 7 72 84 32 16 71 93 34 4 70 81 35 74 38 99 39 10 67 87 36 13 66 90 37 1 73 77 47 19 64
95 49 7 58 82 31 18 59 93 50 5 57 80 44 74 45 100 40 12 61 87 41 15 56 90 43 2 60 77 42 21 65 97 24 9 53 84 25 16 52 91 27 3 62 78 26 22 23 98 32 10 54 85 30 13 63 88 28 0 55 75 29 19 51 94 46 6 69 81 48 17 68 92 33 4 64 79 35 73 34 99 39 11 70 86 38 14 71 89 36 1 67 76 37 20 66 96 47 8 72 83
50 16 58 92 31 4 59 80 48 74 44 99 49 10 57 86 30 13 66 89 41 1 56 77 43 20 60 96 42 7 63 83 24 18 61 94 40 5 52 81 25 75 27 100 26 11 62 87 39 14 54 90 23 2 55 78 28 21 53 97 29 8 51 84 45 15 65 91 33 3 68 79 35 22 72 98 34 9 73 85 38 12 70 88 36 0 71 76 32 19 69 95 37 6 67 82 47 17 64 93 46
5 58 81 31 74 50 99 48 11 59 87 44 14 57 90 49 1 66 77 30 20 56 96 41 8 60 84 43 17 63 93 42 4 61 80 40 73 24 98 25 10 52 86 27 13 62 89 26 0 54 76 39 19 55 95 23 7 53 83 28 18 51 94 29 6 65 82 32 75 45 100 47 12 68 88 35 15 72 91 34 2 70 78 37 21 71 97 38 9 69 85 36 16 67 92 33 3 64 79 46 22
58 97 48 9 59 85 44 13 57 88 31 0 63 76 49 19 66 94 41 6 56 82 30 17 60 92 43 4 55 80 42 74 24 99 25 11 61 87 40 15 52 90 23 2 62 78 26 21 54 96 22 8 51 84 27 16 53 91 28 3 50 79 29 73 45 98 33 10 65 86 32 14 68 89 39 1 72 77 34 20 70 95 38 7 71 83 35 18 69 93 36 5 67 81 37 75 47 100 46 12 64
87 49 15 58 91 48 2 59 77 44 21 57 97 45 8 56 83 31 16 61 92 41 3 60 78 43 22 65 98 42 9 63 84 24 12 53 88 25 0 52 75 40 19 62 95 26 6 55 81 23 18 54 94 27 5 51 80 30 74 28 100 29 11 50 86 46 14 69 90 33 1 68 76 32 20 64 96 34 7 71 82 39 17 70 93 35 4 67 79 38 73 36 99 37 10 66 85 47 13 72 89
50 1 58 77 48 20 59 96 31 8 57 84 49 18 56 94 44 6 66 82 40 75 41 100 43 12 60 88 42 15 65 91 24 3 61 79 25 21 52 97 27 9 62 85 26 16 63 92 23 4 54 80 30 22 55 98 28 10 53 86 29 13 51 89 45 0 73 76 33 19 68 95 32 7 72 83 34 17 71 93 35 5 70 81 39 74 38 99 36 11 69 87 37 14 67 90 47 2 64 78 46
21 58 96 50 8 59 83 48 17 57 92 31 4 56 80 49 74 44 99 30 11 66 86 41 14 60 89 43 1 63 77 42 20 61 95 24 7 52 82 25 18 62 93 40 5 55 81 26 75 27 100 39 12 54 87 38 15 53 90 28 2 51 78 29 22 65 97 45 9 68 84 47 16 72 91 35 3 73 79 34 23 70 98 37 10 71 85 36 13 69 88 32 0 67 76 33 19 64 94 46 6
58 82 49 17 59 93 31 4 57 80 48 74 45 99 44 10 61 87 30 13 56 90 41 1 60 77 43 20 63 96 42 7 53 84 24 16 52 92 40 3 62 79 25 73 26 98 27 9 54 86 23 12 55 89 22 0 51 76 28 19 50 95 29 6 69 83 46 18 68 94 32 5 72 81 33 75 34 100 35 11 70 88 39 14 71 91 38 2 67 78 36 21 66 97 37 8 65 85 47 15 64
91 49 3 58 78 48 22 59 98 44 10 57 85 45 13 56 88 31 0 61 75 41 19 60 95 43 7 65 82 42 17 63 93 40 5 53 80 24 74 25 100 27 12 52 87 26 15 62 90 23 2 54 77 30 21 55 97 28 9 51 84 29 16 50 92 32 4 69 79 46 73 33 99 35 11 68 86 34 14 64 89 39 1 70 76 38 20 71 96 36 8 67 83 37 18 66 94 47 6 72 81
31 75 50 100 48 11 58 87 44 14 59 90 49 2 57 78 24 20 66 96 41 8 56 84 43 15 60 91 42 3 65 79 22 21 61 97 25 9 52 85 27 12 62 88 26 0 63 76 23 18 54 94 30 6 55 82 28 17 53 93 29 5 51 81 40 74 32 99 33 10 72 86 35 13 68 89 34 1 64 77 39 19 70 95 38 7 71 83 36 16 69 92 37 4 67 80 45 73 47 98 46
10 58 86 51 14 59 90 50 1 57 77 31 21 56 96 49 7 66 83 40 19 60 94 44 5 65 81 41 75 43 100 42 12 61 88 24 16 52 91 25 2 62 78 27 22 63 97 26 8 54 84 39 17 55 92 30 3 53 79 28 23 29 98 32 9 73 85 45 13 68 89 47 0 72 76 48 20 71 95 34 6 70 82 37 18 69 93 35 4 67 80 38 74 36 99 33 11 64 87 46 15
58 90 49 2 59 77 48 20 57 96 31 8 56 83 45 17 63 93 44 5 61 80 41 74 43 99 42 11 60 86 30 14 53 89 24 1 52 76 25 19 62 95 40 7 55 82 26 18 50 94 27 6 54 81 23 75 28 100 29 12 51 87 39 15 69 91 46 3 68 78 33 21 72 97 35 9 73 84 34 16 70 92 38 4 71 79 36 22 67 98 32 10 66 85 37 13 65 88 47 0 64
75 49 18 58 94 48 6 59 82 31 16 57 92 45 4 56 80 44 73 30 99 41 10 61 86 43 13 60 89 42 1 63 77 24 20 53 96 25 8 52 84 40 15 62 91 26 3 55 79 27 72 23 98 22 9 54 85 28 12 51 88 29 0 50 76 46 19 69 95 33 7 68 83 32 17 64 93 34 5 71 81 35 74 39 100 38 11 70 87 36 14 67 90 37 2 66 78 47 21 65 97
50 9 58 85 48 16 59 92 44 3 57 79 49 22 56 98 31 10 66 86 41 13 60 89 43 0 65 76 42 19 63 95 24 6 61 82 40 18 52 94 25 5 62 81 27 75 26 100 23 12 54 88 30 15 55 91 28 2 53 78 29 21 51 97 45 8 73 84 32 17 68 93 33 4 72 80 35 74 34 99 39 11 70 87 38 14 71 90 36 1 69 77 37 20 67 96 47 7 64 83 46
19 58 94 50 6 59 81 31 75 48 100 44 12 57 87 49 15 66 90 40 2 56 78 41 22 60 97 43 9 65 84 42 16 61 91 24 3 52 79 25 23 62 98 27 10 63 85 26 13 54 88 39 0 55 76 30 20 53 95 28 7 51 82 29 18 73 93 45 5 68 80 32 74 47 99 35 11 72 86 34 14 70 89 37 1 71 77 38 21 69 96 36 8 67 83 33 17 64 92 46 4
58 80 31 73 48 99 49 10 59 87 44 13 57 90 45 1 61 77 30 19 56 96 41 7 60 84 43 17 63 94 42 5 53 82 40 75 25 100 24 11 52 88 27 14 62 91 26 2 54 78 23 20 55 97 22 8 51 85 28 15 50 92 29 3 69 79 32 21 68 98 33 9 64 86 35 12 72 89 34 0 70 76 39 18 71 95 38 6 67 83 36 16 66 93 37 4 65 81 46 74 47
99 49 11 58 86 48 14 59 89 31 1 57 76 45 20 56 95 30 7 61 82 44 17 60 92 41 4 63 79 43 73 42 98 24 10 53 85 25 13 52 88 40 0 62 75 26 19 55 94 39 6 54 81 27 18 51 93 23 5 50 80 28 74 29 100 46 12 69 87 33 15 68 90 35 2 64 77 34 21 72 96 38 8 70 83 36 16 71 91 32 3 67 78 37 22 66 97 47 9 65 84
50 12 58 88 48 0 59 76 31 19 57 95 49 6 56 82 30 17 66 93 44 4 60 80 41 74 43 99 42 10 63 86 24 14 61 90 25 2 52 78 40 21 62 97 26 8 55 84 23 16 54 92 27 3 53 79 22 73 28 98 29 9 51 85 45 13 65 89 33 1 68 77 32 20 72 96 34 7 71 83 39 18 70 94 35 5 69 81 38 75 36 100 37 11 67 87 47 15 64 91 46
3 58 79 50 22 59 97 48 9 57 85 44 16 56 92 49 4 66 80 31 23 60 98 41 10 65 86 43 13 63 89 42 0 61 76 24 19 52 95 25 7 62 83 40 18 55 94 26 6 54 82 27 75 39 100 30 12 53 88 28 15 51 91 29 2 73 78 45 21 68 96 47 8 72 84 32 17 71 93 34 5 70 81 35 74 37 99 38 11 69 87 36 14 67 90 33 1 64 77 46 20
58 95 48 7 65 83 31 18 59 93 44 5 57 81 45 75 40 100 41 12 61 87 43 15 56 90 49 2 60 78 42 21 53 97 24 9 52 84 25 16 62 91 27 3 63 79 26 22 54 98 23 10 55 85 30 13 51 88 28 0 50 76 29 19 69 94 33 6 66 82 32 17 68 92 35 4 72 80 34 74 39 99 38 11 70 86 36 14 71 89 46 1 67 77 37 20 73 96 47 8 64
