-81 0 -94 59 64 -97 -51 55 -80 -94
0 0 -92 93 19 43 -65 -18 -64 0
22 82 -1 -69 -27 -47 47 -31 42 -92
-42 -31 42 -22 -34 -64 -45 -19 77 -99
-27 0 -65 4 18 -61 57 -19 33 -42
54 -33 60 -7 -80 -89 48 6 37 -20
22 59 -11 81 -61 -47 -58 -2 -31 26
65 -44 -3 25 15 96 -82 -78 -38 90
-35 40 38 -26 -80 -14 -52 67 46 16
44 66 -1 4 -82 -28 79 86 -54 -34
90 -25 76 -54 -63 -88 99 3 1 -12
-16 21 9 -65 -63 -78 -69 -87 15 74
0 19 -85 -97 -59 83 23 -90 -5 -82
-28 -78 50 -90 -28 28 -53 -91 -94 99
12 87 -63 47 35 8 -77 -5 84 68
-3 32 -28 -43 -10 9 43 -42 -37 90
78 74 -76 -10 -15 -42 59 -37 -35 -89
-82 -44 35 -35 73 17 64 -28 -75 -89
-15 62 -30 34 77 -70 92 -14 -76 -8
99 65 -33 1 -68 -13 55 -56 30 27
25 66 0 34 -91 70 63 -46 -3 28
85 95 -26 -21 -79 2 -93 73 -19 99
-78 28 75 -43 -21 29 -2 -14 18 21
-92 66 -30 94 54 81 78 53 -91 14
61 20 32 -44 35 -95 1 54 81 -20
-27 -74 -37 -20 -2 67 82 0 1 -23
12 50 53 48 -74 -52 -99 21 0 -74
-34 -20 25 -62 41 -21 -78 38 -17 93
-86 -60 -41 74 35 80 38 -17 42 -25
26 -22 14 -29 -41 58 -48 6 95 58
55 9 95 -80 -91 -97 11 -77 98 87
32 -62 -80 -98 1 -79 28 -47 -97 78
-57 -80 83 59 -73 -23 55 62 69 86
48 -94 -40 -86 47 68 -88 25 96 -11
33 87 -45 43 78 94 -99 -26 50 17
88 -21 -77 94 -24 30 -82 27 66 36
31 79 6 -36 -38 -20 -60 -42 63 -92
46 87 14 19 70 96 16 -12 -20 -5
46 -11 -52 92 -22 53 9 -49 -52 66
27 98 -14 94 -32 51 -91 -68 42 -3
-55 -37 0 46 66 85 5 -63 8 -78
38 26 93 -83 -14 -97 -8 -38 55 -31
-30 -1 73 -89 -73 61 -19 -77 42 -85
-50 66 1 5 -16 56 49 -86 33 62
53 35 -76 -28 98 60 -80 73 68 84
77 -94 -35 -98 -13 -92 -47 60 37 94
-11 -24 -96 74 57 -15 90 -4 61 -12
-19 77 -77 74 -7 -44 40 89 -28 -37
99 -31 -52 -69 -61 -3 7 59 46 99
22 61 64 77 -63 -90 -71 -39 -36 54
-91 79 15 23 47 74 -68 -5 76 77
95 31 88 -79 35 -70 -28 -4 0 73
-59 28 98 95 59 -42 -75 -20 40 -8
-96 32 -35 70 24 -78 -21 16 -94 74
21 33 -96 24 81 -8 -62 95 -49 15
96 54 46 -31 -93 37 64 48 13 -50
8 91 -65 8 38 50 -8 26 54 75
55 0 -56 28 -89 23 1 -83 43 52
-72 -63 -71 -2 52 -30 88 -84 -38 -36
-93 94 90 -45 -3 -9 -47 -48 -53 -97
18 -10 0 41 -13 -1 -25 60 29 -76
-82 -51 15 -77 44 -14 78 -53 -85 93
84 -27 70 -99 33 99 -28 70 56 -52
-21 31 -31 -8 92 -90 75 -87 -93 -7
-11 9 18 -33 20 72 -4 38 -57 -50
-19 2 -48 -26 58 -54 93 -20 14 93
-36 45 24 71 2 -32 -90 56 29 83
-90 -16 86 82 -70 -14 -65 -12 -1 -20
-68 79 79 -70 -90 -79 -79 -43 -41 -99
-48 -7 95 -84 -30 52 -32 -40 93 76
94 55 88 39 74 51 24 -93 -87 -91
2 71 -31 12 -67 -57 46 -63 57 9
31 -53 -15 -22 -19 -13 45 76 1 22
84 -6 89 20 -46 13 -41 13 68 69
82 -68 -53 -32 -75 0 8 31 -98 -66
-99 17 -91 38 -9 -13 -77 77 62 60
87 32 -1 11 -81 2 46 86 94 60
-26 7 -29 11 -49 24 -20 -44 -97 26
-8 -19 82 25 38 -31 -66 -91 -65 0
40 19 -62 22 -77 -77 77 17 31 32
27 -16 -28 -5 17 -46 -55 63 -50 -73
15 -3 -28 66 -93 -77 -78 7 -72 -39
16 -99 4 -2 8 -87 -46 77 -19 -36
7 65 35 -33 -68 -63 53 11 96 -79
-6 -40 61 19 26 -42 25 83 -96 -25
-7 35 -16 58 20 63 77 19 30 92
87 23 -16 87 -74 49 18 -79 70 -14
-46 30 46 -75 -32 54 37 56 -52 -34
-89 -23 31 6 -21 98 85 77 -32 -48
-21 -99 -90 -59 -71 96 4 -33 79 65
47 12 -41 -48 62 -69 66 86 -25 -42
20 6 47 -45 50 83 71 -34 2 5
97 99 58 -56 -44 -9 -38 98 -71 -23
-43 3 55 -43 -85 13 8 -69 -37 65
88 57 15 43 30 7 41 -37 92 29
-99 -27 90 -96 9 83 82 -88 37 12
-82 56 38 -73 53 -38 46 -56 -90 38
27 23 50 37 -8 -45 -70 57 33 38
65 -29 91 -89 -66 -9 -80 -54 80 -79
17 -41 87 7 0 94 -33 96 32 53
