56 42 -52 94 0 52 60 11 28 79
57 37 -19 65 -25 -76 91 -30 35 -81
-14 -75 23 24 -42 -4 30 -44 9 91
25 55 89 -43 86 71 0 -99 -40 21
-64 24 39 96 -25 -35 -72 -72 21 -33
-55 -20 -6 16 99 -12 -99 -64 34 70
45 31 -80 8 -54 -41 57 -62 -1 -79
51 73 90 35 -60 67 83 -32 66 -90
26 99 74 -11 -23 25 42 -49 -76 -16
20 56 52 -65 99 21 -82 -80 98 25
8 62 -4 78 -46 -49 83 84 -42 70
-77 11 -71 -98 -9 -92 45 -24 42 -20
-30 -37 85 33 -90 21 -19 -15 -50 88
-42 14 23 -12 -45 -39 -24 -72 50 -27
25 99 50 -73 -16 57 -50 -28 40 -72
-5 84 63 69 -53 43 -19 37 -95 78
-97 88 -55 92 -1 -75 96 -74 28 -8
10 -84 -50 25 0 -78 60 10 -75 -6
-96 0 -47 -51 88 -47 45 95 -66 20
-51 -68 -17 -61 17 59 -79 96 -55 81
86 36 6 37 -5 83 31 -60 -22 -27
-41 74 76 -25 87 -23 -80 -76 76 52
-79 -59 23 -26 -93 -6 89 83 54 99
56 82 -85 79 60 -10 -74 82 -58 -65
-12 -39 40 -77 -22 -18 4 -21 62 64
6 48 58 -53 56 -63 41 31 -49 66
-32 2 14 97 -48 -3 5 -76 76 83
-10 76 -46 -88 -17 -61 2 -14 -38 1
-61 -78 -69 -21 -4 -53 -50 -24 -56 -80
89 92 -19 -16 -75 -12 -5 29 -37 48
-10 76 46 9 -58 53 -22 55 6 80
52 45 44 78 -90 -23 45 86 -61 25
-30 -99 92 96 -54 -50 -32 77 -16 74
65 -22 -20 65 -87 58 64 -77 -84 -26
-58 78 20 91 -24 48 -69 52 58 84
-37 -19 65 -15 -38 -92 52 -75 -84 56
36 -98 -26 -52 0 -31 74 17 -8 -76
61 56 18 2 -90 -63 33 6 64 11
17 45 -37 -8 -71 54 25 35 69 88
-84 -35 40 -98 92 93 52 -34 -62 84
-46 79 -9 10 -27 -78 4 -76 -57 60
-62 0 77 26 3 89 -90 -10 -71 -11
84 -47 96 0 -35 21 -28 -6 -1 67
12 -40 -2 -62 24 -92 -89 48 70 69
-53 94 -24 -51 32 47 -95 33 32 -32
70 -45 -66 -52 -61 -47 -57 -48 74 -76
-97 12 32 -95 -50 -85 53 -77 -66 19
-74 29 77 34 -10 -12 -70 83 -47 98
-64 56 74 54 -67 51 -54 -92 -69 -59
93 -94 -19 -47 -92 38 6 -11 -76 67
18 66 -41 -67 -69 -63 5 44 -91 -19
46 -64 26 86 -56 -59 91 -87 23 -24
-18 73 -45 -59 -89 -27 -95 -72 31 -61
-45 13 -82 -81 64 -77 -85 -99 -98 -91
-5 10 -83 -43 -26 -8 -71 90 -55 -53
12 -13 56 39 -95 34 7 -14 -67 -32
23 39 99 0 79 -25 -44 -28 63 76
-38 -40 98 -38 17 -11 45 60 44 65
-61 90 51 -39 -59 -82 -14 -4 -98 51
24 66 35 19 25 17 -57 61 -27 49
-89 72 -66 31 71 10 76 -97 49 -74
69 -75 84 69 19 0 67 -13 -94 -60
54 -24 98 -39 21 -33 -68 -98 32 10
-56 60 76 -97 62 71 -40 9 -32 15
51 -18 -59 91 -5 -10 -89 -36 -91 -81
-23 94 87 3 -67 91 -42 -79 -69 25
-59 -28 -80 -19 33 25 -51 10 -75 20
-55 94 -78 -85 -53 -38 -62 41 57 -34
-90 -29 -90 -23 -28 -47 -65 -10 20 1
-4 -89 -28 29 -88 -45 12 63 29 70
-72 9 72 0 -97 15 72 -32 -20 15
-58 61 -97 -7 -65 -76 32 93 38 30
-37 13 89 -35 -40 -16 57 -80 -42 -25
14 32 1 93 -29 25 -91 -41 2 95
-13 83 51 -54 10 -55 61 18 -2 -5
51 27 91 45 -14 77 -43 -51 -70 -11
32 54 24 64 -68 -78 49 7 -39 -78
98 -19 76 -78 -94 24 -30 -78 79 15
3 63 29 -99 41 -11 98 -17 40 -63
68 -71 44 -44 32 39 53 -54 -55 -43
-19 86 -35 21 22 -53 -99 -65 93 73
81 -12 29 62 46 70 -87 77 65 -51
-9 -72 88 -59 76 23 34 -62 -14 -86
-4 63 8 68 68 98 1 39 -1 57
-86 -4 -58 77 -34 80 54 -31 6 93
-39 11 2 -70 19 81 13 -39 32 92
-57 9 14 43 35 39 10 74 -63 13
90 90 28 -3 -86 -49 91 -68 -91 -76
81 99 76 15 -89 -55 33 64 14 61
45 3 -43 60 3 -45 38 52 -99 -94
67 15 -67 82 -13 -27 -37 88 47 60
95 -51 81 -54 61 64 -64 5 65 3
3 -63 -7 22 26 88 6 -38 -18 5
49 76 48 -22 20 -7 53 -73 23 -41
32 -46 67 -85 85 47 -62 -56 -42 -83
31 -16 69 9 -58 -65 -84 39 68 18
49 -49 -68 20 25 -33 -10 42 40 22
72 63 26 99 86 -47 82 83 6 11
80 -95 67 -2 -68 -77 7 17 53 96
49 -92 -49 -71 0 -5 -41 -15 -40 57
