-95 -47 -96 82 54 73 10 36 17 -65
37 -58 30 24 -90 35 20 -44 17 -47
-41 34 17 -49 17 85 -81 10 -67 58
85 -15 41 83 9 -52 98 -17 -20 17
-71 96 -56 91 39 63 33 -49 -99 44
68 18 -63 -86 22 14 39 17 88 0
6 -73 -10 -56 -3 -58 78 58 -91 -71
65 84 18 -46 -71 32 -96 99 87 93
22 78 -89 -16 -24 71 88 74 13 -96
-12 17 76 -60 -86 21 -76 -81 -94 -68
-70 -75 41 91 -86 -59 80 -50 -69 74
72 7 84 -60 -14 81 -43 32 26 -24
90 58 82 71 65 20 47 78 -49 -60
-28 -55 -20 -45 15 23 39 48 -24 -96
-32 -35 47 75 -61 65 85 -69 -87 58
-12 -80 -45 55 -62 11 -38 -28 4 -98
84 86 -71 -66 -32 -38 -75 -95 -52 -22
-72 -93 53 68 -3 29 -31 -87 45 -73
-12 76 79 36 85 74 96 -70 -57 5
13 97 21 -49 6 -28 -35 -89 42 -62
-32 58 -54 -43 -6 79 86 -40 17 44
11 70 65 -4 -22 -79 -75 36 18 -25
91 -97 -63 -2 97 -6 63 60 95 -70
-88 74 36 -50 -90 54 -57 -65 12 -66
-79 79 -17 -53 84 -43 37 56 -55 40
-82 -55 -19 77 72 -70 77 -63 38 -48
55 -14 -4 33 80 80 -37 19 52 12
38 -37 80 9 -13 43 21 38 12 -62
32 -42 79 -89 88 -50 21 22 14 31
85 -2 42 -94 52 -94 89 -11 45 12
-32 -15 6 67 -34 20 83 -54 -62 57
63 -30 -14 -94 -82 -80 27 91 87 10
30 76 5 -85 64 -82 -40 -45 0 -84
-51 50 -20 -44 -28 58 74 91 -58 99
32 -39 -58 45 -18 4 -48 -27 -21 25
42 -52 -64 -80 -88 22 -29 23 -85 -21
-87 -1 -62 -2 -68 -84 32 -60 28 -59
-49 93 -61 8 61 -35 -62 31 -51 67
-49 75 8 -70 44 -16 50 -50 9 -22
-84 97 35 79 8 -72 -43 76 -19 68
-16 93 -70 -3 -28 62 75 62 -73 -41
-14 -3 -39 -63 -65 42 -12 64 62 23
72 -81 94 2 17 70 -81 -21 56 8
70 86 91 73 -78 96 40 87 -18 -66
-67 -92 88 -95 9 25 87 15 54 -59
-26 69 68 38 47 99 22 87 -65 70
1 -21 -58 -25 72 -6 31 -64 46 -77
97 72 18 9 -38 -90 74 -75 0 -24
-77 -94 -9 3 15 49 80 -20 -19 -49
-83 -44 -96 -32 43 4 99 -35 -29 -14
-42 70 -15 -92 61 38 -19 -34 19 -1
13 39 -92 -30 -60 -48 27 39 -11 45
24 -8 52 -3 53 89 25 15 61 -98
-33 44 -69 -53 26 -3 91 -34 -58 7
27 94 -73 -15 -63 -13 37 78 71 95
62 9 78 18 65 -77 66 -1 52 33
-85 7 68 16 -10 -33 -41 -34 -46 -45
-64 -7 20 89 19 -5 8 -64 -27 -47
89 -87 50 30 -13 -9 54 -17 -6 52
-18 55 -59 1 -1 99 -98 4 -60 62
97 -49 3 -34 9 -39 10 -8 46 48
-72 45 9 -96 -40 29 20 -74 -34 69
5 -59 90 -45 26 -74 22 -98 10 -76
61 -17 -63 -22 -19 -32 -20 41 21 61
-70 19 -44 96 -89 -14 53 -66 43 14
-91 -70 -62 -88 88 13 12 7 -75 84
17 -53 35 63 -33 -42 -66 -71 74 -59
-61 -34 -11 -16 -38 -82 4 80 77 -63
-88 20 -24 -24 47 59 -41 -80 -86 3
73 -2 -58 81 -4 -10 -38 -3 -61 77
-34 -82 36 78 99 -27 32 24 -95 -34
-19 -16 24 -72 -15 -89 11 0 -60 46
-98 97 77 67 -75 63 63 11 82 44
-32 68 33 48 86 99 8 -64 -13 -59
-47 61 29 88 -65 -98 -7 88 -22 15
92 -41 31 -27 12 38 76 -11 85 31
35 86 84 59 -79 -23 -12 -84 -97 35
57 -60 -46 74 0 0 4 -47 70 40
84 7 -9 13 7 61 79 -33 -78 -46
55 10 81 -90 -28 70 -7 97 -87 -30
67 92 55 -47 95 56 -63 60 57 -57
-63 -31 -77 -12 -50 62 -9 -93 -91 -47
41 30 79 86 46 26 57 -96 -10 90
71 -12 47 73 -22 10 -41 -27 -35 12
4 -39 -89 -95 62 18 50 51 80 99
89 -70 66 78 86 0 -55 -98 -95 -65
-35 25 11 -46 69 35 -92 70 3 -48
4 -38 0 70 69 -3 1 -78 -87 -84
35 91 -87 -91 -1 -15 -6 -59 77 -93
-20 36 60 7 -58 -25 8 62 -78 10
39 -61 92 -52 94 -4 3 21 56 64
-75 -61 -35 5 10 -36 -96 -94 -88 83
-57 60 -40 -99 -58 28 -11 69 -26 99
-16 50 -6 19 -34 -72 11 94 -85 14
-88 -55 17 -1 -50 52 97 -66 -75 -66
95 -75 -74 -67 -63 43 65 29 -25 8
76 -59 87 23 79 24 77 -62 97 -68
-65 65 -82 19 70 75 -2 77 84 87
72 -53 78 -14 -49 3 -22 10 91 -36
-7 98 -52 -48 -17 -1 -61 83 46 48
