8 0 6 53 67 27 59 49 45 40 24 9 46 41 5 12 62 13 50 21 52 35 26 37 25 54 34 38 4 39 30 18 64 66 69 61 65 42 3 44 29 68 19 43 23 11 7 48 32 28 31 51 56 33 16 60 10 22 63 2 57 20 36 47 55 17 1 14 58 15
37 3 55 5 10 58 21 62 56 23 1 68 40 57 34 2 22 35 39 53 12 19 45 33 8 24 4 42 31 15 46 11 50 29 59 6 25 30 7 52 44 49 27 14 47 64 63 60 20 38 17 48 32 65 13 16 54 41 9 67 0 36 18 66 26 28 61 69 51 43
23 58 30 25 1 49 10 17 5 11 16 46 22 37 9 7 66 38 18 42 19 32 54 56 33 6 20 53 51 12 28 31 48 69 8 61 40 14 67 52 0 60 13 26 55 43 57 4 44 34 36 35 65 41 45 39 2 15 3 62 63 50 27 24 47 59 29 68 64 21
41 18 66 7 51 2 33 61 50 23 25 54 21 42 22 56 45 64 69 26 6 15 48 4 31 27 16 9 40 68 43 49 65 8 46 5 35 20 59 47 19 29 62 24 28 63 53 67 14 1 32 52 37 3 57 36 11 13 10 17 0 58 60 30 39 12 38 55 44 34
30 37 55 14 31 47 69 43 12 17 8 11 68 22 26 27 18 58 4 6 66 41 21 54 16 44 3 65 23 36 28 32 63 15 20 35 59 61 33 51 1 40 34 42 56 24 49 9 7 64 62 10 25 38 57 19 50 45 48 29 5 67 2 52 46 53 13 39 0 60
31 61 13 68 24 30 4 69 9 28 38 22 44 64 18 6 27 60 19 26 39 11 20 12 65 37 17 8 56 14 2 57 51 47 21 49 32 25 67 54 36 3 40 35 1 59 29 50 66 10 53 43 15 63 41 42 0 33 34 62 58 52 7 46 48 5 45 23 55 16
31 20 25 67 24 43 44 17 8 37 49 52 63 39 7 4 62 51 36 54 32 22 10 3 53 9 0 27 30 29 2 11 68 66 55 58 6 59 64 65 26 48 47 38 61 13 56 12 5 41 50 15 69 60 18 35 40 33 57 42 1 19 23 28 14 16 21 34 46 45
50 38 65 6 1 33 41 21 67 59 19 44 4 12 23 3 53 24 52 47 56 9 39 48 15 16 43 26 25 2 8 68 54 7 37 10 62 30 69 66 20 45 55 64 32 13 18 27 22 57 34 60 40 51 11 29 49 61 5 42 63 31 0 36 35 17 58 14 28 46
38 36 67 34 40 43 55 33 62 31 28 51 68 52 23 47 59 60 42 56 66 32 17 46 49 27 12 21 35 8 2 48 20 18 29 6 63 7 45 37 53 14 50 64 1 69 4 30 3 57 44 15 9 10 0 5 26 13 19 41 54 58 24 11 61 65 22 16 25 39
41 51 61 19 47 30 25 33 56 4 46 17 60 64 3 28 1 36 34 22 31 67 32 15 0 63 13 8 10 45 6 12 2 27 14 69 55 40 53 65 43 7 48 26 44 39 29 20 62 9 66 16 5 11 24 52 54 49 21 23 57 68 42 18 35 58 50 38 59 37
56 26 34 30 61 42 24 27 11 32 7 51 52 55 31 38 46 45 0 1 10 67 59 3 16 50 6 44 4 14 64 54 66 53 25 22 2 65 18 33 41 49 21 12 20 62 57 40 8 9 17 23 48 28 37 58 69 60 5 43 19 35 15 13 63 47 68 29 39 36
11 49 14 12 52 41 55 9 60 13 10 46 15 7 64 57 22 24 21 31 58 37 44 35 20 32 69 8 27 61 23 25 38 39 65 2 3 34 36 45 28 19 0 67 47 26 33 43 5 29 16 1 30 56 66 17 4 48 59 68 62 51 6 50 18 54 40 63 53 42
31 4 27 63 67 17 38 59 8 6 32 44 2 40 50 33 51 24 62 34 29 15 20 46 25 22 54 42 64 16 3 18 12 41 45 47 21 1 68 43 36 7 60 53 49 61 48 30 14 28 26 11 52 19 69 23 65 5 9 58 56 57 0 10 35 13 55 37 39 66
52 48 57 20 41 1 4 68 47 11 35 42 32 54 55 6 30 18 13 16 31 60 10 23 28 7 66 22 61 67 0 63 9 3 5 12 17 59 44 53 26 24 50 46 39 15 40 49 33 51 21 37 65 29 43 45 27 36 64 38 25 8 34 19 2 56 14 62 69 58
55 2 62 8 17 5 38 39 64 20 4 35 37 68 69 10 48 44 18 51 30 49 47 67 34 27 57 31 60 24 54 23 59 1 28 11 0 40 25 3 43 46 61 9 13 33 16 36 66 65 50 52 42 29 32 7 15 22 21 58 12 19 56 53 63 6 26 14 41 45
41 54 47 40 44 4 58 52 45 31 13 67 5 28 27 53 16 57 8 25 20 7 19 6 26 35 17 3 22 18 64 49 37 59 21 30 68 61 0 65 15 2 10 51 48 62 1 46 12 32 69 55 24 60 11 39 63 50 43 14 9 38 42 56 34 23 33 29 36 66
33 45 37 43 63 11 50 20 22 24 8 6 0 64 1 42 17 32 52 29 26 47 54 44 49 39 55 14 60 7 12 9 38 59 27 57 19 40 10 48 53 36 31 46 2 58 30 28 16 65 34 56 15 61 4 41 18 51 3 67 13 5 21 69 68 23 66 62 35 25
28 66 64 4 62 29 8 53 9 32 43 2 24 1 54 35 18 56 57 5 68 14 47 42 58 50 39 11 7 51 65 16 48 23 21 13 38 41 69 31 37 55 15 44 12 34 20 0 17 60 59 19 22 3 27 52 30 63 45 33 49 61 40 67 6 36 26 46 25 10
68 7 46 34 36 16 13 55 54 30 8 45 61 33 6 17 52 31 44 38 64 3 20 40 66 10 50 18 69 42 47 48 9 24 63 49 41 67 0 58 39 53 22 11 15 5 2 14 57 62 25 23 51 32 12 65 59 37 29 43 27 56 60 19 1 21 4 35 28 26
60 16 38 25 36 48 41 37 18 4 53 0 5 30 62 23 7 56 64 31 1 54 50 29 55 26 40 66 15 57 63 32 49 9 8 17 35 11 47 28 61 27 52 20 6 19 39 43 69 58 33 65 67 14 13 21 2 45 68 51 10 59 44 12 3 46 24 22 42 34
43 40 10 24 57 18 4 58 20 33 27 39 42 56 16 23 6 7 3 38 25 2 62 60 21 64 26 55 19 44 54 51 52 1 34 37 67 46 12 15 69 59 68 49 48 35 53 22 5 41 9 11 61 36 66 17 14 0 8 47 63 29 65 13 32 28 30 31 45 50
44 51 60 14 57 59 26 27 37 38 4 46 65 49 17 39 6 5 11 23 61 12 55 42 1 52 50 68 66 56 25 69 2 19 7 45 29 13 54 31 10 28 16 3 43 58 35 18 33 64 8 34 0 53 9 48 22 41 40 32 21 36 63 24 62 47 30 20 67 15
18 16 55 62 35 3 8 45 23 54 41 33 48 36 42 43 0 50 49 47 30 64 39 37 60 68 66 20 69 52 12 56 6 58 34 32 28 15 65 19 13 25 26 21 2 1 59 4 11 46 7 67 29 5 57 9 40 17 22 38 63 53 61 24 44 31 14 10 51 27
30 61 69 16 12 37 59 67 26 24 65 28 22 9 45 8 5 54 21 2 32 10 20 38 0 13 56 62 14 11 55 41 27 33 25 15 4 29 53 57 31 50 49 3 19 6 66 39 46 18 48 42 40 44 1 52 47 60 35 63 34 68 51 17 36 23 43 7 64 58
40 66 5 62 9 43 25 35 54 59 0 3 28 15 22 2 51 1 8 39 58 63 31 19 53 12 20 44 4 14 61 7 55 34 56 68 60 10 18 64 65 13 57 48 42 33 69 17 24 38 29 26 67 36 30 6 41 46 37 49 21 23 52 50 11 47 32 27 16 45
27 67 33 3 53 41 68 44 13 18 66 42 9 19 5 34 31 58 22 60 0 62 16 14 50 10 45 28 32 39 55 46 11 37 64 40 38 17 56 48 54 15 61 2 6 4 12 20 25 21 65 1 47 8 30 24 29 23 63 69 7 36 59 43 51 57 49 26 35 52
58 38 62 25 52 20 37 46 7 36 53 0 21 23 44 51 32 34 30 9 10 14 69 42 5 18 13 15 4 40 2 55 48 49 8 67 24 11 41 63 1 12 28 66 65 22 6 19 33 57 16 50 26 60 47 59 27 39 31 3 35 61 56 17 68 29 43 64 54 45
46 66 64 24 4 35 62 36 27 15 67 58 60 11 8 25 29 65 41 26 55 1 20 57 7 9 0 59 10 61 43 38 33 19 22 31 45 63 68 3 12 34 49 40 2 51 5 30 13 42 53 44 39 54 32 18 17 50 6 69 37 16 21 28 48 23 56 52 47 14
47 7 5 37 50 34 12 18 59 38 31 48 58 44 36 23 52 29 2 3 27 1 13 68 54 24 20 60 46 57 63 51 69 61 10 4 17 21 33 40 11 62 45 64 67 0 56 15 41 43 14 26 19 53 30 66 25 35 49 65 9 22 16 8 42 32 39 55 6 28
29 2 36 61 50 16 39 34 4 22 44 49 25 51 57 9 62 10 56 35 45 37 58 6 23 67 0 5 26 30 53 64 19 40 12 17 68 8 13 43 31 65 47 41 69 24 28 21 54 59 33 14 63 46 11 66 1 32 55 18 52 20 48 7 3 42 15 38 60 27
20 11 1 3 14 22 51 61 9 57 26 63 37 39 64 47 13 66 33 23 55 28 10 8 53 36 34 52 25 59 27 0 2 31 35 16 54 5 15 45 24 7 65 19 60 56 50 38 62 17 44 6 21 32 18 67 29 48 68 46 12 42 49 30 69 41 4 43 40 58
34 36 24 22 7 6 63 55 59 3 19 37 46 10 12 1 9 62 25 66 65 13 15 8 51 68 17 2 48 39 38 18 41 5 47 23 54 4 67 52 16 29 64 28 57 14 60 58 69 49 0 26 56 42 35 43 27 50 20 11 30 32 61 53 44 40 45 31 33 21
49 65 5 10 30 4 22 68 6 18 21 19 1 45 34 51 43 59 53 52 33 11 56 63 15 62 55 17 39 41 42 36 9 20 66 7 23 16 35 28 69 31 38 27 13 32 37 25 44 57 46 2 40 61 8 47 50 48 29 60 24 12 67 64 54 14 0 3 26 58
1 24 31 23 3 13 16 33 2 34 58 45 4 10 64 36 19 51 50 6 11 60 52 30 18 61 32 66 17 63 28 47 67 21 5 26 0 56 39 35 25 43 9 53 27 14 20 7 29 12 65 40 48 69 62 15 44 38 59 49 46 8 55 42 57 54 22 37 68 41
10 15 7 65 3 48 60 57 29 23 20 41 46 30 45 52 27 13 42 2 54 39 38 33 56 24 49 53 37 32 6 64 12 63 19 4 69 14 9 35 43 11 25 40 51 36 17 62 59 31 16 8 66 34 18 67 44 68 50 22 28 26 61 5 21 47 58 55 1 0
16 69 18 33 63 58 40 61 14 31 2 51 43 60 35 49 13 39 67 20 56 15 6 52 42 34 55 26 66 22 48 23 47 4 11 46 10 62 37 54 3 45 28 32 21 7 1 19 17 65 5 68 59 41 36 53 27 9 30 24 57 12 25 64 0 8 38 29 50 44
36 12 66 21 29 63 20 28 60 18 8 5 58 65 62 50 68 14 3 30 33 6 40 1 15 67 4 17 53 31 35 42 45 7 43 16 23 64 26 22 69 57 55 51 19 13 37 39 0 32 34 11 10 56 41 46 2 24 44 48 49 9 25 27 61 59 52 54 38 47
45 9 42 61 35 58 27 65 44 56 10 68 36 62 51 17 28 16 26 7 4 57 66 19 8 21 12 18 1 11 43 0 64 32 41 40 52 31 2 59 55 54 63 37 53 38 69 22 25 20 49 47 60 50 5 39 6 3 13 34 24 29 14 30 33 15 23 48 46 67
47 6 43 68 16 2 23 21 24 55 69 48 31 28 52 18 45 61 56 66 27 8 12 60 26 7 36 13 15 32 29 22 49 19 5 53 63 35 20 51 40 14 17 38 64 0 50 9 65 41 25 57 11 34 4 42 33 62 1 59 39 44 3 67 30 37 10 58 46 54
23 19 8 37 11 46 5 25 54 26 63 40 20 48 9 55 44 16 10 69 45 31 27 43 42 28 68 66 60 56 53 4 14 65 15 61 38 1 24 12 59 58 51 21 33 18 67 22 64 50 0 35 49 52 47 29 57 17 34 7 39 36 32 13 2 3 41 6 30 62
23 38 15 7 46 54 18 28 14 13 33 45 11 32 40 21 19 53 8 29 57 34 63 35 1 36 59 37 5 61 22 51 12 58 30 4 24 47 62 56 0 2 69 26 10 39 44 55 43 65 25 17 50 16 60 67 6 31 41 52 42 68 27 48 9 3 20 66 49 64
31 56 28 60 52 16 4 6 34 38 44 57 35 20 36 9 0 12 5 19 13 69 8 67 25 37 58 68 27 46 65 2 14 45 22 24 17 48 61 15 63 54 29 42 32 41 49 62 64 59 23 55 7 30 66 53 51 10 33 18 40 43 11 50 39 47 3 1 26 21
49 33 47 51 29 15 39 13 48 24 45 55 37 65 14 66 41 58 63 52 23 25 17 32 0 8 16 57 64 31 59 38 68 62 67 56 3 9 27 53 22 11 46 34 26 18 61 1 28 5 69 54 12 60 50 10 42 19 21 35 2 40 43 36 4 44 20 7 6 30
2 16 7 32 40 17 22 39 48 67 8 21 12 57 34 10 66 11 52 35 31 24 65 28 62 20 46 64 18 1 60 53 23 9 33 42 55 13 30 45 38 14 44 49 26 25 54 58 43 19 51 56 61 5 50 29 4 27 3 63 36 41 15 0 47 69 59 37 68 6
9 22 37 29 63 67 6 17 66 15 10 64 52 61 51 24 30 47 25 0 7 36 55 39 48 54 32 45 69 13 46 12 65 56 5 49 57 14 34 21 26 68 53 33 50 58 43 3 40 60 8 20 16 18 31 23 44 35 59 11 28 27 4 1 2 19 38 42 41 62
15 28 0 14 65 7 12 38 66 47 57 43 16 63 10 68 69 51 49 67 53 48 45 62 2 29 58 64 46 44 33 39 11 36 21 3 26 59 41 19 60 35 17 37 1 54 42 8 61 52 34 25 55 5 32 40 13 31 6 20 22 18 9 27 56 30 23 4 24 50
60 55 26 40 69 68 47 64 44 62 51 66 30 56 43 18 4 15 45 1 33 37 12 32 38 48 34 61 0 3 14 59 8 2 49 42 21 20 52 41 13 9 25 36 16 58 65 27 10 53 57 54 5 46 50 35 11 24 7 29 6 67 19 22 17 39 31 63 28 23
4 41 56 32 14 22 2 33 18 43 5 57 8 51 0 54 30 20 23 15 48 65 64 9 25 39 17 59 38 31 19 16 11 63 1 68 46 27 69 66 21 44 47 58 62 42 35 7 61 29 13 24 12 6 26 28 67 52 10 34 40 36 3 49 55 53 45 50 37 60
23 7 45 67 44 53 57 24 55 54 38 14 39 20 49 31 29 26 18 58 59 63 27 11 13 60 5 4 48 50 34 40 69 62 33 41 21 47 51 52 28 61 30 35 17 19 42 6 56 65 1 32 37 8 36 66 2 46 15 12 3 9 64 0 43 68 22 10 25 16
11 39 56 58 65 9 13 46 14 2 32 54 45 20 60 38 31 37 64 35 1 68 21 67 33 30 10 19 59 66 24 41 28 27 17 43 34 57 48 47 4 40 8 23 62 69 25 18 55 53 44 50 3 15 29 49 42 7 6 36 16 12 26 5 63 51 52 0 22 61
35 32 39 5 64 62 11 14 9 50 25 54 1 16 13 37 18 69 67 26 27 47 22 49 24 41 48 21 3 34 58 12 57 10 46 42 40 0 7 45 66 59 8 43 23 15 6 60 65 44 36 17 55 51 30 29 53 52 68 33 2 19 56 31 4 28 20 38 63 61
6 17 69 41 3 7 65 40 23 28 26 9 66 0 34 48 29 33 47 52 56 35 59 10 53 60 67 49 50 19 42 68 46 20 36 13 4 43 5 55 30 24 8 54 1 15 32 16 61 63 18 62 38 64 58 37 22 31 25 51 44 27 21 12 39 11 14 45 57 2
61 57 53 30 17 34 58 38 48 56 37 36 1 9 62 35 64 26 28 44 0 54 46 4 66 19 43 60 55 15 63 29 33 25 65 42 69 14 7 3 41 27 18 67 8 45 32 12 31 6 5 22 23 52 68 40 47 21 50 51 10 59 49 16 11 24 2 39 13 20
19 5 13 48 8 10 12 64 68 37 14 27 62 3 32 0 9 63 17 55 31 41 18 45 2 50 49 39 24 60 40 26 54 11 22 23 58 53 21 65 6 44 61 43 35 59 57 34 51 36 16 66 7 25 52 47 56 42 46 67 29 1 4 15 69 28 38 20 33 30
26 68 38 20 5 28 1 27 50 55 22 9 2 51 15 69 63 7 40 12 43 66 19 16 21 35 65 10 42 11 31 17 4 37 46 58 57 56 13 39 36 33 32 61 44 3 53 34 25 49 29 52 62 48 41 14 60 0 23 18 54 67 24 45 30 6 8 47 59 64
42 36 5 60 53 61 16 25 32 21 29 9 38 33 4 7 31 39 67 23 44 17 63 62 10 18 8 34 48 12 43 15 64 54 2 45 13 3 11 40 65 24 47 58 59 52 51 66 69 56 30 49 50 57 14 28 27 26 0 46 20 22 35 68 41 55 1 6 37 19
9 13 45 10 35 54 17 8 41 19 37 18 46 14 15 67 60 50 40 21 51 31 16 28 69 32 42 58 26 43 61 30 55 56 4 0 1 68 47 22 7 62 3 11 36 27 34 24 49 23 65 6 52 53 64 29 66 57 20 39 5 25 38 12 63 48 33 59 2 44
54 64 50 0 39 12 61 63 53 42 24 10 48 1 55 35 9 66 51 29 14 15 59 22 58 56 16 65 34 41 46 4 26 68 38 6 5 40 33 60 20 3 57 19 47 13 45 8 25 28 32 27 17 62 11 21 7 44 37 31 30 67 49 43 18 52 69 23 36 2
39 13 18 60 28 4 36 38 24 19 8 42 23 34 49 69 50 22 21 32 33 61 53 20 66 67 40 37 15 1 27 2 41 44 11 65 68 64 25 57 55 9 52 0 48 54 62 12 58 14 51 45 63 3 5 47 16 26 30 6 31 46 35 7 43 17 56 59 10 29
3 43 69 23 9 2 52 38 12 19 58 49 20 66 48 33 47 55 63 57 40 14 11 64 24 67 10 50 37 27 53 65 32 51 0 1 61 46 5 68 22 25 26 54 13 7 34 30 16 59 35 18 31 21 41 39 45 17 56 6 29 44 62 36 60 4 42 28 15 8
68 6 66 1 22 24 60 31 63 21 46 67 49 50 12 26 11 9 0 54 20 13 56 19 2 41 61 32 57 27 69 5 7 28 53 52 40 37 14 10 58 65 25 42 23 55 35 18 36 48 30 33 17 64 38 34 44 8 59 62 39 3 43 15 45 47 16 51 4 29
36 21 52 57 34 56 66 39 59 14 27 45 55 18 41 20 68 62 12 13 1 29 4 26 32 24 65 38 8 49 0 58 25 46 42 54 60 47 19 31 17 67 5 28 69 9 11 40 16 35 37 33 6 51 64 7 44 15 30 22 10 61 50 23 63 2 48 3 43 53
47 3 33 53 24 40 43 23 39 6 19 18 44 65 0 21 11 63 61 1 5 15 69 35 25 32 54 14 57 7 41 62 50 64 34 30 13 17 4 46 56 16 26 49 29 51 12 36 42 10 20 9 60 59 28 31 8 58 48 68 38 67 52 2 22 55 37 45 66 27
37 12 50 49 52 1 30 20 53 66 55 9 46 47 28 5 3 31 2 6 54 58 51 17 0 26 10 39 15 14 61 44 35 48 24 34 63 60 18 40 57 42 41 43 36 38 56 27 29 25 68 33 21 59 64 23 16 67 69 7 11 45 62 8 4 65 19 22 13 32
62 37 59 56 53 60 3 38 23 16 11 14 22 50 31 49 18 20 65 67 63 48 9 8 24 33 35 55 39 34 27 28 36 54 2 29 42 61 41 26 19 46 32 10 57 43 51 0 7 52 1 15 58 25 30 64 4 6 40 12 17 69 68 5 44 45 21 47 66 13
1 30 68 48 8 69 14 47 7 36 21 45 41 3 60 12 54 2 39 32 23 16 9 57 18 52 6 19 28 22 29 59 61 25 66 55 42 17 11 13 34 46 51 33 65 62 31 58 38 44 63 35 5 24 67 0 40 10 4 56 53 15 50 64 20 27 43 26 49 37
43 29 18 34 17 4 44 0 42 61 40 5 27 52 11 22 14 30 48 1 19 41 59 16 69 23 28 64 6 13 54 37 36 67 47 56 32 55 25 35 53 63 24 3 20 50 66 68 58 39 2 31 45 8 12 7 15 51 26 21 38 9 10 49 62 33 60 57 65 46
1 18 4 24 16 47 53 22 19 6 26 57 35 3 52 9 2 30 45 68 0 14 15 25 65 56 10 34 7 64 46 13 43 51 20 12 55 44 8 61 42 48 59 66 5 41 62 67 29 31 40 54 38 58 17 21 50 63 32 39 36 23 37 27 49 11 33 69 28 60
17 0 56 63 37 28 9 46 49 62 54 38 20 27 16 39 18 5 43 57 3 1 60 41 7 47 67 61 21 26 64 66 23 40 13 8 6 42 30 65 32 51 55 22 15 44 45 48 36 59 50 35 12 33 2 11 53 34 10 14 69 4 19 58 31 29 68 52 24 25
55 17 11 18 43 57 16 20 30 6 1 14 24 45 23 19 37 4 56 8 26 48 38 46 3 33 39 9 51 52 15 62 61 69 36 42 41 25 66 22 27 7 63 50 54 2 29 67 68 10 21 53 28 32 13 0 60 47 44 35 58 49 65 59 12 64 5 40 31 34
50 53 34 18 29 32 20 63 48 55 43 46 45 49 31 28 59 13 39 68 2 17 58 0 14 12 27 25 62 36 9 4 44 23 51 21 30 66 26 15 33 40 19 61 35 22 37 8 5 11 69 10 7 6 52 65 41 54 24 64 56 67 38 60 47 42 16 57 1 3
53 40 58 55 33 22 65 54 59 11 27 49 23 20 35 42 51 39 2 12 38 63 41 13 25 14 8 0 50 15 18 60 68 9 43 56 52 32 47 6 31 62 5 61 64 1 48 26 7 67 29 44 46 21 10 3 17 24 28 36 69 37 57 30 34 66 45 16 19 4
53 52 44 39 60 20 14 42 22 28 13 0 51 62 50 32 56 29 31 15 36 27 34 21 68 33 43 47 12 64 24 37 63 19 55 26 30 41 45 61 10 35 1 58 18 38 49 23 16 66 5 8 67 40 25 17 69 11 6 4 65 59 57 48 9 46 2 3 54 7
46 44 32 45 69 66 7 16 18 65 61 62 19 3 30 56 43 40 15 33 31 27 57 9 35 13 55 14 4 38 51 67 11 59 47 53 6 49 12 17 64 25 29 22 52 54 63 28 21 2 24 0 60 20 37 26 41 10 68 5 23 36 1 50 42 8 58 34 48 39
11 1 23 7 26 21 46 16 42 55 33 44 61 8 37 60 67 35 51 9 47 45 25 43 66 28 34 68 32 6 22 50 52 48 54 27 58 38 18 30 63 5 2 14 19 36 24 64 20 65 4 59 15 0 56 10 57 17 40 62 31 29 3 69 39 53 41 13 49 12
29 66 32 2 36 69 54 26 51 68 45 43 20 46 63 21 60 7 11 30 27 8 12 16 24 0 9 57 15 67 52 35 42 17 34 44 13 49 39 48 5 47 6 40 50 65 56 61 14 33 53 41 18 22 3 59 38 55 58 62 64 25 4 1 37 10 28 19 23 31
30 39 2 10 1 68 37 20 24 25 64 47 19 66 41 69 21 49 53 3 14 26 16 48 40 29 35 59 4 9 33 22 43 38 0 63 13 36 12 56 6 52 27 61 44 32 15 51 54 55 18 46 65 60 57 17 28 8 67 58 23 31 50 42 11 62 5 34 7 45
66 14 61 13 0 10 46 36 28 55 58 5 6 53 37 63 26 42 68 2 57 51 39 15 56 29 54 24 27 4 32 33 64 23 22 3 12 18 35 16 59 38 19 34 21 60 52 44 48 67 25 69 43 1 7 30 45 20 47 8 9 31 41 50 49 65 40 62 17 11
41 26 29 9 50 11 12 52 67 6 15 8 32 39 5 49 46 34 3 27 42 62 61 55 31 20 53 44 40 4 51 56 58 59 37 24 65 30 14 19 33 21 16 18 63 38 66 57 17 7 45 69 23 13 22 0 64 36 2 48 68 60 25 10 43 35 47 28 1 54
39 11 48 52 32 19 44 68 66 46 25 4 67 61 2 50 29 37 49 41 28 27 45 62 23 16 30 31 20 34 14 60 8 33 56 18 65 43 42 64 21 22 10 0 47 5 59 13 69 40 51 12 7 57 26 35 54 63 6 38 9 1 3 53 58 15 55 24 17 36
41 48 24 26 3 1 29 69 31 33 40 15 10 11 59 46 37 20 25 62 19 52 17 57 27 32 42 21 5 0 13 36 58 49 35 30 7 8 51 28 53 14 44 22 2 45 6 16 9 67 55 56 61 47 38 66 39 50 12 54 34 43 68 63 18 4 64 65 23 60
41 58 42 62 45 49 29 22 32 54 38 57 64 18 27 20 39 50 24 23 15 61 8 40 10 13 0 26 5 7 59 25 36 52 69 56 48 30 11 19 67 60 28 33 1 2 31 51 21 55 12 53 63 46 17 9 65 14 16 6 66 37 43 34 4 35 68 44 3 47
8 44 45 50 64 22 12 23 28 1 68 63 10 62 0 20 57 43 14 49 29 46 2 42 39 38 31 35 33 47 65 11 16 24 60 21 25 26 34 19 32 37 15 53 40 30 13 61 48 7 3 58 54 6 17 56 5 52 55 51 18 36 69 9 27 59 41 4 67 66
42 32 61 39 21 51 49 64 18 27 58 41 16 50 11 5 30 28 65 34 17 52 44 46 9 68 60 15 2 69 38 48 33 3 55 25 10 29 6 62 63 12 20 35 8 59 43 1 0 14 66 26 47 13 23 37 54 24 53 22 19 31 40 7 4 36 45 67 56 57
58 33 25 1 59 12 64 61 60 67 2 38 10 39 31 42 9 37 45 57 14 68 56 47 54 69 65 17 3 43 27 7 20 23 18 8 15 26 30 62 16 41 0 21 51 24 19 29 46 40 22 44 34 35 11 53 5 63 50 52 55 48 49 4 32 13 6 36 28 66
20 29 49 16 63 0 48 40 11 12 34 7 62 55 4 50 13 25 64 36 58 57 31 33 23 6 45 26 35 30 15 52 69 2 56 41 51 17 47 61 68 1 39 54 65 28 46 59 18 14 24 21 43 37 42 9 32 44 22 38 53 60 19 66 8 5 27 67 10 3
67 13 66 30 16 57 8 12 27 50 39 38 23 41 17 29 54 68 46 2 53 6 11 0 65 1 19 20 24 56 42 7 51 47 34 40 44 69 21 43 4 45 48 58 55 3 10 59 26 36 61 32 62 64 25 63 15 37 31 18 22 49 35 9 60 5 52 14 33 28
57 5 43 53 18 11 67 23 54 63 24 15 69 26 34 60 21 32 28 61 35 22 29 41 38 2 13 14 66 3 62 65 50 44 7 47 48 20 6 9 1 68 25 40 56 33 30 36 58 45 19 4 42 27 49 64 51 31 8 59 12 46 37 39 10 52 16 17 55 0
17 24 69 31 13 43 11 36 7 0 57 18 1 26 39 41 25 10 6 53 27 22 58 20 68 19 15 14 66 55 50 29 2 62 12 46 9 65 32 23 40 54 38 30 37 61 28 34 47 64 42 45 51 3 33 44 21 67 4 48 63 16 56 8 59 52 49 35 5 60
39 68 49 16 45 65 5 9 4 26 7 36 25 6 1 41 14 27 3 57 44 34 64 50 2 59 69 11 48 60 20 37 58 61 51 47 21 67 0 53 62 43 42 8 22 17 66 24 56 10 52 15 29 33 35 13 38 30 55 32 46 19 28 12 18 54 40 23 63 31
66 34 8 27 16 23 55 11 52 68 50 40 44 37 33 63 7 3 31 39 28 18 6 62 2 17 57 67 59 36 0 26 5 13 24 14 10 42 4 58 45 53 32 30 25 12 38 21 46 41 65 56 54 29 49 19 43 64 22 51 9 60 47 48 35 15 61 20 1 69
21 52 19 23 58 41 40 18 5 12 27 47 60 63 2 35 7 53 32 11 26 43 20 39 34 25 49 4 68 8 28 24 6 33 44 66 13 54 30 42 65 64 29 50 10 14 57 55 45 31 69 17 16 36 0 59 22 46 48 1 51 9 62 37 67 56 3 38 15 61
53 13 36 56 59 65 15 4 33 17 28 54 34 11 32 67 51 52 21 46 41 23 26 39 42 7 43 12 9 62 27 29 64 63 50 38 30 22 40 45 20 35 66 44 61 47 58 55 68 49 1 14 37 0 16 10 60 57 8 3 5 2 18 31 19 6 24 69 25 48
59 51 62 52 37 16 12 58 18 42 26 64 55 33 9 21 27 17 22 24 45 38 23 28 8 30 39 6 35 44 25 67 56 0 32 41 13 54 2 53 3 19 50 65 36 31 14 49 66 63 4 10 46 57 5 7 40 20 11 47 1 69 34 68 15 61 29 43 48 60
62 3 53 9 13 15 60 28 63 30 27 44 65 32 37 64 67 43 24 2 16 19 4 17 51 29 49 0 23 40 59 10 11 54 6 8 25 56 1 18 36 5 50 21 26 47 61 33 52 34 12 14 48 66 57 45 55 22 58 39 35 41 68 42 20 31 7 46 69 38
58 39 36 53 11 67 28 25 27 6 31 2 62 68 61 45 5 7 57 35 13 46 41 59 51 48 52 17 10 44 34 23 0 42 9 55 60 63 1 50 43 29 21 66 20 37 16 49 54 4 38 26 24 65 18 14 30 64 12 32 40 22 47 8 19 3 33 15 56 69
35 53 12 52 21 22 58 40 39 31 1 54 34 61 48 32 14 15 38 42 37 17 26 49 43 0 63 24 50 33 8 56 47 7 2 67 6 5 60 30 27 66 25 3 36 64 46 13 18 16 41 9 19 69 44 68 23 57 45 62 29 51 55 28 11 20 59 65 4 10
22 55 25 16 53 18 60 8 64 40 51 32 29 21 56 10 7 36 44 30 4 49 42 15 63 33 43 12 65 62 9 2 26 1 68 58 24 59 3 48 38 61 20 17 14 28 67 69 57 23 5 34 50 66 11 27 35 46 37 39 0 45 54 47 52 13 41 19 31 6
59 32 7 63 36 38 39 0 51 29 34 50 24 19 30 42 55 1 6 17 65 25 60 69 64 68 48 46 53 13 21 9 16 66 37 40 41 45 52 2 67 12 8 44 23 15 54 5 11 14 28 10 35 27 4 58 31 47 57 61 18 22 3 33 43 49 62 26 56 20
33 68 15 32 26 65 30 45 44 50 66 6 57 16 43 58 64 67 31 23 51 0 38 41 47 36 69 35 8 22 14 20 55 34 10 37 7 17 13 46 11 28 63 42 62 60 9 4 56 12 3 19 25 5 18 48 29 2 27 21 59 54 24 49 52 1 61 40 39 53
