23 42 8 62 26 47 0 60 17 43 13 61 66 46 4 54 21 45 12 51 30 41 3 63 20 40 16 31 69 49 7 59 25 37 10 55 28 39 1 64 18 36 14 58 67 44 5 53 22 34 11 57 29 38 2 52 19 35 15 32 68 33 6 56 24 48 9 65 27 50
1 60 19 47 14 61 66 46 5 53 23 43 12 52 65 45 4 62 22 42 17 41 69 40 8 63 26 31 10 51 28 30 2 54 20 39 15 50 67 37 6 55 24 36 11 49 29 38 3 58 21 35 16 57 68 34 7 48 25 33 9 56 27 32 0 59 18 44 13 64
65 47 4 62 21 43 12 61 29 41 3 54 20 46 16 42 69 40 8 60 25 45 10 50 27 31 1 63 18 30 14 51 67 39 6 55 23 36 11 58 28 38 2 53 19 44 15 37 68 35 7 59 24 34 9 57 26 33 0 52 17 32 13 56 66 48 5 64 22 49
13 61 30 42 4 62 21 47 17 43 69 41 8 54 25 46 10 60 27 45 1 63 19 40 15 50 67 49 6 51 23 31 11 58 28 37 2 55 20 39 16 36 68 38 7 53 24 44 9 59 26 34 0 52 18 35 14 57 66 33 5 56 22 32 12 64 29 48 3 65
20 47 15 43 68 42 7 53 25 41 9 61 27 46 1 62 18 40 13 60 66 31 5 50 23 29 10 63 28 30 2 59 19 39 14 36 67 37 6 54 24 44 8 55 26 38 0 51 17 35 12 58 65 34 4 57 22 33 11 56 64 32 3 52 21 45 16 48 69 49
8 61 26 42 11 62 28 47 1 53 19 43 15 54 67 46 5 60 23 41 12 63 29 40 2 50 20 45 16 51 68 31 6 55 24 37 9 59 27 39 0 58 18 36 14 49 66 44 4 57 22 34 13 52 30 38 3 56 21 35 17 33 69 32 7 64 25 48 10 65
27 42 1 62 18 47 14 60 67 43 6 61 23 46 11 54 29 45 3 63 20 41 15 49 68 40 7 51 24 31 9 59 26 37 0 55 17 39 13 64 66 36 5 58 22 44 12 53 30 34 4 52 21 38 16 33 69 35 8 57 25 32 10 56 28 48 2 65 19 50
15 61 67 47 6 53 23 42 11 62 28 43 2 54 20 46 16 52 68 40 7 50 24 41 9 63 26 31 0 51 18 30 13 55 65 39 4 58 22 37 12 59 29 36 3 49 21 44 17 38 69 34 8 57 25 35 10 48 27 33 1 56 19 32 14 60 66 45 5 64
22 42 11 61 29 47 2 62 19 43 15 46 68 41 6 54 24 45 8 60 26 40 0 63 17 49 13 51 66 31 4 59 21 37 12 58 30 39 3 55 20 36 16 44 69 38 7 53 25 34 9 64 27 35 1 52 18 33 14 57 67 32 5 56 23 48 10 65 28 50
2 61 20 47 15 53 68 42 7 62 25 43 9 54 27 46 0 60 18 40 13 50 66 41 5 63 23 45 12 59 30 31 4 58 22 39 17 37 69 36 8 55 26 38 10 51 28 44 1 64 19 35 14 57 67 34 6 52 24 33 11 56 29 32 3 65 21 48 16 49
68 47 7 62 24 42 9 61 26 43 0 60 17 46 13 54 65 41 4 63 21 40 12 50 29 31 3 51 20 30 16 45 69 39 8 55 25 37 10 58 27 36 1 59 18 44 14 53 66 38 5 52 22 35 11 57 28 33 2 56 19 32 15 34 67 48 6 64 23 49
9 62 26 42 0 60 18 47 14 61 66 43 5 54 22 46 13 50 30 45 4 63 21 41 17 40 69 49 8 51 25 31 11 55 28 37 2 59 19 39 15 58 67 36 6 53 23 44 12 57 29 34 3 52 20 38 16 35 68 33 7 56 24 32 10 64 27 48 1 65
18 47 13 60 66 46 4 61 22 43 11 53 64 29 3 52 21 42 16 40 69 41 7 62 25 31 9 63 27 30 1 51 19 39 14 54 67 37 5 50 23 36 10 55 28 38 2 49 20 35 15 58 68 34 6 57 24 33 8 48 26 32 0 56 17 45 12 59 65 44
4 61 22 42 12 62 30 47 3 54 21 43 17 41 69 46 8 60 26 45 10 63 28 40 1 50 19 49 15 51 67 31 6 58 24 37 11 55 29 39 2 53 20 36 16 38 68 44 7 59 25 34 9 52 27 35 0 57 18 33 14 56 66 32 5 64 23 48 13 65
30 42 4 61 21 47 16 41 69 43 8 53 25 46 10 62 27 44 1 60 18 40 14 63 67 45 6 50 23 31 11 59 28 37 2 54 19 39 15 55 68 36 7 58 24 38 9 51 26 34 0 64 17 35 13 52 66 33 5 57 22 32 12 56 29 48 3 65 20 49
16 47 68 42 7 53 25 43 10 61 27 41 1 62 19 46 14 60 66 40 5 50 23 31 11 63 28 29 2 51 20 30 15 39 67 37 6 54 24 36 9 55 26 44 0 49 18 38 13 58 65 35 4 57 22 34 12 56 64 33 3 52 21 32 17 48 69 45 8 59
25 42 10 61 28 47 1 62 18 43 14 53 67 46 5 54 22 41 11 60 29 40 2 63 19 45 15 50 68 31 6 59 23 37 8 55 26 39 0 64 17 36 13 58 66 44 4 51 21 34 12 57 30 38 3 52 20 35 16 32 69 33 7 56 24 48 9 65 27 49
1 62 19 47 14 61 67 42 6 60 24 43 11 54 29 46 3 50 21 41 16 45 68 40 7 63 25 49 9 51 27 31 0 55 18 39 13 58 66 37 5 59 23 36 12 53 30 44 4 57 22 38 17 34 69 35 8 52 26 33 10 56 28 32 2 64 20 48 15 65
67 47 6 62 23 43 11 61 28 41 2 54 19 46 15 42 68 40 7 60 24 45 9 50 26 31 0 63 17 30 13 51 65 39 4 55 21 36 12 58 29 38 3 53 20 44 16 37 69 35 8 59 25 34 10 57 27 33 1 52 18 32 14 56 66 48 5 64 22 49
12 53 29 42 3 61 20 47 16 43 68 41 7 62 24 46 9 60 26 31 0 63 18 40 14 50 66 45 5 51 22 30 13 54 65 39 4 58 21 38 17 37 69 36 8 55 25 44 10 57 27 34 1 52 19 35 15 49 67 33 6 56 23 32 11 59 28 48 2 64
19 47 14 61 67 42 6 53 24 43 8 62 26 46 0 54 17 40 12 60 65 41 4 50 22 31 11 63 29 30 3 59 21 39 16 36 69 37 7 58 25 38 9 55 27 44 1 51 18 35 13 64 66 34 5 57 23 33 10 52 28 32 2 56 20 45 15 48 68 49
7 61 25 42 10 60 27 47 0 53 18 43 14 62 66 46 4 50 22 44 13 63 30 41 3 51 21 40 17 45 69 31 8 54 26 37 11 55 28 39 1 58 19 36 15 49 67 38 5 59 23 34 12 52 29 35 2 57 20 33 16 56 68 32 6 64 24 48 9 65
26 42 0 62 17 47 13 60 66 43 5 61 22 46 12 54 30 45 4 63 21 41 16 49 69 40 8 51 25 31 10 59 28 37 2 55 19 39 14 64 67 36 6 58 23 44 11 53 29 34 3 52 20 38 15 33 68 35 7 57 24 32 9 56 27 48 1 65 18 50
14 61 66 47 5 53 22 42 12 52 29 43 3 62 21 46 17 41 69 44 8 50 25 40 10 63 27 31 1 51 19 30 15 54 67 39 6 58 23 37 11 55 28 36 2 49 20 38 16 59 68 35 7 57 24 34 9 48 26 33 0 56 18 32 13 60 65 45 4 64
21 42 11 61 29 47 3 62 20 43 16 46 69 41 7 54 25 45 9 60 27 40 1 63 18 49 14 51 67 31 5 59 23 37 10 58 28 39 2 55 19 36 15 44 68 38 6 53 24 34 8 64 26 35 0 52 17 33 13 57 66 32 4 56 22 48 12 65 30 50
4 53 22 47 17 42 69 43 8 61 26 41 10 62 28 46 1 60 19 40 14 50 67 44 6 63 24 45 11 59 29 31 2 54 20 39 15 58 68 37 7 55 25 36 9 51 27 38 0 64 18 35 13 57 66 34 5 52 23 33 12 56 30 32 3 65 21 48 16 49
68 47 7 61 24 42 10 53 27 43 1 60 18 46 14 62 66 41 5 63 22 40 11 50 28 29 2 51 19 30 15 31 67 39 6 54 23 37 9 58 26 44 0 55 17 38 13 49 65 35 4 57 21 36 12 56 64 34 3 52 20 32 16 33 69 48 8 59 25 45
11 61 28 42 2 62 19 47 15 53 67 43 6 54 23 46 12 60 29 41 3 63 20 40 16 50 68 45 7 51 24 31 9 55 26 37 0 59 18 39 14 58 66 36 5 49 22 44 13 57 30 34 4 52 21 38 17 35 69 33 8 56 25 32 10 64 27 48 1 65
18 47 13 62 66 42 5 61 23 43 10 60 28 46 2 54 20 41 15 40 68 45 6 50 24 31 8 63 26 30 0 51 17 39 12 55 65 37 4 58 22 36 11 59 29 44 3 53 21 38 16 35 69 34 7 57 25 33 9 52 27 32 1 56 19 49 14 64 67 48
6 61 24 42 11 62 29 47 2 53 20 43 16 54 68 46 7 60 25 41 9 63 27 40 0 50 18 45 14 51 66 31 4 58 22 37 13 55 30 39 3 49 21 36 17 38 69 44 8 59 26 34 10 52 28 35 1 57 19 33 15 56 67 32 5 64 23 48 12 65
29 42 3 62 20 47 15 41 68 43 7 61 24 46 9 54 26 45 0 60 17 40 13 63 66 49 5 51 22 31 12 59 30 37 4 55 21 39 16 38 69 36 8 58 25 44 10 53 27 34 1 64 18 35 14 52 67 33 6 57 23 32 11 56 28 48 2 65 19 50
15 61 67 47 6 53 24 42 9 62 26 43 0 54 18 46 13 60 65 40 4 50 22 41 12 63 29 31 3 51 21 30 17 39 69 37 8 58 25 36 10 55 27 38 1 49 19 44 14 59 66 35 5 57 23 34 11 52 28 33 2 56 20 32 16 48 68 45 7 64
24 42 9 62 27 47 0 60 17 43 13 61 66 46 4 54 21 45 12 51 30 41 3 63 20 40 16 31 69 49 7 59 25 37 10 55 28 39 1 64 18 36 14 58 67 44 5 53 22 34 11 57 29 38 2 52 19 35 15 32 68 33 6 56 23 48 8 65 26 50
0 62 18 47 13 61 66 42 5 60 23 43 12 54 30 46 4 50 22 41 17 45 69 40 8 63 26 49 10 51 28 31 2 55 20 39 15 58 67 37 6 59 24 36 11 53 29 44 3 57 21 38 16 34 68 35 7 52 25 33 9 56 27 32 1 64 19 48 14 65
66 47 5 61 22 46 12 53 64 42 3 60 20 29 16 43 69 40 8 52 25 41 10 62 27 31 1 63 18 30 14 51 67 39 6 54 23 37 11 50 28 36 2 55 19 38 15 49 68 35 7 58 24 34 9 57 26 33 0 48 17 32 13 56 65 44 4 59 21 45
12 61 29 42 3 62 21 47 17 43 69 41 8 54 25 46 10 60 27 45 1 63 19 40 15 50 67 49 6 51 23 31 11 58 28 37 2 55 20 39 16 36 68 38 7 53 24 44 9 59 26 34 0 52 18 35 14 57 66 33 5 56 22 32 13 64 30 48 4 65
21 47 16 43 69 42 7 53 25 41 9 61 27 46 1 62 18 40 13 60 66 44 5 50 23 31 10 63 28 30 2 59 19 39 14 54 67 37 6 58 24 36 8 55 26 38 0 51 17 35 12 64 65 34 4 57 22 33 11 52 29 32 3 56 20 45 15 48 68 49
7 62 25 42 10 60 28 47 1 61 19 43 15 54 67 46 5 50 23 45 12 63 29 41 2 51 20 40 16 49 68 31 6 55 24 37 9 59 27 39 0 58 18 36 14 53 66 44 4 57 22 34 13 52 30 38 3 56 21 35 17 33 69 32 8 64 26 48 11 65
28 42 2 61 19 47 14 62 67 43 6 53 23 46 11 54 29 41 3 60 20 40 15 63 68 45 7 50 24 31 9 59 26 37 0 55 17 39 13 64 66 36 5 58 22 44 12 51 30 34 4 52 21 38 16 33 69 35 8 57 25 32 10 56 27 48 1 65 18 49
14 62 66 47 5 61 23 42 11 52 28 43 2 54 20 46 16 41 68 45 7 50 24 40 9 63 26 31 0 51 18 30 13 55 65 39 4 58 22 37 12 59 29 36 3 53 21 44 17 38 69 34 8 57 25 35 10 49 27 33 1 56 19 32 15 60 67 48 6 64
23 42 10 61 28 47 2 62 19 43 15 53 68 46 6 54 24 41 8 60 26 40 0 63 17 45 13 50 66 31 4 59 21 37 12 58 30 39 3 55 20 36 16 44 69 38 7 51 25 34 9 64 27 35 1 52 18 33 14 57 67 32 5 56 22 48 11 65 29 49
3 61 21 47 16 42 68 43 7 62 25 45 9 54 27 46 0 53 18 40 13 60 66 41 5 51 23 31 12 63 65 30 4 50 22 39 17 37 69 36 8 55 26 38 10 49 28 44 1 58 19 35 14 57 67 34 6 52 24 33 11 56 29 32 2 59 20 48 15 64
67 47 6 62 23 42 9 61 26 43 0 60 17 46 13 54 65 41 4 63 21 40 12 50 29 31 3 51 20 30 16 45 69 39 8 55 25 37 10 58 27 36 1 59 18 44 14 53 66 38 5 52 22 35 11 57 28 33 2 56 19 32 15 34 68 48 7 64 24 49
10 61 27 42 1 60 18 47 14 53 66 43 5 62 22 46 13 50 30 44 4 63 21 41 17 40 69 45 8 51 25 31 11 54 28 37 2 55 19 39 15 58 67 36 6 49 23 38 12 59 29 34 3 52 20 35 16 57 68 33 7 56 24 32 9 64 26 48 0 65
17 47 12 62 65 42 4 61 22 43 11 60 29 46 3 54 21 41 16 40 69 45 7 50 25 31 9 63 27 30 1 51 19 39 14 55 67 37 5 58 23 36 10 59 28 44 2 53 20 38 15 35 68 34 6 57 24 33 8 52 26 32 0 56 18 49 13 64 66 48
5 61 23 47 13 53 65 46 3 60 21 42 17 43 69 45 8 52 26 41 10 63 28 40 1 62 19 31 15 51 67 30 6 54 24 37 11 55 29 39 2 50 20 36 16 49 68 38 7 58 25 34 9 48 27 35 0 57 18 33 14 56 66 32 4 59 22 44 12 64
29 42 3 62 20 47 16 41 69 43 8 61 25 46 10 54 27 45 1 60 18 40 14 63 67 49 6 51 23 31 11 59 28 37 2 55 19 39 15 38 68 36 7 58 24 44 9 53 26 34 0 64 17 35 13 52 66 33 5 57 22 32 12 56 30 48 4 65 21 50
17 47 69 42 8 61 25 43 10 62 27 41 1 54 19 46 14 60 66 40 5 50 23 45 11 63 28 31 2 51 20 30 15 39 67 37 6 58 24 36 9 55 26 38 0 53 18 44 13 59 65 35 4 57 22 34 12 52 29 33 3 56 21 32 16 48 68 49 7 64
24 42 9 61 27 47 1 60 18 43 14 53 67 46 5 62 22 31 11 50 29 41 2 63 19 40 15 30 68 45 6 59 23 37 8 54 26 39 0 55 17 44 13 58 66 38 4 51 21 35 12 57 65 36 3 56 20 34 16 32 69 33 7 52 25 48 10 64 28 49
2 61 20 47 15 53 67 42 6 62 24 43 11 54 29 46 3 60 21 40 16 50 68 41 7 63 25 45 9 51 27 31 0 55 18 39 13 58 66 37 5 59 23 36 12 49 30 44 4 57 22 38 17 34 69 35 8 52 26 33 10 56 28 32 1 64 19 48 14 65
66 47 5 62 22 43 11 61 28 41 2 54 19 46 15 42 68 40 7 60 24 45 9 50 26 31 0 63 17 30 13 51 65 39 4 55 21 36 12 58 29 38 3 53 20 44 16 37 69 35 8 59 25 34 10 57 27 33 1 52 18 32 14 56 67 48 6 64 23 49
11 61 28 42 2 62 20 47 16 53 68 43 7 54 24 46 9 60 26 41 0 63 18 40 14 50 66 45 5 51 22 31 13 58 30 37 4 55 21 39 17 36 69 38 8 49 25 44 10 59 27 34 1 52 19 35 15 57 67 33 6 56 23 32 12 64 29 48 3 65
20 47 15 43 68 42 6 61 24 41 8 62 26 46 0 54 17 40 12 60 65 45 4 50 22 31 11 63 29 30 3 51 21 39 16 36 69 37 7 58 25 38 9 55 27 44 1 53 18 35 13 59 66 34 5 57 23 33 10 52 28 32 2 56 19 49 14 64 67 48
6 62 24 42 9 60 27 47 0 61 18 43 14 54 66 46 4 50 22 45 13 63 30 41 3 51 21 40 17 49 69 31 8 55 26 37 11 59 28 39 1 58 19 36 15 53 67 44 5 57 23 34 12 52 29 38 2 56 20 35 16 33 68 32 7 64 25 48 10 65
27 42 1 61 18 47 13 60 66 43 5 53 22 46 12 62 30 44 4 63 21 41 16 45 69 40 8 50 25 31 10 59 28 37 2 54 19 39 14 55 67 36 6 58 23 38 11 51 29 34 3 64 20 35 15 52 68 33 7 57 24 32 9 56 26 48 0 65 17 49
13 62 65 47 4 61 22 42 12 52 29 43 3 54 21 46 17 41 69 45 8 50 25 40 10 63 27 31 1 51 19 30 15 55 67 39 6 58 23 37 11 59 28 36 2 53 20 44 16 38 68 34 7 57 24 35 9 49 26 33 0 56 18 32 14 60 66 48 5 64
22 47 12 61 65 46 3 53 20 42 16 45 69 43 7 60 25 41 9 52 27 40 1 63 18 31 14 62 67 30 5 59 23 37 10 54 28 39 2 55 19 36 15 50 68 38 6 51 24 34 8 58 26 35 0 49 17 33 13 57 66 32 4 56 21 44 11 64 29 48
3 61 21 47 16 42 69 43 8 62 26 41 10 54 28 46 1 60 19 40 14 51 67 45 6 63 24 49 11 59 29 31 2 58 20 39 15 37 68 36 7 55 25 38 9 53 27 44 0 64 18 35 13 57 66 34 5 52 23 33 12 56 30 32 4 65 22 48 17 50
69 47 8 61 25 42 10 53 27 43 1 62 18 46 14 54 66 40 5 60 22 41 11 50 28 31 2 63 19 30 15 51 67 39 6 55 23 37 9 58 26 36 0 59 17 44 13 49 65 38 4 52 21 35 12 57 29 33 3 56 20 32 16 34 68 48 7 64 24 45
10 61 27 42 1 60 19 47 15 53 67 43 6 62 23 46 12 50 29 31 3 63 20 41 16 40 68 45 7 51 24 30 9 54 26 37 0 55 18 39 14 58 66 44 5 49 22 38 13 57 65 35 4 56 21 36 17 34 69 33 8 52 25 32 11 59 28 48 2 64
19 47 14 61 67 42 5 53 23 43 10 62 28 46 2 54 20 40 15 60 68 41 6 50 24 31 8 63 26 30 0 51 17 39 12 55 65 37 4 58 22 36 11 59 29 44 3 49 21 38 16 35 69 34 7 57 25 33 9 52 27 32 1 56 18 45 13 64 66 48
5 61 23 42 12 62 29 47 2 54 20 43 16 41 68 46 7 60 25 45 9 63 27 40 0 50 18 49 14 51 66 31 4 58 22 37 13 55 30 39 3 53 21 36 17 38 69 44 8 59 26 34 10 52 28 35 1 57 19 33 15 56 67 32 6 64 24 48 11 65
28 42 2 62 19 47 15 41 68 43 7 61 24 46 9 54 26 45 0 60 17 40 13 63 66 49 5 51 22 31 12 59 30 37 4 55 21 39 16 38 69 36 8 58 25 44 10 53 27 34 1 64 18 35 14 52 67 33 6 57 23 32 11 56 29 48 3 65 20 50
16 47 68 42 7 61 24 43 9 62 26 29 0 54 18 46 13 53 65 40 4 52 22 41 12 51 64 31 3 63 21 30 17 39 69 37 8 50 25 36 10 55 27 38 1 49 19 44 14 58 66 35 5 57 23 34 11 48 28 33 2 56 20 32 15 60 67 45 6 59
23 42 8 62 26 47 0 60 17 43 13 61 66 46 4 54 21 45 12 51 30 41 3 63 20 40 16 31 69 49 7 59 25 37 10 55 28 39 1 64 18 36 14 58 67 44 5 53 22 34 11 57 29 38 2 52 19 35 15 32 68 33 6 56 24 48 9 65 27 50
1 61 19 47 14 53 66 42 5 60 23 43 12 62 30 46 4 50 22 41 17 44 69 40 8 63 26 45 10 51 28 31 2 54 20 39 15 58 67 37 6 55 24 36 11 49 29 38 3 59 21 35 16 57 68 34 7 52 25 33 9 56 27 32 0 64 18 48 13 65
65 47 4 62 21 43 12 61 29 41 3 54 20 46 16 42 69 40 8 60 25 45 10 50 27 31 1 63 18 30 14 51 67 39 6 55 23 36 11 58 28 38 2 53 19 44 15 37 68 35 7 59 24 34 9 57 26 33 0 52 17 32 13 56 66 48 5 64 22 49
13 53 30 42 4 61 21 47 17 43 69 41 8 62 25 46 10 60 27 44 1 63 19 40 15 50 67 45 6 51 23 31 11 54 28 37 2 55 20 39 16 58 68 36 7 49 24 38 9 59 26 34 0 52 18 35 14 57 66 33 5 56 22 32 12 64 29 48 3 65
20 47 15 43 68 42 7 61 25 41 9 62 27 46 1 54 18 40 13 60 66 45 5 51 23 31 10 63 28 30 2 59 19 39 14 36 67 37 6 58 24 38 8 55 26 44 0 53 17 35 12 64 65 34 4 57 22 33 11 52 29 32 3 56 21 49 16 48 69 50
8 61 26 42 11 62 28 47 1 53 19 43 15 54 67 46 5 60 23 41 12 63 29 40 2 50 20 45 16 51 68 31 6 55 24 37 9 59 27 39 0 58 18 36 14 49 66 44 4 57 22 34 13 52 30 38 3 56 21 35 17 33 69 32 7 64 25 48 10 65
27 42 1 61 18 47 14 60 67 43 6 53 23 46 11 62 29 31 3 63 20 41 15 45 68 40 7 50 24 30 9 59 26 37 0 54 17 39 13 55 66 44 5 58 22 38 12 51 65 35 4 57 21 36 16 34 69 33 8 56 25 32 10 52 28 48 2 64 19 49
15 61 67 47 6 53 23 42 11 62 28 43 2 54 20 46 16 52 68 40 7 50 24 41 9 63 26 31 0 51 18 30 13 55 65 39 4 58 22 37 12 59 29 36 3 49 21 44 17 38 69 34 8 57 25 35 10 48 27 33 1 56 19 32 14 60 66 45 5 64
22 42 11 61 29 47 2 62 19 43 15 46 68 41 6 54 24 45 8 60 26 40 0 63 17 49 13 51 66 31 4 59 21 37 12 58 30 39 3 55 20 36 16 44 69 38 7 53 25 34 9 64 27 35 1 52 18 33 14 57 67 32 5 56 23 48 10 65 28 50
2 61 20 47 15 53 68 42 7 62 25 43 9 54 27 46 0 60 18 40 13 50 66 41 5 63 23 45 12 59 30 31 4 58 22 39 17 37 69 36 8 55 26 38 10 51 28 44 1 64 19 35 14 57 67 34 6 52 24 33 11 56 29 32 3 65 21 48 16 49
68 47 7 61 24 42 9 53 26 29 0 60 17 46 13 62 65 40 4 52 21 43 12 51 64 41 3 63 20 30 16 31 69 39 8 54 25 37 10 50 27 36 1 55 18 38 14 49 66 35 5 58 22 34 11 57 28 33 2 48 19 32 15 56 67 44 6 59 23 45
9 62 26 42 0 60 18 47 14 61 66 43 5 54 22 46 13 50 30 45 4 63 21 41 17 40 69 49 8 51 25 31 11 55 28 37 2 59 19 39 15 58 67 36 6 53 23 44 12 57 29 34 3 52 20 38 16 35 68 33 7 56 24 32 10 64 27 48 1 65
18 47 13 62 66 42 4 61 22 43 11 60 29 46 3 54 21 41 16 40 69 45 7 50 25 31 9 63 27 30 1 51 19 39 14 55 67 37 5 58 23 36 10 59 28 44 2 53 20 38 15 35 68 34 6 57 24 33 8 52 26 32 0 56 17 49 12 64 65 48
4 61 22 42 12 62 30 47 3 54 21 43 17 41 69 46 8 60 26 45 10 63 28 40 1 50 19 49 15 51 67 31 6 58 24 37 11 55 29 39 2 53 20 36 16 38 68 44 7 59 25 34 9 52 27 35 0 57 18 33 14 56 66 32 5 64 23 48 13 65
65 47 4 61 21 46 16 42 69 43 8 53 25 45 10 60 27 41 1 52 18 40 14 63 67 31 6 62 23 30 11 59 28 37 2 54 19 39 15 55 68 36 7 50 24 38 9 51 26 34 0 58 17 35 13 49 66 33 5 57 22 32 12 56 29 44 3 64 20 48
16 47 68 42 7 61 25 43 10 62 27 41 1 54 19 46 14 60 66 40 5 50 23 45 11 63 28 31 2 51 20 30 15 39 67 37 6 58 24 36 9 55 26 38 0 53 18 44 13 59 65 35 4 57 22 34 12 52 29 33 3 56 21 32 17 48 69 49 8 64
25 42 10 61 28 47 1 62 18 43 14 53 67 46 5 54 22 41 11 60 29 40 2 63 19 45 15 50 68 31 6 59 23 37 8 55 26 39 0 64 17 36 13 58 66 44 4 51 21 34 12 57 30 38 3 52 20 35 16 32 69 33 7 56 24 48 9 65 27 49
1 62 19 47 14 61 67 42 6 60 24 43 11 54 29 46 3 50 21 41 16 45 68 40 7 63 25 49 9 51 27 31 0 55 18 39 13 58 66 37 5 59 23 36 12 53 30 44 4 57 22 38 17 34 69 35 8 52 26 33 10 56 28 32 2 64 20 48 15 65
67 47 6 61 23 42 11 53 28 43 2 62 19 46 15 54 68 40 7 60 24 41 9 50 26 31 0 63 17 30 13 51 65 39 4 55 21 36 12 58 29 38 3 49 20 44 16 37 69 35 8 59 25 34 10 57 27 33 1 52 18 32 14 56 66 48 5 64 22 45
12 61 29 42 3 62 20 47 16 43 68 41 7 54 24 46 9 60 26 45 0 63 18 40 14 50 66 49 5 51 22 31 13 58 30 37 4 55 21 39 17 36 69 38 8 53 25 44 10 59 27 34 1 52 19 35 15 57 67 33 6 56 23 32 11 64 28 48 2 65
19 47 14 61 67 42 6 53 24 43 8 62 26 46 0 54 17 40 12 60 65 41 4 50 22 31 11 63 29 30 3 59 21 39 16 36 69 37 7 58 25 38 9 55 27 44 1 51 18 35 13 64 66 34 5 57 23 33 10 52 28 32 2 56 20 45 15 48 68 49
7 61 25 42 10 60 27 47 0 53 18 45 14 62 66 46 4 52 22 40 13 51 65 43 3 63 21 41 17 31 69 30 8 54 26 37 11 55 28 39 1 50 19 36 15 49 67 38 5 58 23 34 12 48 29 35 2 57 20 33 16 56 68 32 6 59 24 44 9 64
26 42 0 62 17 47 13 60 66 43 5 61 22 46 12 54 30 45 4 63 21 41 16 49 69 40 8 51 25 31 10 59 28 37 2 55 19 39 14 64 67 36 6 58 23 44 11 53 29 34 3 52 20 38 15 33 68 35 7 57 24 32 9 56 27 48 1 65 18 50
14 61 66 47 5 53 22 42 12 52 29 43 3 62 21 46 17 41 69 44 8 50 25 40 10 63 27 31 1 51 19 30 15 54 67 39 6 58 23 37 11 55 28 36 2 49 20 38 16 59 68 35 7 57 24 34 9 48 26 33 0 56 18 32 13 60 65 45 4 64
21 42 11 61 29 47 3 62 20 43 16 46 69 41 7 54 25 45 9 60 27 40 1 63 18 49 14 51 67 31 5 59 23 37 10 58 28 39 2 55 19 36 15 44 68 38 6 53 24 34 8 64 26 35 0 52 17 33 13 57 66 32 4 56 22 48 12 65 30 50
4 53 22 47 17 42 69 43 8 61 26 41 10 62 28 46 1 60 19 40 14 50 67 44 6 63 24 45 11 59 29 31 2 54 20 39 15 58 68 37 7 55 25 36 9 51 27 38 0 64 18 35 13 57 66 34 5 52 23 33 12 56 30 32 3 65 21 48 16 49
68 47 7 62 24 42 10 61 27 43 1 60 18 46 14 54 66 41 5 63 22 40 11 50 28 31 2 51 19 30 15 45 67 39 6 55 23 37 9 58 26 36 0 59 17 44 13 53 65 38 4 52 21 35 12 57 29 33 3 56 20 32 16 34 69 48 8 64 25 49
11 62 28 42 2 60 19 47 15 61 67 43 6 54 23 46 12 50 29 45 3 63 20 41 16 40 68 49 7 51 24 31 9 55 26 37 0 59 18 39 14 58 66 36 5 53 22 44 13 57 30 34 4 52 21 38 17 35 69 33 8 56 25 32 10 64 27 48 1 65
18 47 13 61 66 42 5 53 23 43 10 60 28 46 2 62 20 41 15 40 68 31 6 50 24 29 8 63 26 30 0 51 17 39 12 55 65 38 4 54 22 36 11 58 64 44 3 57 21 37 16 35 69 34 7 49 25 33 9 52 27 32 1 56 19 45 14 59 67 48
6 61 24 42 11 62 29 47 2 53 20 43 16 54 68 46 7 60 25 41 9 63 27 40 0 50 18 45 14 51 66 31 4 58 22 37 13 55 30 39 3 49 21 36 17 38 69 44 8 59 26 34 10 52 28 35 1 57 19 33 15 56 67 32 5 64 23 48 12 65
29 42 3 62 20 47 15 41 68 43 7 61 24 46 9 54 26 45 0 60 17 40 13 63 66 49 5 51 22 31 12 59 30 37 4 55 21 39 16 38 69 36 8 58 25 44 10 53 27 34 1 64 18 35 14 52 67 33 6 57 23 32 11 56 28 48 2 65 19 50
15 61 67 47 6 53 24 42 9 62 26 43 0 54 18 46 13 60 65 40 4 50 22 41 12 63 29 31 3 51 21 30 17 39 69 37 8 58 25 36 10 55 27 38 1 49 19 44 14 59 66 35 5 57 23 34 11 52 28 33 2 56 20 32 16 48 68 45 7 64
24 42 9 61 27 47 0 60 17 43 13 53 66 46 4 62 21 44 12 50 30 41 3 63 20 40 16 31 69 45 7 59 25 37 10 54 28 39 1 55 18 36 14 58 67 38 5 51 22 34 11 64 29 35 2 52 19 33 15 57 68 32 6 56 23 48 8 65 26 49
0 62 18 47 13 61 66 42 5 60 23 43 12 54 30 46 4 50 22 41 17 45 69 40 8 63 26 49 10 51 28 31 2 55 20 39 15 58 67 37 6 59 24 36 11 53 29 44 3 57 21 38 16 34 68 35 7 52 25 33 9 56 27 32 1 64 19 48 14 65
66 47 5 61 22 43 12 53 29 41 3 62 20 46 16 42 69 40 8 60 25 44 10 50 27 31 1 63 18 30 14 51 67 39 6 54 23 37 11 58 28 36 2 55 19 38 15 49 68 35 7 59 24 34 9 57 26 33 0 52 17 32 13 56 65 48 4 64 21 45
12 61 29 42 3 62 21 47 17 43 69 41 8 54 25 46 10 52 27 45 1 63 19 40 15 50 67 31 6 51 23 30 11 58 28 37 2 55 20 39 16 36 68 38 7 53 24 44 9 59 26 34 0 49 18 35 14 57 66 33 5 56 22 32 13 60 65 48 4 64
