48 46 31 54 35 15 23 1 34 52 37 50 53 51 17 58 41 75 68 6 39 64 59 33 63 24 11 70 12 5 27 72 45 28 16 47 71 29 44 55 60 10 25 13 14 43 30 18 66 73 36 4 32 40 20 74 19 38 69 49 7 56 65 67 9 21 62 26 2 8 0 61 42 3 22 57
71 75 12 7 44 26 20 19 16 38 60 40 21 61 54 39 51 30 58 4 52 55 62 45 50 42 49 5 9 29 17 25 69 36 47 23 72 32 0 33 73 56 34 35 11 1 31 28 48 53 64 59 18 22 41 3 67 27 66 6 74 70 43 10 68 24 37 63 13 46 57 65 15 2 8 14
73 29 28 34 38 40 0 49 12 46 57 27 41 50 44 68 72 45 63 24 25 11 6 26 56 32 54 18 7 55 20 8 36 21 69 51 60 35 65 61 70 16 31 13 59 52 58 62 66 15 17 67 30 33 5 19 2 9 53 1 14 48 3 47 10 37 4 74 22 64 43 23 39 42 75 71
0 75 56 67 49 26 55 21 7 70 39 36 58 16 13 11 41 48 6 65 47 20 29 25 22 63 1 8 19 69 68 42 37 71 34 46 57 31 12 24 28 9 43 38 30 51 64 32 2 40 3 18 53 74 15 72 59 45 62 10 61 4 5 66 27 73 23 52 33 54 44 60 17 14 35 50
0 29 75 66 40 38 20 70 45 25 28 37 22 31 30 35 13 71 64 42 34 3 63 49 48 56 41 1 50 60 58 16 27 33 26 62 11 69 72 8 6 15 52 54 51 65 55 18 5 68 14 24 61 57 46 36 10 53 19 43 47 4 9 7 23 32 59 67 2 17 21 74 44 73 39 12
43 1 28 49 7 34 3 44 73 38 2 50 63 14 27 25 53 21 51 65 47 52 71 57 0 32 12 59 64 74 61 33 41 26 37 48 58 19 31 56 35 11 17 72 10 40 30 22 55 67 5 66 20 15 6 45 9 18 42 13 70 24 46 23 62 75 69 4 29 39 36 68 8 54 60 16
2 3 49 0 66 24 44 54 8 62 42 26 19 4 32 23 48 30 41 55 14 38 51 69 25 74 34 15 18 63 71 6 1 33 7 9 39 59 40 58 17 36 67 11 50 75 43 35 64 60 72 29 47 45 56 16 13 70 12 37 52 65 31 20 27 28 5 57 53 73 22 21 61 46 68 10
21 53 10 32 12 23 3 45 7 39 65 50 57 42 6 66 1 67 20 38 25 54 8 36 48 34 62 58 27 19 29 22 72 37 31 18 4 15 73 24 11 35 69 52 59 44 55 0 64 41 13 26 56 2 47 63 5 71 61 46 43 51 74 30 60 70 28 40 33 9 49 68 75 17 16 14
20 23 69 72 56 52 17 74 7 14 60 46 30 28 25 4 50 73 12 62 36 63 39 43 8 31 57 18 27 3 11 22 42 41 58 61 33 15 59 0 19 2 35 6 66 47 37 38 9 1 10 29 55 54 32 49 51 34 65 48 44 64 75 67 68 70 16 13 53 40 24 71 45 21 26 5
24 11 50 32 4 15 26 9 33 8 37 69 44 66 36 64 21 20 7 28 29 55 58 17 52 70 62 48 0 54 61 34 47 16 10 2 23 30 71 41 75 65 45 42 72 43 46 5 22 3 57 51 18 12 13 59 56 63 49 6 25 1 31 60 39 40 38 68 67 35 73 14 27 74 53 19
63 12 67 58 49 34 59 22 25 60 19 48 21 39 71 42 30 10 5 33 27 1 55 37 17 9 41 0 32 16 44 23 43 6 68 73 62 31 13 46 20 26 3 65 54 36 56 24 52 2 75 51 45 7 69 8 70 66 11 61 28 14 40 35 15 4 57 47 64 18 50 29 74 53 38 72
17 19 7 22 43 55 35 48 73 12 14 31 9 74 29 25 44 10 6 58 70 4 66 11 52 45 34 62 28 27 46 67 16 51 36 1 5 13 32 21 37 63 71 49 15 56 39 20 3 69 42 68 18 2 50 30 47 59 60 41 33 8 65 23 54 26 61 40 53 24 64 75 72 57 0 38
45 4 72 36 8 73 64 56 54 3 32 5 55 12 7 39 34 61 66 48 22 47 15 26 44 30 60 23 65 31 53 41 27 11 14 16 21 0 1 10 57 46 37 33 74 29 75 38 50 71 69 62 43 49 40 25 59 68 18 35 67 17 9 2 13 24 63 20 6 28 70 51 42 52 19 58
28 21 61 25 47 10 20 12 72 6 0 5 50 65 45 31 42 55 59 51 22 74 2 33 4 63 30 49 19 34 71 68 75 16 1 60 13 26 57 56 11 41 8 32 36 35 38 52 15 40 14 58 46 23 67 3 27 44 37 64 29 24 66 54 17 53 69 7 43 39 73 48 62 70 18 9
7 26 70 31 52 57 27 50 22 56 11 49 71 68 35 38 1 14 75 2 60 51 64 23 40 3 44 30 46 32 4 58 63 59 66 33 28 54 0 48 62 9 18 45 24 53 55 19 74 42 73 13 10 37 25 72 17 43 69 12 6 61 34 67 41 39 65 16 20 15 29 47 5 8 36 21
60 37 19 70 8 48 5 10 6 64 42 12 25 67 30 63 31 45 23 4 66 11 26 72 3 73 56 62 46 49 75 41 61 68 69 65 58 9 24 22 2 44 55 13 57 50 29 40 53 51 47 18 71 0 38 33 52 35 17 36 32 28 43 21 7 15 1 20 27 74 54 16 59 34 39 14
71 10 49 13 7 75 51 8 15 24 29 21 47 65 34 40 30 18 36 11 4 67 28 17 37 32 50 35 73 27 26 3 61 69 16 25 12 44 19 14 20 52 55 45 59 38 22 23 2 1 41 9 74 42 46 58 66 70 64 57 31 6 56 63 68 43 54 0 5 72 48 60 62 53 39 33
69 4 31 6 37 71 53 54 34 42 58 11 14 48 12 29 55 62 19 21 28 15 9 26 70 35 17 18 73 64 32 24 68 61 57 59 39 72 30 25 27 65 40 5 67 66 3 16 0 46 23 22 20 36 56 2 13 60 10 8 63 7 74 38 51 41 43 50 33 1 75 49 44 47 45 52
64 14 43 50 45 68 24 17 15 41 60 9 3 56 49 37 46 35 52 39 20 40 21 58 53 5 26 63 11 71 25 31 0 66 72 75 51 55 42 67 32 27 59 12 16 74 73 30 29 13 57 1 4 18 19 28 2 36 62 70 54 10 69 65 22 6 44 47 23 7 48 38 8 33 61 34
72 1 46 51 41 66 45 4 58 20 50 48 61 36 16 11 54 71 35 5 68 39 38 60 9 49 17 62 19 67 14 69 57 26 22 28 52 7 0 63 37 44 33 23 47 73 34 65 43 15 42 56 40 70 25 24 75 12 30 31 10 32 8 21 2 53 3 59 55 64 6 27 18 29 13 74
21 15 65 11 12 28 71 59 61 69 33 20 45 50 66 75 63 67 52 5 8 6 38 42 55 40 27 51 4 9 68 62 56 57 37 18 25 7 17 46 29 70 30 64 44 54 3 36 31 0 49 43 26 48 41 24 2 16 19 1 23 53 14 35 34 72 60 13 74 39 73 47 22 10 32 58
19 42 37 20 41 70 55 32 47 48 73 25 66 36 21 29 22 43 49 0 1 68 71 54 23 46 65 7 62 24 3 38 40 39 44 52 10 30 74 64 15 34 72 53 28 35 75 51 11 50 4 63 45 9 56 67 12 57 59 6 26 18 5 8 27 31 14 33 61 58 16 69 60 2 13 17
1 20 24 13 17 60 7 37 51 64 52 4 50 36 15 26 59 32 34 74 69 10 23 27 67 22 48 12 49 58 8 30 68 28 0 19 66 57 41 6 33 63 29 3 73 31 46 44 18 5 45 54 61 65 47 70 72 42 55 35 56 39 14 75 62 11 9 21 71 40 2 38 53 43 25 16
75 5 49 18 72 12 16 48 44 73 57 21 29 54 36 67 41 28 15 51 32 9 14 10 30 7 33 60 20 71 23 31 66 47 3 55 52 45 34 61 70 68 2 74 22 59 4 50 35 25 53 58 26 63 38 40 39 19 64 24 0 8 13 27 17 69 42 43 46 62 1 37 6 11 65 56
68 17 10 70 55 29 23 3 20 42 46 6 8 47 74 37 58 38 73 64 45 66 60 21 57 0 18 11 32 30 48 27 69 54 2 15 1 31 16 13 63 40 50 26 33 52 43 9 62 71 53 12 72 24 44 7 4 41 34 75 25 36 51 67 35 22 39 28 65 49 5 14 56 61 19 59
22 19 5 42 3 23 21 56 14 13 44 8 43 75 69 33 11 53 70 4 65 64 60 27 32 28 1 48 12 61 74 40 66 15 35 73 59 39 20 41 37 10 18 46 0 58 38 34 68 25 47 26 54 2 30 57 52 49 6 51 7 31 72 45 36 16 71 17 55 24 29 67 63 62 9 50
32 41 34 64 15 7 20 39 14 22 51 58 25 50 1 74 17 10 36 55 66 75 38 12 44 52 16 31 42 11 40 13 69 48 43 8 30 63 6 4 9 37 2 71 60 21 27 28 26 67 0 23 62 56 72 46 19 45 59 54 18 61 73 29 33 5 68 47 24 57 35 49 65 3 53 70
41 33 12 20 74 49 36 30 35 58 57 72 15 48 71 31 42 26 64 11 10 38 32 14 23 65 54 47 39 73 18 37 60 29 43 63 0 69 24 2 5 25 50 8 68 66 61 75 4 55 6 46 52 45 51 22 62 70 19 7 40 17 59 16 1 13 28 34 27 3 21 53 67 9 56 44
10 35 29 55 7 75 64 44 4 31 40 61 2 50 3 0 8 34 57 48 53 24 38 21 22 12 67 60 14 13 15 73 71 39 54 5 58 72 68 30 16 69 19 66 43 28 52 56 20 45 26 47 27 49 62 36 6 32 70 23 74 51 42 46 65 41 18 17 59 11 37 1 63 9 25 33
39 13 8 1 58 2 72 60 22 36 48 74 71 44 56 31 32 20 41 63 16 24 27 40 47 61 55 65 49 75 70 52 69 11 45 35 59 9 18 30 33 14 15 73 54 64 51 53 43 26 10 4 0 28 38 42 12 34 3 46 25 17 19 6 37 67 68 66 29 7 21 62 5 23 50 57
69 54 8 18 29 55 42 75 48 36 59 68 26 4 11 35 46 17 10 49 56 28 66 22 25 30 67 61 51 6 0 71 15 37 20 43 34 73 7 74 40 63 50 65 60 16 45 52 1 12 19 21 41 9 24 53 5 70 33 14 62 31 58 47 3 32 39 72 44 2 64 38 57 23 13 27
38 40 44 57 15 31 2 28 51 63 18 4 68 33 27 65 52 7 13 25 17 58 59 11 66 30 9 62 41 36 10 43 64 3 50 54 24 69 14 49 55 5 47 26 74 21 23 56 46 1 61 75 70 19 71 12 53 67 8 35 34 29 60 72 0 45 39 22 20 73 48 6 32 16 42 37
25 42 55 48 41 45 44 12 73 69 29 71 37 10 8 33 5 21 50 57 67 51 26 58 38 46 16 1 66 23 19 53 30 75 52 17 22 65 56 47 49 60 39 72 18 13 43 70 28 3 6 9 11 64 27 59 74 36 62 61 20 0 4 24 34 32 7 35 68 2 54 15 63 40 14 31
2 20 1 22 64 53 59 12 74 73 48 40 51 23 28 52 70 61 56 63 72 13 38 4 42 15 60 68 34 33 69 47 31 65 18 66 32 37 14 16 62 30 39 11 27 9 75 7 10 45 19 0 17 57 54 3 29 49 55 8 41 6 50 71 26 44 35 58 5 36 24 21 43 46 25 67
10 23 52 17 11 60 47 31 20 71 33 68 21 48 58 9 64 69 37 5 18 8 74 19 32 0 72 13 45 12 38 62 24 67 6 46 14 4 59 26 27 34 22 51 15 66 16 54 39 35 41 43 25 55 2 44 70 40 65 36 29 56 3 42 50 7 49 75 57 1 30 53 63 28 61 73
3 65 44 6 42 47 25 4 67 38 11 52 68 39 37 10 8 21 18 51 61 22 17 41 75 9 36 32 33 46 23 58 54 55 24 70 60 40 26 28 64 57 5 43 73 7 1 45 30 13 34 20 69 2 59 71 0 29 31 48 16 56 62 27 14 50 63 19 53 72 66 35 12 74 15 49
27 49 8 60 35 3 64 74 5 19 10 51 52 68 45 9 56 55 1 26 63 2 16 0 53 21 30 32 70 22 54 44 11 48 42 24 69 73 50 4 34 23 38 66 75 40 36 57 17 62 31 37 65 15 14 28 13 67 25 43 39 6 33 46 18 72 7 59 58 61 47 29 12 71 20 41
12 5 67 23 75 58 35 72 51 16 37 30 65 36 69 19 40 73 6 54 53 60 27 71 70 26 25 28 48 32 2 10 15 64 11 68 41 14 56 63 61 55 9 47 66 59 20 1 13 21 49 24 17 3 0 34 22 57 33 8 74 62 43 38 39 50 52 18 7 31 44 42 46 45 29 4
74 8 51 52 17 14 21 12 7 2 69 71 44 62 65 9 27 33 47 70 43 35 72 66 57 26 41 18 42 30 56 4 46 29 73 1 19 20 25 32 31 16 24 54 5 39 23 34 28 59 6 58 3 49 22 75 53 0 48 61 60 67 13 68 55 15 36 63 45 10 50 64 11 37 38 40
58 56 43 27 40 0 75 62 16 12 13 7 74 31 71 18 11 17 51 44 49 64 5 36 48 42 6 45 68 4 60 29 30 38 24 41 28 55 21 52 59 23 8 2 57 25 61 72 54 15 35 37 73 65 70 50 46 34 1 67 10 26 47 3 19 20 69 32 53 9 39 63 14 22 33 66
58 17 49 33 35 41 46 19 9 21 7 71 63 52 16 22 6 28 48 3 1 59 34 67 51 64 69 37 70 56 66 30 26 11 42 13 8 61 23 44 27 18 25 55 54 65 31 57 0 74 72 2 29 36 12 73 39 60 20 53 45 38 47 24 15 4 62 68 50 32 43 14 75 40 10 5
70 49 59 47 71 32 23 38 21 12 1 37 69 53 30 9 2 67 19 65 74 15 22 64 40 26 48 68 39 0 28 34 35 58 27 54 60 75 73 52 13 72 20 56 63 14 45 42 7 4 57 29 16 62 8 33 11 6 44 18 17 3 61 5 55 50 51 66 10 24 41 25 46 31 43 36
25 51 63 50 27 56 74 73 20 54 6 67 43 34 32 16 35 60 1 42 23 57 15 28 36 8 58 69 9 68 44 49 38 31 71 45 21 0 24 53 66 40 46 75 5 61 18 13 70 3 65 48 12 17 14 59 2 26 10 4 22 62 19 41 39 72 52 55 30 11 47 29 33 37 64 7
74 66 21 72 61 27 65 4 48 54 62 6 31 75 32 40 10 5 60 53 14 44 2 9 7 69 49 41 50 47 51 8 55 38 22 29 68 16 58 23 0 1 63 36 70 28 67 52 39 13 3 26 34 64 45 17 43 71 30 35 37 20 15 19 24 18 12 57 42 73 46 11 25 33 59 56
35 9 74 18 51 33 61 50 30 6 54 7 27 24 58 41 48 2 29 52 8 62 44 12 20 28 13 45 47 39 31 53 36 23 75 64 10 63 43 71 5 59 60 70 42 68 37 38 57 65 15 16 26 22 73 17 4 72 1 69 46 40 25 49 32 19 34 14 11 21 67 3 55 56 0 66
24 0 49 57 34 75 12 61 14 52 7 3 15 31 50 63 47 10 45 30 56 53 70 46 20 39 13 60 35 17 5 38 36 33 11 41 51 54 28 25 42 8 44 67 68 74 55 32 2 23 27 21 69 59 29 40 9 73 66 16 1 43 4 65 22 19 64 72 48 6 62 37 18 26 58 71
14 69 26 27 52 62 58 41 59 48 40 44 21 15 61 17 22 30 75 0 50 60 70 28 38 47 63 39 71 31 65 6 54 7 51 72 13 12 45 46 9 37 1 23 19 3 68 2 5 33 56 20 4 35 73 11 43 18 16 24 10 67 42 36 57 8 66 29 53 25 32 55 34 74 64 49
24 32 46 57 66 47 49 45 19 71 16 34 28 31 11 8 27 65 25 0 50 6 20 38 5 60 9 21 37 14 30 10 63 64 72 35 17 74 18 1 56 51 26 75 4 2 23 36 13 68 70 3 7 69 67 15 29 52 33 62 54 53 43 44 73 39 58 42 55 59 40 12 41 22 61 48
74 47 41 30 6 72 22 38 1 25 61 15 13 8 67 50 58 34 63 60 36 12 5 3 62 9 75 68 57 44 53 20 18 29 52 33 56 2 26 4 51 69 65 32 17 35 11 59 70 46 45 37 31 19 54 66 43 73 14 71 39 49 21 48 28 24 27 55 42 16 64 0 40 10 23 7
22 51 72 19 42 46 14 67 12 61 7 44 58 16 11 74 26 70 0 4 59 45 52 13 54 34 10 49 65 37 28 21 41 20 73 6 38 35 32 3 31 33 9 5 30 48 75 2 15 55 63 23 39 56 40 47 53 68 43 57 25 24 17 62 18 60 71 36 69 8 64 27 66 50 1 29
8 52 24 46 11 60 68 7 3 30 5 12 58 54 40 50 25 0 2 70 44 64 19 28 48 63 31 17 55 51 56 14 69 26 32 61 1 38 21 67 49 18 4 16 42 66 73 20 65 37 22 71 75 53 35 10 43 27 45 74 34 59 39 23 33 41 6 47 9 57 13 29 62 36 15 72
61 46 14 55 36 42 57 73 32 72 16 39 28 26 27 70 30 60 1 44 29 59 22 37 34 4 35 0 20 2 41 25 52 31 10 49 38 58 33 69 53 8 23 54 7 13 9 66 51 21 19 68 50 17 67 45 62 18 24 75 5 3 47 48 40 74 12 71 63 65 15 11 64 56 6 43
1 40 8 61 73 68 59 53 52 27 34 75 54 46 39 29 48 55 65 3 66 37 21 15 20 63 26 31 4 49 9 64 6 51 58 33 41 57 45 13 0 56 60 10 42 12 19 62 32 17 72 50 44 30 43 23 70 35 47 67 18 11 7 16 25 28 38 36 22 24 74 14 2 69 71 5
25 2 38 15 69 19 22 48 73 16 42 11 7 43 10 66 53 74 6 37 54 31 62 27 45 33 41 67 44 0 18 57 24 21 68 72 30 71 28 40 50 51 5 1 34 36 58 46 9 14 4 32 47 60 13 75 29 35 20 39 3 17 61 26 23 49 59 70 64 52 55 12 56 65 8 63
51 70 29 73 57 32 2 17 35 34 62 36 69 21 23 16 53 11 30 31 75 9 0 71 48 56 19 38 68 43 66 3 6 7 1 25 41 26 8 20 55 15 72 10 59 14 44 46 64 58 67 74 52 54 33 50 60 18 24 61 63 4 45 40 47 39 42 27 5 28 65 49 37 13 12 22
18 24 74 9 26 49 6 29 45 72 14 8 38 67 50 12 33 55 57 4 68 37 43 0 40 39 48 30 3 51 63 70 17 61 22 58 13 32 69 1 56 62 15 71 5 59 11 42 54 52 20 2 35 75 25 10 28 19 41 31 23 66 46 27 53 44 21 47 60 7 73 65 36 16 34 64
11 36 40 57 38 5 19 73 53 34 56 75 58 12 50 68 32 8 31 48 13 35 17 7 33 49 10 67 21 60 23 18 0 62 27 29 51 47 54 71 52 55 41 43 69 25 4 46 66 63 16 44 14 6 15 59 45 26 1 61 28 3 39 42 20 9 65 30 2 22 74 24 70 64 37 72
63 25 64 59 33 74 26 17 21 75 32 3 71 70 40 6 24 31 45 47 48 19 38 12 52 5 39 18 62 53 42 61 1 60 13 51 7 68 43 41 57 2 69 11 0 37 49 9 8 72 10 67 34 28 14 29 15 58 54 36 50 35 4 55 56 16 46 30 23 73 44 20 65 66 22 27
23 60 51 64 49 10 44 34 42 9 39 3 2 45 6 75 21 69 47 18 20 66 24 36 30 33 46 61 8 56 48 14 53 22 28 32 11 7 59 37 73 55 12 1 5 63 16 17 0 50 57 67 41 27 35 65 38 29 26 54 58 31 70 72 74 62 68 19 52 4 71 43 40 25 13 15
39 47 54 70 55 1 35 30 48 23 72 41 18 44 11 71 36 4 34 2 56 52 20 25 42 8 62 14 64 45 40 63 69 37 27 10 43 9 31 32 73 17 7 21 58 26 19 57 65 74 53 51 49 3 28 24 15 68 66 22 29 38 0 6 33 16 75 61 59 5 50 60 67 12 13 46
35 20 10 13 30 69 60 53 48 22 41 50 26 5 25 39 18 6 73 58 65 40 21 32 75 37 12 2 14 70 34 63 3 42 67 74 72 45 1 55 24 11 38 28 33 51 49 59 62 57 16 7 17 43 47 36 56 29 8 15 0 66 27 71 54 23 44 64 46 19 9 4 52 31 68 61
68 15 14 75 60 43 5 27 39 23 71 40 30 35 61 17 1 41 64 48 11 4 3 72 46 29 25 31 8 62 53 44 2 55 45 58 20 32 36 69 33 70 21 13 56 22 16 74 34 49 67 0 59 6 51 73 26 19 28 18 38 65 57 37 24 42 66 50 12 54 7 63 9 10 47 52
52 64 18 31 16 62 27 15 32 56 13 11 21 30 57 5 34 14 29 33 59 61 51 68 10 12 49 39 3 60 37 46 4 54 41 66 71 67 25 0 55 74 72 50 75 44 26 43 45 53 22 28 35 8 1 58 20 7 36 23 17 65 48 2 24 69 9 42 73 63 40 70 38 47 19 6
9 41 22 16 10 0 72 43 28 30 26 50 64 1 46 73 61 7 68 52 51 15 24 13 62 69 66 60 38 42 37 55 19 8 63 65 17 59 20 27 34 47 36 71 31 6 67 40 33 75 35 4 58 45 48 14 53 25 44 21 5 70 49 56 11 74 2 32 18 29 39 54 57 3 12 23
53 69 64 50 27 31 62 30 49 18 52 24 25 54 22 17 0 46 45 37 6 10 58 33 47 41 61 21 43 38 39 55 7 29 67 5 1 9 12 51 63 32 40 74 71 65 2 60 3 66 15 8 13 42 72 48 11 34 75 28 68 23 57 16 4 26 44 14 59 35 70 19 20 56 36 73
47 22 8 17 27 67 74 41 46 48 75 11 65 54 56 10 30 3 44 32 68 61 13 58 72 66 42 7 31 73 38 59 45 25 15 53 39 69 35 4 28 60 40 50 51 26 0 29 6 24 64 21 33 52 19 37 18 70 36 55 62 71 5 49 16 57 34 63 43 20 12 9 2 23 1 14
30 43 23 5 35 28 24 54 1 61 75 67 15 38 26 50 74 3 40 71 60 13 62 32 63 48 55 16 12 51 57 0 53 45 44 19 70 66 27 68 17 14 6 47 25 56 49 7 41 59 39 72 21 33 4 2 9 20 10 36 22 18 58 46 29 64 65 42 11 31 73 8 34 69 52 37
23 66 64 4 51 75 68 55 34 9 28 54 27 8 67 43 22 11 24 69 25 30 38 31 50 45 21 72 17 73 19 39 71 58 48 60 20 70 6 42 59 0 15 63 33 18 3 12 10 16 62 7 53 13 41 2 29 49 44 35 47 5 40 46 37 14 36 26 61 74 52 32 1 57 56 65
51 56 22 15 31 54 14 9 13 20 68 55 64 60 53 48 34 10 17 75 40 61 2 6 45 7 35 1 67 72 29 28 63 33 19 21 39 47 69 37 12 73 11 50 42 65 8 66 62 30 16 36 3 32 18 0 74 5 44 70 57 49 4 27 43 24 71 59 46 52 38 25 26 41 23 58
15 26 47 14 74 70 1 73 65 41 59 57 9 69 5 7 71 51 55 0 2 16 29 46 30 22 6 36 75 52 10 20 11 43 68 67 63 27 13 44 23 35 18 33 49 4 8 66 31 17 45 34 62 12 60 54 56 64 24 50 19 25 3 48 32 61 58 37 28 42 72 53 38 40 39 21
16 50 66 54 43 45 15 55 48 63 52 3 49 18 67 57 74 56 46 41 39 61 0 19 42 4 38 9 47 35 27 22 40 69 5 1 13 8 30 23 44 53 32 70 6 28 25 29 33 51 17 7 68 71 26 36 10 58 64 2 65 60 37 20 24 59 21 62 34 14 75 73 72 11 31 12
15 27 13 0 40 33 34 31 49 10 58 54 66 19 21 24 42 37 35 20 53 22 26 4 67 8 48 75 74 17 50 5 46 73 11 36 29 43 60 63 32 30 65 44 28 3 69 70 1 52 71 14 16 47 72 45 2 64 23 41 7 57 25 9 59 62 61 38 68 51 56 39 12 6 55 18
13 7 75 6 53 40 10 17 26 57 74 1 32 41 49 14 64 56 4 70 0 61 8 54 43 66 71 20 3 37 22 48 16 31 58 68 50 12 69 23 2 55 44 60 30 72 42 35 73 59 25 46 24 62 52 34 51 21 11 65 9 39 36 27 15 19 63 5 45 47 29 33 18 67 28 38
66 38 25 7 52 51 27 72 11 5 30 2 22 49 4 71 56 37 23 34 39 17 26 0 69 36 41 64 20 60 53 24 19 50 1 12 35 75 21 15 10 67 32 62 65 14 68 55 47 54 6 31 3 63 73 58 18 59 9 48 46 29 74 61 16 13 42 8 44 28 70 57 45 40 43 33
36 32 35 75 2 0 22 16 26 3 21 62 42 31 38 34 12 17 64 14 25 20 10 56 49 30 66 46 57 23 11 41 53 1 24 44 29 54 59 6 48 51 63 74 28 69 68 4 43 40 47 55 58 15 37 50 72 52 67 60 27 73 65 8 71 39 18 45 61 33 9 5 7 13 19 70
45 20 19 53 63 50 56 7 27 68 71 26 15 2 39 62 32 6 0 14 5 75 73 70 61 74 37 54 31 47 66 46 25 65 36 8 40 38 12 67 11 51 64 21 34 52 60 30 33 69 72 9 28 10 57 44 22 49 48 29 1 41 24 17 59 43 42 23 55 35 4 16 18 3 13 58
64 2 57 69 34 6 37 11 67 29 26 25 54 32 61 19 44 3 38 43 41 35 15 71 55 24 28 30 66 16 73 53 8 50 14 75 42 5 1 60 0 52 31 13 4 27 21 70 68 46 23 62 36 48 45 18 65 72 9 39 40 12 22 47 17 33 56 10 63 59 74 49 7 58 51 20
44 7 73 23 18 64 29 41 46 56 10 27 43 4 59 45 13 67 19 66 68 2 71 1 52 47 65 39 72 0 12 15 24 62 60 16 3 28 32 40 22 61 30 14 74 53 48 26 37 49 21 58 55 25 11 9 20 17 8 36 35 70 38 51 42 50 63 33 69 75 31 5 57 34 54 6
65 7 18 14 1 20 56 37 61 24 9 52 13 40 51 34 2 71 73 72 43 28 45 57 22 16 59 48 25 5 3 66 29 33 47 68 50 62 70 27 53 30 67 26 17 39 46 32 0 35 38 69 75 31 15 21 63 6 36 60 42 41 49 23 10 55 58 74 11 8 54 4 19 12 64 44
26 15 55 17 7 45 21 28 52 8 40 33 39 24 57 42 54 14 41 63 47 62 6 2 69 51 19 65 56 64 50 38 43 25 31 53 60 12 10 3 73 58 11 44 1 20 61 30 29 22 66 68 18 34 70 37 5 4 32 49 36 75 71 0 9 27 48 74 59 13 35 16 67 46 23 72
19 57 54 18 47 62 3 68 11 72 65 43 25 7 66 32 41 63 67 29 17 48 20 70 38 44 52 51 14 26 53 34 56 35 59 24 28 73 64 39 71 40 55 12 50 74 5 49 8 6 61 16 36 46 0 9 75 15 23 58 1 45 4 31 10 2 60 13 21 37 22 42 69 33 30 27
74 55 64 35 41 24 15 75 72 52 26 43 69 9 29 66 12 20 59 51 14 0 53 16 30 56 19 46 47 57 27 17 54 32 44 45 36 71 4 60 65 22 70 40 6 31 10 49 37 68 73 23 28 61 25 33 21 5 34 1 62 67 18 63 2 58 39 50 8 48 13 42 3 7 11 38
74 66 7 0 55 25 59 15 21 19 32 69 23 8 43 71 36 9 68 54 52 57 41 6 47 27 38 65 3 73 1 63 4 42 64 5 44 11 17 62 51 58 14 75 26 40 56 70 29 18 30 2 28 61 34 50 49 53 67 72 24 33 45 16 10 35 12 22 20 46 31 37 48 39 13 60
62 21 44 14 15 67 32 37 74 18 71 48 10 35 65 75 69 6 27 11 63 40 53 33 54 42 56 12 57 1 36 25 16 24 26 7 52 30 45 9 68 47 29 13 31 51 19 49 22 59 28 70 43 3 8 72 39 34 58 50 41 23 20 61 64 66 46 5 60 4 55 17 38 2 73 0
1 34 5 18 36 65 27 47 50 41 40 58 66 7 6 26 20 74 10 24 44 73 55 38 75 35 12 39 71 67 2 57 48 49 9 56 68 16 11 45 32 42 8 4 72 52 31 21 17 59 14 15 54 0 25 28 3 51 22 29 13 64 61 62 46 60 23 53 63 37 43 30 70 33 69 19
0 59 21 22 68 16 20 27 60 58 30 45 49 74 41 63 28 34 72 51 29 37 44 7 17 33 42 26 31 36 70 19 14 55 3 50 40 24 53 9 46 23 52 54 15 43 69 57 32 73 13 25 35 75 62 5 4 61 18 65 2 56 66 8 47 12 71 11 6 67 38 64 39 1 10 48
20 50 14 35 32 74 27 11 29 24 6 45 58 30 19 71 49 51 18 39 38 2 73 33 69 42 40 4 70 25 9 44 55 5 0 28 8 53 10 72 57 66 23 60 34 3 52 26 7 62 65 61 17 63 67 46 21 1 59 64 75 31 54 41 13 36 12 37 16 48 43 68 47 15 22 56
59 34 58 72 33 74 36 61 37 44 54 39 0 35 47 60 32 63 52 7 70 30 66 23 75 38 65 71 20 73 31 42 67 10 56 17 12 13 2 27 55 16 19 50 57 28 69 5 22 40 25 26 14 18 24 41 45 21 8 43 4 49 6 1 51 11 64 53 3 29 62 68 46 15 48 9
56 47 44 38 37 24 0 36 59 16 50 31 33 54 68 18 12 6 53 25 61 1 5 72 41 64 10 65 57 67 63 74 11 45 39 66 9 27 20 51 75 49 7 58 26 23 40 17 3 2 13 8 71 15 46 42 4 70 28 62 22 69 73 34 60 30 14 43 55 48 19 29 21 35 52 32
61 20 40 10 1 52 73 5 67 47 42 26 16 4 14 50 27 36 72 17 6 32 30 34 24 66 37 11 49 35 8 2 68 64 25 31 39 23 75 54 65 60 3 56 28 62 33 12 9 0 53 58 48 13 55 69 15 22 63 29 51 46 19 59 18 74 44 43 71 7 38 57 70 41 45 21
8 29 42 44 31 53 58 63 48 13 47 55 37 18 17 26 39 49 11 14 74 69 6 62 68 70 28 73 5 7 36 64 57 60 9 15 72 32 51 45 3 30 52 4 2 1 65 66 46 54 34 27 10 24 50 43 75 23 33 22 67 71 19 20 59 38 35 21 61 12 40 16 56 25 0 41
34 13 19 8 47 75 73 20 3 59 74 39 12 4 32 52 23 6 56 17 51 5 35 64 44 66 30 2 29 61 46 16 69 48 1 11 0 22 33 9 38 37 71 31 18 27 42 62 40 63 43 36 58 53 72 7 70 55 57 24 14 45 68 28 15 26 67 50 65 25 60 41 10 54 49 21
51 59 36 52 6 24 63 60 9 64 2 74 55 28 32 16 23 25 67 8 38 14 12 20 31 46 19 72 29 53 44 68 33 35 26 42 50 4 66 70 39 40 71 30 47 61 15 65 1 75 49 41 54 69 48 10 37 45 56 18 57 13 7 27 5 22 43 21 3 17 58 34 11 62 0 73
41 14 33 54 5 8 69 73 47 13 26 18 10 24 52 6 16 37 9 23 7 56 72 63 51 42 70 22 71 53 44 55 0 21 61 28 32 1 49 74 64 38 48 40 75 58 2 67 50 17 31 34 65 35 57 36 62 25 30 60 59 66 4 43 68 12 20 11 3 39 46 29 19 15 27 45
59 26 63 65 29 14 60 19 55 9 66 18 30 47 20 36 52 51 5 72 57 39 34 4 15 58 8 17 61 69 24 33 53 13 28 10 16 70 43 2 50 54 48 32 11 22 45 35 67 49 44 0 46 74 7 56 23 38 1 40 25 37 71 42 31 6 21 73 12 41 27 62 75 64 3 68
13 16 12 14 18 23 31 68 26 11 0 53 36 15 41 37 72 17 60 43 48 40 57 51 24 52 42 75 50 64 5 34 30 66 65 33 69 3 55 74 6 20 9 45 56 71 19 58 61 35 44 27 49 1 39 32 28 47 8 2 22 25 46 38 29 4 10 59 62 7 21 67 73 70 63 54
52 72 20 34 44 6 51 7 25 60 46 41 69 33 73 32 37 38 22 30 43 27 31 64 5 13 70 49 21 28 62 18 14 48 53 16 23 45 35 26 1 75 68 40 17 39 59 57 0 11 65 19 47 66 15 8 55 61 10 74 29 2 24 12 63 9 56 54 3 58 71 42 67 4 50 36
52 72 51 42 33 57 30 55 64 22 25 39 48 18 19 1 32 34 17 62 8 67 21 53 16 75 28 12 63 74 10 6 60 26 49 5 54 47 58 38 56 14 31 70 13 23 29 20 3 35 66 36 4 68 71 73 40 45 11 41 43 65 24 50 27 59 15 2 37 9 61 46 0 69 7 44
72 20 7 8 61 39 2 49 6 16 14 44 70 11 71 23 30 54 57 28 27 19 38 56 59 24 35 45 69 41 33 9 26 64 10 46 22 50 36 58 1 48 52 51 60 17 67 12 25 21 63 18 55 15 37 3 75 47 34 62 0 53 31 5 65 74 43 32 68 13 73 40 42 29 66 4
42 5 62 4 22 14 0 13 26 15 52 43 53 58 33 38 54 70 37 7 73 61 29 44 9 19 45 3 21 68 67 40 30 74 72 48 31 12 55 34 60 16 20 51 10 75 46 56 6 59 11 25 66 2 24 39 8 64 63 28 23 18 35 1 49 36 50 65 41 69 27 47 17 57 71 32
