66 53 62 48 1 50 43 35 0 10 38 73 32 34 71 23 4 52 72 56 54 51 64 28 59 31 63 15 58 44 11 49 42 6 3 47 21 61 68 67 22 2 24 8 5 41 18 65 40 74 9 36 12 69 27 60 20 45 19 55 29 37 39 7 14 30 17 16 75 13 33 57 70 25 46 26
67 17 7 71 25 61 49 42 0 27 40 12 70 22 73 46 34 26 32 13 55 10 41 38 35 65 45 18 29 36 14 3 23 48 9 60 39 59 64 28 30 2 4 19 16 44 58 68 15 57 53 37 33 11 21 69 66 54 63 52 5 6 31 1 43 50 20 24 56 62 51 75 72 74 47 8
52 74 29 47 10 48 22 17 3 70 4 32 33 20 57 43 13 72 44 25 59 35 67 75 51 5 0 42 37 64 41 28 65 16 46 40 8 21 30 49 73 14 55 66 7 34 68 45 23 12 15 69 26 38 61 36 60 9 50 31 39 24 6 11 56 63 58 18 1 54 2 53 62 27 71 19
30 11 48 64 33 59 19 23 66 7 60 49 32 15 2 56 8 35 45 41 72 65 68 42 17 0 14 53 4 24 71 28 22 29 40 27 5 69 25 70 73 63 55 37 20 62 9 58 74 50 44 57 47 1 12 13 34 46 52 10 43 67 75 16 26 61 38 54 21 36 6 51 3 31 18 39
36 0 30 59 24 8 17 40 70 14 63 9 32 71 1 21 54 19 75 31 68 22 72 58 20 35 42 16 64 5 66 65 15 12 61 56 74 44 45 23 4 49 46 48 53 52 57 28 41 69 73 50 55 33 60 38 7 6 18 43 39 3 27 26 37 47 62 29 2 51 11 34 13 10 67 25
70 12 54 21 52 14 20 29 41 67 27 10 64 18 72 3 62 34 59 69 35 5 55 45 42 16 24 23 46 51 0 1 65 31 17 58 73 2 44 57 32 33 50 25 38 37 43 11 15 4 71 36 74 75 66 30 8 61 56 6 63 7 49 40 53 48 39 26 19 60 9 47 13 22 68 28
48 27 37 61 50 6 30 62 8 21 74 68 3 67 75 53 2 14 54 15 1 52 40 13 41 47 32 9 0 39 24 33 60 22 4 12 7 35 18 57 5 43 63 49 73 69 70 26 11 16 45 56 44 36 59 34 71 29 65 28 64 72 38 19 25 51 66 10 31 20 55 23 42 17 46 58
2 31 44 66 21 8 7 28 3 34 24 13 37 48 53 23 26 75 25 27 16 60 41 39 62 61 15 22 49 68 58 70 69 40 56 43 59 57 46 63 35 20 10 42 14 47 45 50 5 65 52 71 67 18 54 0 32 1 33 72 11 17 4 30 73 12 29 38 6 64 74 36 55 19 9 51
40 50 69 32 34 56 26 44 20 70 6 7 49 43 58 73 30 37 2 38 74 54 31 66 18 4 12 17 14 8 68 72 36 33 60 21 71 16 1 28 48 19 10 62 65 59 15 39 24 23 75 35 42 22 46 29 5 51 67 64 57 63 52 53 47 11 0 61 9 25 3 45 13 27 55 41
33 43 13 20 46 60 28 41 34 74 51 36 1 18 55 4 53 47 65 30 50 57 71 5 68 15 32 25 59 40 3 52 45 29 42 39 17 44 12 69 19 22 58 9 70 66 8 24 63 38 14 7 56 48 64 27 6 16 31 54 21 75 11 73 49 2 67 23 61 0 62 10 26 72 35 37
41 17 39 19 40 34 28 45 60 4 46 13 64 47 29 16 6 54 57 50 15 75 3 24 53 42 74 9 7 73 59 55 71 61 56 72 20 23 58 26 52 2 5 12 32 43 27 35 8 22 66 10 63 68 69 37 1 14 0 67 21 62 25 38 48 49 11 65 51 44 33 30 18 36 70 31
61 68 42 16 30 53 19 51 25 60 44 15 75 5 64 57 10 3 39 1 11 41 17 54 67 27 56 52 38 46 70 55 59 13 31 69 49 66 36 23 45 12 22 73 71 58 74 40 20 62 18 21 29 28 26 14 4 65 63 2 6 35 47 8 7 0 48 9 50 37 43 24 34 72 32 33
61 34 33 13 9 62 40 2 41 73 26 14 63 49 50 56 53 57 24 21 1 47 25 22 27 19 59 36 60 42 72 44 71 30 6 65 31 45 58 46 37 15 70 3 7 11 12 52 55 28 5 66 54 48 68 17 51 0 18 32 16 29 35 64 67 38 39 8 20 10 75 23 74 43 4 69
19 10 50 9 62 70 56 49 25 58 41 47 17 12 13 7 28 55 5 0 57 27 3 38 66 26 24 71 40 21 18 36 43 69 64 23 34 22 35 20 30 33 2 15 1 72 59 68 46 11 52 54 37 44 48 60 14 74 42 45 61 32 4 73 29 67 39 31 8 65 16 6 63 51 53 75
36 37 45 31 27 55 34 40 26 12 73 24 30 15 53 33 52 41 3 72 44 32 65 64 57 35 14 1 0 5 50 46 68 29 4 39 58 42 48 22 67 47 13 38 63 8 70 56 59 61 28 54 69 6 10 16 9 11 49 21 75 60 71 17 20 23 62 74 25 19 43 7 66 18 51 2
70 49 3 57 69 14 32 46 52 4 54 28 6 72 20 17 12 16 13 26 21 24 64 44 67 63 61 58 10 60 2 0 74 34 43 75 23 36 22 15 42 19 27 39 31 65 5 45 25 48 11 71 1 73 50 47 35 41 62 8 38 40 30 37 7 33 55 56 18 9 59 51 29 66 53 68
35 12 20 68 9 62 69 33 59 41 34 52 24 48 29 66 0 37 23 18 67 46 55 42 7 26 44 72 74 63 6 21 15 27 58 56 43 3 40 75 2 50 53 70 65 73 4 57 10 30 54 49 17 61 32 1 16 45 60 71 19 13 11 64 39 51 22 5 36 25 31 38 28 47 8 14
28 59 1 54 50 16 5 63 56 55 35 45 11 40 71 68 18 70 43 34 12 51 21 37 52 33 47 29 25 6 73 57 32 58 23 65 66 46 9 19 38 22 48 30 31 69 20 2 64 41 53 42 4 15 7 24 26 39 44 61 14 10 0 49 60 8 72 36 67 74 3 13 75 27 17 62
19 17 37 56 57 24 35 71 46 73 38 18 28 42 3 47 9 54 14 4 43 66 48 12 52 67 64 50 44 49 2 32 41 8 60 1 74 6 16 65 11 20 5 55 72 15 69 34 21 59 62 45 68 39 63 58 7 10 0 31 75 27 51 70 22 36 13 33 29 25 26 53 61 23 40 30
33 15 75 2 29 28 55 58 68 44 46 63 0 37 42 30 27 20 47 56 72 67 74 23 45 7 35 65 43 50 73 4 9 13 69 10 36 53 24 40 17 6 21 66 49 31 32 71 14 19 39 11 54 5 22 12 64 1 57 59 3 34 51 26 52 62 16 38 18 60 61 70 25 8 41 48
69 11 32 22 54 8 6 18 71 20 43 61 25 41 63 33 4 75 40 9 74 34 67 55 56 21 47 19 59 15 5 37 70 64 36 51 27 38 0 48 44 45 7 65 3 28 60 72 68 49 58 1 10 2 42 57 35 17 14 30 66 52 29 53 31 39 24 23 62 13 50 16 12 26 73 46
53 30 5 71 7 62 36 12 46 18 37 8 64 16 74 63 22 31 9 68 45 72 20 54 1 43 2 73 24 34 13 67 19 58 39 21 44 50 4 27 26 61 57 35 55 17 15 42 70 59 28 60 0 40 29 32 75 38 52 47 3 14 65 49 23 66 25 41 10 48 33 11 51 69 56 6
50 9 42 67 26 34 60 71 59 46 57 2 41 12 69 62 4 49 58 25 74 19 52 24 15 63 31 47 66 7 65 11 33 51 55 23 29 10 20 43 13 6 22 53 35 8 44 21 68 56 1 30 39 18 14 40 0 72 17 45 38 54 36 70 16 61 64 48 27 75 37 28 32 3 73 5
14 35 29 30 37 67 57 36 1 43 42 0 51 18 62 27 45 39 11 23 21 34 3 19 63 61 69 5 48 24 49 22 32 56 70 72 2 52 54 50 64 59 66 20 33 6 25 40 38 17 4 73 31 12 15 75 16 53 60 41 74 46 68 28 8 26 65 44 58 71 7 55 47 10 9 13
31 60 37 4 71 26 27 70 54 34 53 49 12 24 42 33 14 28 56 38 36 10 73 23 35 61 40 50 30 11 32 43 1 7 46 41 25 57 51 6 22 69 19 64 17 68 52 29 15 66 3 0 75 13 5 39 44 48 20 21 63 18 16 65 55 9 8 67 62 72 74 2 45 59 58 47
47 33 42 44 49 55 45 54 53 64 40 24 20 72 70 50 35 32 60 10 68 43 74 58 61 69 21 41 22 2 34 36 18 5 37 59 65 17 1 39 48 66 71 19 6 9 16 51 26 27 31 63 14 75 25 12 11 0 3 56 73 30 15 13 62 29 28 23 4 46 67 52 38 8 7 57
5 32 35 19 58 12 17 1 31 67 6 39 15 14 37 49 24 8 9 11 25 63 56 69 20 40 68 2 42 10 27 71 26 46 59 48 16 4 54 53 55 51 72 50 28 18 45 23 22 47 3 75 60 30 13 52 43 21 61 70 57 38 62 74 65 66 29 44 34 7 33 73 36 41 0 64
8 42 33 43 6 19 35 0 15 49 4 66 7 47 16 69 40 58 56 28 44 53 70 1 61 12 55 45 14 54 20 51 57 65 68 24 48 71 9 22 18 21 29 59 74 25 32 39 50 11 75 31 34 63 26 38 60 27 62 67 10 30 46 2 36 37 5 64 23 73 52 17 3 72 41 13
75 59 12 14 23 50 8 64 55 17 28 62 72 56 73 37 71 15 54 42 9 49 20 35 25 66 47 1 4 21 45 65 41 0 43 29 2 67 36 58 16 69 10 24 70 61 51 74 53 32 52 18 63 48 3 46 22 40 7 30 44 60 5 26 39 38 19 11 34 33 27 31 57 13 6 68
14 32 10 12 73 43 68 64 4 28 19 60 44 35 45 11 59 55 13 65 70 40 49 0 47 56 18 53 3 6 16 26 9 5 67 1 30 71 20 46 75 36 25 8 34 57 41 50 31 38 33 66 69 61 42 72 48 63 29 22 21 15 7 54 37 62 17 51 58 74 39 52 27 2 23 24
73 31 53 13 65 54 32 51 56 47 2 21 11 69 28 55 39 34 37 72 7 6 10 36 74 46 1 19 33 49 15 3 35 9 42 4 18 16 59 17 61 58 60 71 48 68 26 70 12 40 50 24 25 30 14 41 66 8 75 63 29 64 27 67 57 44 45 62 43 23 20 38 0 22 52 5
75 3 65 5 26 54 68 42 28 61 6 9 18 12 45 16 55 60 74 11 34 67 36 56 25 63 69 22 43 7 24 58 29 35 64 19 17 66 21 47 49 20 52 41 2 33 30 0 57 15 59 10 23 53 37 1 71 73 40 13 44 27 50 51 14 48 32 8 70 4 72 38 39 31 62 46
60 55 41 30 4 19 2 45 13 71 21 59 51 64 66 11 54 37 38 48 12 3 58 57 17 39 20 70 53 42 14 18 62 5 65 10 73 8 26 23 61 47 0 63 15 33 31 44 67 72 50 1 56 29 52 27 34 69 74 7 22 75 28 16 49 6 43 40 9 25 36 35 24 32 68 46
23 28 47 72 5 17 59 39 3 24 21 30 7 61 50 52 11 55 73 67 0 71 75 4 14 34 63 44 15 53 66 56 42 60 33 41 35 20 43 12 68 65 40 38 37 9 54 31 45 62 36 19 16 13 32 69 49 74 2 1 22 25 64 29 70 6 8 26 51 10 58 18 48 27 57 46
2 66 20 32 40 31 11 12 35 55 43 19 8 21 29 18 62 71 28 7 45 57 4 13 17 61 49 75 47 52 41 67 39 56 36 26 23 50 44 33 54 9 3 5 60 73 6 16 25 22 53 1 59 65 46 42 24 63 0 69 74 30 58 37 10 14 68 51 48 38 27 70 15 34 64 72
30 67 57 13 53 12 50 70 15 37 19 55 73 75 43 48 7 61 45 20 32 3 66 74 63 21 22 14 16 58 51 4 24 17 33 64 42 5 8 62 11 26 49 9 2 31 71 47 25 69 35 36 38 65 29 6 56 54 23 0 52 41 59 40 44 18 28 34 10 27 72 1 39 60 46 68
18 8 29 54 10 68 61 63 71 26 72 75 43 32 7 46 60 2 52 16 13 44 0 21 34 62 25 30 31 36 9 66 40 59 53 49 22 6 17 73 69 70 51 3 1 4 45 23 47 42 28 19 27 50 74 57 15 5 64 20 55 67 39 37 41 14 48 24 35 65 38 56 33 12 11 58
0 66 58 41 24 50 25 42 5 37 16 14 53 38 44 18 32 72 52 13 60 46 10 55 51 27 43 39 20 22 6 21 19 49 36 31 8 63 33 69 56 64 15 75 1 23 34 12 3 9 68 47 73 28 35 40 59 45 11 2 29 30 54 48 26 61 74 4 71 17 62 65 67 70 57 7
22 1 16 9 29 68 14 25 56 57 4 64 52 27 40 69 75 74 31 32 15 54 45 8 59 39 34 26 21 53 35 42 7 67 18 46 38 71 30 10 41 70 36 51 73 19 60 61 33 12 48 58 50 66 63 24 23 20 2 43 37 6 65 5 49 47 17 3 13 28 0 62 55 44 72 11
44 71 33 28 72 66 47 15 63 36 0 39 57 21 62 25 58 74 52 54 27 70 8 35 31 41 55 40 26 75 23 48 14 11 59 51 67 10 2 42 34 24 65 53 32 3 56 5 46 1 9 64 30 16 45 18 22 69 49 38 60 4 68 12 43 73 37 17 13 7 61 19 6 50 29 20
19 40 60 7 64 63 67 72 9 39 2 15 29 16 8 71 38 20 1 54 57 34 22 51 28 56 49 14 44 32 21 30 69 70 45 73 52 6 23 5 0 74 43 26 55 48 12 41 31 4 33 62 10 65 42 47 58 3 17 50 75 25 24 11 37 27 35 18 13 66 61 46 68 59 36 53
75 51 38 42 18 73 26 46 30 59 53 3 64 61 4 1 2 29 65 50 17 12 19 57 36 52 45 20 7 0 6 8 16 68 10 47 55 11 66 27 32 34 58 5 13 49 24 35 54 40 28 9 60 48 56 39 22 67 62 72 31 33 41 69 37 63 71 25 15 74 14 21 43 44 70 23
59 8 68 23 64 69 40 0 74 42 70 12 26 58 1 21 57 32 73 18 50 2 10 6 22 29 39 75 30 20 49 61 9 7 5 66 47 17 41 65 44 67 53 31 24 71 28 60 48 56 51 62 36 52 43 46 15 16 11 45 72 54 33 38 35 3 34 25 37 19 14 4 63 55 13 27
2 31 51 1 38 74 4 66 22 12 71 25 10 23 75 27 47 18 46 7 3 69 70 58 0 8 24 19 9 32 41 15 54 16 6 29 61 45 34 48 30 55 60 21 62 13 26 43 28 11 20 36 42 35 17 52 33 57 67 65 53 37 72 49 39 56 44 14 68 63 5 73 59 40 50 64
44 52 67 18 63 13 11 66 33 36 65 74 57 26 21 2 15 1 23 24 35 4 0 55 64 59 56 6 12 27 58 9 40 29 51 69 25 70 37 48 71 75 50 73 22 10 16 60 54 14 62 3 28 38 42 5 31 20 39 7 41 34 72 19 30 45 32 61 17 46 68 43 53 8 47 49
23 39 38 34 36 5 9 17 24 47 7 11 40 1 66 70 28 46 61 64 29 48 16 56 3 54 69 62 4 15 8 55 25 37 22 49 6 13 14 57 12 63 53 33 68 21 32 73 30 75 31 43 67 59 44 72 19 20 65 26 45 27 41 74 35 58 52 2 0 50 71 18 10 60 51 42
10 3 41 31 46 69 47 20 23 17 64 32 1 70 35 36 38 12 42 67 57 14 16 56 28 63 62 48 60 74 51 66 65 8 4 37 30 44 58 33 39 13 34 26 53 71 9 73 55 27 22 0 24 18 11 5 75 52 59 29 45 68 50 2 6 25 61 15 40 19 21 43 7 72 54 49
50 75 49 32 17 52 0 13 22 26 15 60 40 21 2 24 18 16 6 64 4 73 62 31 72 7 43 51 44 57 45 48 27 34 65 36 12 66 10 39 23 11 53 25 8 47 19 38 58 46 20 70 29 3 63 56 74 41 30 5 68 9 42 35 37 28 14 67 71 54 59 61 55 33 1 69
55 49 65 21 8 53 46 2 68 58 30 0 14 64 24 29 22 71 56 74 23 15 60 48 25 43 66 5 62 6 28 35 73 18 44 39 33 7 34 11 31 32 75 26 17 10 1 3 19 40 13 52 4 42 41 51 36 37 12 38 69 63 27 70 54 67 57 61 9 45 16 59 47 72 20 50
37 44 53 25 72 10 5 0 73 33 54 52 41 6 36 24 23 9 34 60 70 4 12 13 21 62 63 28 64 26 20 49 19 50 56 58 14 7 69 66 75 32 43 59 17 31 46 40 22 3 42 35 27 68 1 11 74 30 45 18 48 16 39 47 2 15 29 38 61 65 57 67 51 8 71 55
19 56 40 69 6 29 9 3 66 15 62 28 30 21 50 25 44 65 60 10 38 51 27 13 23 37 11 75 57 12 41 67 24 74 16 4 53 31 8 39 7 58 70 20 54 61 18 22 43 26 36 33 68 45 46 17 42 52 5 2 73 63 55 64 49 47 32 72 14 71 0 34 1 59 35 48
22 1 71 18 66 61 34 65 53 17 2 28 12 38 32 4 21 9 39 23 50 25 11 54 63 3 69 59 0 31 6 33 14 51 60 15 20 68 44 42 7 70 10 24 26 47 35 30 19 29 48 45 57 73 56 46 64 37 5 27 16 41 62 13 40 75 36 72 49 58 8 52 43 55 67 74
52 74 54 2 49 65 26 10 40 18 67 59 43 66 46 28 15 20 14 3 44 22 41 29 4 0 9 16 57 31 6 60 68 12 7 35 23 24 69 17 33 11 53 70 42 71 36 73 47 32 5 56 51 61 55 50 48 58 27 19 39 8 37 75 1 38 30 64 21 25 63 62 13 72 34 45
74 71 30 28 25 2 67 57 33 49 72 1 43 9 24 42 3 55 8 31 37 41 34 73 66 56 12 61 50 0 69 68 54 51 65 47 27 38 26 35 4 32 59 53 58 45 6 44 39 23 19 14 36 22 62 46 11 48 75 7 64 5 20 21 70 18 60 17 15 16 52 13 10 40 29 63
24 59 61 28 2 38 65 43 27 19 13 36 32 68 1 20 9 15 37 40 45 48 29 63 3 51 12 33 39 70 73 11 21 7 8 0 23 30 50 49 72 46 64 6 67 17 22 18 44 35 57 74 16 55 26 4 71 42 5 34 25 41 31 53 54 60 62 10 52 75 56 47 66 69 14 58
18 55 57 46 38 32 13 65 16 71 31 14 62 15 28 63 27 36 56 35 59 43 11 23 21 39 3 7 50 30 22 67 2 47 37 1 68 24 64 41 40 70 45 73 72 52 44 5 8 10 53 9 17 34 19 4 69 58 49 26 66 20 12 25 33 54 61 60 42 6 29 51 48 74 0 75
55 49 26 45 57 17 4 39 60 22 75 52 69 24 34 62 32 16 63 18 1 6 50 70 51 13 53 38 67 30 41 28 33 12 25 0 5 65 61 40 27 11 47 14 8 56 9 36 35 42 74 29 73 20 72 23 43 37 21 7 19 46 3 59 44 2 66 15 48 71 54 10 64 31 58 68
14 44 75 3 61 67 72 20 62 70 11 28 64 69 55 60 42 65 9 1 58 8 34 51 26 24 30 22 54 18 49 32 43 57 73 41 31 29 15 46 56 48 21 52 25 66 36 38 0 59 19 37 33 27 74 71 2 35 63 53 12 50 39 17 10 40 6 23 13 5 4 47 68 7 16 45
51 22 24 69 25 57 62 21 44 72 41 8 56 23 61 5 1 42 55 16 47 33 4 20 7 28 74 6 40 46 50 36 73 75 52 68 30 9 60 48 66 38 19 39 0 67 70 58 54 43 63 65 35 32 31 11 27 26 17 2 10 14 37 13 64 71 53 15 34 49 59 3 45 18 29 12
60 69 23 68 26 58 50 6 64 54 2 16 72 53 12 4 43 5 67 29 10 27 65 63 9 20 45 21 37 41 75 35 74 30 73 8 48 11 46 19 66 7 36 47 34 22 62 13 38 1 0 28 56 57 18 52 42 32 39 33 31 40 51 71 44 59 70 61 25 24 14 15 49 17 3 55
0 41 45 24 51 37 47 42 2 17 54 62 64 12 7 52 19 36 4 15 43 49 68 48 56 32 73 31 59 35 18 8 5 75 13 67 11 44 16 14 39 53 63 23 57 55 33 60 66 58 74 69 70 38 27 22 34 26 10 3 30 61 72 6 20 9 25 28 50 1 40 71 65 29 46 21
66 33 73 28 19 62 8 48 1 46 65 56 43 2 13 70 10 52 71 34 49 4 0 12 58 7 47 24 30 32 29 60 45 69 38 61 51 37 11 22 26 14 15 53 35 39 3 27 59 44 57 16 23 42 18 54 20 74 67 21 17 9 25 64 72 50 6 31 75 55 36 63 68 40 5 41
33 1 42 47 60 26 50 64 31 62 4 21 6 5 73 41 54 12 22 38 23 75 9 52 7 28 61 58 74 3 63 53 10 34 17 2 56 0 66 30 14 57 13 18 71 32 40 20 49 35 51 69 70 16 37 68 48 55 45 15 44 8 39 67 29 27 36 72 59 24 43 46 25 65 11 19
14 0 3 13 32 50 61 57 55 28 19 67 60 51 11 29 17 9 41 64 15 72 35 44 69 65 33 58 47 48 53 71 5 20 75 45 2 37 42 31 22 7 63 46 27 18 43 1 6 4 25 73 12 24 39 70 34 52 23 74 62 21 36 30 59 68 54 38 26 8 66 49 40 56 10 16
67 74 60 12 41 9 45 2 39 65 6 31 75 46 70 40 10 61 34 51 19 22 14 32 24 13 33 69 52 1 38 64 25 73 47 63 27 57 49 20 23 18 15 71 35 50 30 55 5 3 59 8 48 17 4 29 66 58 37 68 28 7 36 44 72 56 54 21 0 11 53 43 26 62 42 16
73 9 56 39 8 22 47 12 31 27 44 70 45 75 68 5 40 0 49 20 37 25 24 6 10 57 65 43 17 54 35 48 16 72 19 18 1 42 74 13 4 60 15 23 11 41 61 7 21 69 64 53 71 59 14 58 67 62 50 29 55 63 52 46 3 33 32 28 2 38 66 36 30 26 51 34
9 18 62 10 71 56 38 25 68 61 1 40 31 28 41 24 0 27 21 54 11 37 49 48 16 12 64 8 43 57 14 32 55 63 47 59 6 30 66 44 53 50 58 7 3 74 29 5 42 34 73 70 2 17 33 13 51 22 45 26 35 23 69 67 15 39 52 72 65 20 19 46 36 60 75 4
0 60 67 41 22 12 24 9 56 52 51 13 65 58 74 14 26 34 4 32 36 57 64 15 21 19 47 18 39 44 43 50 66 72 3 53 75 40 2 25 1 38 5 71 42 54 16 30 11 55 7 23 31 33 29 17 46 45 27 35 20 8 6 73 68 49 69 28 70 61 59 63 37 62 10 48
73 46 56 64 29 63 16 60 50 45 54 25 49 10 59 9 17 21 6 26 31 12 4 33 13 41 2 58 37 51 69 62 40 48 7 14 57 19 72 68 22 47 42 38 20 61 75 23 35 15 28 36 0 27 39 5 43 71 24 74 3 52 44 67 1 70 30 34 55 65 32 53 8 18 66 11
49 65 69 53 15 36 28 27 40 32 10 33 47 66 48 35 11 75 1 7 51 39 60 24 50 64 37 22 56 55 71 57 29 14 19 0 8 72 6 46 41 63 21 4 67 73 52 17 42 70 23 20 18 68 31 44 58 54 62 9 59 61 38 2 3 45 34 26 13 74 43 5 30 16 12 25
5 6 68 64 44 23 51 24 74 4 38 70 66 45 62 39 10 12 50 20 53 22 29 8 48 26 37 54 13 1 25 9 19 18 15 14 32 75 65 56 58 52 63 11 42 7 30 31 0 60 2 33 49 36 69 73 46 61 40 16 34 41 67 28 47 72 27 3 17 55 35 57 43 59 71 21
57 21 37 60 31 11 53 75 65 55 74 61 32 73 13 30 51 48 62 29 36 28 19 40 58 50 27 43 39 8 12 49 34 52 42 17 1 23 45 4 70 71 26 72 41 22 5 9 16 6 66 46 20 68 63 44 56 14 25 18 69 24 47 54 35 64 38 33 67 3 7 0 15 59 10 2
61 7 37 43 58 50 54 38 34 23 41 2 27 33 22 18 55 66 70 20 60 8 26 39 25 49 65 71 67 59 52 0 24 14 3 51 46 28 16 6 36 17 75 32 48 30 45 13 21 53 57 5 64 9 10 73 31 72 42 40 35 74 47 56 63 44 15 12 68 1 29 62 19 11 4 69
40 22 43 28 13 3 70 60 49 69 62 5 16 4 12 36 17 26 44 66 58 57 47 24 75 19 61 20 14 73 48 7 59 8 52 67 9 31 29 2 71 27 0 74 37 45 42 23 15 10 30 33 68 46 21 38 63 41 51 35 32 55 72 53 50 11 34 64 1 65 25 56 18 6 54 39
13 6 25 47 40 61 70 33 7 22 2 29 50 42 69 53 32 65 48 3 72 46 38 36 12 39 66 15 23 49 10 73 21 30 68 19 0 20 41 59 75 62 55 43 58 71 1 4 52 5 31 27 51 44 16 11 63 17 45 54 57 64 35 60 8 26 34 24 37 67 28 9 56 18 14 74
4 17 66 39 63 55 21 41 5 22 61 23 12 16 24 46 68 50 75 42 25 60 31 3 53 67 49 54 36 48 15 44 43 26 52 74 45 58 47 33 34 69 19 27 0 28 6 57 38 70 30 71 35 32 20 7 51 1 56 37 8 40 72 59 18 64 62 13 73 11 9 29 65 14 10 2
48 40 37 20 57 22 49 32 54 41 24 10 28 27 53 55 11 13 26 38 29 69 34 18 19 58 70 63 43 68 9 30 60 25 39 33 51 6 56 61 4 46 2 67 75 72 0 45 52 44 12 1 35 71 50 16 7 59 14 65 21 31 5 17 15 74 8 66 3 23 47 36 62 42 64 73
74 24 23 68 4 3 36 67 75 27 30 61 14 47 34 73 19 5 41 46 62 49 29 40 43 55 35 38 66 17 25 59 63 48 39 13 56 65 21 64 32 9 10 33 52 53 11 70 18 26 69 2 60 1 8 12 22 44 28 15 6 54 50 57 0 16 7 58 20 51 37 45 31 42 71 72
39 38 24 63 11 22 33 31 62 15 69 64 56 18 73 9 72 49 70 21 60 5 58 55 41 61 19 6 59 51 45 20 12 71 54 34 66 3 0 23 52 8 26 46 43 67 16 25 17 10 36 75 30 4 53 47 42 50 35 7 29 28 57 68 48 44 27 2 13 14 65 40 1 37 32 74
59 18 40 38 64 62 12 51 3 29 35 69 75 65 4 10 39 19 43 53 48 15 42 71 47 36 2 17 1 68 66 57 9 70 44 31 52 22 26 33 30 8 54 73 49 11 41 27 0 13 63 55 61 67 37 24 34 25 56 60 50 45 20 46 58 21 23 7 16 72 28 6 32 14 5 74
64 63 6 24 53 74 13 17 68 30 5 9 15 54 20 25 51 43 40 29 50 23 60 44 36 56 70 10 39 62 73 0 58 8 14 4 49 75 65 16 52 34 57 3 61 72 67 42 38 2 21 37 69 33 28 11 47 32 1 19 41 7 27 48 66 35 71 22 46 55 12 26 59 18 45 31
67 42 45 34 71 24 58 39 40 57 50 72 66 74 4 53 12 36 21 26 16 5 22 29 73 41 44 38 43 75 47 56 9 0 52 27 7 14 49 70 19 31 2 6 23 15 10 64 11 60 69 62 25 55 46 18 30 51 33 35 17 61 37 3 63 65 28 48 8 20 54 59 1 32 68 13
39 23 32 9 31 19 26 54 63 5 48 73 52 68 59 28 14 33 61 67 41 56 34 3 66 35 2 29 17 13 58 30 4 12 37 74 57 69 36 75 0 49 71 53 25 44 45 64 62 27 65 22 24 18 6 46 38 47 55 11 15 50 10 70 8 1 42 40 43 72 60 20 7 21 51 16
62 56 24 28 31 30 26 63 54 43 21 71 42 64 74 38 69 32 16 66 27 48 39 46 6 53 14 35 51 25 73 75 9 34 29 36 18 50 2 72 68 55 41 3 49 61 60 58 52 15 37 40 23 67 8 22 47 33 11 65 59 12 44 1 4 13 5 0 10 20 17 70 7 57 45 19
29 13 46 24 74 61 30 56 34 52 39 69 18 70 66 59 72 3 33 38 36 11 53 37 6 16 7 40 57 23 27 62 26 22 20 21 0 2 65 71 9 49 43 75 51 42 64 48 32 31 67 68 47 44 15 50 10 28 63 5 60 45 41 58 73 8 14 54 17 1 19 12 4 55 35 25
51 41 0 19 6 21 16 22 12 24 45 65 56 70 74 34 71 38 32 15 49 30 11 59 50 66 53 46 48 69 72 52 42 17 62 67 43 26 28 68 7 60 54 4 8 33 14 3 27 5 57 64 2 63 20 75 58 29 35 18 1 23 61 47 25 37 39 40 55 9 13 31 73 10 36 44
48 10 35 44 17 50 66 67 19 3 7 75 27 63 37 23 13 29 71 47 52 65 9 55 41 0 61 56 34 21 24 32 64 73 68 4 49 36 5 69 59 30 18 25 20 11 40 38 51 74 53 16 22 26 2 6 60 42 14 12 72 46 58 54 31 28 45 43 70 15 62 57 39 1 8 33
60 25 57 52 24 15 41 30 37 13 38 5 26 22 19 63 74 6 68 62 31 4 42 11 12 55 14 10 67 61 39 58 27 21 71 43 65 72 70 47 32 53 54 7 9 64 44 69 23 8 45 34 56 50 3 51 48 29 2 16 33 59 35 75 18 49 0 40 20 46 17 66 36 28 1 73
55 39 19 52 61 57 17 44 51 10 56 28 67 50 73 60 43 59 48 68 49 75 4 53 74 16 45 15 65 26 2 30 38 33 36 34 69 63 25 31 71 66 12 72 35 64 41 0 3 70 20 13 62 40 6 8 14 27 23 1 7 37 58 21 47 22 42 29 9 46 54 11 32 24 18 5
36 57 21 14 58 41 11 62 45 9 32 17 55 10 60 27 1 53 30 44 39 22 35 74 46 6 20 51 26 16 64 12 42 43 31 56 52 40 70 61 33 8 19 23 67 49 68 18 59 72 69 75 73 37 2 29 24 66 5 4 25 0 28 48 13 50 47 54 15 65 7 63 3 71 34 38
15 44 5 72 56 59 27 41 24 2 40 20 3 61 75 14 23 18 62 10 47 67 25 12 50 53 9 45 7 35 65 64 52 73 66 21 57 26 69 74 55 8 37 11 33 13 0 48 19 60 36 30 71 51 63 4 39 34 6 43 46 42 28 1 22 49 70 32 31 68 54 38 17 58 16 29
8 32 48 0 23 17 26 31 11 58 61 25 51 52 36 37 2 44 56 53 38 3 33 29 49 70 24 1 57 47 65 42 41 15 60 40 6 74 46 10 69 28 71 19 45 13 22 54 55 67 20 72 35 12 18 50 7 73 43 27 4 39 16 30 5 64 9 14 34 59 68 62 21 75 66 63
15 31 27 70 65 30 23 38 47 60 8 51 10 18 48 3 44 13 6 0 71 72 67 52 69 41 5 49 20 75 66 42 63 34 50 68 54 19 40 14 37 12 17 25 59 29 62 64 4 24 56 2 9 22 28 45 11 53 46 36 55 73 74 7 39 21 35 58 61 16 26 1 33 43 57 32
69 6 44 59 22 14 74 57 50 34 52 19 27 16 9 55 20 26 35 46 65 18 32 2 8 61 17 23 72 3 70 11 60 42 31 48 62 25 40 12 64 75 36 45 37 68 30 53 0 66 73 67 5 15 1 4 33 56 39 7 47 58 10 49 29 28 71 43 63 24 54 21 13 41 51 38
69 17 58 5 2 54 64 44 16 52 71 48 26 61 9 74 28 13 50 56 65 43 47 36 30 6 62 31 23 27 57 40 4 11 42 0 38 25 10 39 1 73 18 3 59 24 8 72 41 35 49 12 14 66 15 29 22 45 63 32 67 20 51 68 37 34 7 46 53 60 70 21 55 19 75 33
0 27 52 3 65 40 47 42 30 67 66 37 62 68 64 74 55 21 10 7 45 26 8 51 9 71 41 31 12 59 72 39 24 25 23 20 33 36 56 5 14 1 57 61 53 75 73 34 29 46 13 70 2 6 32 60 63 50 16 15 35 48 22 4 54 58 19 43 17 18 44 11 69 38 49 28
2 44 42 45 36 16 6 54 53 65 49 27 47 57 56 30 28 58 20 68 8 7 75 39 32 46 29 72 23 21 14 62 19 43 70 5 12 59 60 38 13 71 52 31 37 35 74 24 50 51 67 18 63 73 41 69 64 4 17 22 15 11 3 26 40 1 34 48 0 10 66 61 33 9 25 55
25 34 28 63 26 58 48 23 54 60 46 42 51 18 41 71 0 37 68 12 38 35 27 57 39 53 24 62 19 17 55 32 10 8 31 9 7 65 66 64 22 3 5 11 40 13 45 4 21 73 15 33 36 14 47 2 61 72 59 74 20 50 69 16 44 75 56 70 52 6 49 67 29 1 30 43
14 64 39 36 51 70 40 37 35 12 19 10 18 60 74 71 28 9 31 4 61 16 15 59 45 49 62 67 72 63 1 23 33 25 8 54 46 68 22 65 48 24 55 7 42 21 29 66 11 3 75 47 50 13 32 38 73 69 52 6 26 17 44 34 56 43 20 41 27 5 53 57 2 58 0 30
45 62 65 31 22 51 38 25 48 42 63 18 29 36 60 57 17 4 6 35 46 14 1 67 49 3 75 72 39 66 71 37 52 40 53 64 23 8 30 74 10 15 12 34 61 50 5 55 13 47 26 11 68 27 19 21 59 2 41 24 33 69 28 9 58 43 44 32 0 16 70 20 56 54 7 73
