54 55 56 70 32 68 17 66 63 1 75 42 69 59 40 18 3 31 65 20 47 21 8 16 11 67 38 45 51 10 23 58 0 30 7 15 37 9 29 6 12 62 22 26 49 33 57 44 74 13 19 28 36 53 61 39 71 60 46 2 5 43 34 41 48 52 25 64 72 27 50 14 24 4 35 73
23 12 67 16 53 37 38 10 60 42 64 32 2 44 39 54 21 59 45 18 8 40 30 75 70 19 17 72 36 15 57 27 66 24 65 28 74 3 49 25 47 43 5 73 4 41 1 58 7 48 13 51 34 62 35 46 31 29 50 68 55 69 56 33 52 14 63 11 26 20 22 0 61 71 9 6
52 21 49 10 24 29 70 59 41 51 1 34 72 65 31 22 71 40 73 53 39 47 0 64 23 75 46 17 15 50 26 32 3 58 74 18 14 5 38 45 56 66 27 55 28 48 54 9 25 35 13 20 36 61 16 30 68 4 2 63 62 33 42 7 11 43 8 69 6 60 12 67 37 19 57 44
22 71 34 32 69 43 49 68 19 46 50 60 48 42 53 14 44 23 64 25 11 3 24 63 62 54 8 47 33 2 66 6 55 21 12 36 26 29 15 10 20 67 4 1 5 17 35 51 57 58 39 7 56 38 9 45 30 27 72 74 40 31 37 75 73 16 70 59 13 28 65 0 61 52 18 41
43 63 18 19 17 58 4 12 48 74 14 8 40 59 13 7 26 2 20 41 15 27 22 62 35 44 33 49 36 75 46 10 57 51 37 30 0 50 66 39 71 67 1 42 55 72 47 11 54 53 68 61 25 73 65 31 60 3 23 69 16 45 64 6 29 5 70 56 9 24 21 32 38 52 34 28
70 67 47 64 6 40 12 50 44 9 74 52 45 0 73 58 49 41 56 31 21 39 66 5 62 63 72 42 37 43 36 2 32 23 60 69 15 35 28 29 71 54 51 19 26 38 33 27 8 48 17 75 16 10 7 13 18 61 22 14 57 11 53 68 46 24 4 55 20 1 65 59 34 25 30 3
26 63 39 67 9 52 21 22 27 10 40 71 4 57 24 12 19 33 7 46 34 29 2 25 32 45 1 50 6 74 54 64 5 17 38 48 73 43 55 69 3 65 47 35 13 56 66 60 41 42 72 31 49 0 37 15 75 20 53 16 30 18 68 36 58 51 28 70 59 62 8 11 23 61 44 14
23 1 15 20 21 28 0 14 51 12 13 39 62 58 63 38 25 26 16 30 53 4 9 31 75 19 74 69 37 44 61 11 48 32 65 10 72 55 71 64 59 52 42 73 17 7 47 27 50 43 60 41 56 68 57 36 3 67 6 34 46 49 45 5 29 8 33 2 35 40 24 22 54 18 70 66
43 65 53 45 19 34 40 23 63 54 56 11 35 13 37 50 16 75 12 29 17 69 2 49 72 70 44 18 9 21 31 47 3 41 57 28 74 67 36 66 46 52 59 30 71 0 26 33 5 42 8 38 14 68 15 51 7 27 4 60 48 24 1 64 25 58 10 22 6 32 20 73 62 61 39 55
12 64 22 40 13 8 20 53 32 14 1 41 2 34 35 58 21 69 51 29 50 46 25 15 49 67 9 18 27 72 57 45 73 0 56 4 54 3 38 26 43 70 61 11 31 16 19 62 44 28 36 60 7 65 5 66 68 71 74 55 24 23 52 42 37 47 75 17 10 30 33 63 59 48 39 6
18 53 23 9 74 28 57 69 17 10 2 14 58 38 4 24 7 40 75 41 60 49 70 47 26 30 64 1 20 22 31 33 54 0 8 66 72 46 71 63 35 16 34 37 5 43 29 6 44 73 32 27 19 55 3 21 42 25 39 36 50 51 12 61 15 62 67 68 48 45 13 65 52 59 11 56
11 61 58 16 6 71 4 0 19 50 24 8 1 26 67 60 33 23 52 37 53 69 46 20 57 10 14 13 2 40 29 21 72 28 42 54 68 38 65 25 45 74 44 47 22 7 30 32 35 34 64 51 63 48 39 62 17 3 75 9 41 36 12 15 5 59 49 18 27 66 56 70 31 43 73 55
52 70 55 16 0 59 75 4 74 33 72 61 44 53 25 62 48 11 47 57 46 10 38 27 6 15 5 49 37 26 19 56 20 22 29 18 66 13 73 40 9 54 45 24 64 58 43 28 36 34 50 30 8 68 42 71 7 1 51 14 69 12 63 2 32 35 17 31 41 21 23 67 60 3 39 65
44 12 56 52 69 17 5 41 39 50 60 74 49 38 10 43 53 70 66 47 35 54 46 55 8 19 18 7 1 36 75 0 28 13 31 14 34 9 57 62 64 25 61 42 45 40 6 71 32 21 67 16 22 2 26 30 63 72 24 51 68 15 59 29 33 48 73 20 11 4 65 27 23 3 37 58
59 56 60 33 52 30 19 16 66 50 34 0 35 74 10 24 6 29 1 5 13 49 14 22 40 58 65 68 55 43 7 4 15 42 64 62 61 36 2 63 26 12 25 67 71 32 54 53 38 73 44 17 37 20 46 27 72 57 11 18 70 75 31 21 45 3 8 23 41 28 39 9 48 47 51 69
31 48 70 74 22 53 65 26 1 43 0 23 66 8 19 27 59 16 72 33 57 55 39 69 4 5 37 29 64 42 9 2 60 30 18 73 21 36 62 32 49 24 14 61 52 38 47 45 7 68 50 12 44 17 51 67 75 15 13 3 63 25 54 40 56 28 46 41 20 35 58 11 71 10 6 34
44 29 72 70 20 26 41 48 73 0 39 60 30 10 68 8 31 46 57 49 54 28 16 18 45 52 59 32 19 56 21 51 11 64 58 47 61 15 24 4 75 12 27 43 9 2 23 53 40 50 74 66 13 37 42 63 1 33 69 3 7 62 67 55 14 25 22 36 5 35 65 17 71 6 34 38
24 29 15 62 75 47 2 16 36 68 18 37 0 13 55 27 66 72 8 22 61 52 69 44 7 39 33 50 63 34 58 43 17 45 51 25 9 6 71 20 10 32 23 59 70 65 73 40 57 49 64 4 26 5 11 67 31 41 35 21 14 38 19 46 74 53 48 54 1 56 12 3 28 60 30 42
60 55 27 42 40 19 13 18 36 22 0 52 30 58 56 10 68 11 24 62 8 63 46 37 21 44 75 53 38 71 54 57 43 69 12 39 32 45 3 2 28 70 6 61 41 26 16 64 66 23 25 17 65 67 73 72 31 4 29 59 34 9 51 33 7 20 74 49 50 5 14 47 15 35 48 1
69 65 42 44 19 32 28 74 9 24 4 75 3 26 43 21 0 67 59 57 20 25 66 8 61 15 7 58 29 16 53 52 70 1 13 72 33 48 35 36 47 64 56 54 40 34 6 45 50 37 60 11 51 18 46 38 17 71 23 22 39 5 55 41 63 10 12 27 68 49 14 62 2 31 73 30
15 20 26 63 30 56 17 0 57 68 14 61 7 22 6 59 42 9 45 75 19 24 33 38 67 71 10 64 1 23 69 40 51 65 48 31 13 2 70 11 21 39 41 55 37 60 25 52 53 16 34 66 47 32 50 18 58 73 35 28 49 43 4 12 29 72 36 46 3 8 5 62 44 54 27 74
35 74 70 44 1 11 33 73 29 8 47 24 42 32 15 69 6 71 75 12 30 64 50 22 38 17 53 16 28 34 72 18 39 57 65 49 25 7 31 60 66 52 67 56 68 9 20 5 14 2 26 13 4 51 48 37 61 36 27 54 3 10 45 40 55 41 58 23 62 0 19 46 43 21 59 63
50 39 55 19 22 46 33 41 47 36 25 70 21 67 28 53 62 56 49 58 26 24 23 1 71 35 30 4 18 12 13 9 74 64 29 10 16 15 59 6 8 72 61 48 7 14 11 63 32 42 65 17 2 60 75 68 0 73 43 66 5 34 44 40 54 37 45 69 38 52 27 51 3 20 31 57
5 10 44 22 48 30 29 31 43 47 54 40 7 61 0 45 33 37 62 74 38 16 41 35 11 52 39 51 63 75 4 36 21 60 72 6 8 50 57 19 34 68 12 59 71 27 17 18 15 66 42 13 56 1 70 2 69 32 73 14 24 28 49 55 9 65 26 20 25 53 3 46 67 58 23 64
35 18 68 3 16 51 30 70 21 46 2 28 8 14 50 54 59 64 45 29 53 47 71 55 41 22 23 73 24 43 69 37 20 1 56 40 5 10 62 36 12 15 72 7 31 48 63 6 11 52 9 27 75 44 60 32 42 17 38 49 39 57 67 61 13 0 58 26 4 74 33 66 19 34 25 65
44 29 27 6 19 11 24 72 35 16 47 4 71 5 73 66 26 67 64 30 39 14 9 18 45 13 38 23 20 36 22 10 54 53 58 59 0 28 60 34 49 37 46 51 12 41 70 74 52 2 43 55 56 3 32 25 57 48 1 69 50 40 31 15 75 68 8 33 17 65 42 7 63 21 61 62
67 26 8 12 47 15 51 22 21 11 19 1 16 2 56 30 70 44 4 41 50 73 71 39 6 37 5 18 63 55 40 31 13 46 66 53 69 36 35 74 9 23 72 52 34 38 65 33 20 61 14 42 58 28 25 17 27 48 7 24 68 57 10 64 59 0 32 3 29 54 49 43 62 60 45 75
75 22 27 16 33 38 10 7 35 65 74 52 55 44 4 19 71 12 47 17 2 34 15 69 21 60 66 36 62 29 58 39 18 68 50 25 46 37 31 28 54 51 30 64 11 26 6 49 24 9 43 20 72 13 45 56 1 63 8 5 53 48 32 73 57 42 41 23 61 59 0 3 67 40 14 70
50 45 55 65 13 11 32 68 53 74 21 71 33 27 72 38 64 37 7 34 0 19 43 20 10 60 70 3 73 39 58 30 75 22 25 15 24 12 26 6 29 23 16 40 36 1 48 54 63 14 67 47 8 17 61 42 18 35 9 4 49 66 69 31 28 57 44 46 52 41 2 62 56 59 51 5
67 9 69 60 38 64 33 51 57 66 11 6 4 32 65 16 70 50 26 63 21 5 30 62 22 40 44 58 15 12 28 52 0 54 74 27 8 46 1 35 29 47 3 56 2 53 17 48 39 43 59 61 13 41 55 36 72 7 73 42 18 49 19 31 14 20 25 24 75 23 45 68 10 71 37 34
70 38 32 45 36 26 2 73 7 22 15 25 5 75 6 31 24 43 34 65 41 29 39 67 69 21 71 13 33 72 47 49 56 3 9 60 42 52 23 19 40 20 10 37 54 14 35 46 59 28 53 51 0 48 68 61 11 8 30 12 55 58 50 4 18 44 27 57 1 16 62 64 63 17 66 74
3 55 34 27 42 14 47 37 48 60 15 45 51 4 46 23 75 16 71 17 5 43 56 68 24 64 53 63 2 1 6 58 33 69 40 65 38 35 28 32 21 19 57 59 13 12 25 61 9 44 8 52 67 66 22 41 31 62 30 73 39 18 54 10 29 49 7 70 72 0 11 36 50 74 26 20
26 4 69 63 31 67 40 68 73 28 13 10 49 43 53 2 70 12 44 27 41 57 62 22 29 16 35 21 46 15 7 60 61 71 65 25 75 72 23 52 58 8 3 74 51 18 33 48 32 59 19 5 20 47 30 42 17 1 34 24 39 64 56 37 55 11 9 66 14 38 45 50 54 6 0 36
2 63 44 64 6 50 73 19 29 8 14 47 54 49 24 22 59 51 20 58 34 21 13 69 35 3 25 61 15 9 0 74 28 70 37 26 48 56 32 39 60 1 45 4 65 12 27 42 67 57 10 7 18 62 33 36 43 11 41 16 17 71 31 46 53 38 30 23 55 40 68 66 52 75 5 72
11 14 22 4 33 0 62 72 5 30 45 36 51 63 46 23 64 74 34 9 61 7 57 26 58 40 21 18 35 24 2 27 39 41 43 53 3 8 52 29 1 70 32 28 47 59 19 54 49 15 56 20 10 37 12 44 68 50 60 71 25 75 55 69 65 38 66 73 17 42 13 48 31 16 6 67
61 28 5 27 63 13 54 34 15 12 24 4 75 35 46 11 33 10 14 48 65 73 52 43 44 69 53 9 37 16 68 38 7 55 29 72 58 1 70 50 19 66 21 39 18 2 32 47 20 59 71 45 3 0 36 57 67 42 26 49 60 62 23 41 51 22 64 25 56 74 6 31 8 30 40 17
50 9 51 0 6 19 44 40 70 39 23 68 5 63 74 11 52 36 1 67 22 15 35 28 57 71 18 3 29 42 31 27 54 24 12 21 69 61 65 37 75 56 38 66 53 58 20 2 73 43 17 26 33 46 62 72 7 47 4 55 10 49 59 32 14 30 25 8 48 13 45 64 16 60 41 34
3 63 16 41 19 36 10 56 15 51 27 72 46 49 47 71 13 17 12 67 11 62 21 29 33 69 25 6 68 61 48 24 44 34 59 66 4 30 28 58 39 70 55 40 32 31 22 75 7 73 18 37 23 64 53 42 54 14 5 65 26 43 60 74 35 50 8 52 2 45 1 9 38 20 57 0
60 40 41 66 63 47 22 56 46 43 27 12 58 20 39 44 18 49 71 9 48 29 62 69 65 28 38 2 23 10 0 7 74 11 75 70 24 8 51 21 61 52 4 53 37 57 25 17 33 68 73 67 15 1 31 26 13 14 45 32 59 42 3 16 72 54 35 19 55 30 36 5 50 6 34 64
46 47 28 39 17 5 29 18 51 41 20 60 38 55 30 54 63 3 22 36 68 44 19 48 24 33 50 57 61 0 42 6 65 35 70 40 9 7 11 14 32 74 1 8 21 64 25 12 62 31 23 34 15 37 4 27 69 58 72 45 16 13 26 75 56 52 10 59 66 49 53 71 43 73 2 67
56 52 31 41 1 66 30 14 59 35 12 73 29 26 47 71 75 60 16 51 46 22 69 34 7 8 13 55 27 4 3 28 36 40 49 61 24 44 37 18 15 9 54 23 32 20 62 67 39 33 48 70 6 21 19 2 68 45 10 50 11 74 43 57 63 25 5 0 53 17 64 72 42 65 38 58
33 5 32 12 47 6 28 7 70 22 25 27 2 66 72 45 68 11 20 29 0 65 24 9 16 67 48 1 62 61 8 49 23 36 74 71 63 17 21 51 15 50 64 10 55 3 53 69 39 54 13 38 19 75 44 18 41 59 34 46 26 31 58 52 73 4 57 56 40 60 37 42 35 30 43 14
50 42 3 10 5 16 59 36 64 52 13 69 28 19 62 31 40 24 44 49 2 21 25 32 70 45 43 37 68 61 7 46 18 23 38 65 60 66 48 67 56 30 14 34 9 29 47 27 73 8 58 0 11 15 74 54 33 71 41 57 63 39 22 26 6 4 12 17 1 75 53 51 55 35 72 20
6 73 1 50 64 61 70 47 56 58 62 30 24 0 23 22 5 39 71 37 7 38 46 16 48 33 67 19 27 74 42 25 2 65 13 14 8 29 4 12 75 49 54 51 66 21 57 34 43 18 10 53 9 35 60 45 59 68 28 15 63 11 55 44 69 31 17 36 3 40 52 41 26 32 72 20
5 15 64 28 57 71 26 44 47 72 4 56 42 60 11 2 32 74 67 30 48 62 34 31 38 12 45 52 41 58 17 1 51 49 18 13 73 37 59 0 29 22 10 75 19 33 39 55 8 43 16 40 27 25 54 23 7 24 6 36 3 53 9 61 46 65 14 21 69 50 20 63 35 66 70 68
73 55 41 2 1 3 21 35 12 30 28 22 16 29 4 54 24 57 69 32 0 70 5 47 60 25 36 61 31 68 43 17 19 40 62 48 46 33 56 38 67 66 75 9 14 42 18 37 23 74 11 26 6 71 52 27 59 63 65 13 45 49 8 64 50 39 51 20 10 72 53 44 58 34 15 7
63 3 68 5 50 52 55 26 57 47 49 69 54 16 33 48 2 60 37 58 24 31 8 32 22 40 7 6 61 56 14 1 28 29 51 43 64 30 23 41 73 39 34 44 66 70 27 71 75 21 25 15 45 17 36 53 20 38 67 46 4 35 9 19 59 11 65 42 62 74 18 72 0 12 10 13
70 56 19 51 41 54 53 71 16 18 68 29 17 72 62 49 25 0 3 65 61 35 24 46 23 28 6 45 9 20 8 58 13 48 67 66 69 12 15 10 36 11 33 4 38 50 55 7 73 22 14 5 75 40 42 57 37 26 47 63 32 59 30 64 2 21 1 74 27 60 34 44 31 39 43 52
41 74 12 30 71 69 1 51 66 19 9 32 46 6 75 15 52 14 58 20 39 44 17 64 57 70 25 68 47 28 65 73 43 36 59 35 56 34 31 63 38 42 62 21 37 61 13 23 18 27 33 0 50 26 11 54 22 5 4 60 72 29 10 55 53 48 24 45 2 16 8 67 40 3 49 7
25 59 39 7 16 62 20 56 4 24 19 21 66 51 58 22 49 36 33 40 53 30 23 42 15 10 9 26 65 29 41 35 27 3 54 1 14 48 67 38 43 0 55 6 5 64 68 11 72 17 28 57 13 44 31 70 73 46 75 60 37 47 50 45 8 52 61 18 71 34 74 69 32 2 12 63
32 70 58 5 54 60 69 21 44 10 68 53 3 7 37 14 31 61 75 33 65 49 13 24 40 18 0 27 16 36 4 45 8 50 47 23 62 52 41 63 73 66 15 20 35 38 43 25 71 6 12 9 22 30 51 59 55 67 72 48 11 19 56 1 39 42 57 26 74 2 46 29 64 28 17 34
63 54 50 18 36 14 24 31 28 41 42 20 27 57 43 56 59 69 6 37 32 11 64 5 47 23 34 70 67 19 30 48 4 75 71 38 53 65 60 68 22 26 51 16 2 66 15 52 55 74 9 13 35 8 25 40 39 61 7 62 44 58 21 12 33 17 1 3 29 0 10 45 72 49 46 73
67 26 48 41 66 6 75 2 51 45 54 36 19 4 22 44 11 23 0 74 17 5 20 39 1 55 73 10 38 59 56 47 69 24 27 52 53 33 18 21 28 49 63 30 31 25 71 64 34 43 58 9 12 50 40 15 46 70 29 16 37 8 13 42 65 3 57 14 7 32 60 68 61 62 72 35
9 18 13 48 21 46 0 16 69 26 52 27 53 15 70 22 23 28 40 61 6 44 45 58 19 75 73 37 43 30 51 33 72 32 39 63 55 5 62 41 71 25 17 36 11 74 64 67 14 66 2 65 49 35 42 68 7 10 1 50 59 56 31 47 4 3 54 34 57 38 24 20 29 8 12 60
19 44 25 39 55 51 13 73 23 6 30 29 48 45 68 74 3 20 16 67 42 66 32 58 36 62 31 27 17 61 15 9 33 69 60 71 50 37 0 40 70 8 56 57 47 38 22 35 63 2 49 59 41 46 43 24 14 28 75 54 64 18 65 21 12 7 53 4 72 52 5 11 26 10 34 1
35 31 64 26 73 48 40 24 72 41 70 36 13 63 30 12 58 45 22 60 15 9 37 50 33 56 5 34 49 71 54 4 11 46 65 61 42 66 14 29 17 23 57 62 52 47 74 53 28 2 19 20 3 32 67 59 0 25 16 75 38 43 1 21 6 44 68 18 69 55 27 39 10 51 8 7
20 5 9 17 58 28 71 75 7 30 46 25 12 29 63 67 1 59 40 66 36 73 55 33 27 15 54 23 62 18 47 38 44 24 8 11 69 49 39 26 13 32 50 48 68 70 64 0 31 52 14 74 65 61 60 6 57 2 16 41 53 45 43 35 4 56 42 72 19 34 51 10 22 3 21 37
65 34 36 24 57 13 47 7 22 16 75 33 27 14 51 59 70 18 19 43 15 50 1 9 69 29 3 23 12 5 64 66 54 49 32 61 39 58 38 17 74 42 28 48 11 6 60 31 40 46 41 10 53 44 37 8 73 45 20 67 30 56 25 0 2 71 35 55 63 62 26 72 21 52 4 68
53 39 7 9 26 60 56 27 54 46 19 52 4 49 24 59 75 67 50 40 71 48 23 64 21 45 13 31 43 66 65 63 2 15 6 32 37 55 68 17 0 18 74 20 42 47 3 57 14 33 29 16 25 73 41 28 38 35 10 44 61 51 62 69 36 58 34 22 12 11 72 30 5 1 70 8
44 55 50 16 9 67 61 34 15 53 72 27 31 73 25 40 26 3 39 2 74 4 59 33 64 12 54 10 71 23 19 7 45 38 24 75 28 41 69 62 65 49 46 47 68 57 63 20 52 6 66 13 22 32 60 29 0 42 56 70 37 14 17 21 48 18 1 51 11 43 58 5 30 8 36 35
62 39 5 19 53 18 14 71 26 35 12 73 31 51 72 56 43 54 60 42 6 16 32 9 50 17 2 70 68 48 59 1 69 29 38 46 22 8 4 24 27 74 30 36 15 66 37 20 23 40 45 44 67 34 64 58 55 41 13 33 0 52 10 21 75 11 61 28 65 47 25 63 49 3 7 57
64 68 3 39 45 40 44 18 63 71 10 12 62 16 42 21 6 2 67 20 61 73 56 22 34 57 50 9 15 47 49 43 37 59 65 72 0 41 58 11 13 26 33 19 35 29 74 14 52 60 31 36 32 55 51 1 24 69 17 70 23 66 53 7 48 54 38 5 28 8 4 46 27 30 75 25
20 66 49 11 38 37 26 75 53 21 31 2 14 16 36 18 52 8 59 22 68 64 30 33 70 57 1 27 63 74 29 69 60 24 3 40 43 39 15 25 62 6 19 17 13 58 55 0 46 35 4 7 23 44 45 54 72 51 32 67 42 61 5 47 56 71 65 41 48 28 12 73 50 34 10 9
58 8 63 51 20 17 60 13 7 1 46 29 40 66 71 22 47 49 32 35 10 30 54 61 12 25 15 4 72 28 24 2 56 57 74 18 62 23 48 34 59 9 16 69 50 75 36 5 33 73 19 0 43 11 52 38 21 70 41 67 37 39 65 6 26 3 45 53 27 14 68 44 64 31 55 42
74 68 63 56 45 44 19 54 67 30 73 64 10 33 17 66 7 37 21 38 0 72 26 48 75 15 16 20 43 39 36 28 3 50 61 8 51 46 1 4 55 6 65 25 31 5 13 49 27 2 11 71 32 22 34 18 9 53 69 24 42 59 23 47 14 35 57 58 41 70 12 60 62 52 40 29
28 22 11 3 23 40 38 44 62 75 43 66 68 25 35 33 19 16 52 39 17 64 7 32 54 71 51 18 2 57 9 58 56 20 49 41 48 36 14 47 8 69 13 70 63 24 15 67 45 26 29 42 55 1 12 6 27 37 53 5 34 65 73 74 72 61 21 46 59 50 10 4 60 31 30 0
57 43 3 30 49 34 63 47 74 55 46 12 70 41 37 72 27 14 0 64 29 21 54 33 52 39 6 35 66 65 31 61 44 15 13 73 4 75 69 59 45 2 16 62 60 24 40 58 53 56 36 10 28 19 18 71 67 68 26 23 20 9 32 1 22 51 8 7 25 11 5 48 17 42 50 38
2 32 8 20 12 6 47 55 34 26 66 51 72 10 49 42 50 23 24 52 56 29 73 28 62 44 22 19 67 18 65 3 13 25 61 11 14 41 46 31 64 60 48 33 15 16 30 45 36 71 5 0 75 54 35 7 9 59 69 39 74 1 27 17 40 21 38 57 53 43 58 70 37 4 63 68
32 63 58 0 28 74 46 33 18 2 5 12 70 43 49 62 41 50 35 39 22 51 73 64 42 69 67 13 65 54 20 10 53 14 44 34 60 17 75 37 24 31 27 40 59 52 56 45 30 68 29 26 19 8 23 11 6 48 66 61 57 1 71 38 4 16 55 36 3 25 47 21 7 15 72 9
41 47 43 57 72 15 4 55 73 19 70 16 0 69 18 1 7 8 48 67 64 51 45 24 50 62 40 20 44 13 28 11 2 17 65 12 34 49 66 5 26 31 22 63 30 29 59 56 37 32 74 61 6 58 60 53 9 23 10 21 35 36 27 54 25 39 3 75 52 46 33 42 38 68 71 14
33 69 1 6 55 20 61 43 67 23 74 35 14 3 9 71 51 53 60 5 28 49 50 63 21 17 26 38 42 46 45 30 47 52 56 72 16 70 34 32 64 11 37 22 73 40 54 24 27 48 58 39 19 10 4 13 8 31 25 0 44 59 29 18 66 7 41 36 68 57 65 2 15 62 12 75
61 47 28 64 18 0 31 27 55 15 59 26 38 9 7 65 46 72 24 19 34 58 45 3 51 52 67 5 29 74 14 37 66 17 39 22 68 40 63 21 8 75 73 70 53 11 69 35 20 16 13 43 60 56 10 33 57 25 4 30 23 44 6 41 42 36 48 2 54 49 32 50 62 71 12 1
0 32 15 63 40 16 42 68 48 31 5 39 75 10 60 37 38 18 65 36 45 70 22 35 49 72 11 26 73 6 1 25 55 67 33 21 28 64 14 58 50 20 46 71 17 3 74 57 66 41 12 34 8 62 59 53 30 13 7 69 44 23 27 2 51 4 9 54 43 61 19 24 29 56 52 47
60 48 47 6 26 72 22 59 40 56 8 45 34 73 74 66 11 63 15 13 71 10 54 16 62 24 65 31 42 29 37 43 27 41 58 1 0 50 25 68 17 39 14 53 18 38 2 61 35 32 36 19 51 70 23 49 3 67 46 55 21 5 30 75 28 57 12 4 33 69 9 64 20 44 7 52
4 15 67 72 33 12 6 2 9 30 16 45 10 58 29 74 47 61 7 13 50 19 75 48 68 3 57 20 42 51 69 56 31 24 49 63 32 66 18 0 59 23 34 43 70 64 17 60 54 22 53 1 52 5 65 62 44 11 41 28 71 25 21 37 26 39 35 55 8 36 27 46 38 14 73 40
51 43 15 33 7 36 30 26 1 39 50 20 47 69 44 28 40 67 0 71 49 10 48 65 31 17 62 52 4 19 60 37 3 42 45 12 73 53 66 68 58 64 41 29 2 27 18 32 56 9 8 72 6 54 21 70 63 24 74 14 13 46 55 35 59 5 25 23 75 22 34 57 16 61 11 38
75 3 7 16 71 53 21 69 46 54 14 35 57 42 38 18 36 61 27 19 9 74 22 1 43 37 20 63 44 60 32 50 23 15 40 2 68 64 73 26 33 0 49 8 11 65 28 45 34 5 10 62 39 4 67 51 13 30 48 58 66 41 55 6 52 17 31 12 47 70 72 56 25 24 59 29
0 69 65 44 56 38 19 31 47 21 61 26 13 10 73 9 50 27 60 58 5 14 36 29 2 12 18 42 72 6 23 11 59 64 66 43 32 34 3 17 55 53 51 20 70 54 67 41 8 75 4 71 28 15 48 49 62 7 57 45 39 46 33 24 22 74 68 25 37 1 63 30 35 40 52 16
32 23 40 24 33 75 41 37 43 10 60 36 68 31 69 9 62 29 15 64 51 47 34 25 38 6 63 71 30 35 16 74 53 14 58 4 2 52 0 8 61 45 56 17 44 46 22 21 7 39 42 1 28 3 70 54 57 26 66 72 48 5 49 65 55 12 19 18 20 59 67 73 50 13 11 27
25 62 2 21 52 65 10 49 75 28 7 30 18 14 22 4 0 37 68 63 5 23 33 11 72 41 53 66 56 12 32 44 35 58 15 34 51 26 46 13 9 47 36 50 57 70 29 38 71 61 54 48 60 6 16 69 24 67 20 59 27 55 17 74 31 19 8 3 1 45 40 39 43 73 42 64
71 8 7 12 18 65 5 2 15 4 11 13 22 69 3 33 56 54 24 49 23 10 35 34 17 37 58 61 32 66 39 62 72 25 36 0 57 52 53 47 41 73 70 46 6 45 27 26 63 19 29 20 64 60 40 59 67 48 30 16 14 42 28 9 50 55 21 1 75 68 31 51 43 38 44 74
22 33 63 24 44 3 65 11 13 7 55 67 27 20 36 14 58 34 69 40 50 66 18 68 53 51 64 0 19 62 30 72 60 49 47 73 5 70 1 6 17 26 16 42 2 56 38 29 15 46 48 61 8 54 21 39 9 25 41 59 57 74 43 35 71 4 52 10 31 12 45 28 75 37 23 32
21 24 23 22 30 53 8 36 66 55 29 49 16 54 70 15 59 46 11 18 63 64 69 73 48 50 17 6 51 25 34 28 74 19 5 3 39 27 26 41 45 35 1 38 65 2 75 13 68 67 43 44 12 20 42 7 31 57 9 56 32 60 47 14 62 61 40 33 4 0 10 37 71 52 58 72
31 36 37 21 64 28 3 25 60 12 32 16 5 45 65 24 51 58 18 42 38 23 73 33 0 62 70 55 7 43 61 29 1 34 6 75 10 35 8 9 30 15 50 53 44 72 47 27 68 26 59 49 46 63 20 13 22 52 71 41 39 69 54 14 40 19 11 56 74 2 67 17 66 4 57 48
72 56 34 50 17 5 59 51 15 27 18 6 1 46 45 42 23 57 0 3 33 19 75 28 8 44 30 49 7 12 11 65 2 31 74 21 69 16 73 14 24 43 29 67 4 60 20 13 40 58 71 39 47 10 26 66 64 48 32 37 36 22 62 38 9 35 53 68 70 63 55 41 52 61 25 54
41 18 66 57 3 2 53 6 19 21 43 65 63 15 44 58 20 56 64 10 72 60 17 7 46 38 61 47 31 36 0 12 11 52 55 4 23 28 35 67 1 51 62 71 33 69 59 70 32 24 42 25 74 8 48 49 5 75 34 9 13 14 30 26 50 68 73 54 27 29 16 22 45 40 39 37
23 63 6 33 3 70 34 8 72 62 41 17 59 73 25 21 40 42 51 53 31 22 66 12 0 14 15 20 71 61 56 44 11 10 67 38 7 9 35 65 29 69 48 74 47 57 5 36 2 37 18 50 19 45 26 16 24 32 75 39 13 58 27 49 4 30 43 54 1 28 60 52 55 68 46 64
19 18 39 53 49 26 35 2 73 23 38 4 6 51 68 0 59 14 71 70 65 55 48 50 43 61 69 20 40 54 67 63 10 21 33 32 31 34 28 72 24 75 22 44 41 11 45 17 47 30 15 29 27 74 1 60 66 57 16 62 58 42 5 8 56 13 7 36 52 25 9 12 64 46 3 37
27 2 0 30 22 69 61 4 59 31 40 16 67 41 17 46 60 33 74 70 7 26 20 73 5 21 64 47 28 6 43 32 19 23 50 71 54 62 15 18 51 58 57 34 45 8 29 36 52 9 49 10 39 14 44 25 13 35 55 72 38 68 42 11 24 3 56 66 63 1 53 37 12 65 75 48
9 67 45 34 47 72 31 73 70 25 0 51 20 58 42 30 26 27 57 59 56 64 6 19 43 14 12 24 11 1 3 18 71 4 13 2 22 44 10 69 55 65 39 75 35 60 15 28 49 50 23 32 17 63 38 5 7 48 46 40 29 8 62 16 21 52 37 53 41 68 33 74 36 54 66 61
66 56 10 34 46 15 29 69 49 71 65 40 1 61 16 23 47 55 51 22 4 0 11 38 27 50 67 57 33 74 39 26 35 21 30 31 54 14 19 8 60 45 53 43 9 41 37 48 63 2 44 70 59 52 25 5 20 62 6 73 13 64 18 28 58 36 32 12 17 68 24 7 42 3 72 75
9 14 27 38 48 8 70 30 55 22 6 26 36 10 34 58 4 66 69 49 56 28 3 57 51 42 47 64 62 16 21 17 59 63 40 72 60 71 1 2 18 41 24 39 46 52 67 13 45 74 5 12 25 50 11 75 19 35 53 37 68 54 31 44 32 20 15 61 33 29 7 0 73 43 65 23
29 62 37 40 9 44 24 15 41 75 39 67 72 12 18 36 19 71 2 5 26 64 56 34 45 21 59 35 70 50 3 61 66 68 30 4 63 55 33 60 52 43 23 49 32 57 73 16 6 31 48 17 11 47 51 7 27 1 53 28 8 58 46 42 10 69 14 74 65 38 25 54 22 13 20 0
26 8 37 15 72 6 39 47 69 23 14 74 49 1 32 65 35 34 19 27 21 7 2 3 24 63 61 22 33 11 46 52 20 38 70 13 62 12 59 18 73 75 53 36 45 41 31 40 66 54 64 48 5 17 68 57 0 58 71 4 29 50 51 56 60 67 28 44 10 43 30 16 55 42 9 25
50 10 37 5 13 72 75 71 1 6 46 20 59 25 67 54 4 17 53 19 63 32 51 52 60 33 55 57 9 7 43 31 30 23 45 28 27 14 61 24 0 22 41 16 12 21 8 65 58 64 47 26 66 34 15 42 49 62 74 48 18 70 35 39 2 68 73 36 56 38 40 44 69 29 3 11
44 40 71 19 41 70 22 14 17 75 11 42 29 73 37 25 9 48 18 36 30 55 23 28 57 6 32 31 54 65 64 26 50 13 8 66 39 20 52 68 7 69 10 47 45 60 34 63 15 1 5 21 49 51 12 27 3 2 58 43 46 35 62 53 74 16 33 56 38 4 67 0 72 24 59 61
43 44 39 35 1 15 0 53 7 60 45 51 66 75 22 20 38 46 29 48 67 42 71 65 63 3 13 30 33 14 62 55 41 2 69 9 34 57 31 40 73 19 61 6 36 12 27 28 24 59 25 8 16 56 11 49 74 5 37 10 32 68 4 23 47 26 70 17 52 72 21 64 58 54 18 50
24 12 67 59 22 72 15 33 38 61 52 44 58 1 8 2 13 7 10 63 37 73 3 32 45 27 50 5 66 70 40 35 17 60 46 48 0 51 54 57 74 71 30 19 16 65 18 4 23 69 29 47 55 9 42 75 36 34 26 49 11 68 25 64 14 20 53 39 43 56 21 31 6 28 62 41
12 2 66 35 20 73 21 9 55 11 68 58 50 30 22 74 54 29 47 70 48 14 15 33 0 5 69 62 38 45 16 71 44 61 49 18 75 40 10 67 34 4 31 51 19 56 3 43 36 60 25 7 28 41 42 1 72 23 27 39 59 13 26 24 6 17 8 63 64 37 65 46 32 52 53 57
33 74 9 64 63 42 57 28 2 58 7 73 45 6 34 32 51 19 18 44 60 36 23 30 67 40 68 11 66 22 59 50 69 46 62 49 43 1 47 3 8 4 15 21 35 48 14 10 61 0 70 38 75 53 52 27 24 16 29 71 37 54 17 26 41 55 5 72 20 13 31 39 56 12 65 25
