67 -5 -90 -8 93 -95 13 -36 -16 23
-11 72 59 46 -27 -69 -27 5 4 58
-84 -97 -35 56 94 -26 -64 74 47 76
-57 85 23 -11 6 74 -98 8 -17 69
58 -15 -42 45 16 97 47 85 -80 -16
-85 -39 26 82 43 20 62 62 31 -87
-25 -12 42 87 -2 8 -54 36 -32 -77
51 12 -80 53 -7 64 7 -84 85 9
-92 2 -86 -54 69 -69 -15 -66 -99 64
36 32 79 88 -99 -5 -51 50 79 47
5 -36 88 -46 -70 80 56 62 63 -30
1 89 -9 -62 -79 -87 -13 -84 89 63
-35 -17 -78 -25 48 -38 -60 93 -17 14
74 33 -7 56 74 77 -43 -92 -23 88
1 -6 -98 16 -41 42 87 -95 -34 73
-35 52 45 87 -45 -75 -58 1 87 -5
-32 31 -74 87 -64 -32 -87 -97 -82 11
67 64 47 -64 25 -64 -93 -42 21 -74
-53 90 -13 -6 63 19 29 -41 -87 -8
58 -66 -67 -5 -35 89 39 60 -70 -81
66 49 -42 50 -22 49 -80 -84 -14 69
-45 14 69 48 -1 51 46 65 -64 -17
47 44 -95 -5 -6 -48 57 -87 33 93
-25 -14 13 -35 -87 20 30 81 -11 -61
-4 73 -97 52 -86 32 98 73 -89 10
25 13 66 83 53 97 -39 36 98 29
-10 30 12 -83 92 -77 34 22 -59 -62
-21 23 -94 73 -95 -66 15 72 83 8
29 -79 -50 48 -9 24 0 -96 44 -23
52 -16 73 -14 20 17 66 -78 -52 -12
64 -5 77 -86 97 68 -48 -35 31 40
18 -73 -5 43 -5 30 -39 7 -58 -87
-67 0 47 33 6 85 -9 76 74 70
-15 -62 -85 11 39 -72 -19 93 47 -27
-20 -88 98 6 8 58 60 -8 -27 -60
48 -17 -81 90 -14 -74 86 52 -56 -15
-47 69 -8 57 -37 86 19 -14 -88 -62
-74 98 63 51 -80 21 55 56 85 -37
11 -27 96 -11 11 -9 -21 -34 -49 96
-41 -6 -56 61 74 47 95 -7 -11 -99
4 -53 -5 -97 -54 62 0 66 4 46
39 -95 -91 -99 4 -73 -45 -81 76 -55
74 48 78 58 74 -39 17 46 -23 32
-80 -97 -86 -53 -76 -73 -90 23 -74 -92
-59 17 -84 -45 19 -40 73 -79 34 72
-66 -80 -68 -35 14 -75 -10 -57 84 -40
-45 -75 -8 -94 -92 -87 13 -14 28 82
-29 47 26 -52 93 5 66 -65 -73 -55
-92 -76 44 41 72 42 -73 72 -31 20
61 -44 -9 -82 0 29 -73 2 75 -57
-36 -71 -6 59 -84 -14 57 30 80 3
50 63 45 -12 2 -65 84 -77 90 -12
-91 -34 14 -41 13 -55 -42 -46 -9 -10
8 -46 -40 27 -54 36 -93 -8 60 47
-39 -20 57 -24 76 -99 42 -57 -71 -25
11 -65 -16 39 36 50 -84 43 -79 81
55 -19 13 18 53 38 -66 77 -34 26
2 96 1 0 54 -97 94 -5 -87 -13
-46 82 22 -20 61 60 77 38 -30 92
-88 52 -73 -4 -17 -83 90 -47 -27 -74
-25 -56 54 -49 -68 31 -99 -24 -92 -64
-32 84 48 79 31 48 14 82 -89 48
-61 29 98 57 -96 -38 -38 99 -2 2
-45 -6 -41 89 -56 -84 79 82 -47 -57
73 -55 41 -30 44 -26 -99 25 -50 -54
95 37 79 -30 29 -80 0 -89 -15 95
63 48 22 -97 24 -54 -15 -39 90 -90
45 -19 -28 -53 68 75 94 -83 -36 -28
30 1 60 80 41 0 -93 70 -75 23
-49 84 -2 51 -59 -26 3 37 31 -18
55 90 73 70 -9 9 47 -57 -56 -91
10 -19 90 -55 -20 30 63 65 -65 20
-18 -4 -7 -73 -87 -94 -60 88 34 83
19 64 70 90 -53 60 32 34 -6 -17
5 -60 -76 -86 -12 40 -8 -78 -35 94
-79 -59 40 -56 -27 -56 13 -32 54 -48
14 65 -16 -82 -51 -19 -12 -70 38 -31
-7 18 9 13 0 18 36 -27 -69 43
-94 71 -68 70 65 0 81 37 80 -1
4 -24 56 -85 78 89 26 -2 15 62
3 25 56 19 -76 -13 -96 45 90 18
20 83 -89 -17 -62 -5 -74 91 -33 78
-72 -90 39 70 -71 61 -35 -8 18 80
-17 -82 -69 -27 -53 -68 68 -77 -93 93
30 -12 46 -83 -14 4 -74 -59 -56 -70
-86 -92 -46 -9 -81 -1 -9 12 57 28
50 -55 71 23 64 44 74 33 24 20
-64 17 44 -68 -25 -36 73 60 58 67
95 8 71 88 -82 -55 -68 -28 61 -5
-37 2 82 41 -51 53 -41 -13 -9 12
-11 -34 -83 -26 -2 -81 -95 -63 43 89
-78 -42 -57 -85 34 63 73 -56 45 63
-71 -81 -43 -71 -28 49 -13 -71 94 89
85 18 6 61 -31 19 64 0 -36 -9
-86 -56 -31 9 69 35 21 -60 -41 -65
-50 -92 -90 85 31 -12 5 -22 -35 65
9 -53 -78 -79 45 -3 88 -6 -86 -30
-61 -42 -52 -62 -85 83 -69 6 -42 -89
59 -78 -51 -56 53 -43 -54 -93 72 -89
-43 -10 -87 93 -4 92 49 -84 -81 2
