-30 86 88 45 10 91 -24 -76 -27 11
-72 36 -85 80 -92 34 37 89 41 59
-32 44 -40 -76 -71 -65 -91 -72 -73 -25
-42 84 -49 -83 73 23 -61 -65 66 25
-37 -94 -21 3 51 -88 -36 -47 -53 65
94 -62 84 -31 -61 23 32 -59 -30 67
13 -18 42 12 92 37 -71 26 -46 46
7 -14 94 68 -41 -77 -22 -33 3 73
-83 49 92 -31 23 27 64 -16 27 -25
15 -24 46 -13 -57 81 95 39 30 41
87 -3 -84 19 -85 35 -81 8 83 64
26 -45 -82 -52 51 -24 87 -15 -91 -49
39 88 5 -83 0 53 65 42 -76 25
10 -29 -91 -63 48 99 -49 3 6 29
9 -86 -9 -47 -61 75 -49 -40 45 40
49 9 -96 -65 43 95 74 37 67 22
-76 -20 -94 -72 98 54 -16 20 46 36
-11 -28 96 97 -75 -56 -62 -80 -53 0
85 73 -78 0 87 -33 10 -87 23 48
-95 78 -6 76 -77 6 63 48 -76 -49
-61 -47 -34 -24 60 -74 -3 41 -26 22
-75 -34 -17 -7 -99 -83 16 51 10 -58
-33 -99 -95 21 -29 -79 -40 89 29 -52
-71 -43 75 33 -12 -98 -27 13 18 36
54 -6 -15 54 -26 -92 -78 -23 -93 -27
-75 75 69 -90 15 13 -88 98 -33 5
45 2 -84 84 94 85 -96 -6 4 -63
86 -68 -76 52 98 -67 19 -52 -37 55
72 96 63 -45 0 20 92 -43 22 -62
-45 -27 82 -58 40 70 -74 -28 25 -29
39 -46 -8 19 89 7 66 41 -45 20
94 43 -25 29 70 68 90 -49 90 59
-8 67 75 -64 84 33 -45 16 57 22
-76 68 46 13 -59 -83 16 0 -67 70
-59 -33 -94 55 -51 23 -51 43 91 58
-99 9 34 -15 -15 79 59 -6 -24 -18
-8 66 -15 -99 78 -52 63 99 73 63
36 -65 77 51 0 -97 72 99 -82 34
88 -1 79 -52 15 0 21 9 -58 38
30 -37 76 -42 94 8 -10 61 72 71
15 26 -77 50 19 37 -33 85 -90 88
-17 -89 33 -87 -50 -91 61 -22 -28 -12
-23 -55 -85 -95 -94 75 -13 41 21 -15
25 -28 -34 1 -12 14 -25 94 32 84
78 -92 -52 -27 45 -47 -27 -61 -11 73
59 88 60 5 19 21 62 -77 79 -8
35 91 -77 -11 -89 41 -19 -98 78 73
7 36 63 49 33 88 -45 95 -40 -6
48 20 43 -73 51 24 23 23 -10 -75
62 -74 -91 -77 -69 -31 -21 33 29 15
86 -4 52 -32 -63 -3 -61 67 29 58
20 -32 44 -54 -68 -45 91 70 -93 -94
-16 24 -84 -17 -8 -94 64 -39 -40 19
30 30 91 -77 -15 15 24 20 66 52
-31 33 -30 -79 -23 -27 19 14 47 58
89 -16 20 -60 99 54 -16 66 -60 12
-37 -29 -76 30 37 -52 -48 -27 7 -63
-72 62 -79 -66 60 77 8 -76 32 -89
41 -28 85 -72 -82 16 58 -46 -19 91
8 45 65 15 63 -66 -53 -33 -73 27
-78 71 -56 93 24 -22 21 -64 -29 -86
-72 98 -13 54 72 71 -49 -88 80 13
75 78 -34 94 -10 -98 -97 -5 88 -32
30 -5 95 -51 8 -35 -14 -75 93 -13
-34 -57 43 39 44 64 -64 16 -95 -64
58 -77 99 -63 -38 -9 95 -57 -22 70
-33 15 65 -76 -97 20 45 -79 -9 49
90 46 34 -35 -92 -41 -17 37 57 46
-52 51 -91 -66 -22 56 42 39 26 67
72 -62 -98 -93 57 -18 0 57 -20 4
-43 87 76 -81 83 -43 67 -66 35 -50
9 50 -92 -78 -98 -89 73 0 22 12
2 96 -27 -48 10 84 -80 82 -70 56
-37 95 -64 -3 36 -35 38 10 9 21
11 62 21 -43 -51 59 -73 -79 -88 -27
-24 -55 3 14 -73 42 -79 77 -48 28
89 -9 81 -2 96 82 60 -14 -71 80
29 95 26 -88 62 3 -34 -44 -70 36
-8 49 88 3 90 -21 -98 -9 93 1
-73 95 -95 -84 -44 -51 -75 87 46 -23
-14 3 29 44 24 11 -98 -86 -61 -5
-41 90 84 43 -39 0 33 -82 75 -10
-57 -95 -79 -81 -33 -39 95 -21 29 14
62 39 77 -61 87 -87 12 -26 -44 91
-31 40 -22 53 71 -63 23 50 35 90
-16 -14 59 41 21 -64 -28 4 -36 61
11 -71 93 45 13 -25 -86 -37 -71 84
94 53 -11 34 36 21 -89 69 75 50
-78 83 -50 -14 -22 -29 -49 96 -66 51
-44 -78 63 35 -70 70 -7 -82 79 -34
35 76 -83 -97 -54 -30 83 73 -47 71
-78 46 -35 21 -41 54 8 -3 52 31
-86 -18 53 -12 36 16 46 14 -66 38
-90 -82 67 77 27 7 32 50 72 -80
-37 50 -71 26 78 -9 -9 66 18 63
-31 38 65 82 0 -17 0 -65 -61 -62
-86 -61 15 89 73 99 99 93 37 39
44 31 -40 99 -47 85 60 47 32 -37
73 -30 3 -67 -77 -9 62 45 80 -52
-56 94 91 21 95 -38 70 -80 22 10
