0 -23 -70 83 -87 -20 -21 0 12 63
33 74 -98 40 -30 -38 -2 -19 -97 48
64 -83 -78 55 -88 7 83 -11 80 40
6 -40 -88 11 5 -97 51 -61 97 -43
-73 -79 -76 13 57 -1 -36 59 -42 8
-48 -67 -45 60 -73 -24 -69 55 -15 69
99 -35 -33 9 -74 -79 -84 -39 -53 -54
-35 23 -69 -80 79 20 46 50 -98 15
31 13 23 48 42 95 44 -7 24 -12
99 -40 -66 13 -49 -51 23 -14 -63 94
60 68 64 -16 6 -74 -42 47 23 89
-71 -68 72 30 88 -56 20 -48 16 -6
5 -86 -73 55 2 65 37 -95 -31 -7
-77 -4 -58 -91 -32 -1 -20 29 83 82
-10 -41 95 -41 83 99 -6 62 26 -40
12 -32 8 -45 -51 66 -74 20 -48 -69
72 -28 98 -55 -34 -13 -53 78 92 46
-7 -77 -41 1 -44 -79 64 -14 -5 96
44 9 -70 -72 75 21 -22 -25 -31 75
-79 10 78 -51 -93 86 -5 42 -41 -27
33 -46 20 -40 97 -93 44 15 -93 82
93 -62 -51 -71 31 11 47 45 24 88
-51 51 60 92 -17 52 50 -65 -15 29
-51 98 39 -87 85 47 39 77 -66 -27
71 24 4 -6 67 60 -42 18 -59 8
-18 -55 89 0 99 80 31 70 64 -76
74 47 -42 -3 -40 -19 62 -58 -17 26
-29 -95 60 -21 33 48 -83 73 -14 75
-97 5 -33 -86 84 -69 -34 -52 1 1
79 -63 -94 2 -4 -10 -56 14 -5 -20
-4 56 86 7 5 -72 35 -97 -59 35
-12 9 2 -16 26 79 -63 24 -87 -63
-82 -3 -43 -13 2 96 -22 -30 -77 49
-50 75 -17 84 -29 85 4 24 8 -96
-92 -42 -66 26 -19 -85 -49 -40 50 -11
70 -20 -70 -12 47 -52 49 53 -65 -32
0 -1 8 -56 79 85 7 11 -88 -15
51 33 -38 -66 61 30 96 -8 -38 -65
90 -58 70 62 -42 -74 83 43 21 -77
44 48 75 -3 -88 60 66 44 95 66
1 20 83 39 -31 65 87 2 -67 -89
-8 27 88 6 41 -79 48 53 28 81
1 -47 -93 30 29 65 -71 -87 19 -47
44 -31 -40 3 82 72 -93 64 -32 87
-40 -66 15 -53 -2 77 52 -22 -98 -38
-19 25 -28 70 -1 29 1 -67 22 35
11 -82 43 12 -31 -83 -26 -23 71 35
-8 -62 96 -40 -9 -66 93 -97 67 -17
-83 33 0 -63 -49 -54 35 77 94 21
-74 98 6 5 -36 19 26 -70 -48 -65
8 -69 61 10 8 -19 -19 38 29 12
57 6 68 0 -89 -87 -30 -99 42 -55
69 38 85 -37 96 65 5 31 51 92
15 -22 -25 42 20 -72 -79 41 -4 88
95 37 19 -26 -58 96 33 62 -33 34
99 52 -24 34 -92 93 37 -7 63 49
99 -28 -21 -53 47 -92 -1 26 53 86
28 82 -79 -1 61 17 -87 -28 -69 43
-38 -30 -67 -85 -56 22 -15 0 -87 61
25 -47 61 77 7 94 -67 -94 -6 68
49 -21 50 -36 -67 -16 39 -73 82 -98
-13 23 62 90 15 -96 -73 -61 93 58
-4 41 -32 -26 -96 1 83 23 -6 -81
-54 73 -35 96 57 54 -70 -63 -31 -80
6 -52 -74 -57 -11 90 13 11 81 -77
74 59 79 29 94 -49 -67 -55 -87 -76
-61 -87 47 71 -93 70 17 -44 26 -12
-76 -35 55 59 -30 54 75 1 42 27
-46 26 -37 -52 88 74 -97 -90 60 -28
-94 19 -61 -43 5 -98 -13 -21 21 86
-59 -28 -15 8 -48 61 -80 85 -26 73
-26 0 -64 89 67 64 -74 -44 18 16
-55 0 -27 32 -48 -15 59 -98 -36 60
31 99 75 74 -18 -48 -65 67 -90 44
81 9 97 40 71 39 36 81 -44 5
-70 37 0 -66 -61 -24 -75 -33 71 38
-4 10 -95 -72 27 2 -32 63 53 67
-73 39 -66 64 -13 96 -30 0 -16 -89
93 18 72 60 8 83 -22 33 26 -84
9 13 -10 89 -98 10 79 40 -78 82
97 -4 -44 47 -17 -26 -37 -37 46 -88
6 -81 23 -50 81 17 22 -95 -80 -69
73 -45 96 15 -11 70 61 -92 -77 28
8 4 26 28 77 71 -36 -84 -56 -66
-36 -55 46 -83 79 70 26 -79 55 12
-28 25 15 62 -2 -74 83 90 33 76
43 81 3 94 -60 87 -27 81 90 -52
8 -20 -6 -44 24 -81 86 31 28 -30
38 18 79 -75 29 -10 -44 -62 -98 16
-59 -55 -94 -74 51 -37 -44 1 -9 75
-76 16 -61 -13 31 41 38 -4 44 37
85 -22 97 90 -2 62 1 -91 89 9
-13 73 19 11 -72 3 36 -35 -63 -34
-7 13 45 90 73 47 -94 -80 -37 -55
31 21 -55 -21 -23 -46 -31 -15 83 -81
87 -69 -65 77 -1 0 31 21 7 51
1 -85 31 36 -68 79 56 95 -25 -93
55 -68 47 98 8 -45 -43 81 -36 -65
-83 -71 -85 -30 -44 -12 -12 -6 -83 12
8 46 46 -93 8 45 90 -47 86 65
