-25 22 24 -36 -11 -73 -45 56 57 -82
77 21 -19 -73 10 50 41 -98 65 -81
-79 41 19 0 -34 -35 35 87 -81 31
77 -23 -39 84 -17 -10 90 62 75 51
-83 -63 -26 -37 0 -47 -93 35 -37 -76
47 54 -5 -69 -6 -11 94 53 74 19
81 -41 31 12 -70 93 -66 6 14 19
57 -44 -42 -49 5 63 -74 -15 1 20
80 80 -72 63 32 65 44 -51 -16 89
20 80 2 89 -1 31 51 53 20 89
74 57 94 -24 -92 -68 0 57 21 -22
21 96 21 62 31 24 6 -63 35 -83
58 32 -51 57 -7 -66 -91 -66 3 -45
35 -88 37 87 -2 19 -53 -77 -90 72
68 -50 -71 -17 0 -16 63 57 -24 -32
90 -87 -87 -37 -61 48 68 -13 -72 49
39 52 -18 -83 -26 94 11 25 98 49
-67 13 0 26 -38 45 49 76 93 7
80 62 30 33 54 -19 -76 -8 36 -72
34 -39 34 -80 -84 43 -11 9 77 29
20 -61 -73 -74 1 -93 73 -37 -72 -11
-21 75 75 -22 -95 0 -51 -24 80 -56
69 99 -71 27 -90 66 -59 -34 95 -83
-21 76 -56 -9 68 -20 -81 -77 -28 -1
48 93 43 -22 93 -74 -35 41 89 99
5 19 -99 87 -32 34 -23 -1 -12 19
32 -31 98 87 16 49 60 -81 41 94
28 8 58 61 90 -18 -67 78 -21 -55
-8 86 -8 38 45 39 -35 -14 -87 20
65 49 70 -46 -43 60 97 75 34 12
3 -78 -76 -60 76 -9 -2 -72 -91 -65
-41 -12 -71 -78 -10 51 -78 24 -47 37
93 46 -62 -28 87 -68 62 -96 98 -26
-47 80 -5 58 -14 76 -89 58 15 -8
-63 54 50 -36 -44 -68 -56 -46 -35 -42
-67 0 26 -64 37 34 -22 44 98 -49
89 -57 -70 -50 -25 95 6 -39 23 71
94 45 -28 14 88 0 -49 57 -58 65
51 52 72 -37 -91 93 -12 -81 -28 -47
11 25 0 47 -81 -37 -46 32 77 37
-44 77 57 7 -1 24 76 74 89 -62
-56 7 -64 -64 12 64 15 41 -4 58
-81 19 27 -67 -38 -31 -33 46 -88 79
93 50 -19 98 33 -11 21 63 -27 48
-52 -65 -77 -95 -10 -97 17 48 -98 -9
-81 84 72 -59 -67 40 6 -48 25 81
8 76 -28 5 90 45 -26 -78 -28 -41
-71 15 2 -58 -94 -43 -5 -28 -81 -93
1 92 79 -27 -82 72 -54 -23 37 -5
-6 -98 -34 3 27 11 -52 -18 -86 -12
-1 95 90 34 25 -78 -44 37 40 -48
-49 -66 98 40 40 -36 -32 -28 -49 68
69 -54 44 49 98 -73 -74 -50 75 -59
78 35 63 64 -75 93 74 -92 9 -99
-5 28 98 -97 -19 -37 78 64 -63 -90
-34 29 24 14 -41 -73 41 94 -81 -34
79 -7 72 -17 -97 29 51 -71 65 -22
-34 34 87 87 37 72 -62 -51 54 86
-67 -5 71 21 -57 -65 -27 69 27 -17
68 65 -4 48 42 -22 -14 75 98 -63
-51 -22 68 -18 20 13 22 2 94 -57
-61 -70 -75 -71 -32 6 29 15 -70 -69
26 13 -38 94 53 -37 53 12 -98 29
-34 -83 -2 73 -57 15 -16 -26 -81 3
10 -66 40 54 -11 51 -34 -86 87 49
-24 71 28 -19 -64 38 -70 -75 32 -51
-76 36 -84 47 -9 3 74 -67 -66 -49
-38 -70 -16 26 97 44 6 -79 -59 -2
94 -24 -6 -91 3 48 -93 -73 26 -7
3 -45 29 23 23 -10 -95 89 72 84
74 43 -94 -71 52 -9 81 69 -98 -90
-45 95 83 -78 -26 77 72 -59 -48 15
-11 68 76 25 -76 21 36 -70 -9 -83
67 13 -57 4 69 74 22 37 -62 13
41 -62 -84 90 -6 -19 -35 87 -79 -96
-55 -29 -22 -70 3 19 40 -62 29 -39
51 -22 64 1 32 -30 0 46 -49 -57
-4 -5 -68 43 -67 35 12 59 -74 32
15 -7 80 -29 -48 49 67 -58 90 88
0 -16 81 -27 -34 51 90 56 -3 -25
-85 58 -96 87 19 78 53 -6 -41 -98
85 79 -71 39 -99 -64 69 54 -85 -75
-33 -90 93 -55 56 41 -36 -68 78 -74
-61 39 -26 -30 -17 -82 7 -29 24 89
-55 -66 66 55 -91 -20 93 79 13 92
-14 92 -59 83 -59 15 -12 -11 -28 14
-16 79 93 -75 -34 -55 -14 64 -35 -86
63 -14 10 51 35 -23 20 -6 -30 -52
-96 9 21 0 -51 12 20 36 93 -8
41 -99 -67 -49 69 8 -44 9 37 -30
-7 -76 -1 -39 -16 -61 41 -25 85 -38
96 4 6 -65 -55 17 -82 53 -31 44
-77 -41 -4 47 29 -5 83 -99 96 -60
-24 -89 -40 -3 84 -26 -45 -32 -92 98
-81 24 -63 39 -47 -66 -35 4 97 2
-39 -94 -80 80 7 60 -95 32 -15 -43
-87 47 -8 -21 -36 65 -39 12 40 58
-88 -15 -54 -17 37 -91 -96 -63 20 -10
-89 -31 -80 71 62 -27 92 -12 49 12
56 -77 -90 -17 -71 -59 31 80 -96 -90
