88 -32 79 -68 -24 27 -96 83 54 -86
98 -19 60 -52 -88 99 47 53 93 -20
-76 12 -78 46 42 -11 59 -27 -24 -11
-15 -35 -41 17 -86 -85 -19 7 97 66
68 -51 -70 74 84 15 68 4 28 -78
11 94 8 -46 55 51 -62 -27 -73 -97
77 -48 -82 74 -23 12 -51 81 -68 69
-42 -53 -83 93 -72 -43 5 47 -66 -13
36 51 74 -4 61 38 85 -24 -12 -67
-62 66 59 -17 -99 55 -18 -24 92 -79
62 -49 -53 -33 7 59 44 65 -40 -75
19 74 -80 61 -92 -56 -6 -3 -7 82
-40 -64 7 48 2 60 38 -45 53 11
9 50 -82 25 -48 -88 -93 1 52 -48
-24 -77 16 50 -19 86 90 5 -45 -83
60 -47 16 77 -88 48 -76 -9 -54 -96
48 -52 -88 25 83 66 65 48 48 95
32 -7 -86 46 76 -6 -78 -24 98 38
-43 4 -34 -4 -59 14 -82 93 98 46
-26 75 98 87 15 -89 68 19 88 43
28 45 -55 -64 22 -85 -59 34 -20 13
-57 -25 61 4 -48 -2 88 -86 25 -59
-51 -70 28 83 90 38 91 57 28 -75
11 -85 -92 -26 -46 -87 21 58 -59 10
-7 28 -86 24 -63 -93 -6 -14 -82 -1
20 -8 98 -43 21 78 -96 -65 -96 45
71 84 78 -92 94 -46 -4 47 -42 68
85 -1 78 75 19 -49 -5 49 26 28
-64 40 42 83 98 5 65 93 -53 38
98 47 15 -14 41 -1 -14 3 -77 54
25 50 -56 -21 -29 22 -37 -76 44 50
-48 -11 -75 38 0 36 -17 19 26 29
90 -75 -50 -26 -57 0 -28 -36 -12 26
13 -51 -4 -47 -64 5 -77 -79 92 0
75 7 -26 -81 -29 19 -77 -91 42 -65
63 -58 55 -77 72 -57 37 -69 22 11
88 -71 -92 75 49 56 -35 -78 88 23
27 -28 -4 -66 3 18 -89 22 41 -11
35 45 5 -57 -10 -37 -16 72 72 -61
-7 63 75 -40 45 -86 43 75 54 -63
-59 67 78 75 -23 -95 -86 -9 -72 45
-14 -39 -10 22 -94 -88 -66 -85 11 17
-37 48 13 73 -30 88 24 -5 -92 94
-62 5 78 12 25 85 49 74 -24 91
-3 -87 29 59 -81 12 38 -40 -87 82
79 53 74 -95 -29 26 81 9 51 -22
-32 69 76 -42 33 42 51 11 70 69
-23 -31 -88 -67 -39 -54 79 76 3 -39
14 -56 -32 2 -88 -82 16 -45 62 81
44 22 88 -24 68 22 79 77 -2 89
98 86 21 27 30 -58 46 32 44 -12
94 27 44 50 -85 -33 -32 32 -69 65
7 -99 -54 -22 84 43 -87 8 41 93
-6 -97 18 87 71 -58 91 1 -64 92
-30 43 38 9 -48 -46 -56 -87 -87 -75
-94 19 -29 32 -1 -71 -17 -51 66 -72
0 61 -83 -62 -24 3 17 -36 -83 82
31 94 54 -73 -38 -7 84 90 96 41
-14 8 99 -97 -25 19 -86 97 -97 -6
79 -85 80 -40 49 4 9 -82 53 63
-64 -55 54 95 -34 68 66 45 -45 -70
77 99 18 -32 -67 60 96 84 12 -47
36 -31 -12 95 -25 -31 -37 -5 -29 -54
4 -56 -5 -35 -95 90 -80 88 -43 -52
50 -13 -14 -4 -89 -18 51 98 -76 88
-84 22 -5 -69 95 92 59 45 -56 37
-20 -89 55 -87 1 65 -80 -90 -36 81
-62 65 31 -51 -1 79 -1 -50 22 -25
16 -54 -45 61 49 4 -95 -4 11 71
-72 -9 70 -59 -65 85 18 15 46 15
61 -21 -4 -28 88 -54 -56 -1 90 70
14 94 94 -54 -15 40 -53 19 -73 -92
-23 -59 28 -50 6 87 -97 25 -19 -3
97 -24 42 -92 5 -19 -78 -55 82 90
40 -97 -50 -71 -23 -98 84 21 -22 86
-58 86 -54 -20 90 -21 8 84 37 85
51 -6 35 -75 61 1 6 -36 87 -59
-20 -41 -61 99 86 -80 -19 65 -52 -18
-79 95 19 28 -39 95 -98 34 67 -80
-29 71 -32 57 94 1 -22 16 81 60
-61 36 63 14 67 -49 -64 59 -12 56
-49 3 -9 5 15 38 37 -13 22 -43
57 -46 -55 58 88 47 -47 63 86 30
94 -70 89 67 84 20 -26 40 53 -81
-24 -95 -18 -60 22 47 -2 -73 72 95
94 -80 -50 -30 0 -4 -47 -6 64 -47
-35 17 89 35 60 -81 -95 -89 87 -36
94 -53 -3 33 -28 17 36 91 78 82
29 -47 60 13 -71 29 -32 -78 82 -26
-30 26 0 92 92 -10 87 19 -33 68
-7 15 -18 -44 -41 -13 -55 -14 -66 77
-57 -86 32 67 37 -32 -21 -78 79 -58
92 57 19 64 75 -98 76 88 -53 -58
82 4 68 -8 13 59 -56 -89 -81 -50
-21 75 75 48 88 -54 42 -70 -9 94
76 -5 90 91 44 44 44 -15 -50 -82
-34 -3 67 -80 -55 93 56 45 19 -10
18 49 -61 39 24 1 -52 33 92 31
-67 75 -72 76 75 89 77 -86 -5 13
-34 -43 47 -41 -18 92 -98 6 28 49
