-59 0 72 -27 74 39 -42 8 3 40
56 49 -30 10 -45 -58 4 81 42 -9
21 59 -34 -6 64 -6 8 99 19 -26
12 72 2 84 74 44 43 -30 -87 21
90 49 71 72 -1 -85 -58 -51 -79 -38
-33 -8 -11 89 -33 3 -82 -34 70 -80
-83 -5 -83 -3 90 63 44 -87 -61 16
-76 38 -54 -14 -45 -72 -73 22 46 98
-97 -43 -11 -27 78 -20 48 -86 4 -72
-86 -41 33 33 -12 -95 72 1 89 -24
73 -62 -53 19 40 -8 -93 18 10 -53
16 27 -90 93 -21 -31 -49 -73 40 -76
47 -33 19 -12 -87 95 40 -6 -89 69
-94 73 43 -46 89 -39 54 -55 95 -65
67 48 -23 -40 -14 90 -12 89 15 -99
39 13 -4 -43 -41 84 44 33 -98 19
-76 -3 77 68 -35 0 -87 18 -93 98
-34 -6 37 79 -29 88 12 11 65 75
43 -69 -68 -33 -66 -77 -9 -79 -88 20
-53 19 23 70 -87 -84 -72 -60 -65 71
-17 -49 -52 73 32 -2 98 42 -2 -84
63 64 28 30 -84 -71 -24 38 98 -68
17 25 -31 37 19 -95 22 -29 23 49
92 55 -53 28 -15 2 22 -3 -91 19
-66 -73 -99 -3 -96 -93 10 -9 -46 80
57 27 -87 58 76 -64 18 22 57 -56
47 -69 -85 -33 -46 -21 -36 45 -32 -99
91 -46 -96 72 -83 53 -8 -57 27 -53
-29 45 -41 17 -30 -95 -82 -87 -62 -78
67 31 -24 -33 40 8 32 -93 94 8
28 -46 98 -49 -78 -23 93 76 -75 30
-91 -87 -49 11 -51 -32 -37 -47 -5 90
66 -2 -41 27 -59 32 -33 -55 11 39
-16 45 -60 67 96 -85 -92 -12 39 53
8 50 8 -3 -81 -80 41 33 38 -30
-59 16 -49 67 -23 -82 74 -71 -65 59
-47 93 83 -13 -84 -99 -89 -63 31 -30
20 -78 17 -86 -43 68 -56 68 -11 -35
97 49 -45 62 46 15 -20 51 -80 -81
-26 -42 -35 -86 -44 65 29 -87 -22 83
-56 -24 13 -71 -85 34 -67 8 -34 -84
21 14 98 70 -10 -83 4 -60 22 -44
-87 27 -43 49 92 68 -99 -27 -94 -54
-15 84 -84 93 -2 94 -50 41 98 -98
-6 -92 82 -54 -98 -38 10 27 84 52
-4 12 -18 -94 16 -83 -56 -57 -90 -48
-72 20 -26 -17 27 81 66 37 -12 -22
18 98 -46 -18 18 -29 -24 9 -3 -8
-35 13 -95 48 -97 26 6 -84 -57 54
23 71 -23 -10 17 -90 15 66 -26 36
-92 94 40 1 0 -97 -50 47 14 -3
89 -2 -48 -13 72 -91 -68 -21 -2 87
-45 39 90 87 -94 -62 -59 -57 -76 35
94 89 -9 56 22 -83 95 -15 -5 99
-32 -87 2 -41 -51 75 70 -32 31 -44
14 -2 -53 -22 -63 -69 24 0 -24 97
-27 -80 72 -57 -76 -85 44 -47 19 81
60 21 -24 -26 8 99 52 -86 13 66
-25 56 -72 -9 39 39 -95 -90 -62 24
96 69 40 71 64 64 -37 -80 49 40
-2 69 -84 40 37 44 82 36 16 -93
96 9 -20 4 19 -8 -71 -34 -37 -90
44 4 58 63 -86 21 57 -23 61 -37
69 26 -62 74 72 80 31 93 -91 39
-24 30 -9 -72 -29 77 57 -66 95 40
-38 -51 3 40 88 -71 -1 -59 25 73
1 53 99 60 -75 67 13 88 -96 -30
-28 -56 47 -83 32 -55 -39 84 11 -56
2 95 -50 -51 74 -84 59 -96 5 60
-39 -30 -94 -82 14 -41 98 -95 -81 -98
55 -34 -56 -66 -21 49 21 50 -76 -57
-65 -96 22 -94 71 -99 62 -43 -57 97
90 70 -5 56 -91 -61 -31 -60 -40 90
-78 19 70 21 -60 26 -52 6 76 -17
7 -60 81 10 -77 -63 -20 46 17 13
74 79 -44 -21 28 -85 -4 -34 -8 81
-1 34 37 15 -89 34 55 55 4 28
81 22 -36 29 -71 -77 -21 -58 77 -80
-42 -94 30 44 18 71 75 -62 -15 -13
73 -80 60 82 5 21 -44 -26 -85 41
-67 -56 46 36 36 60 -23 41 -98 99
14 98 -69 60 -91 14 -3 -64 -42 21
-86 -53 -24 18 40 34 29 -19 19 83
22 78 54 -66 -71 14 10 -34 -14 -66
6 73 -2 38 -88 12 -31 27 -49 59
-90 -93 41 -20 -54 42 66 2 23 -62
55 -22 71 -4 33 -28 37 -67 -87 90
2 87 -76 57 84 -79 60 11 -32 -79
-2 15 78 57 -81 37 44 -32 -12 -21
37 97 -53 -19 -99 45 -18 -61 33 73
-29 -27 -84 -58 -34 27 0 50 -27 99
90 -65 -67 60 60 6 27 7 -38 27
1 0 -18 -40 -33 -4 31 87 -22 -17
-72 29 -22 89 55 -63 85 60 44 62
-16 -30 0 51 91 -54 -36 44 10 59
21 -75 -65 -10 76 -17 12 40 -99 91
-91 -61 55 45 94 56 51 63 -22 94
11 -32 -51 -63 40 1 -25 91 57 39
-77 -82 88 -30 -21 -50 54 68 64 -92
-44 70 -55 35 -14 63 10 5 -74 47
