25 -63 23 53 13 -59 -50 -47 -32 70
-79 -74 99 -90 -62 -90 -45 -96 20 -95
-48 -6 -63 -53 24 -23 -60 45 -63 2
34 -72 -8 79 33 65 87 78 -42 -34
8 -35 2 -66 -97 74 -67 40 20 89
-24 20 55 65 -64 -12 59 -18 -75 88
38 5 38 -26 99 -49 61 51 35 -53
-50 96 -46 47 85 -65 -38 20 -90 56
31 50 -54 -90 49 -80 -79 87 -87 33
-5 36 -23 63 0 71 35 34 45 10
43 -76 -20 26 -65 67 -6 -70 45 38
82 -41 -43 -65 79 -57 -67 -70 17 -94
86 -73 97 -75 -50 -31 -33 34 84 -79
74 15 19 -57 9 -66 13 45 17 -11
-39 41 -2 29 11 -82 -81 -99 96 54
-69 25 54 99 -81 17 -74 74 -12 65
-64 -75 65 -60 11 19 -69 -96 -12 79
-20 59 -7 74 86 66 -58 -77 35 35
64 43 49 -20 23 -84 19 -82 30 -96
-36 53 -48 -94 -67 36 -98 95 30 69
-29 -29 -2 -13 -78 92 27 59 66 90
-18 -40 58 -50 94 -18 -35 14 -26 -61
95 81 81 53 -16 -43 -25 11 6 -98
38 69 25 73 -2 -11 -58 -8 92 3
-48 81 72 -68 28 53 -24 27 0 -7
-86 -74 -84 -26 57 89 -33 -48 74 41
-34 -82 30 46 -61 80 -41 -74 -32 44
52 -28 70 -7 -26 39 -13 76 -14 20
22 26 -50 -83 63 82 97 15 -7 -93
-94 51 -77 -69 -67 44 64 94 -62 -88
61 87 -54 0 22 -75 -42 31 -53 10
12 10 84 -95 15 63 -91 -60 -39 13
64 30 -16 33 -23 35 -33 -93 -40 97
82 -57 51 -27 14 -65 -73 -17 56 -83
-87 99 74 13 26 76 12 12 8 78
5 32 58 -69 66 -52 36 -77 -86 86
-5 72 57 -86 71 -19 13 63 84 -89
39 -32 0 93 -94 21 50 -23 -29 -62
-1 -61 -76 85 4 8 56 96 -44 -46
88 14 -18 -8 17 17 8 55 85 -31
98 -52 -52 -72 -58 -78 14 -21 -55 95
-76 -71 29 76 -70 -28 72 65 -95 43
15 89 -67 -18 -75 50 -20 -16 -93 -52
-91 -71 -71 -8 -83 96 -62 -43 -4 4
52 -58 83 -83 -26 0 -28 -20 63 85
-3 89 63 56 40 18 0 -32 82 94
63 -2 -33 51 -61 -17 -70 -23 99 99
29 0 -88 -14 72 71 17 -83 87 -33
-59 49 59 64 -17 -38 -23 73 -1 -26
81 63 -11 63 84 96 58 -13 -83 49
32 37 -79 -47 -73 -60 -46 26 64 1
17 -81 4 19 81 -5 -8 4 -72 -1
-94 -95 23 -30 -13 84 84 93 -70 88
-46 55 86 43 3 71 94 -24 90 35
-11 97 -2 12 -35 4 -36 93 88 8
-57 45 53 -80 -18 97 -42 36 -23 -78
48 42 86 70 -49 0 -18 68 70 6
96 23 41 -13 48 59 -69 18 -25 34
-30 -63 93 -66 74 -4 -27 -97 -54 14
-64 12 -49 -86 -45 -57 -6 -81 -84 94
99 29 94 21 -14 80 -53 -21 -22 83
-84 -26 17 -97 -36 84 23 10 -12 -2
68 -76 46 60 -35 0 6 0 -12 -56
49 83 8 -7 49 32 -40 -23 88 -48
-60 -25 93 13 -36 -63 48 97 -18 95
76 -2 16 11 51 -27 83 29 56 -80
-70 96 41 -13 -33 -23 -51 85 -52 -63
-32 -97 -31 16 24 -78 -60 -26 -28 -4
-51 11 83 21 87 -39 -20 59 40 55
28 76 16 -90 -55 -18 73 49 -35 -49
19 -47 42 54 -90 -60 -78 -43 7 54
20 19 -2 -19 -44 46 -9 10 20 -84
80 19 -90 74 -38 50 51 19 -13 47
23 -43 -12 20 -99 1 -25 69 -24 49
-29 -18 -62 68 -79 -63 -73 -62 3 -13
-61 -55 46 -60 96 -88 48 28 -75 -54
-69 -39 40 77 35 -43 -61 -37 -54 -30
-61 -84 63 -67 55 -92 -62 -9 77 43
70 -60 -61 -95 35 85 13 -33 97 33
-27 95 45 -18 34 93 -53 52 96 -63
-90 80 43 -68 46 -77 -60 76 46 -69
-80 68 9 82 22 -69 -78 -42 -36 51
66 79 42 -18 19 -12 -70 90 20 -70
26 -56 -57 -66 49 6 -59 -96 -26 -65
64 54 -27 74 91 11 6 -67 63 -40
-29 99 -67 -46 -92 88 -14 12 -72 44
62 -41 -97 29 17 -98 53 -99 83 45
24 -5 -71 -31 -51 -56 -36 -13 22 13
-70 -86 84 -85 -87 -55 48 -55 41 -99
22 10 -40 -58 46 -12 36 -62 -38 -54
96 38 -75 -18 5 40 -6 87 55 -68
24 87 -3 -68 39 -83 50 17 -76 39
62 73 -71 -45 -72 -16 -68 -71 65 -17
-47 3 -64 -31 -27 68 31 -21 25 1
-77 87 34 0 46 25 -39 -37 -24 69
78 24 -36 -43 38 26 63 36 -35 -69
-71 -71 7 -67 84 -60 20 -43 17 94
81 -32 -49 32 13 -72 48 97 58 16
80 72 -22 22 -66 53 55 -82 88 98
-9 -43 24 -76 -88 -47 -31 99 27 60
