49 74 -38 74 61 74 -88 74 11 74
-13 74 86 74 -63 74 36 74 -36 74
63 74 -86 74 13 74 -11 74 88 74
-61 74 38 74 -49 74 50 74 -99 74
0 74 -24 74 75 74 -74 74 25 74
-30 74 69 74 -80 74 19 74 -5 74
94 74 -55 74 44 74 -42 74 57 74
-92 74 7 74 -17 74 82 74 -67 74
32 74 -33 74 66 74 -83 74 16 74
-8 74 91 74 -58 74 41 74 -45 74
54 74 -95 74 4 74 -20 74 79 74
-70 74 29 74 -27 74 72 74 -77 74
22 74 -2 74 97 74 -52 74 47 74
-39 74 60 74 -89 74 10 74 -14 74
85 74 -64 74 35 74 -35 74 64 74
-85 74 14 74 -10 74 89 74 -60 74
39 74 -47 74 52 74 -97 74 2 74
-22 74 77 74 -72 74 27 74 -29 74
70 74 -79 74 20 74 -4 74 95 74
-54 74 45 74 -41 74 58 74 -91 74
8 74 -16 74 83 74 -66 74 33 74
-32 74 67 74 -82 74 17 74 -7 74
92 74 -57 74 42 74 -44 74 55 74
-94 74 5 74 -19 74 80 74 -69 74
30 74 -25 74 74 74 -75 74 24 74
0 74 99 74 -50 74 49 74 -38 74
61 74 -88 74 11 74 -13 74 86 74
-63 74 36 74 -36 74 63 74 -86 74
13 74 -11 74 88 74 -61 74 38 74
-49 74 50 74 -99 74 0 74 -24 74
75 74 -74 74 25 74 -30 74 69 74
-80 74 19 74 -5 74 94 74 -55 74
44 74 -43 74 56 74 -93 74 6 74
-18 74 81 74 -68 74 31 74 -33 74
66 74 -83 74 16 74 -8 74 91 74
-58 74 41 74 -46 74 53 74 -96 74
3 74 -21 74 78 74 -71 74 28 74
-27 74 72 74 -77 74 22 74 -2 74
97 74 -52 74 47 74 -40 74 59 74
-90 74 9 74 -15 74 84 74 -65 74
34 74 -34 74 65 74 -84 74 15 74
-9 74 90 74 -59 74 40 74 -47 74
52 74 -97 74 2 74 -22 74 77 74
-72 74 27 74 -28 74 71 74 -78 74
21 74 -3 74 96 74 -53 74 46 74
-40 74 59 74 -90 74 9 74 -15 74
84 74 -65 74 34 74 -31 74 68 74
-81 74 18 74 -6 74 93 74 -56 74
43 74 -43 74 56 74 -93 74 6 74
-18 74 81 74 -68 74 31 74 -25 74
74 74 -75 74 24 74 0 74 99 74
-50 74 49 74 -37 74 62 74 -87 74
12 74 -12 74 87 74 -62 74 37 74
-36 74 63 74 -86 74 13 74 -11 74
88 74 -61 74 38 74 -48 74 51 74
-98 74 1 74 -23 74 76 74 -73 74
26 74 -29 74 70 74 -79 74 20 74
-4 74 95 74 -54 74 45 74 -42 74
57 74 -92 74 7 74 -17 74 82 74
-67 74 32 74 -33 74 66 74 -83 74
16 74 -8 74 91 74 -58 74 41 74
-45 74 54 74 -95 74 4 74 -20 74
79 74 -70 74 29 74 -26 74 73 74
-76 74 23 74 -1 74 98 74 -51 74
48 74 -39 74 60 74 -89 74 10 74
-14 74 85 74 -64 74 35 74 -35 74
64 74 -85 74 14 74 -10 74 89 74
-60 74 39 74 -48 74 51 74 -98 74
1 74 -23 74 76 74 -73 74 26 74
-29 74 70 74 -79 74 20 74 -4 74
95 74 -54 74 45 74 -41 74 58 74
-91 74 8 74 -16 74 83 74 -66 74
33 74 -32 74 67 74 -82 74 17 74
-7 74 92 74 -57 74 42 74 -44 74
55 74 -94 74 5 74 -19 74 80 74
-69 74 30 74 -26 74 73 74 -76 74
23 74 -1 74 98 74 -51 74 48 74
-38 74 61 74 -88 74 11 74 -13 74
86 74 -63 74 36 74 -37 74 62 74
-87 74 12 74 -12 74 87 74 -62 74
37 74 -49 74 50 74 -99 74 0 74
-24 74 75 74 -74 74 25 74 -30 74
69 74 -80 74 19 74 -5 74 94 74
-55 74 44 74 -43 74 56 74 -93 74
6 74 -18 74 81 74 -68 74 31 74
-34 74 65 74 -84 74 15 74 -9 74
90 74 -59 74 40 74 -46 74 53 74
-96 74 3 74 -21 74 78 74 -71 74
28 74 -27 74 72 74 -77 74 22 74
-2 74 97 74 -52 74 47 74 -40 74
59 74 -90 74 9 74 -15 74 84 74
-65 74 34 74 -34 74 65 74 -84 74
15 74 -9 74 90 74 -59 74 40 74
-47 74 52 74 -97 74 2 74 -22 74
77 74 -72 74 27 74 -28 74 71 74
-78 74 21 74 -3 74 96 74 -53 74
46 74 -41 74 58 74 -91 74 8 74
-16 74 83 74 -66 74 33 74 -31 74
68 74 -81 74 18 74 -6 74 93 74
-56 74 43 74 -44 74 55 74 -94 74
