49 39 95 84 -30 -25 75 50 99 29
-17 75 47 -8 -6 78 -61 -85 -57 0
85 86 36 85 47 -60 -60 69 -92 -79
86 69 -57 65 -92 -32 84 -37 92 -58
-58 37 -63 -31 -60 -1 57 -2 6 31
57 -62 -68 93 67 -82 94 -12 94 -93
39 86 -31 -76 32 38 -70 -5 76 -34
4 -17 49 84 95 -51 3 -84 42 -16
-22 -34 -7 -64 -45 99 7 18 26 -85
-15 -52 -97 -71 -1 76 -88 -46 89 -49
-66 72 79 3 -72 33 91 64 22 -42
-20 30 -37 -6 5 -42 60 87 51 -6
60 39 -20 -66 -68 -73 83 77 -77 66
15 10 31 66 79 71 33 2 -51 -92
-22 70 73 -61 -53 65 11 -63 -26 57
85 73 13 -11 92 19 17 -4 13 81
46 11 -55 18 -47 36 40 93 17 95
-52 58 -21 22 -54 39 -22 25 6 68
-1 82 -18 -20 9 54 31 -2 59 86
-24 -77 95 -51 -26 35 -75 -13 23 -60
-21 65 6 -82 68 64 -1 -21 9 -10
72 90 80 -35 70 -98 -78 90 67 78
10 18 -80 -24 80 -3 -19 -24 16 -3
8 -97 13 42 -31 -89 -13 -69 -71 85
-53 95 -27 22 -30 25 -17 -99 86 71
63 -31 85 -59 -70 11 5 -29 -17 81
-7 38 37 -56 98 47 -6 -70 -71 45
-79 -70 49 -96 63 3 -1 5 -62 6
-99 -20 88 13 14 48 7 14 -5 -70
-76 96 87 66 56 -36 72 -77 15 -34
-26 -94 -4 25 -67 83 54 8 41 -34
-71 87 -46 72 -82 -75 22 -38 55 -97
-88 33 1 95 -22 68 -43 -46 92 -80
-33 -64 -23 42 -78 79 -20 -28 44 -53
-99 67 15 9 60 16 20 81 -2 13
-93 -83 70 -82 -64 91 55 -94 -41 -64
43 -39 -4 7 -21 -97 -40 -67 -59 -46
86 70 49 60 30 -75 -99 71 -43 93
57 78 45 38 -78 -94 -23 -41 12 -71
-28 -61 -87 92 4 -59 74 6 -2 -81
88 69 52 94 30 -73 -71 -13 -95 79
20 37 38 71 -41 0 -53 92 -86 2
67 52 -13 -51 -80 7 32 43 -93 -11
-83 -90 -19 92 -1 -67 -98 93 -53 -37
-25 71 -50 35 97 -90 13 14 -20 -2
66 37 36 -18 65 -31 10 47 -4 -49
-59 15 -13 -45 60 -11 -52 -13 69 -60
60 21 -69 -93 0 -68 21 22 -24 30
-40 -67 -14 78 53 -65 20 -87 30 65
-1 41 -44 -92 -48 22 -84 4 -17 -92
-27 41 10 0 35 -5 6 -23 33 -54
21 -76 65 39 84 -60 35 -40 100 60
-49 93 -57 -18 -41 92 26 56 88 2
-69 -22 -78 76 14 -31 57 -25 80 -1
74 37 -75 35 11 1 -29 38 73 -78
17 -14 64 17 -77 -74 83 57 12 53
48 -59 51 70 -26 -95 45 -69 -91 -90
11 48 -65 99 -45 8 -10 -94 -73 -54
7 -69 -76 5 -60 -20 85 -56 -52 -65
-19 -34 -28 -51 63 92 50 17 87 -1
-22 -78 -13 -98 -48 32 17 -47 -46 -63
-54 -62 -72 -15 -12 3 88 -71 89 -27
25 -58 81 24 -80 6 67 28 -26 -38
62 -91 -41 -82 8 51 95 90 51 -48
18 20 -83 53 43 17 47 -1 -2 92
-89 79 -58 45 33 -24 55 81 39 11
89 15 14 36 -29 80 -51 -25 -4 85
26 -29 -45 2 -21 -57 33 -3 75 -92
-60 -11 37 -76 0 39 -53 -24 0 70
8 -38 22 -18 91 -97 52 -65 -21 75
-67 -97 -13 34 -15 -74 -57 -41 58 86
78 50 26 -6 10 85 49 -54 -71 35
49 -58 -91 -83 -79 -75 4 -52 66 -39
56 -39 22 89 0 -2 47 -42 -27 15
-47 39 23 -53 -47 9 -56 15 -57 58
88 2 -69 -81 -67 -28 80 46 -86 -28
84 12 26 32 -12 -61 -73 -62 48 43
91 54 66 96 -82 39 -3 -15 -59 -7
28 94 64 -47 84 -8 57 -38 12 12
-17 44 57 -83 -67 99 55 -33 88 -42
21 -13 10 65 52 -77 -94 13 -7 10
46 -55 -61 47 -5 -10 -15 65 -74 -70
-53 -12 53 -93 -53 -61 -98 -11 20 -50
36 -92 3 -19 -43 -81 -80 68 -12 -7
-65 -36 44 -46 28 57 -86 -78 32 41
71 38 -97 34 85 -60 -93 18 60 92
82 -90 29 -20 -92 84 -90 -49 -55 -6
21 61 -17 -46 -42 11 49 50 35 94
-28 -80 -16 -37 36 71 65 -47 -60 -70
32 46 25 99 -74 58 18 84 -96 73
28 -10 91 -48 14 -13 53 72 71 -20
-22 74 -32 -29 -22 -48 -17 -54 77 77
-58 -39 36 96 73 76 -33 73 40 -24
71 72 15 22 30 55 -58 54 -18 12
-37 -4 32 -12 -64 33 97 64 22 -14
-85 21 65 -52 -35 41 -99 90 -40 -61
-40 3 13 -11 -46 -53 -88 -59 -25 -90
-29 27 10 95 99 -36 14 67 -2 -46
80 74 49 75 87 17 -21 -25 -23 0
36 -29 47 -90 -83 -69 -71 -78 -4 -49
