-30 65 -6 -72 -34 -76 94 -35 92 1
81 -3 93 10 -32 60 49 -84 81 47
87 -39 85 0 6 -9 9 -15 87 43
-81 54 36 7 -78 49 32 -95 56 -88
6 35 -78 -88 42 -90 89 -31 43 -21
59 -43 86 4 -69 55 11 99 2 -81
38 -4 -33 94 -16 61 -30 -9 -22 44
58 -83 99 -73 -9 42 -53 88 49 28
-30 6 38 -29 50 -70 74 60 -69 -25
29 -91 -41 83 24 31 20 -41 45 -94
79 -24 -17 -72 53 5 30 63 84 39
25 -87 35 23 -44 96 -92 81 -92 -8
-87 66 54 52 -39 41 2 77 48 -3
3 67 10 4 -87 -58 -69 50 17 -8
-73 -51 9 -93 33 -36 68 -20 -88 16
24 86 1 -39 34 85 58 43 -46 -22
18 41 -35 76 -73 -24 61 61 -12 59
81 45 -88 -19 -54 75 -90 97 74 -19
27 85 91 -45 -53 83 95 -4 -67 -12
-27 18 -58 33 -13 -53 18 -21 81 51
36 0 50 -54 -72 -88 -27 26 -25 21
-99 -98 -75 62 -93 9 73 99 81 -96
39 88 -29 75 4 93 -33 32 36 51
47 71 -39 -10 38 -53 96 74 17 69
47 -9 -66 61 59 -19 -51 -66 -4 -3
-70 -19 16 27 -36 92 -40 11 97 -28
75 72 9 -14 5 -39 35 21 -49 -10
40 -46 29 -60 2 51 0 23 28 79
-26 81 70 -8 -96 -84 -42 -99 35 50
65 -48 -83 22 -47 -68 87 77 91 5
14 -84 -63 -65 67 63 -68 98 -10 38
94 -8 49 10 -67 -41 -19 54 89 17
-93 14 -8 96 97 91 -27 -76 51 43
14 12 -49 27 97 78 -78 67 -89 -32
-73 76 -21 43 48 30 -90 96 -63 -67
-40 -62 -59 -89 -75 44 -71 69 84 -89
45 -51 13 -50 -29 -28 13 -44 -41 -93
-81 71 -15 -47 -37 28 -77 -2 65 -41
-85 -4 -77 35 46 47 -97 73 46 97
99 -31 97 -83 31 -86 -63 -74 -55 -7
83 -46 -7 -50 -6 -33 -42 -72 -28 12
46 0 4 -80 -16 -85 -97 32 -26 -91
-75 20 -76 56 -31 -61 -29 -29 25 -53
79 0 -46 -95 -20 -36 -15 58 32 79
24 36 57 97 74 32 -47 -95 99 -90
-42 65 -80 53 -60 3 56 -7 79 94
38 32 -85 20 -11 15 -44 -88 36 -6
-22 -88 -21 54 9 76 -55 -79 -58 12
0 41 62 63 78 -15 82 -26 -83 93
60 -98 -78 58 -81 -44 -88 -87 14 55
-93 -15 -18 -86 54 17 -19 97 -48 -29
-18 66 -24 -23 52 -8 -26 -61 75 18
-26 -63 -18 -72 -9 -10 47 -14 -34 -42
-29 -9 67 -22 -75 -15 0 44 -32 92
-85 -62 -99 94 34 -90 -13 -80 -19 -7
91 -56 38 -29 -92 7 -79 -40 83 54
-77 29 -14 80 -19 95 -48 11 -7 -76
60 42 -34 -94 64 -83 97 10 -20 -16
-9 -83 56 -51 -28 31 60 -49 -14 45
-83 53 60 41 -67 -39 -54 -3 -33 -73
-75 -81 25 7 47 18 31 10 -62 -55
-13 -31 -59 63 -33 18 70 97 -46 -88
92 -29 2 -34 85 -82 -61 60 -91 -95
-73 48 19 -38 4 93 -83 -98 -5 45
-45 72 -61 -53 87 16 -50 -11 22 94
9 75 19 5 -31 -4 30 -74 -67 -12
-3 -96 43 77 -47 -41 -82 49 15 45
-17 56 46 14 -3 -86 27 -88 27 -73
44 36 64 58 87 76 37 22 52 -38
42 22 30 -99 2 -43 25 65 82 15
-93 68 -86 -81 73 -72 63 11 20 72
33 -62 -93 -18 -39 36 -6 29 15 -63
-98 30 84 -97 12 81 87 84 37 -7
-6 65 10 -55 71 68 15 -62 -49 55
-78 -84 -49 -60 -13 -21 -87 -13 90 63
79 36 13 -7 64 -35 34 -80 93 62
11 46 2 -25 97 -38 13 28 -57 31
18 -31 22 -51 -74 74 -59 -37 14 -84
-42 -5 91 -90 -44 55 62 -4 -93 -52
-24 34 16 50 50 45 -24 95 -72 -87
98 -12 -11 95 90 -42 41 -24 -4 -38
-8 88 1 -9 85 54 88 69 86 -1
17 39 35 18 -41 14 -60 37 -62 -13
-23 17 -19 76 -92 56 -89 55 76 -68
52 77 -57 -56 71 -67 49 60 -99 -99
-18 67 16 -60 -70 48 46 -26 88 86
-42 58 15 40 30 80 72 19 45 -81
57 -83 92 -9 -50 -13 44 -18 85 -91
-7 51 -48 -46 84 -90 78 95 44 -79
58 -55 79 75 70 24 -81 -28 3 49
-6 24 -1 53 23 -44 -80 68 62 -27
89 50 63 -25 -28 -97 54 53 90 89
23 0 -81 -57 73 -39 36 70 21 -58
40 -49 -5 78 68 -77 41 0 -8 66
80 25 40 -92 63 20 6 -43 64 -15
-76 -65 1 -21 89 55 12 -30 -94 80
99 36 -91 -61 -15 1 -97 -86 -76 -11
86 68 -99 -72 -87 32 -91 -70 95 -63
-11 -25 1 -17 27 -11 -75 -19 -31 80
51 29 -79 82 -45 -22 -50 -38 89 57
