64 99 -68 -32 -61 2 99 -54 6 2
56 12 -4 91 -25 -6 65 90 -28 68
73 64 66 -47 90 -4 93 -52 -36 93
54 0 63 57 36 64 -11 -40 89 -12
17 -49 31 -51 91 69 -97 -29 96 78
50 -48 54 46 76 -17 96 67 -31 36
74 10 -88 -86 13 -25 -27 -55 22 46
77 -54 -19 71 -92 62 -32 33 -60 88
-79 2 -4 39 34 -22 -94 0 -42 -56
-87 36 86 -75 -36 0 -73 20 -87 -98
39 85 -98 1 25 -59 -66 69 -59 23
75 -45 88 -8 38 -47 -15 -39 -43 71
-46 90 43 98 -62 86 88 -72 0 23
93 -22 -67 -6 -31 43 50 56 -90 -11
-80 -18 -25 78 58 -43 -77 -26 31 -36
93 -76 34 57 95 66 -58 25 42 37
-62 -98 -29 63 -19 -6 45 14 -30 10
-33 47 44 41 69 93 7 96 -70 -36
-73 3 -26 -11 -3 -97 74 22 -14 8
44 66 -14 72 77 -57 -92 57 71 73
-5 -11 52 -13 -64 1 89 -8 -6 -85
36 58 33 64 -54 79 -17 -61 80 -19
-91 27 71 -59 -26 -92 58 51 88 -91
17 67 15 10 97 21 19 -38 -17 73
-96 4 -94 -84 96 -73 16 97 -75 94
-43 -89 32 9 94 45 52 25 -27 -74
-74 -59 -5 46 62 -85 48 -33 38 -85
68 79 78 -29 -61 -17 -63 -58 -58 15
-32 42 -33 92 -17 64 -59 -42 33 46
-3 89 3 22 32 2 77 39 -6 2
4 47 11 13 15 25 -81 -74 39 -24
-68 1 -90 -67 74 -74 -98 39 0 -47
-55 16 -32 -5 99 -34 -39 -97 81 71
-69 -14 -78 34 -23 -41 70 86 87 51
31 -52 -70 19 -47 -39 -89 53 -91 -42
-95 -71 75 -58 -81 -63 60 70 66 -47
-23 1 32 -7 -74 91 83 34 77 -63
43 -74 -86 -62 -8 -21 32 2 51 -52
81 94 -7 -68 -4 48 -76 -29 41 3
54 -25 4 -3 -63 -79 44 -57 -65 32
38 16 -74 -71 -60 25 -35 74 64 80
-21 46 60 43 -40 52 -45 -48 95 86
-24 86 35 31 68 18 39 21 -17 8
-29 -97 26 -80 -13 67 -6 -64 -45 69
15 -99 69 64 -66 36 31 51 41 42
-83 72 -70 -52 4 19 -8 41 -6 30
-29 -1 63 14 18 -84 -41 55 -73 67
-2 -68 75 -19 24 40 13 -6 45 -28
38 -74 65 -19 66 88 -10 66 -47 -22
-79 24 33 53 -54 17 -74 -18 6 36
48 -76 -72 74 -44 64 31 7 71 -20
-37 -76 -33 98 -78 -20 82 85 -56 14
-60 94 67 77 -2 71 -18 78 55 -97
24 44 -26 22 89 62 18 6 -15 11
26 -26 -39 -56 98 0 -27 50 -99 71
15 24 -47 10 -68 17 39 -11 69 -52
72 27 99 -65 54 -50 -26 5 40 68
-86 27 93 37 99 49 -36 -83 -23 -76
87 -77 98 72 -49 -40 12 29 -2 -39
70 14 73 -47 80 12 92 78 21 -62
-85 82 35 -19 -18 0 -63 80 59 3
-46 -70 53 -1 86 -72 9 -88 35 73
-23 -81 -86 56 42 42 -92 65 58 -90
29 11 70 76 -82 -75 -47 23 97 57
-19 88 87 35 -66 -14 1 -17 15 63
77 -65 -12 47 -22 -92 -32 13 58 62
-39 47 6 0 46 84 70 -63 -81 -87
82 27 -42 -33 -90 50 -98 -57 71 -38
65 13 49 78 91 86 -14 23 7 -42
97 -85 -20 74 53 41 41 -41 48 79
21 33 49 75 -89 -43 -68 -49 -35 57
-13 81 -92 90 77 -51 66 -97 -91 47
-50 -27 -24 -10 77 88 -98 98 -22 82
-92 -90 -56 25 -39 84 60 -54 -7 -79
-52 52 -98 -18 48 -91 94 88 36 -7
63 -22 22 54 36 -64 -32 -42 -8 70
-64 43 -65 -44 -39 -71 61 27 6 -83
-64 63 -39 5 -96 16 -28 43 -31 -33
52 8 -89 -72 -82 75 -44 -85 86 32
-83 -26 -38 48 -98 44 65 83 15 -59
95 -71 98 -32 -50 87 -23 19 -95 -4
69 31 42 58 -64 -92 -31 87 -36 77
-94 -5 -16 -23 0 95 95 94 24 92
-66 41 15 -37 -16 24 -11 -37 39 -80
71 68 -69 59 -96 -25 -12 27 -33 19
70 -40 6 75 -83 0 -12 30 95 -20
-5 89 -78 85 -82 -83 20 -71 -56 -9
-53 -9 45 -49 -23 -64 -41 14 -43 -63
-71 -25 -90 69 -82 98 17 0 22 -52
14 42 -32 8 -90 -97 51 68 -79 -30
-3 56 48 -86 -49 -12 -22 -58 22 99
64 78 66 53 35 69 20 89 27 65
95 88 -14 77 -11 15 89 56 -95 -42
26 -13 -36 9 -54 -40 -34 6 -35 38
76 -2 -11 -56 81 77 22 22 -83 29
32 -39 65 -18 58 -84 -57 93 -88 -27
46 -41 5 51 -69 -77 -25 -48 6 -33
-78 25 -46 35 -56 -18 -54 30 24 -35
24 -87 -16 -45 13 55 92 -41 -38 -85
-10 41 88 -70 -25 66 -89 75 -98 -13
