62 24 -29 -2 12 81 -39 66 -41 43
65 -54 72 17 -59 -74 60 11 -89 88
80 87 -81 -6 -22 40 -33 -14 0 -15
28 -15 -78 17 76 83 -97 -52 -10 -28
-79 -48 65 94 48 -60 -75 24 64 -35
87 -18 -29 68 -31 -84 -96 77 59 98
-89 -25 -12 -9 88 -84 -57 66 -90 -20
68 73 -19 -83 -32 -96 92 -71 96 -55
73 -95 8 -41 -78 66 53 -13 -57 -73
91 -1 -49 18 85 -97 62 -47 83 10
-6 -33 12 -19 -17 -62 -42 58 -55 -65
5 -27 -26 -70 87 75 22 31 -4 -7
-52 -91 -73 -81 -91 97 68 47 -25 -38
11 21 0 77 -81 87 35 -35 -2 -69
90 -21 -15 -86 70 -95 -68 41 -36 -93
64 -50 -94 -97 -6 3 88 79 -57 84
-86 -21 48 -88 75 59 -10 26 -74 0
-10 -9 -29 94 -15 88 -17 -97 -23 -22
-95 69 -43 -68 -4 -98 98 48 32 23
-34 15 7 -81 88 79 43 81 7 -70
46 95 -78 49 31 -64 -9 -25 -33 -33
84 78 45 -28 68 18 25 -31 -6 37
-80 35 -47 -10 8 32 42 -64 -3 21
-62 -29 -42 53 -75 -64 -59 87 -62 41
85 40 63 -57 -16 -58 44 -86 -92 -61
-22 -92 -75 -97 -45 -4 1 -92 95 68
-72 61 -84 5 75 -21 -60 57 56 -75
13 45 -53 -77 89 -18 10 -58 -4 27
-34 -52 2 -52 84 6 -95 -36 35 -52
5 -11 92 16 -41 -84 -25 18 20 25
41 81 56 -79 -15 10 -34 -15 12 74
1 90 20 -85 8 -38 43 -52 -67 -93
-85 -80 40 -46 -83 2 70 -32 -52 -22
5 -10 -95 15 -92 -18 -32 31 -44 -6
-60 -43 30 49 -65 -33 -10 52 -25 -79
-11 -64 36 38 49 72 10 55 -75 60
76 41 59 -87 -74 -23 -32 -94 17 -80
-40 -90 -15 61 -11 -39 -23 93 -99 70
92 16 -15 99 98 91 -53 39 -34 -90
84 -81 38 -2 0 15 -86 89 9 54
37 29 57 -86 -34 19 -75 20 -5 9
16 8 13 55 -83 55 -33 54 28 21
34 -14 -20 -52 -32 -57 9 24 5 -78
15 -54 60 2 -49 26 -31 -25 3 -4
86 -2 91 -90 -31 -67 2 91 -51 4
54 -46 19 34 -83 87 -74 50 -17 -68
31 -8 -24 4 76 -64 -29 65 -35 -40
96 -77 62 -60 -74 -21 -32 -58 85 87
89 96 -25 -98 27 64 -5 -43 -31 -48
18 84 -67 86 -97 59 -14 28 53 47
83 -6 32 55 -70 -46 60 14 12 95
74 -5 -69 -11 -35 86 53 -62 -64 83
-62 44 -57 63 -75 83 4 40 -42 48
-83 -84 -9 89 -63 71 -22 -34 76 -60
-95 36 99 -54 4 -84 14 -11 -35 -77
50 -22 -58 -7 -38 56 -32 40 31 67
88 -24 10 -52 -48 52 -23 18 -92 -99
84 -14 -10 -72 34 46 -66 66 83 -48
64 -28 92 -79 4 17 21 -36 -82 0
94 -55 41 -33 75 -19 40 -5 37 -29
33 -34 20 -56 -91 23 52 -45 -83 39
-2 48 -67 98 83 -42 -57 -33 17 47
34 69 30 -77 -43 16 37 -18 -6 -38
73 38 58 0 82 33 29 74 -92 34
41 3 -90 2 28 -11 38 57 11 -70
-6 74 84 85 -8 7 -80 53 -95 40
-85 39 43 97 51 35 96 -79 -42 18
35 3 -42 68 47 -33 69 -74 8 78
-99 -49 29 -3 -8 -25 3 65 0 -6
-41 60 22 -73 45 -85 -30 92 7 -45
-89 -87 90 72 33 29 4 13 -62 89
63 43 72 74 -14 3 -23 -64 -99 -79
-43 -56 -79 14 -28 -57 58 -29 86 -72
88 31 -71 -45 77 -71 37 -57 -91 -37
65 -74 -64 -60 75 -46 28 46 12 -12
-76 -4 -69 33 17 23 95 -72 -15 -1
-8 32 -8 -79 64 8 -29 66 -3 -28
68 -98 -76 59 -23 69 45 -61 -52 -47
-12 17 -25 93 -37 -12 35 75 63 -52
61 44 -34 82 97 96 61 -82 -89 -43
34 -31 -7 -28 -57 12 19 -16 7 57
-79 -8 56 -8 53 -86 -91 -98 -80 48
90 -55 0 -24 35 -43 -11 80 1 95
-33 99 0 -51 8 -33 13 64 -91 -49
-9 93 -14 -79 91 93 -77 40 52 -38
88 -93 -6 -46 67 7 -65 45 56 31
71 -19 16 -73 -33 -59 -62 72 -10 94
-51 29 -42 -88 -73 -81 51 -98 35 38
27 80 -47 4 -75 -81 43 -58 -39 -60
51 17 93 33 63 -46 13 -39 57 62
-92 75 -26 -52 19 57 -15 30 -89 4
-61 -88 66 -75 -95 -69 -21 54 66 -76
-70 -36 -82 35 64 -57 -12 21 -13 -11
51 52 -84 -2 -23 -47 -59 56 53 83
43 81 -61 -70 25 74 92 -48 18 -89
-2 -5 -31 39 32 41 62 36 62 43
-57 -99 -3 -8 41 35 84 39 76 48
-10 -32 -63 59 84 58 6 -58 78 -98
43 -63 -93 -26 70 -72 -4 -6 -28 22
-87 19 -60 72 55 85 40 42 -51 -22
