-93 -39 58 -88 -4 80 -62 52 52 -82
70 53 17 2 -40 -40 -61 -39 82 60
-28 5 42 31 46 -65 37 66 60 -85
-89 82 -55 -93 -13 79 -11 78 -85 34
96 -19 21 10 -25 58 -36 -26 -67 -2
71 -25 0 36 -10 89 13 50 -63 -72
97 53 -11 -24 -1 -86 -71 -15 24 -16
11 82 21 -87 -85 92 27 84 -21 45
-52 -78 -99 -13 -6 17 86 -57 56 27
71 -8 -29 99 41 51 -7 80 46 76
78 -42 48 0 8 -91 80 -86 -4 -52
-53 16 -49 -61 -80 -12 -71 51 -75 -57
-27 53 5 -45 -46 -59 -33 83 -44 -75
15 24 15 67 -88 96 35 -39 -40 90
1 0 -3 78 -43 67 25 -54 13 82
-4 99 56 -34 21 4 -26 13 68 33
-92 -50 20 -67 -37 -54 15 91 -61 -98
22 86 33 34 4 -85 -96 39 30 -93
-57 -52 -75 10 53 -73 -33 -62 95 -68
13 -35 58 -62 83 39 -88 -96 9 31
63 -38 -91 86 -43 72 48 10 44 74
-36 -78 -20 -3 47 79 -49 6 52 -29
-34 -75 3 15 17 -99 -50 99 16 99
-50 54 -65 -13 -62 -51 -72 94 57 1
-18 -85 -67 -4 -59 73 24 -23 -97 50
56 -97 -57 79 -28 -46 -70 -23 -16 -83
-97 63 15 46 86 43 -32 -72 -58 -56
-4 84 93 70 -95 78 61 30 33 78
59 -26 -81 -77 -45 -63 68 -97 -81 -42
83 72 -15 -23 -62 -39 -60 -99 -11 63
-18 -35 61 -99 82 54 88 -25 51 -74
-76 -96 -85 12 69 57 -9 -67 23 -77
-93 -29 88 24 85 -67 31 -65 -73 55
-45 -21 -88 -4 -23 -51 -91 -77 0 -44
-58 -36 39 -53 21 -6 -81 34 -42 4
-19 65 7 -59 23 89 -12 -61 17 -90
-60 -71 -76 -29 58 72 -95 -95 -11 8
71 52 -96 4 -45 -61 13 21 90 -65
35 -76 -43 -18 -89 -58 -17 69 -41 69
-96 87 -33 56 25 63 22 78 -2 -44
35 2 -95 30 69 21 -47 -87 -99 -14
-36 -25 73 -63 -26 -60 86 93 -82 -86
-66 -79 16 -70 72 84 85 47 71 -58
-7 38 -40 -31 18 84 -78 -78 88 -75
-31 43 -6 -23 94 -86 -28 79 -17 -82
74 52 -26 -40 91 25 72 -86 71 24
74 -99 -96 3 78 42 -46 -94 -33 -72
43 16 -8 27 63 -23 47 -11 -91 -98
70 80 40 -38 -43 57 30 -39 91 -43
88 49 -28 -69 -38 -77 -15 -36 49 53
-25 -68 50 66 18 -72 46 49 -5 72
67 -32 -83 -23 47 74 4 21 -19 48
68 82 53 -71 -56 -68 -28 -54 87 -17
97 24 57 -3 11 58 93 -28 6 14
75 -27 25 83 -79 45 95 54 30 -19
-15 51 -64 14 40 59 -82 5 -19 68
97 84 -15 41 -41 -5 -59 -60 93 -44
-17 -18 -48 22 -63 69 22 -79 66 -23
79 -26 -3 33 -55 -69 25 10 70 46
-61 59 52 18 -28 -16 27 -43 -75 72
74 67 33 70 2 -66 92 -93 -31 -56
-67 79 -37 -37 23 -85 -68 58 3 85
94 23 49 89 -94 88 11 -93 13 -33
35 78 -45 70 76 -82 -13 59 20 62
11 50 95 78 -67 -55 76 -81 -19 27
-49 9 -33 -50 52 50 86 -26 27 30
55 -13 -99 14 -80 11 -64 -92 -43 49
-55 77 -54 -46 8 76 39 -34 50 -27
-49 96 -8 66 -82 48 -7 -48 38 -68
-62 -50 -97 -24 -82 58 -35 85 56 28
5 -87 -35 25 10 18 40 -6 5 51
-36 98 47 97 5 19 60 -19 -57 -30
25 99 96 31 45 -72 95 49 88 72
-79 63 31 -57 -28 -57 -37 48 -99 47
24 -9 -72 -12 -21 -9 47 -63 -90 56
94 69 -89 9 37 -27 -43 -21 7 -58
15 29 68 56 73 12 -22 86 -36 -54
-41 58 72 67 68 -80 -90 70 34 -8
-16 22 -10 -72 1 -81 34 58 -1 44
57 8 -36 54 68 -14 -99 -37 -46 66
-21 -1 -61 66 87 12 80 -98 -94 21
-43 -68 -44 -25 -50 -93 36 43 -33 46
-70 -52 21 77 -31 94 -23 62 31 3
-31 -52 87 30 -89 5 37 -5 -53 96
63 -33 73 -65 -20 82 -8 -1 -1 59
57 35 4 8 7 -82 -23 65 -14 -87
-42 -23 -56 -52 -35 -61 -22 -48 -84 88
-52 83 33 -34 -52 42 -85 3 0 2
36 46 95 92 -29 82 35 82 -83 73
-58 -93 32 80 50 28 -50 4 -32 49
53 68 26 -94 -30 -80 86 65 19 46
9 67 -96 -47 -39 77 24 -86 54 -98
37 67 29 16 88 87 89 -10 -32 -35
29 62 36 75 -77 26 -15 -54 3 -59
-86 13 93 2 86 43 -91 36 -28 -38
-40 78 20 -6 94 -2 -43 74 -56 -88
-22 15 -43 -80 -8 -71 41 62 13 18
-29 -17 -62 -80 16 -32 53 12 81 6
0 60 -27 23 33 62 -53 -89 16 -50
-54 33 -21 61 71 4 52 20 72 0
