-62 -73 -72 25 -36 46 8 -63 39 87
-18 -23 81 6 9 69 9 0 -39 74
8 12 -60 28 -41 -4 1 83 76 77
65 -76 -44 -18 78 50 47 -54 87 86
66 -22 92 0 10 -8 51 30 -86 30
-46 62 -56 -70 59 -49 -18 47 77 44
97 34 -77 0 18 -51 36 -78 -16 -97
-2 -9 -20 18 -59 -98 70 64 -91 58
31 -82 18 39 84 37 77 -29 89 -17
46 -17 71 -86 67 59 13 -43 21 -80
-35 58 -14 10 60 16 -65 62 2 -96
45 -15 -84 79 81 -61 -85 71 12 -22
-29 -71 66 -50 14 25 -63 54 -80 44
29 79 -27 8 -1 81 16 52 52 95
-93 43 46 28 -56 1 -71 -80 4 65
-58 -41 -69 50 -34 -17 -56 -78 18 24
-27 82 21 35 -2 77 92 51 -66 24
47 -93 59 79 -38 94 -7 -75 22 -92
2 -27 -74 10 90 23 1 11 -31 -25
-58 -84 -39 31 41 59 69 -84 -45 -43
-11 41 -46 -68 -34 84 41 87 -80 -51
84 12 -64 -64 -42 58 -89 -84 42 37
76 -81 63 3 78 38 -47 47 -12 89
34 -25 26 88 0 2 84 -55 -52 -99
-51 19 56 76 -99 36 27 -16 -53 -10
-30 -50 -69 -67 76 -21 -56 77 77 25
-98 -4 29 -13 32 6 52 96 63 24
-96 -15 -29 -65 -38 99 -8 -32 -52 -86
-87 98 32 -49 39 85 32 -92 63 65
82 93 0 87 92 -10 97 43 91 -23
-25 95 -35 -91 82 -9 -36 95 87 13
-13 2 73 74 -99 46 -64 78 28 -13
-25 -93 -58 -25 63 -69 8 20 68 6
-13 -21 53 61 64 53 -67 20 30 -86
33 -73 -23 -55 22 90 -86 -88 86 -63
93 -41 19 -49 -81 -62 -91 -45 94 8
-63 71 5 98 -65 42 7 30 90 49
14 60 -49 13 -65 -88 37 70 -41 88
-96 -21 67 97 57 60 -64 61 -8 44
-15 -45 -21 -55 12 -60 89 95 74 -89
-94 -19 -17 -2 30 26 27 66 14 81
-36 28 -41 18 -41 -3 -47 -97 -70 61
65 63 89 60 -21 33 -73 43 -65 25
84 -46 -68 -79 -3 -48 -95 -24 40 76
57 -97 -49 -75 28 61 -83 -36 28 52
-25 9 5 95 -32 59 25 98 57 71
78 84 -5 -92 -51 -13 -24 78 -36 52
41 -49 -2 65 58 -78 -35 -60 39 -39
-4 -24 18 64 -20 86 -34 11 -96 -19
88 96 6 9 -78 94 77 -32 -42 -20
93 15 72 -99 -37 -52 -23 46 25 16
-54 83 -56 -1 -97 62 22 45 42 20
-62 -45 -8 -28 -33 36 39 64 75 -34
-10 87 99 66 -9 -42 36 74 -90 -87
-77 -46 35 38 57 41 82 -87 -62 -23
-65 41 67 -29 -15 -11 92 9 -87 91
-48 58 42 97 29 87 59 -7 -89 36
46 61 -58 43 56 63 -11 -73 -15 90
-48 33 6 99 95 74 -76 -9 -5 -31
27 -28 35 -56 83 46 68 -97 96 7
78 56 95 -58 -14 0 -30 74 84 70
50 19 -22 11 -34 40 61 38 -29 7
0 42 -27 -13 -77 -51 -53 -46 54 18
-76 46 57 -51 94 55 -91 58 92 -13
80 -80 -38 18 17 -84 -16 -60 -47 40
-71 19 21 -21 -97 54 -68 -44 67 73
90 -91 74 86 51 -4 4 -45 79 -76
-90 -45 91 98 -68 31 -75 22 -61 -38
40 24 84 35 14 -68 44 15 -45 1
-40 51 -5 -28 61 -31 -24 14 -90 2
-4 89 46 4 36 -39 -10 80 78 -56
36 -45 -81 -25 98 -25 -9 76 29 -82
74 -9 -47 4 -21 85 -60 28 -9 28
-47 -40 61 44 33 64 85 75 12 -62
-58 57 30 -80 -36 36 25 -39 5 -43
88 77 -70 17 14 90 -25 -75 65 26
69 44 -71 2 -23 96 -30 16 16 -7
-61 -4 27 43 27 65 96 -90 66 -64
-59 84 63 -1 -11 -89 62 62 -29 -27
81 19 -38 54 -66 -10 0 25 -57 56
-30 59 -86 -52 -73 12 77 10 20 -23
59 -47 36 -41 74 75 5 64 -46 91
26 6 -58 -76 50 85 -93 -61 -94 -91
45 45 -1 -27 -84 87 -11 -2 98 82
75 -77 -63 -33 -74 58 88 -71 76 -67
43 40 98 57 -24 -80 -82 89 48 -46
-77 -95 -83 12 -72 -85 -26 -71 -80 -55
-80 -33 26 -50 -41 -70 -38 -68 22 -64
-24 -32 19 -23 81 -34 -79 -97 -77 -29
21 31 43 1 -20 -23 22 -75 69 -53
-39 -50 50 76 -17 -99 -39 91 17 21
50 -38 -53 -97 53 -42 41 1 24 -23
17 40 -52 72 1 70 65 14 95 -67
17 22 -73 -26 94 61 58 18 22 94
-96 17 -36 11 87 29 -62 88 -81 62
-97 48 -82 -99 -46 86 64 -29 14 87
73 -77 -82 11 19 35 -56 8 61 -17
-27 -79 4 81 -82 79 79 -10 -62 13
-31 69 85 -35 34 38 -58 -82 95 36
27 46 4 -34 45 -82 2 70 83 -17
