10 4 75 39 5 48 31 41 60 84 86 46 85 29 95 81 11 51 76 93 43 34 17 25 16 82 14 91 100 66 71 67 36 65 21 33 12 27 87 79 2 15 90 53 42 26 40 99 28 92 88 72 98 69 80 59 62 74 1 37 22 13 61 38 63 20 73 18 58 30 77 23 83 8 0 45 32 6 78 64 57 94 89 47 54 56 70 50 55 68 52 24 97 49 96 3 35 44 7 9 19
9 92 64 4 28 21 65 0 93 67 39 19 12 50 36 6 52 42 68 75 34 76 45 86 83 98 16 49 44 63 40 87 74 89 77 33 32 58 47 53 14 38 51 70 1 59 97 96 7 91 26 18 61 8 10 85 90 54 20 56 41 13 31 30 84 46 22 62 35 48 79 81 95 78 66 72 3 27 94 5 23 82 71 17 24 99 55 25 100 60 37 43 11 73 15 69 80 88 57 29 2
60 73 76 5 68 7 12 40 100 30 29 24 80 35 1 33 11 53 56 65 22 10 74 14 38 41 63 49 42 61 62 25 99 2 89 52 85 82 66 9 20 6 87 55 95 97 94 96 28 81 50 36 54 57 90 86 79 77 47 23 72 88 46 83 43 51 92 8 26 37 3 19 32 31 21 78 17 16 67 91 75 71 93 13 45 69 59 4 44 58 34 39 0 48 70 15 84 64 98 18 27
97 88 52 39 42 54 36 93 27 58 40 15 79 7 73 82 80 71 63 78 75 87 3 69 50 98 72 8 25 17 64 53 38 2 9 95 37 91 0 59 89 57 31 56 94 14 20 32 16 85 83 4 12 5 22 1 65 77 33 30 21 84 100 76 74 44 35 51 99 92 55 29 86 61 43 26 45 62 41 70 68 28 19 49 60 24 18 46 34 23 6 90 96 66 48 47 11 10 67 13 81
47 2 91 55 22 8 53 83 67 100 88 37 44 46 54 30 13 39 77 18 26 74 57 28 9 86 59 34 85 89 87 78 4 99 10 23 24 7 29 95 43 38 1 41 0 52 69 19 11 58 75 97 12 16 94 90 33 51 62 6 71 32 25 72 40 45 63 92 80 14 66 82 70 35 49 84 98 17 79 73 42 5 65 21 76 36 15 60 48 96 68 81 3 31 64 56 50 20 93 61 27
38 16 74 13 8 48 89 3 12 14 37 62 41 40 96 54 49 55 63 66 24 7 33 25 73 9 29 11 18 36 56 45 4 69 59 75 15 64 81 93 32 6 100 68 80 90 23 79 21 82 31 99 35 53 51 5 0 94 72 86 60 71 98 46 65 83 57 26 61 87 22 70 28 2 95 27 17 47 10 19 78 76 44 84 30 85 92 91 42 43 20 67 52 1 77 97 50 58 88 34 39
52 24 98 23 6 80 50 29 22 63 61 3 56 94 49 69 65 0 51 34 26 40 97 16 19 32 44 42 89 83 11 90 9 35 39 95 79 86 47 73 10 60 25 72 93 87 100 68 74 18 71 46 70 66 12 55 53 13 33 30 43 2 27 4 15 76 28 62 82 36 14 17 5 92 59 75 31 88 7 1 99 45 77 20 21 37 84 81 67 57 58 85 48 64 78 91 54 8 38 41 96
3 38 47 86 85 32 67 14 63 18 17 11 39 49 15 58 57 72 19 88 37 73 34 6 44 0 13 27 2 54 4 21 68 8 82 60 74 41 55 87 40 99 78 24 36 23 66 81 79 28 22 90 100 93 5 94 92 77 69 96 95 97 64 1 52 80 46 12 65 42 83 25 10 53 31 61 75 35 91 7 89 9 70 20 50 51 29 48 59 71 30 76 26 56 43 45 16 98 84 62 33
25 10 28 27 37 47 65 99 96 86 53 13 71 82 46 72 68 97 43 59 78 21 60 31 61 26 3 80 0 57 89 4 50 93 95 18 70 90 69 56 77 20 2 17 42 41 51 1 36 11 29 92 40 74 16 44 83 32 55 6 75 39 19 30 62 15 14 33 9 49 98 8 81 48 67 66 64 54 88 38 35 91 34 23 58 73 24 52 22 76 85 12 7 87 5 100 45 84 79 63 94
65 38 25 47 61 52 19 84 100 6 15 88 42 45 36 12 63 10 53 86 22 92 29 83 90 7 26 20 91 72 50 40 0 30 57 49 21 73 67 5 2 96 4 34 76 46 82 66 44 87 54 80 93 33 18 48 32 56 95 17 14 77 11 55 97 31 23 98 64 43 39 24 71 41 60 74 99 16 75 58 27 3 78 70 9 89 35 28 68 59 51 1 37 69 79 8 62 94 81 85 13
49 29 69 98 38 100 74 11 66 85 0 23 62 68 90 94 24 2 40 81 97 88 3 16 53 60 72 52 5 78 54 1 33 82 55 89 61 96 35 15 86 34 7 43 22 50 20 28 32 95 8 84 79 30 19 65 87 64 93 26 27 51 92 25 59 46 37 18 75 83 14 48 9 91 45 56 70 39 73 12 76 36 63 67 58 17 31 57 99 41 71 13 77 21 47 44 42 80 4 10 6
72 76 75 90 25 98 12 95 69 38 0 55 36 99 34 70 1 91 52 6 89 19 81 24 63 56 53 37 33 35 8 14 27 65 22 83 41 43 21 11 61 64 71 48 18 20 13 82 44 57 92 78 49 2 45 93 17 10 66 97 30 60 4 29 87 88 59 5 54 85 80 67 9 58 68 62 39 73 40 46 23 3 15 100 77 32 42 86 31 84 47 79 96 26 16 94 74 51 50 7 28
54 99 47 49 78 81 75 22 5 69 24 36 16 93 13 2 66 41 42 37 61 51 28 19 43 55 27 92 65 20 94 21 35 48 6 80 72 11 57 15 32 26 87 85 0 73 18 90 83 70 86 8 3 71 38 58 12 84 50 4 33 53 59 10 60 89 97 14 68 7 95 67 74 39 77 1 17 79 100 52 45 91 25 63 96 34 30 76 46 31 23 56 44 9 40 82 88 29 98 64 62
92 35 97 64 71 20 86 74 51 57 2 89 78 88 18 59 33 68 87 77 42 54 100 52 36 5 84 21 0 15 45 8 14 28 85 40 13 58 16 53 30 93 43 24 34 69 67 49 32 73 38 4 12 31 27 29 23 1 94 65 10 3 46 72 75 91 6 60 47 96 62 22 11 76 81 79 17 25 66 41 55 39 44 26 90 83 82 9 95 48 61 98 7 99 19 50 70 37 56 80 63
22 82 88 69 65 78 31 35 0 80 77 4 34 83 67 60 62 95 11 33 16 64 41 96 52 28 49 38 32 39 42 7 23 89 24 1 81 19 54 6 30 9 94 25 17 79 50 86 44 3 14 13 70 27 10 73 100 20 47 53 85 84 5 55 97 29 37 72 75 76 74 71 2 61 63 99 21 18 56 12 57 91 68 45 98 93 51 46 92 40 87 59 90 15 66 48 43 36 8 26 58
43 100 22 81 0 94 7 91 5 58 40 78 14 13 73 60 99 11 21 68 10 41 49 9 62 33 79 85 47 74 95 19 23 61 53 66 31 44 2 77 92 75 25 64 87 80 20 24 35 51 38 65 55 36 71 63 42 88 39 37 93 57 98 54 46 56 48 12 6 1 96 15 67 28 90 97 59 30 86 27 70 69 84 3 45 76 89 32 8 72 26 16 83 4 18 82 17 50 52 34 29
33 61 98 2 56 5 75 77 13 55 70 45 57 10 14 68 74 48 27 59 58 1 37 83 38 53 88 26 39 31 90 20 3 41 46 64 60 73 91 76 29 84 82 17 7 72 30 49 94 79 18 9 12 4 93 67 36 100 32 6 89 92 95 24 71 96 99 43 97 0 69 86 52 40 81 85 47 62 23 19 80 11 15 78 22 51 50 28 42 21 16 25 65 63 87 8 66 35 54 34 44
71 5 78 50 42 2 73 84 48 16 70 86 51 66 53 18 34 7 19 63 76 1 13 94 29 72 93 91 95 3 10 23 97 30 100 6 14 43 46 81 79 67 15 28 8 24 41 11 89 45 88 20 37 26 39 4 57 52 74 64 58 82 21 49 55 47 38 77 68 9 33 0 56 17 32 62 75 65 87 22 60 80 54 98 36 96 92 85 27 61 12 40 83 31 90 25 35 59 69 44 99
99 94 71 75 90 41 73 15 17 81 97 52 39 43 56 20 57 35 14 22 40 54 100 34 5 48 63 47 49 93 68 13 6 72 16 77 87 79 30 98 53 18 67 58 61 44 7 89 36 31 69 33 23 32 70 46 91 12 38 80 27 28 45 24 37 21 83 92 4 50 25 0 74 11 59 65 76 86 84 82 55 42 95 19 60 96 62 2 3 85 64 88 8 9 66 29 1 10 26 51 78
12 69 18 57 35 87 5 0 75 71 39 47 98 46 2 100 21 45 32 83 4 41 91 17 82 67 55 3 36 42 58 10 89 65 96 24 48 22 13 59 33 8 56 63 23 92 49 43 52 64 97 9 54 93 60 99 20 28 62 84 15 14 88 6 73 16 90 85 68 79 44 25 61 40 26 34 66 76 29 31 7 53 81 94 51 70 37 95 78 1 80 50 27 86 72 30 77 11 74 38 19
39 96 61 79 29 9 50 21 46 13 77 70 38 4 36 48 25 59 83 22 71 56 45 68 75 40 16 41 60 23 28 8 24 49 98 15 57 32 6 18 7 37 1 3 78 95 91 54 65 51 19 97 85 33 89 90 10 55 100 82 14 99 20 5 86 34 43 42 67 63 87 93 52 62 94 58 80 69 81 17 53 11 92 66 47 76 84 35 0 26 2 12 31 44 72 88 64 30 27 74 73
97 48 2 73 98 44 61 78 16 47 42 12 3 36 50 5 76 93 54 71 59 82 55 91 57 9 17 40 53 92 49 62 95 51 30 79 75 24 33 26 37 10 32 68 87 35 89 86 11 34 15 28 83 80 1 77 19 67 66 31 27 45 60 74 52 21 7 39 43 4 23 64 65 94 81 20 99 13 84 56 46 58 88 90 22 14 0 96 72 85 69 70 38 100 63 25 6 41 18 29 8
96 40 9 65 98 8 87 43 89 78 88 27 0 25 4 35 18 48 30 85 21 23 92 69 6 100 74 51 32 57 44 72 90 17 66 84 73 28 79 42 67 63 80 10 58 41 77 59 45 46 20 86 38 76 70 29 61 94 53 33 36 75 81 14 2 97 64 93 91 12 60 50 13 56 95 82 7 55 22 5 11 99 52 3 34 24 15 54 26 83 19 39 37 1 68 31 49 16 71 62 47
95 74 64 53 96 7 40 70 28 57 55 11 35 44 27 81 34 36 37 15 94 92 60 4 22 98 65 43 58 85 89 47 24 14 76 20 39 56 97 18 25 59 30 67 73 80 86 50 32 3 83 72 90 91 61 87 41 21 10 78 82 23 100 42 79 13 84 69 33 77 51 9 52 8 19 88 68 99 29 12 38 17 1 54 63 46 16 31 45 66 6 5 0 26 2 71 49 93 62 75 48
93 40 12 55 80 54 34 49 81 78 97 51 96 15 95 77 9 33 19 8 2 72 11 61 4 23 1 10 52 26 35 82 50 42 87 89 7 56 90 20 30 83 32 18 38 76 44 37 85 69 71 74 58 13 91 24 16 62 88 79 65 92 14 39 36 48 64 3 70 68 66 5 43 84 86 57 98 25 46 0 47 6 27 99 60 45 75 59 94 41 63 21 53 67 17 31 100 28 22 29 73
86 71 27 93 65 61 97 21 46 77 13 74 8 76 55 82 48 90 50 20 87 32 14 36 83 18 49 99 41 3 26 11 94 81 57 85 33 59 23 67 0 45 47 12 66 39 17 96 64 42 75 2 72 28 38 62 51 70 5 60 15 16 95 31 56 98 80 4 89 1 58 53 73 37 22 91 19 25 100 6 30 92 40 35 69 84 88 68 63 52 29 9 54 78 43 34 24 79 44 10 7
34 88 58 97 40 89 54 48 44 3 46 38 16 71 8 62 66 17 57 50 72 20 68 47 70 5 21 65 69 83 77 15 1 78 33 56 60 51 6 45 81 67 29 39 4 94 0 22 93 28 87 37 24 79 84 41 35 19 59 86 52 55 23 76 42 49 30 90 92 12 53 63 43 99 61 2 13 7 85 74 95 11 9 18 96 10 14 31 36 64 27 75 82 91 98 32 73 25 100 80 26
53 39 94 70 76 59 44 48 46 63 92 15 7 77 35 25 34 90 50 11 73 66 69 74 54 24 38 83 20 88 36 13 81 65 21 37 51 75 89 18 100 26 82 32 23 57 96 33 87 29 95 5 42 19 58 8 40 17 85 55 6 68 91 78 84 61 80 2 41 9 79 12 98 64 30 86 1 0 67 4 22 93 47 56 3 52 28 43 14 71 27 49 62 60 97 45 16 31 10 99 72
65 89 51 22 30 82 10 66 100 7 53 28 76 4 56 45 98 70 18 29 44 94 37 1 13 69 78 71 24 32 36 12 39 8 9 58 80 5 31 23 26 2 87 17 79 57 16 55 50 95 96 20 73 35 75 74 40 21 61 38 34 60 77 14 46 52 54 97 72 3 64 0 91 48 49 27 41 63 84 88 15 81 47 83 33 67 11 93 6 86 59 62 99 19 25 43 92 85 90 42 68
75 84 72 5 85 87 83 96 1 29 0 4 63 69 88 15 43 73 30 39 21 65 38 23 19 54 12 6 44 71 10 62 93 56 80 77 89 36 37 34 78 98 50 68 18 51 66 53 11 35 82 32 20 48 47 40 24 99 60 46 25 59 57 55 22 26 90 92 67 76 2 3 13 28 79 31 9 27 7 41 16 14 94 33 64 49 42 91 70 97 100 74 95 17 58 52 8 61 86 81 45
69 97 75 86 94 17 14 38 58 15 77 88 49 51 0 47 84 99 53 54 95 22 74 9 3 43 34 62 24 71 41 40 78 27 18 26 96 29 1 8 25 36 67 13 44 61 68 91 85 11 12 10 70 45 82 30 73 92 52 60 72 7 90 93 80 65 81 39 28 37 4 48 33 19 83 6 21 50 57 20 42 23 63 55 16 64 56 2 98 100 59 31 66 87 46 89 76 5 79 35 32
5 66 55 52 21 79 86 39 3 45 16 89 50 47 36 0 49 76 63 4 64 27 13 97 90 48 46 91 14 23 18 26 28 75 61 44 70 37 54 22 57 33 51 84 29 25 65 12 60 95 87 96 15 58 1 71 7 69 6 53 88 78 74 34 43 35 100 77 67 92 2 20 41 59 68 94 30 99 17 62 10 32 31 85 93 38 73 9 81 80 19 98 83 82 8 24 40 11 56 72 42
84 8 6 71 31 9 70 92 10 88 78 94 100 56 77 81 52 72 1 36 12 13 20 21 57 22 40 66 74 59 87 86 58 96 17 61 99 60 97 62 29 34 53 25 65 69 48 32 42 7 90 80 47 43 79 63 68 33 73 38 41 23 30 51 44 27 2 28 91 26 18 19 35 39 16 11 95 64 67 83 82 14 98 76 3 50 45 24 89 54 4 55 15 46 37 75 85 93 0 5 49
72 78 74 7 99 69 13 60 32 53 91 46 58 81 97 12 64 65 75 18 15 55 71 42 28 44 79 23 25 29 21 89 67 68 54 45 70 4 85 37 17 1 57 59 66 14 87 27 62 83 80 56 41 26 36 63 92 39 98 96 16 19 90 31 47 50 95 76 5 40 84 8 49 24 10 86 33 34 0 3 11 88 22 20 30 9 100 43 77 48 35 51 82 2 73 61 38 94 52 6 93
57 61 69 4 31 20 13 82 30 68 23 93 85 28 24 0 7 18 80 45 27 66 54 75 33 94 49 56 48 32 67 11 17 12 88 100 72 9 22 74 41 39 79 97 8 81 83 92 62 89 34 99 46 1 37 91 78 50 29 51 40 58 96 5 76 14 64 35 25 70 36 71 38 77 95 42 65 2 90 60 73 6 47 16 98 52 21 87 55 26 19 84 59 53 86 15 63 10 43 3 44
55 34 48 46 0 33 80 27 6 49 37 71 90 56 31 68 30 23 38 96 7 2 20 61 62 57 29 36 87 76 97 100 70 67 52 22 50 18 9 47 53 10 74 73 16 65 14 51 94 4 99 8 84 59 35 78 86 21 58 66 89 64 19 26 63 98 91 85 72 12 77 54 60 3 44 1 69 93 11 83 28 79 5 25 81 88 95 41 17 13 82 39 40 43 15 32 45 92 24 75 42
27 46 94 2 34 79 16 88 76 62 40 64 63 54 91 72 96 24 50 36 51 85 4 25 7 43 74 48 23 26 37 39 97 42 81 29 31 5 86 73 45 58 11 10 56 14 75 8 100 70 80 93 20 32 69 19 3 89 59 82 47 66 55 13 18 71 21 38 90 61 98 28 95 57 92 30 35 99 60 9 52 78 0 12 77 67 44 15 87 83 17 65 33 6 1 68 49 22 53 41 84
77 21 87 98 71 14 8 30 81 70 51 19 5 12 60 90 93 91 33 46 75 79 69 16 97 89 22 4 50 24 96 17 9 0 94 85 55 88 41 52 2 15 86 18 78 11 92 54 32 64 66 3 39 45 72 95 42 49 35 31 62 29 82 48 83 100 40 28 57 13 38 63 68 47 58 20 25 61 80 74 43 6 65 53 37 99 76 34 26 10 23 73 44 84 27 1 67 7 36 59 56
72 66 45 39 33 50 17 44 84 10 64 65 19 79 42 46 85 15 18 83 27 5 77 98 57 60 76 82 23 28 13 53 3 48 2 1 75 32 94 73 99 95 35 89 74 97 22 21 41 96 38 26 4 16 37 12 49 24 40 92 61 90 54 51 47 86 58 68 14 88 81 100 55 36 80 56 43 87 0 20 71 62 11 6 31 63 34 7 59 52 25 8 69 29 93 70 67 30 9 91 78
56 67 100 74 7 58 5 8 47 53 62 82 44 19 59 57 23 50 29 60 37 72 16 78 75 81 22 41 92 80 11 85 49 69 45 38 73 51 94 31 26 40 1 79 4 52 48 3 95 21 9 32 42 25 86 88 46 68 93 27 2 71 77 70 96 33 89 90 61 63 84 99 28 66 87 97 64 91 55 76 0 83 98 54 34 43 13 12 17 18 30 65 6 39 36 14 20 10 24 35 15
31 87 76 2 19 82 96 98 15 29 48 43 89 83 94 32 35 80 21 56 14 26 71 54 33 9 7 55 61 36 1 28 67 86 78 3 90 60 10 50 51 0 27 44 4 72 47 68 12 100 84 41 45 81 49 99 58 8 69 65 11 93 22 16 62 57 42 63 5 64 79 37 30 73 53 17 52 40 18 6 91 88 70 95 74 77 46 20 39 38 97 34 85 59 23 75 25 66 92 13 24
87 37 67 61 34 44 39 48 42 90 8 15 21 84 17 5 80 4 41 52 68 92 38 31 51 0 72 40 12 64 28 19 6 75 69 11 53 65 77 1 59 24 2 16 36 95 45 89 47 54 91 20 3 62 86 43 93 78 85 10 57 98 97 33 63 7 73 66 76 81 13 55 18 83 50 9 100 58 96 99 82 29 70 60 30 35 27 88 26 94 74 56 46 71 14 23 49 25 32 22 79
33 23 7 10 66 1 34 88 28 16 62 21 39 41 84 36 85 98 99 100 24 53 94 63 37 14 43 97 65 2 19 25 74 81 86 87 50 48 54 56 69 57 77 8 44 89 27 68 83 18 32 70 67 9 52 6 95 38 29 59 45 13 30 20 93 61 79 15 90 64 47 82 35 17 73 26 46 12 49 72 11 4 55 5 31 76 0 75 71 60 58 22 92 91 78 42 96 40 80 3 51
82 2 8 20 79 66 88 61 5 53 95 42 30 59 3 34 45 68 9 7 92 72 33 70 85 81 49 77 41 76 84 10 55 57 17 91 75 54 83 26 35 65 12 6 18 96 97 11 100 86 48 71 32 63 25 39 13 52 24 38 69 80 64 15 37 40 1 93 74 62 94 73 29 60 44 51 31 0 67 36 89 47 14 21 99 27 98 22 28 87 19 23 46 56 50 78 90 16 4 43 58
92 34 89 56 77 37 42 65 91 12 27 86 18 96 24 7 90 94 17 6 21 73 26 100 0 84 33 81 95 15 59 30 2 72 85 80 45 58 60 64 5 11 88 8 28 98 39 61 29 87 41 23 53 32 48 99 69 22 51 83 71 78 62 66 57 67 9 68 52 54 10 20 97 76 63 44 50 1 79 13 16 74 75 93 35 43 3 49 36 46 4 19 82 40 70 14 47 25 38 55 31
11 100 57 4 91 67 38 45 98 14 31 22 94 69 19 71 64 50 13 44 5 59 79 81 66 40 15 88 85 27 75 41 96 89 28 90 80 36 16 29 37 34 43 25 20 65 12 54 48 23 95 47 2 83 8 68 51 39 99 70 53 52 32 63 18 6 42 26 10 24 7 82 0 97 72 78 9 35 56 58 87 73 60 74 92 30 86 1 76 61 49 17 46 93 21 33 3 62 84 77 55
72 66 34 26 64 83 62 80 15 97 6 46 100 56 68 19 93 92 39 48 22 53 51 96 14 11 86 55 54 4 37 71 84 31 87 89 7 41 91 18 13 98 58 61 50 38 9 8 63 0 81 85 32 77 45 29 16 65 79 12 28 17 36 57 3 94 2 78 24 30 60 88 10 20 35 82 75 76 43 47 33 1 95 25 70 52 73 23 44 59 27 69 21 40 67 42 5 99 90 74 49
89 93 14 10 2 13 19 31 61 55 90 8 39 28 91 5 53 47 40 6 50 68 49 86 11 44 88 74 58 41 77 85 97 94 67 4 32 12 62 24 46 35 81 30 18 79 87 33 27 54 26 71 80 21 56 25 52 75 7 63 45 60 20 51 99 95 23 92 72 64 96 43 38 84 70 3 37 73 22 83 66 69 76 57 82 34 9 0 36 29 59 98 1 17 42 48 100 15 65 78 16
97 55 62 21 82 92 26 74 85 47 32 63 18 68 41 81 34 95 22 59 65 53 38 3 50 78 45 77 19 35 84 4 0 13 71 37 30 64 49 48 10 66 42 57 39 98 7 89 69 5 52 15 24 91 56 86 44 76 96 80 75 83 99 1 17 94 27 33 29 93 8 14 100 54 90 61 2 11 36 20 25 6 87 67 60 9 28 43 72 16 79 73 51 46 58 23 40 12 31 88 70
38 22 89 54 66 12 75 32 95 18 77 82 81 7 49 29 36 65 24 70 88 78 69 25 84 28 73 26 87 40 100 14 19 46 53 57 20 47 99 10 37 4 74 86 91 6 56 48 93 72 43 0 71 60 83 2 1 34 62 31 68 9 17 33 27 41 96 51 8 15 85 58 76 45 35 97 92 50 44 52 90 59 61 67 21 5 3 23 79 39 13 42 64 80 94 16 11 55 98 63 30
56 58 42 97 71 12 26 59 36 7 96 88 44 69 23 13 45 48 70 17 0 51 95 99 15 35 22 55 81 34 77 85 73 8 78 91 20 62 86 75 72 16 66 40 30 94 25 24 3 60 52 65 47 1 68 49 19 10 50 41 2 100 89 63 90 21 14 18 38 53 27 67 54 31 64 61 11 32 33 57 39 6 80 82 46 29 93 5 79 84 92 74 43 37 98 4 9 28 87 76 83
79 53 61 7 88 38 20 60 48 87 80 81 73 19 35 93 91 90 99 47 98 28 22 86 3 89 16 63 96 12 41 29 42 84 77 21 74 78 30 56 76 52 17 51 92 70 32 54 34 71 67 50 26 95 23 4 62 58 65 55 15 6 40 9 11 59 64 97 25 2 100 83 5 37 43 33 0 82 10 69 31 49 24 46 8 36 18 1 57 66 14 27 39 72 45 13 94 68 44 75 85
5 68 64 37 30 97 85 80 24 23 50 100 13 29 63 33 91 54 10 14 72 32 70 12 98 81 35 31 53 22 18 2 8 75 44 87 96 94 6 45 43 4 38 57 84 42 51 7 19 90 58 76 61 74 34 99 15 78 11 59 3 88 41 73 95 66 86 56 52 92 20 9 47 25 93 82 27 48 65 83 69 36 1 89 40 49 26 39 62 67 16 46 71 0 60 28 21 79 77 55 17
95 25 9 21 72 8 62 92 24 48 63 51 6 59 49 7 76 38 31 47 93 16 77 60 44 2 100 61 35 97 42 79 40 23 0 41 88 37 50 99 57 26 98 46 83 69 70 28 17 36 1 84 3 71 12 81 45 64 78 19 94 18 13 55 74 75 96 29 27 67 15 32 65 30 52 14 58 11 66 53 5 91 20 90 54 87 73 86 43 80 4 68 10 39 82 85 34 33 22 56 89
69 53 37 94 13 59 34 38 40 12 95 81 58 90 11 2 72 14 17 97 47 64 65 75 52 39 50 67 87 70 10 22 25 41 3 8 98 16 92 99 31 18 78 49 79 84 27 29 23 73 7 71 26 63 60 48 35 96 30 20 93 86 1 100 85 0 46 61 44 51 5 54 66 68 55 36 80 28 42 19 6 88 43 82 9 32 74 21 83 91 15 56 45 33 62 77 57 4 89 24 76
3 86 94 71 100 65 4 5 50 20 33 51 98 81 47 89 12 24 75 37 39 88 2 96 32 82 63 69 80 40 0 62 6 43 53 55 31 60 49 18 25 84 52 10 77 44 46 34 27 11 79 83 22 17 21 58 30 68 42 92 91 28 64 23 67 73 66 59 85 15 54 9 14 99 61 19 76 97 74 26 1 87 41 16 38 90 78 72 48 93 70 56 13 8 29 57 45 95 36 7 35
66 45 19 29 46 51 49 34 44 63 62 92 90 77 22 5 87 95 57 89 28 4 14 27 37 70 88 15 71 48 58 16 6 40 81 91 24 32 23 78 2 61 79 43 74 33 31 53 12 35 1 56 39 80 86 55 59 30 76 82 8 42 13 68 47 20 84 54 73 67 26 75 3 18 97 11 69 72 38 96 85 94 36 50 98 7 99 17 9 52 25 83 21 10 0 100 60 93 41 64 65
96 72 26 97 95 85 8 65 22 0 84 13 10 33 83 34 18 86 89 74 80 45 19 82 78 75 59 54 35 70 57 9 32 24 20 28 88 21 69 11 66 71 41 38 7 14 62 51 56 93 46 25 73 61 92 15 30 87 98 63 79 68 100 4 48 52 44 55 76 6 37 67 53 40 3 23 29 49 43 39 77 12 5 17 42 99 16 91 1 31 2 36 81 50 27 60 64 58 47 90 94
66 1 69 94 84 23 0 80 10 33 64 31 29 90 4 77 26 51 44 85 97 54 21 37 70 68 93 72 49 82 45 35 67 55 52 96 92 73 91 78 89 83 8 11 48 19 63 100 65 12 42 25 86 14 46 60 56 28 58 24 9 59 75 74 81 98 16 20 71 13 7 40 53 17 3 32 22 39 38 57 41 79 95 61 27 50 62 36 34 2 43 5 76 87 15 18 88 30 99 6 47
12 34 37 26 38 36 0 97 4 87 89 88 18 28 82 77 80 48 55 83 43 66 52 54 58 13 96 49 29 11 69 17 65 47 8 5 15 27 3 7 46 44 45 2 6 61 62 92 42 75 85 57 72 33 67 10 81 90 16 93 71 68 79 9 35 70 78 64 20 32 40 50 76 60 24 84 22 19 59 94 30 95 74 39 14 99 53 51 31 1 25 56 23 98 63 21 41 100 91 73 86
94 55 88 5 70 47 57 2 61 27 76 58 73 79 86 24 43 81 38 84 56 52 80 12 26 48 25 6 65 97 67 1 45 71 36 21 10 100 77 74 66 99 53 9 17 28 40 4 23 32 46 83 91 64 89 18 19 13 35 50 37 31 3 16 41 20 7 63 44 34 78 59 39 42 87 0 33 69 72 98 82 75 51 60 92 62 93 49 96 29 85 30 11 8 90 68 22 15 54 95 14
97 53 22 72 43 76 70 98 50 11 88 1 3 55 61 17 51 8 34 81 12 45 6 26 75 23 87 86 82 100 24 44 67 69 31 54 10 99 57 94 4 63 80 21 84 92 32 65 5 56 35 9 71 74 47 14 38 19 59 60 79 48 15 36 7 28 39 64 49 58 2 40 46 13 90 66 95 42 83 25 91 37 96 77 93 18 78 85 0 30 29 62 73 16 20 27 89 41 33 68 52
21 93 10 41 66 19 67 79 16 46 22 98 99 51 5 23 8 52 78 24 40 13 11 20 92 70 28 17 84 61 54 15 53 77 63 29 25 97 81 42 69 47 27 59 45 86 12 26 65 90 35 74 36 60 73 37 34 100 49 87 3 56 62 31 76 88 82 91 7 80 89 39 96 33 14 1 58 95 32 18 30 4 85 75 43 94 57 71 38 9 44 72 48 64 50 68 6 2 55 83 0
90 8 49 87 64 53 66 84 12 94 55 27 44 80 86 89 47 6 11 23 58 34 63 52 19 48 1 61 20 7 5 51 45 92 82 22 81 10 25 13 31 38 91 50 9 2 17 88 59 39 67 30 24 79 28 16 85 96 75 73 74 18 95 57 37 42 41 99 78 43 33 14 15 0 65 83 56 54 3 97 76 93 70 40 77 60 69 100 72 36 68 32 29 98 4 62 71 46 21 35 26
3 16 89 9 82 29 48 25 36 45 96 37 99 60 88 69 51 17 31 33 56 4 26 27 2 28 8 92 39 59 52 97 44 78 10 71 100 70 11 20 13 77 62 83 86 30 40 98 42 66 54 19 58 41 61 35 22 85 64 95 87 72 0 7 6 57 49 94 80 1 46 81 67 93 47 68 24 34 76 79 15 5 43 38 91 21 84 14 18 65 53 12 23 63 32 73 74 90 50 75 55
35 53 10 51 52 75 90 94 26 20 21 45 31 50 95 13 74 12 57 76 16 98 44 97 82 27 96 25 86 72 0 91 78 99 3 47 24 77 73 65 59 17 88 84 7 14 32 80 48 30 15 83 71 9 62 46 66 54 34 93 39 56 23 70 64 89 81 55 41 4 42 87 67 58 63 36 61 49 79 22 2 68 60 38 37 19 28 1 33 5 11 29 69 6 40 85 100 8 92 18 43
80 84 39 36 4 55 92 82 25 74 12 60 33 97 57 70 95 79 67 62 28 88 22 1 18 29 27 64 48 78 100 94 3 76 56 0 8 75 45 10 68 20 65 91 99 5 38 40 90 13 7 31 53 49 77 24 71 66 83 9 19 6 50 63 15 2 86 51 41 26 30 61 85 87 59 58 89 69 73 93 11 81 37 14 21 35 44 52 32 47 17 46 34 72 16 96 43 23 98 42 54
52 16 86 45 75 100 57 81 12 8 33 3 28 80 77 56 40 14 46 83 0 90 89 44 88 60 43 6 13 53 96 73 94 42 38 11 17 85 98 21 7 95 71 54 4 63 49 68 72 30 50 22 39 41 76 18 97 62 26 61 93 78 99 25 32 15 10 9 69 65 59 2 58 48 87 1 31 74 5 51 84 47 23 64 66 29 92 70 37 24 20 19 91 55 35 36 67 27 34 82 79
30 46 100 84 97 55 45 44 69 54 8 25 56 64 39 96 4 7 49 72 37 2 68 40 73 60 61 29 11 70 80 20 31 6 99 43 90 53 35 58 33 89 87 27 59 86 88 47 63 65 24 66 95 21 52 15 82 74 50 26 28 13 32 10 67 9 57 94 14 34 41 92 81 18 71 1 5 3 51 83 48 75 77 76 38 42 85 16 78 23 79 17 98 93 12 91 0 36 22 62 19
83 11 38 1 71 88 75 32 100 85 39 4 26 23 98 35 57 54 6 15 24 18 99 9 40 58 37 20 10 28 82 2 0 50 79 47 44 52 53 51 91 65 55 64 89 31 13 76 56 41 69 14 77 74 22 19 60 78 62 61 81 72 86 48 90 12 42 30 67 95 33 80 8 36 87 93 34 5 25 68 21 97 96 94 73 46 27 92 16 70 59 3 66 17 45 43 84 7 29 63 49
91 60 41 19 72 61 99 5 75 86 62 63 15 1 97 35 100 66 85 84 20 43 46 56 87 17 74 4 31 70 68 16 95 82 0 89 37 40 10 71 21 81 50 78 30 52 77 29 32 42 27 76 47 98 79 65 22 88 28 64 73 48 69 2 53 55 90 25 57 14 83 94 8 36 51 67 18 45 11 93 34 49 44 59 80 3 7 26 13 38 92 23 54 33 96 24 9 6 12 58 39
37 42 11 92 86 43 12 98 31 36 71 46 45 67 80 60 27 9 14 19 6 68 88 23 4 0 28 18 61 32 40 94 82 1 3 33 7 93 5 100 95 62 10 21 55 17 26 70 72 15 54 39 58 83 20 25 2 56 74 65 49 51 99 69 53 38 48 90 79 34 96 87 76 8 77 73 24 81 52 91 50 64 44 63 16 30 13 84 59 66 78 57 47 29 22 85 35 89 41 75 97
52 5 80 36 66 6 12 84 2 26 61 83 75 33 87 76 29 68 59 39 10 31 32 88 46 37 22 16 85 43 63 3 95 13 100 38 69 64 17 78 11 65 58 25 9 35 24 50 34 42 0 67 53 44 92 90 70 77 55 8 49 27 1 57 60 74 93 14 48 4 47 89 23 99 98 72 54 71 91 20 28 86 21 56 41 15 97 51 19 7 73 45 30 40 81 62 96 79 94 18 82
9 55 7 21 29 52 40 18 17 27 5 85 84 82 1 57 68 20 67 11 56 91 31 0 69 99 28 8 10 94 71 63 61 34 93 59 66 6 100 54 2 64 97 14 33 51 60 95 45 65 44 92 50 62 76 79 47 73 77 42 70 80 38 37 25 49 19 86 72 23 39 83 43 22 4 16 15 81 75 36 35 89 98 48 87 74 78 12 13 53 3 90 26 24 30 96 88 41 58 46 32
35 34 60 32 89 38 75 40 5 78 99 9 57 7 74 6 49 80 83 17 23 0 84 63 90 12 56 28 42 18 31 50 68 33 22 55 25 29 14 10 21 41 64 16 62 52 58 98 96 93 88 92 59 24 46 30 2 87 94 67 95 48 72 100 19 65 51 81 1 82 4 61 86 13 85 44 73 45 37 91 54 66 8 79 11 53 76 27 77 26 15 97 39 36 69 70 43 20 3 47 71
42 99 49 35 10 59 60 50 71 31 39 15 53 43 29 72 41 37 73 7 64 22 11 96 75 63 84 20 25 81 27 68 95 69 40 87 4 2 58 66 79 28 0 76 26 57 65 88 52 44 51 54 62 98 8 90 3 100 48 94 47 16 32 12 19 55 13 83 34 6 18 78 82 56 86 30 23 45 38 46 85 21 17 80 97 61 67 9 77 91 14 89 92 93 33 36 24 1 74 5 70
83 6 82 12 28 69 59 67 64 79 74 16 39 66 32 81 54 13 65 43 56 97 0 25 75 88 95 50 47 2 37 5 71 4 21 41 61 20 17 58 42 26 40 34 57 77 72 48 23 92 90 15 73 55 36 9 99 10 78 45 60 63 19 27 68 30 84 35 89 18 51 94 11 29 38 100 24 8 85 53 1 93 98 86 96 46 49 80 33 91 70 87 31 14 76 62 22 44 3 7 52
20 98 93 35 47 14 3 78 92 55 72 32 67 17 58 48 43 29 85 96 11 77 24 62 4 91 40 50 74 49 1 51 73 75 5 9 52 45 2 0 84 46 63 12 19 53 54 86 34 7 68 6 100 41 42 23 59 37 61 99 65 30 44 31 57 36 71 97 33 26 8 82 25 88 94 83 87 13 16 89 38 95 90 39 21 10 56 81 66 15 27 76 69 18 60 22 79 28 80 70 64
50 42 57 46 18 17 77 87 15 84 30 61 31 47 99 8 40 44 58 60 56 24 16 100 27 1 41 19 81 97 25 13 86 9 67 28 11 94 63 62 34 98 83 4 80 64 71 48 23 5 43 88 78 96 2 22 74 95 6 92 59 49 32 3 7 65 68 79 20 72 70 55 29 91 14 33 54 90 35 66 0 26 52 93 36 73 76 51 10 89 85 69 21 38 12 53 75 82 37 45 39
71 64 7 57 11 75 44 73 36 59 4 23 96 55 34 78 53 3 90 37 67 22 76 48 74 20 63 62 19 68 1 2 92 95 54 9 49 83 84 77 42 86 28 8 32 99 40 27 13 97 24 79 39 82 66 98 21 45 47 5 69 0 50 56 60 93 100 80 65 46 16 81 89 30 51 14 15 58 88 72 10 43 31 35 52 26 91 41 70 87 38 33 25 12 94 29 85 18 6 61 17
99 25 7 79 63 87 61 26 14 59 6 62 82 49 51 12 67 35 0 47 39 43 65 56 11 94 71 57 20 73 29 89 53 18 33 58 84 40 95 13 2 69 55 75 10 91 31 85 66 88 42 24 76 52 70 78 97 74 8 46 4 77 50 41 28 90 98 22 9 81 45 21 96 19 48 54 83 44 30 80 1 72 5 32 37 92 60 23 100 16 64 93 3 68 34 38 27 15 36 86 17
29 15 95 94 77 57 33 17 34 45 97 41 87 48 24 26 69 7 16 14 82 2 4 54 78 52 93 20 0 58 62 64 100 76 92 68 27 18 9 6 3 73 99 72 21 56 37 51 35 32 5 1 40 47 19 49 31 75 59 81 11 23 88 65 89 90 86 98 25 42 53 70 10 71 83 8 43 55 66 80 36 38 61 84 63 39 50 74 28 12 13 85 91 60 79 67 46 22 30 44 96
22 34 7 62 0 93 82 100 77 46 4 50 85 26 74 23 70 56 48 35 49 68 60 80 84 1 25 92 81 69 20 10 16 88 65 91 96 63 64 17 37 86 67 30 53 6 72 90 97 29 61 58 99 57 59 44 55 43 28 15 3 78 66 8 40 75 87 32 24 5 9 54 51 47 79 45 98 39 19 18 27 13 76 52 71 2 89 12 38 11 14 42 41 36 21 33 31 95 83 94 73
9 26 70 45 59 83 69 96 46 66 84 60 12 75 42 48 92 44 79 36 71 20 54 88 93 21 51 98 47 90 13 68 78 95 34 53 39 3 15 65 57 24 35 49 6 82 67 62 77 85 14 80 16 2 74 56 28 89 72 22 31 73 61 11 0 4 23 41 17 19 99 52 81 87 18 63 97 29 10 86 100 5 33 91 43 27 25 76 37 64 58 1 32 40 7 50 30 94 38 8 55
70 10 36 20 84 52 83 99 55 5 27 26 41 92 44 68 12 31 75 8 47 67 69 95 30 58 19 9 74 62 48 25 24 89 77 0 49 15 18 7 97 88 90 86 33 1 91 16 28 72 22 46 98 32 61 71 42 80 39 93 35 54 34 6 100 50 87 81 76 23 14 17 82 66 65 3 51 56 40 63 59 73 4 13 94 60 85 29 78 37 96 38 57 2 43 53 11 79 45 21 64
12 20 23 43 53 75 14 61 34 9 54 4 39 40 58 37 49 92 99 11 94 13 27 45 33 51 79 2 48 62 59 5 100 70 91 18 57 67 65 46 97 96 50 21 98 95 56 68 83 82 6 84 47 87 24 1 52 86 41 72 88 71 74 30 15 60 66 31 42 28 77 89 69 64 44 80 16 29 55 8 90 76 85 19 38 78 26 63 36 10 32 35 81 7 25 93 17 0 73 3 22
48 15 87 77 51 10 0 66 61 27 98 79 65 24 100 81 9 70 21 34 11 38 42 22 59 73 74 25 43 99 88 76 40 8 89 5 95 39 47 18 72 23 3 50 78 7 67 49 13 56 80 68 33 90 53 86 85 69 64 14 97 6 57 35 91 94 17 55 83 82 71 52 63 2 75 31 37 30 46 44 20 54 84 29 58 16 92 26 60 41 19 12 28 93 4 36 32 45 62 96 1
54 44 58 9 61 4 75 79 86 15 67 10 100 80 95 74 77 78 24 34 56 7 76 64 84 12 0 65 71 19 85 16 18 90 1 62 93 39 57 28 30 68 5 63 99 2 60 42 31 23 20 59 48 87 21 82 72 83 50 70 6 91 51 29 25 88 17 43 13 8 92 98 47 35 66 55 40 96 81 38 97 52 14 37 89 45 11 46 53 49 26 32 22 41 27 69 33 36 73 94 3
84 54 96 34 16 10 6 55 59 0 36 43 88 71 3 82 38 22 73 44 86 45 94 56 39 66 64 70 83 100 29 75 25 17 53 12 79 91 33 46 63 20 57 35 62 1 47 98 50 31 89 2 9 97 14 27 78 19 85 60 49 32 68 23 90 81 52 15 41 93 58 67 8 18 72 30 40 76 28 48 69 7 65 61 13 4 99 77 80 26 21 87 42 74 95 24 92 51 5 37 11
21 83 63 32 80 89 66 76 94 53 61 1 10 71 35 18 5 30 96 90 38 87 67 36 51 77 17 59 97 100 98 28 95 99 52 64 23 29 86 78 58 49 54 20 0 92 19 3 81 9 42 26 31 79 25 33 46 16 14 85 41 57 22 34 4 39 70 50 60 45 13 12 84 43 62 6 69 93 65 47 11 24 7 27 2 73 72 74 40 75 15 8 68 82 44 48 37 91 56 55 88
91 90 24 78 62 89 16 73 83 36 52 30 53 77 40 20 76 49 74 84 25 95 81 64 86 88 99 65 33 22 69 51 0 27 80 41 35 98 55 66 94 11 82 79 31 50 26 17 3 1 21 34 8 5 85 59 23 18 48 58 63 19 96 46 43 67 97 56 12 10 93 9 7 44 42 39 4 75 54 71 28 13 60 15 57 72 47 70 45 32 14 29 38 92 2 100 68 61 37 87 6
8 68 63 33 48 11 50 90 93 99 38 10 85 9 61 34 22 98 71 67 87 65 41 46 17 28 14 37 29 66 36 64 75 45 95 25 59 1 89 30 53 92 5 62 42 82 35 58 7 31 55 0 97 100 79 77 43 52 4 76 26 19 16 6 27 39 78 86 94 23 13 81 20 54 15 96 80 72 3 49 12 70 2 40 57 84 83 18 73 74 51 88 47 60 32 56 44 69 21 24 91
52 20 39 48 96 34 10 69 49 24 76 78 5 89 99 63 95 36 87 4 7 94 16 31 25 45 77 19 14 56 37 46 93 81 53 86 8 59 12 41 75 33 85 27 2 21 97 29 0 44 6 47 54 13 92 1 73 90 38 67 42 3 55 72 91 74 18 50 30 88 40 100 11 35 70 61 43 80 71 62 60 28 98 23 51 83 79 68 17 58 65 22 15 57 32 66 26 82 9 64 84
86 54 51 35 8 13 20 38 81 85 66 89 87 22 18 77 71 57 0 47 3 84 9 1 29 16 27 53 60 92 76 64 14 61 23 73 79 95 44 75 63 32 21 2 58 55 52 5 65 10 30 62 67 34 37 33 100 90 49 7 80 97 4 26 46 50 56 40 83 69 94 99 93 25 28 39 78 17 15 68 43 74 88 72 24 59 91 96 41 98 42 6 45 31 36 48 12 82 19 70 11
71 92 36 44 1 83 27 57 6 37 35 47 53 55 54 66 34 99 9 40 51 46 29 84 56 61 12 8 100 52 77 75 78 10 80 21 79 68 42 69 0 67 62 32 19 88 94 38 7 72 16 25 82 20 5 91 63 33 30 24 48 28 76 23 50 4 74 73 95 14 87 93 59 41 89 15 58 85 45 98 65 49 86 3 97 90 22 31 26 81 11 17 43 2 70 13 39 96 60 64 18
2 91 87 76 6 89 98 33 34 58 18 64 54 45 82 9 63 70 65 29 67 26 53 93 94 25 27 41 78 4 96 38 50 57 59 52 90 48 88 16 51 80 71 75 66 55 1 62 37 11 15 46 73 97 3 10 39 60 100 47 21 68 86 7 20 83 77 32 35 74 36 49 79 17 19 14 30 23 69 40 95 5 43 0 81 31 13 42 12 99 61 92 8 44 56 22 28 24 84 85 72
6 38 43 76 91 10 9 61 13 24 80 51 77 42 93 98 72 81 17 49 52 63 15 84 1 53 11 23 59 67 35 22 96 54 50 92 7 21 27 56 4 34 71 74 89 8 37 94 45 41 16 86 83 85 14 12 28 40 46 5 57 75 62 87 36 82 68 69 64 100 3 31 55 44 79 20 26 58 33 70 47 18 90 65 99 2 88 19 95 66 0 73 39 48 60 30 78 25 29 32 97
90 86 33 19 20 31 21 78 63 23 27 41 98 92 6 82 56 91 75 48 47 67 39 58 97 70 40 26 46 79 14 100 54 2 61 12 57 55 60 28 10 93 16 83 8 42 77 95 76 38 68 35 87 84 44 34 22 7 5 29 62 73 49 43 59 17 71 0 72 36 69 53 81 89 94 66 37 51 24 11 13 1 65 88 50 9 80 32 18 96 85 15 74 3 52 30 64 4 45 99 25
26 92 12 11 0 64 87 43 74 51 10 98 38 70 63 13 20 60 65 1 50 91 23 5 81 45 84 16 17 94 80 56 25 33 77 96 54 83 49 97 4 14 53 100 58 85 75 18 36 9 21 37 7 86 8 66 30 15 2 67 62 3 19 24 28 82 44 57 34 29 39 27 61 73 59 68 32 6 42 41 69 55 31 22 79 48 52 93 78 88 76 95 46 71 72 35 47 89 99 40 90
69 65 11 89 88 64 70 83 67 87 91 0 1 26 41 25 17 82 2 84 34 9 85 61 97 78 7 80 22 23 53 24 99 57 77 81 21 35 58 52 95 71 28 63 54 49 16 40 94 12 68 50 62 74 32 66 14 98 3 29 73 55 92 86 76 47 18 48 10 56 6 4 60 72 79 36 45 39 31 44 19 8 27 43 51 38 90 20 100 59 93 46 5 37 42 33 96 15 13 75 30
