46 96 82 65 27 79 73 49 18 40 50 21 51 56 47 88 67 85 22 9 30 100 74 38 33 4 17 78 3 8 14 68 69 53 76 5 86 84 25 29 16 12 95 70 35 99 10 36 0 23 87 44 15 92 45 71 20 90 66 93 80 98 32 97 54 72 58 13 62 48 63 11 60 75 37 28 57 39 42 31 1 2 59 7 81 83 41 64 6 89 26 91 61 19 52 77 24 94 55 34 43
94 81 51 28 67 97 95 36 63 89 71 66 26 78 99 17 100 74 59 47 4 22 76 8 41 12 46 25 73 10 44 16 29 84 62 14 52 34 50 69 79 23 37 96 85 42 9 86 15 58 57 43 18 83 87 6 98 82 24 72 1 33 61 13 30 48 92 77 90 2 32 56 19 64 68 27 93 5 40 3 70 60 11 45 0 55 80 91 38 20 21 31 54 7 35 49 75 88 53 39 65
3 53 23 31 60 4 67 46 6 37 68 10 52 76 90 8 50 96 65 92 12 16 72 73 91 79 87 59 98 74 80 41 36 81 42 64 70 63 32 94 18 22 5 34 13 48 51 24 28 69 49 7 58 82 86 38 15 19 66 55 99 40 14 26 0 84 45 47 100 27 2 29 20 43 39 11 83 35 1 54 78 21 61 88 56 44 95 89 97 25 62 93 30 9 71 85 75 77 33 57 17
40 82 43 86 44 37 12 5 96 9 98 68 35 78 30 46 4 42 88 67 66 84 76 92 41 29 22 24 61 60 34 20 90 36 99 100 31 48 54 1 72 33 65 26 56 21 19 28 93 25 13 0 77 51 3 83 85 27 58 91 11 73 74 49 10 95 59 23 18 47 55 17 8 53 39 64 7 69 52 80 94 38 70 89 45 62 15 87 50 71 75 57 2 14 79 16 6 32 63 97 81
36 27 42 57 83 3 62 61 2 68 60 21 66 19 92 75 89 12 71 91 67 22 82 81 85 39 29 99 44 8 80 84 96 1 98 69 48 35 4 72 7 13 56 76 93 20 24 46 26 74 53 41 78 16 63 11 94 17 70 54 5 55 32 25 88 31 73 10 100 37 95 87 14 15 64 51 43 59 97 45 23 38 33 79 40 6 30 50 18 86 58 34 0 65 9 77 47 52 28 49 90
81 25 7 72 32 48 60 26 15 45 87 47 53 10 68 44 43 74 36 16 77 41 1 89 38 29 98 28 96 64 49 69 78 85 54 8 12 13 31 39 79 62 99 21 56 76 24 3 80 2 95 82 6 93 61 27 9 5 91 11 37 70 92 65 66 18 40 100 0 50 57 84 90 59 58 34 42 73 35 22 63 71 19 51 20 86 97 94 52 4 67 33 46 75 14 83 88 23 30 55 17
35 9 72 0 23 57 40 8 55 95 19 67 17 30 80 47 84 96 43 60 49 20 98 77 50 64 70 65 32 81 1 99 52 93 97 11 41 42 51 90 69 100 24 59 78 73 83 94 79 58 33 37 21 87 92 91 76 14 63 12 54 3 28 71 62 34 13 4 86 61 88 10 46 36 6 56 74 48 66 45 27 16 5 85 22 82 89 53 7 31 75 44 29 68 39 15 18 25 2 38 26
69 4 54 24 73 8 19 60 94 58 53 20 67 80 79 3 38 22 14 25 71 12 52 82 45 11 90 50 34 63 15 41 59 7 77 56 31 70 65 96 28 62 0 86 81 75 30 76 37 21 84 29 68 27 39 46 13 48 47 23 9 66 92 32 49 74 89 16 83 55 64 33 44 1 5 98 57 93 95 17 43 6 42 78 10 87 61 18 40 26 100 35 99 36 88 2 51 72 85 97 91
73 1 60 12 58 77 49 43 98 97 100 15 29 10 63 90 95 20 32 13 93 46 62 92 19 14 66 75 85 9 35 67 18 16 34 72 64 83 88 2 61 7 80 26 22 37 40 8 33 42 24 31 39 56 53 48 86 81 0 76 25 6 27 78 70 84 51 65 55 52 21 36 82 87 59 69 38 47 57 89 45 74 68 5 4 28 99 79 54 23 50 30 94 11 41 3 91 17 44 96 71
67 97 30 99 69 95 83 9 12 20 81 73 93 100 78 96 90 17 60 91 72 80 66 32 4 52 43 18 29 54 56 44 82 14 57 11 51 13 74 33 35 8 68 19 22 0 49 38 76 16 55 70 40 36 50 28 31 25 94 53 3 42 58 75 15 27 41 64 87 47 48 7 77 5 23 88 37 10 84 2 46 6 39 65 98 26 24 92 85 21 89 1 59 61 86 45 63 79 34 62 71
65 40 82 54 39 33 18 41 99 38 36 45 64 71 59 72 89 97 90 5 80 94 8 79 15 96 46 73 13 16 70 7 49 53 34 91 98 60 12 23 26 77 62 51 27 67 35 22 75 3 25 58 55 93 32 69 1 20 95 84 86 10 85 88 11 87 76 74 100 78 24 19 50 92 61 83 21 28 57 44 42 48 47 37 81 2 4 52 9 63 17 6 56 68 0 29 43 66 30 31 14
33 74 56 1 10 0 22 26 87 37 8 29 86 21 55 91 13 94 35 77 75 7 73 72 65 3 79 51 2 28 24 96 19 45 52 67 32 85 11 63 95 30 48 42 54 44 70 17 81 62 6 12 97 68 88 76 14 25 71 18 50 20 100 66 36 83 46 49 57 47 16 5 9 59 39 27 90 34 4 99 53 82 31 93 69 78 80 38 41 60 61 43 40 98 15 89 92 64 23 58 84
35 76 9 86 34 11 89 81 33 12 49 20 10 62 65 92 90 13 6 36 17 79 1 57 63 23 87 0 53 15 71 93 32 2 54 97 27 38 66 51 98 84 74 28 39 42 41 99 50 43 64 24 29 69 52 46 47 44 37 72 8 60 61 16 96 75 31 7 18 78 58 25 94 100 56 19 30 85 14 67 22 70 80 55 82 88 4 95 40 5 83 45 73 59 48 91 77 3 68 21 26
23 20 69 36 86 59 2 83 15 64 99 73 24 8 32 71 82 48 17 53 1 3 81 91 19 75 27 76 33 11 10 34 4 98 57 28 46 90 74 54 30 88 9 70 13 41 37 0 29 97 49 67 66 92 50 39 84 7 21 85 60 89 96 47 93 55 5 52 78 94 12 45 6 95 40 63 35 58 22 77 25 51 38 26 18 87 31 42 68 43 79 80 100 16 14 44 65 62 56 72 61
20 24 11 64 3 0 63 69 13 53 4 60 72 50 22 83 23 52 77 47 19 45 100 38 17 29 55 68 91 12 40 54 35 46 9 18 28 41 86 96 43 25 90 93 32 92 7 26 94 56 67 99 15 34 57 71 2 37 10 8 36 5 42 51 87 49 21 6 66 84 44 59 79 48 98 65 58 30 81 95 80 74 89 14 76 1 75 39 33 61 27 78 73 70 82 62 31 16 88 97 85
62 39 71 83 18 12 14 33 44 85 26 77 69 45 41 53 63 59 17 42 97 47 3 20 93 48 2 27 11 90 38 79 15 16 9 88 58 1 30 4 40 100 51 7 24 89 57 46 70 22 54 32 98 28 52 23 76 81 5 36 66 50 92 65 37 6 34 94 75 67 95 35 73 21 49 68 61 78 96 31 80 82 84 55 29 60 64 72 43 87 56 13 91 99 25 8 0 19 10 74 86
11 19 5 86 74 14 89 9 37 6 42 75 27 47 83 33 49 8 78 0 94 90 58 62 98 60 38 32 80 52 50 57 35 67 48 70 13 72 24 68 44 45 69 40 7 55 100 31 84 97 61 88 95 29 76 23 16 53 12 28 25 51 73 54 85 63 99 39 4 79 46 91 2 81 82 93 92 18 36 15 41 30 65 3 34 71 17 21 10 1 64 87 20 66 26 43 59 96 77 22 56
84 11 50 99 74 40 93 21 17 65 0 19 58 25 37 53 76 15 9 33 87 20 14 42 31 80 47 3 45 91 60 98 29 18 5 81 22 36 95 6 41 38 57 12 1 48 69 97 44 13 7 49 75 51 92 59 64 46 4 83 56 54 27 2 28 34 82 55 96 90 62 43 35 66 72 79 70 94 78 32 63 24 85 10 61 77 89 67 26 71 8 39 52 100 68 88 30 16 23 86 73
14 53 91 80 2 30 93 69 43 28 46 40 64 75 19 55 95 33 73 67 87 66 42 76 84 9 29 26 70 48 52 65 72 98 57 56 82 81 35 78 100 83 39 12 59 86 60 10 22 79 0 77 61 54 90 51 88 63 96 32 27 38 24 1 34 23 85 3 5 44 7 6 41 21 58 11 71 31 92 25 20 49 36 37 45 99 8 17 15 47 13 16 4 50 89 68 74 94 18 97 62
26 52 91 96 89 20 14 34 15 72 39 3 24 92 19 64 21 41 74 25 18 100 2 56 5 36 94 1 82 23 46 7 99 38 16 51 9 69 67 57 22 13 83 54 35 71 31 85 95 11 73 27 80 77 29 79 86 33 47 4 12 30 43 10 93 90 58 37 17 59 28 66 63 61 62 53 97 70 78 50 8 76 6 81 84 87 68 0 98 48 88 49 42 60 55 32 40 45 65 75 44
4 98 24 63 22 33 34 16 59 71 31 61 85 56 99 28 42 43 29 77 78 40 66 100 62 91 7 3 18 17 0 12 88 53 67 84 15 58 38 49 9 30 35 14 73 64 54 51 37 60 94 45 80 57 41 79 75 23 83 2 19 65 87 50 11 10 72 13 95 20 76 47 21 27 96 70 48 69 86 92 8 68 81 1 82 36 5 44 6 46 93 55 74 90 97 26 32 25 52 39 89
66 81 85 30 8 2 61 71 80 58 43 4 29 38 84 6 3 67 18 32 16 19 79 76 91 48 13 10 57 78 22 72 64 96 42 53 11 9 45 94 36 12 20 49 27 55 59 35 88 52 87 74 7 56 98 33 82 99 37 77 40 92 100 24 44 97 63 46 54 60 28 41 95 23 47 62 89 26 17 14 68 83 93 69 31 50 51 5 0 25 21 15 75 1 39 86 90 34 73 70 65
35 64 63 75 1 14 9 85 98 93 8 28 44 65 26 47 69 43 77 32 39 50 100 12 94 40 82 10 97 71 60 68 66 58 99 13 76 42 87 19 67 15 3 29 0 59 54 95 24 18 6 72 57 33 84 21 17 46 16 92 53 56 22 55 62 31 79 74 38 34 73 27 48 81 89 86 70 20 11 51 61 2 23 90 88 49 41 80 91 30 7 4 83 37 96 78 5 25 45 52 36
95 29 60 62 74 8 56 65 3 81 7 30 85 59 98 10 63 1 77 75 90 43 87 2 88 13 97 52 14 26 71 93 19 23 72 28 11 12 42 79 37 46 91 99 89 92 4 36 61 57 27 21 53 68 22 58 9 50 100 5 55 0 39 31 6 18 76 70 40 33 15 16 38 48 44 73 35 96 32 69 82 66 41 67 34 24 17 49 25 83 47 78 64 86 54 51 20 80 94 84 45
93 66 90 72 20 61 24 75 0 35 64 18 50 99 32 28 44 29 81 95 91 98 54 73 13 42 65 78 11 52 38 47 79 7 21 55 94 60 15 27 96 58 89 3 92 87 67 40 84 12 63 45 31 25 77 4 9 76 22 71 36 100 16 49 39 83 88 68 85 74 2 48 56 82 57 19 23 53 59 8 43 86 30 51 14 1 41 34 69 26 97 17 10 5 6 33 37 62 80 70 46
1 63 89 18 94 32 22 58 19 15 61 8 44 84 90 4 37 57 35 43 47 28 80 45 46 36 34 75 51 23 97 33 21 42 78 76 56 65 52 10 66 73 26 88 55 13 72 59 62 2 95 9 25 82 40 11 27 50 49 81 16 69 29 70 3 83 7 98 39 74 30 14 5 38 20 96 79 99 100 87 24 71 64 85 54 31 60 91 92 12 77 86 68 6 0 53 93 41 67 17 48
67 4 80 100 41 29 88 97 8 37 19 58 57 74 43 24 5 13 3 75 34 1 79 7 82 40 46 86 63 0 15 45 87 23 91 70 68 6 25 98 39 26 21 73 22 32 95 93 36 85 30 90 55 47 84 94 78 48 18 60 28 76 31 89 17 54 53 69 2 61 99 52 9 44 16 14 65 81 72 20 56 12 35 50 33 59 96 62 83 49 64 42 51 10 27 11 66 77 38 71 92
54 41 67 2 20 1 82 10 66 69 36 97 53 84 65 7 31 45 98 92 16 25 52 57 19 37 33 59 95 74 9 70 35 15 34 83 40 42 71 12 27 0 30 75 90 24 56 32 94 4 58 79 88 73 28 17 8 14 47 99 50 48 23 51 61 18 39 44 22 93 3 43 72 76 62 5 81 91 100 96 38 87 86 63 85 29 89 26 11 80 6 78 49 21 13 55 77 64 46 60 68
23 2 16 93 55 74 90 80 49 20 66 71 29 5 76 8 3 89 48 91 65 92 36 87 27 1 58 98 68 63 28 43 53 41 61 6 57 24 10 96 11 31 67 64 46 21 77 84 70 37 14 52 35 83 45 95 9 54 22 88 62 13 18 99 79 82 26 72 33 59 25 56 34 60 97 85 4 40 51 32 0 94 44 19 100 17 75 86 69 42 38 81 15 50 78 7 73 12 39 47 30
74 65 96 50 36 24 61 69 26 95 21 5 54 75 31 29 27 38 18 33 89 34 44 82 11 76 43 19 45 70 98 7 58 0 28 4 6 94 2 59 17 100 46 71 77 85 9 39 86 22 41 14 90 97 87 35 68 13 83 55 48 30 78 42 32 56 57 3 8 66 79 73 81 99 51 67 63 80 47 37 1 92 49 88 16 84 40 12 10 25 53 93 60 20 72 91 23 64 52 15 62
26 60 48 13 10 58 63 51 45 3 16 83 42 75 8 4 97 62 99 20 74 41 9 61 32 1 54 90 17 25 5 36 91 77 33 11 89 49 80 73 15 69 93 19 14 7 56 27 72 84 95 53 88 57 66 96 81 65 37 76 47 35 30 87 52 23 29 44 38 92 78 94 31 50 55 98 67 79 82 22 70 100 24 34 59 86 18 12 39 43 0 71 6 28 2 64 40 21 46 85 68
98 71 29 70 16 37 46 13 56 63 67 28 0 30 12 48 22 43 41 7 44 52 87 68 4 50 8 99 11 14 93 86 66 72 15 59 35 2 73 83 33 45 96 62 69 24 17 78 57 79 75 3 32 40 49 95 31 47 27 19 53 21 91 9 85 60 65 6 5 54 64 77 82 26 81 94 42 74 92 23 97 88 36 34 10 55 84 20 80 18 51 39 100 61 76 38 58 89 90 25 1
52 34 26 43 93 48 91 30 18 8 84 54 55 17 6 29 79 69 57 2 68 94 38 1 12 35 4 73 97 77 9 96 92 87 37 40 13 65 25 22 82 36 61 74 100 78 90 70 31 95 46 44 20 75 88 76 15 72 66 23 85 7 58 21 60 50 0 47 51 10 11 80 53 28 62 19 67 56 99 39 63 24 45 33 5 41 16 64 81 14 32 71 86 89 3 42 98 27 59 83 49
98 53 81 80 70 47 50 3 45 74 82 5 62 17 24 91 7 63 34 37 83 33 85 38 94 42 96 18 54 49 90 58 78 66 27 21 61 93 30 79 43 14 64 59 89 6 9 44 31 76 28 77 73 26 65 52 22 0 32 71 15 92 35 56 13 11 72 100 25 8 23 12 36 1 46 95 40 60 39 84 48 4 29 75 2 41 88 67 86 16 19 99 69 20 51 68 97 57 10 55 87
60 33 72 16 29 23 93 73 69 52 68 64 63 57 25 84 98 45 43 35 55 36 53 86 51 26 31 80 34 13 11 3 24 6 21 87 78 76 20 85 90 91 37 8 0 77 32 61 30 89 75 10 22 49 7 58 14 100 38 56 82 17 96 67 48 15 95 62 99 42 19 66 39 50 59 41 74 1 71 40 46 5 47 92 18 70 54 4 27 94 44 83 81 2 88 65 97 28 79 9 12
18 92 11 8 69 90 65 93 42 96 13 44 75 37 84 1 77 80 61 33 57 62 78 29 36 54 28 0 71 95 49 32 73 43 31 64 48 67 83 85 4 52 34 23 91 35 16 15 14 7 6 5 40 47 38 60 46 22 45 82 26 3 97 41 30 17 89 9 19 21 10 56 63 76 88 79 86 99 87 12 2 100 51 72 39 66 53 20 58 81 98 55 74 25 24 94 68 59 27 50 70
39 55 49 88 59 26 41 66 9 18 16 57 29 98 0 19 48 12 17 28 86 38 80 23 87 35 64 8 91 94 63 58 95 71 14 92 31 20 53 51 56 36 70 46 97 93 21 76 3 15 42 10 5 2 84 32 22 81 43 67 61 69 52 40 78 25 68 100 82 13 72 89 75 34 24 60 85 1 11 74 90 79 77 44 62 30 96 27 37 6 45 50 4 7 47 33 83 73 54 99 65
87 24 90 42 50 5 45 65 23 37 83 39 68 18 95 64 74 78 3 77 46 100 88 94 85 58 96 60 40 34 20 59 93 9 44 81 0 69 4 53 13 6 36 43 61 25 2 32 55 28 38 7 71 92 97 86 11 22 29 26 57 82 62 72 70 76 10 21 17 47 80 41 14 54 73 31 8 84 99 51 15 16 30 91 19 75 12 52 66 67 63 79 49 48 35 56 33 98 1 27 89
33 37 3 79 97 18 69 62 15 4 30 96 28 40 9 51 52 64 43 38 6 49 10 53 85 60 95 35 76 25 45 44 42 86 66 81 7 72 75 74 67 68 73 0 29 32 23 99 61 5 59 82 1 55 19 31 58 84 57 16 12 21 91 47 80 83 56 8 50 71 39 13 65 93 27 89 88 87 11 100 77 54 2 94 36 78 48 90 92 46 17 63 98 26 70 20 41 22 24 34 14
33 90 95 38 28 35 5 64 10 85 1 63 3 46 91 56 62 54 96 53 81 31 78 74 12 9 23 24 72 98 52 84 59 100 70 87 39 45 80 68 41 93 19 8 34 0 86 29 77 92 16 82 73 42 26 83 58 22 36 32 71 20 49 37 48 65 21 75 43 69 13 30 44 67 4 17 18 11 89 99 94 66 57 88 47 25 55 60 97 79 50 15 51 7 27 2 14 40 6 76 61
96 94 42 92 57 70 95 79 49 66 93 30 36 7 46 86 24 9 72 76 82 2 55 11 65 28 77 40 19 26 89 22 59 32 16 81 78 99 39 68 61 100 29 51 74 0 27 97 20 38 56 33 87 13 98 21 43 60 14 85 71 47 6 62 52 5 48 58 53 75 12 73 10 18 67 1 80 84 34 37 17 31 35 90 41 45 4 15 23 63 25 44 83 64 69 3 54 8 91 88 50
78 12 79 1 99 10 93 32 82 19 95 54 5 46 89 52 47 3 80 61 14 60 56 37 39 36 27 53 62 30 88 70 34 15 74 58 7 84 20 81 86 16 35 6 49 83 28 94 40 68 22 23 18 9 71 31 90 38 87 66 44 8 72 45 0 29 51 17 91 75 55 43 64 4 25 13 63 59 41 73 26 65 97 76 67 85 11 21 92 98 69 96 77 50 2 48 24 42 33 57 100
73 82 38 90 31 78 6 29 3 48 22 7 80 57 41 45 74 79 49 20 69 68 30 81 96 39 25 65 55 15 28 13 36 77 8 21 12 26 32 16 93 0 88 83 70 27 52 86 76 58 44 14 10 17 2 67 63 47 59 35 75 95 91 84 24 62 53 34 37 1 97 23 60 9 19 66 98 100 72 42 5 54 85 50 92 61 94 51 4 87 33 89 18 99 43 56 40 64 11 46 71
90 98 73 31 94 84 89 47 74 18 34 49 40 46 97 51 54 67 12 68 13 70 17 35 15 36 50 45 82 27 14 95 1 91 72 33 65 85 87 32 26 75 79 21 81 53 80 29 5 24 93 41 71 62 38 56 76 16 10 42 77 55 44 66 9 0 22 11 61 19 43 83 7 86 64 58 4 37 96 20 99 78 48 28 8 39 30 63 25 69 100 3 60 59 2 6 92 57 23 88 52
25 37 93 40 56 4 43 15 38 66 52 78 71 47 61 97 88 50 42 18 17 32 20 9 55 46 30 29 83 60 45 92 68 31 11 98 16 14 44 3 1 65 81 58 13 79 19 67 33 23 59 100 74 76 22 48 77 35 63 27 70 7 95 5 91 12 24 51 26 94 69 87 72 53 0 2 10 73 39 36 62 96 84 99 28 82 57 49 54 75 34 86 8 41 6 89 85 90 64 80 21
46 48 41 75 23 94 7 89 19 78 40 20 15 9 28 65 64 85 93 3 73 52 17 66 36 96 81 47 92 71 98 79 62 22 100 2 18 25 82 13 58 68 30 14 4 86 6 91 11 43 80 21 88 49 10 60 55 26 42 39 56 83 67 87 38 54 50 70 69 1 63 45 53 74 31 51 12 0 99 29 27 32 24 44 72 90 34 8 5 37 57 95 77 33 61 59 35 16 97 76 84
5 89 34 73 31 42 84 56 92 20 51 1 38 47 69 77 12 63 99 75 64 26 88 78 21 28 58 41 3 72 11 83 30 82 4 2 33 27 100 62 18 32 10 60 55 15 95 17 45 49 44 97 53 7 35 96 46 8 23 74 61 9 39 57 48 98 22 29 6 65 14 68 16 19 87 70 71 43 50 52 94 86 80 13 37 24 54 90 66 79 25 59 85 91 36 93 40 67 81 0 76
95 62 8 53 67 13 33 23 69 43 16 42 63 49 2 56 29 85 5 96 17 57 64 28 79 38 36 80 32 100 71 90 10 25 50 18 87 81 68 82 86 12 60 52 59 76 93 72 91 30 20 0 27 41 37 54 44 84 34 98 15 35 48 11 94 97 66 6 61 73 26 40 1 4 89 83 58 31 24 78 77 22 19 55 14 51 74 7 65 3 75 47 99 46 45 9 21 88 39 92 70
46 20 85 36 91 72 18 95 0 74 80 12 97 9 30 44 67 88 8 86 69 41 60 93 100 75 89 83 58 56 59 98 71 38 16 26 32 14 24 4 65 99 64 90 43 1 51 21 17 19 23 7 25 54 84 70 87 68 52 94 10 62 2 92 11 53 73 66 79 63 45 31 55 40 34 96 77 27 28 13 50 76 35 78 39 6 57 48 3 22 5 15 42 33 29 47 37 81 82 49 61
71 90 29 97 60 79 35 47 66 95 72 56 59 10 30 36 7 37 3 64 96 51 9 34 61 24 84 12 21 55 74 91 65 31 42 45 26 41 82 85 43 33 11 28 92 4 15 13 76 87 18 88 38 20 16 93 46 78 0 99 57 50 19 8 94 67 86 14 63 58 53 32 62 6 100 44 2 5 54 73 68 25 48 89 40 80 81 49 98 22 23 27 83 17 39 69 1 75 77 52 70
36 28 86 17 15 40 66 38 4 96 11 13 14 5 37 88 89 44 46 76 22 9 35 92 26 63 41 82 64 42 20 57 71 53 95 52 24 16 60 48 56 30 70 47 91 81 65 3 61 7 25 72 2 1 23 6 27 59 69 19 99 74 100 87 21 78 75 77 80 43 93 54 45 98 58 12 32 8 83 85 55 31 50 68 34 18 29 62 97 49 10 0 39 51 94 79 33 90 84 73 67
52 36 4 49 0 41 27 34 85 93 40 3 57 44 89 79 22 53 32 1 8 28 13 86 20 42 100 83 91 29 37 68 21 31 43 98 16 81 87 30 61 88 55 18 70 47 9 67 84 39 12 71 72 46 23 19 74 80 90 51 99 92 14 33 94 45 75 76 62 38 73 78 59 26 10 7 63 69 65 15 56 6 77 54 66 17 82 2 95 58 64 48 50 60 11 35 96 25 5 97 24
76 65 10 15 51 7 27 14 71 17 38 29 22 63 55 92 36 50 66 40 23 5 89 21 100 26 1 0 96 31 16 24 35 3 32 49 95 53 69 72 90 94 46 84 99 62 8 43 78 93 83 74 11 19 58 82 25 86 79 67 98 97 91 12 34 77 45 18 80 47 85 68 60 61 20 52 9 54 87 57 13 48 37 75 39 30 41 64 44 28 6 42 70 88 59 33 2 4 81 56 73
55 64 90 99 78 75 14 92 7 42 74 88 80 67 45 84 57 32 5 21 40 94 16 81 47 95 33 65 77 28 72 1 3 10 56 39 60 73 9 44 87 59 66 22 18 89 83 17 76 43 41 70 6 98 49 24 38 52 12 34 86 4 23 11 27 53 36 63 30 58 54 97 25 31 19 61 8 50 62 79 15 20 71 51 29 13 85 26 46 96 91 0 37 48 69 35 93 68 2 100 82
29 64 19 77 100 40 92 3 62 76 12 48 87 88 89 74 57 80 58 23 47 60 78 99 96 73 7 61 94 22 24 93 56 67 90 49 16 98 50 63 69 30 53 1 46 9 31 42 6 34 72 68 17 84 37 75 21 10 97 44 81 4 85 54 33 14 65 82 5 27 79 83 55 0 35 36 45 26 41 8 18 28 95 43 52 51 13 11 66 39 70 2 71 59 32 86 25 20 38 91 15
42 69 64 59 25 76 33 4 65 62 53 94 23 98 18 92 68 77 74 2 38 34 89 22 3 20 16 43 60 52 83 0 30 8 80 11 71 7 36 1 88 54 84 91 10 67 27 31 79 95 75 19 82 56 40 48 50 66 78 12 35 24 99 6 5 29 85 96 87 93 41 37 13 72 57 14 61 81 28 21 26 55 46 45 58 63 97 39 90 44 49 15 51 86 17 73 9 100 47 32 70
50 70 5 41 44 56 1 22 67 28 92 94 18 80 36 75 49 97 69 51 87 96 100 76 45 27 12 81 89 79 99 83 26 14 42 7 35 48 93 84 0 15 34 59 73 30 68 90 8 4 66 86 21 25 57 2 82 88 23 29 37 55 63 6 46 54 38 9 3 91 72 74 98 33 19 40 77 53 62 11 85 95 52 58 17 64 60 39 16 65 47 13 31 32 10 78 20 24 61 71 43
14 75 34 59 7 29 71 30 98 37 41 3 40 4 28 31 21 69 19 32 82 18 66 39 90 93 10 61 89 12 16 43 83 63 100 33 23 57 54 13 15 49 87 56 1 99 81 74 2 95 72 96 64 52 25 85 6 5 91 55 84 42 17 53 70 60 46 73 68 80 76 35 65 88 8 36 22 47 78 20 45 94 51 97 67 77 92 0 48 11 86 26 50 24 79 38 27 58 9 62 44
71 5 79 54 92 74 15 49 23 46 73 3 81 65 85 34 24 1 25 70 45 51 33 37 7 76 87 53 14 42 56 60 69 48 61 21 98 64 82 93 84 38 52 77 95 90 91 22 16 66 19 55 50 12 44 41 72 75 86 100 13 96 2 36 43 29 58 88 59 83 27 17 9 47 26 63 57 0 78 68 94 62 89 32 30 11 31 6 18 35 39 67 28 10 8 99 20 80 97 4 40
55 22 44 71 51 45 19 73 92 18 85 9 24 54 27 42 7 17 63 36 52 80 70 96 35 30 23 38 93 78 53 43 58 29 5 40 89 26 41 95 91 83 57 68 33 15 6 20 12 2 74 62 59 77 34 8 47 75 48 56 39 1 100 25 82 72 60 37 81 65 46 31 84 10 90 13 67 86 16 3 99 79 87 61 97 66 64 32 98 21 4 76 94 69 50 11 88 49 0 14 28
71 62 92 51 31 58 26 75 9 52 42 36 67 83 89 13 70 41 2 23 60 18 90 38 28 17 15 43 33 80 48 6 8 11 65 66 47 21 49 32 63 53 95 22 4 44 37 81 29 91 34 54 7 27 98 78 68 84 69 82 74 3 12 14 16 73 0 46 96 19 100 56 97 59 30 87 1 93 57 20 85 39 77 61 72 99 35 88 50 45 5 24 94 25 40 10 64 79 55 86 76
96 56 4 98 81 58 47 13 15 1 8 84 18 38 16 54 51 62 61 3 77 6 99 87 30 79 22 76 69 52 31 55 20 17 10 46 19 59 40 88 34 21 89 7 90 25 26 2 36 5 39 43 74 9 72 28 32 78 95 91 65 63 49 42 94 100 66 27 23 60 73 85 68 86 41 57 64 37 75 67 11 45 14 83 29 97 70 92 93 82 35 0 53 44 48 12 71 24 50 33 80
36 52 69 4 72 43 40 73 78 84 97 68 21 6 42 100 61 91 46 98 86 76 47 14 75 81 23 45 65 80 1 9 60 85 33 15 17 50 19 32 28 24 71 41 74 31 8 25 11 37 39 96 38 0 30 55 12 67 92 51 48 59 90 16 79 27 89 56 64 13 3 22 99 63 82 83 77 29 54 26 95 5 70 87 93 66 62 49 94 58 20 44 53 88 18 2 10 34 7 57 35
59 32 0 47 74 43 15 17 72 41 85 98 37 82 48 21 81 57 97 2 8 58 66 76 14 65 45 55 60 11 70 33 20 28 90 62 89 61 39 79 34 84 71 92 26 42 69 6 75 46 29 99 44 3 86 51 7 96 13 64 22 83 49 91 38 5 87 31 18 23 77 12 27 1 100 9 78 67 25 16 4 56 94 80 93 73 36 95 54 19 50 53 68 10 40 88 30 35 52 24 63
67 37 72 80 46 92 84 91 17 76 35 34 81 56 77 54 24 100 90 19 68 59 75 71 79 64 86 11 58 22 13 28 83 47 61 69 70 10 2 94 89 57 15 27 33 66 5 30 99 93 14 12 51 88 63 8 21 96 29 73 87 7 38 45 82 74 53 97 62 3 40 78 42 55 31 20 32 49 43 50 18 41 60 95 98 1 52 25 4 44 39 6 26 16 85 9 48 36 23 65 0
72 27 68 67 12 48 33 88 62 16 21 5 51 34 9 44 24 17 69 19 66 22 63 57 81 61 74 35 39 6 87 59 78 13 56 76 54 1 8 77 28 90 65 53 75 98 26 99 71 70 41 14 11 86 47 52 92 46 29 93 91 15 30 49 64 58 0 45 95 73 85 80 31 4 43 37 36 2 20 82 55 96 40 18 83 25 3 10 42 84 23 79 60 94 97 89 38 32 100 7 50
21 83 20 47 26 24 31 90 27 16 53 66 60 32 86 73 5 46 39 51 35 43 50 10 88 23 8 82 42 15 79 3 44 76 0 52 69 49 29 100 96 64 94 19 57 34 80 11 85 70 13 89 22 95 75 62 17 74 36 37 12 65 72 98 77 4 33 81 87 1 91 2 71 63 67 48 97 25 7 18 41 14 92 45 99 6 78 54 28 38 56 9 40 58 93 55 61 30 68 59 84
16 68 6 51 89 78 90 35 77 2 25 64 31 60 38 3 27 87 23 71 74 12 91 44 20 40 84 26 94 24 82 75 99 36 92 58 0 19 73 8 93 46 86 72 97 21 37 63 66 7 48 52 41 56 61 4 69 29 11 15 76 9 80 70 98 47 57 39 1 34 88 5 30 50 65 53 43 18 28 42 54 96 55 17 45 10 62 59 49 85 33 32 95 14 13 22 100 81 67 79 83
10 74 9 15 23 19 51 25 85 63 1 58 83 89 35 3 44 26 27 73 46 78 0 92 94 72 57 69 64 56 40 50 65 28 91 36 97 77 21 84 22 24 47 81 54 49 37 61 67 79 68 86 29 33 2 17 52 32 88 60 18 34 13 98 53 70 48 66 76 62 6 38 41 11 45 30 42 43 31 20 99 96 16 90 75 100 95 7 55 59 82 87 80 4 93 39 71 12 14 5 8
16 99 77 35 86 30 96 50 39 93 43 80 58 81 79 98 31 85 92 76 9 27 3 2 54 64 62 42 49 41 5 0 87 25 52 8 88 59 72 83 45 17 40 75 97 53 19 82 20 21 47 73 71 44 60 24 89 67 100 95 23 37 13 1 34 11 38 55 68 94 91 22 65 57 4 66 90 70 56 7 15 29 84 78 26 63 51 32 48 36 33 61 12 6 18 14 74 69 28 46 10
55 6 19 57 95 25 80 7 93 26 42 41 50 78 32 37 45 82 70 86 72 99 18 68 52 10 31 88 28 30 49 8 14 36 29 44 59 75 96 54 87 85 9 40 66 65 34 92 84 58 2 43 13 23 64 12 69 15 79 97 89 53 48 35 81 38 60 51 17 47 1 77 91 16 21 27 71 4 46 83 63 61 94 100 62 0 20 90 5 73 74 67 98 11 39 33 24 56 3 76 22
30 56 47 62 85 76 63 40 24 71 25 79 16 59 21 2 32 60 46 73 90 44 92 13 15 75 35 50 80 57 84 94 1 89 96 99 70 51 18 5 33 74 83 68 86 88 61 81 66 82 97 10 91 49 48 14 87 64 53 11 9 52 19 55 65 42 72 17 39 28 8 43 98 95 34 37 29 7 12 36 38 54 6 41 78 23 3 100 58 77 69 0 31 20 22 27 4 45 93 26 67
87 31 61 3 66 37 58 33 40 86 35 85 10 23 7 59 72 0 91 19 17 30 68 36 44 95 97 51 62 42 39 21 56 22 6 94 50 38 76 67 28 79 46 20 89 64 4 8 16 43 49 70 5 65 71 18 63 12 45 60 69 26 80 25 24 96 73 75 48 81 13 52 55 57 92 78 98 2 88 27 32 41 93 100 77 83 1 74 54 90 9 15 14 11 53 34 84 29 82 47 99
34 7 95 73 48 18 23 71 53 24 62 17 35 39 38 67 57 6 42 56 54 31 59 90 96 75 44 36 60 72 100 21 78 5 76 55 88 82 61 25 16 92 83 29 43 45 87 32 41 33 27 74 69 79 50 10 19 40 20 52 49 0 2 70 99 94 81 65 4 46 63 28 11 97 80 47 93 22 68 13 37 3 15 8 9 86 26 85 12 84 98 77 66 64 51 30 14 58 1 89 91
74 92 14 40 95 85 7 24 25 35 67 71 99 42 84 37 33 11 98 3 87 31 63 22 80 51 15 30 100 61 90 43 44 6 52 23 86 4 36 97 48 89 8 27 53 12 59 0 91 18 32 49 21 10 20 77 70 64 66 73 69 34 88 46 28 5 94 41 45 79 75 62 38 60 13 29 2 65 58 55 68 54 78 72 82 1 93 57 83 50 19 81 76 16 26 17 96 39 56 9 47
76 46 7 64 100 89 56 53 82 99 19 94 12 25 88 30 22 59 93 74 6 97 77 98 26 42 2 81 69 14 5 79 87 51 9 13 38 1 47 18 4 86 70 92 78 91 63 62 72 95 21 10 23 20 44 83 11 61 43 28 16 45 67 58 84 35 29 80 31 8 27 90 66 15 73 55 96 40 39 65 60 3 49 75 33 50 52 0 68 32 71 24 37 34 17 54 48 57 41 85 36
15 2 69 18 59 48 46 16 9 91 4 53 75 57 35 23 10 8 0 80 26 20 68 54 5 12 100 60 81 7 95 43 37 25 65 36 21 70 90 56 66 62 34 58 55 64 85 31 3 29 24 11 41 17 88 98 93 82 19 63 50 94 39 44 99 42 52 97 51 45 6 79 49 27 14 77 67 71 73 33 30 84 47 92 74 61 40 86 76 32 13 83 87 72 89 22 38 28 1 96 78
56 26 0 3 89 73 51 16 65 53 98 14 82 90 44 75 52 64 46 70 25 9 95 92 6 78 30 67 69 27 43 24 45 12 59 96 80 55 20 74 13 22 88 37 21 83 35 40 71 60 61 39 31 28 41 15 58 18 36 79 5 68 4 34 23 62 49 94 2 1 11 87 47 100 17 19 86 33 77 42 66 72 85 99 8 84 91 32 76 97 29 10 54 63 38 57 7 81 93 48 50
46 16 31 69 34 59 52 98 63 89 84 62 32 91 53 33 4 85 47 93 68 51 40 87 44 41 50 30 90 58 78 73 27 60 45 39 82 76 7 22 5 77 37 67 79 83 9 10 26 29 81 88 38 21 48 61 8 80 66 11 57 99 35 24 6 0 64 12 1 100 13 15 43 2 74 75 55 42 86 97 25 54 92 28 14 95 23 65 56 19 72 96 94 36 20 71 18 70 3 17 49
67 64 8 94 70 51 49 36 61 88 69 16 76 5 24 87 95 3 22 68 33 39 18 82 2 84 12 7 46 0 74 96 29 4 86 66 100 53 26 19 38 13 89 83 54 34 99 40 42 93 81 30 45 56 17 62 60 11 27 59 32 31 15 25 77 65 10 91 20 50 92 63 14 6 73 75 43 57 79 72 58 37 35 52 21 23 85 78 9 48 80 28 41 47 44 98 1 55 97 71 90
24 8 18 72 74 95 27 44 55 94 73 36 66 10 40 23 1 87 11 15 90 65 51 62 35 22 30 57 52 28 38 14 53 100 3 39 76 81 13 69 93 54 17 42 21 9 97 31 83 99 32 12 77 85 37 16 7 59 58 33 79 45 63 5 96 91 19 56 64 25 84 68 89 92 34 70 20 71 88 98 47 41 67 75 82 4 26 29 78 6 43 2 46 60 86 49 48 0 61 80 50
52 2 55 73 32 37 21 0 31 60 72 97 56 54 62 95 12 45 88 35 13 7 30 3 80 59 78 63 23 91 1 100 77 41 51 14 10 75 96 11 53 44 58 49 57 70 69 86 74 92 94 61 5 34 28 48 20 46 43 64 87 47 71 81 19 98 93 18 25 99 8 22 90 27 6 76 36 68 38 39 29 24 82 40 42 33 84 79 67 26 4 17 9 65 89 85 15 50 83 66 16
61 38 59 77 41 43 53 49 37 39 75 99 82 1 88 95 52 83 4 87 44 0 29 67 25 7 76 24 31 9 51 22 26 14 96 32 33 97 27 68 71 16 72 11 47 66 48 35 10 69 100 23 6 36 12 2 42 15 46 3 91 78 70 62 85 89 18 54 80 92 84 55 8 98 17 28 45 20 73 60 63 50 81 65 79 74 40 30 57 90 21 94 93 19 56 13 64 58 34 5 86
61 74 55 49 46 63 4 82 62 32 57 58 7 94 52 9 66 73 30 86 90 83 5 37 34 60 27 41 72 36 26 95 77 89 84 92 91 18 2 96 15 20 17 56 68 1 8 100 24 35 78 48 12 0 59 54 75 85 40 88 10 64 39 33 11 43 98 67 44 21 29 81 3 31 87 14 70 16 65 53 79 45 13 22 69 51 97 23 25 47 99 76 38 71 93 42 19 6 50 28 80
87 97 45 74 91 14 33 89 78 85 31 25 23 36 2 66 39 17 15 94 71 27 43 90 41 53 70 0 56 48 11 30 95 80 5 46 92 22 44 35 21 7 65 55 16 84 81 58 68 34 3 98 13 10 52 37 60 72 57 88 32 76 28 96 51 77 100 86 1 49 4 63 99 69 9 62 64 8 75 18 83 38 12 61 24 67 47 6 42 19 50 40 93 73 29 20 54 82 79 26 59
18 53 12 20 56 29 21 8 62 26 4 51 47 96 35 94 22 24 68 86 3 82 42 9 88 6 76 54 44 97 65 49 74 64 5 93 100 85 57 87 81 75 60 84 59 31 99 13 14 61 43 7 34 33 90 23 11 72 91 80 95 0 39 38 19 32 92 55 48 41 1 10 2 58 40 25 89 27 15 98 78 66 63 69 45 16 70 79 73 71 30 77 37 28 17 83 52 67 46 36 50
73 77 38 35 2 3 81 7 46 19 26 12 83 25 90 8 71 61 87 56 97 14 88 13 30 0 62 86 33 80 99 98 37 9 64 41 72 22 10 60 6 18 94 16 79 89 100 68 93 32 82 1 59 84 24 70 76 63 65 34 17 23 5 58 55 21 27 45 51 74 57 20 36 95 92 42 29 91 47 53 44 96 67 49 28 4 66 78 69 31 54 11 50 39 43 85 15 75 40 52 48
97 70 90 66 30 94 86 27 100 98 84 51 17 15 53 28 2 61 18 40 6 13 58 65 8 99 32 78 60 69 59 9 14 10 57 77 33 21 88 95 73 92 52 4 64 16 46 39 50 74 19 47 54 49 91 75 22 42 31 87 34 62 44 55 7 89 71 24 26 48 20 82 0 85 1 38 93 3 79 25 5 23 67 68 96 76 43 72 81 56 36 41 29 80 63 12 45 37 35 11 83
23 20 97 81 100 12 18 52 63 94 90 53 0 13 17 24 51 6 54 67 61 69 8 34 71 79 35 27 48 5 25 57 11 3 89 98 68 50 84 46 59 99 83 55 87 64 14 66 43 91 58 49 76 36 95 7 41 19 86 82 10 33 31 72 56 60 88 22 73 28 30 85 21 47 45 74 29 38 70 40 26 1 16 44 4 96 9 39 2 93 80 37 32 15 78 75 92 62 77 42 65
58 57 45 72 98 47 65 10 8 55 54 79 31 60 49 70 64 9 74 6 29 12 66 94 77 23 15 71 82 28 92 91 5 35 85 32 43 14 53 88 62 3 33 76 34 75 90 26 18 42 1 17 84 24 81 36 78 30 20 27 68 59 22 100 86 37 83 4 40 44 96 11 56 13 48 19 93 97 73 50 63 25 2 52 87 21 61 7 46 99 16 38 89 0 41 95 69 67 39 80 51
55 49 97 59 84 81 39 1 32 38 57 35 31 77 3 20 100 58 56 22 28 92 44 42 85 60 19 88 67 90 45 37 14 91 34 75 27 73 12 54 6 76 69 53 9 64 52 41 46 36 80 8 2 23 43 99 47 62 16 29 33 63 86 74 94 24 65 89 21 7 79 51 26 82 0 10 30 68 61 93 48 18 15 25 13 17 78 50 96 5 98 66 4 83 87 70 72 71 11 40 95
68 10 72 80 64 18 32 70 92 83 76 25 30 52 87 9 41 15 3 97 23 2 13 60 85 1 7 22 53 43 37 71 39 100 77 81 20 24 28 54 95 74 38 66 34 63 89 14 55 59 42 45 44 21 49 17 5 50 78 69 75 6 29 65 16 4 96 79 67 88 40 98 33 93 0 61 57 51 11 8 84 86 19 35 48 58 27 56 31 62 94 91 36 90 47 73 46 82 12 26 99
21 5 36 47 71 20 98 77 45 33 93 89 4 12 76 25 68 85 49 55 30 16 91 26 51 34 48 78 84 67 65 15 32 74 96 66 43 94 61 9 62 27 40 46 58 72 54 28 18 95 79 31 29 100 0 8 73 52 99 10 22 64 42 24 88 82 17 14 13 90 6 63 38 44 86 70 83 81 1 69 23 87 7 56 59 50 80 75 2 39 97 19 3 92 57 35 41 60 37 53 11
0 41 82 72 12 44 65 74 14 40 50 1 59 34 87 78 88 94 61 73 15 60 35 10 48 13 56 89 77 22 63 67 71 85 52 96 49 33 45 64 91 46 8 75 37 6 99 97 69 70 21 43 92 90 31 17 80 19 51 36 79 53 3 55 57 20 25 66 30 38 47 23 86 18 16 84 24 7 27 32 39 54 100 95 58 5 4 93 81 11 83 62 42 9 68 28 29 76 26 2 98
21 14 32 3 43 19 47 4 0 5 18 12 7 44 93 39 60 17 89 84 64 99 48 79 68 11 100 56 38 77 9 24 86 26 54 25 65 1 92 96 23 33 83 94 31 75 71 28 98 85 46 40 73 34 42 8 41 20 95 61 72 22 29 70 13 49 90 69 57 10 88 97 55 37 78 81 30 2 74 58 45 6 82 91 67 80 27 50 16 62 66 36 63 76 15 52 87 53 59 35 51
19 59 51 100 98 76 14 23 68 47 11 3 75 87 92 60 72 96 67 62 99 81 48 84 97 95 65 15 40 88 38 42 20 18 58 31 28 79 10 57 34 52 53 50 17 83 13 74 22 8 43 6 44 94 25 41 37 56 29 32 45 21 70 80 16 69 63 91 73 33 24 9 89 78 4 2 7 35 86 30 61 71 66 46 93 49 77 82 90 26 85 36 27 5 55 0 1 54 12 64 39
58 90 0 18 50 91 21 52 6 30 25 63 86 51 87 56 49 55 28 41 67 89 31 88 20 44 62 81 48 19 95 39 83 3 34 23 75 85 40 11 57 16 60 70 46 2 37 61 4 73 26 29 14 76 9 27 47 64 24 33 1 80 84 74 42 53 93 5 99 72 66 78 68 8 94 59 65 22 32 100 38 36 71 7 10 12 92 45 35 69 79 98 77 17 97 43 82 54 13 96 15
15 56 72 66 24 86 54 59 43 32 61 0 7 79 62 75 2 44 70 78 31 84 80 18 100 38 67 93 99 88 71 58 9 52 47 10 22 37 4 64 5 16 74 48 39 97 46 42 53 92 55 98 26 50 21 45 87 57 91 94 25 17 81 28 1 68 8 27 6 14 29 34 3 12 51 33 19 65 63 13 85 95 11 20 30 73 60 90 83 23 77 41 35 76 69 96 82 40 89 49 36
90 74 86 0 70 20 37 21 66 23 61 3 5 59 29 100 11 55 44 9 51 7 6 88 75 50 43 99 34 36 96 41 33 83 24 28 4 49 13 45 12 69 38 52 42 56 26 91 8 10 98 67 60 85 32 1 68 27 62 54 46 18 47 93 17 40 97 89 57 94 92 84 58 39 16 30 2 31 53 64 79 80 77 71 22 25 72 73 14 95 76 81 19 78 15 48 82 63 35 65 87
14 25 57 50 43 59 31 90 84 100 21 65 53 27 73 62 85 74 86 76 4 93 19 24 5 9 98 70 47 37 92 91 45 33 78 80 88 49 75 39 64 40 7 68 10 79 96 54 28 36 94 52 55 26 20 3 51 71 48 2 56 58 29 60 46 6 38 15 82 44 13 0 63 41 18 11 8 99 35 61 42 87 69 22 72 17 32 77 23 97 30 66 16 95 12 1 81 83 89 34 67
