49 4 84 26 0 68 10 91 67 74 93 17 47 65 36 28 2 69 21 31 45 80 98 85 1 72 23 35 9 56 37 86 32 15 87 11 30 95 18 42 90 41 16 97 27 60 70 81 5 12 73 24 51 19 77 6 43 75 53 52 39 20 92 71 13 8 61 82 88 33 55 94 38 57 25 76 79 14 62 54 50 99 7 89 48 63 59 44 64 22 58 78 100 40 96 66 34 29 3 46 83
26 35 73 87 94 11 28 22 56 61 20 46 0 52 74 40 54 32 85 60 33 70 100 68 44 21 97 47 17 66 86 42 15 29 23 89 75 65 82 64 10 77 76 13 14 16 19 69 71 98 4 63 36 51 91 8 67 79 78 92 25 30 18 5 6 49 43 48 3 81 95 55 27 96 83 37 90 2 53 24 12 45 58 39 9 62 34 41 57 93 1 59 72 50 84 99 80 88 31 38 7
11 66 5 61 16 26 30 4 13 53 65 38 46 37 78 98 12 100 50 58 51 70 64 27 86 95 52 40 59 31 32 7 60 36 89 69 92 76 88 71 45 1 21 28 22 15 35 72 68 62 56 93 82 44 79 42 25 83 41 94 87 9 20 67 34 75 43 55 0 14 18 96 49 39 47 85 84 81 6 24 10 19 73 29 23 33 54 8 97 48 99 2 90 77 17 3 74 57 63 91 80
38 43 67 72 84 66 77 50 3 1 18 6 100 82 14 26 8 51 97 19 48 46 49 69 98 13 21 57 76 12 63 86 28 24 2 25 92 23 42 61 74 94 22 0 17 27 91 30 10 29 71 58 85 44 55 36 99 62 88 40 56 11 32 93 37 64 53 20 68 79 5 47 52 34 96 39 59 78 33 73 54 70 16 80 4 83 9 81 41 95 45 87 89 31 7 75 15 60 65 90 35
43 83 13 72 86 53 82 15 0 92 3 31 51 78 42 57 19 52 12 59 8 4 91 100 48 35 77 41 61 99 69 96 50 88 94 49 93 97 22 26 46 58 2 76 32 20 87 38 9 62 81 89 71 30 66 98 21 73 75 5 28 40 63 45 33 70 64 54 68 7 80 65 90 55 23 27 24 10 39 95 44 29 34 25 36 79 85 56 74 60 14 37 6 84 16 1 67 11 18 17 47
43 54 50 86 13 100 28 73 42 12 40 64 29 48 68 18 84 91 5 63 14 8 75 72 76 49 89 34 93 85 36 39 22 57 9 70 80 77 60 67 44 2 81 92 51 11 61 58 17 45 24 35 6 82 20 3 65 15 21 33 32 88 47 19 16 38 74 55 30 25 98 97 62 26 27 56 7 69 66 94 41 4 59 53 96 78 46 0 87 52 79 99 31 10 71 95 37 1 90 83 23
60 89 36 35 56 57 8 25 44 91 15 4 2 3 13 24 63 61 59 96 81 0 100 46 48 78 92 82 97 12 74 43 30 54 11 23 76 87 64 65 94 73 6 42 28 75 9 37 99 80 19 68 70 27 29 52 69 38 41 5 58 7 33 77 51 31 86 1 40 32 26 20 14 71 67 66 85 45 34 90 49 47 95 55 50 83 88 39 16 21 10 22 18 79 93 84 98 62 72 53 17
98 84 94 86 79 58 11 27 39 77 13 4 41 51 22 33 88 12 47 52 81 75 36 95 73 80 1 37 42 45 10 70 14 28 20 43 15 92 63 67 55 49 29 72 93 54 44 82 61 30 25 90 97 40 91 57 26 83 2 69 7 96 78 71 66 62 24 87 48 53 18 74 60 68 89 64 59 76 100 16 3 17 8 46 19 6 0 99 31 65 21 23 56 35 50 85 5 38 32 34 9
76 27 9 100 28 68 84 83 20 75 46 21 24 37 96 13 49 66 10 26 61 35 99 88 58 63 40 73 72 91 82 79 7 94 43 42 47 33 11 74 45 1 69 65 78 23 5 2 31 57 80 97 89 70 38 48 98 77 52 39 62 4 64 15 95 50 14 55 53 90 67 3 19 92 36 0 81 41 29 32 18 44 51 16 54 93 30 87 71 34 85 59 56 60 25 12 8 86 17 22 6
78 98 71 8 31 79 40 92 65 33 2 60 73 80 17 58 34 43 75 53 91 48 1 3 36 97 100 54 52 5 41 23 57 47 16 4 56 39 38 87 89 93 24 74 32 94 30 81 76 70 63 67 25 13 28 29 46 55 10 27 82 15 20 83 49 69 61 19 77 42 6 90 68 86 0 59 99 22 51 66 35 11 45 9 95 85 14 84 88 18 72 37 96 62 12 26 64 21 44 50 7
52 36 1 8 31 71 30 23 18 38 67 51 19 50 98 3 53 37 25 93 82 100 13 88 97 57 43 61 95 65 76 86 7 17 80 96 41 16 66 87 5 69 33 70 78 58 32 27 34 35 47 59 83 44 99 46 74 12 26 54 29 9 91 20 28 24 64 84 45 73 39 90 62 14 92 79 0 10 22 4 21 63 75 89 6 77 56 40 2 15 11 81 60 68 85 49 42 55 48 94 72
83 77 42 95 53 91 71 59 16 93 58 22 51 76 81 15 57 19 94 85 21 29 9 33 34 14 47 67 5 44 20 86 25 82 0 61 98 8 43 79 84 56 3 31 40 18 7 96 97 72 37 87 11 50 89 41 63 92 54 69 99 4 80 2 88 74 78 39 36 24 10 52 1 65 12 46 55 73 66 6 64 30 45 90 48 70 68 23 62 49 26 27 75 13 32 100 28 38 17 35 60
67 92 70 96 57 41 42 78 10 3 71 45 88 0 46 22 15 17 19 72 65 2 99 43 73 39 59 63 79 90 98 23 30 62 4 54 94 48 27 9 16 40 11 74 80 89 31 58 18 51 76 20 35 44 37 21 36 12 60 29 86 56 64 95 33 49 7 61 8 13 75 87 55 32 97 85 69 53 68 26 52 25 83 100 6 38 5 91 14 28 93 81 24 84 1 34 50 66 82 77 47
34 48 74 92 22 40 71 27 99 42 64 39 47 63 9 93 30 80 79 1 6 58 85 7 17 28 90 26 4 32 77 95 76 61 14 29 56 25 51 41 69 96 73 72 33 62 65 54 82 21 11 59 49 12 86 31 60 36 15 88 16 70 3 53 75 19 81 37 94 24 68 57 84 46 55 66 0 52 13 5 87 23 100 38 35 10 78 89 50 67 98 45 91 20 18 2 44 97 83 8 43
67 63 83 2 39 72 26 28 32 43 4 8 86 98 36 18 40 92 51 95 74 64 60 89 6 75 42 45 33 71 78 54 96 94 59 25 31 7 65 69 1 77 84 29 56 88 61 16 48 50 68 10 41 55 24 81 93 100 13 9 79 99 91 80 5 3 52 23 62 90 44 82 73 19 22 66 38 35 97 17 58 11 27 34 15 57 14 85 87 30 49 53 0 20 70 76 21 37 46 12 47
19 89 84 42 44 23 31 96 54 37 50 68 57 79 63 81 5 51 60 10 74 62 70 39 27 13 80 20 48 32 16 86 66 29 36 6 34 69 22 76 58 3 14 11 18 25 73 59 1 4 35 71 38 28 85 26 55 8 93 49 12 82 17 43 97 77 41 78 47 83 45 15 65 30 100 91 24 99 64 87 2 53 94 46 33 75 95 0 98 92 90 7 40 61 9 56 21 67 72 52 88
9 53 63 64 84 66 57 82 0 22 31 25 75 58 29 93 95 88 21 37 74 83 97 94 52 87 51 42 16 39 35 3 32 98 33 71 47 49 17 89 80 81 76 72 20 5 44 27 61 30 24 40 13 85 38 6 77 69 59 91 65 12 15 46 56 1 48 2 28 96 18 19 92 43 8 79 90 78 26 73 14 68 55 70 7 50 34 62 11 10 86 41 100 36 67 45 60 99 54 23 4
25 57 44 32 34 49 75 11 69 21 9 90 94 40 70 54 26 14 13 73 22 0 41 24 17 52 64 81 67 100 36 18 68 66 55 47 16 37 42 29 80 91 59 48 99 65 96 78 76 79 97 19 6 63 2 72 88 5 15 1 98 12 50 46 51 83 45 60 89 4 61 71 27 38 84 23 77 86 92 31 35 82 85 43 74 87 7 3 62 30 8 56 93 10 20 95 53 28 33 58 39
92 20 98 78 9 71 73 31 2 62 66 30 95 43 83 65 74 5 28 75 23 0 46 68 86 60 100 67 36 89 6 45 26 44 18 39 93 80 48 49 55 40 96 25 19 59 69 3 85 7 27 77 24 88 35 53 16 29 64 54 1 97 76 10 61 57 79 87 32 70 42 52 50 58 91 81 47 14 12 17 21 56 8 41 38 99 4 63 84 22 34 94 37 90 13 82 72 15 33 11 51
90 65 58 32 80 30 97 20 49 7 11 36 85 51 100 24 23 89 96 39 77 75 35 55 76 64 54 70 94 14 78 60 93 69 44 12 71 45 48 59 17 8 88 33 82 73 18 63 84 56 10 37 21 52 86 42 46 25 28 0 9 53 40 83 19 27 99 13 66 26 43 98 38 41 92 74 62 61 50 5 31 15 3 57 72 87 1 68 2 4 6 29 16 81 67 91 79 22 95 34 47
51 9 58 0 77 20 69 61 29 49 14 72 3 10 78 63 13 60 79 16 25 19 100 22 96 81 98 1 57 83 76 92 43 54 44 31 12 59 30 6 70 32 99 82 52 41 68 93 80 2 7 48 18 42 38 39 15 46 85 40 37 65 23 36 56 74 5 64 26 55 4 17 87 62 28 66 89 71 34 86 33 75 53 35 21 91 95 27 97 24 84 67 90 8 50 94 45 88 47 11 73
79 39 7 43 35 52 65 15 81 22 46 19 34 64 42 57 51 85 33 3 28 96 20 36 10 54 100 32 91 5 6 23 45 72 38 8 55 11 56 16 94 49 0 58 95 84 86 26 62 21 71 92 74 17 50 99 53 14 77 44 59 87 31 40 48 83 70 18 66 47 98 78 73 29 69 24 76 2 12 27 89 37 9 41 25 63 80 13 4 30 82 88 93 60 61 68 1 97 75 90 67
5 45 60 44 42 88 31 23 48 82 38 35 52 1 100 20 65 62 77 79 98 39 97 14 75 68 36 53 25 9 0 37 27 51 83 8 94 74 93 78 55 99 4 11 89 17 95 96 70 13 80 56 18 69 58 22 33 3 59 57 2 30 73 87 64 72 7 54 76 29 86 21 66 85 46 63 15 10 50 81 47 34 12 61 43 28 84 40 24 71 90 91 92 6 49 32 19 26 16 41 67
89 2 94 43 95 4 15 7 73 83 53 22 42 37 85 29 18 41 6 81 11 32 71 31 57 30 52 100 51 28 35 62 98 63 93 48 23 87 96 61 34 68 45 47 26 3 88 82 60 33 54 65 84 97 55 39 80 1 46 9 64 14 38 79 50 59 44 21 19 49 0 67 72 56 90 17 27 24 20 25 69 78 66 99 91 8 12 36 40 70 76 5 86 58 10 92 77 75 16 74 13
72 53 38 37 84 68 17 80 66 35 75 23 12 28 36 65 26 81 0 82 6 59 52 89 77 20 2 46 60 33 8 74 45 29 50 76 51 55 30 18 70 22 42 13 7 85 15 34 44 93 91 67 83 25 47 73 57 14 32 43 48 4 88 63 87 58 95 92 5 27 21 39 64 96 24 49 56 3 31 41 16 9 71 61 11 40 98 94 86 1 10 79 99 97 62 78 19 54 69 100 90
14 59 22 11 51 41 95 9 79 5 3 33 60 87 55 4 68 88 6 84 29 13 46 42 19 90 69 76 94 82 39 10 18 30 21 0 38 98 48 66 89 12 97 64 57 93 20 17 2 92 35 61 52 28 44 80 16 63 54 71 40 49 32 67 47 85 99 91 7 43 73 27 77 1 15 72 24 65 23 58 83 45 31 70 74 96 78 56 62 26 50 81 25 34 37 75 100 8 86 36 53
7 29 27 4 46 19 44 58 0 13 97 98 71 18 60 15 12 47 57 80 9 6 40 89 68 78 10 74 21 76 64 96 2 82 69 84 70 42 63 1 3 95 75 48 16 83 51 25 91 8 17 54 55 85 99 34 30 73 94 39 93 11 56 36 90 59 38 87 66 26 92 62 61 88 32 45 77 20 52 86 72 41 49 67 43 65 23 22 14 24 81 79 28 35 37 31 5 100 50 53 33
87 98 13 89 11 93 66 85 36 42 62 64 17 37 68 27 92 35 18 24 63 84 6 60 32 44 41 16 51 29 12 9 14 67 38 26 25 76 82 80 79 83 58 39 31 77 7 22 47 4 65 10 91 99 50 97 57 74 15 56 75 1 59 8 69 43 19 54 23 3 72 2 20 70 52 55 96 71 61 94 100 21 45 53 40 30 5 90 88 81 48 28 34 86 0 49 95 78 46 33 73
8 26 25 42 40 12 89 1 29 46 13 17 10 83 32 85 79 81 18 45 58 51 22 86 54 84 90 97 37 69 44 57 9 65 19 92 34 53 72 4 93 21 20 80 47 36 75 94 5 71 96 14 66 38 99 43 31 3 88 61 16 0 98 55 100 67 60 50 33 48 74 87 7 78 2 27 41 62 23 49 91 6 30 70 28 56 63 39 95 11 76 77 59 52 82 68 35 73 24 64 15
80 17 57 50 37 24 98 61 83 52 87 29 25 65 42 62 51 59 96 43 94 7 19 32 4 68 40 26 84 75 49 27 54 14 20 12 9 85 35 3 53 86 22 18 69 100 31 97 28 78 92 21 34 15 0 76 81 66 1 89 58 47 88 39 93 45 55 6 91 5 2 74 90 48 16 71 33 99 36 30 60 56 8 23 67 41 95 38 64 70 11 46 44 72 63 79 10 73 77 82 13
43 69 48 90 89 5 29 96 74 71 2 10 57 25 76 38 11 95 70 12 32 79 100 18 8 58 62 50 75 80 26 46 84 35 68 36 94 19 44 9 59 53 61 99 3 72 33 0 34 60 49 6 91 78 37 55 15 24 45 63 67 65 20 66 16 1 30 54 92 47 88 85 28 22 17 86 73 98 40 31 4 23 41 83 77 82 7 13 42 51 14 81 21 64 87 93 97 39 56 27 52
68 86 69 47 10 75 7 14 33 6 21 36 26 32 87 81 72 13 92 84 96 94 12 35 60 37 34 29 57 27 44 42 52 31 8 91 17 9 45 16 73 71 76 82 74 66 40 22 83 98 70 99 25 49 28 78 0 65 77 97 79 55 41 18 67 4 38 24 53 100 64 93 85 19 48 30 54 90 59 2 15 5 11 39 3 56 61 62 50 88 80 46 89 23 63 58 51 20 95 1 43
56 29 78 44 2 68 43 46 28 58 74 63 27 91 70 61 20 7 1 34 5 81 85 12 9 83 64 55 75 89 24 14 84 25 96 94 90 3 52 31 95 71 76 50 92 47 97 73 100 15 18 11 16 40 10 38 26 59 36 35 30 88 79 37 86 87 65 0 45 23 69 48 42 39 21 82 62 6 60 66 13 33 80 4 57 19 93 51 72 8 77 67 53 98 49 99 54 17 41 32 22
26 94 69 48 76 41 96 30 79 59 75 6 42 43 99 74 37 35 21 93 63 12 71 61 56 34 2 18 84 10 38 73 53 92 77 46 17 72 1 66 83 100 3 55 5 62 78 31 29 87 22 7 85 98 16 4 82 90 28 27 97 14 95 33 45 91 24 57 15 44 89 58 8 47 11 13 64 52 49 9 32 20 68 50 39 81 40 36 51 0 25 23 88 65 60 70 86 67 19 54 80
49 77 80 67 70 78 16 66 98 1 5 26 86 96 15 57 60 14 0 32 21 19 28 72 89 71 47 43 87 84 24 8 93 55 27 59 54 53 50 79 99 34 73 29 9 25 52 62 41 97 42 36 48 31 22 68 13 38 11 91 6 94 63 58 3 85 44 30 33 40 18 81 92 83 65 95 88 35 4 46 51 75 23 100 56 82 20 12 74 37 76 7 61 90 39 17 2 69 64 10 45
59 93 1 85 100 40 21 74 81 33 26 47 58 9 10 98 69 86 3 71 6 76 78 95 8 61 80 39 83 43 34 70 42 7 67 92 41 97 38 27 77 73 12 52 88 50 35 48 29 66 51 20 62 31 28 30 65 5 23 57 15 89 79 17 68 56 94 24 4 60 13 96 32 22 18 90 99 19 45 46 63 64 25 54 0 72 36 2 91 87 84 16 44 75 14 55 82 49 37 11 53
95 62 82 37 58 27 89 31 20 36 42 16 30 44 32 14 56 71 9 86 1 50 48 75 35 76 38 2 26 63 43 87 45 10 19 54 70 85 80 0 52 92 5 72 73 59 77 68 15 49 64 4 53 34 98 40 25 90 79 28 33 6 29 94 47 81 74 7 21 99 91 78 97 88 17 93 65 55 8 67 51 61 83 23 69 24 11 13 60 39 3 46 66 41 57 100 84 18 22 12 96
49 26 10 23 70 75 51 34 50 54 78 24 25 28 19 56 48 64 12 16 82 68 80 9 27 14 95 52 71 2 92 69 13 31 88 65 21 35 41 1 99 45 30 59 72 15 87 57 32 18 67 76 29 44 94 43 5 53 93 98 8 63 40 74 90 81 83 47 77 33 100 79 36 58 37 46 38 66 96 22 7 17 85 73 91 61 84 86 60 39 3 20 11 0 42 6 62 89 55 4 97
40 47 27 28 67 96 73 91 81 1 79 90 9 98 16 22 34 23 87 20 52 82 85 41 6 46 86 32 59 51 31 54 74 37 45 43 0 18 42 83 7 93 48 11 38 76 68 8 60 89 62 58 2 26 36 39 44 24 94 49 99 61 88 30 21 19 5 84 57 77 70 35 15 78 64 14 12 92 33 3 56 63 55 13 53 10 97 25 71 66 95 100 69 80 29 4 17 65 75 72 50
72 85 5 15 6 74 25 7 75 19 81 67 23 2 50 54 12 18 49 47 65 9 43 73 16 76 70 28 8 63 96 93 86 64 41 36 62 14 51 60 83 22 78 33 42 10 35 3 80 99 68 95 79 11 46 44 26 53 92 30 88 87 1 58 45 56 97 66 98 40 57 13 48 89 39 32 94 34 20 91 100 84 17 82 55 4 90 59 24 61 38 37 21 27 69 29 31 0 77 71 52
41 23 80 33 96 86 98 74 43 4 0 9 19 48 7 91 89 99 53 93 87 26 31 24 65 1 100 78 32 72 5 68 21 60 64 88 57 67 56 12 75 15 36 82 77 38 52 84 20 55 83 6 50 61 17 11 27 28 29 44 85 37 73 76 3 35 79 54 70 22 66 45 10 8 13 92 46 39 95 62 2 71 90 16 63 40 94 51 59 58 25 42 47 81 97 18 49 69 14 34 30
77 25 86 46 94 42 35 19 92 15 53 66 70 24 84 56 49 37 87 59 81 21 8 22 33 80 27 96 76 97 83 2 64 100 36 9 20 18 30 54 65 95 98 58 29 52 13 74 31 6 51 90 41 32 11 3 39 48 50 10 28 69 89 43 7 12 57 44 60 40 17 26 82 0 71 78 14 34 72 63 93 73 67 61 4 47 68 99 45 5 38 1 16 75 55 88 91 23 62 85 79
43 30 89 17 66 0 94 51 56 48 62 5 20 13 1 24 31 60 6 90 50 25 37 83 41 77 46 59 71 72 32 35 78 88 95 9 27 86 70 80 81 53 52 7 39 92 87 14 91 15 2 40 36 3 38 55 74 44 29 10 67 73 75 26 64 28 69 63 100 42 33 11 68 76 97 23 19 84 18 12 21 93 34 57 79 22 99 47 54 65 58 82 96 85 4 8 61 49 16 45 98
3 18 60 34 64 73 66 52 62 39 35 17 63 45 68 98 81 72 47 42 79 53 74 23 8 37 12 56 36 93 96 51 5 67 58 82 61 25 32 100 70 27 80 77 59 44 41 76 30 4 1 87 22 19 91 9 95 97 92 54 65 31 26 55 94 83 84 11 40 89 85 75 2 14 15 20 24 88 38 69 48 78 49 10 16 33 86 71 13 99 21 28 57 43 6 90 29 0 46 50 7
1 47 46 6 48 58 3 42 63 60 25 18 43 97 13 39 71 87 66 40 8 32 54 61 28 77 17 99 86 9 96 88 49 45 81 94 59 56 38 80 53 29 67 79 91 5 69 68 64 14 51 30 19 12 41 35 89 65 78 10 82 0 44 55 92 20 27 24 11 36 85 7 22 74 52 62 16 15 34 83 2 37 95 57 84 70 33 23 98 93 100 90 26 72 31 73 50 76 21 4 75
73 77 12 35 42 57 79 56 59 8 89 34 21 88 37 86 65 96 17 93 81 50 10 46 69 49 30 52 13 29 63 58 26 6 66 74 36 18 90 39 20 92 40 7 25 24 48 70 9 32 94 33 98 51 28 45 23 27 19 11 38 4 99 31 87 43 91 67 61 97 80 71 55 85 84 15 0 72 75 47 1 100 22 76 64 82 14 60 16 3 44 95 53 2 68 62 54 5 41 78 83
38 74 3 4 0 47 51 16 91 12 39 75 92 28 87 26 61 98 48 41 90 60 34 27 42 19 7 97 93 31 45 85 71 69 58 89 96 5 1 62 33 53 14 56 72 100 73 46 24 66 64 55 25 52 80 23 21 29 13 57 88 59 32 54 67 50 17 35 83 86 11 37 63 82 76 79 20 70 81 9 99 40 10 65 22 49 78 6 30 8 43 94 95 36 44 77 68 18 84 2 15
48 53 30 39 32 44 21 6 79 99 0 83 33 94 25 90 8 17 3 43 74 76 22 70 92 2 64 93 40 5 82 96 98 63 59 11 27 100 26 31 42 37 80 86 15 50 68 47 35 97 84 16 69 66 71 10 73 67 60 12 28 29 72 24 23 62 55 81 85 9 78 51 20 65 19 1 91 4 61 7 95 49 52 34 89 88 56 57 41 58 36 87 45 14 46 38 75 18 13 77 54
20 34 28 57 65 61 5 46 32 98 91 30 58 92 63 99 48 7 97 67 47 17 55 43 68 90 13 14 31 95 86 60 85 33 10 0 11 88 23 39 94 49 69 2 29 66 26 4 24 89 8 83 27 40 78 9 6 15 22 45 54 16 56 96 25 73 87 84 3 75 1 38 79 74 50 51 37 35 18 81 12 44 71 19 53 93 41 52 64 82 76 42 21 100 62 80 72 70 77 59 36
18 78 51 0 92 90 83 88 33 87 89 57 77 30 5 96 82 91 76 39 59 53 54 98 67 20 73 16 72 68 47 75 44 61 65 62 9 63 69 58 95 97 8 74 7 15 1 21 55 42 80 22 40 79 36 6 31 29 45 4 94 14 84 46 41 35 81 28 38 34 27 11 50 25 71 19 17 48 56 43 64 12 2 52 86 10 70 49 37 60 23 100 13 3 26 32 85 93 99 24 66
91 62 72 2 3 46 90 93 80 6 23 100 85 67 41 32 58 19 27 47 39 48 79 37 4 89 74 44 30 31 88 52 83 45 11 38 22 0 82 60 68 63 81 92 43 76 78 54 70 65 50 26 86 18 61 66 55 57 17 36 24 99 64 21 28 33 77 98 7 49 14 71 94 12 15 25 95 73 40 42 5 16 34 20 51 97 8 69 75 13 53 96 9 59 84 29 1 10 35 56 87
28 100 0 89 91 50 30 6 95 47 65 36 70 48 83 1 54 73 22 9 98 53 46 16 58 2 81 92 62 56 24 39 87 61 88 27 10 25 43 19 66 14 59 60 42 94 93 8 75 69 90 63 44 49 82 41 79 18 45 71 52 23 3 31 34 72 15 33 13 80 77 67 4 99 57 96 86 38 26 68 64 12 85 40 11 7 17 78 51 35 5 37 29 55 21 74 20 76 32 97 84
92 82 31 53 95 1 100 77 73 91 67 46 89 79 21 36 45 30 69 4 50 42 47 64 70 40 11 26 80 18 90 85 17 88 43 72 74 28 10 76 44 22 94 13 60 39 62 24 56 71 37 98 84 51 78 32 12 34 33 66 41 3 29 87 99 15 23 81 0 2 27 68 65 59 16 35 63 86 14 54 75 5 57 38 20 97 61 58 19 55 52 49 83 6 9 8 48 7 25 96 93
40 4 51 98 16 25 45 94 41 60 8 35 66 61 21 17 1 73 29 90 14 83 36 81 27 55 97 32 19 11 79 96 38 37 46 74 12 67 50 42 18 28 9 70 20 59 6 23 43 30 64 89 100 13 78 0 15 76 86 26 56 49 77 88 34 3 39 95 63 84 99 62 87 58 68 93 10 80 33 48 31 75 7 65 53 47 5 22 91 2 72 69 71 57 24 82 54 92 44 85 52
70 11 95 30 26 72 77 96 39 6 57 24 41 7 19 44 28 35 92 27 20 3 59 9 78 36 84 40 87 14 12 64 75 55 91 69 50 88 0 38 1 25 93 15 79 56 86 81 90 16 29 68 23 73 61 34 10 94 98 63 80 33 17 60 47 76 67 37 100 83 32 74 4 53 2 82 71 58 66 85 48 13 89 18 99 42 8 46 54 49 43 22 5 21 97 51 65 31 62 52 45
40 6 67 82 23 38 92 71 77 19 96 22 29 81 13 99 15 89 30 66 93 64 72 46 12 47 41 62 7 43 24 65 34 21 33 98 69 49 63 94 78 83 53 37 18 75 59 44 17 0 97 68 32 88 35 56 28 14 48 79 1 5 52 86 31 70 51 84 8 73 61 20 57 3 10 54 91 95 42 16 45 9 2 27 76 11 26 58 90 50 39 25 100 85 74 60 87 36 55 80 4
23 14 93 31 67 15 75 28 68 30 97 16 13 20 87 44 42 91 48 6 92 59 69 36 82 51 10 19 29 88 57 85 21 26 83 86 22 84 0 37 65 12 79 46 78 47 33 40 100 62 72 41 49 32 52 96 60 64 74 58 55 66 39 73 1 18 24 77 54 98 53 9 76 45 34 11 17 4 95 8 5 7 89 63 35 3 43 56 25 71 50 99 90 61 70 94 2 27 81 38 80
21 60 44 22 3 23 66 54 68 82 52 31 5 14 50 33 62 39 57 95 56 43 47 75 72 83 93 94 69 79 2 99 35 19 67 46 16 27 53 63 1 86 84 97 90 48 88 45 28 30 87 73 55 98 51 18 92 11 59 0 24 6 81 38 78 12 49 70 26 100 17 77 29 42 15 71 91 32 74 4 89 64 58 9 61 34 76 85 7 13 10 41 80 40 25 96 37 65 36 20 8
75 24 26 10 25 2 18 17 100 1 93 38 79 30 95 84 29 58 8 85 88 22 33 20 92 12 37 65 61 27 35 99 91 51 40 86 98 53 6 55 39 45 77 4 48 15 70 60 11 90 72 41 82 56 28 63 96 47 69 9 44 66 74 23 64 31 7 94 46 0 59 43 52 97 76 34 54 5 62 83 42 19 80 71 68 3 36 49 81 57 73 87 78 13 16 32 21 89 50 67 14
74 85 20 34 47 17 14 80 82 86 91 35 10 37 95 75 76 99 92 72 25 67 42 36 21 50 44 70 0 19 54 15 39 31 6 65 48 51 93 1 49 68 88 11 100 30 27 63 46 22 38 59 60 41 4 84 69 98 24 73 43 83 79 62 89 2 90 53 97 23 45 28 77 32 5 78 56 87 64 29 9 55 8 7 57 61 40 52 3 96 16 26 13 58 81 33 66 12 71 94 18
71 65 25 18 36 53 96 9 31 22 72 6 16 73 79 60 49 44 17 34 88 32 93 67 61 76 1 87 2 33 47 85 15 62 42 39 77 66 92 57 52 97 90 54 84 3 41 98 86 20 28 19 29 50 100 48 51 70 30 0 63 4 23 14 68 8 40 81 58 7 74 83 24 75 80 89 99 91 35 95 37 11 5 59 12 69 94 56 10 78 46 45 64 55 13 82 26 43 38 21 27
22 51 57 94 99 91 45 69 15 81 38 48 100 8 60 46 82 77 4 13 63 24 59 92 74 54 43 2 34 33 73 50 66 18 90 1 95 14 20 36 93 5 49 9 80 31 72 55 75 23 70 30 56 58 27 64 47 53 25 40 21 35 76 52 44 88 85 19 86 37 17 78 11 98 32 89 10 3 65 39 16 41 26 87 42 71 0 62 28 68 96 7 12 6 97 84 61 83 79 29 67
15 51 26 88 69 7 47 98 19 66 76 52 81 35 28 10 55 77 64 83 79 8 22 23 86 67 49 37 27 72 59 61 87 20 50 9 31 29 53 30 33 16 94 84 65 24 13 44 41 74 85 73 17 4 57 11 99 2 78 34 43 90 60 92 68 0 6 46 40 70 89 3 80 45 54 36 93 71 95 18 48 5 39 42 75 58 63 32 25 91 56 96 14 82 1 21 100 38 62 97 12
49 0 76 59 27 36 58 51 2 10 93 71 72 92 73 86 50 75 99 52 34 14 65 88 9 28 23 98 94 1 8 63 62 24 38 83 26 33 87 19 7 74 55 78 57 3 66 85 90 100 39 54 6 11 32 21 79 96 81 82 22 84 15 5 69 42 12 47 61 68 40 64 67 25 97 43 46 80 16 30 91 18 20 45 70 13 29 89 48 53 17 35 37 4 31 77 41 95 60 56 44
83 23 95 1 26 38 32 21 49 46 71 74 16 39 28 59 11 42 68 27 19 29 15 89 17 78 22 51 69 66 77 75 86 80 54 4 64 33 52 3 96 41 30 87 99 85 45 14 47 7 50 65 60 70 6 61 98 94 18 93 12 8 25 0 48 2 9 81 90 5 34 100 58 92 84 10 44 57 91 37 67 88 36 73 13 97 63 40 82 24 72 62 20 35 76 43 56 79 31 53 55
36 26 67 62 70 18 28 32 42 53 55 57 37 6 3 45 73 40 86 21 61 88 60 72 12 54 50 80 79 92 23 11 85 5 64 58 34 84 31 8 82 19 17 69 97 15 41 46 4 66 25 71 96 10 24 83 99 77 65 9 91 52 30 33 100 7 14 13 16 90 56 98 81 29 35 44 51 2 59 94 0 39 27 87 47 68 95 93 43 1 22 75 78 76 89 38 20 49 48 74 63
57 66 24 41 69 82 2 34 7 51 81 26 70 76 33 9 97 36 56 98 94 90 5 1 60 39 15 52 47 6 40 73 87 18 96 79 88 77 25 80 91 28 54 14 32 35 62 49 43 44 42 89 30 74 63 48 84 83 46 20 29 38 17 65 71 10 55 64 45 12 59 53 67 68 85 4 16 31 11 0 23 61 22 78 86 95 72 92 13 3 37 99 58 100 21 27 19 50 93 75 8
53 3 98 63 83 33 25 24 30 47 31 20 10 54 34 7 72 46 5 51 68 85 0 21 23 28 90 95 39 76 99 4 87 75 88 43 42 44 100 81 12 79 66 38 69 77 9 52 70 17 6 58 29 64 50 26 82 1 94 2 49 16 41 62 32 11 13 55 71 40 19 56 14 22 36 8 91 92 97 59 80 74 86 89 84 15 37 73 93 78 60 18 67 57 65 48 96 35 27 45 61
67 77 30 33 45 7 71 24 61 72 76 5 89 26 57 13 43 87 38 28 63 36 18 21 68 52 25 27 20 32 23 75 99 82 92 2 60 50 66 31 16 95 86 41 69 54 91 58 97 78 80 73 100 12 79 53 8 65 10 64 29 40 6 48 62 49 4 35 59 88 94 14 19 93 56 46 22 81 15 3 17 51 55 1 84 39 90 0 34 96 37 70 85 42 47 98 44 74 9 83 11
10 50 63 74 75 52 83 33 61 85 72 14 79 24 55 82 94 78 77 92 11 21 20 18 31 36 41 97 17 30 47 49 13 66 68 22 8 62 3 60 25 87 1 57 40 27 71 86 38 90 96 12 56 2 59 67 81 69 58 26 37 23 45 95 51 46 80 16 5 91 99 48 64 53 76 43 98 73 100 42 32 54 28 29 19 89 44 7 15 34 4 65 84 6 93 9 88 0 70 35 39
83 50 94 43 82 54 68 15 5 37 67 48 0 12 26 35 71 76 70 45 29 62 64 49 97 100 32 53 59 24 16 38 95 28 91 9 20 1 88 72 19 27 25 96 31 3 99 58 34 65 40 61 2 41 21 11 46 57 56 42 81 51 30 60 92 69 44 77 52 89 73 93 75 80 13 86 74 10 18 84 55 23 85 98 8 4 6 22 87 33 36 78 7 90 66 14 79 17 63 39 47
100 58 80 29 6 17 71 7 45 62 34 41 72 1 28 97 63 42 43 77 61 93 75 21 4 8 37 2 64 39 3 81 12 5 83 18 76 55 15 13 49 92 46 56 24 0 52 9 50 91 53 65 73 67 30 35 57 22 26 11 38 99 94 82 51 47 68 40 27 78 48 25 66 31 70 74 54 86 88 23 85 96 19 90 59 98 33 44 60 87 89 10 69 84 32 16 14 95 79 36 20
13 40 31 7 95 41 51 44 1 38 6 11 98 33 54 14 64 85 55 96 90 3 27 87 4 48 58 15 74 91 37 81 30 9 26 79 16 36 94 8 60 50 32 92 25 97 42 77 88 71 39 19 29 56 17 49 80 20 57 34 61 82 63 5 22 86 10 53 28 73 62 75 65 67 45 69 35 21 43 68 84 47 99 24 70 12 93 72 83 66 52 89 46 76 78 59 0 23 18 100 2
66 94 47 3 21 97 12 61 46 17 51 56 54 41 29 42 76 13 30 70 68 85 50 28 33 57 43 67 19 83 27 14 6 81 99 1 25 59 40 9 16 64 95 45 34 38 75 37 52 92 5 10 90 31 26 11 96 32 2 35 18 63 89 15 100 58 91 24 82 84 48 74 69 4 23 44 71 36 73 88 87 72 22 65 80 98 0 53 20 8 62 78 55 49 60 86 39 79 93 77 7
34 23 18 73 61 42 79 83 71 92 80 28 60 66 39 45 47 82 63 81 10 44 53 27 30 91 58 98 96 11 3 17 19 93 97 36 64 65 84 8 29 90 22 20 43 75 7 4 94 49 31 50 72 69 41 86 59 12 32 78 54 48 76 40 46 77 55 70 26 74 38 6 33 21 2 85 24 99 62 1 56 15 89 37 87 100 51 14 5 88 67 68 25 9 52 13 57 16 35 95 0
67 11 63 92 29 57 85 91 48 25 14 94 38 65 8 16 34 42 22 86 74 95 6 59 71 56 33 50 26 19 2 5 93 82 97 60 36 64 83 3 45 20 27 61 40 54 9 76 62 84 31 35 10 73 17 46 51 55 13 88 77 52 32 24 15 99 1 58 69 12 28 39 4 37 81 75 7 80 49 47 72 98 0 89 30 90 21 68 23 44 78 87 66 41 43 70 18 79 100 96 53
26 96 94 68 39 22 0 28 63 13 8 21 32 66 30 9 88 45 25 5 84 38 55 53 12 90 7 19 72 6 61 77 48 70 37 16 34 27 52 29 33 67 99 79 78 49 100 75 14 47 83 62 57 50 35 95 64 81 56 2 17 69 51 10 18 98 58 46 43 89 91 76 65 54 97 87 85 74 86 60 41 15 82 36 23 71 59 93 4 44 31 24 3 20 42 73 40 80 1 11 92
79 67 24 41 74 11 56 42 59 72 68 62 97 9 75 84 19 28 96 34 91 3 78 87 16 81 44 25 90 14 39 35 40 51 33 83 86 1 55 60 58 2 29 100 98 47 17 73 80 85 12 30 64 66 45 37 22 88 61 63 76 49 48 26 13 69 7 10 21 20 71 52 54 93 57 18 0 50 82 53 32 92 36 94 89 5 4 8 27 70 65 15 99 43 46 6 38 95 23 77 31
82 58 14 1 55 61 7 94 70 33 13 48 5 64 4 67 87 27 98 41 93 16 30 96 77 42 85 43 56 76 97 62 35 60 29 36 57 38 25 12 6 72 15 53 63 26 74 10 83 0 34 28 40 71 69 79 80 90 91 59 39 88 81 37 46 2 66 32 23 54 18 51 92 50 45 47 3 19 20 65 99 73 100 84 17 68 11 21 86 24 95 22 89 78 52 8 49 31 44 75 9
46 3 68 37 67 41 59 47 4 48 44 71 83 63 87 27 45 22 82 26 57 33 88 94 74 70 78 17 90 73 86 54 51 64 79 85 32 96 69 77 28 66 43 1 80 42 23 72 18 56 31 10 25 91 5 81 75 36 16 61 15 35 95 99 76 30 100 65 52 53 97 6 29 8 84 39 14 50 7 9 13 34 0 93 62 92 11 58 19 12 40 89 21 60 98 49 2 38 55 24 20
79 68 48 91 14 94 30 53 88 18 15 82 29 31 67 1 93 55 51 13 71 90 2 64 61 44 3 99 92 21 60 85 9 65 62 58 81 10 75 0 50 78 46 74 86 96 33 57 4 40 34 36 6 54 43 95 38 76 11 19 35 5 87 77 56 8 97 22 66 12 80 23 24 20 89 70 83 73 37 27 100 47 49 28 63 16 45 98 39 17 59 69 7 72 32 26 84 25 42 52 41
64 26 17 86 5 7 68 69 79 24 27 32 60 43 14 92 33 70 55 13 67 30 31 23 49 97 76 65 75 81 53 39 3 38 21 93 48 89 73 6 42 50 100 37 88 2 41 87 35 84 45 15 25 20 95 56 4 91 18 29 71 34 10 57 0 63 1 66 59 83 47 78 96 28 22 8 74 62 77 9 52 80 72 98 51 19 58 94 46 54 61 99 82 40 12 44 85 36 11 16 90
43 56 4 22 84 19 64 12 8 75 14 62 54 88 99 61 92 44 11 20 60 36 30 89 57 63 9 68 51 16 98 80 93 91 35 23 95 70 47 83 41 17 86 59 90 74 24 18 53 78 25 15 5 27 87 85 31 3 65 42 6 71 100 33 48 2 79 69 50 45 26 0 49 13 82 1 52 32 29 40 77 28 21 10 37 96 38 46 73 72 67 66 39 97 81 76 58 7 34 94 55
99 80 42 57 75 53 18 89 25 64 68 100 78 46 55 93 61 20 27 14 24 98 48 65 9 62 43 86 90 26 51 29 2 59 96 39 74 52 22 58 83 7 69 38 94 47 16 88 81 70 45 41 6 13 50 85 31 33 82 40 97 34 3 71 4 0 28 95 56 77 30 17 73 11 84 79 37 1 12 76 63 66 60 35 72 91 5 36 67 19 15 92 32 21 44 23 10 8 87 49 54
85 74 59 36 7 83 71 4 78 26 51 80 60 58 3 11 35 25 10 13 68 22 31 94 93 30 2 29 21 45 77 64 89 8 70 28 57 69 49 0 27 95 97 50 72 76 87 84 100 5 73 90 20 54 56 61 67 6 39 92 99 1 63 96 65 38 62 86 42 9 15 41 16 66 48 46 81 47 19 82 44 91 18 24 43 40 17 53 12 75 55 23 79 32 34 33 88 37 14 98 52
48 85 16 64 98 100 78 84 89 8 76 3 32 24 53 36 99 80 71 47 68 72 39 81 6 10 25 34 61 93 82 65 9 13 35 56 22 0 52 55 18 41 5 49 17 12 74 70 95 44 27 66 23 40 21 4 45 87 11 58 69 50 90 19 83 63 92 2 97 59 75 15 79 37 30 73 20 33 31 1 62 51 57 7 42 77 96 46 54 91 86 67 38 94 60 88 29 26 43 28 14
68 63 25 37 54 47 4 9 1 34 30 73 24 66 80 29 72 65 96 43 49 75 45 59 31 14 22 86 92 84 6 90 32 17 44 18 89 93 87 3 39 52 35 7 64 33 8 74 70 50 81 62 53 11 91 38 0 20 48 97 79 23 57 55 83 21 94 60 15 26 36 77 46 2 67 88 10 13 98 100 78 85 40 12 42 76 27 61 5 58 95 19 56 16 99 71 41 28 82 51 69
10 5 86 33 61 67 82 30 68 98 64 29 23 96 69 42 40 50 38 49 100 54 78 27 75 65 37 94 87 59 0 35 85 79 6 81 41 12 53 48 70 58 91 13 19 63 7 16 44 43 2 80 57 17 83 8 47 46 39 52 1 45 74 89 15 34 3 21 88 73 11 18 20 4 51 72 77 84 66 93 99 76 26 9 32 22 56 90 62 36 25 95 55 24 71 28 14 97 92 60 31
53 36 33 41 83 65 25 21 93 18 71 100 90 70 37 72 24 8 56 91 7 17 86 23 59 35 57 22 48 80 26 69 0 77 14 89 52 47 84 78 45 49 34 76 11 50 3 20 31 4 28 82 27 32 15 10 13 9 5 60 44 63 99 96 75 66 79 6 54 88 43 97 46 81 67 87 74 85 55 40 51 29 61 19 92 62 2 12 1 30 68 98 95 38 94 42 58 16 64 39 73
92 8 78 33 71 82 60 58 90 6 39 40 10 15 80 68 29 23 94 52 43 97 66 59 55 50 0 95 84 63 85 99 18 93 61 22 30 13 72 31 57 3 44 5 41 69 54 12 83 91 4 42 46 49 1 64 79 14 37 62 27 76 24 19 26 11 32 16 38 65 47 9 25 48 96 100 21 67 88 20 74 81 87 70 7 35 98 2 77 51 75 36 45 89 86 17 28 56 53 34 73
66 7 16 46 80 75 53 56 63 74 35 91 20 99 2 52 40 81 84 85 79 18 57 92 96 9 44 10 14 17 54 64 29 55 27 37 45 78 90 1 4 31 19 41 65 67 70 61 59 76 72 69 30 98 25 8 60 82 48 95 13 6 3 62 83 36 100 33 21 88 47 77 38 49 51 26 97 42 32 94 93 58 24 68 22 43 23 11 71 89 34 5 73 39 28 50 15 0 12 87 86
8 47 54 18 27 77 34 90 44 59 36 95 57 16 65 31 75 37 98 91 39 49 21 14 13 20 48 58 70 62 87 33 35 22 82 29 30 79 40 38 24 92 55 97 9 88 93 50 86 41 0 28 46 94 100 83 89 11 1 26 53 17 69 74 52 15 12 7 43 67 61 78 19 23 51 85 63 66 72 42 56 2 68 25 84 4 60 81 76 10 73 64 45 5 96 3 80 32 6 71 99
79 74 61 5 0 47 86 19 99 97 77 53 3 100 8 94 69 35 51 57 64 56 12 11 73 23 31 2 81 78 29 88 80 41 38 24 10 21 6 63 89 13 96 22 95 26 46 59 85 44 71 65 55 72 90 60 17 84 76 62 70 54 52 49 28 75 27 32 40 30 98 39 33 18 82 66 48 83 25 34 1 87 20 4 37 36 14 67 68 16 7 50 45 42 58 9 43 92 91 15 93
96 88 98 25 23 81 35 97 64 26 46 67 43 41 45 65 9 66 63 75 61 4 100 5 91 22 40 44 86 92 82 85 7 15 56 21 16 76 37 1 68 29 53 55 38 17 28 31 77 8 94 49 70 73 14 51 3 78 90 42 19 54 30 32 50 57 2 80 62 83 47 60 20 18 24 39 71 99 59 48 6 87 27 89 11 93 10 84 36 34 33 79 74 0 95 58 69 72 13 52 12
29 47 5 99 48 81 31 52 89 17 65 24 39 86 14 50 80 92 96 73 56 46 49 83 55 3 71 54 35 30 72 34 0 40 41 38 32 26 82 42 70 76 1 69 6 36 20 61 27 90 74 77 33 64 7 45 95 44 8 63 2 37 100 68 11 60 53 21 87 43 4 66 84 22 75 97 94 57 98 59 51 15 13 16 9 19 88 28 10 78 62 23 18 67 79 25 58 12 85 91 93
33 79 98 65 26 3 37 13 77 99 32 12 57 62 44 17 46 66 18 75 36 68 41 14 54 40 5 74 58 48 96 51 78 56 6 25 42 55 72 49 45 89 83 43 85 93 11 94 90 53 91 31 16 60 34 29 81 50 15 69 52 28 97 1 59 22 82 23 95 67 71 10 30 7 0 87 21 63 4 27 64 19 73 35 84 61 88 92 8 39 80 86 70 38 20 24 76 9 47 100 2
52 66 37 21 62 56 59 86 87 40 85 45 38 75 63 97 18 53 10 3 27 7 42 100 1 46 93 36 80 69 6 90 81 43 20 74 60 68 99 39 16 31 33 25 24 26 89 22 4 65 73 76 67 28 9 23 77 51 19 72 13 78 71 11 14 82 55 41 61 57 50 70 58 8 88 5 29 12 48 95 34 84 44 64 15 0 91 35 96 30 54 83 47 2 98 79 92 17 32 49 94
83 13 41 3 72 43 27 78 77 10 65 24 76 48 18 54 28 92 11 61 40 37 57 33 5 95 75 51 8 42 89 64 2 25 47 50 81 32 53 46 35 29 17 85 71 82 58 4 59 84 88 86 12 15 7 20 21 56 62 30 34 0 87 79 16 97 67 98 55 36 14 93 39 100 9 31 99 73 94 70 69 26 63 38 44 66 52 49 96 91 23 45 68 60 80 19 22 1 74 90 6
30 39 36 77 0 21 53 46 59 85 51 24 73 22 68 17 44 94 11 66 70 43 55 72 8 25 42 56 49 38 45 4 33 23 75 65 99 18 7 35 3 27 81 63 89 69 92 96 95 16 15 37 14 1 19 5 60 97 40 100 82 26 76 52 90 34 87 78 84 48 71 79 74 88 47 57 67 50 10 31 58 32 62 28 80 2 20 41 93 86 91 61 83 64 13 54 29 9 12 6 98
29 94 31 18 4 88 62 58 38 39 46 2 53 20 83 97 66 81 43 25 42 50 22 1 19 85 32 86 70 41 8 0 69 90 57 80 100 35 15 79 26 30 28 91 68 16 24 55 10 63 17 89 78 36 47 67 40 9 59 61 45 93 74 98 51 65 52 87 77 92 3 21 23 84 44 13 76 73 12 96 95 27 82 14 99 60 64 54 6 33 56 71 7 34 49 72 37 5 75 11 48
