-87 95 -91 31 59 62 -30 -82 -17 -78
33 21 1 74 5 -40 21 -59 -92 -45
-65 -56 -80 -28 -26 -46 29 58 80 29
72 47 59 41 15 -17 -55 38 -20 71
84 21 6 1 -86 59 -59 -22 50 61
17 -96 54 -45 14 87 -49 6 -93 2
-71 98 -95 -27 70 92 -11 29 1 -79
8 -5 -99 -6 96 4 27 29 -27 79
-14 62 28 56 -78 58 89 -64 27 -78
33 6 15 94 26 60 29 64 -26 0
-46 46 -54 -82 -13 9 70 9 45 38
36 -25 93 34 -86 -5 -67 17 31 38
43 73 40 -8 36 -89 -57 -35 19 -67
-39 -73 52 27 -22 -27 -22 -56 -95 82
-27 4 -36 -87 12 81 -17 59 59 59
-89 -37 53 -23 7 -54 42 39 -50 -95
-75 48 21 59 16 23 97 -50 26 97
-6 55 48 25 5 37 11 -8 -84 21
96 -83 66 -61 27 -52 46 -40 67 97
91 94 -13 -17 -36 2 13 -15 -37 -98
28 -13 40 27 -31 20 0 -17 24 20
-47 -41 -13 -22 -25 57 28 66 -93 -48
92 73 92 -5 -6 92 29 1 41 93
87 -61 -14 92 95 -39 86 57 -81 89
7 -23 84 -86 -99 -61 30 84 -74 61
4 -9 56 -63 4 -67 17 -87 8 5
4 -18 42 51 51 20 18 89 91 -54
-37 -56 -93 -83 -79 75 54 -74 -90 17
20 21 -17 98 -47 -58 98 84 -56 -46
-38 29 -75 -33 22 63 -2 73 45 6
68 -35 -75 -47 -69 36 21 -69 -2 61
98 77 96 73 94 -37 -56 -23 -44 -73
56 93 45 -15 -25 -70 41 94 46 13
-47 3 10 -37 -92 -21 72 10 5 -2
-39 86 15 73 76 28 -53 -20 -65 -71
-59 36 -67 -93 86 -49 -14 55 48 22
-16 -38 -88 97 -97 -84 -78 -93 47 -84
-39 57 61 -78 -55 18 4 -82 63 51
36 -73 95 38 -86 33 49 52 -38 1
-36 -78 -98 -19 -46 -34 -1 67 53 13
46 -23 37 0 -47 -27 -12 35 91 76
66 33 -53 -74 54 -42 43 93 -1 16
55 84 20 -50 33 67 -45 -74 92 -61
8 -73 -68 64 -89 61 -70 26 71 -99
-68 57 2 50 -26 8 -78 -38 55 -49
-21 83 25 -88 28 -63 79 -1 39 -22
-1 -76 -46 99 6 -33 -70 69 -49 -2
38 58 2 -71 -41 0 -92 52 -61 78
83 5 -5 81 -69 -91 31 -60 -92 -65
73 -21 67 -21 37 -37 -83 -96 80 -90
89 89 83 -87 -22 56 83 2 8 91
-33 -59 -59 99 -37 -59 -24 -60 62 -81
38 -4 40 -1 62 75 -70 48 65 -16
33 13 -73 48 -5 -84 27 -10 70 3
25 90 64 4 -88 -71 4 51 -7 35
60 -72 72 89 -20 -68 -94 -62 84 87
22 14 93 14 -50 18 -78 -40 48 -58
3 1 -23 70 -27 -72 -25 45 -10 47
38 8 10 -99 12 -90 50 -23 8 -14
27 28 -29 63 89 85 92 80 -17 -4
8 30 91 -10 63 -96 -72 39 -80 23
14 96 -68 49 -18 -82 57 74 -67 29
36 21 -43 -38 -76 -30 -89 -18 -85 -97
75 -87 -10 76 26 22 96 43 -60 -79
80 -61 4 91 -9 37 -45 86 88 57
-6 -7 99 39 30 -28 10 55 49 -54
-36 56 -13 -66 29 70 41 -93 -58 10
-67 -38 79 -24 45 40 -70 -93 -36 31
-32 1 6 55 -53 -33 72 -95 -84 34
-66 56 -5 11 -87 -86 77 85 -82 -76
-64 71 -17 -56 79 -4 -17 -67 76 -26
73 -65 34 37 -9 48 11 4 0 -46
94 8 95 75 3 78 3 -57 63 -39
-34 34 71 84 -13 -2 18 -31 -17 -55
-93 -73 90 -11 67 -30 9 -82 22 80
92 -32 -84 87 -13 -25 -80 -20 55 72
-7 45 -96 71 35 26 -95 38 60 40
87 55 -38 25 57 -21 -95 -50 76 56
40 26 42 -14 -73 -26 -94 -35 -19 94
-86 88 -70 20 -64 -42 -36 85 -32 42
58 -93 -41 -28 -69 -8 -28 25 98 -46
-23 -1 -71 -22 30 -64 -78 -53 -62 -51
-29 16 -36 98 76 -57 -18 -25 40 8
45 32 -82 60 85 -77 -70 -18 54 51
0 -96 -1 -16 -1 99 38 -77 -98 -54
-34 -43 -32 -18 95 -23 -72 -95 80 -91
77 -55 4 -90 72 -90 -84 -75 96 75
-50 -26 88 -76 -50 -30 -43 14 -51 -82
69 90 57 13 60 -26 60 -46 71 -69
-26 -32 47 -22 -81 0 -58 -35 -99 -46
46 -66 -45 -16 -28 76 77 -57 -47 -5
-77 -52 53 -92 25 -96 84 -33 -8 -61
25 60 -81 -40 88 -66 38 34 -59 34
80 -10 23 96 91 88 -87 -64 73 0
34 93 37 -3 -85 -32 -97 -53 82 47
0 96 46 49 21 78 25 23 56 76
42 21 75 6 -24 -34 5 -16 26 -9
-60 12 34 -3 83 -87 -84 -74 -7 2
-34 13 -34 19 9 7 30 -17 -76 -18
-86 -92 20 6 -80 75 48 18 -97 34
