98 -82 98 17 98 -7 98 92 98 -57
98 42 98 -45 98 54 98 -95 98 4
98 -20 98 79 98 -70 98 29 98 -26
98 73 98 -76 98 23 98 -1 98 98
98 -51 98 48 98 -38 98 61 98 -88
98 11 98 -13 98 86 98 -63 98 36
98 -37 98 62 98 -87 98 12 98 -12
98 87 98 -62 98 37 98 -49 98 50
98 -99 98 0 98 -24 98 75 98 -74
98 25 98 -30 98 69 98 -80 98 19
98 -5 98 94 98 -55 98 44 98 -43
98 56 98 -93 98 6 98 -18 98 81
98 -68 98 31 98 -34 98 65 98 -84
98 15 98 -9 98 90 98 -59 98 40
98 -46 98 53 98 -96 98 3 98 -21
98 78 98 -71 98 28 98 -27 98 72
98 -77 98 22 98 -2 98 97 98 -52
98 47 98 -40 98 59 98 -90 98 9
98 -15 98 84 98 -65 98 34 98 -34
98 65 98 -84 98 15 98 -9 98 90
98 -59 98 40 98 -47 98 52 98 -97
98 2 98 -22 98 77 98 -72 98 27
98 -28 98 71 98 -78 98 21 98 -3
98 96 98 -53 98 46 98 -41 98 58
98 -91 98 8 98 -16 98 83 98 -66
98 33 98 -31 98 68 98 -81 98 18
98 -6 98 93 98 -56 98 43 98 -44
98 55 98 -94 98 5 98 -19 98 80
98 -69 98 30 98 -25 98 74 98 -75
98 24 98 0 98 99 98 -50 98 49
98 -37 98 62 98 -87 98 12 98 -12
98 87 98 -62 98 37 98 -36 98 63
98 -86 98 13 98 -11 98 88 98 -61
98 38 98 -48 98 51 98 -98 98 1
98 -23 98 76 98 -73 98 26 98 -30
98 69 98 -80 98 19 98 -5 98 94
98 -55 98 44 98 -42 98 57 98 -92
98 7 98 -17 98 82 98 -67 98 32
98 -33 98 66 98 -83 98 16 98 -8
98 91 98 -58 98 41 98 -45 98 54
98 -95 98 4 98 -20 98 79 98 -70
98 29 98 -27 98 72 98 -77 98 22
98 -2 98 97 98 -52 98 47 98 -39
98 60 98 -89 98 10 98 -14 98 85
98 -64 98 35 98 -35 98 64 98 -85
98 14 98 -10 98 89 98 -60 98 39
98 -47 98 52 98 -97 98 2 98 -22
98 77 98 -72 98 27 98 -28 98 71
98 -78 98 21 98 -3 98 96 98 -53
98 46 98 -41 98 58 98 -91 98 8
98 -16 98 83 98 -66 98 33 98 -32
98 67 98 -82 98 17 98 -7 98 92
98 -57 98 42 98 -44 98 55 98 -94
98 5 98 -19 98 80 98 -69 98 30
98 -25 98 74 98 -75 98 24 98 0
98 99 98 -50 98 49 98 -38 98 61
98 -88 98 11 98 -13 98 86 98 -63
98 36 98 -36 98 63 98 -86 98 13
98 -11 98 88 98 -61 98 38 98 -49
98 50 98 -99 98 0 98 -24 98 75
98 -74 98 25 98 -30 98 69 98 -80
98 19 98 -5 98 94 98 -55 98 44
98 -43 98 56 98 -93 98 6 98 -18
98 81 98 -68 98 31 98 -33 98 66
98 -83 98 16 98 -8 98 91 98 -58
98 41 98 -46 98 53 98 -96 98 3
98 -21 98 78 98 -71 98 28 98 -27
98 72 98 -77 98 22 98 -2 98 97
98 -52 98 47 98 -39 98 60 98 -89
98 10 98 -14 98 85 98 -64 98 35
98 -34 98 65 98 -84 98 15 98 -9
98 90 98 -59 98 40 98 -46 98 53
98 -96 98 3 98 -21 98 78 98 -71
98 28 98 -28 98 71 98 -78 98 21
98 -3 98 96 98 -53 98 46 98 -40
98 59 98 -90 98 9 98 -15 98 84
98 -65 98 34 98 -31 98 68 98 -81
98 18 98 -6 98 93 98 -56 98 43
98 -43 98 56 98 -93 98 6 98 -18
98 81 98 -68 98 31 98 -25 98 74
98 -75 98 24 98 0 98 99 98 -50
98 49 98 -37 98 62 98 -87 98 12
98 -12 98 87 98 -62 98 37 98 -36
98 63 98 -86 98 13 98 -11 98 88
98 -61 98 38 98 -48 98 51 98 -98
98 1 98 -23 98 76 98 -73 98 26
98 -29 98 70 98 -79 98 20 98 -4
98 95 98 -54 98 45 98 -42 98 57
98 -92 98 7 98 -17 98 82 98 -67
98 32 98 -32 98 67 98 -82 98 17
98 -7 98 92 98 -57 98 42 98 -45
98 54 98 -95 98 4 98 -20 98 79
98 -70 98 29 98 -26 98 73 98 -76
98 23 98 -1 98 98 98 -51 98 48
98 -39 98 60 98 -89 98 10 98 -14
98 85 98 -64 98 35 98 -35 98 64
98 -85 98 14 98 -10 98 89 98 -60
98 39 98 -48 98 51 98 -98 98 1
98 -23 98 76 98 -73 98 26 98 -29
98 70 98 -79 98 20 98 -4 98 95
