76 82 21 62 29 96 37 9 16 72 25 1 32 34 47 41 65 54 24 49 12 66 92 87 3 18 78 61 27 38 86 70 53 80 28 58 48 57 79 36 2 20 22 40 94 74 30 89 68 91 71 45 31 73 17 8 84 14 90 55 0 97 59 99 98 15 95 19 93 75 43 6 46 39 60 44 51 85 64 7 42 50 69 77 13 4 35 83 100 88 26 10 52 81 63 5 11 23 33 67 56
99 94 73 0 95 13 68 82 50 88 6 67 81 77 17 14 28 15 70 98 54 32 26 85 25 51 41 29 42 92 100 78 74 87 22 52 56 43 44 69 90 62 35 40 58 66 45 60 38 96 84 63 3 27 36 33 86 53 71 11 5 65 1 19 31 79 8 24 23 64 48 39 18 76 75 34 91 20 30 57 7 4 55 46 93 16 59 83 47 12 2 37 61 21 10 97 9 89 49 72 80
71 30 66 55 28 3 100 78 5 48 67 24 9 92 84 40 93 14 31 13 4 64 62 25 11 98 60 15 29 34 99 85 54 12 35 23 56 19 76 65 53 86 46 97 50 21 69 81 42 90 7 74 73 94 57 8 79 38 1 10 37 58 2 59 82 27 6 39 47 77 16 52 32 88 44 75 0 36 33 43 20 72 26 68 51 89 18 63 70 91 87 95 80 41 96 22 17 45 83 49 61
45 98 58 3 56 36 21 99 59 17 53 80 40 11 73 93 20 100 77 88 6 37 71 78 97 81 89 22 72 85 34 75 60 91 51 43 7 65 46 68 61 5 41 30 63 90 32 86 44 1 10 28 95 2 52 39 8 16 42 50 48 82 14 35 79 84 19 64 47 74 33 0 57 94 26 66 15 92 27 12 67 49 24 38 69 55 83 23 70 87 76 54 4 25 18 29 62 9 13 96 31
41 46 3 97 9 18 36 38 74 50 15 95 96 58 93 61 77 89 83 7 16 78 33 53 42 84 57 100 40 67 39 37 72 98 51 44 45 23 73 86 25 0 13 80 4 81 99 92 59 30 22 48 34 87 54 60 63 66 29 82 91 26 75 79 1 62 6 47 11 2 88 8 49 55 64 90 43 12 69 35 85 20 28 71 10 32 52 65 68 31 27 5 14 24 76 17 19 56 21 70 94
10 40 2 79 0 88 38 68 24 93 42 41 32 97 87 7 50 58 51 18 62 45 74 80 34 98 53 48 5 16 27 1 8 99 75 29 78 81 6 37 25 55 67 61 83 100 13 3 14 15 59 17 63 69 60 23 72 92 52 11 54 49 12 76 96 66 85 73 70 39 90 33 21 43 64 44 82 26 36 9 65 22 31 94 19 57 47 28 84 77 35 56 4 30 46 95 71 86 89 91 20
0 96 8 90 66 89 19 78 67 25 13 23 43 14 35 61 84 18 40 32 77 73 30 42 68 50 100 53 94 60 70 86 91 16 69 74 45 56 58 3 24 20 29 10 76 41 99 93 28 48 95 82 83 52 71 98 87 9 88 6 65 1 64 7 44 63 17 55 47 81 31 11 51 33 38 85 15 72 26 46 21 5 97 49 22 37 75 4 12 92 39 2 59 79 36 34 54 62 27 80 57
31 52 43 73 10 95 40 70 55 26 13 67 94 36 23 27 51 61 38 17 97 1 6 84 46 12 16 30 35 4 54 45 74 100 92 24 49 76 41 50 91 20 64 21 25 2 85 42 96 98 93 5 82 28 63 11 60 69 34 39 53 88 56 9 83 62 15 7 80 66 68 78 44 72 71 79 32 65 57 81 37 0 89 48 59 22 47 14 90 3 18 86 8 19 58 77 99 29 75 33 87
57 67 31 81 47 93 91 55 23 66 75 62 37 61 65 97 90 36 88 0 22 95 52 34 16 64 42 71 60 12 89 17 33 78 85 76 9 96 92 94 39 50 41 15 44 27 45 5 68 53 51 87 26 30 82 32 80 6 72 63 4 2 25 69 19 83 13 18 7 29 59 10 86 46 38 11 20 14 49 84 8 56 99 70 1 48 43 40 98 3 21 35 58 100 54 73 28 79 24 77 74
92 80 48 78 4 67 36 60 24 57 9 5 72 56 40 74 59 11 30 85 15 81 14 41 68 73 22 29 96 16 20 63 13 71 82 50 28 91 34 43 86 1 65 61 39 23 79 7 88 55 3 10 75 18 66 52 47 42 100 58 27 94 12 77 2 99 51 8 38 37 89 69 32 76 93 62 19 26 64 70 53 35 87 17 31 98 90 54 33 0 25 49 97 84 46 83 44 45 95 21 6
0 89 36 59 62 61 11 10 77 52 24 38 6 84 58 14 63 53 47 37 48 70 34 8 73 42 25 72 3 86 56 71 55 1 15 100 65 60 44 92 51 76 50 87 54 91 99 88 82 30 22 90 67 75 93 43 12 9 19 18 74 21 78 68 97 66 85 64 31 94 83 35 81 2 79 26 57 41 45 96 28 46 13 17 49 32 7 5 33 39 23 98 95 40 29 80 20 4 69 16 27
33 37 20 12 23 16 52 31 39 86 4 30 98 62 55 64 88 92 97 1 49 34 46 77 35 11 53 42 78 38 65 85 10 75 8 54 9 57 15 91 61 32 27 45 80 83 26 59 82 18 95 73 69 81 40 44 2 74 63 0 7 90 28 96 76 41 84 79 17 60 71 19 36 5 70 14 21 6 58 22 100 24 13 3 50 72 99 87 47 68 29 94 43 66 56 93 48 25 89 67 51
96 6 1 51 78 69 38 59 89 13 57 32 26 91 62 70 90 73 85 18 24 4 94 87 36 41 42 76 66 75 63 100 0 65 5 88 12 11 49 71 58 64 43 98 46 14 21 20 77 7 86 17 15 60 29 22 35 2 80 79 44 54 27 93 52 10 84 56 53 48 16 72 50 55 30 8 3 47 23 45 19 31 40 92 61 74 97 33 37 39 82 67 83 25 34 95 99 81 68 28 9
34 95 47 22 32 71 66 76 16 46 79 18 96 74 36 73 7 72 92 77 4 27 81 69 19 64 89 49 8 20 2 1 17 75 58 10 21 42 85 62 40 41 45 35 90 78 53 9 43 70 29 51 82 97 80 24 6 91 52 68 25 13 14 3 93 86 50 30 28 5 39 48 54 55 63 23 60 59 61 37 83 44 99 0 94 56 98 65 57 33 88 100 26 84 12 11 31 67 15 38 87
32 61 42 54 18 25 12 88 77 69 28 83 64 60 99 100 80 50 72 23 81 84 40 45 4 68 17 85 1 91 90 34 39 36 65 8 48 86 27 79 30 2 97 82 13 5 62 92 31 3 56 26 98 74 35 53 6 93 87 7 19 95 20 66 11 10 24 58 78 21 67 51 16 76 55 33 38 47 73 0 52 89 63 14 41 94 15 43 71 29 96 9 59 70 57 75 22 46 44 37 49
88 22 98 46 1 54 29 66 74 97 19 59 82 38 49 79 27 10 95 9 68 11 14 72 92 96 23 76 53 24 30 5 32 26 57 51 90 35 2 18 55 63 43 31 47 69 71 3 77 85 25 28 36 50 60 33 37 83 89 56 87 84 67 80 44 34 15 17 41 91 48 40 81 78 8 62 73 64 93 58 42 100 61 75 86 0 99 12 94 39 7 20 21 4 13 65 6 70 16 45 52
87 81 99 12 65 3 35 41 21 100 90 55 39 8 18 68 34 31 93 45 50 52 40 17 58 15 75 25 79 49 73 0 54 76 37 9 97 82 59 72 96 6 43 26 11 4 67 38 47 89 7 33 62 80 5 42 10 70 92 57 48 46 94 98 44 56 30 51 27 88 61 23 63 19 1 29 91 2 78 60 22 85 74 71 13 28 24 14 66 16 77 83 20 69 53 64 32 95 36 84 86
69 41 99 100 15 23 59 40 70 71 8 57 28 52 4 19 45 68 10 34 81 37 16 98 32 56 82 64 77 21 39 24 72 86 36 22 97 83 33 91 50 1 74 95 89 27 9 84 51 76 35 48 85 29 30 90 79 26 18 3 55 61 46 47 87 49 58 78 7 0 5 13 65 42 43 20 63 14 6 38 2 80 11 12 44 25 31 75 62 67 92 73 17 66 88 60 96 53 94 93 54
96 58 16 43 90 12 10 47 51 9 69 2 79 46 27 33 81 0 8 35 26 40 98 91 63 15 76 17 7 86 23 83 67 1 88 97 92 18 61 49 20 6 72 22 52 85 3 29 74 25 36 62 100 89 13 66 41 73 45 21 55 48 53 34 54 95 39 38 42 4 84 56 65 59 31 19 28 64 37 99 11 30 57 14 68 75 60 87 44 80 82 70 71 78 24 77 94 32 50 5 93
99 14 23 51 90 82 77 63 13 94 21 32 12 18 83 87 86 81 65 31 17 85 28 91 56 33 19 0 16 88 59 84 11 50 43 34 75 24 71 25 52 30 64 70 49 27 69 3 58 9 95 15 22 74 42 6 29 73 7 89 53 93 20 79 5 36 37 38 98 26 35 40 60 44 4 76 1 48 46 68 67 92 54 72 8 55 78 62 45 41 39 66 97 2 61 80 10 57 100 96 47
16 48 39 31 53 86 70 78 67 44 23 92 5 51 62 85 54 60 18 30 56 8 17 99 69 2 81 46 36 52 27 94 19 12 83 45 29 58 38 88 71 87 95 65 100 43 55 41 77 14 21 20 40 22 89 75 68 11 10 25 37 47 76 80 0 49 91 1 79 64 3 34 73 57 4 74 9 96 32 28 6 24 50 90 15 84 63 59 13 26 82 98 97 93 7 66 33 72 61 35 42
21 80 23 5 71 70 34 48 31 59 42 66 4 7 64 49 60 46 1 94 84 33 74 76 72 68 0 35 17 38 37 19 24 92 96 58 52 55 54 50 63 16 61 81 47 89 3 13 20 22 77 97 15 44 26 53 78 91 98 11 83 88 67 30 36 99 82 8 45 73 86 14 9 93 79 62 27 90 28 57 40 100 43 51 18 85 12 75 41 2 32 39 6 10 65 56 95 25 87 29 69
44 14 79 41 49 19 72 80 0 78 94 10 61 39 4 7 65 43 55 52 1 77 28 54 6 74 53 9 40 37 93 50 68 35 75 67 18 31 25 58 69 36 76 100 34 60 91 56 82 33 2 48 51 15 70 24 46 83 90 26 99 64 17 81 16 12 20 23 66 84 89 63 8 96 98 62 27 88 21 92 38 57 32 85 42 11 22 29 73 45 59 97 87 47 30 13 95 71 86 5 3
31 79 59 95 32 20 35 68 92 82 14 50 61 56 57 2 15 38 55 8 83 6 75 49 30 52 72 7 24 76 98 23 63 87 25 36 22 41 40 74 0 67 33 88 42 97 78 48 18 3 39 12 21 65 10 45 11 81 71 70 53 100 58 26 9 43 13 5 34 80 27 29 47 73 96 86 90 94 85 1 16 66 91 89 69 54 60 77 51 46 93 44 37 62 4 17 64 84 99 28 19
27 6 97 99 21 94 25 100 26 96 39 57 92 11 58 78 34 5 1 30 49 22 93 37 86 56 87 36 67 29 65 53 47 83 31 17 46 12 55 73 98 61 59 69 33 23 80 38 88 14 90 62 68 74 43 24 70 32 15 48 45 20 8 52 77 84 35 2 71 54 13 7 66 64 4 75 40 44 9 85 19 63 76 16 60 41 89 95 50 79 82 51 10 28 3 81 0 72 91 42 18
40 23 83 32 91 31 47 49 92 64 97 90 27 26 51 48 24 28 70 78 33 63 20 1 74 39 22 76 72 8 44 57 34 66 29 81 3 52 16 15 84 100 58 95 21 61 11 79 12 54 65 38 9 96 0 19 60 5 99 98 89 55 4 75 93 53 35 50 59 10 6 82 37 67 13 56 77 68 62 42 86 41 43 45 80 73 94 71 46 85 14 7 69 2 36 18 25 87 30 88 17
60 72 100 45 34 83 15 88 65 93 10 94 85 97 62 0 50 28 63 61 39 16 91 11 43 55 82 58 92 2 35 89 57 1 87 78 51 84 14 29 5 86 19 53 71 7 37 22 90 95 23 74 52 40 3 66 21 56 33 13 8 44 73 77 80 18 49 98 96 12 79 20 99 26 75 81 70 67 31 24 69 9 64 47 68 48 46 42 25 38 54 17 59 41 32 27 76 4 30 36 6
45 76 2 11 38 94 4 85 58 78 84 47 22 24 64 41 72 43 86 3 65 48 53 34 28 71 7 8 74 69 79 59 80 98 12 33 36 25 21 75 52 70 27 29 95 26 18 32 67 15 68 14 1 46 63 19 20 90 56 10 96 54 62 51 97 81 60 50 6 49 39 40 0 77 13 88 57 82 9 5 73 66 61 55 89 44 91 99 37 17 93 83 31 30 87 35 100 42 16 92 23
19 21 68 94 54 7 20 37 51 24 4 95 45 100 13 98 61 67 33 75 79 81 85 42 46 14 49 72 63 74 80 88 9 92 91 90 70 38 27 76 69 17 83 32 23 8 53 58 39 73 3 28 2 40 62 10 1 71 18 29 25 0 52 56 82 50 65 77 16 93 60 97 6 55 64 31 44 87 30 57 66 26 11 89 47 96 48 99 43 5 41 84 86 34 15 35 78 12 59 22 36
88 55 72 48 100 80 50 92 39 40 36 86 28 45 41 21 16 67 51 78 87 91 79 1 23 85 27 90 75 94 30 26 73 84 9 0 29 76 61 35 68 8 44 13 98 10 2 22 14 66 60 97 81 19 65 71 74 38 31 5 32 83 77 57 93 63 42 11 34 12 20 47 43 6 99 82 7 15 54 95 33 59 17 70 62 3 52 64 49 4 25 58 24 56 37 89 18 53 46 69 96
80 56 54 31 61 29 18 78 43 59 8 49 46 6 94 19 91 100 83 84 16 55 17 65 28 99 21 62 33 95 4 32 70 86 64 58 12 44 63 53 26 48 30 50 76 75 97 14 38 0 69 93 37 85 20 81 79 47 25 23 24 7 73 82 68 92 51 13 52 11 3 74 66 90 42 9 88 5 67 57 60 71 36 22 89 96 41 2 39 45 34 35 15 87 27 10 98 72 40 77 1
9 35 94 3 22 67 46 62 16 86 83 99 29 100 49 51 27 82 48 23 54 0 41 84 53 14 11 20 18 97 31 2 32 75 59 8 15 36 76 88 72 45 87 56 52 33 5 4 77 12 6 68 92 93 34 58 30 19 13 78 63 44 55 89 66 73 69 21 25 43 64 7 90 95 1 70 79 60 61 98 42 39 10 57 96 38 80 85 50 65 91 74 47 40 17 26 71 24 37 81 28
14 11 47 19 27 52 94 12 64 92 61 23 81 66 9 21 85 95 44 75 43 99 24 36 69 32 51 91 26 8 83 50 15 84 10 46 28 22 1 2 54 100 58 35 56 78 60 53 68 5 87 6 37 39 0 16 18 30 72 90 29 98 45 73 4 25 59 34 86 80 89 33 79 48 49 42 96 74 63 3 65 31 71 93 97 57 82 55 62 7 13 70 38 76 17 41 20 40 77 67 88
28 55 16 79 73 82 97 19 60 25 30 41 70 23 89 20 22 2 12 24 36 6 0 62 80 15 32 72 5 39 50 8 71 78 26 43 87 47 94 69 64 65 75 9 93 100 48 92 76 44 54 10 81 52 35 51 57 95 38 7 96 34 66 42 27 31 77 49 91 68 3 67 61 85 11 98 56 63 18 45 84 33 1 90 74 13 21 46 29 53 40 83 14 59 4 17 88 86 37 58 99
27 93 32 92 23 91 17 97 95 3 80 73 12 36 69 30 40 14 0 81 62 28 47 52 15 4 75 56 10 11 22 70 82 89 45 61 5 59 24 57 37 13 94 68 67 77 44 1 39 63 64 34 6 35 78 7 79 76 90 49 99 18 29 98 21 86 42 26 41 25 84 88 72 83 43 71 9 48 46 58 8 66 53 65 55 96 54 33 38 51 50 16 100 2 87 31 19 85 74 20 60
100 3 50 56 67 91 39 14 10 8 45 61 31 88 42 46 24 6 77 22 49 17 25 86 79 95 51 20 33 74 94 69 63 0 99 93 78 43 36 89 65 28 64 84 48 96 87 13 1 34 71 18 32 80 58 7 35 38 40 68 81 62 92 90 47 12 23 75 41 30 11 9 70 26 98 85 29 72 54 37 16 66 5 53 83 59 52 15 73 97 57 27 82 2 76 60 21 19 55 4 44
2 42 10 53 30 16 86 48 95 34 55 73 46 87 43 26 88 24 32 98 21 14 22 92 69 99 15 29 1 84 57 97 23 50 58 71 77 6 66 75 12 19 31 0 33 100 63 96 45 80 27 85 79 17 47 62 51 54 5 82 81 20 89 74 8 64 49 37 67 78 41 28 59 36 60 52 68 90 72 7 91 38 93 40 65 44 61 18 25 11 39 3 94 35 13 9 76 4 56 70 83
52 30 56 14 25 22 44 92 16 77 88 97 90 70 50 10 99 67 94 42 98 34 48 9 68 35 13 85 31 38 57 71 37 87 93 2 32 6 0 96 15 23 27 60 43 33 78 80 65 11 29 59 84 83 91 58 12 7 89 72 45 21 69 8 95 79 18 26 62 100 64 75 49 81 28 61 20 51 53 86 82 76 4 46 24 39 54 17 5 1 66 47 3 73 40 19 41 36 63 55 74
40 11 58 14 6 3 83 2 85 45 10 52 88 72 89 43 57 64 96 32 36 80 99 26 82 97 69 23 28 50 53 20 79 37 21 13 22 42 1 54 67 34 98 15 31 73 95 27 44 86 65 4 94 38 61 35 17 77 12 33 16 48 24 30 75 8 62 9 51 49 81 78 59 92 76 0 70 5 56 74 90 39 63 7 100 93 19 60 25 29 68 55 71 46 91 84 66 41 87 47 18
29 32 45 42 12 23 27 10 4 77 94 92 63 71 56 21 50 34 68 70 57 49 90 9 64 51 87 66 84 8 5 91 40 78 72 83 59 65 69 30 17 39 93 28 20 61 0 67 54 7 22 16 99 35 55 81 73 13 37 31 97 60 75 26 52 86 98 76 15 1 88 11 58 80 18 48 2 79 82 85 47 6 36 53 14 24 25 95 46 89 3 74 19 33 41 43 62 100 96 38 44
71 28 94 42 83 89 40 30 53 95 41 82 68 4 81 3 12 60 2 91 39 23 37 96 66 35 100 84 51 33 24 54 32 36 21 9 29 7 17 79 43 15 98 27 14 74 65 44 49 22 34 8 55 99 85 77 62 0 46 26 48 18 52 90 5 87 92 69 25 45 88 47 75 63 1 6 64 76 97 67 19 59 56 61 38 70 13 58 16 20 73 57 50 93 72 78 11 10 31 80 86
36 52 23 77 91 42 100 41 25 84 81 6 5 28 94 59 88 20 14 32 45 90 9 78 58 21 7 24 29 85 11 46 37 57 19 97 12 38 54 48 40 65 55 95 18 35 63 8 68 31 89 86 10 62 98 34 30 99 67 80 56 70 82 50 72 39 47 66 17 44 83 76 60 0 2 15 73 49 75 33 69 3 43 93 61 79 53 74 87 64 22 26 27 96 16 51 13 71 4 92 1
54 61 52 1 65 51 70 22 47 0 18 37 13 45 15 19 35 76 11 4 98 88 27 83 78 23 2 43 90 64 29 75 84 39 36 62 50 16 46 89 85 33 77 81 74 87 10 12 57 20 100 32 40 60 73 67 82 24 96 68 79 41 53 93 8 72 99 42 80 66 31 25 69 58 30 14 26 48 63 44 9 34 92 6 97 91 95 86 7 28 56 71 38 21 59 55 3 5 49 17 94
47 100 74 51 97 22 16 52 87 88 99 37 25 98 35 61 13 7 15 69 34 56 64 70 54 20 67 75 63 65 18 48 32 79 57 94 78 86 95 58 2 80 82 77 12 17 72 28 36 89 21 10 66 92 60 84 73 90 31 38 11 46 55 33 9 1 27 71 45 93 24 5 44 85 30 3 62 23 0 53 4 19 26 41 39 6 68 59 91 42 14 76 96 40 50 49 8 43 29 83 81
35 95 12 79 41 37 28 56 8 83 13 4 96 15 98 36 24 2 73 87 66 1 63 29 26 62 78 47 92 58 14 64 40 80 51 34 23 68 74 52 100 49 9 45 0 42 94 16 11 70 33 30 39 81 97 77 75 88 54 7 44 60 82 46 31 32 99 86 43 21 93 84 85 22 59 65 18 25 5 91 76 3 90 10 69 61 38 20 48 71 50 55 27 57 89 67 6 17 19 53 72
35 59 41 47 30 93 16 37 56 92 12 90 57 62 14 43 9 73 26 17 84 24 55 79 15 4 19 34 68 20 74 52 22 31 87 50 69 64 51 46 38 53 28 78 94 88 100 3 72 11 8 10 23 96 83 75 40 18 65 98 91 71 29 63 97 77 66 42 2 39 0 25 5 13 99 33 1 49 44 70 61 67 48 45 7 86 81 85 95 27 54 82 60 76 89 36 80 21 32 6 58
22 59 32 93 13 50 87 17 90 63 76 19 21 45 55 51 44 18 52 34 62 67 57 85 70 8 25 96 41 64 77 15 73 92 48 23 53 71 80 27 66 26 10 12 83 95 47 89 11 2 61 43 39 72 9 65 33 42 28 97 58 35 99 3 0 30 16 91 94 68 38 5 24 37 75 14 54 100 81 84 7 31 46 20 1 6 79 98 29 40 88 69 78 74 86 60 49 36 56 82 4
49 91 94 34 58 28 80 4 71 5 48 14 10 18 75 22 12 29 88 33 56 57 68 43 8 55 9 51 13 40 26 83 32 2 70 72 15 0 76 85 79 31 78 1 38 21 36 64 41 52 67 73 63 20 17 93 16 45 7 47 44 39 23 100 19 24 61 90 86 53 96 54 6 89 59 98 62 82 66 92 74 27 65 3 35 69 87 77 99 37 42 60 84 25 50 95 11 81 30 46 97
55 40 89 7 16 49 75 27 60 97 36 48 62 33 68 65 80 43 50 86 79 6 82 85 67 58 64 28 37 18 94 44 47 74 76 54 10 41 96 61 1 8 26 81 2 52 98 22 3 20 17 77 31 38 72 69 29 70 34 56 21 91 12 78 32 73 39 30 99 100 15 63 90 83 57 25 88 84 23 45 66 9 92 11 46 95 42 87 93 5 59 0 4 51 14 71 13 35 53 24 19
87 10 45 18 98 89 62 27 13 34 46 6 81 32 69 19 85 74 65 17 83 93 77 70 51 5 91 8 26 23 15 38 22 25 58 37 80 67 43 60 92 78 20 16 2 97 44 29 48 63 9 57 84 33 7 59 49 86 64 68 66 36 21 54 73 52 14 41 82 53 99 0 79 4 3 72 56 35 11 1 30 94 71 24 88 96 75 61 76 95 55 31 47 39 100 42 90 12 50 40 28
60 90 32 13 18 56 21 20 71 36 100 44 94 81 98 27 2 49 86 95 30 35 77 19 11 91 74 12 6 26 1 78 4 76 59 15 92 42 53 3 31 68 58 8 55 67 46 0 93 41 99 37 23 48 29 85 33 28 82 96 52 14 50 63 24 69 54 65 73 5 80 25 66 39 45 61 64 83 89 17 75 57 16 70 84 51 79 72 43 7 97 38 87 34 22 40 88 47 9 62 10
52 41 48 43 47 85 6 51 81 87 46 33 28 8 23 19 54 72 21 5 14 25 99 70 4 66 63 11 76 29 57 89 2 98 55 44 88 75 26 96 49 36 0 92 35 67 97 93 45 20 39 82 56 65 80 37 15 9 12 13 32 73 90 38 16 31 86 27 100 68 34 60 69 62 53 18 91 3 1 50 10 42 40 58 71 64 24 74 59 17 22 79 61 77 78 83 30 94 7 95 84
66 23 11 20 9 41 76 19 53 43 29 5 8 47 32 42 44 52 10 28 2 84 78 22 59 38 15 1 34 77 18 58 48 21 74 83 79 86 68 4 27 90 26 69 93 82 40 63 17 30 81 60 64 0 55 36 97 13 57 49 54 12 35 33 92 50 73 46 96 56 67 24 6 87 85 39 91 45 51 25 80 37 89 75 65 3 31 98 7 95 94 88 61 70 14 100 99 16 62 72 71
33 0 85 48 76 50 4 40 91 2 64 96 9 25 95 57 24 27 86 18 44 79 14 72 87 67 21 81 41 16 88 7 56 61 13 90 60 92 45 12 11 53 5 94 15 28 47 43 63 97 82 37 74 34 29 19 31 30 55 52 1 32 73 36 10 54 6 100 35 20 89 69 70 58 8 39 77 80 38 66 93 99 26 78 65 83 71 46 51 22 62 59 23 3 98 42 17 75 68 84 49
2 66 16 12 39 88 29 41 43 49 14 68 76 87 58 89 79 46 77 51 62 17 32 81 5 26 83 98 24 74 86 3 30 65 33 55 48 50 19 91 82 37 7 60 35 1 25 0 36 6 9 13 31 4 71 22 96 90 63 8 84 38 69 34 53 94 78 23 92 85 20 40 45 54 44 11 80 97 61 59 75 10 99 18 52 56 73 72 100 70 57 95 67 42 28 47 21 27 15 64 93
52 38 81 22 51 72 93 60 94 58 76 65 73 3 33 85 12 71 49 83 84 91 43 89 64 44 39 75 79 47 24 40 37 41 35 0 53 54 82 31 30 66 80 11 74 16 67 18 17 20 69 98 59 21 9 6 2 95 4 8 48 92 99 13 28 19 100 62 56 10 27 25 26 5 1 88 45 36 70 96 29 7 68 55 32 34 15 97 77 87 90 78 61 63 46 42 14 23 50 57 86
24 52 49 76 67 7 82 100 46 79 85 61 35 22 13 44 45 20 58 86 33 80 5 27 18 11 31 60 54 99 63 90 70 75 41 57 36 48 78 66 39 81 50 93 2 47 62 55 96 95 64 56 17 29 10 32 87 71 8 16 59 4 97 12 25 84 98 42 51 72 53 89 43 6 88 1 37 15 19 34 69 94 74 65 28 73 14 26 77 0 91 38 30 9 40 23 92 83 68 21 3
16 93 7 17 73 46 71 59 6 66 60 9 76 69 55 4 53 77 33 64 31 45 15 97 50 63 94 79 56 54 51 100 40 3 8 89 83 37 44 87 43 86 72 85 23 84 75 41 61 88 19 47 0 18 91 32 36 65 10 99 13 80 1 26 35 70 5 12 38 68 74 95 48 20 90 24 22 14 78 98 67 42 39 92 58 30 81 52 2 28 82 25 57 96 49 11 21 34 62 29 27
98 16 97 93 88 70 69 58 25 94 31 0 84 99 81 85 71 43 18 17 11 41 76 51 65 13 37 49 57 68 24 20 54 45 96 3 67 23 32 92 35 72 47 40 36 60 19 28 61 14 52 73 2 75 48 80 44 87 1 50 55 38 9 34 100 22 8 66 89 42 74 6 15 21 4 62 90 83 86 95 63 91 64 29 5 46 79 30 12 82 53 27 78 77 59 56 39 10 33 26 7
12 37 79 50 10 85 58 55 98 87 54 40 77 5 69 96 33 34 52 18 27 22 86 23 17 75 30 99 90 71 64 31 48 13 26 14 78 19 81 46 21 88 100 97 74 15 80 44 32 45 65 73 89 94 0 28 47 95 57 8 16 6 68 24 70 41 62 4 9 35 11 60 56 20 84 1 7 59 67 43 29 66 83 82 2 42 49 38 92 53 36 61 72 76 51 25 39 91 3 93 63
28 95 38 67 5 97 90 80 7 27 19 40 35 32 52 48 21 59 75 78 91 93 3 25 94 11 22 65 84 18 64 45 82 62 79 31 58 89 66 56 77 85 10 61 96 34 47 4 70 46 26 81 88 43 36 37 69 44 14 73 24 2 86 55 51 39 72 0 63 15 20 23 54 50 17 6 83 1 8 100 68 42 41 74 29 53 76 99 92 33 57 87 9 13 49 98 71 12 16 30 60
15 3 10 32 99 78 90 97 45 59 33 87 43 69 42 47 21 58 27 1 77 38 71 66 19 35 46 8 7 34 56 83 89 54 50 55 12 92 36 74 94 18 93 5 72 30 79 95 25 44 26 40 85 17 91 11 80 70 51 65 23 98 14 88 24 68 57 84 81 4 22 37 63 100 39 73 53 64 31 61 41 49 62 16 29 6 13 9 20 96 67 0 2 60 86 76 52 28 75 82 48
44 20 18 2 74 27 56 98 25 31 33 21 99 39 76 37 67 5 16 47 93 43 73 10 26 97 92 55 15 90 28 1 48 72 22 89 6 57 24 35 100 65 66 3 51 68 7 64 8 30 41 69 75 50 36 88 14 63 54 4 59 84 45 53 86 85 17 34 80 83 32 49 46 0 9 78 96 81 11 87 23 79 60 70 71 95 94 29 58 38 12 42 77 40 91 52 19 61 82 62 13
7 40 85 5 96 28 26 63 88 1 43 90 12 20 51 97 91 50 75 95 2 71 62 74 46 81 45 18 13 4 9 76 27 61 34 32 16 69 98 21 80 41 100 55 33 38 15 19 42 72 57 78 10 92 56 25 93 67 60 89 52 70 94 49 3 0 48 68 54 83 37 11 17 23 82 6 39 99 84 87 30 65 14 44 79 8 31 66 47 73 77 36 22 53 35 29 59 64 24 58 86
19 52 73 34 60 22 53 59 28 25 89 18 84 70 35 31 97 32 99 94 23 57 56 12 86 45 63 49 90 6 55 51 62 5 83 14 100 26 27 96 91 61 17 30 3 64 42 0 54 76 71 69 20 7 88 72 92 50 38 58 44 77 1 79 2 67 33 8 66 78 87 24 46 16 68 13 9 98 4 95 39 36 41 65 75 37 81 82 48 43 80 21 40 29 11 47 10 15 93 85 74
41 6 15 67 99 59 82 44 98 68 77 51 46 29 31 81 28 84 49 26 85 89 40 18 92 21 39 100 71 38 64 79 73 2 54 43 83 62 69 22 1 13 86 24 94 11 52 91 33 30 35 16 27 96 12 17 47 53 76 60 87 25 45 66 61 23 75 5 80 95 90 19 3 14 56 58 55 70 50 42 7 93 34 65 32 10 78 0 8 36 74 57 63 9 37 48 97 20 72 88 4
15 93 97 86 84 26 85 14 96 65 19 63 13 17 47 81 67 25 74 16 77 95 98 66 6 51 20 89 40 59 76 87 10 9 50 53 28 73 1 30 43 44 94 56 90 58 69 54 68 62 5 48 12 36 39 35 32 83 18 82 31 46 49 91 72 8 0 24 2 92 88 71 3 4 42 99 23 34 52 79 75 57 45 33 60 70 29 55 61 78 7 64 21 38 41 100 80 11 27 22 37
86 46 42 66 80 81 44 61 50 41 45 82 93 71 15 96 22 79 54 28 53 40 27 52 5 70 69 88 16 97 10 31 77 83 75 8 39 57 85 1 6 29 55 98 56 19 91 49 43 37 34 47 60 94 67 68 4 89 73 20 3 78 30 2 92 90 24 35 72 17 51 63 26 87 100 32 36 38 21 33 62 74 59 58 84 64 14 99 65 76 25 9 0 23 13 95 18 11 48 7 12
32 81 68 28 72 41 61 4 30 37 89 96 58 49 77 26 45 44 86 3 6 23 19 55 24 31 87 70 82 51 47 62 2 39 0 1 74 13 43 17 71 34 40 88 80 95 83 59 54 90 65 18 9 63 64 7 5 97 29 22 15 98 66 8 20 36 93 73 79 67 75 14 11 35 78 85 57 56 48 33 52 100 38 69 16 76 46 10 21 91 92 99 84 60 27 25 50 53 94 12 42
33 53 92 71 20 41 45 39 30 91 31 80 50 3 5 76 35 21 8 28 51 40 66 1 58 61 34 24 67 9 6 77 93 26 46 64 78 84 48 42 65 43 60 69 22 54 11 97 55 17 16 32 99 0 70 82 25 85 44 87 86 37 7 38 12 96 10 56 18 74 89 13 81 29 47 23 75 94 72 49 63 4 90 57 62 59 68 52 95 98 15 19 88 36 83 100 14 2 27 73 79
2 95 85 77 89 36 50 35 23 87 45 91 38 76 79 19 93 60 66 16 100 74 26 34 9 86 65 63 59 49 1 10 96 22 17 41 4 92 6 83 21 72 68 56 82 28 61 84 12 20 69 0 25 52 80 47 55 39 27 37 57 18 98 99 64 73 7 13 3 81 42 11 67 62 40 94 51 14 44 54 29 5 15 31 71 53 70 43 88 78 32 30 46 90 48 33 75 58 8 97 24
9 72 31 66 11 16 67 38 28 3 24 34 77 90 27 81 41 71 79 80 47 94 44 96 82 5 40 32 36 88 56 0 48 62 74 64 91 49 42 46 60 14 68 13 95 43 59 26 25 15 78 35 57 100 4 20 86 93 7 37 75 39 1 21 55 70 52 12 76 10 45 98 69 84 85 23 53 30 92 61 18 97 22 33 63 17 51 29 89 2 8 54 99 58 50 6 19 65 73 83 87
24 93 34 71 29 54 8 53 23 96 85 95 2 76 41 45 62 94 98 87 39 74 33 6 12 46 30 40 13 68 19 11 51 38 26 52 66 83 88 91 37 16 78 32 1 56 79 55 35 72 57 3 10 90 73 22 20 97 25 49 89 28 50 0 18 5 27 36 59 44 63 64 75 84 15 21 4 82 67 14 7 86 80 47 99 42 81 60 58 92 70 9 31 61 69 48 100 65 17 43 77
40 7 39 6 5 2 74 75 64 15 95 18 42 59 23 21 9 90 99 63 100 32 13 66 52 27 43 54 31 14 85 11 19 38 60 41 68 67 28 34 72 82 56 89 92 37 86 10 17 76 53 12 78 81 51 0 1 22 47 26 24 44 49 93 80 33 84 57 25 77 87 58 4 55 50 70 36 62 8 65 79 91 48 69 97 73 83 96 61 88 3 71 98 45 35 29 20 30 94 46 16
9 87 83 79 84 10 69 56 71 53 46 80 67 60 86 39 0 4 51 73 1 55 26 45 34 85 21 29 65 23 100 19 82 94 76 92 63 44 50 57 7 75 93 98 62 88 77 15 13 78 61 70 47 97 31 91 81 59 35 14 48 72 8 5 43 28 25 11 16 54 17 99 6 18 95 3 90 12 37 32 36 38 52 89 64 74 22 58 24 41 27 49 30 96 20 66 42 68 33 2 40
46 52 87 60 53 65 68 41 9 90 63 23 25 17 1 88 22 89 84 92 26 56 14 57 42 99 64 6 55 35 75 59 97 45 49 33 32 70 18 69 3 74 83 78 48 67 8 73 4 27 54 76 20 38 85 5 24 79 93 39 43 86 62 44 0 37 15 19 12 80 100 51 58 10 13 98 95 2 94 29 31 91 71 11 7 36 72 77 40 66 61 81 30 28 50 16 34 21 82 96 47
50 97 4 78 29 81 27 1 64 72 63 98 26 51 12 30 9 38 83 75 0 79 76 96 84 17 56 93 95 3 10 92 32 22 66 45 2 80 94 14 8 6 88 100 59 35 42 90 69 82 37 5 54 85 74 11 46 65 28 43 73 52 61 34 53 99 67 57 68 44 60 15 71 40 87 58 77 47 7 39 31 20 49 89 24 62 21 86 55 16 19 48 23 36 41 91 25 33 70 13 18
30 33 87 90 48 58 39 86 83 54 47 92 29 9 51 35 53 69 99 61 74 59 44 18 71 91 41 14 79 12 96 32 8 19 63 89 40 93 38 46 84 67 3 34 7 82 97 26 13 27 22 78 52 75 57 42 98 17 68 49 50 36 76 2 70 43 6 95 72 66 28 85 25 15 64 94 23 31 37 0 73 81 16 55 21 88 24 4 60 100 77 65 80 56 5 1 62 20 11 10 45
26 49 5 46 45 70 0 8 11 38 17 84 22 91 63 35 4 44 47 15 54 1 36 48 93 69 64 29 96 88 16 89 9 74 90 23 62 85 20 82 57 92 37 10 43 42 3 55 28 71 27 86 50 77 58 31 41 83 12 24 14 81 66 95 61 33 56 2 99 52 98 34 7 76 60 75 30 19 59 78 97 65 40 21 79 13 80 94 72 6 67 68 25 100 51 32 73 87 39 53 18
23 87 100 38 3 8 93 84 69 94 40 31 86 44 25 56 22 1 14 43 33 61 95 6 79 45 71 80 12 49 21 53 46 67 75 59 65 83 30 9 11 74 85 98 15 70 88 35 37 89 19 55 13 47 34 60 62 28 48 77 50 4 2 81 20 51 18 76 63 57 5 42 90 82 92 54 97 0 68 96 16 64 26 29 41 27 52 24 10 66 91 17 72 58 36 7 73 78 39 32 99
21 0 51 71 41 94 58 16 8 28 45 95 24 15 77 52 82 56 5 6 61 30 33 29 81 9 92 20 1 64 66 49 74 47 93 10 91 85 14 18 13 88 90 53 46 32 70 22 100 69 89 96 40 4 12 2 78 75 57 26 80 7 79 19 84 11 60 73 63 72 76 37 48 50 34 43 3 36 83 38 54 23 31 86 27 62 65 87 44 55 17 67 97 59 35 39 68 98 99 25 42
7 32 37 8 14 39 61 50 51 72 92 70 35 86 15 31 98 81 11 4 18 20 33 43 95 12 38 17 63 80 58 2 93 48 56 44 40 30 47 46 28 75 57 25 85 83 26 65 88 69 99 55 1 52 79 9 100 53 21 6 41 45 94 10 84 97 96 59 13 73 34 64 19 89 27 36 60 67 87 0 22 24 78 42 54 77 66 71 68 82 23 3 76 29 49 90 62 16 91 74 5
52 85 75 6 80 10 9 3 97 23 89 44 55 48 50 29 47 31 16 98 27 0 90 100 96 87 49 15 86 45 79 33 11 51 37 22 82 63 28 88 32 38 20 36 35 26 53 54 8 73 2 25 66 64 72 42 1 41 61 17 57 93 43 12 78 4 56 24 21 71 76 5 77 7 62 83 99 68 59 84 81 19 65 69 58 91 40 30 13 70 14 74 34 18 95 39 92 46 60 94 67
47 90 43 60 84 91 14 96 52 45 33 13 42 74 83 29 26 32 11 89 3 61 40 51 75 76 20 25 31 55 46 12 58 7 64 66 22 86 80 18 88 69 37 71 10 34 39 99 1 98 56 67 41 70 93 0 57 19 85 87 79 4 28 59 81 97 35 95 8 49 23 9 100 2 21 62 5 82 68 72 50 54 63 73 77 44 16 27 94 36 6 17 30 38 53 24 15 48 92 65 78
0 55 43 73 17 81 1 74 46 14 62 35 51 45 100 20 59 61 65 98 21 89 41 10 85 71 58 84 2 80 67 99 25 5 24 44 40 66 70 56 82 97 6 12 23 72 53 31 49 3 77 7 83 27 94 92 9 75 30 60 63 38 87 26 57 42 22 28 19 64 15 4 33 34 48 93 32 78 37 16 13 36 18 91 8 88 69 54 96 68 29 76 50 52 90 86 79 47 95 39 11
24 63 38 36 70 62 39 37 93 22 74 48 92 87 8 61 6 99 21 49 95 47 90 60 10 31 57 32 3 12 53 91 89 9 75 15 43 42 26 86 79 84 97 50 7 66 55 82 44 33 13 14 29 30 0 45 23 20 34 65 58 56 35 64 94 18 96 98 78 17 69 40 19 27 41 2 16 88 11 25 68 51 85 67 5 1 73 80 77 76 59 83 72 28 4 52 46 54 81 100 71
89 77 24 31 22 17 63 65 2 69 13 79 62 16 91 86 58 87 81 7 85 82 36 38 78 19 48 35 90 9 5 80 88 41 20 46 60 43 32 8 97 28 30 47 76 100 4 42 96 0 74 84 25 83 92 68 23 34 72 59 73 11 57 26 37 6 39 94 50 55 27 51 49 44 54 10 95 75 64 66 18 70 40 12 52 21 71 56 93 98 53 3 15 45 14 61 99 1 67 29 33
44 81 75 30 20 64 91 51 60 17 54 99 26 41 31 37 12 16 35 8 70 87 38 7 93 100 94 79 34 42 73 50 23 92 59 55 96 1 77 36 43 22 39 69 66 28 47 68 6 24 32 86 9 67 0 97 4 95 46 2 11 18 71 85 49 88 74 89 25 33 98 84 21 61 62 52 90 27 48 57 3 58 15 76 29 13 56 10 82 45 5 14 72 65 78 63 19 83 40 53 80
100 89 91 76 52 18 43 24 41 67 42 8 71 66 48 26 38 98 20 3 77 96 22 86 39 70 46 23 68 82 14 12 64 57 7 25 6 69 62 63 73 19 10 5 0 79 99 11 9 53 74 45 59 54 65 2 55 80 60 32 30 29 15 21 51 33 34 31 49 87 90 72 93 36 37 85 97 1 78 44 27 28 61 81 88 47 17 35 56 50 13 75 40 94 58 92 95 84 83 16 4
25 94 61 91 69 56 18 32 83 3 10 34 99 45 17 8 76 44 55 50 48 16 4 38 54 27 51 12 43 71 26 86 41 70 68 42 11 58 96 47 80 84 14 89 52 66 60 35 15 5 64 28 65 73 72 24 13 75 40 93 39 36 82 98 57 85 100 97 2 23 1 63 77 95 22 37 20 81 87 29 7 21 0 92 9 19 67 49 90 46 59 74 33 6 30 88 53 78 79 31 62
52 70 39 22 4 53 96 62 47 95 19 58 88 54 81 16 100 30 21 67 0 10 80 84 82 5 41 9 8 98 29 60 36 83 51 44 79 45 27 24 6 57 42 11 94 34 40 3 48 55 20 17 38 86 31 63 73 91 37 93 76 97 33 35 59 28 65 69 18 74 43 15 87 2 77 66 64 56 46 78 92 14 75 1 85 72 61 68 99 89 50 25 23 26 49 13 71 7 90 12 32
48 99 47 76 45 23 18 30 27 1 34 100 11 93 87 77 55 36 72 44 19 84 28 26 62 0 6 12 54 46 4 90 89 32 37 95 7 80 14 8 29 85 33 31 17 35 86 43 79 97 92 81 58 22 13 64 69 56 67 60 83 63 82 16 59 42 2 65 49 70 91 75 39 52 74 25 71 3 15 20 5 57 61 51 50 41 73 68 78 24 94 10 40 53 88 98 96 38 21 9 66
65 53 13 56 60 91 63 44 36 22 81 80 57 99 61 86 23 25 70 71 64 51 42 84 95 37 7 77 6 32 75 43 30 59 85 76 72 93 2 55 58 14 5 15 82 8 52 41 33 35 31 50 62 39 89 88 28 17 46 69 66 24 97 94 54 34 47 29 92 73 11 18 100 79 9 38 0 45 49 26 40 87 90 3 67 21 12 4 98 20 48 27 68 96 1 83 74 16 78 19 10
32 28 50 41 4 7 49 64 91 74 16 84 24 82 11 33 45 54 2 31 10 72 86 73 76 69 51 15 71 42 100 17 89 57 43 40 39 98 60 67 38 66 75 30 23 58 14 93 12 80 20 0 53 48 1 70 61 37 63 52 77 59 26 94 92 56 87 65 6 95 9 35 8 21 3 29 44 81 46 68 90 18 83 36 62 34 96 78 85 13 97 79 47 22 19 5 88 99 27 55 25
63 2 35 39 64 23 34 31 61 77 1 73 85 12 100 86 28 47 67 74 69 94 54 76 71 22 5 17 99 96 42 43 33 79 89 10 75 81 36 97 50 30 6 45 41 51 83 80 11 60 44 25 68 49 82 46 40 14 27 32 24 37 16 87 29 84 59 38 53 70 93 18 19 0 62 20 48 90 91 55 8 52 4 98 26 7 72 66 56 58 92 13 3 95 65 78 15 9 21 88 57
18 75 97 9 94 34 83 49 32 67 31 51 89 13 44 48 52 23 91 59 61 2 60 39 95 16 81 11 65 58 62 41 57 28 35 12 36 19 72 63 56 15 4 20 92 53 17 33 3 74 85 40 82 73 1 24 14 77 38 90 27 69 80 55 88 0 8 42 21 86 46 70 99 50 43 54 29 71 22 37 98 79 84 100 6 76 96 45 47 30 87 68 26 66 7 25 93 64 5 10 78
7 81 44 74 68 78 80 47 33 73 67 57 1 87 83 29 39 46 90 15 2 85 27 95 62 25 65 53 96 22 42 94 45 31 97 21 49 77 82 4 38 16 28 61 12 91 17 63 92 34 5 88 8 20 75 59 37 50 23 26 14 3 43 99 52 13 35 9 48 72 70 84 64 93 55 66 6 79 100 69 24 19 86 18 54 56 60 40 0 71 89 36 30 10 76 58 51 32 98 11 41
3 69 89 58 29 53 59 20 36 15 64 42 17 12 51 46 24 52 31 78 13 73 77 74 1 41 19 67 93 30 100 45 62 70 18 55 10 87 94 61 25 34 49 97 26 56 98 2 23 5 86 54 90 8 7 66 60 75 80 96 11 72 33 21 9 22 27 48 63 71 0 95 16 50 43 76 47 40 37 83 44 88 28 57 99 81 39 14 79 85 38 35 32 82 65 68 84 4 91 6 92
34 55 7 18 10 65 54 33 31 37 56 90 61 80 28 67 46 62 42 26 76 86 60 14 59 77 40 72 6 2 58 73 75 53 71 19 5 17 35 41 82 12 47 78 74 43 70 50 8 83 25 16 44 68 98 94 96 38 27 29 36 4 52 39 11 0 1 100 23 57 97 49 30 3 87 99 92 89 32 15 84 85 45 66 88 48 21 79 81 51 63 22 9 13 93 20 64 24 69 91 95
99 3 23 59 10 100 28 16 40 17 96 47 68 76 74 82 87 75 1 29 78 79 26 45 43 41 25 2 67 95 63 32 8 20 58 98 21 37 9 18 13 4 11 33 55 27 92 14 69 61 7 81 90 73 12 85 0 5 24 60 34 57 31 15 52 44 30 56 97 88 19 36 50 71 80 62 35 89 54 70 66 91 38 86 53 48 83 22 94 42 6 72 46 51 77 49 93 84 39 64 65
