70 50 48 86 34 35 60 73 74 6 41 55 29 8 20 21 61 82 12 42 87 96 33 49 88 71 68 45 38 14 91 95 24 46 77 16 63 51 30 11 100 44 66 28 23 58 59 37 56 40 5 43 9 57 3 72 27 32 99 75 7 22 80 17 81 15 93 98 76 79 2 18 54 94 84 13 69 10 19 0 36 85 78 39 65 25 97 31 89 83 90 47 64 53 52 92 1 62 67 4 26
36 26 10 94 41 95 81 56 32 50 38 37 67 78 75 68 8 1 15 28 3 11 82 63 24 76 98 47 66 0 69 53 31 71 54 87 45 19 79 30 65 55 6 64 59 40 58 61 2 89 20 33 49 84 99 77 100 74 46 83 93 7 14 5 96 88 29 57 12 35 43 39 4 48 25 21 62 34 16 51 60 22 72 90 18 27 13 70 73 23 92 80 97 44 52 17 9 91 85 86 42
80 97 37 23 51 4 46 7 77 10 73 18 89 88 48 52 90 72 61 100 66 44 50 21 55 40 75 79 32 13 81 12 91 1 60 63 16 47 62 95 36 59 33 39 42 5 19 76 83 38 24 78 53 92 28 43 94 86 26 58 54 87 25 98 3 84 67 69 57 93 14 70 41 20 35 27 49 99 82 2 0 9 22 65 30 11 64 8 29 34 68 6 15 17 74 45 85 56 31 96 71
57 15 45 81 30 22 64 54 68 72 42 3 29 87 55 95 75 34 76 13 99 40 5 12 97 51 61 39 91 21 82 24 80 70 77 92 78 67 18 19 66 69 43 16 94 48 90 46 73 98 38 60 7 20 32 100 84 44 27 79 83 59 85 36 9 11 88 71 31 2 28 23 1 50 25 33 26 6 89 47 10 63 0 53 65 74 93 41 17 62 14 35 8 4 37 49 52 56 86 96 58
3 26 33 89 78 10 4 28 97 12 100 77 30 47 21 87 55 8 6 29 32 50 86 59 75 11 53 73 93 62 42 35 72 70 80 15 44 9 67 94 83 58 7 96 24 37 76 66 49 14 17 27 79 63 13 25 64 40 90 1 46 16 31 51 22 65 85 69 36 52 57 81 88 19 95 45 2 20 48 41 34 91 38 39 43 92 56 61 18 60 0 98 71 82 5 99 68 74 54 23 84
2 76 98 89 65 38 26 58 94 90 20 63 62 59 80 75 51 8 56 55 16 25 49 42 4 88 52 21 14 30 29 32 77 41 96 84 92 66 10 18 13 44 79 95 99 50 70 19 93 46 91 97 31 3 43 82 0 45 74 47 36 60 40 57 12 7 69 73 83 61 9 39 27 17 6 71 5 37 33 22 24 54 68 15 23 78 34 11 28 81 85 1 35 48 53 100 72 67 64 87 86
50 24 16 44 20 6 17 26 54 8 79 19 55 41 14 46 94 18 12 80 30 64 89 38 56 93 95 59 84 77 61 42 82 21 1 69 37 70 92 2 76 27 100 34 90 73 74 47 86 60 10 23 9 87 85 36 49 4 66 97 13 48 78 22 40 68 0 99 31 67 72 7 29 25 88 5 33 96 71 83 58 51 75 52 15 81 65 98 32 28 3 43 35 62 39 57 63 45 11 91 53
46 85 66 88 18 75 5 20 29 98 4 45 55 39 84 25 60 96 62 36 93 73 14 61 16 33 53 30 42 43 35 28 64 32 12 69 23 82 50 52 89 86 13 70 92 58 95 83 91 77 22 26 99 51 71 3 63 79 17 48 24 37 72 2 87 81 40 10 49 47 56 57 15 74 59 97 76 19 1 68 9 94 100 78 21 8 31 11 65 7 0 44 27 6 90 38 67 34 80 41 54
96 90 86 51 79 46 89 93 65 70 14 38 24 68 88 100 59 35 30 2 82 44 5 85 97 73 47 99 43 23 72 69 87 16 74 41 6 36 60 66 76 42 62 58 4 94 25 52 53 78 98 8 45 37 75 67 83 40 10 13 77 28 50 0 18 48 33 31 29 81 54 63 71 3 34 49 17 20 64 92 19 12 61 7 22 39 1 57 80 56 27 15 95 55 9 32 11 26 91 84 21
16 21 29 91 41 7 45 75 81 37 64 33 34 50 42 69 35 43 60 38 46 74 85 55 39 80 56 0 76 78 93 32 54 73 8 10 79 48 84 28 47 18 44 22 20 59 61 100 4 87 51 23 1 71 36 83 52 12 62 14 40 63 94 9 96 66 70 97 24 99 58 77 90 6 30 3 98 82 57 68 95 89 72 2 92 31 15 53 86 65 11 25 17 26 19 27 88 13 49 5 67
1 100 9 63 42 96 98 10 50 74 37 27 60 29 7 35 22 45 71 61 52 92 83 67 36 26 95 56 46 59 80 21 68 34 14 91 69 33 23 24 88 70 57 66 79 53 31 89 19 30 5 12 44 41 93 17 82 77 73 75 28 6 3 78 62 25 84 32 48 81 38 8 18 97 90 11 47 99 54 0 94 55 2 4 64 15 13 58 86 20 49 87 39 72 76 65 16 40 43 51 85
53 91 88 23 9 0 35 18 3 43 12 55 97 4 94 71 24 13 74 65 48 45 52 47 21 66 41 27 62 99 76 22 69 38 92 54 30 49 16 79 40 42 58 70 15 33 28 51 86 26 31 68 90 7 6 98 89 100 46 56 32 57 77 11 37 72 39 44 20 95 29 2 61 63 82 17 60 64 36 5 78 85 93 84 75 50 10 1 59 73 96 34 14 25 8 67 81 83 87 80 19
75 31 97 100 46 67 12 80 68 4 48 8 56 98 96 91 52 83 37 77 89 87 84 62 30 19 20 69 95 99 33 92 39 76 58 81 72 42 45 41 0 53 90 40 18 15 71 65 44 14 29 60 57 17 50 7 21 47 16 59 85 27 88 5 79 9 13 24 86 70 3 22 82 26 63 93 49 66 36 23 32 10 25 38 51 74 78 6 28 34 2 73 55 1 64 61 94 43 35 11 54
98 16 81 25 100 45 57 11 12 73 58 29 92 44 96 63 17 42 9 71 24 0 68 5 46 70 82 67 14 66 34 79 77 36 41 61 53 83 15 75 1 76 65 47 52 84 56 19 94 27 43 80 48 51 60 62 6 69 35 54 4 86 8 33 90 72 59 85 31 40 2 38 95 26 32 74 20 3 64 87 23 50 10 18 78 28 39 93 30 13 22 88 7 89 21 97 55 49 99 91 37
20 64 52 92 91 77 55 84 67 17 33 46 18 25 11 78 86 95 96 6 74 14 60 10 75 28 38 66 53 90 24 68 70 31 88 98 35 89 45 76 83 79 82 36 56 80 50 62 49 0 9 40 2 61 12 30 39 3 8 13 4 85 21 100 81 43 71 69 87 73 47 1 54 7 58 42 59 22 41 72 51 19 94 32 15 97 57 48 99 93 27 29 63 16 34 37 44 65 23 5 26
89 99 13 19 45 40 8 68 55 97 41 29 77 38 31 3 85 81 20 44 74 49 92 15 47 64 6 70 11 21 95 72 76 22 16 36 75 56 7 62 34 59 9 18 98 2 24 82 51 83 79 88 14 65 26 39 33 23 90 78 0 58 35 53 43 73 1 17 48 66 84 30 42 67 69 91 25 93 32 28 63 52 96 46 5 80 50 37 60 27 100 54 61 10 12 4 94 87 86 71 57
96 63 80 50 70 51 11 55 47 54 88 44 72 100 23 4 59 22 7 67 81 13 82 28 42 60 18 61 53 68 8 25 9 24 21 99 57 38 74 6 0 85 49 40 2 43 37 3 26 75 1 91 19 79 45 27 41 15 34 14 29 89 32 97 58 30 52 5 76 10 31 78 90 69 84 20 56 12 39 48 33 71 65 35 92 95 16 62 64 86 98 17 83 87 73 93 46 77 94 66 36
57 35 85 5 83 42 27 49 92 37 68 63 73 17 64 33 99 28 4 91 60 96 46 3 55 77 62 0 87 54 81 97 47 51 29 52 72 86 69 84 7 98 95 10 21 11 39 18 9 13 48 70 66 93 23 25 45 26 90 2 43 58 59 78 80 14 61 79 22 74 31 19 89 94 76 36 34 100 6 71 12 16 67 32 15 65 82 50 44 53 1 20 40 56 24 75 30 41 38 8 88
12 71 84 53 19 69 38 40 32 81 95 56 6 0 28 46 31 58 9 98 18 64 27 55 33 45 21 35 57 85 36 62 60 72 29 43 59 80 63 87 30 79 99 15 93 41 14 10 3 25 88 49 51 37 34 24 8 86 44 4 89 52 77 75 22 94 65 23 11 76 42 7 73 54 68 16 100 82 97 78 91 48 92 5 83 74 67 13 26 17 2 70 96 50 66 47 90 61 39 1 20
29 22 81 95 30 20 19 44 11 4 5 18 68 28 77 6 32 21 16 52 50 9 40 99 42 0 38 25 84 82 100 35 26 85 65 23 91 69 61 27 24 1 79 51 96 33 2 90 97 8 55 12 93 94 62 60 83 15 46 53 73 41 71 58 74 78 39 47 75 45 98 3 43 70 49 87 48 56 89 34 59 92 80 76 72 63 66 86 10 7 88 37 54 14 17 13 36 67 57 31 64
50 7 64 82 48 84 18 91 39 37 98 94 67 68 89 56 43 86 81 80 52 60 3 70 66 87 19 30 69 63 36 71 20 53 25 46 6 88 42 27 54 47 75 73 78 35 93 26 79 8 1 28 76 100 13 12 85 41 96 10 33 97 21 61 51 74 4 59 72 58 34 14 31 2 17 95 40 44 32 22 62 9 77 16 11 55 83 90 92 0 15 29 5 24 23 38 57 65 49 99 45
76 11 41 44 60 47 0 15 3 62 56 96 29 43 89 79 49 58 65 66 32 16 50 100 69 37 90 59 20 95 57 5 87 54 78 80 74 42 75 63 61 23 6 10 84 2 24 9 94 25 64 4 52 81 98 40 36 51 92 72 31 12 97 30 26 93 28 46 70 33 85 91 39 77 18 14 55 73 1 53 67 27 48 86 21 83 34 17 13 99 68 38 7 45 82 71 22 8 35 19 88
73 0 56 54 39 9 41 21 74 87 37 42 61 1 52 72 93 3 48 91 57 34 43 20 22 80 12 84 67 30 11 99 81 86 96 53 25 95 16 92 51 29 45 64 13 10 28 88 65 27 8 49 63 60 69 58 33 83 90 50 68 66 76 23 5 97 75 89 15 55 46 47 70 36 4 6 44 19 62 71 2 79 82 7 98 40 94 26 31 78 59 35 17 32 85 14 18 77 24 38 100
16 77 15 66 68 88 93 30 95 8 20 22 51 29 72 32 35 45 63 41 70 34 23 52 53 19 65 37 33 21 40 99 47 38 71 91 73 17 14 62 7 28 76 85 55 26 49 3 31 44 13 25 84 98 87 80 96 97 94 81 69 2 60 46 56 58 57 42 18 6 24 82 9 48 92 75 90 89 1 61 12 11 83 67 27 10 54 78 59 50 86 4 39 5 36 79 43 0 64 74 100
77 74 53 93 36 65 90 54 80 14 35 85 32 73 94 91 87 6 78 8 69 17 50 39 46 64 38 21 66 75 44 34 83 19 56 100 12 16 82 1 3 28 22 63 61 7 2 29 84 11 4 43 42 5 70 96 27 47 37 71 76 9 95 55 24 48 58 0 40 31 23 41 79 26 86 88 33 45 15 67 10 72 59 99 51 49 20 30 18 57 89 68 97 62 52 25 60 81 92 98 13
61 15 26 44 94 98 13 93 97 56 47 32 96 91 87 19 84 11 0 76 2 50 9 22 73 29 45 18 23 37 10 49 65 35 74 39 8 92 40 43 85 30 90 33 75 41 3 31 36 86 70 1 64 24 71 16 78 51 48 59 46 67 58 28 34 81 72 62 63 66 83 79 99 4 52 100 27 77 89 20 55 88 80 14 5 60 38 69 95 17 57 54 21 25 6 82 68 42 12 53 7
51 52 66 86 48 79 71 24 34 50 39 10 60 37 11 93 32 18 19 0 62 64 14 73 84 31 72 45 74 97 42 30 47 35 23 90 26 13 99 57 82 21 20 38 76 92 69 63 83 7 53 95 28 5 61 85 8 44 75 49 6 17 56 40 67 78 54 59 55 29 89 16 91 94 22 81 12 3 96 15 80 70 36 77 98 4 33 88 41 100 58 46 43 27 65 87 68 1 9 2 25
22 60 16 19 49 79 99 4 92 82 62 98 8 39 96 31 3 93 67 51 59 36 63 100 40 58 95 74 64 2 76 55 81 42 24 52 69 33 46 72 89 91 73 56 83 1 35 9 94 61 80 37 43 97 25 86 48 54 65 13 68 85 90 6 41 70 71 20 77 53 5 44 11 7 30 88 32 21 34 23 26 87 27 12 10 78 17 15 50 0 28 57 38 84 29 75 18 45 14 47 66
46 74 56 35 4 30 82 57 1 6 34 38 93 88 45 28 68 26 33 70 41 21 37 29 72 42 14 97 8 10 12 24 84 31 25 48 69 36 87 49 78 96 83 64 23 7 94 63 32 43 52 0 58 91 50 17 51 67 27 89 53 61 66 65 75 80 40 54 60 73 90 39 77 99 95 59 19 85 62 15 81 100 13 18 86 76 3 92 5 22 2 71 16 98 9 20 11 44 79 55 47
96 20 2 8 45 80 69 74 60 37 35 89 64 53 66 41 57 62 88 27 55 90 31 48 13 54 29 100 46 0 83 36 33 51 98 82 58 79 12 44 76 16 9 40 3 92 17 28 1 68 21 84 81 24 97 63 22 10 23 91 59 50 30 87 56 38 61 14 94 65 11 5 7 32 99 85 95 77 52 42 19 26 49 43 78 6 70 4 25 71 34 15 67 93 18 47 86 75 73 39 72
28 77 93 91 34 58 66 32 30 44 60 78 95 94 16 67 38 17 24 0 26 13 65 12 61 9 29 14 83 5 62 2 53 33 1 47 92 43 59 69 3 74 76 84 25 88 96 8 48 19 49 27 81 31 86 87 39 4 100 7 15 46 89 85 80 23 18 73 98 10 57 68 64 51 97 90 52 79 36 41 22 20 55 99 6 21 40 50 72 35 45 63 75 82 56 54 11 42 37 71 70
36 60 95 4 92 43 68 90 23 96 22 76 40 94 47 57 9 97 61 73 3 52 79 50 46 42 63 13 18 84 67 89 100 78 24 48 16 82 83 88 44 35 14 25 93 51 33 58 2 56 21 66 49 37 85 41 28 6 59 62 70 8 7 34 31 77 86 87 64 5 65 32 45 75 15 30 11 20 54 71 99 55 26 53 12 80 17 81 19 74 39 38 0 91 69 29 98 1 27 72 10
0 72 32 78 64 74 68 13 26 70 58 66 82 85 6 49 77 21 48 24 55 36 18 5 10 4 3 69 57 83 40 96 63 28 35 12 65 99 84 25 23 34 51 53 1 16 31 11 100 89 98 87 33 20 29 14 44 38 41 15 91 7 79 37 92 50 46 95 30 86 71 2 22 62 61 80 8 56 67 27 94 90 81 93 97 19 54 76 39 75 88 45 52 42 73 47 59 43 9 60 17
61 23 76 19 1 12 72 93 78 96 63 24 42 89 55 73 75 74 62 58 99 33 65 5 14 9 84 83 41 27 79 81 17 68 15 37 6 48 66 8 31 69 80 100 43 50 22 71 88 60 25 10 95 52 21 16 85 97 49 82 51 44 56 91 90 39 67 38 64 86 35 32 11 98 45 40 53 54 3 13 77 46 30 70 92 94 87 57 18 28 26 34 4 7 36 29 47 0 59 20 2
48 20 63 31 93 85 17 81 50 99 11 46 16 64 29 27 12 28 49 10 74 52 2 54 76 57 95 36 6 70 35 87 60 1 53 43 94 32 84 96 55 66 71 24 77 65 59 30 89 58 45 75 8 98 62 82 73 80 3 33 88 26 25 79 0 51 41 100 69 44 38 97 4 39 22 15 47 23 56 72 13 42 61 91 34 7 92 18 78 14 67 40 9 68 90 37 21 86 83 5 19
36 95 24 75 77 83 6 49 39 13 96 63 38 55 17 22 69 11 23 89 61 4 70 35 10 31 45 82 68 41 67 85 56 19 84 14 62 98 32 74 54 7 92 71 94 30 64 28 27 59 80 29 81 8 50 12 90 73 5 51 48 25 58 33 18 16 76 52 37 87 99 78 86 9 1 0 42 97 26 57 88 47 43 44 53 46 72 66 2 91 34 21 20 79 40 100 60 65 15 3 93
43 34 64 97 60 96 33 54 79 90 12 5 28 89 53 1 35 21 87 48 99 41 26 24 45 85 71 72 10 23 94 0 77 82 15 81 50 13 66 55 69 70 29 86 8 67 17 52 19 39 22 49 4 56 88 93 14 76 46 42 80 44 31 100 92 27 68 18 36 83 95 91 11 40 84 9 75 51 98 30 78 3 65 57 37 20 32 61 74 62 7 73 2 59 25 58 16 47 63 38 6
78 94 11 4 1 83 69 32 9 30 40 36 54 82 38 17 75 2 34 89 99 41 53 62 18 55 21 23 72 97 10 42 73 57 33 19 61 56 67 22 70 77 20 76 44 39 16 0 5 8 24 51 65 35 71 92 12 88 81 90 98 66 48 60 29 63 6 31 45 7 86 95 28 58 49 80 27 79 87 25 37 50 84 26 15 68 93 100 74 52 85 64 59 43 96 47 13 14 91 3 46
74 99 36 31 26 8 71 56 11 3 47 70 33 98 57 20 83 80 64 5 34 95 45 58 92 63 10 15 42 19 40 13 55 67 9 89 12 94 43 50 37 97 86 23 35 44 61 93 51 68 78 17 100 48 38 62 87 66 91 59 69 27 52 75 39 81 30 16 79 24 6 28 7 53 73 22 2 0 77 72 32 29 54 18 84 65 85 88 49 4 96 90 46 25 1 21 41 82 14 60 76
92 6 55 29 23 8 69 40 83 77 51 3 78 70 97 81 0 90 75 16 93 71 25 11 58 47 43 95 91 99 18 52 62 34 96 41 64 63 98 100 9 57 74 38 13 33 54 48 46 31 45 35 89 26 65 39 17 22 32 5 4 37 88 76 84 68 86 7 94 10 44 24 28 15 82 60 42 72 50 27 21 30 2 87 36 85 12 61 49 19 20 79 53 59 1 80 56 66 14 73 67
88 85 93 44 25 66 51 19 13 52 21 92 42 73 20 34 5 71 75 72 90 61 40 82 70 43 33 97 86 3 47 53 80 79 78 96 11 81 46 48 31 55 35 14 76 29 36 91 58 1 64 22 98 32 49 27 60 99 8 62 28 0 95 74 68 10 38 69 94 100 2 84 7 6 83 65 67 54 17 57 59 18 41 39 12 23 63 50 56 37 9 89 4 45 26 16 77 24 15 87 30
74 88 6 23 14 21 20 26 8 38 7 55 13 46 44 4 58 50 19 30 54 37 100 96 60 52 34 99 35 45 89 70 77 67 62 33 43 32 49 98 29 47 94 90 65 27 41 87 9 85 69 68 92 3 61 82 53 64 11 2 78 93 12 42 39 73 48 76 1 18 80 51 24 57 31 22 28 36 83 91 72 16 0 66 84 63 25 79 17 97 10 56 75 86 71 40 95 5 15 81 59
36 76 77 65 3 10 38 100 6 13 8 40 98 22 88 31 16 27 4 29 55 59 81 86 50 89 12 14 73 45 53 47 90 66 17 62 85 56 18 71 28 64 15 68 48 99 52 5 93 44 42 2 69 30 78 79 80 39 67 82 96 60 83 91 26 0 63 54 25 37 43 33 34 94 41 19 1 57 74 84 21 24 72 11 87 95 23 46 61 7 75 20 92 58 32 9 35 49 97 51 70
50 42 99 8 60 89 57 5 32 28 34 93 88 14 96 17 56 33 85 2 12 67 86 15 37 55 13 43 53 87 45 1 62 83 72 74 27 66 98 6 97 35 49 46 31 11 19 69 58 76 38 36 94 79 9 51 77 54 70 92 39 47 73 3 18 91 10 7 65 40 71 100 22 21 20 63 80 26 30 81 84 82 23 52 90 25 59 78 0 95 29 24 4 41 68 44 61 75 48 16 64
8 43 41 77 22 23 83 64 20 11 31 100 13 85 92 25 58 49 12 84 16 81 47 19 98 97 69 27 62 79 95 40 30 67 5 60 44 50 89 36 33 42 52 78 57 66 45 15 46 3 94 34 70 76 53 6 68 90 65 88 63 26 35 14 2 96 39 17 7 87 82 55 61 86 72 1 54 28 4 38 93 59 24 51 21 10 9 99 56 75 73 18 74 32 29 71 80 37 0 48 91
19 51 89 61 0 42 3 70 55 49 87 50 95 93 18 86 53 7 85 34 63 27 43 32 57 11 60 54 33 41 81 98 2 40 66 80 84 23 99 71 58 5 25 45 56 13 22 76 73 91 68 17 31 30 36 6 46 16 69 4 14 26 9 62 35 67 72 96 88 97 28 100 77 65 44 52 15 10 74 75 1 8 82 24 39 79 64 21 94 20 48 12 29 78 59 47 92 37 38 90 83
48 56 70 2 66 78 6 0 83 22 87 3 37 65 26 24 32 18 23 72 33 12 5 13 45 53 46 85 62 31 69 21 67 88 14 52 7 28 15 99 11 8 82 49 74 20 29 75 77 94 59 79 1 95 39 84 68 16 71 58 25 57 91 4 35 98 40 30 10 55 92 47 73 93 50 61 42 54 38 17 19 89 43 97 34 44 41 90 51 36 96 80 81 60 9 27 100 86 76 64 63
50 6 51 93 62 80 18 72 69 57 3 76 28 61 46 40 11 52 71 49 95 27 42 67 98 59 43 94 55 96 56 75 31 65 47 83 41 45 25 44 92 58 38 29 33 91 24 15 5 2 73 53 19 35 77 17 7 64 100 99 21 0 9 8 86 10 89 14 12 88 63 66 34 90 1 16 97 22 37 68 54 32 4 60 85 48 20 70 79 26 30 36 81 74 82 78 84 23 39 87 13
63 27 83 8 37 10 57 29 96 3 6 55 0 7 18 79 77 19 36 49 13 26 54 56 61 90 99 20 91 38 87 45 43 15 34 82 97 52 74 70 41 81 94 11 46 21 16 17 24 2 60 4 53 66 47 9 93 40 58 100 76 22 28 23 72 48 67 25 35 30 51 59 98 44 84 71 89 39 65 12 62 86 50 14 32 95 68 78 88 31 75 5 42 64 73 92 85 69 33 80 1
9 39 26 44 31 51 25 47 76 20 77 94 43 1 86 22 73 24 64 100 81 34 56 62 95 19 72 36 30 18 92 97 48 55 53 16 75 87 38 0 33 14 45 79 96 58 84 40 85 65 78 21 69 57 90 70 10 83 66 74 17 37 13 46 49 61 4 27 80 54 91 15 99 3 11 2 60 32 29 89 88 28 59 82 50 68 71 6 93 8 63 42 52 5 35 23 98 41 7 12 67
33 49 54 84 93 36 86 56 44 21 71 10 15 63 89 47 98 53 91 81 74 72 28 83 8 37 80 1 2 30 59 27 43 90 3 19 17 99 95 24 76 7 35 12 61 14 50 73 40 94 79 6 77 11 87 88 67 48 41 55 100 32 38 51 5 34 70 23 18 0 62 13 65 39 82 57 26 16 92 9 29 85 20 69 46 68 22 58 31 64 75 97 25 78 45 60 52 4 42 96 66
46 74 53 63 51 6 81 24 83 100 61 21 62 82 57 41 27 7 17 55 87 9 65 31 12 59 42 60 89 32 44 38 94 43 39 92 78 77 86 35 72 34 14 50 2 95 37 71 11 4 18 54 98 58 88 91 30 99 73 67 79 69 29 25 64 97 3 1 93 75 68 5 52 22 49 76 0 96 36 13 70 84 28 80 8 10 16 56 47 33 45 85 40 23 66 15 26 48 19 90 20
27 81 80 63 87 75 96 57 78 67 3 15 56 18 76 5 54 70 1 20 88 33 23 17 4 95 79 47 31 9 26 2 64 22 83 89 84 46 37 86 50 68 35 53 60 72 90 42 77 99 52 69 94 14 71 66 93 45 34 16 7 30 97 38 82 10 55 40 28 8 51 11 36 13 29 39 49 43 21 41 48 58 85 32 19 59 12 25 92 91 6 62 24 61 73 44 65 0 98 74 100
13 58 65 100 48 43 6 1 52 97 35 46 82 74 24 33 38 25 94 50 76 73 19 77 36 64 99 5 79 67 60 75 85 57 20 45 53 47 10 21 62 22 84 86 23 95 51 49 4 37 71 54 41 56 8 42 61 69 70 40 80 3 83 12 91 93 28 63 27 44 59 11 30 26 7 18 32 29 34 96 55 16 88 66 92 0 15 2 68 89 98 81 14 90 31 9 87 72 17 39 78
4 39 54 0 58 88 10 24 74 82 50 86 67 15 33 89 77 48 36 34 25 72 23 51 75 95 61 2 29 79 97 31 91 7 35 49 14 94 81 90 26 16 56 98 55 65 63 80 92 13 5 30 62 59 20 37 43 11 53 66 64 44 32 84 68 27 19 42 78 18 12 60 8 93 85 71 17 57 69 99 28 40 70 46 52 76 22 9 47 87 83 100 73 41 96 6 38 1 45 21 3
87 80 36 76 86 61 92 93 97 5 0 53 91 85 99 75 23 79 3 60 63 78 55 24 18 37 35 25 74 11 22 6 19 94 88 77 59 89 34 14 64 52 84 58 47 9 48 40 1 31 54 10 56 12 21 38 95 13 33 44 50 16 30 17 67 4 72 45 69 57 28 2 42 51 68 29 83 73 15 39 43 90 65 71 7 81 100 70 66 49 20 26 62 41 96 8 27 46 98 82 32
93 89 45 49 83 85 57 62 94 63 87 3 60 17 20 70 9 4 91 24 18 33 1 71 16 51 23 35 21 58 28 100 43 74 56 65 69 80 88 54 78 92 59 5 46 86 81 31 29 84 64 77 15 19 26 98 72 37 27 97 14 52 42 47 67 36 73 34 96 30 11 75 6 66 48 0 7 12 25 79 50 61 53 10 99 55 82 44 38 90 41 39 22 76 8 32 2 68 40 13 95
75 70 81 93 11 43 88 67 4 57 90 5 39 83 7 89 1 30 9 82 28 95 41 77 6 84 40 14 68 10 97 34 0 94 16 35 22 24 49 63 37 48 62 27 66 2 52 3 58 20 47 17 8 19 50 80 98 21 61 54 23 87 51 33 64 56 86 18 65 31 96 99 71 45 72 100 29 73 53 79 32 69 15 36 13 55 44 38 91 59 85 78 74 92 25 76 42 46 26 60 12
98 8 6 85 4 46 60 13 20 0 22 33 74 92 43 23 68 38 25 82 76 21 11 45 96 5 58 77 42 90 49 99 70 16 80 50 63 44 75 24 40 71 2 27 18 83 57 12 88 69 72 48 66 14 65 47 61 52 91 7 10 67 32 56 87 9 15 19 37 94 29 41 34 54 73 51 62 59 93 79 97 89 78 28 55 84 1 31 100 17 81 35 53 26 30 95 39 64 3 36 86
2 16 24 49 87 38 23 30 44 11 97 83 40 85 71 66 59 54 80 47 90 5 10 17 12 99 13 14 25 93 21 18 29 53 74 95 100 46 4 3 26 88 72 86 57 61 65 32 19 89 42 69 91 48 64 28 52 43 79 51 70 81 50 63 6 68 39 94 9 41 62 0 78 55 67 75 33 35 27 58 60 34 77 76 31 8 45 20 56 96 92 98 7 37 15 84 1 82 73 36 22
15 10 44 83 87 56 20 34 60 42 14 57 36 85 47 37 63 91 9 79 39 45 27 21 94 50 67 2 41 93 55 51 24 80 12 88 75 64 81 0 70 25 22 66 73 26 84 19 16 76 43 18 82 74 89 71 52 5 90 17 58 65 77 7 11 23 31 46 13 6 38 92 61 72 40 32 97 68 28 95 49 35 1 59 33 100 3 4 98 69 53 99 54 29 62 78 48 86 96 8 30
37 45 9 87 30 71 31 26 80 40 77 56 29 43 5 62 68 18 94 57 97 10 15 51 92 90 34 52 95 67 28 1 65 91 23 78 35 86 48 36 93 46 6 96 42 11 59 76 24 74 41 25 60 50 19 54 39 72 75 98 33 81 13 49 84 12 44 83 85 79 61 100 16 99 21 22 4 3 73 88 32 53 89 2 82 66 58 69 8 47 70 38 0 17 14 55 20 27 7 63 64
39 7 80 58 22 38 87 55 81 18 23 90 47 61 26 35 93 10 66 33 95 94 19 70 46 48 4 64 73 43 65 41 21 82 85 6 27 57 78 89 1 54 40 15 13 5 76 83 2 49 69 51 67 29 71 75 0 42 97 59 17 28 25 68 34 31 16 53 88 62 92 32 96 100 79 98 63 30 72 99 52 91 60 50 3 36 74 8 37 14 20 12 44 11 9 84 56 86 24 77 45
64 0 63 15 69 95 18 71 76 87 90 68 22 84 31 11 26 28 29 7 30 37 100 44 42 19 98 62 92 33 70 91 58 40 85 99 3 24 14 82 21 43 5 46 49 23 1 88 50 66 27 6 54 97 17 81 45 32 77 38 75 65 83 2 25 10 51 20 57 35 13 86 60 80 39 36 73 59 61 53 55 89 12 93 9 72 52 48 56 94 74 96 41 34 8 47 16 67 78 4 79
47 94 31 34 37 57 35 81 72 68 74 64 87 60 84 46 79 21 12 5 53 61 38 42 97 8 56 23 9 85 100 32 2 75 62 17 89 7 88 13 15 48 73 80 78 91 52 40 25 69 66 58 51 4 20 16 55 30 22 28 44 95 92 6 39 67 82 59 76 36 0 71 93 98 11 63 50 19 65 24 43 45 99 18 1 14 54 49 3 41 26 77 83 96 33 90 29 27 86 10 70
74 100 24 82 58 52 97 41 7 88 26 61 3 1 78 68 75 23 25 11 98 53 51 59 45 17 32 42 6 13 81 28 63 14 12 60 33 55 43 79 69 30 77 39 49 47 62 50 92 18 5 0 65 31 35 76 40 86 95 94 15 46 73 22 54 21 89 48 36 29 57 90 85 38 84 83 66 96 4 70 71 93 37 56 72 2 27 64 10 87 44 91 19 80 67 16 99 8 20 34 9
55 76 12 16 90 56 36 100 27 31 73 97 79 85 82 74 86 38 99 60 81 40 47 59 17 29 37 23 62 57 61 11 67 28 50 9 52 33 7 34 65 30 66 49 1 58 98 45 89 20 78 83 54 32 25 84 69 64 80 46 87 71 70 72 0 44 94 21 96 75 43 8 77 93 24 14 22 88 68 3 19 10 26 51 5 95 18 41 6 4 15 53 92 39 91 42 13 35 2 63 48
59 0 8 71 38 52 51 57 6 49 31 17 93 24 34 23 83 5 41 56 78 11 77 20 37 30 100 99 14 75 61 39 89 22 70 32 87 64 91 40 44 36 73 3 47 80 92 7 2 84 67 90 55 10 12 85 46 35 50 79 42 16 81 63 9 29 65 21 28 76 88 33 58 74 66 43 60 18 72 54 69 4 82 94 97 19 15 13 86 95 98 48 25 62 27 45 68 26 1 53 96
100 51 91 31 81 47 44 5 37 41 32 42 22 95 9 34 0 14 56 52 13 97 63 72 79 87 55 93 39 16 30 43 17 82 35 76 58 10 6 20 96 89 36 3 77 69 45 60 54 4 27 80 7 38 8 26 46 98 75 53 86 11 33 83 23 74 90 65 24 62 25 99 50 1 84 92 71 78 21 73 88 12 85 15 94 57 59 67 2 48 68 29 66 49 28 18 19 64 70 61 40
73 71 12 80 47 3 44 84 51 7 17 14 69 64 74 89 13 83 16 79 90 27 37 4 100 91 56 15 97 25 86 22 85 92 65 67 24 63 54 48 39 76 2 58 81 94 20 23 9 28 21 61 52 50 1 26 19 0 88 72 99 70 59 77 6 55 31 32 36 34 35 5 57 8 82 46 33 30 18 49 38 29 43 87 10 96 93 66 41 53 42 75 98 62 11 60 68 45 95 40 78
91 92 41 18 7 53 27 79 51 64 21 9 36 57 22 13 14 84 69 38 52 12 45 87 40 81 65 37 78 34 80 20 93 59 19 61 39 99 58 100 55 47 23 54 24 6 46 2 25 15 50 43 70 98 4 94 86 67 31 28 0 5 44 85 60 3 17 1 8 26 35 74 32 82 10 63 62 95 77 16 68 90 88 96 76 30 42 75 11 56 33 29 73 49 89 83 66 72 71 48 97
78 60 74 64 9 10 86 21 89 55 51 1 16 22 98 50 19 31 59 41 93 38 63 91 87 77 5 28 25 53 37 36 70 40 14 62 65 46 100 17 43 80 99 30 32 12 15 2 13 45 52 83 61 94 73 58 69 82 47 76 88 34 75 57 20 81 3 66 67 0 48 18 79 23 4 6 54 85 29 35 39 56 42 72 27 24 95 8 84 71 11 44 97 49 96 7 68 33 26 90 92
46 84 8 89 5 38 94 25 71 81 90 24 70 73 7 17 37 6 98 61 36 78 30 15 100 14 55 51 56 16 82 43 87 40 80 57 42 31 3 41 68 20 19 83 76 86 45 33 52 35 54 67 59 93 77 50 95 96 63 92 91 47 60 0 21 69 2 72 99 48 49 10 4 23 44 79 34 11 22 65 66 13 32 75 53 27 12 28 18 1 26 39 62 9 29 85 97 58 64 74 88
50 46 7 18 47 30 75 36 67 8 71 59 23 14 72 53 24 89 73 51 43 25 22 95 32 92 20 52 65 76 66 55 77 16 2 0 33 19 57 13 83 48 64 1 10 29 56 70 87 31 49 62 79 9 28 12 41 85 39 94 88 68 99 5 54 84 82 97 63 44 35 78 100 6 3 38 69 17 61 91 11 37 93 21 74 96 34 45 15 58 27 90 60 86 98 26 80 40 81 4 42
20 65 58 10 68 49 72 82 37 5 22 31 7 90 0 61 44 93 85 41 30 63 94 71 62 88 92 86 80 21 3 26 13 36 39 19 54 50 98 33 97 64 46 34 69 4 55 15 47 87 78 48 53 60 74 81 23 6 99 8 59 84 76 89 17 38 70 45 25 40 57 91 51 2 35 18 42 14 66 67 29 1 73 56 83 16 75 52 95 77 100 32 43 12 96 27 28 9 11 24 79
99 8 30 84 67 0 24 44 18 98 19 76 92 90 82 26 74 97 61 23 80 22 66 94 37 9 38 65 63 4 35 86 75 33 10 20 88 96 53 28 17 57 51 60 25 29 11 36 77 12 15 48 56 54 55 50 62 1 13 89 16 69 14 43 52 41 59 78 47 70 5 91 46 68 21 45 42 27 81 71 64 6 32 58 85 31 93 83 7 39 40 100 87 79 34 2 3 72 95 73 49
19 22 1 8 36 48 5 73 15 24 80 9 41 99 29 23 31 60 10 100 65 26 57 95 93 77 30 94 53 61 58 20 82 27 55 4 63 66 98 7 70 34 90 78 83 43 14 50 67 92 54 44 68 38 33 16 88 25 69 76 79 97 81 46 39 72 75 96 59 74 42 91 40 13 45 86 21 85 17 3 0 18 84 11 71 6 64 56 52 35 51 47 62 87 28 49 32 12 89 37 2
82 80 39 55 63 26 65 40 29 54 4 11 15 49 5 83 56 36 22 92 62 59 91 73 77 38 68 66 85 90 43 44 1 23 24 18 8 74 14 94 28 75 35 12 33 42 64 60 81 47 0 31 58 51 53 69 19 20 2 87 25 17 45 13 79 52 88 71 48 50 96 78 86 9 16 27 41 93 32 67 100 98 95 76 10 30 37 7 57 6 46 61 72 70 3 21 97 84 34 89 99
20 64 36 60 94 62 55 92 61 87 58 65 15 12 28 81 41 97 21 82 75 37 50 44 57 69 27 11 95 43 10 85 2 35 32 48 47 98 66 0 93 96 1 72 70 26 22 29 83 23 91 24 68 31 80 89 74 16 8 3 17 14 67 7 86 52 90 78 76 13 84 77 71 40 33 59 49 38 34 100 56 51 53 79 73 45 9 99 18 42 46 63 25 6 54 30 88 4 19 5 39
80 32 87 75 58 21 77 42 64 38 30 45 13 18 50 24 89 5 49 9 78 46 94 96 82 55 52 15 27 37 81 12 86 100 25 14 31 35 79 34 56 10 85 84 98 1 20 11 40 83 8 53 93 54 33 99 43 51 6 65 88 70 44 0 68 7 36 92 29 67 69 28 91 16 71 48 39 57 17 60 59 22 76 3 97 41 72 61 26 74 73 62 95 66 63 19 2 23 4 47 90
83 47 27 18 73 24 21 46 42 93 51 3 12 77 57 26 20 37 17 60 31 65 39 50 80 55 13 79 14 32 75 96 25 58 92 29 52 78 100 56 68 4 49 22 53 74 28 6 76 97 71 84 59 98 1 90 5 35 89 61 45 82 64 48 99 36 41 94 85 19 23 95 62 88 70 38 81 33 9 16 72 43 69 8 63 0 91 87 10 44 86 7 67 34 15 30 66 54 2 11 40
68 55 38 35 17 48 73 32 27 82 33 45 57 39 63 53 6 99 81 2 64 0 54 72 52 41 79 3 15 47 13 5 37 4 85 24 91 65 28 34 44 62 88 46 50 18 74 92 70 40 1 77 11 8 16 61 56 60 36 14 30 83 71 69 90 7 97 93 22 67 29 84 31 26 21 20 43 86 94 75 42 98 100 76 49 87 96 19 12 10 23 25 66 95 78 59 80 89 58 9 51
58 67 15 95 63 60 22 10 0 83 31 51 30 16 11 98 38 78 27 53 32 2 93 17 5 39 47 91 50 73 97 21 85 24 7 68 64 14 71 77 29 90 80 42 33 37 8 57 99 49 92 43 25 18 62 23 41 89 4 94 26 20 76 6 9 66 70 81 3 35 13 19 100 87 69 54 12 84 44 75 61 65 74 59 56 48 88 52 86 45 82 79 40 1 72 55 34 28 46 36 96
89 8 92 55 57 4 84 95 74 94 61 69 54 53 21 39 48 32 13 14 22 30 35 81 44 45 26 67 52 90 76 63 66 17 9 85 68 36 24 2 6 83 59 51 20 1 82 29 11 46 49 98 16 50 33 100 73 27 80 58 28 12 62 18 34 42 78 60 71 77 87 72 43 41 0 97 3 40 86 5 91 7 37 65 93 79 23 56 99 75 10 31 15 96 47 88 38 25 19 70 64
9 6 23 8 65 40 2 45 78 59 54 22 68 100 20 50 24 92 49 18 13 0 29 67 1 14 16 17 81 51 58 82 25 83 4 62 52 46 32 84 48 90 88 56 26 75 97 64 69 74 5 61 31 70 94 44 60 3 91 99 39 19 63 89 73 93 80 86 15 96 57 7 27 98 36 41 79 71 47 87 76 21 38 33 10 43 72 53 34 95 77 42 55 37 85 30 11 12 66 28 35
38 80 75 63 39 8 46 86 73 25 14 15 3 61 62 99 93 19 97 54 29 12 33 28 87 26 67 1 83 24 48 85 78 68 37 2 16 65 49 20 76 94 52 21 5 9 64 17 44 84 11 60 88 47 36 23 13 71 92 6 40 51 22 56 43 90 98 30 91 77 42 34 0 10 74 89 58 35 96 81 31 100 27 32 53 72 82 7 57 70 45 50 95 4 18 79 66 69 41 55 59
30 78 0 7 77 52 94 100 56 17 10 16 70 58 39 88 93 76 40 51 47 81 73 57 19 3 86 33 54 97 12 1 21 83 35 32 36 69 65 8 9 42 2 99 59 24 15 44 84 67 66 4 61 60 80 27 92 63 48 29 87 50 53 82 31 71 28 72 37 41 38 90 46 11 22 45 14 6 55 64 79 89 75 98 95 85 23 43 96 5 91 49 13 68 74 62 20 26 18 25 34
78 13 85 10 26 81 28 77 86 48 37 62 43 57 76 87 45 83 88 32 5 71 24 58 2 18 63 11 25 91 33 99 93 74 80 89 41 55 42 56 17 19 70 6 94 72 50 7 27 61 1 98 79 4 100 22 39 8 73 64 53 14 84 96 90 40 54 23 75 66 65 34 16 9 21 30 46 44 36 0 35 60 59 69 15 38 95 3 67 52 31 97 82 92 12 20 51 47 68 29 49
33 2 43 19 98 97 1 88 27 78 21 13 5 91 50 4 64 14 67 29 79 61 56 22 83 35 89 20 16 82 47 93 51 59 11 40 90 23 49 53 17 37 54 55 96 9 48 32 63 45 95 15 72 85 81 12 77 60 86 99 8 68 34 70 100 18 57 62 44 66 69 38 74 41 52 71 39 10 42 7 87 0 80 26 36 75 58 6 31 76 65 92 30 84 46 24 3 25 28 94 73
91 10 27 18 83 14 40 82 42 73 89 74 53 64 90 4 67 34 43 60 31 94 57 7 37 38 9 72 45 19 23 41 20 50 8 25 55 44 28 75 29 39 49 61 63 80 3 26 85 68 58 77 54 17 48 62 22 0 46 92 79 100 32 76 11 78 12 1 30 33 93 95 35 88 84 6 98 5 2 15 59 96 24 97 52 36 65 16 13 56 66 87 21 47 51 99 69 70 81 86 71
18 72 68 7 49 21 34 96 4 1 2 61 69 70 90 31 94 97 86 23 78 5 0 79 53 50 43 77 84 33 22 26 88 8 93 14 89 35 99 16 28 60 29 64 3 65 80 37 92 83 48 95 71 10 12 58 52 51 19 91 66 24 11 27 42 25 82 67 76 40 15 56 46 39 73 85 98 47 74 17 36 45 13 55 32 44 9 6 75 87 100 30 54 81 62 20 38 57 41 59 63
10 86 62 74 82 59 27 8 63 98 28 17 23 99 58 15 57 55 69 54 61 68 4 38 50 25 73 48 70 19 94 100 64 20 60 2 21 92 35 24 43 41 44 34 71 51 37 85 52 79 56 40 13 72 97 78 65 46 90 49 83 42 96 88 0 11 22 66 67 7 89 77 84 45 33 87 32 26 53 76 31 47 39 81 16 14 6 29 9 1 93 75 30 3 18 12 95 91 36 5 80
70 25 2 40 64 39 80 60 99 75 52 85 78 34 7 36 67 23 0 87 89 37 5 4 50 93 8 74 95 28 45 92 35 62 18 58 81 29 94 22 41 47 44 24 33 46 19 3 16 51 72 69 73 21 68 96 38 86 15 13 65 56 10 26 49 14 100 59 9 61 48 57 91 55 11 76 32 84 1 43 17 83 97 88 82 27 6 98 31 77 20 53 71 63 30 90 54 66 42 12 79
18 7 50 54 24 5 62 91 17 73 52 45 51 55 27 39 61 90 92 84 88 89 70 34 40 29 58 43 59 71 28 86 13 22 60 82 11 0 16 15 67 100 96 79 25 95 74 85 3 19 21 65 23 37 63 26 6 78 1 20 69 81 44 76 98 4 99 35 80 14 42 41 31 56 66 48 30 64 33 94 38 57 8 9 72 32 46 87 36 53 68 10 49 2 77 97 47 83 12 75 93
80 1 7 63 35 45 71 31 65 94 34 19 61 90 87 29 33 58 21 64 22 79 55 78 82 23 15 0 24 49 11 48 60 69 16 86 89 28 57 98 20 27 43 14 32 46 92 36 44 42 85 56 95 54 6 50 74 13 68 30 8 4 66 72 25 77 41 96 2 17 93 81 62 3 18 67 38 73 100 97 51 70 40 99 88 84 9 37 75 10 26 91 47 52 12 76 39 59 5 83 53
16 77 82 37 30 40 79 81 4 42 29 63 88 69 65 68 91 44 35 72 59 8 60 20 83 47 86 62 87 25 33 89 19 1 95 66 99 94 84 64 58 76 92 14 41 90 55 17 5 78 48 31 49 28 98 32 21 96 3 2 39 9 56 54 85 27 46 6 67 11 70 0 73 22 15 12 52 23 34 61 74 93 10 7 53 51 57 71 13 24 43 75 36 80 97 38 18 26 100 50 45
51 73 55 34 82 24 63 86 57 49 39 3 84 44 36 54 13 71 93 91 37 40 69 97 20 78 56 45 5 64 17 22 48 19 25 4 10 62 23 70 61 96 68 7 12 94 18 72 28 67 11 27 88 98 30 85 6 14 74 31 76 95 100 0 38 90 77 79 75 87 42 46 66 89 80 92 29 53 35 47 15 43 1 9 99 65 2 26 8 59 81 41 83 52 33 60 16 50 21 58 32
92 98 84 19 51 53 58 65 7 33 31 55 0 34 88 18 14 44 67 66 39 78 40 90 97 89 16 57 68 21 42 83 45 20 73 72 15 30 32 1 93 82 4 62 79 76 25 48 80 70 64 100 49 95 59 12 52 46 74 5 8 6 75 27 50 9 36 85 61 77 38 2 81 13 23 10 22 37 35 28 3 29 63 56 47 94 87 69 11 71 91 24 86 26 43 60 17 54 96 99 41
35 91 51 12 84 95 60 2 64 13 42 16 19 59 4 82 33 1 6 20 53 100 28 94 55 67 97 15 61 71 23 62 46 11 26 0 21 54 58 8 37 77 18 92 65 27 56 40 99 14 7 3 41 48 9 43 24 38 70 32 44 85 50 52 25 30 45 68 57 80 5 73 10 36 66 75 87 69 98 79 93 90 76 74 88 78 47 31 22 81 29 17 86 49 89 96 34 63 72 39 83
93 95 68 76 34 55 36 60 41 69 65 57 31 53 52 19 84 3 49 88 9 80 44 75 82 97 50 25 74 87 30 1 96 54 17 27 4 99 7 89 73 11 98 62 77 45 32 20 2 83 22 86 26 71 6 100 0 15 40 81 33 59 24 56 67 35 12 61 79 46 43 94 23 42 51 63 70 90 72 58 10 85 64 39 66 37 91 13 16 48 47 14 5 21 78 28 29 38 92 8 18
