-7 97 -63 21 -79 96 -37 -20 62 -12
-62 -76 -93 7 64 65 -35 -55 46 -43
-16 -86 -35 81 -79 -2 51 99 92 -83
69 96 -87 49 81 -62 3 -59 -69 71
-92 -82 65 -92 79 -86 -37 -3 -94 2
94 94 9 -10 -33 18 -46 -6 -29 24
-52 91 -21 29 34 -1 -97 -57 -38 14
-80 59 92 -68 81 -17 -87 -41 -80 23
-71 47 22 88 74 59 -10 -3 -89 -83
66 -80 -66 95 39 58 89 -9 46 5
65 -41 -69 87 -14 -79 45 -60 75 -79
-40 89 1 71 -85 -62 -17 -38 -77 -76
71 -24 91 75 -4 92 92 57 -92 68
-21 -96 70 27 -13 -48 -20 57 54 -85
-56 -94 71 67 69 91 78 0 45 51
9 -50 88 -62 84 -87 -14 12 0 37
-64 -28 30 -14 -11 78 -8 96 -26 -9
40 41 33 90 -21 62 46 86 -34 -40
30 -8 -44 89 3 -33 77 -35 -5 -71
54 -60 -66 27 -16 36 -1 -82 -4 91
-97 -27 -76 63 -24 16 25 47 -67 -55
69 -64 -20 -53 87 43 -81 -22 34 62
-91 -96 -57 -44 13 7 15 52 -72 -40
-77 80 98 -79 32 58 -98 83 66 -63
53 57 69 -38 -94 -15 38 58 -96 -1
-98 -45 -6 13 -22 24 40 -9 -75 -35
-54 -50 15 88 25 -69 79 -89 -52 28
19 -93 -27 -3 20 -6 -37 -79 3 94
16 98 -72 61 -62 -75 55 -81 -72 98
78 -61 -17 -10 -16 44 -50 79 -2 5
-62 -14 83 9 63 26 -24 18 -27 90
-2 15 -95 56 58 -55 11 -78 -62 67
-93 52 54 58 -60 61 0 -93 -16 87
-44 -21 40 77 12 39 17 -58 -72 79
-98 73 6 87 59 -4 19 -5 2 -94
94 -8 92 67 -22 -21 87 83 48 -28
-39 84 -91 5 -74 -98 65 -41 -18 3
99 13 -19 77 63 -36 -53 29 -39 -95
52 43 -79 -27 35 13 -75 8 26 16
-83 61 -5 50 38 28 8 67 -6 -23
-84 -94 32 24 -25 32 65 47 -31 -74
16 -68 -28 -63 5 37 -40 -6 26 99
-99 -36 84 7 -66 44 38 -20 33 88
54 6 10 67 40 17 27 -90 -83 64
16 -74 -47 12 -62 29 -2 -66 78 -91
79 14 88 3 30 -78 -10 26 -99 -28
-6 39 -54 -63 -5 5 -93 -74 -73 -30
15 59 52 -50 19 25 -38 36 -53 28
-48 -83 96 51 37 76 -6 16 61 -64
67 14 72 54 35 -94 -36 -81 46 58
-66 65 67 31 -33 -24 25 -74 -30 -26
-15 -61 81 -16 72 -32 -41 -2 82 2
21 48 78 3 -32 35 -95 48 73 26
-3 47 -58 -25 83 67 7 5 66 67
-74 51 40 -25 -91 -89 72 72 -50 7
-16 90 0 -72 86 93 -6 48 -51 14
92 74 82 -27 -68 72 -22 42 55 -99
-3 -42 -6 -97 -77 -30 -96 -13 -66 69
-2 98 -2 57 -84 80 -30 62 97 15
41 -23 -96 22 -95 0 -75 79 -97 -83
42 60 -52 -76 68 61 92 47 47 35
-63 -91 14 19 -84 25 26 5 -19 -82
8 31 -2 76 -60 43 80 83 72 77
-64 68 -61 39 -46 40 -91 -55 66 -80
-89 16 60 51 -64 -95 48 15 85 -80
-99 -41 -66 -28 12 69 0 -13 -19 -78
-8 53 -24 91 -73 12 -30 12 -63 -42
40 -8 6 11 -98 26 -29 33 -5 34
-76 -36 1 56 -73 -74 60 92 65 67
57 -87 -52 4 -46 -49 -83 13 59 -26
-32 -59 38 -77 0 2 -77 99 -16 -33
-9 74 64 68 -42 46 49 27 24 14
74 -79 -68 63 -99 -97 26 94 -69 -88
-94 88 -75 -79 -18 64 -11 -73 -12 67
-44 59 -74 -22 47 79 -11 -90 26 -57
25 -47 66 71 -8 21 -37 5 85 -78
-17 -26 51 -69 -39 92 -24 -31 82 60
-82 -56 4 96 7 -5 34 42 -6 -72
-71 62 13 -98 -50 -33 -96 83 8 32
35 1 12 -17 -76 78 -50 -37 -24 -27
-62 90 -72 96 86 -61 51 12 27 -37
23 -73 93 -71 -39 98 54 -25 -36 51
74 -89 -63 27 -43 -57 -10 -34 -2 17
97 64 -17 98 72 -80 36 27 -54 35
47 -50 -48 75 -95 -5 54 12 3 23
-39 -92 -2 4 -13 25 -45 16 -17 -6
-88 -47 28 65 -28 -39 -66 10 58 23
-61 20 -96 -39 23 -12 36 -45 -87 22
-89 75 -49 -88 -58 25 -9 -81 6 -35
40 19 29 -19 50 19 -32 35 -60 73
-94 -28 43 -83 -81 9 -49 17 -81 51
19 42 -94 -31 78 87 59 81 85 39
11 79 -86 96 30 10 19 -88 -41 -30
54 -10 62 95 6 -86 45 -48 -72 -17
62 -21 -95 39 60 91 39 -89 -15 50
-27 -74 -66 50 0 85 -85 38 70 -9
-22 50 38 22 69 45 -32 9 -49 4
22 32 50 -47 89 70 -4 -28 -2 74
58 62 -28 -59 65 -70 -49 -20 -11 64
-14 -88 -35 -63 -35 -43 65 76 84 -97
